 L    0.1145458000000000E+01
 P (  0.0000000000000000E+00,  0.0000000000000000E+00,  0.9555200000000000E-01)
 A (  0.0000000000000000E+00,  0.0000000000000000E+00,  0.0000000000000000E+00)
     I  COEFFICIENT            ORDER EXPONENTS
     1  0.9419002332054330E-04   0   0 0  0 0  0 0  0 0
     2   1.344915320968730       1   1 0  0 0  0 0  0 0
     3   1.452020966395600       1   0 1  0 0  0 0  0 0
     4  0.1027179945104696E-04   1   0 0  1 0  0 0  0 0
     5  0.9013475514753297E-05   1   0 0  0 1  0 0  0 0
     6  -.7215075133888982E-06   1   0 0  0 0  0 1  0 0
     7  -.7205365425811418E-06   1   0 0  0 0  0 0  1 0
     8  0.1442044057344116E-05   1   0 0  0 0  0 0  0 1
     9  -.8135430292373388E-01   2   2 0  0 0  0 0  0 0
    10  -.1456178431212443       2   1 1  0 0  0 0  0 0
    11  -.6552571171038697E-01   2   0 2  0 0  0 0  0 0
    12  0.3150733105945724E-03   2   1 0  1 0  0 0  0 0
    13  0.8783269419405461E-04   2   0 1  1 0  0 0  0 0
    14  0.6726210370666164E-01   2   0 0  2 0  0 0  0 0
    15  0.2892701673346526E-03   2   1 0  0 1  0 0  0 0
    16  0.1123836059700085E-03   2   0 1  0 1  0 0  0 0
    17  0.1202809557178731       2   0 0  1 1  0 0  0 0
    18  0.5417930659172687E-01   2   0 0  0 2  0 0  0 0
    19  -.1807299754450611       2   1 0  0 0  0 1  0 0
    20  -.8866934006368913       2   0 1  0 0  0 1  0 0
    21  -.5463290098875354E-05   2   0 0  1 0  0 1  0 0
    22  -.9327866169165620E-05   2   0 0  0 1  0 1  0 0
    23  -.1804867575616161       2   1 0  0 0  0 0  1 0
    24  -.8855001304467278       2   0 1  0 0  0 0  1 0
    25  -.5455937860536246E-05   2   0 0  1 0  0 0  1 0
    26  -.9315313166482282E-05   2   0 0  0 1  0 0  1 0
    27  0.3612167330244988       2   1 0  0 0  0 0  0 1
    28  0.3201725647063078       2   0 1  0 0  0 0  0 1
    29  0.1091921396955225E-04   2   0 0  1 0  0 0  0 1
    30  0.9629690485873961E-05   2   0 0  0 1  0 0  0 1
    31  0.4775840553520360E-06   2   0 0  0 0  0 2  0 0
    32  0.2343297397036661E-06   2   0 0  0 0  0 1  1 0
    33  0.4767836701480652E-06   2   0 0  0 0  0 0  2 0
    34  -.4680446618526268E-06   2   0 0  0 0  0 1  0 1
    35  -.4674147894049888E-06   2   0 0  0 0  0 0  1 1
    36  -.2532891046190793E-06   2   0 0  0 0  0 0  0 2
    37  0.3214818884263226       3   3 0  0 0  0 0  0 0
    38   2.343804504340217       3   2 1  0 0  0 0  0 0
    39   3.832599149476428       3   1 2  0 0  0 0  0 0
    40   2.512721043002920       3   0 3  0 0  0 0  0 0
    41  -.6851914601104949E-02   3   2 0  1 0  0 0  0 0
    42  -.1218941239301905E-01   3   1 1  1 0  0 0  0 0
    43  -.5436217329007944E-02   3   0 2  1 0  0 0  0 0
    44  -.7477637214476169       3   1 0  2 0  0 0  0 0
    45  0.2387849947679733       3   0 1  2 0  0 0  0 0
    46  0.1861028400126280E-02   3   0 0  3 0  0 0  0 0
    47  -.6184268990561041E-02   3   2 0  0 1  0 0  0 0
    48  -.1108148547092504E-01   3   1 1  0 1  0 0  0 0
    49  -.4973846696007854E-02   3   0 2  0 1  0 0  0 0
    50  -1.886195031503803       3   1 0  1 1  0 0  0 0
    51  -.3775408524169676       3   0 1  1 1  0 0  0 0
    52  0.4997623562455960E-02   3   0 0  2 1  0 0  0 0
    53  -.7263450899335386       3   1 0  0 2  0 0  0 0
    54  0.5261517272063048       3   0 1  0 2  0 0  0 0
    55  0.4514974249379626E-02   3   0 0  1 2  0 0  0 0
    56  0.1376925144293405E-02   3   0 0  0 3  0 0  0 0
    57  0.4641520537272484E-01   3   2 0  0 0  0 1  0 0
    58  0.1557779631025638       3   1 1  0 0  0 1  0 0
    59  0.1027857414619630       3   0 2  0 0  0 1  0 0
    60  -.2082868669637496E-03   3   1 0  1 0  0 1  0 0
    61  -.1192337251922450E-03   3   0 1  1 0  0 1  0 0
    62  -.3215612166254922E-01   3   0 0  2 0  0 1  0 0
    63  -.3570795548058686E-03   3   1 0  0 1  0 1  0 0
    64  -.2179782910986006E-03   3   0 1  0 1  0 1  0 0
    65  -.1174663005244233       3   0 0  1 1  0 1  0 0
    66  -.7994786234920709E-01   3   0 0  0 2  0 1  0 0
    67  0.4635274197680713E-01   3   2 0  0 0  0 0  1 0
    68  0.1555683244613817       3   1 1  0 0  0 0  1 0
    69  0.1026474172552278       3   0 2  0 0  0 0  1 0
    70  -.2080065643144102E-03   3   1 0  1 0  0 0  1 0
    71  -.1190732660641721E-03   3   0 1  1 0  0 0  1 0
    72  -.3211284746948129E-01   3   0 0  2 0  0 0  1 0
    73  -.3565990139695876E-03   3   1 0  0 1  0 0  1 0
    74  -.2176849461874010E-03   3   0 1  0 1  0 0  1 0
    75  -.1173082199131726       3   0 0  1 1  0 0  1 0
    76  -.7984027228386978E-01   3   0 0  0 2  0 0  1 0
    77  -.9276809902642075E-01   3   2 0  0 0  0 0  0 1
    78  -.1657286892408376       3   1 1  0 0  0 0  0 1
    79  -.7438183279494728E-01   3   0 2  0 0  0 0  0 1
    80  0.4158494463363522E-03   3   1 0  1 0  0 0  0 1
    81  0.1500137005962150E-03   3   0 1  1 0  0 0  0 1
    82  0.6426907618730304E-01   3   0 0  2 0  0 0  0 1
    83  0.4239475884680867E-03   3   1 0  0 1  0 0  0 1
    84  0.2104160754766525E-03   3   0 1  0 1  0 0  0 1
    85  0.1144937322083100       3   0 0  1 1  0 0  0 1
    86  0.5142958563179005E-01   3   0 0  0 2  0 0  0 1
    87  0.1396736005913064       3   1 0  0 0  0 2  0 0
    88  0.7484899675335275       3   0 1  0 0  0 2  0 0
    89  0.4274641676867376E-05   3   0 0  1 0  0 2  0 0
    90  0.9590173792718140E-05   3   0 0  0 1  0 2  0 0
    91  0.9872745828298871E-01   3   1 0  0 0  0 1  1 0
    92  0.6106570525005995       3   0 1  0 0  0 1  1 0
    93  0.3050365994519217E-05   3   0 0  1 0  0 1  1 0
    94  0.9802682022503786E-05   3   0 0  0 1  0 1  1 0
    95  0.1394192030619731       3   1 0  0 0  0 0  2 0
    96  0.7470717882693391       3   0 1  0 0  0 0  2 0
    97  0.4266836546220027E-05   3   0 0  1 0  0 0  2 0
    98  0.9570671795074043E-05   3   0 0  0 1  0 0  2 0
    99  -.1973449095940071       3   1 0  0 0  0 1  0 1
   100  -.3342507853065363       3   0 1  0 0  0 1  0 1
   101  -.6065877266319668E-05   3   0 0  1 0  0 1  0 1
   102  -.1019558969395027E-04   3   0 0  0 1  0 1  0 1
   103  -.1970793321152184       3   1 0  0 0  0 0  1 1
   104  -.3338009663523645       3   0 1  0 0  0 0  1 1
   105  -.6057714094569536E-05   3   0 0  1 0  0 0  1 1
   106  -.1018186894984165E-04   3   0 0  0 1  0 0  1 1
   107  0.1660381786041915E-01   3   1 0  0 0  0 0  0 2
   108  0.1385338565990657E-01   3   0 1  0 0  0 0  0 2
   109  0.5662444105726245E-06   3   0 0  1 0  0 0  0 2
   110  0.5308269122035215E-06   3   0 0  0 1  0 0  0 2
   111  -.3547394975244816E-06   3   0 0  0 0  0 3  0 0
   112  -.1092994368979770E-06   3   0 0  0 0  0 2  1 0
   113  -.1097939256409298E-06   3   0 0  0 0  0 1  2 0
   114  -.3539499642887137E-06   3   0 0  0 0  0 0  3 0
   115  0.2182131899888077E-06   3   0 0  0 0  0 2  0 1
   116  -.3085672272270881E-07   3   0 0  0 0  0 1  1 1
   117  0.2179402916699114E-06   3   0 0  0 0  0 0  2 1
   118  0.2652355179107044E-06   3   0 0  0 0  0 1  0 2
   119  0.2648785764508344E-06   3   0 0  0 0  0 0  1 2
   120  -.7859909286013130E-08   3   0 0  0 0  0 0  0 3
   121  -8.256666956858508       4   4 0  0 0  0 0  0 0
   122  -30.33379238532150       4   3 1  0 0  0 0  0 0
   123  -42.08839977479668       4   2 2  0 0  0 0  0 0
   124  -26.20232984660312       4   1 3  0 0  0 0  0 0
   125  -6.187562986024291       4   0 4  0 0  0 0  0 0
   126  -.4678149027694627E-02   4   3 0  1 0  0 0  0 0
   127  -.1231847596626975E-01   4   2 1  1 0  0 0  0 0
   128  -.1112965244668118E-01   4   1 2  1 0  0 0  0 0
   129  -.3465358023138585E-02   4   0 3  1 0  0 0  0 0
   130   39.94469937334524       4   2 0  2 0  0 0  0 0
   131   71.02359039214213       4   1 1  2 0  0 0  0 0
   132   31.85252589397196       4   0 2  2 0  0 0  0 0
   133  0.3679457601076641E-02   4   1 0  3 0  0 0  0 0
   134  0.3377202898122298E-02   4   0 1  3 0  0 0  0 0
   135  -5.486736186618570       4   0 0  4 0  0 0  0 0
   136  -.4358301229744102E-02   4   3 0  0 1  0 0  0 0
   137  -.1142959919979746E-01   4   2 1  0 1  0 0  0 0
   138  -.9947557160727297E-02   4   1 2  0 1  0 0  0 0
   139  -.2884676443380025E-02   4   0 3  0 1  0 0  0 0
   140   72.56746563329270       4   2 0  1 1  0 0  0 0
   141   129.9719873776226       4   1 1  1 1  0 0  0 0
   142   58.76601952569344       4   0 2  1 1  0 0  0 0
   143  0.9525078729259753E-02   4   1 0  2 1  0 0  0 0
   144  0.8604775822320351E-02   4   0 1  2 1  0 0  0 0
   145  -19.44395380304957       4   0 0  3 1  0 0  0 0
   146   33.09947389580801       4   2 0  0 2  0 0  0 0
   147   59.64484910538941       4   1 1  0 2  0 0  0 0
   148   27.15444963266314       4   0 2  0 2  0 0  0 0
   149  0.8287879279244991E-02   4   1 0  1 2  0 0  0 0
   150  0.7355884924913117E-02   4   0 1  1 2  0 0  0 0
   151  -25.99973556984740       4   0 0  2 2  0 0  0 0
   152  0.2658786043807358E-02   4   1 0  0 3  0 0  0 0
   153  0.2310431053819875E-02   4   0 1  0 3  0 0  0 0
   154  -15.48888513116804       4   0 0  1 3  0 0  0 0
   155  -3.455247499292454       4   0 0  0 4  0 0  0 0
   156  -.4964828778097972       4   3 0  0 0  0 1  0 0
   157  -3.660417482649165       4   2 1  0 0  0 1  0 0
   158  -7.316765382196285       4   1 2  0 0  0 1  0 0
   159  -5.331914177167392       4   0 3  0 0  0 1  0 0
   160  0.9301038369724465E-03   4   2 0  1 0  0 1  0 0
   161  0.7042075342639014E-02   4   1 1  1 0  0 1  0 0
   162  0.5488810544056442E-02   4   0 2  1 0  0 1  0 0
   163  0.6078546937656903       4   1 0  2 0  0 1  0 0
   164  -.1152753628802962       4   0 1  2 0  0 1  0 0
   165  -.2745922798323331E-03   4   0 0  3 0  0 1  0 0
   166  0.3534214049551404E-02   4   2 0  0 1  0 1  0 0
   167  0.1115889258804995E-01   4   1 1  0 1  0 1  0 0
   168  0.7121592326711244E-02   4   0 2  0 1  0 1  0 0
   169   2.594219718359318       4   1 0  1 1  0 1  0 0
   170   1.059711953171161       4   0 1  1 1  0 1  0 0
   171  -.2994904399572515E-02   4   0 0  2 1  0 1  0 0
   172   1.518872383189025       4   1 0  0 2  0 1  0 0
   173  -.4417649321332509       4   0 1  0 2  0 1  0 0
   174  -.4731929697771630E-02   4   0 0  1 2  0 1  0 0
   175  -.2061533605367677E-02   4   0 0  0 3  0 1  0 0
   176  -.4958147345512628       4   3 0  0 0  0 0  1 0
   177  -3.655491465310496       4   2 1  0 0  0 0  1 0
   178  -7.306918824172098       4   1 2  0 0  0 0  1 0
   179  -5.324738738352156       4   0 3  0 0  0 0  1 0
   180  0.9288521470629242E-03   4   2 0  1 0  0 0  1 0
   181  0.7032598449524407E-02   4   1 1  1 0  0 0  1 0
   182  0.5481423961504933E-02   4   0 2  1 0  0 0  1 0
   183  0.6070366715660208       4   1 0  2 0  0 0  1 0
   184  -.1151202307296710       4   0 1  2 0  0 0  1 0
   185  -.2742227464832205E-03   4   0 0  3 0  0 0  1 0
   186  0.3529457870845256E-02   4   2 0  0 1  0 0  1 0
   187  0.1114387547630533E-01   4   1 1  0 1  0 0  1 0
   188  0.7112008423386976E-02   4   0 2  0 1  0 0  1 0
   189   2.590728539723694       4   1 0  1 1  0 0  1 0
   190   1.058285842767079       4   0 1  1 1  0 0  1 0
   191  -.2990873998376524E-02   4   0 0  2 1  0 0  1 0
   192   1.516828356317707       4   1 0  0 2  0 0  1 0
   193  -.4411704257072453       4   0 1  0 2  0 0  1 0
   194  -.4725561689792489E-02   4   0 0  1 2  0 0  1 0
   195  -.2058759290598286E-02   4   0 0  0 3  0 0  1 0
   196  0.9912165040049334       4   3 0  0 0  0 0  0 1
   197   4.968715264972261       4   2 1  0 0  0 0  0 1
   198   6.954926479861962       4   1 2  0 0  0 0  0 1
   199   3.117237514677142       4   0 3  0 0  0 0  0 1
   200  0.2924526542015500E-03   4   2 0  1 0  0 0  0 1
   201  0.6822190156996188E-03   4   1 1  1 0  0 0  0 1
   202  0.4037685524879280E-03   4   0 2  1 0  0 0  0 1
   203  -1.212727499877749       4   1 0  2 0  0 0  0 1
   204  -.6157893066927156E-02   4   0 1  2 0  0 0  0 1
   205  -.2874748258357434E-04   4   0 0  3 0  0 0  0 1
   206  0.3574562241892137E-03   4   2 0  0 1  0 0  0 1
   207  0.7806577786500839E-03   4   1 1  0 1  0 0  0 1
   208  0.4422930186776788E-03   4   0 2  0 1  0 0  0 1
   209  -3.294278784322652       4   1 0  1 1  0 0  0 1
   210  -1.358279514206049       4   0 1  1 1  0 0  0 1
   211  -.8056926231182971E-04   4   0 0  2 1  0 0  0 1
   212  -1.580690277357527       4   1 0  0 2  0 0  0 1
   213  -.6931055279069624       4   0 1  0 2  0 0  0 1
   214  -.6233279089177064E-04   4   0 0  1 2  0 0  0 1
   215  -.6055111726382400E-05   4   0 0  0 3  0 0  0 1
   216  -.3843201192306954E-01   4   2 0  0 0  0 2  0 0
   217  -.1651468261899261       4   1 1  0 0  0 2  0 0
   218  -.1342642869622789       4   0 2  0 0  0 2  0 0
   219  0.1926949385669512E-04   4   1 0  1 0  0 2  0 0
   220  0.1008881679610071E-03   4   0 1  1 0  0 2  0 0
   221  0.2316262339519281E-01   4   0 0  2 0  0 2  0 0
   222  0.3237289360390877E-03   4   1 0  0 1  0 2  0 0
   223  0.3902288602270611E-03   4   0 1  0 1  0 2  0 0
   224  0.1150317805305436       4   0 0  1 1  0 2  0 0
   225  0.9838276371324155E-01   4   0 0  0 2  0 2  0 0
   226  -.2996555900602085E-01   4   2 0  0 0  0 1  1 0
   227  -.1732827506784275       4   1 1  0 0  0 1  1 0
   228  -.1647380084568290       4   0 2  0 0  0 1  1 0
   229  -.1438785713156715E-04   4   1 0  1 0  0 1  1 0
   230  0.1132797194946022E-03   4   0 1  1 0  0 1  1 0
   231  0.1448120707759072E-01   4   0 0  2 0  0 1  1 0
   232  0.3778147552912611E-03   4   1 0  0 1  0 1  1 0
   233  0.5058676604934786E-03   4   0 1  0 1  0 1  1 0
   234  0.1130331857537117       4   0 0  1 1  0 1  1 0
   235  0.1170104772311325       4   0 0  0 2  0 1  1 0
   236  -.3836012881412047E-01   4   2 0  0 0  0 0  2 0
   237  -.1648079814946756       4   1 1  0 0  0 0  2 0
   238  -.1339727520885681       4   0 2  0 0  0 0  2 0
   239  0.1925324313011525E-04   4   1 0  1 0  0 0  2 0
   240  0.1006761741653803E-03   4   0 1  1 0  0 0  2 0
   241  0.2312170816523955E-01   4   0 0  2 0  0 0  2 0
   242  0.3230390542478489E-03   4   1 0  0 1  0 0  2 0
   243  0.3893633221893445E-03   4   0 1  0 1  0 0  2 0
   244  0.1148009188144067       4   0 0  1 1  0 0  2 0
   245  0.9817163123358297E-01   4   0 0  0 2  0 0  2 0
   246  0.5931832037859887E-01   4   2 0  0 0  0 1  0 1
   247  0.1889037052974808       4   1 1  0 0  0 1  0 1
   248  0.1219882034339337       4   0 2  0 0  0 1  0 1
   249  0.2286240606811301E-04   4   1 0  1 0  0 1  0 1
   250  -.2717084628945413E-04   4   0 1  1 0  0 1  0 1
   251  -.2920549009556812E-01   4   0 0  2 0  0 1  0 1
   252  -.2763565628893176E-03   4   1 0  0 1  0 1  0 1
   253  -.2458368814595162E-03   4   0 1  0 1  0 1  0 1
   254  -.1089569188611007       4   0 0  1 1  0 1  0 1
   255  -.7454852224091460E-01   4   0 0  0 2  0 1  0 1
   256  0.5923849257860900E-01   4   2 0  0 0  0 0  1 1
   257  0.1886494875936152       4   1 1  0 0  0 0  1 1
   258  0.1218240374588577       4   0 2  0 0  0 0  1 1
   259  0.2283163891949461E-04   4   1 0  1 0  0 0  1 1
   260  -.2713428104503539E-04   4   0 1  1 0  0 0  1 1
   261  -.2916618672340458E-01   4   0 0  2 0  0 0  1 1
   262  -.2759846552512146E-03   4   1 0  0 1  0 0  1 1
   263  -.2455060457703388E-03   4   0 1  0 1  0 0  1 1
   264  -.1088102897746592       4   0 0  1 1  0 0  1 1
   265  -.7444819835303293E-01   4   0 0  0 2  0 0  1 1
   266  -.1228429655541383E-01   4   2 0  0 0  0 0  0 2
   267  -.2161867216954515E-01   4   1 1  0 0  0 0  0 2
   268  -.9507993665067169E-02   4   0 2  0 0  0 0  0 2
   269  -.9836477177274670E-04   4   1 0  1 0  0 0  0 2
   270  -.1040610024742833E-03   4   0 1  1 0  0 0  0 2
   271  -.2666652183420233E-02   4   0 0  2 0  0 0  0 2
   272  -.6876550290825285E-04   4   1 0  0 1  0 0  0 2
   273  -.7700829931904955E-04   4   0 1  0 1  0 0  0 2
   274  -.5206335314285947E-02   4   0 0  1 1  0 0  0 2
   275  -.2491335160910335E-02   4   0 0  0 2  0 0  0 2
   276  -.1192005497746675       4   1 0  0 0  0 3  0 0
   277  -.6812040539944277       4   0 1  0 0  0 3  0 0
   278  -.6085049080431420E-05   4   0 0  1 0  0 3  0 0
   279  -.1256640630786408E-04   4   0 0  0 1  0 3  0 0
   280  -.7827600760886089E-01   4   1 0  0 0  0 2  1 0
   281  -.5467118816053558       4   0 1  0 0  0 2  1 0
   282  -.4007120186621235E-05   4   0 0  1 0  0 2  1 0
   283  -.1218313974830153E-04   4   0 0  0 1  0 2  1 0
   284  -.7835829527169524E-01   4   1 0  0 0  0 1  2 0
   285  -.5469815209034505       4   0 1  0 0  0 1  2 0
   286  -.4011298224380128E-05   4   0 0  1 0  0 1  2 0
   287  -.1218387928381104E-04   4   0 0  0 1  0 1  2 0
   288  -.1189073289965912       4   1 0  0 0  0 0  3 0
   289  -.6794615818759869       4   0 1  0 0  0 0  3 0
   290  -.6070072961330174E-05   4   0 0  1 0  0 0  3 0
   291  -.1253285269160688E-04   4   0 0  0 1  0 0  3 0
   292  0.1565214807450602       4   1 0  0 0  0 2  0 1
   293  0.3448434891896501       4   0 1  0 0  0 2  0 1
   294  0.7273576395949111E-05   4   0 0  1 0  0 2  0 1
   295  0.1333457783482793E-04   4   0 0  0 1  0 2  0 1
   296  0.1158043212674203       4   1 0  0 0  0 1  1 1
   297  0.3554037904141356       4   0 1  0 0  0 1  1 1
   298  0.5223920273848043E-05   4   0 0  1 0  0 1  1 1
   299  0.1302260835640619E-04   4   0 0  0 1  0 1  1 1
   300  0.1562329195139290       4   1 0  0 0  0 0  2 1
   301  0.3441402722380401       4   0 1  0 0  0 0  2 1
   302  0.7260272906835619E-05   4   0 0  1 0  0 0  2 1
   303  0.1330787018211882E-04   4   0 0  0 1  0 0  2 1
   304  -.1707374562985994E-01   4   1 0  0 0  0 1  0 2
   305  -.2116385789540383E-01   4   0 1  0 0  0 1  0 2
   306  -.1588883522681521E-06   4   0 0  1 0  0 1  0 2
   307  -.3752824079814649E-06   4   0 0  0 1  0 1  0 2
   308  -.1705076858764908E-01   4   1 0  0 0  0 0  1 2
   309  -.2113537657286627E-01   4   0 1  0 0  0 0  1 2
   310  -.1586745278118189E-06   4   0 0  1 0  0 0  1 2
   311  -.3747773706032498E-06   4   0 0  0 1  0 0  1 2
   312  0.3053845066034567E-03   4   1 0  0 0  0 0  0 3
   313  0.2461479408668987E-03   4   0 1  0 0  0 0  0 3
   314  0.2006674927984791E-07   4   0 0  1 0  0 0  0 3
   315  0.1619606673029800E-07   4   0 0  0 1  0 0  0 3
   316  -.2994930330208138E-04   4   0 0  0 0  0 4  0 0
   317  -.1922761221602363E-04   4   0 0  0 0  0 3  1 0
   318  -.1780534123764148E-04   4   0 0  0 0  0 2  2 0
   319  -.1925825784390259E-04   4   0 0  0 0  0 1  3 0
   320  -.2985580940795458E-04   4   0 0  0 0  0 0  4 0
   321  0.4844529386303923E-05   4   0 0  0 0  0 3  0 1
   322  0.5022881292126250E-05   4   0 0  0 0  0 2  1 1
   323  0.5022508105208946E-05   4   0 0  0 0  0 1  2 1
   324  0.4831374853092758E-05   4   0 0  0 0  0 0  3 1
   325  -.2161823100715046E-06   4   0 0  0 0  0 2  0 2
   326  -.2669903890154532E-06   4   0 0  0 0  0 1  1 2
   327  -.2157117306494570E-06   4   0 0  0 0  0 0  2 2
   328  0.3333183996821718E-08   4   0 0  0 0  0 1  0 3
   329  0.3328698354886315E-08   4   0 0  0 0  0 0  1 3
   330  -.1019737496678122E-14   4   0 0  0 0  0 0  0 4
   ----------------------------------------------------
     I  COEFFICIENT            ORDER EXPONENTS
     1  0.2609562600404031E-04   0   0 0  0 0  0 0  0 0
     2   1.602445205682194       1   1 0  0 0  0 0  0 0
     3   2.473601113963696       1   0 1  0 0  0 0  0 0
     4  0.4578970280043844E-04   1   0 0  1 0  0 0  0 0
     5  0.4201627738334853E-04   1   0 0  0 1  0 0  0 0
     6  0.5905714418708693E-06   1   0 0  0 0  0 1  0 0
     7  0.5897766786567582E-06   1   0 0  0 0  0 0  1 0
     8  0.2491527788910926E-04   1   0 0  0 0  0 0  0 1
     9  -.3910533366082533       2   2 0  0 0  0 0  0 0
    10  -.7186353651308740       2   1 1  0 0  0 0  0 0
    11  -.3320937265167397       2   0 2  0 0  0 0  0 0
    12  0.1225809972544574E-02   2   1 0  1 0  0 0  0 0
    13  0.8482900278402342E-03   2   0 1  1 0  0 0  0 0
    14  0.3002184830064873       2   0 0  2 0  0 0  0 0
    15  0.1027482732666635E-02   2   1 0  0 1  0 0  0 0
    16  0.7108986193805305E-03   2   0 1  0 1  0 0  0 0
    17  0.5522161180659531       2   0 0  1 1  0 0  0 0
    18  0.2561782320718020       2   0 0  0 2  0 0  0 0
    19  -.5695616330403719E-01   2   1 0  0 0  0 1  0 0
    20  -.7855701001859489       2   0 1  0 0  0 1  0 0
    21  -.1775419706916574E-05   2   0 0  1 0  0 1  0 0
    22  -.2275576413684671E-04   2   0 0  0 1  0 1  0 0
    23  -.5687951438371373E-01   2   1 0  0 0  0 0  1 0
    24  -.7845129169677558       2   0 1  0 0  0 0  1 0
    25  -.1773030430747645E-05   2   0 0  1 0  0 0  1 0
    26  -.2272514050191337E-04   2   0 0  0 1  0 0  1 0
    27   1.716280883464662       2   1 0  0 0  0 0  0 1
    28   1.570083017252179       2   0 1  0 0  0 0  0 1
    29  0.4933805242131610E-04   2   0 0  1 0  0 0  0 1
    30  0.4548080708970048E-04   2   0 0  0 1  0 0  0 1
    31  -.4582141138572604E-06   2   0 0  0 0  0 2  0 0
    32  -.3262094635919012E-06   2   0 0  0 0  0 1  1 0
    33  -.4573779722356719E-06   2   0 0  0 0  0 0  2 0
    34  0.1242634297203417E-05   2   0 0  0 0  0 1  0 1
    35  0.1240962018529233E-05   2   0 0  0 0  0 0  1 1
    36  -.1241797154273873E-05   2   0 0  0 0  0 0  0 2
    37  -3.425671068248158       3   3 0  0 0  0 0  0 0
    38  -10.07893418627598       3   2 1  0 0  0 0  0 0
    39  -10.62796765760249       3   1 2  0 0  0 0  0 0
    40  -3.181215878711356       3   0 3  0 0  0 0  0 0
    41  -.3309570091068868E-01   3   2 0  1 0  0 0  0 0
    42  -.6069068936902813E-01   3   1 1  1 0  0 0  0 0
    43  -.2798607837954569E-01   3   0 2  1 0  0 0  0 0
    44  -6.287220732433020       3   1 0  2 0  0 0  0 0
    45  -5.129640494996199       3   0 1  2 0  0 0  0 0
    46  0.8271904350072686E-02   3   0 0  3 0  0 0  0 0
    47  -.3109140465905102E-01   3   2 0  0 1  0 0  0 0
    48  -.5751104037288630E-01   3   1 1  0 1  0 0  0 0
    49  -.2672390738409886E-01   3   0 2  0 1  0 0  0 0
    50  -13.01021980876227       3   1 0  1 1  0 0  0 0
    51  -11.02988931039527       3   0 1  1 1  0 0  0 0
    52  0.2279815852449030E-01   3   0 0  2 1  0 0  0 0
    53  -5.715882365535397       3   1 0  0 2  0 0  0 0
    54  -4.209597760444600       3   0 1  0 2  0 0  0 0
    55  0.2113866267101894E-01   3   0 0  1 2  0 0  0 0
    56  0.6615221676196590E-02   3   0 0  0 3  0 0  0 0
    57  0.3897091217896729E-01   3   2 0  0 0  0 1  0 0
    58  0.4292153712023450       3   1 1  0 0  0 1  0 0
    59  0.3634266821817669       3   0 2  0 0  0 1  0 0
    60  -.5766734411492359E-03   3   1 0  1 0  0 1  0 0
    61  -.8952242767410076E-03   3   0 1  1 0  0 1  0 0
    62  0.7988933383836758E-02   3   0 0  2 0  0 1  0 0
    63  -.1096889579420411E-02   3   1 0  0 1  0 1  0 0
    64  -.1204568634348459E-02   3   0 1  0 1  0 1  0 0
    65  -.2600715199999306       3   0 0  1 1  0 1  0 0
    66  -.2483494917975829       3   0 0  0 2  0 1  0 0
    67  0.3891846696199255E-01   3   2 0  0 0  0 0  1 0
    68  0.4286377533840015       3   1 1  0 0  0 0  1 0
    69  0.3629375996805936       3   0 2  0 0  0 0  1 0
    70  -.5758973812098158E-03   3   1 0  1 0  0 0  1 0
    71  -.8940195260998290E-03   3   0 1  1 0  0 0  1 0
    72  0.7978182253794167E-02   3   0 0  2 0  0 0  1 0
    73  -.1095413437119042E-02   3   1 0  0 1  0 0  1 0
    74  -.1202947582649707E-02   3   0 1  0 1  0 0  1 0
    75  -.2597215280050608       3   0 0  1 1  0 0  1 0
    76  -.2480152747558278       3   0 0  0 2  0 0  1 0
    77  -.4689441151012867       3   2 0  0 0  0 0  0 1
    78  -.8578554602142983       3   1 1  0 0  0 0  0 1
    79  -.3942715232077811       3   0 2  0 0  0 0  0 1
    80  0.2376154070018661E-02   3   1 0  1 0  0 0  0 1
    81  0.1786919908275970E-02   3   0 1  1 0  0 0  0 1
    82  0.2842524040723585       3   0 0  2 0  0 0  0 1
    83  0.2189892559766613E-02   3   1 0  0 1  0 0  0 1
    84  0.1694079205143637E-02   3   0 1  0 1  0 0  0 1
    85  0.5197947854947553       3   0 0  1 1  0 0  0 1
    86  0.2401872529530776       3   0 0  0 2  0 0  0 1
    87  0.4339271732842583E-01   3   1 0  0 0  0 2  0 0
    88  0.6137569717728747       3   0 1  0 0  0 2  0 0
    89  0.1248936558915414E-05   3   0 0  1 0  0 2  0 0
    90  0.1784904935751742E-04   3   0 0  0 1  0 2  0 0
    91  0.2986550593798736E-01   3   1 0  0 0  0 1  1 0
    92  0.4424047301230962       3   0 1  0 0  0 1  1 0
    93  0.7323154644974640E-06   3   0 0  1 0  0 1  1 0
    94  0.1295908098201850E-04   3   0 0  0 1  0 1  1 0
    95  0.4331422565928387E-01   3   1 0  0 0  0 0  2 0
    96  0.6126333228476333       3   0 1  0 0  0 0  2 0
    97  0.1246763041136323E-05   3   0 0  1 0  0 0  2 0
    98  0.1781630908786534E-04   3   0 0  0 1  0 0  2 0
    99  -.1166506266680148       3   1 0  0 0  0 1  0 1
   100  -.8843483296207238       3   0 1  0 0  0 1  0 1
   101  -.3280287794171914E-05   3   0 0  1 0  0 1  0 1
   102  -.2592149801667952E-04   3   0 0  0 1  0 1  0 1
   103  -.1164936437521984       3   1 0  0 0  0 0  1 1
   104  -.8831582153166145       3   0 1  0 0  0 0  1 1
   105  -.3275873337453138E-05   3   0 0  1 0  0 0  1 1
   106  -.2588661408628658E-04   3   0 0  0 1  0 0  1 1
   107  0.1165719592486115       3   1 0  0 0  0 0  0 2
   108  0.9871162536852740E-01   3   0 1  0 0  0 0  0 2
   109  0.3307116661988093E-05   3   0 0  1 0  0 0  0 2
   110  0.3191872557700819E-05   3   0 0  0 1  0 0  0 2
   111  0.3916917879263597E-06   3   0 0  0 0  0 3  0 0
   112  0.2595379648038056E-06   3   0 0  0 0  0 2  1 0
   113  0.2598036703233305E-06   3   0 0  0 0  0 1  2 0
   114  0.3907267059191363E-06   3   0 0  0 0  0 0  3 0
   115  -.9781617914710541E-06   3   0 0  0 0  0 2  0 1
   116  -.7147018853181194E-06   3   0 0  0 0  0 1  1 1
   117  -.9763645213738512E-06   3   0 0  0 0  0 0  2 1
   118  0.7149894176791327E-06   3   0 0  0 0  0 1  0 2
   119  0.7140272186170851E-06   3   0 0  0 0  0 0  1 2
   120  -.6248220461424607E-07   3   0 0  0 0  0 0  0 3
   121  -38.51254842882261       4   4 0  0 0  0 0  0 0
   122  -142.6704159268698       4   3 1  0 0  0 0  0 0
   123  -199.1120896678505       4   2 2  0 0  0 0  0 0
   124  -124.4095990336382       4   1 3  0 0  0 0  0 0
   125  -29.43617751914622       4   0 4  0 0  0 0  0 0
   126  -.2159965734364494E-01   4   3 0  1 0  0 0  0 0
   127  -.5850262513409155E-01   4   2 1  1 0  0 0  0 0
   128  -.5315061736561168E-01   4   1 2  1 0  0 0  0 0
   129  -.1572307424287914E-01   4   0 3  1 0  0 0  0 0
   130   185.3832382382984       4   2 0  2 0  0 0  0 0
   131   337.4534176641297       4   1 1  2 0  0 0  0 0
   132   154.4931164367121       4   0 2  2 0  0 0  0 0
   133  0.1853813395206706E-01   4   1 0  3 0  0 0  0 0
   134  0.1764615145982916E-01   4   0 1  3 0  0 0  0 0
   135  -24.03761452661811       4   0 0  4 0  0 0  0 0
   136  -.2018499196944493E-01   4   3 0  0 1  0 0  0 0
   137  -.5518880627579435E-01   4   2 1  0 1  0 0  0 0
   138  -.5004999716600681E-01   4   1 2  0 1  0 0  0 0
   139  -.1475506441940127E-01   4   0 3  0 1  0 0  0 0
   140   345.6663118308909       4   2 0  1 1  0 0  0 0
   141   633.6527014510556       4   1 1  1 1  0 0  0 0
   142   292.3789860652677       4   0 2  1 1  0 0  0 0
   143  0.5291274759694384E-01   4   1 0  2 1  0 0  0 0
   144  0.5057699256188292E-01   4   0 1  2 1  0 0  0 0
   145  -87.64613157611826       4   0 0  3 1  0 0  0 0
   146   162.1460207157568       4   2 0  0 2  0 0  0 0
   147   298.9427706518361       4   1 1  0 2  0 0  0 0
   148   138.8312874786124       4   0 2  0 2  0 0  0 0
   149  0.5045990214697083E-01   4   1 0  1 2  0 0  0 0
   150  0.4871401832573911E-01   4   0 1  1 2  0 0  0 0
   151  -120.9148489645953       4   0 0  2 2  0 0  0 0
   152  0.1664467778946328E-01   4   1 0  0 3  0 0  0 0
   153  0.1615605708387035E-01   4   0 1  0 3  0 0  0 0
   154  -74.53602554495500       4   0 0  1 3  0 0  0 0
   155  -17.26048987804339       4   0 0  0 4  0 0  0 0
   156   2.297270373181378       4   3 0  0 0  0 1  0 0
   157   11.70549605947565       4   2 1  0 0  0 1  0 0
   158   17.07792664618460       4   1 2  0 0  0 1  0 0
   159   6.827695180075136       4   0 3  0 0  0 1  0 0
   160  -.3093117251750139E-02   4   2 0  1 0  0 1  0 0
   161  0.2050031954364892E-01   4   1 1  1 0  0 1  0 0
   162  0.2136967935333444E-01   4   0 2  1 0  0 1  0 0
   163   2.670638641972876       4   1 0  2 0  0 1  0 0
   164   4.638663904188481       4   0 1  2 0  0 1  0 0
   165  0.7296173640104317E-03   4   0 0  3 0  0 1  0 0
   166  0.1019513960187242E-01   4   2 0  0 1  0 1  0 0
   167  0.4335551058563288E-01   4   1 1  0 1  0 1  0 0
   168  0.3138688456164226E-01   4   0 2  0 1  0 1  0 0
   169   12.27684817490972       4   1 0  1 1  0 1  0 0
   170   15.76036551384283       4   0 1  1 1  0 1  0 0
   171  -.7729869091436917E-02   4   0 0  2 1  0 1  0 0
   172   8.669609812930668       4   1 0  0 2  0 1  0 0
   173   8.799401696079364       4   0 1  0 2  0 1  0 0
   174  -.1604019728283046E-01   4   0 0  1 2  0 1  0 0
   175  -.7762430577511310E-02   4   0 0  0 3  0 1  0 0
   176   2.294178814979767       4   3 0  0 0  0 0  1 0
   177   11.68974335453978       4   2 1  0 0  0 0  1 0
   178   17.05494397735907       4   1 2  0 0  0 0  1 0
   179   6.818506789679968       4   0 3  0 0  0 0  1 0
   180  -.3088954680326301E-02   4   2 0  1 0  0 0  1 0
   181  0.2047273117975366E-01   4   1 1  1 0  0 0  1 0
   182  0.2134092104597882E-01   4   0 2  1 0  0 0  1 0
   183   2.667044622351350       4   1 0  2 0  0 0  1 0
   184   4.632421408918886       4   0 1  2 0  0 0  1 0
   185  0.7286354793476227E-03   4   0 0  3 0  0 0  1 0
   186  0.1018141946347651E-01   4   2 0  0 1  0 0  1 0
   187  0.4329716478276112E-01   4   1 1  0 1  0 0  1 0
   188  0.3134464557161180E-01   4   0 2  0 1  0 0  1 0
   189   12.26032657122373       4   1 0  1 1  0 0  1 0
   190   15.73915595669462       4   0 1  1 1  0 0  1 0
   191  -.7719466597909769E-02   4   0 0  2 1  0 0  1 0
   192   8.657942660628988       4   1 0  0 2  0 0  1 0
   193   8.787559875978223       4   0 1  0 2  0 0  1 0
   194  -.1601861114127553E-01   4   0 0  1 2  0 0  1 0
   195  -.7751984264270774E-02   4   0 0  0 3  0 0  1 0
   196  -8.021434692064380       4   3 0  0 0  0 0  0 1
   197  -23.40899327239534       4   2 1  0 0  0 0  0 1
   198  -23.51963746410440       4   1 2  0 0  0 0  0 1
   199  -7.289068230857894       4   0 3  0 0  0 0  0 1
   200  0.5215005155246082E-03   4   2 0  1 0  0 0  0 1
   201  0.1052287041866710E-02   4   1 1  1 0  0 0  0 1
   202  0.5333732500303185E-03   4   0 2  1 0  0 0  0 1
   203  -11.61451937349716       4   1 0  2 0  0 0  0 1
   204  -9.260426306485744       4   0 1  2 0  0 0  0 1
   205  -.3013522843360199E-03   4   0 0  3 0  0 0  0 1
   206  0.5267398959984789E-03   4   2 0  0 1  0 0  0 1
   207  0.9486753296861713E-03   4   1 1  0 1  0 0  0 1
   208  0.4591998373986329E-03   4   0 2  0 1  0 0  0 1
   209  -24.51491404477635       4   1 0  1 1  0 0  0 1
   210  -20.44647035201207       4   0 1  1 1  0 0  0 1
   211  -.9226498409867478E-03   4   0 0  2 1  0 0  0 1
   212  -11.59964342521635       4   1 0  0 2  0 0  0 1
   213  -9.155128667790391       4   0 1  0 2  0 0  0 1
   214  -.9219964630469547E-03   4   0 0  1 2  0 0  0 1
   215  -.2759115177063495E-03   4   0 0  0 3  0 0  0 1
   216  -.3007995444184665E-01   4   2 0  0 0  0 2  0 0
   217  -.3573303317823142       4   1 1  0 0  0 2  0 0
   218  -.3867246430132712       4   0 2  0 0  0 2  0 0
   219  -.2273694179754813E-03   4   1 0  1 0  0 2  0 0
   220  0.2833869076947874E-03   4   0 1  1 0  0 2  0 0
   221  -.5400558508920331E-02   4   0 0  2 0  0 2  0 0
   222  0.5101264901821032E-03   4   1 0  0 1  0 2  0 0
   223  0.1016421944322977E-02   4   0 1  0 1  0 2  0 0
   224  0.1881543827546711       4   0 0  1 1  0 2  0 0
   225  0.2428994113742439       4   0 0  0 2  0 2  0 0
   226  -.2178804778698884E-01   4   2 0  0 0  0 1  1 0
   227  -.2873821105790699       4   1 1  0 0  0 1  1 0
   228  -.4109881450752154       4   0 2  0 0  0 1  1 0
   229  -.2743932989028849E-03   4   1 0  1 0  0 1  1 0
   230  0.3569670917458564E-03   4   0 1  1 0  0 1  1 0
   231  -.2739212029460715E-02   4   0 0  2 0  0 1  1 0
   232  0.5959071465598324E-03   4   1 0  0 1  0 1  1 0
   233  0.1425945529451833E-02   4   0 1  0 1  0 1  1 0
   234  0.1163922580999521       4   0 0  1 1  0 1  1 0
   235  0.2374452073489962       4   0 0  0 2  0 1  1 0
   236  -.3002481359283996E-01   4   2 0  0 0  0 0  2 0
   237  -.3566560808119141       4   1 1  0 0  0 0  2 0
   238  -.3859276629761849       4   0 2  0 0  0 0  2 0
   239  -.2268788021433419E-03   4   1 0  1 0  0 0  2 0
   240  0.2827653442055768E-03   4   0 1  1 0  0 0  2 0
   241  -.5391447540571244E-02   4   0 0  2 0  0 0  2 0
   242  0.5090390141161903E-03   4   1 0  0 1  0 0  2 0
   243  0.1014094606427155E-02   4   0 1  0 1  0 0  2 0
   244  0.1878228558459815       4   0 0  1 1  0 0  2 0
   245  0.2424127575090467       4   0 0  0 2  0 0  2 0
   246  0.8271737081277020E-01   4   2 0  0 0  0 1  0 1
   247  0.5758279794685217       4   1 1  0 0  0 1  0 1
   248  0.4595330535715677       4   0 2  0 0  0 1  0 1
   249  0.3656787849160128E-03   4   1 0  1 0  0 1  0 1
   250  -.4813215924167258E-03   4   0 1  1 0  0 1  0 1
   251  0.1353515684721533E-01   4   0 0  2 0  0 1  0 1
   252  -.7245121630349861E-03   4   1 0  0 1  0 1  0 1
   253  -.1282699683384969E-02   4   0 1  0 1  0 1  0 1
   254  -.2322224760962426       4   0 0  1 1  0 1  0 1
   255  -.2264238974129526       4   0 0  0 2  0 1  0 1
   256  0.8260605367346499E-01   4   2 0  0 0  0 0  1 1
   257  0.5750530573115868       4   1 1  0 0  0 0  1 1
   258  0.4589146356451151       4   0 2  0 0  0 0  1 1
   259  0.3651866716411171E-03   4   1 0  1 0  0 0  1 1
   260  -.4806738525015526E-03   4   0 1  1 0  0 0  1 1
   261  0.1351694187102035E-01   4   0 0  2 0  0 0  1 1
   262  -.7235371487110491E-03   4   1 0  0 1  0 0  1 1
   263  -.1280973486602611E-02   4   0 1  0 1  0 0  1 1
   264  -.2319099620321781       4   0 0  1 1  0 0  1 1
   265  -.2261191868028029       4   0 0  0 2  0 0  1 1
   266  -.8343117401285627E-01   4   2 0  0 0  0 0  0 2
   267  -.1487130167323403       4   1 1  0 0  0 0  0 2
   268  -.6623667242125876E-01   4   0 2  0 0  0 0  0 2
   269  -.2914074043329439E-05   4   1 0  1 0  0 0  0 2
   270  -.1657113713714524E-04   4   0 1  1 0  0 0  0 2
   271  -.1352048839112492E-01   4   0 0  2 0  0 0  0 2
   272  -.2722152391686330E-05   4   1 0  0 1  0 0  0 2
   273  -.1358295127581622E-04   4   0 1  0 1  0 0  0 2
   274  -.2806666031126585E-01   4   0 0  1 1  0 0  0 2
   275  -.1405406006874039E-01   4   0 0  0 2  0 0  0 2
   276  -.3663269032364788E-01   4   1 0  0 0  0 3  0 0
   277  -.5282059993821120       4   0 1  0 0  0 3  0 0
   278  -.2615110010505856E-05   4   0 0  1 0  0 3  0 0
   279  -.1952850220451798E-04   4   0 0  0 1  0 3  0 0
   280  -.2309245424223775E-01   4   1 0  0 0  0 2  1 0
   281  -.3571858865688421       4   0 1  0 0  0 2  1 0
   282  -.1345901637940739E-05   4   0 0  1 0  0 2  1 0
   283  -.1318918567516732E-04   4   0 0  0 1  0 2  1 0
   284  -.2311968744412668E-01   4   1 0  0 0  0 1  2 0
   285  -.3575296778688896       4   0 1  0 0  0 1  2 0
   286  -.1348456595013178E-05   4   0 0  1 0  0 1  2 0
   287  -.1320192935463856E-04   4   0 0  0 1  0 1  2 0
   288  -.3654322508849058E-01   4   1 0  0 0  0 0  3 0
   289  -.5268997293896813       4   0 1  0 0  0 0  3 0
   290  -.2608926669234536E-05   4   0 0  1 0  0 0  3 0
   291  -.1948021867232931E-04   4   0 0  0 1  0 0  3 0
   292  0.8956692522973379E-01   4   1 0  0 0  0 2  0 1
   293  0.7142496256237788       4   0 1  0 0  0 2  0 1
   294  0.3094844487109798E-05   4   0 0  1 0  0 2  0 1
   295  0.2418358317885820E-04   4   0 0  0 1  0 2  0 1
   296  0.6253490282186769E-01   4   1 0  0 0  0 1  1 1
   297  0.5445857508867429       4   0 1  0 0  0 1  1 1
   298  0.1747848768961250E-05   4   0 0  1 0  0 1  1 1
   299  0.1810306572117508E-04   4   0 0  0 1  0 1  1 1
   300  0.8940431202037848E-01   4   1 0  0 0  0 0  2 1
   301  0.7129219832199810       4   0 1  0 0  0 0  2 1
   302  0.3089503505004044E-05   4   0 0  1 0  0 0  2 1
   303  0.2413885692600914E-04   4   0 0  0 1  0 0  2 1
   304  -.6248583046883319E-01   4   1 0  0 0  0 1  0 2
   305  -.1021676481923761       4   0 1  0 0  0 1  0 2
   306  -.1089583667834424E-06   4   0 0  1 0  0 1  0 2
   307  -.1382443268723752E-05   4   0 0  0 1  0 1  0 2
   308  -.6240173998304325E-01   4   1 0  0 0  0 0  1 2
   309  -.1020301557864333       4   0 1  0 0  0 0  1 2
   310  -.1088117357484369E-06   4   0 0  1 0  0 0  1 2
   311  -.1380582841724986E-05   4   0 0  0 1  0 0  1 2
   312  0.2769625190692905E-02   4   1 0  0 0  0 0  0 3
   313  0.2256179586006446E-02   4   0 1  0 0  0 0  0 3
   314  0.1830222308809884E-06   4   0 0  1 0  0 0  0 3
   315  0.1499595841514616E-06   4   0 0  0 1  0 0  0 3
   316  -.2032699478323264E-04   4   0 0  0 0  0 4  0 0
   317  -.1248741310836448E-04   4   0 0  0 0  0 3  1 0
   318  -.1144705893569864E-04   4   0 0  0 0  0 2  2 0
   319  -.1250982851297297E-04   4   0 0  0 0  0 1  3 0
   320  -.2026391699966166E-04   4   0 0  0 0  0 0  4 0
   321  0.2433741194128906E-04   4   0 0  0 0  0 3  0 1
   322  0.1623886083115331E-04   4   0 0  0 0  0 2  1 1
   323  0.1625514268933842E-04   4   0 0  0 0  0 1  2 1
   324  0.2427737171583809E-04   4   0 0  0 0  0 0  3 1
   325  -.1276187092774031E-05   4   0 0  0 0  0 2  0 2
   326  -.1539959998199241E-05   4   0 0  0 0  0 1  1 2
   327  -.1273433457534310E-05   4   0 0  0 0  0 0  2 2
   328  0.7542298357165343E-08   4   0 0  0 0  0 1  0 3
   329  0.7532148287492472E-08   4   0 0  0 0  0 0  1 3
   330  0.2004297032074734E-13   4   0 0  0 0  0 0  0 4
   ----------------------------------------------------
     I  COEFFICIENT            ORDER EXPONENTS
     1  -.3736031728542205E-05   0   0 0  0 0  0 0  0 0
     2  0.1016123860137579E-04   1   1 0  0 0  0 0  0 0
     3  0.8963665958819620E-05   1   0 1  0 0  0 0  0 0
     4  0.6865014023321747       1   0 0  1 0  0 0  0 0
     5  0.8651574209559975       1   0 0  0 1  0 0  0 0
     6  -.1281820781325883E-04   1   0 0  0 0  0 1  0 0
     7  -.1280095767328496E-04   1   0 0  0 0  0 0  1 0
     8  0.2561916548641982E-04   1   0 0  0 0  0 0  0 1
     9  0.1796352458553496E-03   2   2 0  0 0  0 0  0 0
    10  0.3328094951991298E-03   2   1 1  0 0  0 0  0 0
    11  0.1800623306401549E-03   2   0 2  0 0  0 0  0 0
    12  0.1346117846337757       2   1 0  1 0  0 0  0 0
    13  0.1201916244715702       2   0 1  1 0  0 0  0 0
    14  -.4238709041749702E-04   2   0 0  2 0  0 0  0 0
    15  0.1219364772331849       2   1 0  0 1  0 0  0 0
    16  0.1095836247430424       2   0 1  0 1  0 0  0 0
    17  -.9890597073551870E-05   2   0 0  1 1  0 0  0 0
    18  0.5442534811630744E-04   2   0 0  0 2  0 0  0 0
    19  -.5305709083477242E-05   2   1 0  0 0  0 1  0 0
    20  -.9186033797211994E-05   2   0 1  0 0  0 1  0 0
    21  0.1492862404775070       2   0 0  1 0  0 1  0 0
    22  -.2989606251951358       2   0 0  0 1  0 1  0 0
    23  -.5298568910242120E-05   2   1 0  0 0  0 0  1 0
    24  -.9173671665850513E-05   2   0 1  0 0  0 0  1 0
    25  0.1490853380906895       2   0 0  1 0  0 0  1 0
    26  -.2985582980752743       2   0 0  0 1  0 0  1 0
    27  0.1060426213062792E-04   2   1 0  0 0  0 0  0 1
    28  0.9396023824883917E-05   2   0 1  0 0  0 0  0 1
    29  -.2983715785817652       2   0 0  1 0  0 0  0 1
    30  -.2676384976993986       2   0 0  0 1  0 0  0 1
    31  0.9319428796082182E-05   2   0 0  0 0  0 2  0 0
    32  0.5830045180590919E-05   2   0 0  0 0  0 1  1 0
    33  0.9302964247965169E-05   2   0 0  0 0  0 0  2 0
    34  -.1165069685981539E-04   2   0 0  0 0  0 1  0 1
    35  -.1163501790105979E-04   2   0 0  0 0  0 0  1 1
    36  -.1166720585498184E-05   2   0 0  0 0  0 0  0 2
    37  -.2359406072000291E-02   3   3 0  0 0  0 0  0 0
    38  -.6373062830082731E-02   3   2 1  0 0  0 0  0 0
    39  -.5765502629068555E-02   3   1 2  0 0  0 0  0 0
    40  -.1742232516944978E-02   3   0 3  0 0  0 0  0 0
    41  -1.309508161604229       3   2 0  1 0  0 0  0 0
    42  -2.828491632380646       3   1 1  1 0  0 0  0 0
    43  -1.776977634464466       3   0 2  1 0  0 0  0 0
    44  0.5628481826375478E-02   3   1 0  2 0  0 0  0 0
    45  0.5018558922518044E-02   3   0 1  2 0  0 0  0 0
    46  -.1746337669058529       3   0 0  3 0  0 0  0 0
    47  -1.783147400027623       3   2 0  0 1  0 0  0 0
    48  -3.378442540503530       3   1 1  0 1  0 0  0 0
    49  -1.433799288926815       3   0 2  0 1  0 0  0 0
    50  0.1018678636639854E-01   3   1 0  1 1  0 0  0 0
    51  0.9145048167128625E-02   3   0 1  1 1  0 0  0 0
    52  -.6512470267593338       3   0 0  2 1  0 0  0 0
    53  0.4662435187609148E-02   3   1 0  0 2  0 0  0 0
    54  0.4218810330506358E-02   3   0 1  0 2  0 0  0 0
    55  -1.078796188223658       3   0 0  1 2  0 0  0 0
    56  -.1427852561879314       3   0 0  0 3  0 0  0 0
    57  -.1508550415808097E-03   3   2 0  0 0  0 1  0 0
    58  -.4639528176735273E-03   3   1 1  0 0  0 1  0 0
    59  -.3371992462716311E-03   3   0 2  0 0  0 1  0 0
    60  -.6386880632794079E-01   3   1 0  1 0  0 1  0 0
    61  -.1168867814322423       3   0 1  1 0  0 1  0 0
    62  -.2209385417067235E-04   3   0 0  2 0  0 1  0 0
    63  -.1195051460793384       3   1 0  0 1  0 1  0 0
    64  -.1619769417936210       3   0 1  0 1  0 1  0 0
    65  -.2330534988950156E-04   3   0 0  1 1  0 1  0 0
    66  -.7506401788681003E-04   3   0 0  0 2  0 1  0 0
    67  -.1506520279754023E-03   3   2 0  0 0  0 0  1 0
    68  -.4633284518368413E-03   3   1 1  0 0  0 0  1 0
    69  -.3367454594176488E-03   3   0 2  0 0  0 0  1 0
    70  -.6378285469841727E-01   3   1 0  1 0  0 0  1 0
    71  -.1167294807104740       3   0 1  1 0  0 0  1 0
    72  -.2206412130297726E-04   3   0 0  2 0  0 0  1 0
    73  -.1193443216858273       3   1 0  0 1  0 0  1 0
    74  -.1617589608590642       3   0 1  0 1  0 0  1 0
    75  -.2327398664796421E-04   3   0 0  1 1  0 0  1 0
    76  -.7496300026918281E-04   3   0 0  0 2  0 0  1 0
    77  0.3012544366498312E-03   3   2 0  0 0  0 0  0 1
    78  0.5939426141910078E-03   3   1 1  0 0  0 0  0 1
    79  0.3135412178337885E-03   3   0 2  0 0  0 0  0 1
    80  0.1276518740083720       3   1 0  1 0  0 0  0 1
    81  0.1134248078902831       3   0 1  1 0  0 0  0 1
    82  0.4432711148809202E-04   3   0 0  2 0  0 0  0 1
    83  0.1169131586439307       3   1 0  0 1  0 0  0 1
    84  0.1045687855353386       3   0 1  0 1  0 0  0 1
    85  0.5681955084962316E-04   3   0 0  1 1  0 0  0 1
    86  0.4135738576295537E-04   3   0 0  0 2  0 0  0 1
    87  0.4093786419213415E-05   3   1 0  0 0  0 2  0 0
    88  0.9345596865754837E-05   3   0 1  0 0  0 2  0 0
    89  -.1082240157395075       3   0 0  1 0  0 2  0 0
    90  0.1602827606171250       3   0 0  0 1  0 2  0 0
    91  0.2898460748233733E-05   3   1 0  0 0  0 1  1 0
    92  0.9523306519310700E-05   3   0 1  0 0  0 1  1 0
    93  -.6727209257809602E-01   3   0 0  1 0  0 1  1 0
    94  0.2197757747023843E-01   3   0 0  0 1  0 1  1 0
    95  0.4086326888542013E-05   3   1 0  0 0  0 0  2 0
    96  0.9326611993330919E-05   3   0 1  0 0  0 0  2 0
    97  -.1080331071536626       3   0 0  1 0  0 0  2 0
    98  0.1600522714377551       3   0 0  0 1  0 0  2 0
    99  -.5808746753535266E-05   3   1 0  0 0  0 1  0 1
   100  -.9874302745324330E-05   3   0 1  0 0  0 1  0 1
   101  0.1344340315677409       3   0 0  1 0  0 1  0 1
   102  0.2553782059231809       3   0 0  0 1  0 1  0 1
   103  -.5800929615911092E-05   3   1 0  0 0  0 0  1 1
   104  -.9861014374049429E-05   3   0 1  0 0  0 0  1 1
   105  0.1342531165837135       3   0 0  1 0  0 0  1 1
   106  0.2550345299692075       3   0 0  0 1  0 0  1 1
   107  0.5233028770804496E-06   3   1 0  0 0  0 0  0 2
   108  0.5128510725647272E-06   3   0 1  0 0  0 0  0 2
   109  0.1484216886289044E-01   3   0 0  1 0  0 0  0 2
   110  0.1243207365615391E-01   3   0 0  0 1  0 0  0 2
   111  -.7574104204513236E-05   3   0 0  0 0  0 3  0 0
   112  -.4085326710839232E-05   3   0 0  0 0  0 2  1 0
   113  -.4092348683641613E-05   3   0 0  0 0  0 1  2 0
   114  -.7556069684246709E-05   3   0 0  0 0  0 0  3 0
   115  0.8167995339192114E-05   3   0 0  0 0  0 2  0 1
   116  0.4694444856269801E-05   3   0 0  0 0  0 1  1 1
   117  0.8153844454622966E-05   3   0 0  0 0  0 0  2 1
   118  0.1135818358589576E-05   3   0 0  0 0  0 1  0 2
   119  0.1134289827771854E-05   3   0 0  0 0  0 0  1 2
   120  0.2113276861716783E-07   3   0 0  0 0  0 0  0 3
   121  -.1091314329731942E-02   4   4 0  0 0  0 0  0 0
   122  -.3857102887684882E-02   4   3 1  0 0  0 0  0 0
   123  -.5127975727301335E-02   4   2 2  0 0  0 0  0 0
   124  -.2866896018192212E-02   4   1 3  0 0  0 0  0 0
   125  -.5030264204646897E-03   4   0 4  0 0  0 0  0 0
   126   27.32650691007243       4   3 0  1 0  0 0  0 0
   127   74.25585810885599       4   2 1  1 0  0 0  0 0
   128   67.71790974827098       4   1 2  1 0  0 0  0 0
   129   20.78054911433301       4   0 3  1 0  0 0  0 0
   130  0.5602947476734781E-02   4   2 0  2 0  0 0  0 0
   131  0.1011652362134403E-01   4   1 1  2 0  0 0  0 0
   132  0.4636186379334700E-02   4   0 2  2 0  0 0  0 0
   133  -21.90874082965487       4   1 0  3 0  0 0  0 0
   134  -19.35152040967414       4   0 1  3 0  0 0  0 0
   135  -.9822827576314115E-03   4   0 0  4 0  0 0  0 0
   136   25.06091102829031       4   3 0  0 1  0 0  0 0
   137   68.47057817551729       4   2 1  0 1  0 0  0 0
   138   62.84042297257766       4   1 2  0 1  0 0  0 0
   139   19.42129428175805       4   0 3  0 1  0 0  0 0
   140  0.1005561904002967E-01   4   2 0  1 1  0 0  0 0
   141  0.1841224467208639E-01   4   1 1  1 1  0 0  0 0
   142  0.8332110199564908E-02   4   0 2  1 1  0 0  0 0
   143  -59.38551526364721       4   1 0  2 1  0 0  0 0
   144  -52.80543520616176       4   0 1  2 1  0 0  0 0
   145  -.3569836725722790E-02   4   0 0  3 1  0 0  0 0
   146  0.4521532866857851E-02   4   2 0  0 2  0 0  0 0
   147  0.8607695521567583E-02   4   1 1  0 2  0 0  0 0
   148  0.4057823082732220E-02   4   0 2  0 2  0 0  0 0
   149  -53.89386595569107       4   1 0  1 2  0 0  0 0
   150  -48.18299641699865       4   0 1  1 2  0 0  0 0
   151  -.4789110476747003E-02   4   0 0  2 2  0 0  0 0
   152  -16.31439220186190       4   1 0  0 3  0 0  0 0
   153  -14.64648047753158       4   0 1  0 3  0 0  0 0
   154  -.2959560588521592E-02   4   0 0  1 3  0 0  0 0
   155  -.6596588320298526E-03   4   0 0  0 4  0 0  0 0
   156  0.3069564524697340E-03   4   3 0  0 0  0 1  0 0
   157  0.3600040476263815E-02   4   2 1  0 0  0 1  0 0
   158  0.5716235784379516E-02   4   1 2  0 0  0 1  0 0
   159  0.2452203375276093E-02   4   0 3  0 0  0 1  0 0
   160   1.450030962535930       4   2 0  1 0  0 1  0 0
   161   4.478363193880557       4   1 1  1 0  0 1  0 0
   162   3.488232623092876       4   0 2  1 0  0 1  0 0
   163  -.6736429898843597E-03   4   1 0  2 0  0 1  0 0
   164  -.2867384479233444E-02   4   0 1  2 0  0 1  0 0
   165  0.2565476067227916       4   0 0  3 0  0 1  0 0
   166   2.438418408916170       4   2 0  0 1  0 1  0 0
   167   6.463836534211083       4   1 1  0 1  0 1  0 0
   168   3.860654727686044       4   0 2  0 1  0 1  0 0
   169  -.5724015913306640E-02   4   1 0  1 1  0 1  0 0
   170  -.9216713227677874E-02   4   0 1  1 1  0 1  0 0
   171  0.8637181996695921       4   0 0  2 1  0 1  0 0
   172  -.4677821201721844E-02   4   1 0  0 2  0 1  0 0
   173  -.6095451212084334E-02   4   0 1  0 2  0 1  0 0
   174   1.571087974572023       4   0 0  1 2  0 1  0 0
   175  0.4780668360318466       4   0 0  0 3  0 1  0 0
   176  0.3065433649423567E-03   4   3 0  0 0  0 0  1 0
   177  0.3595195711454888E-02   4   2 1  0 0  0 0  1 0
   178  0.5708543143657761E-02   4   1 2  0 0  0 0  1 0
   179  0.2448903315541988E-02   4   0 3  0 0  0 0  1 0
   180   1.448079579204143       4   2 0  1 0  0 0  1 0
   181   4.472336423752181       4   1 1  1 0  0 0  1 0
   182   3.483538324023428       4   0 2  1 0  0 0  1 0
   183  -.6727364328962676E-03   4   1 0  2 0  0 0  1 0
   184  -.2863525688336440E-02   4   0 1  2 0  0 0  1 0
   185  0.2562023570443356       4   0 0  3 0  0 0  1 0
   186   2.435136900340132       4   2 0  0 1  0 0  1 0
   187   6.455137807633408       4   1 1  0 1  0 0  1 0
   188   3.855459240499878       4   0 2  0 1  0 0  1 0
   189  -.5716312802454037E-02   4   1 0  1 1  0 0  1 0
   190  -.9204309809384715E-02   4   0 1  1 1  0 0  1 0
   191  0.8625558484221104       4   0 0  2 1  0 0  1 0
   192  -.4671526010406641E-02   4   1 0  0 2  0 0  1 0
   193  -.6087248241111776E-02   4   0 1  0 2  0 0  1 0
   194   1.568973678418659       4   0 0  1 2  0 0  1 0
   195  0.4774234762144252       4   0 0  0 3  0 0  1 0
   196  0.1004892998973570E-03   4   3 0  0 0  0 0  0 1
   197  0.3704852962198266E-03   4   2 1  0 0  0 0  0 1
   198  0.4353881083863900E-03   4   1 2  0 0  0 0  0 1
   199  0.1704529125862977E-03   4   0 3  0 0  0 0  0 1
   200  -2.895681354604477       4   2 0  1 0  0 0  0 1
   201  -6.117172270377051       4   1 1  1 0  0 0  0 1
   202  -3.415186084097511       4   0 2  1 0  0 0  0 1
   203  -.2311982132978044E-03   4   1 0  2 0  0 0  0 1
   204  -.2118110417548784E-03   4   0 1  2 0  0 0  0 1
   205  -.5133039159428823       4   0 0  3 0  0 0  0 1
   206  -3.087868382879243       4   2 0  0 1  0 0  0 1
   207  -6.156780306485685       4   1 1  0 1  0 0  0 1
   208  -3.411923370151183       4   0 2  0 1  0 0  0 1
   209  -.4778534189020983E-03   4   1 0  1 1  0 0  0 1
   210  -.4401001098742950E-03   4   0 1  1 1  0 0  0 1
   211  -1.076734120909635       4   0 0  2 1  0 0  0 1
   212  -.2145351311371467E-03   4   1 0  0 2  0 0  0 1
   213  -.1936162916196279E-03   4   0 1  0 2  0 0  0 1
   214  -.9842315471373085       4   0 0  1 2  0 0  0 1
   215  -.5277425912204318       4   0 0  0 3  0 0  0 1
   216  -.1429911289410661E-04   4   2 0  0 0  0 2  0 0
   217  0.2364585202805258E-03   4   1 1  0 0  0 2  0 0
   218  0.3124063719722783E-03   4   0 2  0 0  0 2  0 0
   219  0.4626821265162562E-01   4   1 0  1 0  0 2  0 0
   220  0.1147327570373771       4   0 1  1 0  0 2  0 0
   221  0.2186583047201816E-04   4   0 0  2 0  0 2  0 0
   222  0.1177377599268577       4   1 0  0 1  0 2  0 0
   223  0.2002238475798266       4   0 1  0 1  0 2  0 0
   224  -.1007467268868087E-03   4   0 0  1 1  0 2  0 0
   225  -.7729372937717973E-06   4   0 0  0 2  0 2  0 0
   226  -.1300226869732098E-04   4   2 0  0 0  0 1  1 0
   227  0.3363548252226006E-03   4   1 1  0 0  0 1  1 0
   228  0.4558701508485260E-03   4   0 2  0 0  0 1  1 0
   229  0.2854771605442021E-01   4   1 0  1 0  0 1  1 0
   230  0.1122091904406735       4   0 1  1 0  0 1  1 0
   231  0.5673740942221026E-04   4   0 0  2 0  0 1  1 0
   232  0.1158332580756564       4   1 0  0 1  0 1  1 0
   233  0.2381425241946022       4   0 1  0 1  0 1  1 0
   234  -.4050595459979090E-04   4   0 0  1 1  0 1  1 0
   235  0.2925157638389121E-04   4   0 0  0 2  0 1  1 0
   236  -.1427112090164868E-04   4   2 0  0 0  0 0  2 0
   237  0.2359139803118917E-03   4   1 1  0 0  0 0  2 0
   238  0.3116792059177924E-03   4   0 2  0 0  0 0  2 0
   239  0.4618673798615504E-01   4   1 0  1 0  0 0  2 0
   240  0.1145028521799943       4   0 1  1 0  0 0  2 0
   241  0.2179822720204114E-04   4   0 0  2 0  0 0  2 0
   242  0.1175013725284937       4   1 0  0 1  0 0  2 0
   243  0.1997941552690806       4   0 1  0 1  0 0  2 0
   244  -.1005838911874390E-03   4   0 0  1 1  0 0  2 0
   245  -.7915798076002739E-06   4   0 0  0 2  0 0  2 0
   246  -.4168683392267997E-04   4   2 0  0 0  0 1  0 1
   247  -.3680360663717922E-03   4   1 1  0 0  0 1  0 1
   248  -.3251183101273743E-03   4   0 2  0 0  0 1  0 1
   249  -.5690936129844998E-01   4   1 0  1 0  0 1  0 1
   250  -.1069643964335336       4   0 1  1 0  0 1  0 1
   251  -.1265834938912774E-03   4   0 0  2 0  0 1  0 1
   252  -.1120066801616390       4   1 0  0 1  0 1  0 1
   253  -.1522168761872794       4   0 1  0 1  0 1  0 1
   254  -.1269782946850878E-03   4   0 0  1 1  0 1  0 1
   255  -.3608840857399060E-05   4   0 0  0 2  0 1  0 1
   256  -.4163073374621923E-04   4   2 0  0 0  0 0  1 1
   257  -.3675407807786080E-03   4   1 1  0 0  0 0  1 1
   258  -.3246807812279001E-03   4   0 2  0 0  0 0  1 1
   259  -.5683277536205977E-01   4   1 0  1 0  0 0  1 1
   260  -.1068204487898707       4   0 1  1 0  0 0  1 1
   261  -.1264131437908720E-03   4   0 0  2 0  0 0  1 1
   262  -.1118559468501694       4   1 0  0 1  0 0  1 1
   263  -.1520120298890396       4   0 1  0 1  0 0  1 1
   264  -.1268074132803805E-03   4   0 0  1 1  0 0  1 1
   265  -.3603984249451932E-05   4   0 0  0 2  0 0  1 1
   266  0.2981312062516066E-04   4   2 0  0 0  0 0  0 2
   267  0.7254783539120261E-04   4   1 1  0 0  0 0  0 2
   268  0.4105890870446921E-04   4   0 2  0 0  0 0  0 2
   269  -.7182118525806050E-02   4   1 0  1 0  0 0  0 2
   270  -.6950772090022324E-02   4   0 1  1 0  0 0  0 2
   271  0.1098641516994147E-03   4   0 0  2 0  0 0  0 2
   272  -.5194517725683059E-02   4   1 0  0 1  0 0  0 2
   273  -.5157292705036119E-02   4   0 1  0 1  0 0  0 2
   274  0.1665099093781258E-03   4   0 0  1 1  0 0  0 2
   275  0.5823992581296341E-04   4   0 0  0 2  0 0  0 2
   276  -.6220536039614966E-05   4   1 0  0 0  0 3  0 0
   277  -.1253651866584319E-04   4   0 1  0 0  0 3  0 0
   278  0.8774402368294223E-01   4   0 0  1 0  0 3  0 0
   279  -.9251654871651263E-01   4   0 0  0 1  0 3  0 0
   280  -.4242582981202017E-05   4   1 0  0 0  0 2  1 0
   281  -.1217404444798979E-04   4   0 1  0 0  0 2  1 0
   282  0.4680747255679427E-01   4   0 0  1 0  0 2  1 0
   283  0.4292370034438973E-01   4   0 0  0 1  0 2  1 0
   284  -.4246558836654450E-05   4   1 0  0 0  0 1  2 0
   285  -.1217474209266414E-04   4   0 1  0 0  0 1  2 0
   286  0.4688986991531799E-01   4   0 0  1 0  0 1  2 0
   287  0.4265054801648054E-01   4   0 0  0 1  0 1  2 0
   288  -.6205128198489478E-05   4   1 0  0 0  0 0  3 0
   289  -.1250303149339966E-04   4   0 1  0 0  0 0  3 0
   290  0.8753544787216003E-01   4   0 0  1 0  0 0  3 0
   291  -.9235863569059012E-01   4   0 0  0 1  0 0  3 0
   292  0.7532310190168858E-05   4   1 0  0 0  0 2  0 1
   293  0.1335675388616184E-04   4   0 1  0 0  0 2  0 1
   294  -.9358529158481141E-01   4   0 0  1 0  0 2  0 1
   295  -.2462147188263162       4   0 0  0 1  0 2  0 1
   296  0.5620915767785146E-05   4   1 0  0 0  0 1  1 1
   297  0.1310636620680402E-04   4   0 1  0 0  0 1  1 1
   298  -.5284444491504711E-01   4   0 0  1 0  0 1  1 1
   299  -.2370734320329922       4   0 0  0 1  0 1  1 1
   300  0.7518391380402633E-05   4   1 0  0 0  0 0  2 1
   301  0.1332996003131447E-04   4   0 1  0 0  0 0  2 1
   302  -.9342379112817122E-01   4   0 0  1 0  0 0  2 1
   303  -.2457238535354442       4   0 0  0 1  0 0  2 1
   304  -.2812539473743597E-06   4   1 0  0 0  0 1  0 2
   305  -.4671745936848508E-06   4   0 1  0 0  0 1  0 2
   306  -.1442924831907127E-01   4   0 0  1 0  0 1  0 2
   307  -.1831916110757679E-01   4   0 0  0 1  0 1  0 2
   308  -.2808754490670232E-06   4   1 0  0 0  0 0  1 2
   309  -.4665458921338448E-06   4   0 1  0 0  0 0  1 2
   310  -.1440983011671041E-01   4   0 0  1 0  0 0  1 2
   311  -.1829450804391038E-01   4   0 0  0 1  0 0  1 2
   312  0.2017214058861055E-07   4   1 0  0 0  0 0  0 3
   313  0.1629936471949893E-07   4   0 1  0 0  0 0  0 3
   314  -.2820033062848647E-03   4   0 0  1 0  0 0  0 3
   315  -.2277440727086882E-03   4   0 0  0 1  0 0  0 3
   316  0.9627574359898495E-05   4   0 0  0 0  0 4  0 0
   317  0.4566631704822290E-05   4   0 0  0 0  0 3  1 0
   318  0.3896974498916660E-05   4   0 0  0 0  0 2  2 0
   319  0.4581115446899289E-05   4   0 0  0 0  0 1  3 0
   320  0.9598603540092315E-05   4   0 0  0 0  0 0  4 0
   321  -.1290806724392007E-05   4   0 0  0 0  0 3  0 1
   322  0.3636036848212574E-06   4   0 0  0 0  0 2  1 1
   323  0.3602675500574724E-06   4   0 0  0 0  0 1  2 1
   324  -.1288445396780016E-05   4   0 0  0 0  0 0  3 1
   325  -.4255255600758347E-06   4   0 0  0 0  0 2  0 2
   326  -.4981746911665567E-06   4   0 0  0 0  0 1  1 2
   327  -.4246176978208075E-06   4   0 0  0 0  0 0  2 2
   328  -.8992871930590455E-08   4   0 0  0 0  0 1  0 3
   329  -.8980769747365638E-08   4   0 0  0 0  0 0  1 3
   330  -.1443672563042822E-13   4   0 0  0 0  0 0  0 4
   ----------------------------------------------------
     I  COEFFICIENT            ORDER EXPONENTS
     1  0.1246539315350820E-03   0   0 0  0 0  0 0  0 0
     2  0.4522253039390009E-04   1   1 0  0 0  0 0  0 0
     3  0.4174865682750914E-04   1   0 1  0 0  0 0  0 0
     4  -1.385455723665530       1   0 0  1 0  0 0  0 0
     5  -.2893472614571588       1   0 0  0 1  0 0  0 0
     6  0.4145535840875382E-05   1   0 0  0 0  0 1  0 0
     7  0.4139956974113040E-05   1   0 0  0 0  0 0  1 0
     8  0.1163684387190556E-03   1   0 0  0 0  0 0  0 1
     9  0.4708736249398558E-03   2   2 0  0 0  0 0  0 0
    10  0.7864067911176661E-03   2   1 1  0 0  0 0  0 0
    11  0.3759907910172009E-03   2   0 2  0 0  0 0  0 0
    12  0.5906332538072320       2   1 0  1 0  0 0  0 0
    13  0.5427048930829605       2   0 1  1 0  0 0  0 0
    14  0.4075500953699522E-03   2   0 0  2 0  0 0  0 0
    15  0.5549918802536723       2   1 0  0 1  0 0  0 0
    16  0.5134425415039573       2   0 1  0 1  0 0  0 0
    17  0.1010863153982621E-02   2   0 0  1 1  0 0  0 0
    18  0.5247684981171422E-03   2   0 0  0 2  0 0  0 0
    19  -.1819476956488984E-05   2   1 0  0 0  0 1  0 0
    20  -.2267297276203769E-04   2   0 1  0 0  0 1  0 0
    21  -.5167671147839171E-01   2   0 0  1 0  0 1  0 0
    22  0.6011404818226067       2   0 0  0 1  0 1  0 0
    23  -.1817028390149915E-05   2   1 0  0 0  0 0  1 0
    24  -.2264246054383471E-04   2   0 1  0 0  0 0  1 0
    25  -.5160716739552340E-01   2   0 0  1 0  0 0  1 0
    26  0.6003314952929392       2   0 0  0 1  0 0  1 0
    27  0.4885891238172492E-04   2   1 0  0 0  0 0  0 1
    28  0.4531531200126886E-04   2   0 1  0 0  0 0  0 1
    29  -1.282171844860836       2   0 0  1 0  0 0  0 1
    30  -1.201471977191588       2   0 0  0 1  0 0  0 1
    31  -.3060106915139666E-05   2   0 0  0 0  0 2  0 0
    32  -.1977580333659395E-05   2   0 0  0 0  0 1  1 0
    33  -.3054658100261953E-05   2   0 0  0 0  0 0  2 0
    34  0.8097764599315364E-05   2   0 0  0 0  0 1  0 1
    35  0.8086867009352047E-05   2   0 0  0 0  0 0  1 1
    36  -.8092304136277409E-05   2   0 0  0 0  0 0  0 2
    37  -.1139329515779297E-01   3   3 0  0 0  0 0  0 0
    38  -.3196649836741809E-01   3   2 1  0 0  0 0  0 0
    39  -.3005424456874401E-01   3   1 2  0 0  0 0  0 0
    40  -.9445103949956110E-02   3   0 3  0 0  0 0  0 0
    41  -7.923916153488257       3   2 0  1 0  0 0  0 0
    42  -15.48948907408127       3   1 1  1 0  0 0  0 0
    43  -8.116445265126023       3   0 2  1 0  0 0  0 0
    44  0.2450143838839955E-01   3   1 0  2 0  0 0  0 0
    45  0.2242567347051950E-01   3   0 1  2 0  0 0  0 0
    46  -1.608603397133213       3   0 0  3 0  0 0  0 0
    47  -6.943254708798148       3   2 0  0 1  0 0  0 0
    48  -13.90164815405474       3   1 1  0 1  0 0  0 0
    49  -8.087296589124596       3   0 2  0 1  0 0  0 0
    50  0.4595663286357479E-01   3   1 0  1 1  0 0  0 0
    51  0.4231965153253532E-01   3   0 1  1 1  0 0  0 0
    52  -4.991200738755627       3   0 0  2 1  0 0  0 0
    53  0.2174798584133739E-01   3   1 0  0 2  0 0  0 0
    54  0.2016925629963383E-01   3   0 1  0 2  0 0  0 0
    55  -4.390256807670524       3   0 0  1 2  0 0  0 0
    56  -1.708533185683919       3   0 0  0 3  0 0  0 0
    57  -.2819998309629212E-03   3   2 0  0 0  0 1  0 0
    58  -.9530780507627618E-03   3   1 1  0 0  0 1  0 0
    59  -.6455046068991682E-03   3   0 2  0 0  0 1  0 0
    60  0.2483340665765189E-01   3   1 0  1 0  0 1  0 0
    61  -.2472401332014311       3   0 1  1 0  0 1  0 0
    62  -.1028013628715698E-03   3   0 0  2 0  0 1  0 0
    63  -.2593981822485787       3   1 0  0 1  0 1  0 0
    64  -.4954441639068512       3   0 1  0 1  0 1  0 0
    65  -.7297550719042748E-03   3   0 0  1 1  0 1  0 0
    66  -.6467506305704590E-03   3   0 0  0 2  0 1  0 0
    67  -.2816203288806036E-03   3   2 0  0 0  0 0  1 0
    68  -.9517954432390590E-03   3   1 1  0 0  0 0  1 0
    69  -.6446359172207821E-03   3   0 2  0 0  0 0  1 0
    70  0.2479998702932990E-01   3   1 0  1 0  0 0  1 0
    71  -.2469074090821928       3   0 1  1 0  0 0  1 0
    72  -.1026630176422779E-03   3   0 0  2 0  0 0  1 0
    73  -.2590490963999217       3   1 0  0 1  0 0  1 0
    74  -.4947774185005405       3   0 1  0 1  0 0  1 0
    75  -.7287730019206723E-03   3   0 0  1 1  0 0  1 0
    76  -.6458802640521387E-03   3   0 0  0 2  0 0  1 0
    77  0.1033283555574398E-02   3   2 0  0 0  0 0  0 1
    78  0.1902240313854556E-02   3   1 1  0 0  0 0  0 1
    79  0.9127106128691034E-03   3   0 2  0 0  0 0  0 1
    80  0.5410020881468760       3   1 0  1 0  0 0  0 1
    81  0.4941494378841312       3   0 1  1 0  0 0  0 1
    82  0.6138610207840285E-03   3   0 0  2 0  0 0  0 1
    83  0.5184491840899232       3   1 0  0 1  0 0  0 1
    84  0.4767806532448542       3   0 1  0 1  0 0  0 1
    85  0.1460389422919453E-02   3   0 0  1 1  0 0  0 1
    86  0.7688919376501461E-03   3   0 0  0 2  0 0  0 1
    87  0.1352491863064462E-05   3   1 0  0 0  0 2  0 0
    88  0.1781854434302079E-04   3   0 1  0 0  0 2  0 0
    89  0.3811281341134223E-01   3   0 0  1 0  0 2  0 0
    90  -.4292752721609739       3   0 0  0 1  0 2  0 0
    91  0.9770880455797111E-06   3   1 0  0 0  0 1  1 0
    92  0.1311647330126105E-04   3   0 1  0 0  0 1  1 0
    93  0.2458522360165068E-01   3   0 0  1 0  0 1  1 0
    94  -.2578716725280095       3   0 0  0 1  0 1  1 0
    95  0.1350014283735530E-05   3   1 0  0 0  0 0  2 0
    96  0.1778573922001027E-04   3   0 1  0 0  0 0  2 0
    97  0.3804498016561707E-01   3   0 0  1 0  0 0  2 0
    98  -.4285240579588340       3   0 0  0 1  0 0  2 0
    99  -.3828440642691717E-05   3   1 0  0 0  0 1  0 1
   100  -.2636909547178164E-04   3   0 1  0 0  0 1  0 1
   101  -.1008106501595094       3   0 0  1 0  0 1  0 1
   102  0.5152820141479515       3   0 0  0 1  0 1  0 1
   103  -.3823288507702929E-05   3   1 0  0 0  0 0  1 1
   104  -.2633360918582813E-04   3   0 1  0 0  0 0  1 1
   105  -.1006749839375662       3   0 0  1 0  0 0  1 1
   106  0.5145885718977117       3   0 0  0 1  0 0  1 1
   107  0.3947375111396997E-05   3   1 0  0 0  0 0  0 2
   108  0.3861083757837571E-05   3   0 1  0 0  0 0  0 2
   109  0.1007427184145845       3   0 0  1 0  0 0  0 2
   110  0.8580057463620946E-01   3   0 0  0 1  0 0  0 2
   111  0.2517057854892022E-05   3   0 0  0 0  0 3  0 0
   112  0.1433897357509021E-05   3   0 0  0 0  0 2  1 0
   113  0.1436077019254091E-05   3   0 0  0 0  0 1  2 0
   114  0.2511013313891680E-05   3   0 0  0 0  0 0  3 0
   115  -.5927749978803735E-05   3   0 0  0 0  0 2  0 1
   116  -.3764689343238010E-05   3   0 0  0 0  0 1  1 1
   117  -.5917239521500196E-05   3   0 0  0 0  0 0  2 1
   118  0.3762594374518196E-05   3   0 0  0 0  0 1  0 2
   119  0.3757530852333930E-05   3   0 0  0 0  0 0  1 2
   120  0.1908746631872119E-06   3   0 0  0 0  0 0  0 3
   121  -.4905784339945425E-02   4   4 0  0 0  0 0  0 0
   122  -.1802615062681712E-01   4   3 1  0 0  0 0  0 0
   123  -.2504746772692284E-01   4   2 2  0 0  0 0  0 0
   124  -.1526940749064960E-01   4   1 3  0 0  0 0  0 0
   125  -.3426318112563216E-02   4   0 4  0 0  0 0  0 0
   126   126.3362204519266       4   3 0  1 0  0 0  0 0
   127   351.8819851814434       4   2 1  1 0  0 0  0 0
   128   328.4953724538032       4   1 2  1 0  0 0  0 0
   129   103.0301407458099       4   0 3  1 0  0 0  0 0
   130  0.2766690150973882E-01   4   2 0  2 0  0 0  0 0
   131  0.5323466405209001E-01   4   1 1  2 0  0 0  0 0
   132  0.2552016779728009E-01   4   0 2  2 0  0 0  0 0
   133  -92.84508995208500       4   1 0  3 0  0 0  0 0
   134  -84.45647227343920       4   0 1  3 0  0 0  0 0
   135  -.4205791865294493E-02   4   0 0  4 0  0 0  0 0
   136   119.6337632409308       4   3 0  0 1  0 0  0 0
   137   335.4461457361320       4   2 1  0 1  0 0  0 0
   138   315.4593062358878       4   1 2  0 1  0 0  0 0
   139   99.72359089420793       4   0 3  0 1  0 0  0 0
   140  0.5418126710589981E-01   4   2 0  1 1  0 0  0 0
   141  0.1050203937088391       4   1 1  1 1  0 0  0 0
   142  0.5144605132956689E-01   4   0 2  1 1  0 0  0 0
   143  -258.9938532556797       4   1 0  2 1  0 0  0 0
   144  -237.5787739927050       4   0 1  2 1  0 0  0 0
   145  -.1465977240165339E-01   4   0 0  3 1  0 0  0 0
   146  0.2616298845762979E-01   4   2 0  0 2  0 0  0 0
   147  0.5123265218714605E-01   4   1 1  0 2  0 0  0 0
   148  0.2567959191906544E-01   4   0 2  0 2  0 0  0 0
   149  -243.0368950850120       4   1 0  1 2  0 0  0 0
   150  -224.5203193301944       4   0 1  1 2  0 0  0 0
   151  -.1926746289814661E-01   4   0 0  2 2  0 0  0 0
   152  -76.43590668054021       4   1 0  0 3  0 0  0 0
   153  -71.01789905629298       4   0 1  0 3  0 0  0 0
   154  -.1095989159526461E-01   4   0 0  1 3  0 0  0 0
   155  -.2075392632757561E-02   4   0 0  0 4  0 0  0 0
   156  -.1250870870181514E-02   4   3 0  0 0  0 1  0 0
   157  0.9996395514954378E-02   4   2 1  0 0  0 1  0 0
   158  0.2195211470039475E-01   4   1 2  0 0  0 1  0 0
   159  0.1078818107995831E-01   4   0 3  0 0  0 1  0 0
   160   4.298611689439906       4   2 0  1 0  0 1  0 0
   161   15.98167744165873       4   1 1  1 0  0 1  0 0
   162   11.97467154720988       4   0 2  1 0  0 1  0 0
   163  0.2527549696677240E-02   4   1 0  2 0  0 1  0 0
   164  -.7314952987295877E-02   4   0 1  2 0  0 1  0 0
   165  0.4622257862213607       4   0 0  3 0  0 1  0 0
   166   7.354517220637391       4   2 0  0 1  0 1  0 0
   167   21.49725440512378       4   1 1  0 1  0 1  0 0
   168   15.73542238772714       4   0 2  0 1  0 1  0 0
   169  -.1449504400349776E-01   4   1 0  1 1  0 1  0 0
   170  -.3118222284967015E-01   4   0 1  1 1  0 1  0 0
   171   4.025526673864646       4   0 0  2 1  0 1  0 0
   172  -.1580717348737581E-01   4   1 0  0 2  0 1  0 0
   173  -.2301477015502827E-01   4   0 1  0 2  0 1  0 0
   174   6.049438927944606       4   0 0  1 2  0 1  0 0
   175   3.133033238403670       4   0 0  0 3  0 1  0 0
   176  -.1249187507115926E-02   4   3 0  0 0  0 0  1 0
   177  0.9982942836984145E-02   4   2 1  0 0  0 0  1 0
   178  0.2192257257899828E-01   4   1 2  0 0  0 0  1 0
   179  0.1077366285429027E-01   4   0 3  0 0  0 0  1 0
   180   4.292826820414814       4   2 0  1 0  0 0  1 0
   181   15.96017005334811       4   1 1  1 0  0 0  1 0
   182   11.95855659858838       4   0 2  1 0  0 0  1 0
   183  0.2524148239414743E-02   4   1 0  2 0  0 0  1 0
   184  -.7305108868307367E-02   4   0 1  2 0  0 0  1 0
   185  0.4616037445422090       4   0 0  3 0  0 0  1 0
   186   7.344619857968256       4   2 0  0 1  0 0  1 0
   187   21.46832441327586       4   1 1  0 1  0 0  1 0
   188   15.71424639786251       4   0 2  0 1  0 0  1 0
   189  -.1447553725640561E-01   4   1 0  1 1  0 0  1 0
   190  -.3114025928372634E-01   4   0 1  1 1  0 0  1 0
   191   4.020109309783462       4   0 0  2 1  0 0  1 0
   192  -.1578590093826278E-01   4   1 0  0 2  0 0  1 0
   193  -.2298379796200219E-01   4   0 1  0 2  0 0  1 0
   194   6.041297878135559       4   0 0  1 2  0 0  1 0
   195   3.128816949926170       4   0 0  0 3  0 0  1 0
   196  0.4551485111680521E-03   4   3 0  0 0  0 0  0 1
   197  0.1305625362039827E-02   4   2 1  0 0  0 0  0 1
   198  0.1257882713480627E-02   4   1 2  0 0  0 0  0 1
   199  0.4325874915033198E-03   4   0 3  0 0  0 0  0 1
   200  -16.50473921610941       4   2 0  1 0  0 0  0 1
   201  -31.91890095844787       4   1 1  1 0  0 0  0 1
   202  -15.80429499464222       4   0 2  1 0  0 0  0 1
   203  -.1160564142421396E-02   4   1 0  2 0  0 0  0 1
   204  -.1138038282017717E-02   4   0 1  2 0  0 0  0 1
   205  -2.535033508685703       4   0 0  3 0  0 0  0 1
   206  -14.68716913510948       4   2 0  0 1  0 0  0 1
   207  -29.03792131004331       4   1 1  0 1  0 0  0 1
   208  -15.26087138001270       4   0 2  0 1  0 0  0 1
   209  -.2311254679603447E-02   4   1 0  1 1  0 0  0 1
   210  -.2356262261209464E-02   4   0 1  1 1  0 0  0 1
   211  -8.054080665922797       4   0 0  2 1  0 0  0 1
   212  -.1138858588920516E-02   4   1 0  0 2  0 0  0 1
   213  -.1174656453561212E-02   4   0 1  0 2  0 0  0 1
   214  -7.709737782917943       4   0 0  1 2  0 0  0 1
   215  -2.848192007173426       4   0 0  0 3  0 0  0 1
   216  -.1280588077363986E-03   4   2 0  0 0  0 2  0 0
   217  0.1176067430850983E-03   4   1 1  0 0  0 2  0 0
   218  0.2470895491140973E-03   4   0 2  0 0  0 2  0 0
   219  -.1836664893491828E-01   4   1 0  1 0  0 2  0 0
   220  0.1739934563242228       4   0 1  1 0  0 2  0 0
   221  -.1117174281698658E-03   4   0 0  2 0  0 2  0 0
   222  0.1858605473716501       4   1 0  0 1  0 2  0 0
   223  0.4828252862206392       4   0 1  0 1  0 2  0 0
   224  0.2995795962591944E-03   4   0 0  1 1  0 2  0 0
   225  0.5823980906622268E-03   4   0 0  0 2  0 2  0 0
   226  -.1298840192869294E-03   4   2 0  0 0  0 1  1 0
   227  0.2414616843622496E-03   4   1 1  0 0  0 1  1 0
   228  0.4570371535774988E-03   4   0 2  0 0  0 1  1 0
   229  -.1269580500585228E-01   4   1 0  1 0  0 1  1 0
   230  0.9979606751021511E-01   4   0 1  1 0  0 1  1 0
   231  -.1027732031634065E-03   4   0 0  2 0  0 1  1 0
   232  0.1116298695859906       4   1 0  0 1  0 1  1 0
   233  0.4688762708175782       4   0 1  0 1  0 1  1 0
   234  0.2730936494219115E-03   4   0 0  1 1  0 1  1 0
   235  0.6765950450494183E-03   4   0 0  0 2  0 1  1 0
   236  -.1277990763321824E-03   4   2 0  0 0  0 0  2 0
   237  0.1172859995953072E-03   4   1 1  0 0  0 0  2 0
   238  0.2464494981129836E-03   4   0 2  0 0  0 0  2 0
   239  -.1833338925634954E-01   4   1 0  1 0  0 0  2 0
   240  0.1736921537085148       4   0 1  1 0  0 0  2 0
   241  -.1114979304534529E-03   4   0 0  2 0  0 0  2 0
   242  0.1855353118975242       4   1 0  0 1  0 0  2 0
   243  0.4818600269112648       4   0 1  0 1  0 0  2 0
   244  0.2989926778757789E-03   4   0 0  1 1  0 0  2 0
   245  0.5811590618968810E-03   4   0 0  0 2  0 0  2 0
   246  0.2947765317118937E-03   4   2 0  0 0  0 1  0 1
   247  -.7804600227647026E-04   4   1 1  0 0  0 1  0 1
   248  -.2923080690157247E-03   4   0 2  0 0  0 1  0 1
   249  0.5045100123413614E-01   4   1 0  1 0  0 1  0 1
   250  -.1985966998458173       4   0 1  1 0  0 1  0 1
   251  0.2060339837149596E-03   4   0 0  2 0  0 1  0 1
   252  -.2225574418835178       4   1 0  0 1  0 1  0 1
   253  -.4409004909165161       4   0 1  0 1  0 1  0 1
   254  -.2812887762059103E-03   4   0 0  1 1  0 1  0 1
   255  -.5492158609663172E-03   4   0 0  0 2  0 1  0 1
   256  0.2943798353478529E-03   4   2 0  0 0  0 0  1 1
   257  -.7794097164478707E-04   4   1 1  0 0  0 0  1 1
   258  -.2919146945924440E-03   4   0 2  0 0  0 0  1 1
   259  0.5038310665434890E-01   4   1 0  1 0  0 0  1 1
   260  -.1983294377667033       4   0 1  1 0  0 0  1 1
   261  0.2057567128897213E-03   4   0 0  2 0  0 0  1 1
   262  -.2222579345669998       4   1 0  0 1  0 0  1 1
   263  -.4403071478147614       4   0 1  0 1  0 0  1 1
   264  -.2809102310275733E-03   4   0 0  1 1  0 0  1 1
   265  -.5484767521442756E-03   4   0 0  0 2  0 0  1 1
   266  -.2038393456192011E-03   4   2 0  0 0  0 0  0 2
   267  -.3858226779708972E-03   4   1 1  0 0  0 0  0 2
   268  -.1810592913270233E-03   4   0 2  0 0  0 0  0 2
   269  -.5143726464000861E-01   4   1 0  1 0  0 0  0 2
   270  -.4996672371570947E-01   4   0 1  1 0  0 0  0 2
   271  -.8553275982238349E-04   4   0 0  2 0  0 0  0 2
   272  -.3800957945855753E-01   4   1 0  0 1  0 0  0 2
   273  -.3781000397046474E-01   4   0 1  0 1  0 0  0 2
   274  -.1862947859966143E-03   4   0 0  1 1  0 0  0 2
   275  -.9640290030560051E-04   4   0 0  0 2  0 0  0 2
   276  -.3487524946198253E-05   4   1 0  0 0  0 3  0 0
   277  -.2015555980933576E-04   4   0 1  0 0  0 3  0 0
   278  -.3133281179246513E-01   4   0 0  1 0  0 3  0 0
   279  0.3436662637556352       4   0 0  0 1  0 3  0 0
   280  -.2376156259799491E-05   4   1 0  0 0  0 2  1 0
   281  -.1418783120334025E-04   4   0 1  0 0  0 2  1 0
   282  -.1779865207823291E-01   4   0 0  1 0  0 2  1 0
   283  0.1725420073386522       4   0 0  0 1  0 2  1 0
   284  -.2378390227073931E-05   4   1 0  0 0  0 1  2 0
   285  -.1419982308111433E-04   4   0 1  0 0  0 1  2 0
   286  -.1782588741171301E-01   4   0 0  1 0  0 1  2 0
   287  0.1728865101822825       4   0 0  0 1  0 1  2 0
   288  -.3478888222496399E-05   4   1 0  0 0  0 0  3 0
   289  -.2010533942033280E-04   4   0 1  0 0  0 0  3 0
   290  -.3125760232203713E-01   4   0 0  1 0  0 0  3 0
   291  0.3428565861726759       4   0 0  0 1  0 0  3 0
   292  0.4659569290106530E-05   4   1 0  0 0  0 2  0 1
   293  0.2554683238694699E-04   4   0 1  0 0  0 2  0 1
   294  0.7370055168838571E-01   4   0 0  1 0  0 2  0 1
   295  -.3449644377823183       4   0 0  0 1  0 2  0 1
   296  0.3634007596988465E-05   4   1 0  0 0  0 1  1 1
   297  0.2005413729980135E-04   4   0 1  0 0  0 1  1 1
   298  0.4667283861809583E-01   4   0 0  1 0  0 1  1 1
   299  -.1750932419056682       4   0 0  0 1  0 1  1 1
   300  0.4650853423274247E-05   4   1 0  0 0  0 0  2 1
   301  0.2549895870749570E-04   4   0 1  0 0  0 0  2 1
   302  0.7356996390601137E-01   4   0 0  1 0  0 0  2 1
   303  -.3443823847830120       4   0 0  0 1  0 0  2 1
   304  -.7120302362661155E-06   4   1 0  0 0  0 1  0 2
   305  -.2140253795039789E-05   4   0 1  0 0  0 1  0 2
   306  -.4664065617479062E-01   4   0 0  1 0  0 1  0 2
   307  -.8278395702020168E-01   4   0 0  0 1  0 1  0 2
   308  -.7110720195309505E-06   4   1 0  0 0  0 0  1 2
   309  -.2137373542349080E-05   4   0 1  0 0  0 0  1 2
   310  -.4657788937780898E-01   4   0 0  1 0  0 0  1 2
   311  -.8267255027231693E-01   4   0 0  0 1  0 0  1 2
   312  0.1749796642054320E-06   4   1 0  0 0  0 0  0 3
   313  0.1427376980828384E-06   4   0 1  0 0  0 0  0 3
   314  -.2509753530144238E-02   4   0 0  1 0  0 0  0 3
   315  -.2049757623933809E-02   4   0 0  0 1  0 0  0 3
   316  -.5763950165163279E-05   4   0 0  0 0  0 4  0 0
   317  -.3022616131731768E-05   4   0 0  0 0  0 3  1 0
   318  -.2658595927437421E-05   4   0 0  0 0  0 2  2 0
   319  -.3030460714594685E-05   4   0 0  0 0  0 1  3 0
   320  -.5746411781137036E-05   4   0 0  0 0  0 0  4 0
   321  0.6241530245539368E-05   4   0 0  0 0  0 3  0 1
   322  0.3241434796700186E-05   4   0 0  0 0  0 2  1 1
   323  0.3247473921705893E-05   4   0 0  0 0  0 1  2 1
   324  0.6226752767376997E-05   4   0 0  0 0  0 0  3 1
   325  0.3947070402271924E-06   4   0 0  0 0  0 2  0 2
   326  0.4705058124040660E-06   4   0 0  0 0  0 1  1 2
   327  0.3938592698202726E-06   4   0 0  0 0  0 0  2 2
   328  0.2579406515947303E-08   4   0 0  0 0  0 1  0 3
   329  0.2575935272221338E-08   4   0 0  0 0  0 0  1 3
   330  -.6617961579880747E-14   4   0 0  0 0  0 0  0 4
   ----------------------------------------------------
     I  COEFFICIENT            ORDER EXPONENTS
     1  0.8829410955721258E-08   0   0 0  0 0  0 0  0 0
     2  -.1951066635584871E-05   1   1 0  0 0  0 0  0 0
     3  -.2642816211096999E-05   1   0 1  0 0  0 0  0 0
     4  0.1491310410484040E-04   1   0 0  1 0  0 0  0 0
     5  0.1223365900103588E-06   1   0 0  0 1  0 0  0 0
     6   1.000000000000000       1   0 0  0 0  1 0  0 0
     7  0.2859789907243608       1   0 0  0 0  0 1  0 0
     8  -.2859789894582715       1   0 0  0 0  0 0  1 0
     9  -.1266094599585877E-08   1   0 0  0 0  0 0  0 1
    10  -.1065040096333576       2   2 0  0 0  0 0  0 0
    11  -.3643517323528274       2   1 1  0 0  0 0  0 0
    12  -.5263304910631265       2   0 2  0 0  0 0  0 0
    13  -.7220636791233673E-05   2   1 0  1 0  0 0  0 0
    14  -.1169580565603939E-04   2   0 1  1 0  0 0  0 0
    15  -.8567693220337624E-01   2   0 0  2 0  0 0  0 0
    16  -.1159134879516321E-04   2   1 0  0 1  0 0  0 0
    17  -.1493751498404939E-04   2   0 1  0 1  0 0  0 0
    18  0.1512442982211953E-02   2   0 0  1 1  0 0  0 0
    19  -.2167890792387826       2   0 0  0 2  0 0  0 0
    20  0.2911927673537781E-05   2   1 0  0 0  0 1  0 0
    21  0.4785016877297819E-05   2   0 1  0 0  0 1  0 0
    22  -.2157819449903349E-04   2   0 0  1 0  0 1  0 0
    23  -.6564280666878831E-05   2   0 0  0 1  0 1  0 0
    24  0.9621991480062733E-06   2   1 0  0 0  0 0  1 0
    25  0.2142890401856942E-05   2   0 1  0 0  0 0  1 0
    26  -.6676171309479166E-05   2   0 0  1 0  0 0  1 0
    27  -.6433447709128485E-05   2   0 0  0 1  0 0  1 0
    28  -.3874159098988051E-05   2   1 0  0 0  0 0  0 1
    29  -.4285170437169033E-05   2   0 1  0 0  0 0  0 1
    30  0.2825437996886796E-04   2   0 0  1 0  0 0  0 1
    31  0.1287541239995782E-04   2   0 0  0 1  0 0  0 1
    32  -.2146286620617569       2   0 0  0 0  0 2  0 0
    33  0.1432783315982691       2   0 0  0 0  0 1  1 0
    34  0.7135032866204333E-01   2   0 0  0 0  0 0  2 0
    35  0.1801026701780077E-08   2   0 0  0 0  0 1  0 1
    36  0.5359554383606015E-09   2   0 0  0 0  0 0  1 1
    37  -.5354891611455748E-09   2   0 0  0 0  0 0  0 2
    38  0.5135182518421165E-01   3   3 0  0 0  0 0  0 0
    39  0.1798175894831446       3   2 1  0 0  0 0  0 0
    40  0.1987526371853948       3   1 2  0 0  0 0  0 0
    41  0.7084376755343197E-01   3   0 3  0 0  0 0  0 0
    42  0.3031927095255530E-03   3   2 0  1 0  0 0  0 0
    43  0.5140912383895259E-03   3   1 1  1 0  0 0  0 0
    44  0.3356421358951282E-03   3   0 2  1 0  0 0  0 0
    45  0.3286166201815280E-01   3   1 0  2 0  0 0  0 0
    46  -.3908598184710448E-02   3   0 1  2 0  0 0  0 0
    47  0.9297371811960891E-04   3   0 0  3 0  0 0  0 0
    48  0.2120991370139682E-03   3   2 0  0 1  0 0  0 0
    49  0.3398030899462248E-03   3   1 1  0 1  0 0  0 0
    50  0.2208139751702851E-03   3   0 2  0 1  0 0  0 0
    51  -.6791871637773405E-02   3   1 0  1 1  0 0  0 0
    52  -.6511430000061200E-01   3   0 1  1 1  0 0  0 0
    53  0.3091006260150140E-03   3   0 0  2 1  0 0  0 0
    54  -.3332046087451621E-01   3   1 0  0 2  0 0  0 0
    55  -.5652224625450321E-01   3   0 1  0 2  0 0  0 0
    56  0.3099264134459151E-03   3   0 0  1 2  0 0  0 0
    57  0.8900847006848218E-04   3   0 0  0 3  0 0  0 0
    58  0.1654593990631756       3   2 0  0 0  0 1  0 0
    59  0.6564518082103161       3   1 1  0 0  0 1  0 0
    60  0.9602771695930894       3   0 2  0 0  0 1  0 0
    61  0.1088361568534767E-04   3   1 0  1 0  0 1  0 0
    62  0.2105805038522314E-04   3   0 1  1 0  0 1  0 0
    63  0.1237754608307291       3   0 0  2 0  0 1  0 0
    64  0.2088092202373982E-04   3   1 0  0 1  0 1  0 0
    65  0.3327083385407652E-04   3   0 1  0 1  0 1  0 0
    66  0.7097511154860688E-01   3   0 0  1 1  0 1  0 0
    67  0.3250138764043952       3   0 0  0 2  0 1  0 0
    68  0.5901929390638462E-01   3   2 0  0 0  0 0  1 0
    69  0.2921969055687930       3   1 1  0 0  0 0  1 0
    70  0.4340702386882447       3   0 2  0 0  0 0  1 0
    71  0.3652796898461943E-05   3   1 0  1 0  0 0  1 0
    72  0.9310748042262538E-05   3   0 1  1 0  0 0  1 0
    73  0.3816247455278467E-01   3   0 0  2 0  0 0  1 0
    74  0.9268095425667741E-05   3   1 0  0 1  0 0  1 0
    75  0.1826250296552082E-04   3   0 1  0 1  0 0  1 0
    76  0.7238807367131590E-01   3   0 0  1 1  0 0  1 0
    77  0.1083705516006930       3   0 0  0 2  0 0  1 0
    78  -.2244789122524171       3   2 0  0 0  0 0  0 1
    79  -.5842976084090132       3   1 1  0 0  0 0  0 1
    80  -.3416869977169356       3   0 2  0 0  0 0  0 1
    81  -.1450550495380466E-04   3   1 0  1 0  0 0  0 1
    82  -.1856700848564624E-04   3   0 1  1 0  0 0  0 1
    83  -.1619380643831521       3   0 0  2 0  0 0  0 1
    84  -.1849497445531544E-04   3   1 0  0 1  0 0  0 1
    85  -.2148821608829829E-04   3   0 1  0 1  0 0  0 1
    86  -.1448757870119456       3   0 0  1 1  0 0  0 1
    87  0.1936363927537536E-03   3   0 0  0 2  0 0  0 1
    88  -.3622905413823917E-05   3   1 0  0 0  0 2  0 0
    89  -.6790455648500238E-05   3   0 1  0 0  0 2  0 0
    90  0.2620208207583557E-04   3   0 0  1 0  0 2  0 0
    91  0.1424955317316501E-04   3   0 0  0 1  0 2  0 0
    92  -.1422954876463487E-05   3   1 0  0 0  0 1  1 0
    93  -.4011788859659683E-05   3   0 1  0 0  0 1  1 0
    94  0.9256845050094781E-05   3   0 0  1 0  0 1  1 0
    95  0.1537052600881558E-04   3   0 0  0 1  0 1  1 0
    96  -.7124739685484197E-06   3   1 0  0 0  0 0  2 0
    97  -.2006407894423105E-05   3   0 1  0 0  0 0  2 0
    98  0.4636684632483280E-05   3   0 0  1 0  0 0  2 0
    99  0.7679325161967986E-05   3   0 0  0 1  0 0  2 0
   100  0.5756296395245197E-05   3   1 0  0 0  0 1  0 1
   101  0.8022255953474858E-05   3   0 1  0 0  0 1  0 1
   102  -.4008673545685077E-04   3   0 0  1 0  0 1  0 1
   103  -.3074518915127751E-04   3   0 0  0 1  0 1  0 1
   104  0.1884960731947773E-05   3   1 0  0 0  0 0  1 1
   105  0.3738039627637366E-05   3   0 1  0 0  0 0  1 1
   106  -.1185548207027092E-04   3   0 0  1 0  0 0  1 1
   107  -.1786398231176817E-04   3   0 0  0 1  0 0  1 1
   108  -.1883534110151868E-05   3   1 0  0 0  0 0  0 2
   109  -.1595046126680582E-05   3   0 1  0 0  0 0  0 2
   110  0.1184503649340038E-04   3   0 0  1 0  0 0  0 2
   111  0.1143025734061259E-04   3   0 0  0 1  0 0  0 2
   112  0.1788813490011233       3   0 0  0 0  0 3  0 0
   113  -.1073867922172202       3   0 0  0 0  0 2  1 0
   114  -.3589155500376409E-01   3   0 0  0 0  0 1  2 0
   115  -.3560303931935853E-01   3   0 0  0 0  0 0  3 0
   116  -.2176068639078944E-08   3   0 0  0 0  0 2  0 1
   117  -.2695891066845265E-10   3   0 0  0 0  0 1  1 1
   118  -.1491952340184533E-10   3   0 0  0 0  0 0  2 1
   119  0.3380442706327039E-09   3   0 0  0 0  0 1  0 2
   120  0.4873304842748969E-10   3   0 0  0 0  0 0  1 2
   121  0.4491324633513046E-10   3   0 0  0 0  0 0  0 3
   122  -.5026939795910548       4   4 0  0 0  0 0  0 0
   123  -2.643743773319600       4   3 1  0 0  0 0  0 0
   124  -5.545872177703866       4   2 2  0 0  0 0  0 0
   125  -5.321055101577602       4   1 3  0 0  0 0  0 0
   126  -2.186753328850817       4   0 4  0 0  0 0  0 0
   127  0.1670188250322966E-03   4   3 0  1 0  0 0  0 0
   128  0.1981767749437593E-02   4   2 1  1 0  0 0  0 0
   129  0.3145864793700316E-02   4   1 2  1 0  0 0  0 0
   130  0.1340019869219116E-02   4   0 3  1 0  0 0  0 0
   131  -2.012488387534342       4   2 0  2 0  0 0  0 0
   132  -3.891971146489007       4   1 1  2 0  0 0  0 0
   133  -2.445042946810721       4   0 2  2 0  0 0  0 0
   134  0.2232024166353735E-02   4   1 0  3 0  0 0  0 0
   135  0.1586200694480096E-02   4   0 1  3 0  0 0  0 0
   136  -.3610671331175570       4   0 0  4 0  0 0  0 0
   137  0.7251247953244752E-03   4   3 0  0 1  0 0  0 0
   138  0.3405394913179453E-02   4   2 1  0 1  0 0  0 0
   139  0.4377731149234374E-02   4   1 2  0 1  0 0  0 0
   140  0.1699059532432536E-02   4   0 3  0 1  0 0  0 0
   141  -3.025209295717976       4   2 0  1 1  0 0  0 0
   142  -5.351507281988595       4   1 1  1 1  0 0  0 0
   143  -3.171935815463616       4   0 2  1 1  0 0  0 0
   144  0.5001992022184366E-02   4   1 0  2 1  0 0  0 0
   145  0.3339135643176455E-02   4   0 1  2 1  0 0  0 0
   146  -1.274874456940344       4   0 0  3 1  0 0  0 0
   147  -.9682999461697059       4   2 0  0 2  0 0  0 0
   148  -1.851342603144225       4   1 1  0 2  0 0  0 0
   149  -1.579439979679148       4   0 2  0 2  0 0  0 0
   150  0.3514601225369676E-02   4   1 0  1 2  0 0  0 0
   151  0.2062150519006402E-02   4   0 1  1 2  0 0  0 0
   152  -1.665811358572427       4   0 0  2 2  0 0  0 0
   153  0.7108422151302124E-03   4   1 0  0 3  0 0  0 0
   154  0.2764761224958768E-03   4   0 1  0 3  0 0  0 0
   155  -.8697256724399882       4   0 0  1 3  0 0  0 0
   156  -.2690555705429822       4   0 0  0 4  0 0  0 0
   157  -.8317307231014787E-01   4   3 0  0 0  0 1  0 0
   158  -.3598314936778206       4   2 1  0 0  0 1  0 0
   159  -.4828664332686848       4   1 2  0 0  0 1  0 0
   160  -.2043428804534041       4   0 3  0 0  0 1  0 0
   161  0.3781638041194076E-04   4   2 0  1 0  0 1  0 0
   162  -.1399801226439270E-03   4   1 1  1 0  0 1  0 0
   163  -.2818736653378338E-03   4   0 2  1 0  0 1  0 0
   164  -.4525997743283596E-01   4   1 0  2 0  0 1  0 0
   165  -.6718186872383679E-02   4   0 1  2 0  0 1  0 0
   166  -.3386261713669565E-04   4   0 0  3 0  0 1  0 0
   167  -.7038792029402630E-04   4   2 0  0 1  0 1  0 0
   168  -.1154535312878700E-03   4   1 1  0 1  0 1  0 0
   169  -.1338266022454408E-03   4   0 2  0 1  0 1  0 0
   170  -.1508380604767459E-01   4   1 0  1 1  0 1  0 0
   171  0.1048278916964240       4   0 1  1 1  0 1  0 0
   172  -.2275994191395742E-03   4   0 0  2 1  0 1  0 0
   173  0.5423480281263658E-01   4   1 0  0 2  0 1  0 0
   174  0.1287208939037055       4   0 1  0 2  0 1  0 0
   175  -.4848636332016752E-03   4   0 0  1 2  0 1  0 0
   176  -.2256786163204953E-03   4   0 0  0 3  0 1  0 0
   177  -.3154316002468681E-01   4   3 0  0 0  0 0  1 0
   178  -.1786841334081806       4   2 1  0 0  0 0  1 0
   179  -.2822009728638939       4   1 2  0 0  0 0  1 0
   180  -.1325778090185311       4   0 3  0 0  0 0  1 0
   181  0.1319553818609960E-04   4   2 0  1 0  0 0  1 0
   182  -.2400348611617059E-03   4   1 1  1 0  0 0  1 0
   183  -.2888947449381577E-03   4   0 2  1 0  0 0  1 0
   184  -.1230861626331603E-01   4   1 0  2 0  0 0  1 0
   185  -.1017954860424553E-01   4   0 1  2 0  0 0  1 0
   186  -.2792909940198096E-04   4   0 0  3 0  0 0  1 0
   187  -.9625677454147717E-04   4   2 0  0 1  0 0  1 0
   188  -.2586486623334822E-03   4   1 1  0 1  0 0  1 0
   189  -.2140211615531821E-03   4   0 2  0 1  0 0  1 0
   190  -.2166916761412009E-01   4   1 0  1 1  0 0  1 0
   191  0.4036083949915974E-01   4   0 1  1 1  0 0  1 0
   192  -.1689261514572381E-03   4   0 0  2 1  0 0  1 0
   193  0.2104778325421923E-01   4   1 0  0 2  0 0  1 0
   194  0.7250801162872700E-01   4   0 1  0 2  0 0  1 0
   195  -.3535718971424637E-03   4   0 0  1 2  0 0  1 0
   196  -.1706497157579953E-03   4   0 0  0 3  0 0  1 0
   197  0.1143391438706265       4   3 0  0 0  0 0  0 1
   198  0.3565063446297474       4   2 1  0 0  0 0  0 1
   199  0.3639600094156824       4   1 2  0 0  0 0  0 1
   200  0.1223338188226547       4   0 3  0 0  0 0  0 1
   201  0.1117326524556210E-04   4   2 0  1 0  0 0  0 1
   202  0.5842990793765790E-04   4   1 1  1 0  0 0  0 1
   203  0.1270019707072079E-03   4   0 2  1 0  0 0  0 1
   204  0.5735101295933226E-01   4   1 0  2 0  0 0  0 1
   205  0.1994606782574163E-01   4   0 1  2 0  0 0  0 1
   206  0.9399418356552778E-04   4   0 0  3 0  0 0  0 1
   207  -.8170932697530817E-04   4   2 0  0 1  0 0  0 1
   208  -.1994725575517053E-03   4   1 1  0 1  0 0  0 1
   209  -.3829965815280705E-04   4   0 2  0 1  0 0  0 1
   210  0.4320725400635074E-01   4   1 0  1 1  0 0  0 1
   211  -.1616200268339334E-01   4   0 1  1 1  0 0  0 1
   212  0.1897279482826929E-03   4   0 0  2 1  0 0  0 1
   213  -.8931112782047515E-02   4   1 0  0 2  0 0  0 1
   214  -.3247512267864353E-01   4   0 1  0 2  0 0  0 1
   215  0.1661106060732474E-03   4   0 0  1 2  0 0  0 1
   216  0.7446376453945328E-04   4   0 0  0 3  0 0  0 1
   217  -.2127104578988805       4   2 0  0 0  0 2  0 0
   218  -.9358465030734540       4   1 1  0 0  0 2  0 0
   219  -1.399017780167695       4   0 2  0 0  0 2  0 0
   220  -.1700622655394162E-04   4   1 0  1 0  0 2  0 0
   221  -.3881730795295090E-04   4   0 1  1 0  0 2  0 0
   222  -.1501092741368729       4   0 0  2 0  0 2  0 0
   223  -.3920922038191492E-04   4   1 0  0 1  0 2  0 0
   224  -.6848093167786053E-04   4   0 1  0 1  0 2  0 0
   225  -.1579309459892067       4   0 0  1 1  0 2  0 0
   226  -.4218024983391466       4   0 0  0 2  0 2  0 0
   227  -.9450628756623722E-01   4   2 0  0 0  0 1  1 0
   228  -.5587728651682048       4   1 1  0 0  0 1  1 0
   229  -.8774446282207200       4   0 2  0 0  0 1  1 0
   230  -.6684560591846283E-05   4   1 0  1 0  0 1  1 0
   231  -.2103471220486828E-04   4   0 1  1 0  0 1  1 0
   232  -.5271940760062165E-01   4   0 0  2 0  0 1  1 0
   233  -.2148396384714724E-04   4   1 0  0 1  0 1  1 0
   234  -.4804022163218556E-04   4   0 1  0 1  0 1  1 0
   235  -.1739092699346924       4   0 0  1 1  0 1  1 0
   236  -.1936257265226290       4   0 0  0 2  0 1  1 0
   237  -.4730069124234622E-01   4   2 0  0 0  0 0  2 0
   238  -.2794513573656076       4   1 1  0 0  0 0  2 0
   239  -.4387768440619235       4   0 2  0 0  0 0  2 0
   240  -.3369680218213483E-05   4   1 0  1 0  0 0  2 0
   241  -.1054699895889582E-04   4   0 1  1 0  0 0  2 0
   242  -.2640735153853020E-01   4   0 0  2 0  0 0  2 0
   243  -.1076274701883478E-04   4   1 0  0 1  0 0  2 0
   244  -.2402380903914913E-04   4   0 1  0 1  0 0  2 0
   245  -.8688524640506332E-01   4   0 0  1 1  0 0  2 0
   246  -.9690089124110413E-01   4   0 0  0 2  0 0  2 0
   247  0.3544371990679098       4   2 0  0 0  0 1  0 1
   248   1.117500032603841       4   1 1  0 0  0 1  0 1
   249  0.7946164054945370       4   0 2  0 0  0 1  0 1
   250  0.2067502056035410E-04   4   1 0  1 0  0 1  0 1
   251  0.3792105331427902E-04   4   0 1  1 0  0 1  0 1
   252  0.2291816931899681       4   0 0  2 0  0 1  0 1
   253  0.3860430528695103E-04   4   1 0  0 1  0 1  0 1
   254  0.5692355782774294E-04   4   0 1  0 1  0 1  0 1
   255  0.3478605319027693       4   0 0  1 1  0 1  0 1
   256  0.6220983871870252E-01   4   0 0  0 2  0 1  0 1
   257  0.1300760266496477       4   2 0  0 0  0 0  1 1
   258  0.5332541986613241       4   1 1  0 0  0 0  1 1
   259  0.4527720005837125       4   0 2  0 0  0 0  1 1
   260  0.6932977461490245E-05   4   1 0  1 0  0 0  1 1
   261  0.1709877939460052E-04   4   0 1  1 0  0 0  1 1
   262  0.6737736309918016E-01   4   0 0  2 0  0 0  1 1
   263  0.1758433675945020E-04   4   1 0  0 1  0 0  1 1
   264  0.3063991537580752E-04   4   0 1  0 1  0 0  1 1
   265  0.2029176641752848       4   0 0  1 1  0 0  1 1
   266  0.6232422846314282E-01   4   0 0  0 2  0 0  1 1
   267  -.1300060346023232       4   2 0  0 0  0 0  0 2
   268  -.2410584606694939       4   1 1  0 0  0 0  0 2
   269  -.1111536395265916       4   0 2  0 0  0 0  0 2
   270  -.4944774510109161E-05   4   1 0  1 0  0 0  0 2
   271  -.4509191045067143E-05   4   0 1  1 0  0 0  0 2
   272  -.6731662117426104E-01   4   0 0  2 0  0 0  0 2
   273  -.4802783415947843E-05   4   1 0  0 1  0 0  0 2
   274  -.4415901098326019E-05   4   0 1  0 1  0 0  0 2
   275  -.1305248213331618       4   0 0  1 1  0 0  0 2
   276  -.6256303453514220E-01   4   0 0  0 2  0 0  0 2
   277  -.7956502199319999E-04   4   1 0  0 0  0 3  0 0
   278  -.1722600406392611E-03   4   0 1  0 0  0 3  0 0
   279  -.3825995047613169E-04   4   0 0  1 0  0 3  0 0
   280  -.1378570684271496E-04   4   0 0  0 1  0 3  0 0
   281  -.3862089466752780E-04   4   1 0  0 0  0 2  1 0
   282  -.8161486326092759E-04   4   0 1  0 0  0 2  1 0
   283  -.1362004234119487E-04   4   0 0  1 0  0 2  1 0
   284  -.2095006283938487E-04   4   0 0  0 1  0 2  1 0
   285  -.2389621261353583E-04   4   1 0  0 0  0 1  2 0
   286  -.5024424487865618E-04   4   0 1  0 0  0 1  2 0
   287  -.7759662384307497E-05   4   0 0  1 0  0 1  2 0
   288  -.1468815798708692E-04   4   0 0  0 1  0 1  2 0
   289  -.1289361012000601E-04   4   1 0  0 0  0 0  3 0
   290  -.2725014914381978E-04   4   0 1  0 0  0 0  3 0
   291  -.4554489188392413E-05   4   0 0  1 0  0 0  3 0
   292  -.6973635891184682E-05   4   0 0  0 1  0 0  3 0
   293  0.6869980120116282E-04   4   1 0  0 0  0 2  0 1
   294  0.5798656742786253E-04   4   0 1  0 0  0 2  0 1
   295  0.4282338002477964E-04   4   0 0  1 0  0 2  0 1
   296  0.5785503648873562E-04   4   0 0  0 1  0 2  0 1
   297  0.3312766019944637E-04   4   1 0  0 0  0 1  1 1
   298  0.2914586275468175E-04   4   0 1  0 0  0 1  1 1
   299  0.1287878891650166E-04   4   0 0  1 0  0 1  1 1
   300  0.3928304430037071E-04   4   0 0  0 1  0 1  1 1
   301  0.1657649964355353E-04   4   1 0  0 0  0 0  2 1
   302  0.1458237847973921E-04   4   0 1  0 0  0 0  2 1
   303  0.6455264565389005E-05   4   0 0  1 0  0 0  2 1
   304  0.1964102970688259E-04   4   0 0  0 1  0 0  2 1
   305  -.1533137016268314E-06   4   1 0  0 0  0 1  0 2
   306  0.8413600081978126E-06   4   0 1  0 0  0 1  0 2
   307  -.6457719122864243E-05   4   0 0  1 0  0 1  0 2
   308  -.1223537971248639E-04   4   0 0  0 1  0 1  0 2
   309  -.1233375387950508E-05   4   1 0  0 0  0 0  1 2
   310  -.1852698615984554E-06   4   0 1  0 0  0 0  1 2
   311  -.7863485258174760E-06   4   0 0  1 0  0 0  1 2
   312  -.6432374724407931E-05   4   0 0  0 1  0 0  1 2
   313  -.2809415546595259E-07   4   1 0  0 0  0 0  0 3
   314  -.1414084899223231E-07   4   0 1  0 0  0 0  0 3
   315  -.1026333446123412E-05   4   0 0  1 0  0 0  0 3
   316  -.9253579010384472E-06   4   0 0  0 1  0 0  0 3
   317  -.1565302490349657       4   0 0  0 0  0 4  0 0
   318  0.8947684541391812E-01   4   0 0  0 0  0 3  1 0
   319  0.2686485684311175E-01   4   0 0  0 0  0 2  2 0
   320  0.1798162804248488E-01   4   0 0  0 0  0 1  3 0
   321  0.2220686200986226E-01   4   0 0  0 0  0 0  4 0
   322  0.3008058166790827E-08   4   0 0  0 0  0 3  0 1
   323  0.1808043239138213E-08   4   0 0  0 0  0 2  1 1
   324  0.1482015438525275E-08   4   0 0  0 0  0 1  2 1
   325  0.5203387423440905E-09   4   0 0  0 0  0 0  3 1
   326  -.4168413318597689E-09   4   0 0  0 0  0 2  0 2
   327  -.1045332355707599E-09   4   0 0  0 0  0 1  1 2
   328  -.5011823229753211E-10   4   0 0  0 0  0 0  2 2
   329  -.8658282915479889E-10   4   0 0  0 0  0 1  0 3
   330  -.4167386664898878E-10   4   0 0  0 0  0 0  1 3
   331  -.2589709269455457E-11   4   0 0  0 0  0 0  0 4
   ----------------------------------------------------
     I  COEFFICIENT            ORDER EXPONENTS
     1   1.000000000000000       1   0 0  0 0  0 1  0 0
     --------------------------------------------------
     I  COEFFICIENT            ORDER EXPONENTS
     1   1.000000000000000       1   0 0  0 0  0 0  1 0
     --------------------------------------------------
     I  COEFFICIENT            ORDER EXPONENTS
     1   1.000000000000000       1   0 0  0 0  0 0  0 1
     --------------------------------------------------
