 L    0.1145458000000000E+01
 P (  0.0000000000000000E+00,  0.0000000000000000E+00,  0.9555200000000000E-01)
 A (  0.0000000000000000E+00,  0.0000000000000000E+00,  0.0000000000000000E+00)
     I  COEFFICIENT            ORDER EXPONENTS
     1  0.9438193607334684E-04   0   0 0  0 0  0 0  0 0
     2   1.394481667872734       1   1 0  0 0  0 0  0 0
     3   1.495939087680314       1   0 1  0 0  0 0  0 0
     4  0.1177114416802022E-04   1   0 0  1 0  0 0  0 0
     5  0.1033636238923479E-04   1   0 0  0 1  0 0  0 0
     6  -.7803694826379005E-06   1   0 0  0 0  0 1  0 0
     7  -.7793192981658388E-06   1   0 0  0 0  0 0  1 0
     8  0.1559688782147549E-05   1   0 0  0 0  0 0  0 1
     9  -.9423188051497225E-01   2   2 0  0 0  0 0  0 0
    10  -.1686171316864218       2   1 1  0 0  0 0  0 0
    11  -.7584448250419715E-01   2   0 2  0 0  0 0  0 0
    12  0.3726614450319692E-03   2   1 0  1 0  0 0  0 0
    13  0.1085228839791193E-03   2   0 1  1 0  0 0  0 0
    14  0.7597799463876662E-01   2   0 0  2 0  0 0  0 0
    15  0.3487372501164624E-03   2   1 0  0 1  0 0  0 0
    16  0.1421036870646531E-03   2   0 1  0 1  0 0  0 0
    17  0.1357992688144745       2   0 0  1 1  0 0  0 0
    18  0.6114698984011949E-01   2   0 0  0 2  0 0  0 0
    19  -.2079593106512419       2   1 0  0 0  0 1  0 0
    20  -.9326678597493856       2   0 1  0 0  0 1  0 0
    21  -.6294300474085045E-05   2   0 0  1 0  0 1  0 0
    22  -.1072770287106296E-04   2   0 0  0 1  0 1  0 0
    23  -.2076794488117508       2   1 0  0 0  0 0  1 0
    24  -.9314127192988492       2   0 1  0 0  0 0  1 0
    25  -.6285829901147158E-05   2   0 0  1 0  0 0  1 0
    26  -.1071326603411824E-04   2   0 0  0 1  0 0  1 0
    27  0.4156387594832799       2   1 0  0 0  0 0  0 1
    28  0.3681414913886447       2   0 1  0 0  0 0  0 1
    29  0.1258011483595787E-04   2   0 0  1 0  0 0  0 1
    30  0.1110459167367150E-04   2   0 0  0 1  0 0  0 1
    31  0.5022053119618037E-06   2   0 0  0 0  0 2  0 0
    32  0.2248027771341331E-06   2   0 0  0 0  0 1  1 0
    33  0.5013782030703456E-06   2   0 0  0 0  0 0  2 0
    34  -.4488997997526963E-06   2   0 0  0 0  0 1  0 1
    35  -.4482956915582118E-06   2   0 0  0 0  0 0  1 1
    36  -.3312430610575031E-06   2   0 0  0 0  0 0  0 2
    37  0.4777522139720701       3   3 0  0 0  0 0  0 0
    38   3.095344361576132       3   2 1  0 0  0 0  0 0
    39   4.863259333239636       3   1 2  0 0  0 0  0 0
    40   2.967384852309947       3   0 3  0 0  0 0  0 0
    41  -.7820066968349696E-02   3   2 0  1 0  0 0  0 0
    42  -.1388569547081807E-01   3   1 1  1 0  0 0  0 0
    43  -.6179981067433466E-02   3   0 2  1 0  0 0  0 0
    44  -.9157876218990813       3   1 0  2 0  0 0  0 0
    45  0.2389222926835192       3   0 1  2 0  0 0  0 0
    46  0.2074773044592198E-02   3   0 0  3 0  0 0  0 0
    47  -.7062792463548063E-02   3   2 0  0 1  0 0  0 0
    48  -.1263257992433548E-01   3   1 1  0 1  0 0  0 0
    49  -.5658666742422073E-02   3   0 2  0 1  0 0  0 0
    50  -2.351330949961314       3   1 0  1 1  0 0  0 0
    51  -.5714330315049638       3   0 1  1 1  0 0  0 0
    52  0.5562860584428645E-02   3   0 0  2 1  0 0  0 0
    53  -.9534022530080142       3   1 0  0 2  0 0  0 0
    54  0.4237363480234309       3   0 1  0 2  0 0  0 0
    55  0.5018438269056924E-02   3   0 0  1 2  0 0  0 0
    56  0.1528732167176747E-02   3   0 0  0 3  0 0  0 0
    57  0.5464884599373544E-01   3   2 0  0 0  0 1  0 0
    58  0.1819415912947288       3   1 1  0 0  0 1  0 0
    59  0.1196583204086571       3   0 2  0 0  0 1  0 0
    60  -.2436179287079625E-03   3   1 0  1 0  0 1  0 0
    61  -.1414463705407321E-03   3   0 1  1 0  0 1  0 0
    62  -.3614389512909429E-01   3   0 0  2 0  0 1  0 0
    63  -.4292864461195110E-03   3   1 0  0 1  0 1  0 0
    64  -.2704092882989515E-03   3   0 1  0 1  0 1  0 0
    65  -.1322610608557782       3   0 0  1 1  0 1  0 0
    66  -.9005305369352418E-01   3   0 0  0 2  0 1  0 0
    67  0.5457530215230810E-01   3   2 0  0 0  0 0  1 0
    68  0.1816967428757748       3   1 1  0 0  0 0  1 0
    69  0.1194972898803527       3   0 2  0 0  0 0  1 0
    70  -.2432900791808226E-03   3   1 0  1 0  0 0  1 0
    71  -.1412560186813948E-03   3   0 1  1 0  0 0  1 0
    72  -.3609525437843231E-01   3   0 0  2 0  0 0  1 0
    73  -.4287087326518934E-03   3   1 0  0 1  0 0  1 0
    74  -.2700453842227076E-03   3   0 1  0 1  0 0  1 0
    75  -.1320830701533263       3   0 0  1 1  0 0  1 0
    76  -.8993186453791685E-01   3   0 0  0 2  0 0  1 0
    77  -.1092243253242984       3   2 0  0 0  0 0  0 1
    78  -.1950214896346944       3   1 1  0 0  0 0  0 1
    79  -.8746676036177645E-01   3   0 2  0 0  0 0  0 1
    80  0.4864011111428700E-03   3   1 0  1 0  0 0  0 1
    81  0.1736558925333335E-03   3   0 1  1 0  0 0  0 1
    82  0.7223926842139525E-01   3   0 0  2 0  0 0  0 1
    83  0.5087313542367100E-03   3   1 0  0 1  0 0  0 1
    84  0.2557011336097321E-03   3   0 1  0 1  0 0  0 1
    85  0.1285450483120378       3   0 0  1 1  0 0  0 1
    86  0.5769100997049667E-01   3   0 0  0 2  0 0  0 1
    87  0.1613424077637940       3   1 0  0 0  0 2  0 0
    88  0.7960144124650538       3   0 1  0 0  0 2  0 0
    89  0.4939116497551308E-05   3   0 0  1 0  0 2  0 0
    90  0.1104700657797037E-04   3   0 0  0 1  0 2  0 0
    91  0.1148506620890826       3   1 0  0 0  0 1  1 0
    92  0.6597272375760731       3   0 1  0 0  0 1  1 0
    93  0.3543258472159122E-05   3   0 0  1 0  0 1  1 0
    94  0.1131222521199744E-04   3   0 0  0 1  0 1  1 0
    95  0.1610480004510722       3   1 0  0 0  0 0  2 0
    96  0.7944992588713868       3   0 1  0 0  0 0  2 0
    97  0.4930085492280940E-05   3   0 0  1 0  0 0  2 0
    98  0.1102452830738394E-04   3   0 0  0 1  0 0  2 0
    99  -.2295764284648226       3   1 0  0 0  0 1  0 1
   100  -.3864209844587564       3   0 1  0 0  0 1  0 1
   101  -.7047910074363426E-05   3   0 0  1 0  0 1  0 1
   102  -.1181245405596945E-04   3   0 0  0 1  0 1  0 1
   103  -.2292674753269574       3   1 0  0 0  0 0  1 1
   104  -.3859009573092625       3   0 1  0 0  0 0  1 1
   105  -.7038425329141855E-05   3   0 0  1 0  0 0  1 1
   106  -.1179655741200262E-04   3   0 0  0 1  0 0  1 1
   107  0.2160264545375960E-01   3   1 0  0 0  0 0  0 2
   108  0.1801956498160766E-01   3   0 1  0 0  0 0  0 2
   109  0.7122779866994358E-06   3   0 0  1 0  0 0  0 2
   110  0.6684995310828601E-06   3   0 0  0 1  0 0  0 2
   111  -.3617849932024055E-06   3   0 0  0 0  0 3  0 0
   112  -.8122469435045429E-07   3   0 0  0 0  0 2  1 0
   113  -.8179005868501729E-07   3   0 0  0 0  0 1  2 0
   114  -.3610001031306361E-06   3   0 0  0 0  0 0  3 0
   115  0.1620125120723955E-06   3   0 0  0 0  0 2  0 1
   116  -.1240066736740931E-06   3   0 0  0 0  0 1  1 1
   117  0.1618779243767625E-06   3   0 0  0 0  0 0  2 1
   118  0.3488703681568480E-06   3   0 0  0 0  0 1  0 2
   119  0.3484008748570289E-06   3   0 0  0 0  0 0  1 2
   120  -.1161324501207949E-07   3   0 0  0 0  0 0  0 3
   121  -9.789752737433368       4   4 0  0 0  0 0  0 0
   122  -36.03340803691317       4   3 1  0 0  0 0  0 0
   123  -50.07748323400378       4   2 2  0 0  0 0  0 0
   124  -31.21530792180636       4   1 3  0 0  0 0  0 0
   125  -7.377317068274076       4   0 4  0 0  0 0  0 0
   126  -.5355018443156464E-02   4   3 0  1 0  0 0  0 0
   127  -.1410361292106627E-01   4   2 1  1 0  0 0  0 0
   128  -.1282044995049236E-01   4   1 2  1 0  0 0  0 0
   129  -.4039646498284972E-02   4   0 3  1 0  0 0  0 0
   130   45.67912674374016       4   2 0  2 0  0 0  0 0
   131   81.13686607436348       4   1 1  2 0  0 0  0 0
   132   36.34496621450149       4   0 2  2 0  0 0  0 0
   133  0.4159956236896212E-02   4   1 0  3 0  0 0  0 0
   134  0.3791503278487257E-02   4   0 1  3 0  0 0  0 0
   135  -6.130037669564091       4   0 0  4 0  0 0  0 0
   136  -.4969062629893124E-02   4   3 0  0 1  0 0  0 0
   137  -.1295958857780044E-01   4   2 1  0 1  0 0  0 0
   138  -.1125592421171590E-01   4   1 2  0 1  0 0  0 0
   139  -.3277648220060740E-02   4   0 3  0 1  0 0  0 0
   140   83.09099273898175       4   2 0  1 1  0 0  0 0
   141   148.6726118569801       4   1 1  1 1  0 0  0 0
   142   67.14208747752758       4   0 2  1 1  0 0  0 0
   143  0.1075482919424678E-01   4   1 0  2 1  0 0  0 0
   144  0.9692708260085397E-02   4   0 1  2 1  0 0  0 0
   145  -21.70455675990430       4   0 0  3 1  0 0  0 0
   146   37.95166900454078       4   2 0  0 2  0 0  0 0
   147   68.32178427347139       4   1 1  0 2  0 0  0 0
   148   31.06782148924386       4   0 2  0 2  0 0  0 0
   149  0.9300710685603989E-02   4   1 0  1 2  0 0  0 0
   150  0.8273833512795897E-02   4   0 1  1 2  0 0  0 0
   151  -28.99896656261498       4   0 0  2 2  0 0  0 0
   152  0.2966650982654039E-02   4   1 0  0 3  0 0  0 0
   153  0.2588195920681967E-02   4   0 1  0 3  0 0  0 0
   154  -17.26230478186278       4   0 0  1 3  0 0  0 0
   155  -3.847910949412033       4   0 0  0 4  0 0  0 0
   156  -.7461401506651208       4   3 0  0 0  0 1  0 0
   157  -5.009939084371966       4   2 1  0 0  0 1  0 0
   158  -9.525427827379133       4   1 2  0 0  0 1  0 0
   159  -6.479122401590043       4   0 3  0 0  0 1  0 0
   160  0.1030435020448652E-02   4   2 0  1 0  0 1  0 0
   161  0.7957233364850441E-02   4   1 1  1 0  0 1  0 0
   162  0.6206537187235519E-02   4   0 2  1 0  0 1  0 0
   163  0.7099515911278043       4   1 0  2 0  0 1  0 0
   164  -.1253825078427871       4   0 1  2 0  0 1  0 0
   165  -.3028441847929241E-03   4   0 0  3 0  0 1  0 0
   166  0.3998879873221992E-02   4   2 0  0 1  0 1  0 0
   167  0.1264374908323295E-01   4   1 1  0 1  0 1  0 0
   168  0.8062912407846512E-02   4   0 2  0 1  0 1  0 0
   169   3.180240573649775       4   1 0  1 1  0 1  0 0
   170   1.415237153479419       4   0 1  1 1  0 1  0 0
   171  -.3322188413205547E-02   4   0 0  2 1  0 1  0 0
   172   1.948382658551544       4   1 0  0 2  0 1  0 0
   173  -.1761099028159758       4   0 1  0 2  0 1  0 0
   174  -.5246302537219099E-02   4   0 0  1 2  0 1  0 0
   175  -.2283857270512340E-02   4   0 0  0 3  0 1  0 0
   176  -.7451360304147233       4   3 0  0 0  0 0  1 0
   177  -5.003196944462468       4   2 1  0 0  0 0  1 0
   178  -9.512608955526906       4   1 2  0 0  0 0  1 0
   179  -6.470403104012441       4   0 3  0 0  0 0  1 0
   180  0.1029048309560852E-02   4   2 0  1 0  0 0  1 0
   181  0.7946524895199442E-02   4   1 1  1 0  0 0  1 0
   182  0.6198184721992901E-02   4   0 2  1 0  0 0  1 0
   183  0.7089961717353218       4   1 0  2 0  0 0  1 0
   184  -.1252137739728066       4   0 1  2 0  0 0  1 0
   185  -.3024366313615817E-03   4   0 0  3 0  0 0  1 0
   186  0.3993498369149290E-02   4   2 0  0 1  0 0  1 0
   187  0.1262673372159599E-01   4   1 1  0 1  0 0  1 0
   188  0.8052061720319931E-02   4   0 2  0 1  0 0  1 0
   189   3.175960755765303       4   1 0  1 1  0 0  1 0
   190   1.413332594016082       4   0 1  1 1  0 0  1 0
   191  -.3317717568608370E-02   4   0 0  2 1  0 0  1 0
   192   1.945760616993761       4   1 0  0 2  0 0  1 0
   193  -.1758729024085364       4   0 1  0 2  0 0  1 0
   194  -.5239242310514184E-02   4   0 0  1 2  0 0  1 0
   195  -.2280783763032149E-02   4   0 0  0 3  0 0  1 0
   196   1.489988668253845       4   3 0  0 0  0 0  0 1
   197   6.913759424031857       4   2 1  0 0  0 0  0 1
   198   9.307289630393901       4   1 2  0 0  0 0  0 1
   199   4.045886166318472       4   0 3  0 0  0 0  0 1
   200  0.4022668107042242E-03   4   2 0  1 0  0 0  0 1
   201  0.9228392965904726E-03   4   1 1  1 0  0 0  0 1
   202  0.5351284878150192E-03   4   0 2  1 0  0 0  0 1
   203  -1.416478533510125       4   1 0  2 0  0 0  0 1
   204  0.1420909981607454E-01   4   0 1  2 0  0 0  0 1
   205  -.3882058413555977E-04   4   0 0  3 0  0 0  0 1
   206  0.4794279932495851E-03   4   2 0  0 1  0 0  0 1
   207  0.1038861569471640E-02   4   1 1  0 1  0 0  0 1
   208  0.5800630601062573E-03   4   0 2  0 1  0 0  0 1
   209  -3.999762406543470       4   1 0  1 1  0 0  0 1
   210  -1.680433419289107       4   0 1  1 1  0 0  0 1
   211  -.1148343535370789E-03   4   0 0  2 1  0 0  0 1
   212  -1.984687853155334       4   1 0  0 2  0 0  0 1
   213  -.9164794437118793       4   0 1  0 2  0 0  0 1
   214  -.9799595495014426E-04   4   0 0  1 2  0 0  0 1
   215  -.1688076529823528E-04   4   0 0  0 3  0 0  0 1
   216  -.4572867480701986E-01   4   2 0  0 0  0 2  0 0
   217  -.1941467755178660       4   1 1  0 0  0 2  0 0
   218  -.1569925544748978       4   0 2  0 0  0 2  0 0
   219  0.5014645435595714E-05   4   1 0  1 0  0 2  0 0
   220  0.9966528925344941E-04   4   0 1  1 0  0 2  0 0
   221  0.2596077902858578E-01   4   0 0  2 0  0 2  0 0
   222  0.3669231938047906E-03   4   1 0  0 1  0 2  0 0
   223  0.4399132117734811E-03   4   0 1  0 1  0 2  0 0
   224  0.1292848444065086       4   0 0  1 1  0 2  0 0
   225  0.1106711438106975       4   0 0  0 2  0 2  0 0
   226  -.3621801339943084E-01   4   2 0  0 0  0 1  1 0
   227  -.2048679618213194       4   1 1  0 0  0 1  1 0
   228  -.1931716433799811       4   0 2  0 0  0 1  1 0
   229  -.3752439021885034E-04   4   1 0  1 0  0 1  1 0
   230  0.1093621560501068E-03   4   0 1  1 0  0 1  1 0
   231  0.1613687442781178E-01   4   0 0  2 0  0 1  1 0
   232  0.4275607543635337E-03   4   1 0  0 1  0 1  1 0
   233  0.5727242573335301E-03   4   0 1  0 1  0 1  1 0
   234  0.1268080198525952       4   0 0  1 1  0 1  1 0
   235  0.1314990792824730       4   0 0  0 2  0 1  1 0
   236  -.4564276506381430E-01   4   2 0  0 0  0 0  2 0
   237  -.1937476511132326       4   1 1  0 0  0 0  2 0
   238  -.1566513006469907       4   0 2  0 0  0 0  2 0
   239  0.5033146240144764E-05   4   1 0  1 0  0 0  2 0
   240  0.9945757718648577E-04   4   0 1  1 0  0 0  2 0
   241  0.2591498411310807E-01   4   0 0  2 0  0 0  2 0
   242  0.3661417103065740E-03   4   1 0  0 1  0 0  2 0
   243  0.4389358246484926E-03   4   0 1  0 1  0 0  2 0
   244  0.1290255328274587       4   0 0  1 1  0 0  2 0
   245  0.1104337251693267       4   0 0  0 2  0 0  2 0
   246  0.7167979983548665E-01   4   2 0  0 0  0 1  0 1
   247  0.2255225301060157       4   1 1  0 0  0 1  0 1
   248  0.1448658153057453       4   0 2  0 0  0 1  0 1
   249  0.6446810485495914E-04   4   1 0  1 0  0 1  0 1
   250  0.7690076029686767E-05   4   0 1  1 0  0 1  0 1
   251  -.3255063938638800E-01   4   0 0  2 0  0 1  0 1
   252  -.2947797941144112E-03   4   1 0  0 1  0 1  0 1
   253  -.2600984536305041E-03   4   0 1  0 1  0 1  0 1
   254  -.1217518538473742       4   0 0  1 1  0 1  0 1
   255  -.8333567676221743E-01   4   0 0  0 2  0 1  0 1
   256  0.7158333653902038E-01   4   2 0  0 0  0 0  1 1
   257  0.2252190325135089       4   1 1  0 0  0 0  1 1
   258  0.1446708617187970       4   0 2  0 0  0 0  1 1
   259  0.6438134671772207E-04   4   1 0  1 0  0 0  1 1
   260  0.7679727087786861E-05   4   0 1  1 0  0 0  1 1
   261  -.3250683426996032E-01   4   0 0  2 0  0 0  1 1
   262  -.2943830933599822E-03   4   1 0  0 1  0 0  1 1
   263  -.2597484253896236E-03   4   0 1  0 1  0 0  1 1
   264  -.1215880059404325       4   0 0  1 1  0 0  1 1
   265  -.8322352753590527E-01   4   0 0  0 2  0 0  1 1
   266  -.1626393098835450E-01   4   2 0  0 0  0 0  0 2
   267  -.2860317748206153E-01   4   1 1  0 0  0 0  0 2
   268  -.1257140717937053E-01   4   0 2  0 0  0 0  0 2
   269  -.1384301695408691E-03   4   1 0  1 0  0 0  0 2
   270  -.1435380776352445E-03   4   0 1  1 0  0 0  0 2
   271  -.3265446227385216E-02   4   0 0  2 0  0 0  0 2
   272  -.9962717349524827E-04   4   1 0  0 1  0 0  0 2
   273  -.1082444548579654E-03   4   0 1  0 1  0 0  0 2
   274  -.6414451735074107E-02   4   0 0  1 1  0 0  0 2
   275  -.3083597140786144E-02   4   0 0  0 2  0 0  0 2
   276  -.1381096564394315       4   1 0  0 0  0 3  0 0
   277  -.7300399913645828       4   0 1  0 0  0 3  0 0
   278  -.6938698292934111E-05   4   0 0  1 0  0 3  0 0
   279  -.1438999401733548E-04   4   0 0  0 1  0 3  0 0
   280  -.9166842490290179E-01   4   1 0  0 0  0 2  1 0
   281  -.5981665781836882       4   0 1  0 0  0 2  1 0
   282  -.4576778512753559E-05   4   0 0  1 0  0 2  1 0
   283  -.1399804660807492E-04   4   0 0  0 1  0 2  1 0
   284  -.9176179734855153E-01   4   1 0  0 0  0 1  2 0
   285  -.5984307985111519       4   0 1  0 0  0 1  2 0
   286  -.4581527503741181E-05   4   0 0  1 0  0 1  2 0
   287  -.1399879871308710E-04   4   0 0  0 1  0 1  2 0
   288  -.1377692658926647       4   1 0  0 0  0 0  3 0
   289  -.7281643615919164       4   0 1  0 0  0 0  3 0
   290  -.6921616179636136E-05   4   0 0  1 0  0 0  3 0
   291  -.1435153969109056E-04   4   0 0  0 1  0 0  3 0
   292  0.1833021372145454       4   1 0  0 0  0 2  0 1
   293  0.4002310280862555       4   0 1  0 0  0 2  0 1
   294  0.8316779104422097E-05   4   0 0  1 0  0 2  0 1
   295  0.1531841699840569E-04   4   0 0  0 1  0 2  0 1
   296  0.1371481773333968       4   1 0  0 0  0 1  1 1
   297  0.4139993731173673       4   0 1  0 0  0 1  1 1
   298  0.5989586995170805E-05   4   0 0  1 0  0 1  1 1
   299  0.1501463691813406E-04   4   0 0  0 1  0 1  1 1
   300  0.1829631740602695       4   1 0  0 0  0 0  2 1
   301  0.3994138456082786       4   0 1  0 0  0 0  2 1
   302  0.8301556523182173E-05   4   0 0  1 0  0 0  2 1
   303  0.1528769919936667E-04   4   0 0  0 1  0 0  2 1
   304  -.2229393192869967E-01   4   1 0  0 0  0 1  0 2
   305  -.2759297925752733E-01   4   0 1  0 0  0 1  0 2
   306  -.2118698494655902E-06   4   0 0  1 0  0 1  0 2
   307  -.4818720215457037E-06   4   0 0  0 1  0 1  0 2
   308  -.2226392980578688E-01   4   1 0  0 0  0 0  1 2
   309  -.2755584592645492E-01   4   0 1  0 0  0 0  1 2
   310  -.2115847250072669E-06   4   0 0  1 0  0 0  1 2
   311  -.4812235408889593E-06   4   0 0  0 1  0 0  1 2
   312  0.4505419319273238E-03   4   1 0  0 0  0 0  0 3
   313  0.3631018266669430E-03   4   0 1  0 0  0 0  0 3
   314  0.2946418787858622E-07   4   0 0  1 0  0 0  0 3
   315  0.2378434924108375E-07   4   0 0  0 1  0 0  0 3
   316  -.3062311473980352E-04   4   0 0  0 0  0 4  0 0
   317  -.1992721173210231E-04   4   0 0  0 0  0 3  1 0
   318  -.1850939317741745E-04   4   0 0  0 0  0 2  2 0
   319  -.1995777888523974E-04   4   0 0  0 0  0 1  3 0
   320  -.3052733809775449E-04   4   0 0  0 0  0 0  4 0
   321  0.5581942980863407E-05   4   0 0  0 0  0 3  0 1
   322  0.5803466931896551E-05   4   0 0  0 0  0 2  1 1
   323  0.5803004593383272E-05   4   0 0  0 0  0 1  2 1
   324  0.5566775353014127E-05   4   0 0  0 0  0 0  3 1
   325  -.2822012487223248E-06   4   0 0  0 0  0 2  0 2
   326  -.3490810792101686E-06   4   0 0  0 0  0 1  1 2
   327  -.2815865871491063E-06   4   0 0  0 0  0 0  2 2
   328  0.4924398493133076E-08   4   0 0  0 0  0 1  0 3
   329  0.4917771469719877E-08   4   0 0  0 0  0 0  1 3
   330  -.1658779508404387E-14   4   0 0  0 0  0 0  0 4
   ----------------------------------------------------
     I  COEFFICIENT            ORDER EXPONENTS
     1  0.2946991601225458E-04   0   0 0  0 0  0 0  0 0
     2   1.838658209013280       1   1 0  0 0  0 0  0 0
     3   2.689544631640026       1   0 1  0 0  0 0  0 0
     4  0.5257791693483808E-04   1   0 0  1 0  0 0  0 0
     5  0.4827664843941486E-04   1   0 0  0 1  0 0  0 0
     6  0.7734823333706545E-06   1   0 0  0 0  0 1  0 0
     7  0.7724414172991756E-06   1   0 0  0 0  0 0  1 0
     8  0.2792399226782664E-04   1   0 0  0 0  0 0  0 1
     9  -.4565775678653435       2   2 0  0 0  0 0  0 0
    10  -.8384276848393076       2   1 1  0 0  0 0  0 0
    11  -.3871107191670685       2   0 2  0 0  0 0  0 0
    12  0.1567827042168127E-02   2   1 0  1 0  0 0  0 0
    13  0.1105857979981071E-02   2   0 1  1 0  0 0  0 0
    14  0.3387398928419033       2   0 0  2 0  0 0  0 0
    15  0.1345006135757646E-02   2   1 0  0 1  0 0  0 0
    16  0.9572704526483760E-03   2   0 1  0 1  0 0  0 0
    17  0.6225929702292021       2   0 0  1 1  0 0  0 0
    18  0.2886765704628237       2   0 0  0 2  0 0  0 0
    19  -.7403211620073256E-01   2   1 0  0 0  0 1  0 0
    20  -.9080715326602308       2   0 1  0 0  0 1  0 0
    21  -.2245412168387099E-05   2   0 0  1 0  0 1  0 0
    22  -.2634373470119936E-04   2   0 0  0 1  0 1  0 0
    23  -.7393248726776315E-01   2   1 0  0 0  0 0  1 0
    24  -.9068494927875056       2   0 1  0 0  0 0  1 0
    25  -.2242390398513508E-05   2   0 0  1 0  0 0  1 0
    26  -.2630828254457572E-04   2   0 0  0 1  0 0  1 0
    27   1.986622812589875       2   1 0  0 0  0 0  0 1
    28   1.814921025559341       2   0 1  0 0  0 0  0 1
    29  0.5706560855380825E-04   2   0 0  1 0  0 0  0 1
    30  0.5265190921999537E-04   2   0 0  0 1  0 0  0 1
    31  -.6027095353272386E-06   2   0 0  0 0  0 2  0 0
    32  -.4323922394702488E-06   2   0 0  0 0  0 1  1 0
    33  -.6016074906894981E-06   2   0 0  0 0  0 0  2 0
    34  0.1637808221102481E-05   2   0 0  0 0  0 1  0 1
    35  0.1635604135985284E-05   2   0 0  0 0  0 0  1 1
    36  -.1636705316789225E-05   2   0 0  0 0  0 0  0 2
    37  -4.634139590345505       3   3 0  0 0  0 0  0 0
    38  -13.59984727079216       3   2 1  0 0  0 0  0 0
    39  -14.14965571202814       3   1 2  0 0  0 0  0 0
    40  -4.274544384908100       3   0 3  0 0  0 0  0 0
    41  -.3795472693037552E-01   3   2 0  1 0  0 0  0 0
    42  -.6945766894295577E-01   3   1 1  1 0  0 0  0 0
    43  -.3195723594373582E-01   3   0 2  1 0  0 0  0 0
    44  -7.947626841909868       3   1 0  2 0  0 0  0 0
    45  -6.446425645568112       3   0 1  2 0  0 0  0 0
    46  0.9177453349048568E-02   3   0 0  3 0  0 0  0 0
    47  -.3570085641747237E-01   3   2 0  0 1  0 0  0 0
    48  -.6590639532414971E-01   3   1 1  0 1  0 0  0 0
    49  -.3055919400914249E-01   3   0 2  0 1  0 0  0 0
    50  -16.53067479501515       3   1 0  1 1  0 0  0 0
    51  -13.95530881013784       3   0 1  1 1  0 0  0 0
    52  0.2524057833518963E-01   3   0 0  2 1  0 0  0 0
    53  -7.392458068497811       3   1 0  0 2  0 0  0 0
    54  -5.534391025115652       3   0 1  0 2  0 0  0 0
    55  0.2335876220720211E-01   3   0 0  1 2  0 0  0 0
    56  0.7298935679871494E-02   3   0 0  0 3  0 0  0 0
    57  0.5140435330924462E-01   3   2 0  0 0  0 1  0 0
    58  0.5113149398511697       3   1 1  0 0  0 1  0 0
    59  0.4283523987908914       3   0 2  0 0  0 1  0 0
    60  -.7170882796118041E-03   3   1 0  1 0  0 1  0 0
    61  -.1132390412796731E-02   3   0 1  1 0  0 1  0 0
    62  0.9844654835771545E-02   3   0 0  2 0  0 1  0 0
    63  -.1403830865151063E-02   3   1 0  0 1  0 1  0 0
    64  -.1571394829369368E-02   3   0 1  0 1  0 1  0 0
    65  -.2913796070234897       3   0 0  1 1  0 1  0 0
    66  -.2788963132080668       3   0 0  0 2  0 1  0 0
    67  0.5133517575316460E-01   3   2 0  0 0  0 0  1 0
    68  0.5106268363025576       3   1 1  0 0  0 0  1 0
    69  0.4277759423201486       3   0 2  0 0  0 0  1 0
    70  -.7161232560003032E-03   3   1 0  1 0  0 0  1 0
    71  -.1130866495146901E-02   3   0 1  1 0  0 0  1 0
    72  0.9831406363256205E-02   3   0 0  2 0  0 0  1 0
    73  -.1401941655733001E-02   3   1 0  0 1  0 0  1 0
    74  -.1569280120265276E-02   3   0 1  0 1  0 0  1 0
    75  -.2909874820806024       3   0 0  1 1  0 0  1 0
    76  -.2785209876936793       3   0 0  0 2  0 0  1 0
    77  -.5593187135073411       3   2 0  0 0  0 0  0 1
    78  -1.021944478346916       3   1 1  0 0  0 0  0 1
    79  -.4690187445919443       3   0 2  0 0  0 0  0 1
    80  0.2998489994996876E-02   3   1 0  1 0  0 0  0 1
    81  0.2260615125278466E-02   3   0 1  1 0  0 0  0 1
    82  0.3190649806325832       3   0 0  2 0  0 0  0 1
    83  0.2803012890258194E-02   3   1 0  0 1  0 0  0 1
    84  0.2180516442404349E-02   3   0 1  0 1  0 0  0 1
    85  0.5823690170822838       3   0 0  1 1  0 0  0 1
    86  0.2687415295048744       3   0 0  0 2  0 0  0 1
    87  0.5652205956005944E-01   3   1 0  0 0  0 2  0 0
    88  0.7131107620120417       3   0 1  0 0  0 2  0 0
    89  0.1572115810179867E-05   3   0 0  1 0  0 2  0 0
    90  0.2073828216141572E-04   3   0 0  0 1  0 2  0 0
    91  0.3905879417303784E-01   3   1 0  0 0  0 1  1 0
    92  0.5186729302548098       3   0 1  0 0  0 1  1 0
    93  0.9083943011006994E-06   3   0 0  1 0  0 1  1 0
    94  0.1515264301899057E-04   3   0 0  0 1  0 1  1 0
    95  0.5641971309388445E-01   3   1 0  0 0  0 0  2 0
    96  0.7118020883636074       3   0 1  0 0  0 0  2 0
    97  0.1569388893695539E-05   3   0 0  1 0  0 0  2 0
    98  0.2070017770221567E-04   3   0 0  0 1  0 0  2 0
    99  -.1521025330877444       3   1 0  0 0  0 1  0 1
   100  -1.036822620387758       3   0 1  0 0  0 1  0 1
   101  -.4112742632000197E-05   3   0 0  1 0  0 1  0 1
   102  -.3031697329794006E-04   3   0 0  0 1  0 1  0 1
   103  -.1518978406670597       3   1 0  0 0  0 0  1 1
   104  -1.035427313368998       3   0 1  0 0  0 0  1 1
   105  -.4107207896792909E-05   3   0 0  1 0  0 0  1 1
   106  -.3027617414406519E-04   3   0 0  0 1  0 0  1 1
   107  0.1519999720836577       3   1 0  0 0  0 0  0 2
   108  0.1286642826025763       3   0 1  0 0  0 0  0 2
   109  0.4143238910988519E-05   3   0 0  1 0  0 0  0 2
   110  0.4006106153741141E-05   3   0 0  0 1  0 0  0 2
   111  0.5169884846168979E-06   3   0 0  0 0  0 3  0 0
   112  0.3466067653592005E-06   3   0 0  0 0  0 2  1 0
   113  0.3469492984519957E-06   3   0 0  0 0  0 1  2 0
   114  0.5157119674771119E-06   3   0 0  0 0  0 0  3 0
   115  -.1296920664210188E-05   3   0 0  0 0  0 2  0 1
   116  -.9573172840896656E-06   3   0 0  0 0  0 1  1 1
   117  -.1294531173260275E-05   3   0 0  0 0  0 0  2 1
   118  0.9576165583150669E-06   3   0 0  0 0  0 1  0 2
   119  0.9563278430816336E-06   3   0 0  0 0  0 0  1 2
   120  -.9250642778746195E-07   3   0 0  0 0  0 0  0 3
   121  -45.55817218968603       4   4 0  0 0  0 0  0 0
   122  -168.7966931184202       4   3 1  0 0  0 0  0 0
   123  -235.5856102998212       4   2 2  0 0  0 0  0 0
   124  -147.1836194525634       4   1 3  0 0  0 0  0 0
   125  -34.81385907473857       4   0 4  0 0  0 0  0 0
   126  -.2496750223561049E-01   4   3 0  1 0  0 0  0 0
   127  -.6734505368149676E-01   4   2 1  1 0  0 0  0 0
   128  -.6092107127161527E-01   4   1 2  1 0  0 0  0 0
   129  -.1787562076180250E-01   4   0 3  1 0  0 0  0 0
   130   212.4023770382329       4   2 0  2 0  0 0  0 0
   131   385.8022345673762       4   1 1  2 0  0 0  0 0
   132   176.2180560881878       4   0 2  2 0  0 0  0 0
   133  0.2101624640375516E-01   4   1 0  3 0  0 0  0 0
   134  0.2006435341106086E-01   4   0 1  3 0  0 0  0 0
   135  -26.81511038620103       4   0 0  4 0  0 0  0 0
   136  -.2336420516273726E-01   4   3 0  0 1  0 0  0 0
   137  -.6365716362472998E-01   4   2 1  0 1  0 0  0 0
   138  -.5746081469420394E-01   4   1 2  0 1  0 0  0 0
   139  -.1677795802107001E-01   4   0 3  0 1  0 0  0 0
   140   396.5061847250860       4   2 0  1 1  0 0  0 0
   141   725.3474778976966       4   1 1  1 1  0 0  0 0
   142   333.9389582742730       4   0 2  1 1  0 0  0 0
   143  0.6017518899973519E-01   4   1 0  2 1  0 0  0 0
   144  0.5766608395969956E-01   4   0 1  2 1  0 0  0 0
   145  -97.57051475739178       4   0 0  3 1  0 0  0 0
   146   186.2399525160660       4   2 0  0 2  0 0  0 0
   147   342.6790244398782       4   1 1  0 2  0 0  0 0
   148   158.7949620514844       4   0 2  0 2  0 0  0 0
   149  0.5754014949099529E-01   4   1 0  1 2  0 0  0 0
   150  0.5573612148796755E-01   4   0 1  1 2  0 0  0 0
   151  -134.3434718575859       4   0 0  2 2  0 0  0 0
   152  0.1908704264421784E-01   4   1 0  0 3  0 0  0 0
   153  0.1861585650304197E-01   4   0 1  0 3  0 0  0 0
   154  -82.66154581904280       4   0 0  1 3  0 0  0 0
   155  -19.10858520921776       4   0 0  0 4  0 0  0 0
   156   3.207829173556659       4   3 0  0 0  0 1  0 0
   157   16.07642621288695       4   2 1  0 0  0 1  0 0
   158   23.09555415343242       4   1 2  0 0  0 1  0 0
   159   9.256092659959004       4   0 3  0 0  0 1  0 0
   160  -.3552175110409327E-02   4   2 0  1 0  0 1  0 0
   161  0.2351049077285604E-01   4   1 1  1 0  0 1  0 0
   162  0.2445515179694110E-01   4   0 2  1 0  0 1  0 0
   163   3.263703058098423       4   1 0  2 0  0 1  0 0
   164   5.713789530631592       4   0 1  2 0  0 1  0 0
   165  0.8116156102841705E-03   4   0 0  3 0  0 1  0 0
   166  0.1167094113678065E-01   4   2 0  0 1  0 1  0 0
   167  0.4966703664732245E-01   4   1 1  0 1  0 1  0 0
   168  0.3590952863293246E-01   4   0 2  0 1  0 1  0 0
   169   15.42154765686856       4   1 0  1 1  0 1  0 0
   170   19.75584281402805       4   0 1  1 1  0 1  0 0
   171  -.8562997033202067E-02   4   0 0  2 1  0 1  0 0
   172   11.08931811511968       4   1 0  0 2  0 1  0 0
   173   11.38529461771258       4   0 1  0 2  0 1  0 0
   174  -.1773422447860070E-01   4   0 0  1 2  0 1  0 0
   175  -.8567697221338598E-02   4   0 0  0 3  0 1  0 0
   176   3.203512228234647       4   3 0  0 0  0 0  1 0
   177   16.05479131614539       4   2 1  0 0  0 0  1 0
   178   23.06447324510852       4   1 2  0 0  0 0  1 0
   179   9.243636246681783       4   0 3  0 0  0 0  1 0
   180  -.3547394760553951E-02   4   2 0  1 0  0 0  1 0
   181  0.2347885146238499E-01   4   1 1  1 0  0 0  1 0
   182  0.2442224120618416E-01   4   0 2  1 0  0 0  1 0
   183   3.259310920335831       4   1 0  2 0  0 0  1 0
   184   5.706100181962841       4   0 1  2 0  0 0  1 0
   185  0.8105233762459691E-03   4   0 0  3 0  0 0  1 0
   186  0.1165523493423118E-01   4   2 0  0 1  0 0  1 0
   187  0.4960019709012887E-01   4   1 1  0 1  0 0  1 0
   188  0.3586120328165573E-01   4   0 2  0 1  0 0  1 0
   189   15.40079406482431       4   1 0  1 1  0 0  1 0
   190   19.72925633182954       4   0 1  1 1  0 0  1 0
   191  -.8551473355354848E-02   4   0 0  2 1  0 0  1 0
   192   11.07439463342181       4   1 0  0 2  0 0  1 0
   193   11.36997282478641       4   0 1  0 2  0 0  1 0
   194  -.1771035859508245E-01   4   0 0  1 2  0 0  1 0
   195  -.8556167218199698E-02   4   0 0  0 3  0 0  1 0
   196  -11.05058461828449       4   3 0  0 0  0 0  0 1
   197  -32.14747657158182       4   2 1  0 0  0 0  0 1
   198  -32.02776860635662       4   1 2  0 0  0 0  0 1
   199  -9.956884640033211       4   0 3  0 0  0 0  0 1
   200  0.5784939328125066E-03   4   2 0  1 0  0 0  0 1
   201  0.1168182992190162E-02   4   1 1  1 0  0 0  0 1
   202  0.5927709251736394E-03   4   0 2  1 0  0 0  0 1
   203  -14.45874273715448       4   1 0  2 0  0 0  0 1
   204  -11.40776966169429       4   0 1  2 0  0 0  0 1
   205  -.3818912204966181E-03   4   0 0  3 0  0 0  0 1
   206  0.6007438295391408E-03   4   2 0  0 1  0 0  0 1
   207  0.1080602081202825E-02   4   1 1  0 1  0 0  0 1
   208  0.5229261134462887E-03   4   0 2  0 1  0 0  0 1
   209  -30.79685858109046       4   1 0  1 1  0 0  0 1
   210  -25.50345904200626       4   0 1  1 1  0 0  0 1
   211  -.1163099352963802E-02   4   0 0  2 1  0 0  0 1
   212  -14.75748605965800       4   1 0  0 2  0 0  0 1
   213  -11.67210926234134       4   0 1  0 2  0 0  0 1
   214  -.1158576974111550E-02   4   0 0  1 2  0 0  0 1
   215  -.3488591954473659E-03   4   0 0  0 3  0 0  0 1
   216  -.3991873984349163E-01   4   2 0  0 0  0 2  0 0
   217  -.4307022049602066       4   1 1  0 0  0 2  0 0
   218  -.4592999009255287       4   0 2  0 0  0 2  0 0
   219  -.2938824568056859E-03   4   1 0  1 0  0 2  0 0
   220  0.3620601629754390E-03   4   0 1  1 0  0 2  0 0
   221  -.6538813577763224E-02   4   0 0  2 0  0 2  0 0
   222  0.6251952571557751E-03   4   1 0  0 1  0 2  0 0
   223  0.1298261868580205E-02   4   0 1  0 1  0 2  0 0
   224  0.2101820658278403       4   0 0  1 1  0 2  0 0
   225  0.2722018148694730       4   0 0  0 2  0 2  0 0
   226  -.2923407728070543E-01   4   2 0  0 0  0 1  1 0
   227  -.3525240230273270       4   1 1  0 0  0 1  1 0
   228  -.4914511291426871       4   0 2  0 0  0 1  1 0
   229  -.3543053346467377E-03   4   1 0  1 0  0 1  1 0
   230  0.4446951893953192E-03   4   0 1  1 0  0 1  1 0
   231  -.3121800584830083E-02   4   0 0  2 0  0 1  1 0
   232  0.7227747488279713E-03   4   1 0  0 1  0 1  1 0
   233  0.1804130702069962E-02   4   0 1  0 1  0 1  1 0
   234  0.1291856292036740       4   0 0  1 1  0 1  1 0
   235  0.2655036641834193       4   0 0  0 2  0 1  1 0
   236  -.3984534816299101E-01   4   2 0  0 0  0 0  2 0
   237  -.4298853811229105       4   1 1  0 0  0 0  2 0
   238  -.4583511108807640       4   0 2  0 0  0 0  2 0
   239  -.2932485599347502E-03   4   1 0  1 0  0 0  2 0
   240  0.3612736945573459E-03   4   0 1  1 0  0 0  2 0
   241  -.6527913364563136E-02   4   0 0  2 0  0 0  2 0
   242  0.6238675607462368E-03   4   1 0  0 1  0 0  2 0
   243  0.1295300771905952E-02   4   0 1  0 1  0 0  2 0
   244  0.2098122867434497       4   0 0  1 1  0 0  2 0
   245  0.2716568473361967       4   0 0  0 2  0 0  2 0
   246  0.1101128649598727       4   2 0  0 0  0 1  0 1
   247  0.7064162698623653       4   1 1  0 0  0 1  0 1
   248  0.5557830509096565       4   0 2  0 0  0 1  0 1
   249  0.4726606829947708E-03   4   1 0  1 0  0 1  0 1
   250  -.6089552872020213E-03   4   0 1  1 0  0 1  0 1
   251  0.1617064354301341E-01   4   0 0  2 0  0 1  0 1
   252  -.8930062579881714E-03   4   1 0  0 1  0 1  0 1
   253  -.1625332306916423E-02   4   0 1  0 1  0 1  0 1
   254  -.2576904171007725       4   0 0  1 1  0 1  0 1
   255  -.2519397933607478       4   0 0  0 2  0 1  0 1
   256  0.1099646802556505       4   2 0  0 0  0 0  1 1
   257  0.7054656081386340       4   1 1  0 0  0 0  1 1
   258  0.5550351042728924       4   0 2  0 0  0 0  1 1
   259  0.4720245985233230E-03   4   1 0  1 0  0 0  1 1
   260  -.6081357838755736E-03   4   0 1  1 0  0 0  1 1
   261  0.1614888185302924E-01   4   0 0  2 0  0 0  1 1
   262  -.8918044922520976E-03   4   1 0  0 1  0 0  1 1
   263  -.1623145011297033E-02   4   0 1  0 1  0 0  1 1
   264  -.2573436294819667       4   0 0  1 1  0 0  1 1
   265  -.2516007446603541       4   0 0  0 2  0 0  1 1
   266  -.1110800476694092       4   2 0  0 0  0 0  0 2
   267  -.1978163095933708       4   1 1  0 0  0 0  0 2
   268  -.8802761332613393E-01   4   0 2  0 0  0 0  0 2
   269  -.4036978139570007E-05   4   1 0  1 0  0 0  0 2
   270  -.2181986033874804E-04   4   0 1  1 0  0 0  0 2
   271  -.1613056342862661E-01   4   0 0  2 0  0 0  0 2
   272  -.3751770174939017E-05   4   1 0  0 1  0 0  0 2
   273  -.1789176502708417E-04   4   0 1  0 1  0 0  0 2
   274  -.3392838975137960E-01   4   0 0  1 1  0 0  0 2
   275  -.1714181584986790E-01   4   0 0  0 2  0 0  0 2
   276  -.4779529414142605E-01   4   1 0  0 0  0 3  0 0
   277  -.6161312278683008       4   0 1  0 0  0 3  0 0
   278  -.2947211631932746E-05   4   0 0  1 0  0 3  0 0
   279  -.2242616565659943E-04   4   0 0  0 1  0 3  0 0
   280  -.3031903657707404E-01   4   1 0  0 0  0 2  1 0
   281  -.4222634582385598       4   0 1  0 0  0 2  1 0
   282  -.1500074385864532E-05   4   0 0  1 0  0 2  1 0
   283  -.1523663920917916E-04   4   0 0  0 1  0 2  1 0
   284  -.3035418482322086E-01   4   1 0  0 0  0 1  2 0
   285  -.4226531316326819       4   0 1  0 0  0 1  2 0
   286  -.1502987613196324E-05   4   0 0  1 0  0 1  2 0
   287  -.1525109127558498E-04   4   0 0  0 1  0 1  2 0
   288  -.4767843970754668E-01   4   1 0  0 0  0 0  3 0
   289  -.6146037393048481       4   0 1  0 0  0 0  3 0
   290  -.2940254301398339E-05   4   0 0  1 0  0 0  3 0
   291  -.2237065699035913E-04   4   0 0  0 1  0 0  3 0
   292  0.1171462511337051       4   1 0  0 0  0 2  0 1
   293  0.8443882924959869       4   0 1  0 0  0 2  0 1
   294  0.3548232538250373E-05   4   0 0  1 0  0 2  0 1
   295  0.2794640740271531E-04   4   0 0  0 1  0 2  0 1
   296  0.8225888459161756E-01   4   1 0  0 0  0 1  1 1
   297  0.6524448051245939       4   0 1  0 0  0 1  1 1
   298  0.2002482961369544E-05   4   0 0  1 0  0 1  1 1
   299  0.2107507155241086E-04   4   0 0  0 1  0 1  1 1
   300  0.1169332511647617       4   1 0  0 0  0 0  2 1
   301  0.8428129397915480       4   0 1  0 0  0 0  2 1
   302  0.3542110070524952E-05   4   0 0  1 0  0 0  2 1
   303  0.2789461752567051E-04   4   0 0  0 1  0 0  2 1
   304  -.8219655679538164E-01   4   1 0  0 0  0 1  0 2
   305  -.1337565432730945       4   0 1  0 0  0 1  0 2
   306  -.2487971495716613E-06   4   0 0  1 0  0 1  0 2
   307  -.1824124387466436E-05   4   0 0  0 1  0 1  0 2
   308  -.8208594054303639E-01   4   1 0  0 0  0 0  1 2
   309  -.1335765400208858       4   0 1  0 0  0 0  1 2
   310  -.2484623300931843E-06   4   0 0  1 0  0 0  1 2
   311  -.1821669566833811E-05   4   0 0  0 1  0 0  1 2
   312  0.4091230805741536E-02   4   1 0  0 0  0 0  0 3
   313  0.3332214596359238E-02   4   0 1  0 0  0 0  0 3
   314  0.2682417613090498E-06   4   0 0  1 0  0 0  0 3
   315  0.2197649834167325E-06   4   0 0  0 1  0 0  0 3
   316  -.2332890215882107E-04   4   0 0  0 0  0 4  0 0
   317  -.1446029490075011E-04   4   0 0  0 0  0 3  1 0
   318  -.1328401127634150E-04   4   0 0  0 0  0 2  2 0
   319  -.1448565020136794E-04   4   0 0  0 0  0 1  3 0
   320  -.2325642255939980E-04   4   0 0  0 0  0 0  4 0
   321  0.2809547360325101E-04   4   0 0  0 0  0 3  0 1
   322  0.1897849627233506E-04   4   0 0  0 0  0 2  1 1
   323  0.1899682374647583E-04   4   0 0  0 0  0 1  2 1
   324  0.2802600629364781E-04   4   0 0  0 0  0 0  3 1
   325  -.1654890743442519E-05   4   0 0  0 0  0 2  0 2
   326  -.1998439946369876E-05   4   0 0  0 0  0 1  1 2
   327  -.1651318966324070E-05   4   0 0  0 0  0 0  2 2
   328  0.1103662792613310E-07   4   0 0  0 0  0 1  0 3
   329  0.1102177535240835E-07   4   0 0  0 0  0 0  1 3
   330  0.3271314101850821E-13   4   0 0  0 0  0 0  0 4
   ----------------------------------------------------
     I  COEFFICIENT            ORDER EXPONENTS
     1  -.2641511227919583E-06   0   0 0  0 0  0 0  0 0
     2  0.1161729629872655E-04   1   1 0  0 0  0 0  0 0
     3  0.1025469116345749E-04   1   0 1  0 0  0 0  0 0
     4  0.6460896495605990       1   0 0  1 0  0 0  0 0
     5  0.8288918633178624       1   0 0  0 1  0 0  0 0
     6  -.1438589890825019E-04   1   0 0  0 0  0 1  0 0
     7  -.1436653904348342E-04   1   0 0  0 0  0 0  1 0
     8  0.2875243795160036E-04   1   0 0  0 0  0 0  0 1
     9  0.2235053911823631E-03   2   2 0  0 0  0 0  0 0
    10  0.4195391538410890E-03   2   1 1  0 0  0 0  0 0
    11  0.2256652262517751E-03   2   0 2  0 0  0 0  0 0
    12  0.1518829155408026       2   1 0  1 0  0 0  0 0
    13  0.1355277793527810       2   0 1  1 0  0 0  0 0
    14  -.3399299701152872E-04   2   0 0  2 0  0 0  0 0
    15  0.1377801149704982       2   1 0  0 1  0 0  0 0
    16  0.1237453489718938       2   0 1  0 1  0 0  0 0
    17  0.6930371857197964E-06   2   0 0  1 1  0 0  0 0
    18  0.6065670153441186E-04   2   0 0  0 2  0 0  0 0
    19  -.6113255941082747E-05   2   1 0  0 0  0 1  0 0
    20  -.1055471787327417E-04   2   0 1  0 0  0 1  0 0
    21  0.1673509086728319       2   0 0  1 0  0 1  0 0
    22  -.2644758175756117       2   0 0  0 1  0 1  0 0
    23  -.6105029009345041E-05   2   1 0  0 0  0 0  1 0
    24  -.1054051383138696E-04   2   0 1  0 0  0 0  1 0
    25  0.1671256957069155       2   0 0  1 0  0 0  1 0
    26  -.2641198984846316       2   0 0  0 1  0 0  1 0
    27  0.1221826694483234E-04   2   1 0  0 0  0 0  0 1
    28  0.1084052275911809E-04   2   0 1  0 0  0 0  0 1
    29  -.3344766043947831       2   0 0  1 0  0 0  0 1
    30  -.3002961472729135       2   0 0  0 1  0 0  0 1
    31  0.1041263298178290E-04   2   0 0  0 0  0 2  0 0
    32  0.6450037277417213E-05   2   0 0  0 0  0 1  1 0
    33  0.1039428007291223E-04   2   0 0  0 0  0 0  2 0
    34  -.1288940812229533E-04   2   0 0  0 0  0 1  0 1
    35  -.1287206216430110E-04   2   0 0  0 0  0 0  1 1
    36  -.1495478568507040E-05   2   0 0  0 0  0 0  0 2
    37  -.2711515517749836E-02   3   3 0  0 0  0 0  0 0
    38  -.7325390856167143E-02   3   2 1  0 0  0 0  0 0
    39  -.6627032348733415E-02   3   1 2  0 0  0 0  0 0
    40  -.2002235660037283E-02   3   0 3  0 0  0 0  0 0
    41  -1.739409530945730       3   2 0  1 0  0 0  0 0
    42  -3.732883081685107       3   1 1  1 0  0 0  0 0
    43  -2.276832752276222       3   0 2  1 0  0 0  0 0
    44  0.6255626923458379E-02   3   1 0  2 0  0 0  0 0
    45  0.5567251470718469E-02   3   0 1  2 0  0 0  0 0
    46  -.2535537337442859       3   0 0  3 0  0 0  0 0
    47  -2.233885777195579       3   2 0  0 1  0 0  0 0
    48  -4.278650882452263       3   1 1  0 1  0 0  0 0
    49  -1.928904368581470       3   0 2  0 1  0 0  0 0
    50  0.1132644934426635E-01   3   1 0  1 1  0 0  0 0
    51  0.1014872670889240E-01   3   0 1  1 1  0 0  0 0
    52  -.8146635804039637       3   0 0  2 1  0 0  0 0
    53  0.5187717482003531E-02   3   1 0  0 2  0 0  0 0
    54  0.4685285304069376E-02   3   0 1  0 2  0 0  0 0
    55  -1.220448485640927       3   0 0  1 2  0 0  0 0
    56  -.2144229021396138       3   0 0  0 3  0 0  0 0
    57  -.1950958926902922E-03   3   2 0  0 0  0 1  0 0
    58  -.5964697379379968E-03   3   1 1  0 0  0 1  0 0
    59  -.4283078148584157E-03   3   0 2  0 0  0 1  0 0
    60  -.7144168783300900E-01   3   1 0  1 0  0 1  0 0
    61  -.1312052975104183       3   0 1  1 0  0 1  0 0
    62  -.4497562939002656E-04   3   0 0  2 0  0 1  0 0
    63  -.1345804471800235       3   1 0  0 1  0 1  0 0
    64  -.1824664884315843       3   0 1  0 1  0 1  0 0
    65  -.5669766801988830E-04   3   0 0  1 1  0 1  0 0
    66  -.8935592841389993E-04   3   0 0  0 2  0 1  0 0
    67  -.1948333418324608E-03   3   2 0  0 0  0 0  1 0
    68  -.5956670370753255E-03   3   1 1  0 0  0 0  1 0
    69  -.4277314183866276E-03   3   0 2  0 0  0 0  1 0
    70  -.7134554497645347E-01   3   1 0  1 0  0 0  1 0
    71  -.1310287276045204       3   0 1  1 0  0 0  1 0
    72  -.4491510330762188E-04   3   0 0  2 0  0 0  1 0
    73  -.1343993351567653       3   1 0  0 1  0 0  1 0
    74  -.1822209336308008       3   0 1  0 1  0 0  1 0
    75  -.5662136697033622E-04   3   0 0  1 1  0 0  1 0
    76  -.8923567741663979E-04   3   0 0  0 2  0 0  1 0
    77  0.3896367836297390E-03   3   2 0  0 0  0 0  0 1
    78  0.7719863762562096E-03   3   1 1  0 0  0 0  0 1
    79  0.4043875176182175E-03   3   0 2  0 0  0 0  0 1
    80  0.1427874702200416       3   1 0  1 0  0 0  0 1
    81  0.1267064357097191       3   0 1  1 0  0 0  0 1
    82  0.9007829556667330E-04   3   0 0  2 0  0 0  0 1
    83  0.1311998554054842       3   1 0  0 1  0 0  0 1
    84  0.1171968725746832       3   0 1  0 1  0 0  0 1
    85  0.1130137755981895E-03   3   0 0  1 1  0 0  0 1
    86  0.5747912871710906E-04   3   0 0  0 2  0 0  0 1
    87  0.4738386974956966E-05   3   1 0  0 0  0 2  0 0
    88  0.1076743180849886E-04   3   0 1  0 0  0 2  0 0
    89  -.1207242479792452       3   0 0  1 0  0 2  0 0
    90  0.1271261598192931       3   0 0  0 1  0 2  0 0
    91  0.3384936886416900E-05   3   1 0  0 0  0 1  1 0
    92  0.1100485302871834E-04   3   0 1  0 0  0 1  1 0
    93  -.7422283823991267E-01   3   0 0  1 0  0 1  1 0
    94  -.9854335417037327E-02   3   0 0  0 1  0 1  1 0
    95  0.4729732632810962E-05   3   1 0  0 0  0 0  2 0
    96  0.1074553659989271E-04   3   0 1  0 0  0 0  2 0
    97  -.1205118401770005       3   0 0  1 0  0 0  2 0
    98  0.1269617101747495       3   0 0  0 1  0 0  2 0
    99  -.6786414899801353E-05   3   1 0  0 0  0 1  0 1
   100  -.1148002533565761E-04   3   0 1  0 0  0 1  0 1
   101  0.1483205892617707       3   0 0  1 0  0 1  0 1
   102  0.2845537257750002       3   0 0  0 1  0 1  0 1
   103  -.6777282062461863E-05   3   1 0  0 0  0 0  1 1
   104  -.1146457605859574E-04   3   0 1  0 0  0 0  1 1
   105  0.1481209864028495       3   0 0  1 0  0 0  1 1
   106  0.2841707867814047       3   0 0  0 1  0 0  1 1
   107  0.6998059570438821E-06   3   1 0  0 0  0 0  0 2
   108  0.6813216862472239E-06   3   0 1  0 0  0 0  0 2
   109  0.1901746417343825E-01   3   0 0  1 0  0 0  0 2
   110  0.1593383019709146E-01   3   0 0  0 1  0 0  0 2
   111  -.8431468517210782E-05   3   0 0  0 0  0 3  0 0
   112  -.4471272346518494E-05   3   0 0  0 0  0 2  1 0
   113  -.4479243609764377E-05   3   0 0  0 0  0 1  2 0
   114  -.8411443953001604E-05   3   0 0  0 0  0 0  3 0
   115  0.8939531668227683E-05   3   0 0  0 0  0 2  0 1
   116  0.5000043543981561E-05   3   0 0  0 0  0 1  1 1
   117  0.8924136856253712E-05   3   0 0  0 0  0 0  2 1
   118  0.1450226625883190E-05   3   0 0  0 0  0 1  0 2
   119  0.1448274979236892E-05   3   0 0  0 0  0 0  1 2
   120  0.3084640125617225E-07   3   0 0  0 0  0 0  0 3
   121  -.1223564202068741E-02   4   4 0  0 0  0 0  0 0
   122  -.4277725158518233E-02   4   3 1  0 0  0 0  0 0
   123  -.5599977316120356E-02   4   2 2  0 0  0 0  0 0
   124  -.3035951477458131E-02   4   1 3  0 0  0 0  0 0
   125  -.4889332789242121E-03   4   0 4  0 0  0 0  0 0
   126   31.44420107837530       4   3 0  1 0  0 0  0 0
   127   85.50177263229413       4   2 1  1 0  0 0  0 0
   128   78.00901403339154       4   1 2  1 0  0 0  0 0
   129   23.94262745436317       4   0 3  1 0  0 0  0 0
   130  0.6415421443554262E-02   4   2 0  2 0  0 0  0 0
   131  0.1167705436402121E-01   4   1 1  2 0  0 0  0 0
   132  0.5443429926452695E-02   4   0 2  2 0  0 0  0 0
   133  -24.40121642691263       4   1 0  3 0  0 0  0 0
   134  -21.52798389525076       4   0 1  3 0  0 0  0 0
   135  -.1016843755179956E-02   4   0 0  4 0  0 0  0 0
   136   28.90154375884917       4   3 0  0 1  0 0  0 0
   137   79.02068521065330       4   2 1  0 1  0 0  0 0
   138   72.55777465358824       4   1 2  0 1  0 0  0 0
   139   22.42819375760808       4   0 3  0 1  0 0  0 0
   140  0.1138135257259865E-01   4   2 0  1 1  0 0  0 0
   141  0.2091905977149778E-01   4   1 1  1 1  0 0  0 0
   142  0.9592901068030554E-02   4   0 2  1 1  0 0  0 0
   143  -66.21239452512974       4   1 0  2 1  0 0  0 0
   144  -58.80632220576770       4   0 1  2 1  0 0  0 0
   145  -.3790974995025298E-02   4   0 0  3 1  0 0  0 0
   146  0.5092510941859860E-02   4   2 0  0 2  0 0  0 0
   147  0.9721648341664158E-02   4   1 1  0 2  0 0  0 0
   148  0.4621819131632295E-02   4   0 2  0 2  0 0  0 0
   149  -60.16283850518256       4   1 0  1 2  0 0  0 0
   150  -53.72260486986517       4   0 1  1 2  0 0  0 0
   151  -.5164509461984100E-02   4   0 0  2 2  0 0  0 0
   152  -18.23615693229699       4   1 0  0 3  0 0  0 0
   153  -16.35124471947986       4   0 1  0 3  0 0  0 0
   154  -.3208768414624415E-02   4   0 0  1 3  0 0  0 0
   155  -.7212671683417300E-03   4   0 0  0 4  0 0  0 0
   156  0.3443440676112531E-03   4   3 0  0 0  0 1  0 0
   157  0.4109127479140936E-02   4   2 1  0 0  0 1  0 0
   158  0.6539589277777529E-02   4   1 2  0 0  0 1  0 0
   159  0.2807717984523733E-02   4   0 3  0 0  0 1  0 0
   160   1.943921293330157       4   2 0  1 0  0 1  0 0
   161   5.941232680314075       4   1 1  1 0  0 1  0 0
   162   4.509448321743310       4   0 2  1 0  0 1  0 0
   163  -.7088517999233664E-03   4   1 0  2 0  0 1  0 0
   164  -.3144650674687152E-02   4   0 1  2 0  0 1  0 0
   165  0.3669817123167250       4   0 0  3 0  0 1  0 0
   166   3.126253754263438       4   2 0  0 1  0 1  0 0
   167   8.298057724541597       4   1 1  0 1  0 1  0 0
   168   5.088870473330505       4   0 2  0 1  0 1  0 0
   169  -.6277852915284578E-02   4   1 0  1 1  0 1  0 0
   170  -.1014857248917686E-01   4   0 1  1 1  0 1  0 0
   171   1.160557479475728       4   0 0  2 1  0 1  0 0
   172  -.5158835592873236E-02   4   1 0  0 2  0 1  0 0
   173  -.6726871016973401E-02   4   0 1  0 2  0 1  0 0
   174   1.845475446134786       4   0 0  1 2  0 1  0 0
   175  0.6200548760042722       4   0 0  0 3  0 1  0 0
   176  0.3438806655934354E-03   4   3 0  0 0  0 0  1 0
   177  0.4103597609035976E-02   4   2 1  0 0  0 0  1 0
   178  0.6530788606727659E-02   4   1 2  0 0  0 0  1 0
   179  0.2803939489983326E-02   4   0 3  0 0  0 0  1 0
   180   1.941305255667433       4   2 0  1 0  0 0  1 0
   181   5.933237249373514       4   1 1  1 0  0 0  1 0
   182   4.503379718714850       4   0 2  1 0  0 0  1 0
   183  -.7078978605780566E-03   4   1 0  2 0  0 0  1 0
   184  -.3140418752011410E-02   4   0 1  2 0  0 0  1 0
   185  0.3664878456235397       4   0 0  3 0  0 0  1 0
   186   3.122046589296188       4   2 0  0 1  0 0  1 0
   187   8.286890589529829       4   1 1  0 1  0 0  1 0
   188   5.082022111277657       4   0 2  0 1  0 0  1 0
   189  -.6269404476696144E-02   4   1 0  1 1  0 0  1 0
   190  -.1013491501860658E-01   4   0 1  1 1  0 0  1 0
   191   1.158995655915032       4   0 0  2 1  0 0  1 0
   192  -.5151893075059846E-02   4   1 0  0 2  0 0  1 0
   193  -.6717818310985207E-02   4   0 1  0 2  0 0  1 0
   194   1.842991892253626       4   0 0  1 2  0 0  1 0
   195  0.6192204353743203       4   0 0  0 3  0 0  1 0
   196  0.1330414063609599E-03   4   3 0  0 0  0 0  0 1
   197  0.4794940103281244E-03   4   2 1  0 0  0 0  0 1
   198  0.5544180402834888E-03   4   1 2  0 0  0 0  0 1
   199  0.2138109123301395E-03   4   0 3  0 0  0 0  0 1
   200  -3.882429494816327       4   2 0  1 0  0 0  0 1
   201  -8.135800216558746       4   1 1  1 0  0 0  0 1
   202  -4.456148130126063       4   0 2  1 0  0 0  0 1
   203  -.3137041195037491E-03   4   1 0  2 0  0 0  0 1
   204  -.2903957947385363E-03   4   0 1  2 0  0 0  0 1
   205  -.7340840713544666       4   0 0  3 0  0 0  0 1
   206  -4.011477696702088       4   2 0  0 1  0 0  0 1
   207  -8.021519931642954       4   1 1  0 1  0 0  0 1
   208  -4.380964695618156       4   0 2  0 1  0 0  0 1
   209  -.6466336617097011E-03   4   1 0  1 1  0 0  0 1
   210  -.6009697907596209E-03   4   0 1  1 1  0 0  0 1
   211  -1.506782758049382       4   0 0  2 1  0 0  0 1
   212  -.2955087327984768E-03   4   1 0  0 2  0 0  0 1
   213  -.2701780566341107E-03   4   0 1  0 2  0 0  0 1
   214  -1.249524942332171       4   0 0  1 2  0 0  0 1
   215  -.5966812869167730       4   0 0  0 3  0 0  0 1
   216  -.3696516711453708E-05   4   2 0  0 0  0 2  0 0
   217  0.3287074474341675E-03   4   1 1  0 0  0 2  0 0
   218  0.4046109246159642E-03   4   0 2  0 0  0 2  0 0
   219  0.5142850239887380E-01   4   1 0  1 0  0 2  0 0
   220  0.1283291981288132       4   0 1  1 0  0 2  0 0
   221  0.4893218595083257E-04   4   0 0  2 0  0 2  0 0
   222  0.1322540547639900       4   1 0  0 1  0 2  0 0
   223  0.2251326715146811       4   0 1  0 1  0 2  0 0
   224  -.4874776699236987E-04   4   0 0  1 1  0 2  0 0
   225  0.1680728919014330E-04   4   0 0  0 2  0 2  0 0
   226  0.8725099493869180E-06   4   2 0  0 0  0 1  1 0
   227  0.4647737418068227E-03   4   1 1  0 0  0 1  1 0
   228  0.5916472278095357E-03   4   0 2  0 0  0 1  1 0
   229  0.3125716236047478E-01   4   1 0  1 0  0 1  1 0
   230  0.1250199763101402       4   0 1  1 0  0 1  1 0
   231  0.9085172383744772E-04   4   0 0  2 0  0 1  1 0
   232  0.1297474539858706       4   1 0  0 1  0 1  1 0
   233  0.2673910903899075       4   0 1  0 1  0 1  1 0
   234  0.3952788820294281E-04   4   0 0  1 1  0 1  1 0
   235  0.6086432229458367E-04   4   0 0  0 2  0 1  1 0
   236  -.3692129204858785E-05   4   2 0  0 0  0 0  2 0
   237  0.3279523531440324E-03   4   1 1  0 0  0 0  2 0
   238  0.4036683128243611E-03   4   0 2  0 0  0 0  2 0
   239  0.5133826013608393E-01   4   1 0  1 0  0 0  2 0
   240  0.1280723757458517       4   0 1  1 0  0 0  2 0
   241  0.4880520333695166E-04   4   0 0  2 0  0 0  2 0
   242  0.1319887694856119       4   1 0  0 1  0 0  2 0
   243  0.2246497774116213       4   0 1  0 1  0 0  2 0
   244  -.4870876192949092E-04   4   0 0  1 1  0 0  2 0
   245  0.1674371656425232E-04   4   0 0  0 2  0 0  2 0
   246  -.7490656053260242E-04   4   2 0  0 0  0 1  0 1
   247  -.5158858066095800E-03   4   1 1  0 0  0 1  0 1
   248  -.4398831806973262E-03   4   0 2  0 0  0 1  0 1
   249  -.6228265230434066E-01   4   1 0  1 0  0 1  0 1
   250  -.1181762869851556       4   0 1  1 0  0 1  0 1
   251  -.1895633954452454E-03   4   0 0  2 0  0 1  0 1
   252  -.1247085492581173       4   1 0  0 1  0 1  0 1
   253  -.1696381337110783       4   0 1  0 1  0 1  0 1
   254  -.2547853256531174E-03   4   0 0  1 1  0 1  0 1
   255  -.5526369569288823E-04   4   0 0  0 2  0 1  0 1
   256  -.7480575481366163E-04   4   2 0  0 0  0 0  1 1
   257  -.5151915518039007E-03   4   1 1  0 0  0 0  1 1
   258  -.4392912066437198E-03   4   0 2  0 0  0 0  1 1
   259  -.6219883524614916E-01   4   1 0  1 0  0 0  1 1
   260  -.1180172509075864       4   0 1  1 0  0 0  1 1
   261  -.1893082899614685E-03   4   0 0  2 0  0 0  1 1
   262  -.1245407223698362       4   1 0  0 1  0 0  1 1
   263  -.1694098427054984       4   0 1  0 1  0 0  1 1
   264  -.2544424475694699E-03   4   0 0  1 1  0 0  1 1
   265  -.5518932441571250E-04   4   0 0  0 2  0 0  1 1
   266  0.4730348021967803E-04   4   2 0  0 0  0 0  0 2
   267  0.1096909481316320E-03   4   1 1  0 0  0 0  0 2
   268  0.6025435270329574E-04   4   0 2  0 0  0 0  0 2
   269  -.9442030133354795E-02   4   1 0  1 0  0 0  0 2
   270  -.9105339923706048E-02   4   0 1  1 0  0 0  0 2
   271  0.1476933039364222E-03   4   0 0  2 0  0 0  0 2
   272  -.6853047601013485E-02   4   1 0  0 1  0 0  0 2
   273  -.6773049133591204E-02   4   0 1  0 1  0 0  0 2
   274  0.2298016937646925E-03   4   0 0  1 1  0 0  0 2
   275  0.8381036380035066E-04   4   0 0  0 2  0 0  0 2
   276  -.7127202170540420E-05   4   1 0  0 0  0 3  0 0
   277  -.1438068580375000E-04   4   0 1  0 0  0 3  0 0
   278  0.9748033092045094E-01   4   0 0  1 0  0 3  0 0
   279  -.6044884228221904E-01   4   0 0  0 1  0 3  0 0
   280  -.4897022018280876E-05   4   1 0  0 0  0 2  1 0
   281  -.1403777435910657E-04   4   0 1  0 0  0 2  1 0
   282  0.5101919016376957E-01   4   0 0  1 0  0 2  1 0
   283  0.7281570655625608E-01   4   0 0  0 1  0 2  1 0
   284  -.4901504563709477E-05   4   1 0  0 0  0 1  2 0
   285  -.1403842750397388E-04   4   0 1  0 0  0 1  2 0
   286  0.5111271317141276E-01   4   0 0  1 0  0 1  2 0
   287  0.7254685904621233E-01   4   0 0  0 1  0 1  2 0
   288  -.7109524343700282E-05   4   1 0  0 0  0 0  3 0
   289  -.1434222357143694E-04   4   0 1  0 0  0 0  3 0
   290  0.9724927097468275E-01   4   0 0  1 0  0 0  3 0
   291  -.6037574858787792E-01   4   0 0  0 1  0 0  3 0
   292  0.8677389938773028E-05   4   1 0  0 0  0 2  0 1
   293  0.1541445736382620E-04   4   0 1  0 0  0 2  0 1
   294  -.1020048017320040       4   0 0  1 0  0 2  0 1
   295  -.2728391523116143       4   0 0  0 1  0 2  0 1
   296  0.6535866489096282E-05   4   1 0  0 0  0 1  1 1
   297  0.1521885161250695E-04   4   0 1  0 0  0 1  1 1
   298  -.5581146008625957E-01   4   0 0  1 0  0 1  1 1
   299  -.2611534197650319       4   0 0  0 1  0 1  1 1
   300  0.8661314485869165E-05   4   1 0  0 0  0 0  2 1
   301  0.1538347290696769E-04   4   0 1  0 0  0 0  2 1
   302  -.1018299742608122       4   0 0  1 0  0 0  2 1
   303  -.2722962542566044       4   0 0  0 1  0 0  2 1
   304  -.3833492946645540E-06   4   1 0  0 0  0 1  0 2
   305  -.6290210697238416E-06   4   0 1  0 0  0 1  0 2
   306  -.1841300618552382E-01   4   0 0  1 0  0 1  0 2
   307  -.2341832102731625E-01   4   0 0  0 1  0 1  0 2
   308  -.3828334012504282E-06   4   1 0  0 0  0 0  1 2
   309  -.6281745628129529E-06   4   0 1  0 0  0 0  1 2
   310  -.1838822682957428E-01   4   0 0  1 0  0 0  1 2
   311  -.2338680575454495E-01   4   0 0  0 1  0 0  1 2
   312  0.2958749124802860E-07   4   1 0  0 0  0 0  0 3
   313  0.2390339002282655E-07   4   0 1  0 0  0 0  0 3
   314  -.4115517570583132E-03   4   0 0  1 0  0 0  0 3
   315  -.3324116837983820E-03   4   0 0  0 1  0 0  0 3
   316  0.9725164495260575E-05   4   0 0  0 0  0 4  0 0
   317  0.4454172604687868E-05   4   0 0  0 0  0 3  1 0
   318  0.3757903908253602E-05   4   0 0  0 0  0 2  2 0
   319  0.4469257256331551E-05   4   0 0  0 0  0 1  3 0
   320  0.9696006605777530E-05   4   0 0  0 0  0 0  4 0
   321  -.1327347618334309E-05   4   0 0  0 0  0 3  0 1
   322  0.5698253124304669E-06   4   0 0  0 0  0 2  1 1
   323  0.5659992293920650E-06   4   0 0  0 0  0 1  2 1
   324  -.1325051103182261E-05   4   0 0  0 0  0 0  3 1
   325  -.5412989113028757E-06   4   0 0  0 0  0 2  0 2
   326  -.6316643456710256E-06   4   0 0  0 0  0 1  1 2
   327  -.5401454246850302E-06   4   0 0  0 0  0 0  2 2
   328  -.1310689467834392E-07   4   0 0  0 0  0 1  0 3
   329  -.1308925603719235E-07   4   0 0  0 0  0 0  1 3
   330  -.2248441683827122E-13   4   0 0  0 0  0 0  0 4
   ----------------------------------------------------
     I  COEFFICIENT            ORDER EXPONENTS
     1  0.1403723623003697E-03   0   0 0  0 0  0 0  0 0
     2  0.5196041445994053E-04   1   1 0  0 0  0 0  0 0
     3  0.4800127107767672E-04   1   0 1  0 0  0 0  0 0
     4  -1.558430379589656       1   0 0  1 0  0 0  0 0
     5  -.4515940804617974       1   0 0  0 1  0 0  0 0
     6  0.5319265255740801E-05   1   0 0  0 0  0 1  0 0
     7  0.5312106839247904E-05   1   0 0  0 0  0 0  1 0
     8  0.1297409902042450E-03   1   0 0  0 0  0 0  0 1
     9  0.6231448663175216E-03   2   2 0  0 0  0 0  0 0
    10  0.1067748886168597E-02   2   1 1  0 0  0 0  0 0
    11  0.5107750352336943E-03   2   0 2  0 0  0 0  0 0
    12  0.6634358813497793       2   1 0  1 0  0 0  0 0
    13  0.6091499019585770       2   0 1  1 0  0 0  0 0
    14  0.4921373652437192E-03   2   0 0  2 0  0 0  0 0
    15  0.6249679339437474       2   1 0  0 1  0 0  0 0
    16  0.5777440201768603       2   0 1  0 1  0 0  0 0
    17  0.1212762575601924E-02   2   0 0  1 1  0 0  0 0
    18  0.6315042805914709E-03   2   0 0  0 2  0 0  0 0
    19  -.2413493332160167E-05   2   1 0  0 0  0 1  0 0
    20  -.2637851800492465E-04   2   0 1  0 0  0 1  0 0
    21  -.6628465291426383E-01   2   0 0  1 0  0 1  0 0
    22  0.6698745589276309       2   0 0  0 1  0 1  0 0
    23  -.2410245366577757E-05   2   1 0  0 0  0 0  1 0
    24  -.2634301903857013E-04   2   0 1  0 0  0 0  1 0
    25  -.6619545015225957E-01   2   0 0  1 0  0 0  1 0
    26  0.6689730733163202       2   0 0  0 1  0 0  1 0
    27  0.5678401303302595E-04   2   1 0  0 0  0 0  0 1
    28  0.5272139929045509E-04   2   0 1  0 0  0 0  0 1
    29  -1.425950276598931       2   0 0  1 0  0 0  0 1
    30  -1.338847632327052       2   0 0  0 1  0 0  0 1
    31  -.3917951459141105E-05   2   0 0  0 0  0 2  0 0
    32  -.2520386607316096E-05   2   0 0  0 0  0 1  1 0
    33  -.3910982955953772E-05   2   0 0  0 0  0 0  2 0
    34  0.1035625579014341E-04   2   0 0  0 0  0 1  0 1
    35  0.1034231882917448E-04   2   0 0  0 0  0 0  1 1
    36  -.1034927414908437E-04   2   0 0  0 0  0 0  0 2
    37  -.1316189642760529E-01   3   3 0  0 0  0 0  0 0
    38  -.3693937753033177E-01   3   2 1  0 0  0 0  0 0
    39  -.3473046122868325E-01   3   1 2  0 0  0 0  0 0
    40  -.1091218524278501E-01   3   0 3  0 0  0 0  0 0
    41  -10.34399265803313       3   2 0  1 0  0 0  0 0
    42  -20.15983135724586       3   1 1  1 0  0 0  0 0
    43  -10.41764194821219       3   0 2  1 0  0 0  0 0
    44  0.2697238994976624E-01   3   1 0  2 0  0 0  0 0
    45  0.2463445313846198E-01   3   0 1  2 0  0 0  0 0
    46  -1.959504195721296       3   0 0  3 0  0 0  0 0
    47  -9.103560512020255       3   2 0  0 1  0 0  0 0
    48  -18.16235827803712       3   1 1  0 1  0 0  0 0
    49  -10.30841451739519       3   0 2  0 1  0 0  0 0
    50  0.5063577019993586E-01   3   1 0  1 1  0 0  0 0
    51  0.4652502208122615E-01   3   0 1  1 1  0 0  0 0
    52  -6.112418622440869       3   0 0  2 1  0 0  0 0
    53  0.2399026334474808E-01   3   1 0  0 2  0 0  0 0
    54  0.2219920483867457E-01   3   0 1  0 2  0 0  0 0
    55  -5.471202976726341       3   0 0  1 2  0 0  0 0
    56  -2.108044969050273       3   0 0  0 3  0 0  0 0
    57  -.3725881425477616E-03   3   2 0  0 0  0 1  0 0
    58  -.1268480489911194E-02   3   1 1  0 0  0 1  0 0
    59  -.8624766380278144E-03   3   0 2  0 0  0 1  0 0
    60  0.3246108184784723E-01   3   1 0  1 0  0 1  0 0
    61  -.2731088732206498       3   0 1  1 0  0 1  0 0
    62  -.1081959051930884E-03   3   0 0  2 0  0 1  0 0
    63  -.2887352133354426       3   1 0  0 1  0 1  0 0
    64  -.5541779128701787       3   0 1  0 1  0 1  0 0
    65  -.8493610327009986E-03   3   0 0  1 1  0 1  0 0
    66  -.7668347665583837E-03   3   0 0  0 2  0 1  0 0
    67  -.3720867309849907E-03   3   2 0  0 0  0 0  1 0
    68  -.1266773428649284E-02   3   1 1  0 0  0 0  1 0
    69  -.8613159576154712E-03   3   0 2  0 0  0 0  1 0
    70  0.3241739725373444E-01   3   1 0  1 0  0 0  1 0
    71  -.2727413361702445       3   0 1  1 0  0 0  1 0
    72  -.1080503002429764E-03   3   0 0  2 0  0 0  1 0
    73  -.2883466470929545       3   1 0  0 1  0 0  1 0
    74  -.5534321263525387       3   0 1  0 1  0 0  1 0
    75  -.8482180026521888E-03   3   0 0  1 1  0 0  1 0
    76  -.7658027964692203E-03   3   0 0  0 2  0 0  1 0
    77  0.1366414534298073E-02   3   2 0  0 0  0 0  0 1
    78  0.2532203705518953E-02   3   1 1  0 0  0 0  0 1
    79  0.1211355461760140E-02   3   0 2  0 0  0 0  0 1
    80  0.5985598905996764       3   1 0  1 0  0 0  0 1
    81  0.5458523299139597       3   0 1  1 0  0 0  0 1
    82  0.7093156618942401E-03   3   0 0  2 0  0 0  0 1
    83  0.5770839991777454       3   1 0  0 1  0 0  0 1
    84  0.5298678342129275       3   0 1  0 1  0 0  0 1
    85  0.1699626013289207E-02   3   0 0  1 1  0 0  0 1
    86  0.9022653086328234E-03   3   0 0  0 2  0 0  0 1
    87  0.1811480692110828E-05   3   1 0  0 0  0 2  0 0
    88  0.2088569428908015E-04   3   0 1  0 0  0 2  0 0
    89  0.4877371325125574E-01   3   0 0  1 0  0 2  0 0
    90  -.4748271123095764       3   0 0  0 1  0 2  0 0
    91  0.1326491363595958E-05   3   1 0  0 0  0 1  1 0
    92  0.1557606852104075E-04   3   0 1  0 0  0 1  1 0
    93  0.3130966560347039E-01   3   0 0  1 0  0 1  1 0
    94  -.2803035635610087       3   0 0  0 1  0 1  1 0
    95  0.1808150321988004E-05   3   1 0  0 0  0 0  2 0
    96  0.2084710653656046E-04   3   0 1  0 0  0 0  2 0
    97  0.4868700835038955E-01   3   0 0  1 0  0 0  2 0
    98  -.4739995026968614       3   0 0  0 1  0 0  2 0
    99  -.5138232881361225E-05   3   1 0  0 0  0 1  0 1
   100  -.3131633678301879E-04   3   0 1  0 0  0 1  0 1
   101  -.1288568644904725       3   0 0  1 0  0 1  0 1
   102  0.5600835501915588       3   0 0  0 1  0 1  0 1
   103  -.5131318089706060E-05   3   1 0  0 0  0 0  1 1
   104  -.3127419273286408E-04   3   0 1  0 0  0 0  1 1
   105  -.1286834549950551       3   0 0  1 0  0 0  1 1
   106  0.5593298161455339       3   0 0  0 1  0 0  1 1
   107  0.5291148252488542E-05   3   1 0  0 0  0 0  0 2
   108  0.5139630810324772E-05   3   0 1  0 0  0 0  0 2
   109  0.1287700487818550       3   0 0  1 0  0 0  0 2
   110  0.1097169946809586       3   0 0  0 1  0 0  0 2
   111  0.3217160043173301E-05   3   0 0  0 0  0 3  0 0
   112  0.1818955544428148E-05   3   0 0  0 0  0 2  1 0
   113  0.1821769261346582E-05   3   0 0  0 0  0 1  2 0
   114  0.3209443508330140E-05   3   0 0  0 0  0 0  3 0
   115  -.7555566366736534E-05   3   0 0  0 0  0 2  0 1
   116  -.4763613220066882E-05   3   0 0  0 0  0 1  1 1
   117  -.7542193118516518E-05   3   0 0  0 0  0 0  2 1
   118  0.4760737322159211E-05   3   0 0  0 0  0 1  0 2
   119  0.4754330546236839E-05   3   0 0  0 0  0 0  1 2
   120  0.2782586710578558E-06   3   0 0  0 0  0 0  0 3
   121  -.5485323143256570E-02   4   4 0  0 0  0 0  0 0
   122  -.2014160743165087E-01   4   3 1  0 0  0 0  0 0
   123  -.2798369682483206E-01   4   2 2  0 0  0 0  0 0
   124  -.1699747280213817E-01   4   1 3  0 0  0 0  0 0
   125  -.3765582865559711E-02   4   0 4  0 0  0 0  0 0
   126   145.6075899584562       4   3 0  1 0  0 0  0 0
   127   405.6415541930497       4   2 1  1 0  0 0  0 0
   128   378.6659709762256       4   1 2  1 0  0 0  0 0
   129   118.7230892964332       4   0 3  1 0  0 0  0 0
   130  0.3126920757664650E-01   4   2 0  2 0  0 0  0 0
   131  0.6042375303973242E-01   4   1 1  2 0  0 0  0 0
   132  0.2904748459210037E-01   4   0 2  2 0  0 0  0 0
   133  -102.5652597567683       4   1 0  3 0  0 0  0 0
   134  -93.10457963922779       4   0 1  3 0  0 0  0 0
   135  -.4755907989471015E-02   4   0 0  4 0  0 0  0 0
   136   138.3931253086133       4   3 0  0 1  0 0  0 0
   137   388.1358354377828       4   2 1  0 1  0 0  0 0
   138   364.9919816236757       4   1 2  0 1  0 0  0 0
   139   115.3363078017222       4   0 3  0 1  0 0  0 0
   140  0.6185181921607071E-01   4   2 0  1 1  0 0  0 0
   141  0.1203582687504734       4   1 1  1 1  0 0  0 0
   142  0.5911746771386288E-01   4   0 2  1 1  0 0  0 0
   143  -286.2850366137990       4   1 0  2 1  0 0  0 0
   144  -262.0593260515721       4   0 1  2 1  0 0  0 0
   145  -.1648355479062880E-01   4   0 0  3 1  0 0  0 0
   146  0.3005788041652196E-01   4   2 0  0 2  0 0  0 0
   147  0.5913812833735882E-01   4   1 1  0 2  0 0  0 0
   148  0.2974928634530094E-01   4   0 2  0 2  0 0  0 0
   149  -268.8780585480492       4   1 0  1 2  0 0  0 0
   150  -247.8590956213188       4   0 1  1 2  0 0  0 0
   151  -.2151717103416321E-01   4   0 0  2 2  0 0  0 0
   152  -84.65323388821275       4   1 0  0 3  0 0  0 0
   153  -78.47941838426573       4   0 1  0 3  0 0  0 0
   154  -.1211585672761854E-01   4   0 0  1 3  0 0  0 0
   155  -.2242545821884889E-02   4   0 0  0 4  0 0  0 0
   156  -.1488007289210882E-02   4   3 0  0 0  0 1  0 0
   157  0.1142213518122338E-01   4   2 1  0 0  0 1  0 0
   158  0.2524552364552488E-01   4   1 2  0 0  0 1  0 0
   159  0.1242772325277497E-01   4   0 3  0 0  0 1  0 0
   160   5.640612801393526       4   2 0  1 0  0 1  0 0
   161   20.83318267531910       4   1 1  1 0  0 1  0 0
   162   15.43277628853896       4   0 2  1 0  0 1  0 0
   163  0.2874424262859495E-02   4   1 0  2 0  0 1  0 0
   164  -.7971258957334974E-02   4   0 1  2 0  0 1  0 0
   165  0.4974898521064576       4   0 0  3 0  0 1  0 0
   166   9.687007933567315       4   2 0  0 1  0 1  0 0
   167   28.15014990595386       4   1 1  0 1  0 1  0 0
   168   20.18082027727970       4   0 2  0 1  0 1  0 0
   169  -.1575257224906671E-01   4   1 0  1 1  0 1  0 0
   170  -.3411537101325342E-01   4   0 1  1 1  0 1  0 0
   171   4.749473514915810       4   0 0  2 1  0 1  0 0
   172  -.1730643266031851E-01   4   1 0  0 2  0 1  0 0
   173  -.2522632498641380E-01   4   0 1  0 2  0 1  0 0
   174   7.346499178275444       4   0 0  1 2  0 1  0 0
   175   3.814316257022574       4   0 0  0 3  0 1  0 0
   176  -.1486004799128416E-02   4   3 0  0 0  0 0  1 0
   177  0.1140676381000307E-01   4   2 1  0 0  0 0  1 0
   178  0.2521154940958305E-01   4   1 2  0 0  0 0  1 0
   179  0.1241099860851969E-01   4   0 3  0 0  0 0  1 0
   180   5.633021930518275       4   2 0  1 0  0 0  1 0
   181   20.80514635990858       4   1 1  1 0  0 0  1 0
   182   15.41200758553139       4   0 2  1 0  0 0  1 0
   183  0.2870555998153465E-02   4   1 0  2 0  0 0  1 0
   184  -.7960531612702607E-02   4   0 1  2 0  0 0  1 0
   185  0.4968203537093777       4   0 0  3 0  0 0  1 0
   186   9.673971614823184       4   2 0  0 1  0 0  1 0
   187   28.11226676088103       4   1 1  0 1  0 0  1 0
   188   20.15366188043963       4   0 2  0 1  0 0  1 0
   189  -.1573137317972694E-01   4   1 0  1 1  0 0  1 0
   190  -.3406946015474556E-01   4   0 1  1 1  0 0  1 0
   191   4.743081897294370       4   0 0  2 1  0 0  1 0
   192  -.1728314247886817E-01   4   1 0  0 2  0 0  1 0
   193  -.2519237658712260E-01   4   0 1  0 2  0 0  1 0
   194   7.336612605909837       4   0 0  1 2  0 0  1 0
   195   3.809183129966370       4   0 0  0 3  0 0  1 0
   196  0.5865024302995583E-03   4   3 0  0 0  0 0  0 1
   197  0.1674838833970716E-02   4   2 1  0 0  0 0  0 1
   198  0.1606440852061884E-02   4   1 2  0 0  0 0  0 1
   199  0.5470488931917342E-03   4   0 3  0 0  0 0  0 1
   200  -21.60539273045691       4   2 0  1 0  0 0  0 1
   201  -41.61193525446678       4   1 1  1 0  0 0  0 1
   202  -20.41281719644142       4   0 2  1 0  0 0  0 1
   203  -.1540588222087791E-02   4   1 0  2 0  0 0  0 1
   204  -.1484344971710313E-02   4   0 1  2 0  0 0  0 1
   205  -2.956687245765560       4   0 0  3 0  0 0  0 1
   206  -19.34710119597497       4   2 0  0 1  0 0  0 1
   207  -38.06996612721215       4   1 1  0 1  0 0  0 1
   208  -19.70126713677609       4   0 2  0 1  0 0  0 1
   209  -.3044735443632791E-02   4   1 0  1 1  0 0  0 1
   210  -.3040455042479104E-02   4   0 1  1 1  0 0  0 1
   211  -9.501858974014610       4   0 0  2 1  0 0  0 1
   212  -.1492766750341839E-02   4   1 0  0 2  0 0  0 1
   213  -.1507681318951701E-02   4   0 1  0 2  0 0  0 1
   214  -9.222093094297801       4   0 0  1 2  0 0  0 1
   215  -3.411157222352001       4   0 0  0 3  0 0  0 1
   216  -.1750504432139137E-03   4   2 0  0 0  0 2  0 0
   217  0.1608202091187620E-03   4   1 1  0 0  0 2  0 0
   218  0.3565525709666435E-03   4   0 2  0 0  0 2  0 0
   219  -.2412792314799849E-01   4   1 0  1 0  0 2  0 0
   220  0.1897429809496364       4   0 1  1 0  0 2  0 0
   221  -.1365464557166748E-03   4   0 0  2 0  0 2  0 0
   222  0.2050674355246640       4   1 0  0 1  0 2  0 0
   223  0.5374940850610900       4   0 1  0 1  0 2  0 0
   224  0.3228105399306423E-03   4   0 0  1 1  0 2  0 0
   225  0.6668027613968301E-03   4   0 0  0 2  0 2  0 0
   226  -.1797899854275951E-03   4   2 0  0 0  0 1  1 0
   227  0.3161743286903920E-03   4   1 1  0 0  0 1  1 0
   228  0.6312755813826077E-03   4   0 2  0 0  0 1  1 0
   229  -.1680383390729170E-01   4   1 0  1 0  0 1  1 0
   230  0.1052226206437186       4   0 1  1 0  0 1  1 0
   231  -.1233284184097588E-03   4   0 0  2 0  0 1  1 0
   232  0.1204881370364482       4   1 0  0 1  0 1  1 0
   233  0.5192076970732529       4   0 1  0 1  0 1  1 0
   234  0.2833482525469175E-03   4   0 0  1 1  0 1  1 0
   235  0.7710754217298686E-03   4   0 0  0 2  0 1  1 0
   236  -.1746938921326874E-03   4   2 0  0 0  0 0  2 0
   237  0.1603910386051387E-03   4   1 1  0 0  0 0  2 0
   238  0.3556479688571593E-03   4   0 2  0 0  0 0  2 0
   239  -.2408414602226794E-01   4   1 0  1 0  0 0  2 0
   240  0.1894168319662051       4   0 1  1 0  0 0  2 0
   241  -.1362797131451687E-03   4   0 0  2 0  0 0  2 0
   242  0.2047103918062209       4   1 0  0 1  0 0  2 0
   243  0.5364213882279782       4   0 1  0 1  0 0  2 0
   244  0.3221854583572695E-03   4   0 0  1 1  0 0  2 0
   245  0.6653865711843487E-03   4   0 0  0 2  0 0  2 0
   246  0.4031380319847090E-03   4   2 0  0 0  0 1  0 1
   247  -.1004782127430833E-03   4   1 1  0 0  0 1  0 1
   248  -.4083855783605196E-03   4   0 2  0 0  0 1  0 1
   249  0.6636551515602208E-01   4   1 0  1 0  0 1  0 1
   250  -.2092757901497642       4   0 1  1 0  0 1  0 1
   251  0.2496310694544610E-03   4   0 0  2 0  0 1  0 1
   252  -.2400903223323906       4   1 0  0 1  0 1  0 1
   253  -.4825467952148630       4   0 1  0 1  0 1  0 1
   254  -.2850418072302174E-03   4   0 0  1 1  0 1  0 1
   255  -.6134131234435921E-03   4   0 0  0 2  0 1  0 1
   256  0.4025955078205009E-03   4   2 0  0 0  0 0  1 1
   257  -.1003429938997470E-03   4   1 1  0 0  0 0  1 1
   258  -.4078359922957067E-03   4   0 2  0 0  0 0  1 1
   259  0.6627620357342409E-01   4   1 0  1 0  0 0  1 1
   260  -.2089941566542064       4   0 1  1 0  0 0  1 1
   261  0.2492951277258938E-03   4   0 0  2 0  0 0  1 1
   262  -.2397672200916605       4   1 0  0 1  0 0  1 1
   263  -.4818974064795055       4   0 1  0 1  0 0  1 1
   264  -.2846582113996028E-03   4   0 0  1 1  0 0  1 1
   265  -.6125876209712205E-03   4   0 0  0 2  0 0  1 1
   266  -.2766992889998883E-03   4   2 0  0 0  0 0  0 2
   267  -.5221239760247026E-03   4   1 1  0 0  0 0  0 2
   268  -.2443770983739764E-03   4   0 2  0 0  0 0  0 2
   269  -.6762466961306890E-01   4   1 0  1 0  0 0  0 2
   270  -.6543946055880558E-01   4   0 1  1 0  0 0  0 2
   271  -.1024771102799429E-03   4   0 0  2 0  0 0  0 2
   272  -.5014632188374363E-01   4   1 0  0 1  0 0  0 2
   273  -.4964422803905114E-01   4   0 1  0 1  0 0  0 2
   274  -.2259593239546194E-03   4   0 0  1 1  0 0  0 2
   275  -.1178447269856188E-03   4   0 0  0 2  0 0  0 2
   276  -.4057635467479826E-05   4   1 0  0 0  0 3  0 0
   277  -.2333027437146216E-04   4   0 1  0 0  0 3  0 0
   278  -.4002364565076342E-01   4   0 0  1 0  0 3  0 0
   279  0.3777531447999445       4   0 0  0 1  0 3  0 0
   280  -.2808868900424347E-05   4   1 0  0 0  0 2  1 0
   281  -.1665560117147942E-04   4   0 1  0 0  0 2  1 0
   282  -.2255347099985579E-01   4   0 0  1 0  0 2  1 0
   283  0.1837120025553693       4   0 0  0 1  0 2  1 0
   284  -.2811378674338786E-05   4   1 0  0 0  0 1  2 0
   285  -.1666901148398236E-04   4   0 1  0 0  0 1  2 0
   286  -.2258862807912985E-01   4   0 0  1 0  0 1  2 0
   287  0.1841026734967572       4   0 0  0 1  0 1  2 0
   288  -.4047557132358929E-05   4   1 0  0 0  0 0  3 0
   289  -.2327198714484447E-04   4   0 1  0 0  0 0  3 0
   290  -.3992769751899431E-01   4   0 0  1 0  0 0  3 0
   291  0.3768671525695929       4   0 0  0 1  0 0  3 0
   292  0.5532619347953472E-05   4   1 0  0 0  0 2  0 1
   293  0.2990794378181586E-04   4   0 1  0 0  0 2  0 1
   294  0.9386828478125955E-01   4   0 0  1 0  0 2  0 1
   295  -.3672887364574561       4   0 0  0 1  0 2  0 1
   296  0.4392058024838318E-05   4   1 0  0 0  0 1  1 1
   297  0.2387103953327326E-04   4   0 1  0 0  0 1  1 1
   298  0.5898381854332812E-01   4   0 0  1 0  0 1  1 1
   299  -.1749998805012436       4   0 0  0 1  0 1  1 1
   300  0.5522218497228651E-05   4   1 0  0 0  0 0  2 1
   301  0.2985163282061690E-04   4   0 1  0 0  0 0  2 1
   302  0.9370227244586744E-01   4   0 0  1 0  0 0  2 1
   303  -.3666767032897906       4   0 0  0 1  0 0  2 1
   304  -.1005909998367032E-05   4   1 0  0 0  0 1  0 2
   305  -.2912371757044300E-05   4   0 1  0 0  0 1  0 2
   306  -.5894113503251231E-01   4   0 0  1 0  0 1  0 2
   307  -.1053088406010051       4   0 0  0 1  0 1  0 2
   308  -.1004556292098139E-05   4   1 0  0 0  0 0  1 2
   309  -.2908452424389019E-05   4   0 1  0 0  0 0  1 2
   310  -.5886181483078511E-01   4   0 0  1 0  0 0  1 2
   311  -.1051671209263581       4   0 0  0 1  0 0  1 2
   312  0.2568544051052696E-06   4   1 0  0 0  0 0  0 3
   313  0.2095251659927225E-06   4   0 1  0 0  0 0  0 3
   314  -.3657867125289364E-02   4   0 0  1 0  0 0  0 3
   315  -.2987984569637669E-02   4   0 0  0 1  0 0  0 3
   316  -.6478903668381195E-05   4   0 0  0 0  0 4  0 0
   317  -.3353280763955882E-05   4   0 0  0 0  0 3  1 0
   318  -.2938446157298030E-05   4   0 0  0 0  0 2  2 0
   319  -.3362225157090800E-05   4   0 0  0 0  0 1  3 0
   320  -.6459219560967186E-05   4   0 0  0 0  0 0  4 0
   321  0.6959570446488443E-05   4   0 0  0 0  0 3  0 1
   322  0.3528260997778003E-05   4   0 0  0 0  0 2  1 1
   323  0.3535168633390770E-05   4   0 0  0 0  0 1  2 1
   324  0.6943150773344067E-05   4   0 0  0 0  0 0  3 1
   325  0.5072958707145891E-06   4   0 0  0 0  0 2  0 2
   326  0.6041445607857452E-06   4   0 0  0 0  0 1  1 2
   327  0.5062066612010336E-06   4   0 0  0 0  0 0  2 2
   328  0.3792611227185930E-08   4   0 0  0 0  0 1  0 3
   329  0.3787507309735950E-08   4   0 0  0 0  0 0  1 3
   330  -.1080150830705992E-13   4   0 0  0 0  0 0  0 4
   ----------------------------------------------------
     I  COEFFICIENT            ORDER EXPONENTS
     1  0.8646958182315502E-08   0   0 0  0 0  0 0  0 0
     2  -.2514248983369825E-05   1   1 0  0 0  0 0  0 0
     3  -.3256666098023781E-05   1   0 1  0 0  0 0  0 0
     4  0.1898264953391868E-04   1   0 0  1 0  0 0  0 0
     5  0.2087445429665399E-05   1   0 0  0 1  0 0  0 0
     6   1.000000000000000       1   0 0  0 0  1 0  0 0
     7  0.2859789909828981       1   0 0  0 0  0 1  0 0
     8  -.2859789893820441       1   0 0  0 0  0 0  1 0
     9  -.1600859683625867E-08   1   0 0  0 0  0 0  0 1
    10  -.1395644134241509       2   2 0  0 0  0 0  0 0
    11  -.4485675441969701       2   1 1  0 0  0 0  0 0
    12  -.5750157154361362       2   0 2  0 0  0 0  0 0
    13  -.9329790422480492E-05   2   1 0  1 0  0 0  0 0
    14  -.1434208512300979E-04   2   0 1  1 0  0 0  0 0
    15  -.1089897861432734       2   0 0  2 0  0 0  0 0
    16  -.1423810349094388E-04   2   1 0  0 1  0 0  0 0
    17  -.1797904736911978E-04   2   0 1  0 1  0 0  0 0
    18  -.2063247889142758E-01   2   0 0  1 1  0 0  0 0
    19  -.2179092109684948       2   0 0  0 2  0 0  0 0
    20  0.3747600073009176E-05   2   1 0  0 0  0 1  0 0
    21  0.5936221988001153E-05   2   0 1  0 0  0 1  0 0
    22  -.2732858528987526E-04   2   0 0  1 0  0 1  0 0
    23  -.1113929781593230E-04   2   0 0  0 1  0 1  0 0
    24  0.1235080888478866E-05   2   1 0  0 0  0 0  1 0
    25  0.2680349150040088E-05   2   0 1  0 0  0 0  1 0
    26  -.8360225354626312E-05   2   0 0  1 0  0 0  1 0
    27  -.9042485783483319E-05   2   0 0  0 1  0 0  1 0
    28  -.4982718878128060E-05   2   1 0  0 0  0 0  0 1
    29  -.5359990748298074E-05   2   0 1  0 0  0 0  0 1
    30  0.3568882748033736E-04   2   0 0  1 0  0 0  0 1
    31  0.1809436057256326E-04   2   0 0  0 1  0 0  0 1
    32  -.2146286623703208       2   0 0  0 0  0 2  0 0
    33  0.1432783314981288       2   0 0  0 0  0 1  1 0
    34  0.7135032861186699E-01   2   0 0  0 0  0 0  2 0
    35  0.2259774500543948E-08   2   0 0  0 0  0 1  0 1
    36  0.6602259223919452E-09   2   0 0  0 0  0 0  1 1
    37  -.6596203072830314E-09   2   0 0  0 0  0 0  0 2
    38  0.6825174875202292E-01   3   3 0  0 0  0 0  0 0
    39  0.2319672785636941       3   2 1  0 0  0 0  0 0
    40  0.2515473393497201       3   1 2  0 0  0 0  0 0
    41  0.8846270133764129E-01   3   0 3  0 0  0 0  0 0
    42  0.4010642260556699E-03   3   2 0  1 0  0 0  0 0
    43  0.7066143153588629E-03   3   1 1  1 0  0 0  0 0
    44  0.4503787303951876E-03   3   0 2  1 0  0 0  0 0
    45  0.4091636760144826E-01   3   1 0  2 0  0 0  0 0
    46  -.1007712648483861E-02   3   0 1  2 0  0 0  0 0
    47  0.1279885136418449E-03   3   0 0  3 0  0 0  0 0
    48  0.2827037288657196E-03   3   2 0  0 1  0 0  0 0
    49  0.4722102591607396E-03   3   1 1  0 1  0 0  0 0
    50  0.2997905758901126E-03   3   0 2  0 1  0 0  0 0
    51  -.3287883735550818E-03   3   1 0  1 1  0 0  0 0
    52  -.6682862751701048E-01   3   0 1  1 1  0 0  0 0
    53  0.4007923797397260E-03   3   0 0  2 1  0 0  0 0
    54  -.3423914409811260E-01   3   1 0  0 2  0 0  0 0
    55  -.6067931290276501E-01   3   0 1  0 2  0 0  0 0
    56  0.3951794881066764E-03   3   0 0  1 2  0 0  0 0
    57  0.1172107136639231E-03   3   0 0  0 3  0 0  0 0
    58  0.2178341039310473       3   2 0  0 0  0 1  0 0
    59  0.8185615182001803       3   1 1  0 0  0 1  0 0
    60   1.074145432243731       3   0 2  0 0  0 1  0 0
    61  0.1406532042575832E-04   3   1 0  1 0  0 1  0 0
    62  0.2603050550234709E-04   3   0 1  1 0  0 1  0 0
    63  0.1566286153443422       3   0 0  2 0  0 1  0 0
    64  0.2588230753176086E-04   3   1 0  0 1  0 1  0 0
    65  0.4032176697866115E-04   3   0 1  0 1  0 1  0 0
    66  0.1227550361766978       3   0 0  1 1  0 1  0 0
    67  0.3361716164220792       3   0 0  0 2  0 1  0 0
    68  0.7835205971573078E-01   3   2 0  0 0  0 0  1 0
    69  0.3700992147971192       3   1 1  0 0  0 0  1 0
    70  0.4992310169067463       3   0 2  0 0  0 0  1 0
    71  0.4722094038152130E-05   3   1 0  1 0  0 0  1 0
    72  0.1162643400964986E-04   3   0 1  1 0  0 0  1 0
    73  0.4772127967297447E-01   3   0 0  2 0  0 0  1 0
    74  0.1161780571485802E-04   3   1 0  0 1  0 0  1 0
    75  0.2226102667755525E-04   3   0 1  0 1  0 0  1 0
    76  0.1020129762562817       3   0 0  1 1  0 0  1 0
    77  0.1183961646759419       3   0 0  0 2  0 0  1 0
    78  -.2961864374197667       3   2 0  0 0  0 0  0 1
    79  -.7400939532395078       3   1 1  0 0  0 0  0 1
    80  -.4233456729871641       3   0 2  0 0  0 0  0 1
    81  -.1874730374615842E-04   3   1 0  1 0  0 0  0 1
    82  -.2318703091477664E-04   3   0 1  1 0  0 0  0 1
    83  -.2043500455168182       3   0 0  2 0  0 0  0 1
    84  -.2318636508650181E-04   3   1 0  0 1  0 0  0 1
    85  -.2643384148539866E-04   3   0 1  0 1  0 0  0 1
    86  -.2041357246641168       3   0 0  1 1  0 0  0 1
    87  -.1874946406699140E-01   3   0 0  0 2  0 0  0 1
    88  -.4656552233807483E-05   3   1 0  0 0  0 2  0 0
    89  -.8452779037541797E-05   3   0 1  0 0  0 2  0 0
    90  0.3304934443285386E-04   3   0 0  1 0  0 2  0 0
    91  0.2144962164149149E-04   3   0 0  0 1  0 2  0 0
    92  -.1819085262219364E-05   3   1 0  0 0  0 1  1 0
    93  -.5034111187313340E-05   3   0 1  0 0  0 1  1 0
    94  0.1145259511274738E-04   3   0 0  1 0  0 1  1 0
    95  0.2062098601326489E-04   3   0 0  0 1  0 1  1 0
    96  -.9108333778395219E-06   3   1 0  0 0  0 0  2 0
    97  -.2517653936520025E-05   3   0 1  0 0  0 0  2 0
    98  0.5736944144775352E-05   3   0 0  1 0  0 0  2 0
    99  0.1030409393584641E-04   3   0 0  0 1  0 0  2 0
   100  0.7383896397424876E-05   3   1 0  0 0  0 1  0 1
   101  0.1006669655771820E-04   3   0 1  0 0  0 1  0 1
   102  -.5022707147265397E-04   3   0 0  1 0  0 1  0 1
   103  -.4124623105632411E-04   3   0 0  0 1  0 1  0 1
   104  0.2404780575268209E-05   3   1 0  0 0  0 0  1 1
   105  0.4707799526056080E-05   3   0 1  0 0  0 0  1 1
   106  -.1456784751407463E-04   3   0 0  1 0  0 0  1 1
   107  -.2314609102016382E-04   3   0 0  0 1  0 0  1 1
   108  -.2402932986911331E-05   3   1 0  0 0  0 0  0 2
   109  -.2027305793806463E-05   3   0 1  0 0  0 0  0 2
   110  0.1455428300170798E-04   3   0 0  1 0  0 0  0 2
   111  0.1410299817694659E-04   3   0 0  0 1  0 0  0 2
   112  0.1788813492785221       3   0 0  0 0  0 3  0 0
   113  -.1073867922923264       3   0 0  0 0  0 2  1 0
   114  -.3589155508025791E-01   3   0 0  0 0  0 1  2 0
   115  -.3560303934412082E-01   3   0 0  0 0  0 0  3 0
   116  -.2566060592113506E-08   3   0 0  0 0  0 2  0 1
   117  -.1791978797140445E-10   3   0 0  0 0  0 1  1 1
   118  -.1067232893825068E-10   3   0 0  0 0  0 0  2 1
   119  0.3940822249250186E-09   3   0 0  0 0  0 1  0 2
   120  0.4384041438302093E-10   3   0 0  0 0  0 0  1 2
   121  0.6386726470700158E-10   3   0 0  0 0  0 0  0 3
   122  -.7244044080412977       4   4 0  0 0  0 0  0 0
   123  -3.794101761242086       4   3 1  0 0  0 0  0 0
   124  -7.775411824885915       4   2 2  0 0  0 0  0 0
   125  -7.244776383122784       4   1 3  0 0  0 0  0 0
   126  -2.816261199015308       4   0 4  0 0  0 0  0 0
   127  0.3829587461900178E-03   4   3 0  1 0  0 0  0 0
   128  0.2742705537379854E-02   4   2 1  1 0  0 0  0 0
   129  0.3975014138091586E-02   4   1 2  1 0  0 0  0 0
   130  0.1625370236321346E-02   4   0 3  1 0  0 0  0 0
   131  -2.677166156931228       4   2 0  2 0  0 0  0 0
   132  -5.236607308941757       4   1 1  2 0  0 0  0 0
   133  -3.221581753781796       4   0 2  2 0  0 0  0 0
   134  0.2635734784434036E-02   4   1 0  3 0  0 0  0 0
   135  0.1898384168375220E-02   4   0 1  3 0  0 0  0 0
   136  -.4893663937972387       4   0 0  4 0  0 0  0 0
   137  0.1011044562108644E-02   4   3 0  0 1  0 0  0 0
   138  0.4352258694881194E-02   4   2 1  0 1  0 0  0 0
   139  0.5375761441850812E-02   4   1 2  0 1  0 0  0 0
   140  0.2036352362748305E-02   4   0 3  0 1  0 0  0 0
   141  -3.965419355752593       4   2 0  1 1  0 0  0 0
   142  -7.143134376676526       4   1 1  1 1  0 0  0 0
   143  -4.193027398069508       4   0 2  1 1  0 0  0 0
   144  0.6033107823071518E-02   4   1 0  2 1  0 0  0 0
   145  0.4137872179052465E-02   4   0 1  2 1  0 0  0 0
   146  -1.682374517461688       4   0 0  3 1  0 0  0 0
   147  -1.302226418612950       4   2 0  0 2  0 0  0 0
   148  -2.494738849354077       4   1 1  0 2  0 0  0 0
   149  -1.958061000689737       4   0 2  0 2  0 0  0 0
   150  0.4385752381344863E-02   4   1 0  1 2  0 0  0 0
   151  0.2734040121252598E-02   4   0 1  1 2  0 0  0 0
   152  -2.183305691828100       4   0 0  2 2  0 0  0 0
   153  0.9496328961748138E-03   4   1 0  0 3  0 0  0 0
   154  0.4570117383366156E-03   4   0 1  0 3  0 0  0 0
   155  -1.187892720619347       4   0 0  1 3  0 0  0 0
   156  -.3398551399103536       4   0 0  0 4  0 0  0 0
   157  -.1115631033776575       4   3 0  0 0  0 1  0 0
   158  -.4702270826665452       4   2 1  0 0  0 1  0 0
   159  -.6185240464292798       4   1 2  0 0  0 1  0 0
   160  -.2577719826407925       4   0 3  0 0  0 1  0 0
   161  0.1835427680426757E-04   4   2 0  1 0  0 1  0 0
   162  -.2926339485358324E-03   4   1 1  1 0  0 1  0 0
   163  -.4368915061055303E-03   4   0 2  1 0  0 1  0 0
   164  -.5540473069568458E-01   4   1 0  2 0  0 1  0 0
   165  -.1321251688979672E-01   4   0 1  2 0  0 1  0 0
   166  -.7345860183759719E-04   4   0 0  3 0  0 1  0 0
   167  -.8847253568640682E-04   4   2 0  0 1  0 1  0 0
   168  -.2114642560858743E-03   4   1 1  0 1  0 1  0 0
   169  -.2413067586573677E-03   4   0 2  0 1  0 1  0 0
   170  -.2961282406157728E-01   4   1 0  1 1  0 1  0 0
   171  0.1033658785915440       4   0 1  1 1  0 1  0 0
   172  -.3440452854361593E-03   4   0 0  2 1  0 1  0 0
   173  0.5352118123875531E-01   4   1 0  0 2  0 1  0 0
   174  0.1365419731759933       4   0 1  0 2  0 1  0 0
   175  -.6125112226152483E-03   4   0 0  1 2  0 1  0 0
   176  -.2824609294499764E-03   4   0 0  0 3  0 1  0 0
   177  -.4292435976418686E-01   4   3 0  0 0  0 0  1 0
   178  -.2364983501350486       4   2 1  0 0  0 0  1 0
   179  -.3645219019157880       4   1 2  0 0  0 0  1 0
   180  -.1681699258541584       4   0 3  0 0  0 0  1 0
   181  -.2011437820089758E-05   4   2 0  1 0  0 0  1 0
   182  -.3765521177979626E-03   4   1 1  1 0  0 0  1 0
   183  -.4211083577327658E-03   4   0 2  1 0  0 0  1 0
   184  -.1437064944475301E-01   4   1 0  2 0  0 0  1 0
   185  -.1368980927041065E-01   4   0 1  2 0  0 0  1 0
   186  -.5145916178239032E-04   4   0 0  3 0  0 0  1 0
   187  -.1253612073566988E-03   4   2 0  0 1  0 0  1 0
   188  -.3794720859088032E-03   4   1 1  0 1  0 0  1 0
   189  -.3242515382906084E-03   4   0 2  0 1  0 0  1 0
   190  -.2968091685899286E-01   4   1 0  1 1  0 0  1 0
   191  0.3731237413373999E-01   4   0 1  1 1  0 0  1 0
   192  -.2528129705200196E-03   4   0 0  2 1  0 0  1 0
   193  0.1944568935150095E-01   4   1 0  0 2  0 0  1 0
   194  0.7622362321858919E-01   4   0 1  0 2  0 0  1 0
   195  -.4543040367353566E-03   4   0 0  1 2  0 0  1 0
   196  -.2163642252124460E-03   4   0 0  0 3  0 0  1 0
   197  0.1539627199035421       4   3 0  0 0  0 0  0 1
   198  0.4718885609369922       4   2 1  0 0  0 0  0 1
   199  0.4753930060751333       4   1 2  0 0  0 0  0 1
   200  0.1580744250422150       4   0 3  0 0  0 0  0 1
   201  0.6274825260073302E-04   4   2 0  1 0  0 0  0 1
   202  0.2095635992468350E-03   4   1 1  1 0  0 0  0 1
   203  0.2381256663996452E-03   4   0 2  1 0  0 0  0 1
   204  0.6949271984726835E-01   4   1 0  2 0  0 0  0 1
   205  0.2688563684183938E-01   4   0 1  2 0  0 0  0 1
   206  0.1617441668510925E-03   4   0 0  3 0  0 0  0 1
   207  -.8829768211362555E-04   4   2 0  0 1  0 0  0 1
   208  -.1829770707495087E-03   4   1 1  0 1  0 0  0 1
   209  -.1228609413740346E-05   4   0 2  0 1  0 0  0 1
   210  0.5918432230162505E-01   4   1 0  1 1  0 0  0 1
   211  -.8465412461778430E-02   4   0 1  1 1  0 0  0 1
   212  0.3285295330426583E-03   4   0 0  2 1  0 0  0 1
   213  -.4840813441049093E-02   4   1 0  0 2  0 0  0 1
   214  -.3164917672016489E-01   4   0 1  0 2  0 0  0 1
   215  0.2604780838274553E-03   4   0 0  1 2  0 0  0 1
   216  0.9969830390353430E-04   4   0 0  0 3  0 0  0 1
   217  -.2810693968978841       4   2 0  0 0  0 2  0 0
   218  -1.176897072078178       4   1 1  0 0  0 2  0 0
   219  -1.591586341804558       4   0 2  0 0  0 2  0 0
   220  -.2071628490066192E-04   4   1 0  1 0  0 2  0 0
   221  -.4647874922920412E-04   4   0 1  1 0  0 2  0 0
   222  -.1891414693097364       4   0 0  2 0  0 2  0 0
   223  -.4708490774154998E-04   4   1 0  0 1  0 2  0 0
   224  -.8146454005531983E-04   4   0 1  0 1  0 2  0 0
   225  -.2394719390591535       4   0 0  1 1  0 2  0 0
   226  -.4489121936685123       4   0 0  0 2  0 2  0 0
   227  -.1264791608415252       4   2 0  0 0  0 1  1 0
   228  -.7166432952717966       4   1 1  0 0  0 1  1 0
   229  -1.034804829737784       4   0 2  0 0  0 1  1 0
   230  -.8180876865750093E-05   4   1 0  1 0  0 1  1 0
   231  -.2563897982971873E-04   4   0 1  1 0  0 1  1 0
   232  -.6508903256901902E-01   4   0 0  2 0  0 1  1 0
   233  -.2630053254190884E-04   4   1 0  0 1  0 1  1 0
   234  -.5799855120134295E-04   4   0 1  0 1  0 1  1 0
   235  -.2334354890260353       4   0 0  1 1  0 1  1 0
   236  -.2255157605662591       4   0 0  0 2  0 1  1 0
   237  -.6330079202000388E-01   4   2 0  0 0  0 0  2 0
   238  -.3583892195472552       4   1 1  0 0  0 0  2 0
   239  -.5174275295011348       4   0 2  0 0  0 0  2 0
   240  -.4126006771868787E-05   4   1 0  1 0  0 0  2 0
   241  -.1285680700826725E-04   4   0 1  1 0  0 0  2 0
   242  -.3260590487736729E-01   4   0 0  2 0  0 0  2 0
   243  -.1317700609883880E-04   4   1 0  0 1  0 0  2 0
   244  -.2900556669277026E-04   4   0 1  0 1  0 0  2 0
   245  -.1166430686836954       4   0 0  1 1  0 0  2 0
   246  -.1128319402613049       4   0 0  0 2  0 0  2 0
   247  0.4707476608628719       4   2 0  0 0  0 1  0 1
   248   1.433241030897022       4   1 1  0 0  0 1  0 1
   249  0.9955033365480328       4   0 2  0 0  0 1  0 1
   250  0.2591274348864214E-04   4   1 0  1 0  0 1  0 1
   251  0.4623829951448411E-04   4   0 1  1 0  0 1  0 1
   252  0.2867648121957551       4   0 0  2 0  0 1  0 1
   253  0.4727851227294361E-04   4   1 0  0 1  0 1  0 1
   254  0.6873392204318962E-04   4   0 1  0 1  0 1  0 1
   255  0.4669134728827190       4   0 0  1 1  0 1  0 1
   256  0.1148484527699848       4   0 0  0 2  0 1  0 1
   257  0.1747138210612524       4   2 0  0 0  0 0  1 1
   258  0.6931903707048745       4   1 1  0 0  0 0  1 1
   259  0.5719483889545101       4   0 2  0 0  0 0  1 1
   260  0.8750468505505153E-05   4   1 0  1 0  0 0  1 1
   261  0.2116971565354103E-04   4   0 1  1 0  0 0  1 1
   262  0.8258588471869252E-01   4   0 0  2 0  0 0  1 1
   263  0.2188772877197117E-04   4   1 0  0 1  0 0  1 1
   264  0.3748623731624016E-04   4   0 1  0 1  0 0  1 1
   265  0.2627111929240217       4   0 0  1 1  0 0  1 1
   266  0.9600043349087400E-01   4   0 0  0 2  0 0  1 1
   267  -.1746242504869691       4   2 0  0 0  0 0  0 2
   268  -.3230966800880803       4   1 1  0 0  0 0  0 2
   269  -.1486953922267860       4   0 2  0 0  0 0  0 2
   270  -.6561385512875215E-05   4   1 0  1 0  0 0  0 2
   271  -.5942794752725579E-05   4   0 1  1 0  0 0  0 2
   272  -.8250713534964663E-01   4   0 0  2 0  0 0  0 2
   273  -.6379195777465001E-05   4   1 0  0 1  0 0  0 2
   274  -.5824055048082349E-05   4   0 1  0 1  0 0  0 2
   275  -.1606893608595191       4   0 0  1 1  0 0  0 2
   276  -.7730637824687954E-01   4   0 0  0 2  0 0  0 2
   277  -.9106321829494566E-04   4   1 0  0 0  0 3  0 0
   278  -.1820278690205862E-03   4   0 1  0 0  0 3  0 0
   279  -.4481005798740012E-04   4   0 0  1 0  0 3  0 0
   280  -.2467336996152753E-04   4   0 0  0 1  0 3  0 0
   281  -.4489753023107405E-04   4   1 0  0 0  0 2  1 0
   282  -.8720742630251451E-04   4   0 1  0 0  0 2  1 0
   283  -.1543093067398554E-04   4   0 0  1 0  0 2  1 0
   284  -.2897356638459195E-04   4   0 0  0 1  0 2  1 0
   285  -.2787971108140566E-04   4   1 0  0 0  0 1  2 0
   286  -.5383802684218854E-04   4   0 1  0 0  0 1  2 0
   287  -.8701450018203805E-05   4   0 0  1 0  0 1  2 0
   288  -.1993131216632025E-04   4   0 0  0 1  0 1  2 0
   289  -.1498802903658670E-04   4   1 0  0 0  0 0  3 0
   290  -.2911594759074664E-04   4   0 1  0 0  0 0  3 0
   291  -.5161097881361387E-05   4   0 0  1 0  0 0  3 0
   292  -.9648374092292613E-05   4   0 0  0 1  0 0  3 0
   293  0.7870528970171868E-04   4   1 0  0 0  0 2  0 1
   294  0.6584085185508253E-04   4   0 1  0 0  0 2  0 1
   295  0.5039665031532211E-04   4   0 0  1 0  0 2  0 1
   296  0.7105994138858050E-04   4   0 0  0 1  0 2  0 1
   297  0.3882360532461655E-04   4   1 0  0 0  0 1  1 1
   298  0.3352948293628049E-04   4   0 1  0 0  0 1  1 1
   299  0.1433903249372371E-04   4   0 0  1 0  0 1  1 1
   300  0.4798179606805121E-04   4   0 0  0 1  0 1  1 1
   301  0.1942542993898406E-04   4   1 0  0 0  0 0  2 1
   302  0.1677502520403849E-04   4   0 1  0 0  0 0  2 1
   303  0.7189022196016108E-05   4   0 0  1 0  0 0  2 1
   304  0.2399054320526676E-04   4   0 0  0 1  0 0  2 1
   305  -.2014950226650450E-06   4   1 0  0 0  0 1  0 2
   306  0.1060191321353186E-05   4   0 1  0 0  0 1  0 2
   307  -.7352670309288107E-05   4   0 0  1 0  0 1  0 2
   308  -.1458201452842125E-04   4   0 0  0 1  0 1  0 2
   309  -.1609726303879781E-05   4   1 0  0 0  0 0  1 2
   310  -.2717825361873923E-06   4   0 1  0 0  0 0  1 2
   311  -.5619844928212184E-06   4   0 0  1 0  0 0  1 2
   312  -.7569728417900868E-05   4   0 0  0 1  0 0  1 2
   313  -.3407395302669784E-07   4   1 0  0 0  0 0  0 3
   314  -.1428550403827263E-07   4   0 1  0 0  0 0  0 3
   315  -.1455177984908313E-05   4   0 0  1 0  0 0  0 3
   316  -.1314046650393184E-05   4   0 0  0 1  0 0  0 3
   317  -.1565302495006301       4   0 0  0 0  0 4  0 0
   318  0.8947684505985537E-01   4   0 0  0 0  0 3  1 0
   319  0.2686485651550545E-01   4   0 0  0 0  0 2  2 0
   320  0.1798162783251777E-01   4   0 0  0 0  0 1  3 0
   321  0.2220686194059623E-01   4   0 0  0 0  0 0  4 0
   322  0.3535452440126022E-08   4   0 0  0 0  0 3  0 1
   323  0.2081633559548704E-08   4   0 0  0 0  0 2  1 1
   324  0.1694840954636247E-08   4   0 0  0 0  0 1  2 1
   325  0.5926253403409899E-09   4   0 0  0 0  0 0  3 1
   326  -.4778936473358265E-09   4   0 0  0 0  0 2  0 2
   327  -.9768088557720684E-10   4   0 0  0 0  0 1  1 2
   328  -.4816605890543810E-10   4   0 0  0 0  0 0  2 2
   329  -.1223098379244926E-09   4   0 0  0 0  0 1  0 3
   330  -.5844975784478036E-10   4   0 0  0 0  0 0  1 3
   331  -.4226794400076251E-11   4   0 0  0 0  0 0  0 4
   ----------------------------------------------------
     I  COEFFICIENT            ORDER EXPONENTS
     1   1.000000000000000       1   0 0  0 0  0 1  0 0
     --------------------------------------------------
     I  COEFFICIENT            ORDER EXPONENTS
     1   1.000000000000000       1   0 0  0 0  0 0  1 0
     --------------------------------------------------
     I  COEFFICIENT            ORDER EXPONENTS
     1   1.000000000000000       1   0 0  0 0  0 0  0 1
     --------------------------------------------------
