 L    0.1145458000000000E+01
 P (  0.0000000000000000E+00,  0.0000000000000000E+00,  0.9555200000000000E-01)
 A (  0.0000000000000000E+00,  0.0000000000000000E+00,  0.0000000000000000E+00)
     I  COEFFICIENT            ORDER EXPONENTS
     1  0.9460352856959764E-04   0   0 0  0 0  0 0  0 0
     2   1.455908134737607       1   1 0  0 0  0 0  0 0
     3   1.550321937476843       1   0 1  0 0  0 0  0 0
     4  0.1363126041904357E-04   1   0 0  1 0  0 0  0 0
     5  0.1197919653948496E-04   1   0 0  0 1  0 0  0 0
     6  -.8386475488629651E-06   1   0 0  0 0  0 1  0 0
     7  -.8375189365160388E-06   1   0 0  0 0  0 0  1 0
     8  0.1676166486906934E-05   1   0 0  0 0  0 0  0 1
     9  -.1106003090048472       2   2 0  0 0  0 0  0 0
    10  -.1978334490388987       2   1 1  0 0  0 0  0 0
    11  -.8894228779223472E-01   2   0 2  0 0  0 0  0 0
    12  0.4447549950198401E-03   2   1 0  1 0  0 0  0 0
    13  0.1338290102735482E-03   2   0 1  1 0  0 0  0 0
    14  0.8650542634701006E-01   2   0 0  2 0  0 0  0 0
    15  0.4253475842687608E-03   2   1 0  0 1  0 0  0 0
    16  0.1807013709911220E-03   2   0 1  0 1  0 0  0 0
    17  0.1545186390330168       2   0 0  1 1  0 0  0 0
    18  0.6954358527510478E-01   2   0 0  0 2  0 0  0 0
    19  -.2421122544826357       2   1 0  0 0  0 1  0 0
    20  -.9899388143900637       2   0 1  0 0  0 1  0 0
    21  -.7334415242915754E-05   2   0 0  1 0  0 1  0 0
    22  -.1247475275712190E-04   2   0 0  0 1  0 1  0 0
    23  -.2417864312209088       2   1 0  0 0  0 0  1 0
    24  -.9886066013878592       2   0 1  0 0  0 0  1 0
    25  -.7324544932540860E-05   2   0 0  1 0  0 0  1 0
    26  -.1245796482277612E-04   2   0 0  0 1  0 0  1 0
    27  0.4838986857268426       2   1 0  0 0  0 0  0 1
    28  0.4282234783247497       2   0 1  0 0  0 0  0 1
    29  0.1465894285006652E-04   2   0 0  1 0  0 0  0 1
    30  0.1295350445163675E-04   2   0 0  0 1  0 0  0 1
    31  0.5181072283222359E-06   2   0 0  0 0  0 2  0 0
    32  0.1984430319668184E-06   2   0 0  0 0  0 1  1 0
    33  0.5172764563229934E-06   2   0 0  0 0  0 0  2 0
    34  -.3960677034358957E-06   2   0 0  0 0  0 1  0 1
    35  -.3955346941866049E-06   2   0 0  0 0  0 0  1 1
    36  -.4422779941987315E-06   2   0 0  0 0  0 0  0 2
    37  0.7339391251888980       3   3 0  0 0  0 0  0 0
    38   4.237520494417241       3   2 1  0 0  0 0  0 0
    39   6.367996559957759       3   1 2  0 0  0 0  0 0
    40   3.610269670738175       3   0 3  0 0  0 0  0 0
    41  -.9008657260157829E-02   3   2 0  1 0  0 0  0 0
    42  -.1595916275982610E-01   3   1 1  1 0  0 0  0 0
    43  -.7084750286216256E-02   3   0 2  1 0  0 0  0 0
    44  -1.124084582182358       3   1 0  2 0  0 0  0 0
    45  0.2455614757338768       3   0 1  2 0  0 0  0 0
    46  0.2326111271198522E-02   3   0 0  3 0  0 0  0 0
    47  -.8142842422012493E-02   3   2 0  0 1  0 0  0 0
    48  -.1453148124855625E-01   3   1 1  0 1  0 0  0 0
    49  -.6493151685028987E-02   3   0 2  0 1  0 0  0 0
    50  -2.955912401884944       3   1 0  1 1  0 0  0 0
    51  -.8255248204932800       3   0 1  1 1  0 0  0 0
    52  0.6224524419050609E-02   3   0 0  2 1  0 0  0 0
    53  -1.259211221738418       3   1 0  0 2  0 0  0 0
    54  0.2797965368553980       3   0 1  0 2  0 0  0 0
    55  0.5605232341622152E-02   3   0 0  1 2  0 0  0 0
    56  0.1705009371044670E-02   3   0 0  0 3  0 0  0 0
    57  0.6540751514929889E-01   3   2 0  0 0  0 1  0 0
    58  0.2156921988499328       3   1 1  0 0  0 1  0 0
    59  0.1413011360383069       3   0 2  0 0  0 1  0 0
    60  -.2844693397288341E-03   3   1 0  1 0  0 1  0 0
    61  -.1649278012405672E-03   3   0 1  1 0  0 1  0 0
    62  -.4092196863448261E-01   3   0 0  2 0  0 1  0 0
    63  -.5199852104426582E-03   3   1 0  0 1  0 1  0 0
    64  -.3358575719975152E-03   3   0 1  0 1  0 1  0 0
    65  -.1500234120397420       3   0 0  1 1  0 1  0 0
    66  -.1021870004867697       3   0 0  0 2  0 1  0 0
    67  0.6531949279796054E-01   3   2 0  0 0  0 0  1 0
    68  0.2154019304539420       3   1 1  0 0  0 0  1 0
    69  0.1411109796287184       3   0 2  0 0  0 0  1 0
    70  -.2840865142980024E-03   3   1 0  1 0  0 0  1 0
    71  -.1647058491784356E-03   3   0 1  1 0  0 0  1 0
    72  -.4086689777768002E-01   3   0 0  2 0  0 0  1 0
    73  -.5192854388524976E-03   3   1 0  0 1  0 0  1 0
    74  -.3354055907055397E-03   3   0 1  0 1  0 0  1 0
    75  -.1498215176021777       3   0 0  1 1  0 0  1 0
    76  -.1020494820374212       3   0 0  0 2  0 0  1 0
    77  -.1307272179671602       3   2 0  0 0  0 0  0 1
    78  -.2332610223213880       3   1 1  0 0  0 0  0 1
    79  -.1045276781609609       3   0 2  0 0  0 0  0 1
    80  0.5679715498575686E-03   3   1 0  1 0  0 0  0 1
    81  0.1952041533763104E-03   3   0 1  1 0  0 0  0 1
    82  0.8178899910839221E-01   3   0 0  2 0  0 0  0 1
    83  0.6133154220117293E-03   3   1 0  0 1  0 0  0 1
    84  0.3092332970798588E-03   3   0 1  0 1  0 0  0 1
    85  0.1453264983838471       3   0 0  1 1  0 0  0 1
    86  0.6514939183197052E-01   3   0 0  0 2  0 0  0 1
    87  0.1887194917460809       3   1 0  0 0  0 2  0 0
    88  0.8554717338816109       3   0 1  0 0  0 2  0 0
    89  0.5773813197804529E-05   3   0 0  1 0  0 2  0 0
    90  0.1287015352235401E-04   3   0 0  0 1  0 2  0 0
    91  0.1354700712370968       3   1 0  0 0  0 1  1 0
    92  0.7213649489527958       3   0 1  0 0  0 1  1 0
    93  0.4166139888619569E-05   3   0 0  1 0  0 1  1 0
    94  0.1320613844538595E-04   3   0 0  0 1  0 1  1 0
    95  0.1883743673294368       3   1 0  0 0  0 0  2 0
    96  0.8538350908633656       3   0 1  0 0  0 0  2 0
    97  0.5763239774835992E-05   3   0 0  1 0  0 0  2 0
    98  0.1284394737694937E-04   3   0 0  0 1  0 0  2 0
    99  -.2707971074464406       3   1 0  0 0  0 1  0 1
   100  -.4524314827792082       3   0 1  0 0  0 1  0 1
   101  -.8289251402233764E-05   3   0 0  1 0  0 1  0 1
   102  -.1385075259946196E-04   3   0 0  0 1  0 1  0 1
   103  -.2704326814614649       3   1 0  0 0  0 0  1 1
   104  -.4518226218120409       3   0 1  0 0  0 0  1 1
   105  -.8278096118355523E-05   3   0 0  1 0  0 0  1 1
   106  -.1383211290937696E-04   3   0 0  0 1  0 0  1 1
   107  0.2866563722932482E-01   3   1 0  0 0  0 0  0 2
   108  0.2390367313469469E-01   3   0 1  0 0  0 0  0 2
   109  0.9071386147773698E-06   3   0 0  1 0  0 0  0 2
   110  0.8525618188680815E-06   3   0 0  0 1  0 0  0 2
   111  -.3557610748531235E-06   3   0 0  0 0  0 3  0 0
   112  -.3138664639215786E-07   3   0 0  0 0  0 2  1 0
   113  -.3204047166807545E-07   3   0 0  0 0  0 1  2 0
   114  -.3550218346412908E-06   3   0 0  0 0  0 0  3 0
   115  0.6227170779211375E-07   3   0 0  0 0  0 2  0 1
   116  -.2705227877239857E-06   3   0 0  0 0  0 1  1 1
   117  0.6236993380204048E-07   3   0 0  0 0  0 0  2 1
   118  0.4690440108961454E-06   3   0 0  0 0  0 1  0 2
   119  0.4684127935715326E-06   3   0 0  0 0  0 0  1 2
   120  -.1765648564228029E-07   3   0 0  0 0  0 0  0 3
   121  -11.84387234013719       4   4 0  0 0  0 0  0 0
   122  -43.68831577310162       4   3 1  0 0  0 0  0 0
   123  -60.82751394583745       4   2 2  0 0  0 0  0 0
   124  -37.96922810085788       4   1 3  0 0  0 0  0 0
   125  -8.981111560755545       4   0 4  0 0  0 0  0 0
   126  -.6190639066656952E-02   4   3 0  1 0  0 0  0 0
   127  -.1635393107684813E-01   4   2 1  1 0  0 0  0 0
   128  -.1503088255001050E-01   4   1 2  1 0  0 0  0 0
   129  -.4823649121419966E-02   4   0 3  1 0  0 0  0 0
   130   52.76079370813120       4   2 0  2 0  0 0  0 0
   131   93.59908489314684       4   1 1  2 0  0 0  0 0
   132   41.86719679251453       4   0 2  2 0  0 0  0 0
   133  0.4743578254721706E-02   4   1 0  3 0  0 0  0 0
   134  0.4269490580851539E-02   4   0 1  3 0  0 0  0 0
   135  -6.888267175036697       4   0 0  4 0  0 0  0 0
   136  -.5689554361362887E-02   4   3 0  0 1  0 0  0 0
   137  -.1476030161521569E-01   4   2 1  0 1  0 0  0 0
   138  -.1282239587597324E-01   4   1 2  0 1  0 0  0 0
   139  -.3767160413325909E-02   4   0 3  0 1  0 0  0 0
   140   96.12183063465925       4   2 0  1 1  0 0  0 0
   141   171.7804266018403       4   1 1  1 1  0 0  0 0
   142   77.46710163529863       4   0 2  1 1  0 0  0 0
   143  0.1227293896415526E-01   4   1 0  2 1  0 0  0 0
   144  0.1098850118352932E-01   4   0 1  2 1  0 0  0 0
   145  -24.36283619912121       4   0 0  3 1  0 0  0 0
   146   43.97762137667305       4   2 0  0 2  0 0  0 0
   147   79.07572926168145       4   1 1  0 2  0 0  0 0
   148   35.90625144443229       4   0 2  0 2  0 0  0 0
   149  0.1055365698743144E-01   4   1 0  1 2  0 0  0 0
   150  0.9382853219566173E-02   4   0 1  1 2  0 0  0 0
   151  -32.51793058173770       4   0 0  2 2  0 0  0 0
   152  0.3343419926434273E-02   4   1 0  0 3  0 0  0 0
   153  0.2924718854258640E-02   4   0 1  0 3  0 0  0 0
   154  -19.33844207476628       4   0 0  1 3  0 0  0 0
   155  -4.306559254555063       4   0 0  0 4  0 0  0 0
   156  -1.160883723986174       4   3 0  0 0  0 1  0 0
   157  -7.122553422971578       4   2 1  0 0  0 1  0 0
   158  -12.83660033904551       4   1 2  0 0  0 1  0 0
   159  -8.137582966687988       4   0 3  0 0  0 1  0 0
   160  0.1139050233915166E-02   4   2 0  1 0  0 1  0 0
   161  0.9046118039104498E-02   4   1 1  1 0  0 1  0 0
   162  0.7064480486552354E-02   4   0 2  1 0  0 1  0 0
   163  0.8132446326405418       4   1 0  2 0  0 1  0 0
   164  -.1696386347592013       4   0 1  2 0  0 1  0 0
   165  -.3360344417655381E-03   4   0 0  3 0  0 1  0 0
   166  0.4553253101851837E-02   4   2 0  0 1  0 1  0 0
   167  0.1442725710030711E-01   4   1 1  0 1  0 1  0 0
   168  0.9192581710316982E-02   4   0 2  0 1  0 1  0 0
   169   3.908794417422864       4   1 0  1 1  0 1  0 0
   170   1.845663832714871       4   0 1  1 1  0 1  0 0
   171  -.3704290350931059E-02   4   0 0  2 1  0 1  0 0
   172   2.512131684572913       4   1 0  0 2  0 1  0 0
   173  0.1790211170395948       4   0 1  0 2  0 1  0 0
   174  -.5843806422364343E-02   4   0 0  1 2  0 1  0 0
   175  -.2541050269669903E-02   4   0 0  0 3  0 1  0 0
   176  -1.159321461381019       4   3 0  0 0  0 0  1 0
   177  -7.112968226249389       4   2 1  0 0  0 0  1 0
   178  -12.81932544727742       4   1 2  0 0  0 0  1 0
   179  -8.126631791042502       4   0 3  0 0  0 0  1 0
   180  0.1137517353791937E-02   4   2 0  1 0  0 0  1 0
   181  0.9033944199776239E-02   4   1 1  1 0  0 0  1 0
   182  0.7054973441650979E-02   4   0 2  1 0  0 0  1 0
   183  0.8121502063408277       4   1 0  2 0  0 0  1 0
   184  -.1694103430793303       4   0 1  2 0  0 0  1 0
   185  -.3355822224505643E-03   4   0 0  3 0  0 0  1 0
   186  0.4547125548414745E-02   4   2 0  0 1  0 0  1 0
   187  0.1440784157763458E-01   4   1 1  0 1  0 0  1 0
   188  0.9180210767082597E-02   4   0 2  0 1  0 0  1 0
   189   3.903534146110994       4   1 0  1 1  0 0  1 0
   190   1.843180025311930       4   0 1  1 1  0 0  1 0
   191  -.3699305291553932E-02   4   0 0  2 1  0 0  1 0
   192   2.508750976144478       4   1 0  0 2  0 0  1 0
   193  0.1787801988572555       4   0 1  0 2  0 0  1 0
   194  -.5835942103090182E-02   4   0 0  1 2  0 0  1 0
   195  -.2537630643972532E-02   4   0 0  0 3  0 0  1 0
   196   2.318641476441786       4   3 0  0 0  0 0  0 1
   197   9.993110431658732       4   2 1  0 0  0 0  0 1
   198   12.91481364899393       4   1 2  0 0  0 0  0 1
   199   5.431612576622881       4   0 3  0 0  0 0  0 1
   200  0.5671492389928558E-03   4   2 0  1 0  0 0  0 1
   201  0.1279672807061537E-02   4   1 1  1 0  0 0  0 1
   202  0.7272858561334566E-03   4   0 2  1 0  0 0  0 1
   203  -1.622550231090838       4   1 0  2 0  0 0  0 1
   204  0.9639249755010332E-01   4   0 1  2 0  0 0  0 1
   205  -.5141274645842196E-04   4   0 0  3 0  0 0  0 1
   206  0.6605098909097834E-03   4   2 0  0 1  0 0  0 1
   207  0.1418984158711925E-02   4   1 1  0 1  0 0  0 1
   208  0.7806168260936279E-03   4   0 2  0 1  0 0  0 1
   209  -4.850528820118507       4   1 0  1 1  0 0  0 1
   210  -2.031751098272897       4   0 1  1 1  0 0  0 1
   211  -.1595945859603257E-03   4   0 0  2 1  0 0  0 1
   212  -2.499401864344934       4   1 0  0 2  0 0  0 1
   213  -1.194037783621757       4   0 1  0 2  0 0  0 1
   214  -.1461743052571315E-03   4   0 0  1 2  0 0  0 1
   215  -.3209382338044878E-04   4   0 0  0 3  0 0  0 1
   216  -.5541709707202204E-01   4   2 0  0 0  0 2  0 0
   217  -.2319695688923842       4   1 1  0 0  0 2  0 0
   218  -.1863868690877566       4   0 2  0 0  0 2  0 0
   219  -.2126009795497081E-04   4   1 0  1 0  0 2  0 0
   220  0.8766019411741970E-04   4   0 1  1 0  0 2  0 0
   221  0.2930252513461302E-01   4   0 0  2 0  0 2  0 0
   222  0.4133159528782511E-03   4   1 0  0 1  0 2  0 0
   223  0.4936581327943551E-03   4   0 1  0 1  0 2  0 0
   224  0.1463505111425500       4   0 0  1 1  0 2  0 0
   225  0.1253911982794103       4   0 0  0 2  0 2  0 0
   226  -.4468952161727037E-01   4   2 0  0 0  0 1  1 0
   227  -.2464252627197576       4   1 1  0 0  0 1  1 0
   228  -.2301184357996550       4   0 2  0 0  0 1  1 0
   229  -.7680381786989680E-04   4   1 0  1 0  0 1  1 0
   230  0.9041930699467210E-04   4   0 1  1 0  0 1  1 0
   231  0.1810227636057487E-01   4   0 0  2 0  0 1  1 0
   232  0.4793424138038315E-03   4   1 0  0 1  0 1  1 0
   233  0.6443617824059139E-03   4   0 1  0 1  0 1  1 0
   234  0.1432575242227998       4   0 0  1 1  0 1  1 0
   235  0.1488268675303622       4   0 0  0 2  0 1  1 0
   236  -.5531244882847530E-01   4   2 0  0 0  0 0  2 0
   237  -.2314915814264412       4   1 1  0 0  0 0  2 0
   238  -.1859811971505501       4   0 2  0 0  0 0  2 0
   239  -.2117980763787247E-04   4   1 0  1 0  0 0  2 0
   240  0.8748138413847115E-04   4   0 1  1 0  0 0  2 0
   241  0.2925091058206928E-01   4   0 0  2 0  0 0  2 0
   242  0.4124371935328451E-03   4   1 0  0 1  0 0  2 0
   243  0.4925602150850261E-03   4   0 1  0 1  0 0  2 0
   244  0.1460571649096121       4   0 0  1 1  0 0  2 0
   245  0.1251223106220709       4   0 0  0 2  0 0  2 0
   246  0.8842333374041306E-01   4   2 0  0 0  0 1  0 1
   247  0.2743609930412217       4   1 1  0 0  0 1  0 1
   248  0.1751487470386453       4   0 2  0 0  0 1  0 1
   249  0.1348921127542791E-03   4   1 0  1 0  0 1  0 1
   250  0.7235701102590468E-04   4   0 1  1 0  0 1  0 1
   251  -.3652378121073776E-01   4   0 0  2 0  0 1  0 1
   252  -.3004529489952295E-03   4   1 0  0 1  0 1  0 1
   253  -.2589656613672084E-03   4   0 1  0 1  0 1  0 1
   254  -.1369363262558132       4   0 0  1 1  0 1  0 1
   255  -.9374617256948178E-01   4   0 0  0 2  0 1  0 1
   256  0.8830433778511287E-01   4   2 0  0 0  0 0  1 1
   257  0.2739917709469731       4   1 1  0 0  0 0  1 1
   258  0.1749130401093554       4   0 2  0 0  0 0  1 1
   259  0.1347105813061796E-03   4   1 0  1 0  0 0  1 1
   260  0.7225963637053404E-04   4   0 1  1 0  0 0  1 1
   261  -.3647462922729049E-01   4   0 0  2 0  0 0  1 1
   262  -.3000486135763287E-03   4   1 0  0 1  0 0  1 1
   263  -.2586171575847691E-03   4   0 1  0 1  0 0  1 1
   264  -.1367520438015236       4   0 0  1 1  0 0  1 1
   265  -.9362001338854184E-01   4   0 0  0 2  0 0  1 1
   266  -.2204259773756270E-01   4   2 0  0 0  0 0  0 2
   267  -.3873494468547629E-01   4   1 1  0 0  0 0  0 2
   268  -.1701075742694303E-01   4   0 2  0 0  0 0  0 2
   269  -.1994016185487567E-03   4   1 0  1 0  0 0  0 2
   270  -.2026025749107372E-03   4   0 1  1 0  0 0  0 2
   271  -.4013792012019777E-02   4   0 0  2 0  0 0  0 2
   272  -.1476012875565506E-03   4   1 0  0 1  0 0  0 2
   273  -.1557502695519527E-03   4   0 1  0 1  0 0  0 2
   274  -.7948862182225774E-02   4   0 0  1 1  0 0  0 2
   275  -.3844433725996996E-02   4   0 0  0 2  0 0  0 2
   276  -.1621309570837361       4   1 0  0 0  0 3  0 0
   277  -.7913509885589773       4   0 1  0 0  0 3  0 0
   278  -.7990183365973287E-05   4   0 0  1 0  0 3  0 0
   279  -.1665080402393313E-04   4   0 0  0 1  0 3  0 0
   280  -.1089813805058195       4   1 0  0 0  0 2  1 0
   281  -.6631790966882966       4   0 1  0 0  0 2  1 0
   282  -.5280558563673677E-05   4   0 0  1 0  0 2  1 0
   283  -.1625909520754733E-04   4   0 0  0 1  0 2  1 0
   284  -.1090882293576802       4   1 0  0 0  0 1  2 0
   285  -.6634356784603656       4   0 1  0 0  0 1  2 0
   286  -.5286006585769968E-05   4   0 0  1 0  0 1  2 0
   287  -.1625984068926632E-04   4   0 0  0 1  0 1  2 0
   288  -.1617304426622196       4   1 0  0 0  0 0  3 0
   289  -.7893079081639716       4   0 1  0 0  0 0  3 0
   290  -.7970505775650345E-05   4   0 0  1 0  0 0  3 0
   291  -.1660626660421950E-04   4   0 0  0 1  0 0  3 0
   292  0.2179229502967016       4   1 0  0 0  0 2  0 1
   293  0.4708024978280788       4   0 1  0 0  0 2  0 1
   294  0.9610459701166411E-05   4   0 0  1 0  0 2  0 1
   295  0.1779220692865889E-04   4   0 0  0 1  0 2  0 1
   296  0.1651861051277487       4   1 0  0 0  0 1  1 1
   297  0.4891187259381545       4   0 1  0 0  0 1  1 1
   298  0.6943930712952957E-05   4   0 0  1 0  0 1  1 1
   299  0.1751105823365487E-04   4   0 0  0 1  0 1  1 1
   300  0.2175185300228807       4   1 0  0 0  0 0  2 1
   301  0.4698397975496548       4   0 1  0 0  0 0  2 1
   302  0.9592853990159654E-05   4   0 0  1 0  0 0  2 1
   303  0.1775648023664035E-04   4   0 0  0 1  0 0  2 1
   304  -.2971188545040056E-01   4   1 0  0 0  0 1  0 2
   305  -.3670720283610815E-01   4   0 1  0 0  0 1  0 2
   306  -.2897143521835412E-06   4   0 0  1 0  0 1  0 2
   307  -.6299213611656980E-06   4   0 0  0 1  0 1  0 2
   308  -.2967190059523379E-01   4   1 0  0 0  0 0  1 2
   309  -.3665780401248167E-01   4   0 1  0 0  0 0  1 2
   310  -.2893244682621280E-06   4   0 0  1 0  0 0  1 2
   311  -.6290736426850014E-06   4   0 0  0 1  0 0  1 2
   312  0.6837516311626628E-03   4   1 0  0 0  0 0  0 3
   313  0.5509642341260179E-03   4   0 1  0 0  0 0  0 3
   314  0.4445381151390953E-07   4   0 0  1 0  0 0  0 3
   315  0.3589060529861711E-07   4   0 0  0 1  0 0  0 3
   316  -.3146039251724953E-04   4   0 0  0 0  0 4  0 0
   317  -.2079937818132223E-04   4   0 0  0 0  0 3  1 0
   318  -.1938768644713171E-04   4   0 0  0 0  0 2  2 0
   319  -.2082983936373888E-04   4   0 0  0 0  0 1  3 0
   320  -.3136177742389168E-04   4   0 0  0 0  0 0  4 0
   321  0.6509784531054712E-05   4   0 0  0 0  0 3  0 1
   322  0.6790990336347234E-05   4   0 0  0 0  0 2  1 1
   323  0.6790405001741616E-05   4   0 0  0 0  0 1  2 1
   324  0.6492080349189075E-05   4   0 0  0 0  0 0  3 1
   325  -.3759842669135449E-06   4   0 0  0 0  0 2  0 2
   326  -.4659884208561014E-06   4   0 0  0 0  0 1  1 2
   327  -.3751647323789089E-06   4   0 0  0 0  0 0  2 2
   328  0.7486094654900897E-08   4   0 0  0 0  0 1  0 3
   329  0.7476020221521747E-08   4   0 0  0 0  0 0  1 3
   330  -.2671837388233237E-14   4   0 0  0 0  0 0  0 4
   ----------------------------------------------------
     I  COEFFICIENT            ORDER EXPONENTS
     1  0.3352993478428662E-04   0   0 0  0 0  0 0  0 0
     2   2.133312147231294       1   1 0  0 0  0 0  0 0
     3   2.958511267653802       1   0 1  0 0  0 0  0 0
     4  0.6103460951172310E-04   1   0 0  1 0  0 0  0 0
     5  0.5608349393919059E-04   1   0 0  0 1  0 0  0 0
     6  0.1034599384714825E-05   1   0 0  0 0  0 1  0 0
     7  0.1033207069621641E-05   1   0 0  0 0  0 0  1 0
     8  0.3146212833694099E-04   1   0 0  0 0  0 0  0 1
     9  -.5410461874157715       2   2 0  0 0  0 0  0 0
    10  -.9926502164100903       2   1 1  0 0  0 0  0 0
    11  -.4578304802206595       2   0 2  0 0  0 0  0 0
    12  0.2032512650723811E-02   2   1 0  1 0  0 0  0 0
    13  0.1456170542231841E-02   2   0 1  1 0  0 0  0 0
    14  0.3852081555459017       2   0 0  2 0  0 0  0 0
    15  0.1782796473409672E-02   2   1 0  0 1  0 0  0 0
    16  0.1298410468423109E-02   2   0 1  0 1  0 0  0 0
    17  0.7073079650280323       2   0 0  1 1  0 0  0 0
    18  0.3277354637800621       2   0 0  0 2  0 0  0 0
    19  -.9812179775701377E-01   2   1 0  0 0  0 1  0 0
    20  -1.063032071498720       2   0 1  0 0  0 1  0 0
    21  -.2878659027387178E-05   2   0 0  1 0  0 1  0 0
    22  -.3086508046865542E-04   2   0 0  0 1  0 1  0 0
    23  -.9798975006591333E-01   2   1 0  0 0  0 0  1 0
    24  -1.061601493035864       2   0 1  0 0  0 0  1 0
    25  -.2874785063734629E-05   2   0 0  1 0  0 0  1 0
    26  -.3082354369798159E-04   2   0 0  0 1  0 0  1 0
    27   2.329423695178708       2   1 0  0 0  0 0  0 1
    28   2.124633564662037       2   0 1  0 0  0 0  0 1
    29  0.6678793089920867E-04   2   0 0  1 0  0 0  0 1
    30  0.6168850421745842E-04   2   0 0  0 1  0 0  0 1
    31  -.8103239704286131E-06   2   0 0  0 0  0 2  0 0
    32  -.5866472785909141E-06   2   0 0  0 0  0 1  1 0
    33  -.8088387334875348E-06   2   0 0  0 0  0 0  2 0
    34  0.2207292678484386E-05   2   0 0  0 0  0 1  0 1
    35  0.2204322208023687E-05   2   0 0  0 0  0 0  1 1
    36  -.2205806775273309E-05   2   0 0  0 0  0 0  0 2
    37  -6.445621615725909       3   3 0  0 0  0 0  0 0
    38  -18.85971497322243       3   2 1  0 0  0 0  0 0
    39  -19.36625216308651       3   1 2  0 0  0 0  0 0
    40  -5.898446098300222       3   0 3  0 0  0 0  0 0
    41  -.4398648551466462E-01   3   2 0  1 0  0 0  0 0
    42  -.8029423108545947E-01   3   1 1  1 0  0 0  0 0
    43  -.3684314199609912E-01   3   0 2  1 0  0 0  0 0
    44  -10.16947042205495       3   1 0  2 0  0 0  0 0
    45  -8.187195347655303       3   0 1  2 0  0 0  0 0
    46  0.1023427179914773E-01   3   0 0  3 0  0 0  0 0
    47  -.4143826666782987E-01   3   2 0  0 1  0 0  0 0
    48  -.7631404478601425E-01   3   1 1  0 1  0 0  0 0
    49  -.3529299237854763E-01   3   0 2  0 1  0 0  0 0
    50  -21.29146751714027       3   1 0  1 1  0 0  0 0
    51  -17.87947822721078       3   0 1  1 1  0 0  0 0
    52  0.2807271663951976E-01   3   0 0  2 1  0 0  0 0
    53  -9.690112081804715       3   1 0  0 2  0 0  0 0
    54  -7.351709320276268       3   0 1  0 2  0 0  0 0
    55  0.2591707733434233E-01   3   0 0  1 2  0 0  0 0
    56  0.8082551032349792E-02   3   0 0  0 3  0 0  0 0
    57  0.6935826129007677E-01   3   2 0  0 0  0 1  0 0
    58  0.6204495092148699       3   1 1  0 0  0 1  0 0
    59  0.5133459467053613       3   0 2  0 0  0 1  0 0
    60  -.8973108101229503E-03   3   1 0  1 0  0 1  0 0
    61  -.1442852635224490E-02   3   0 1  1 0  0 1  0 0
    62  0.1219988969355446E-01   3   0 0  2 0  0 1  0 0
    63  -.1816919388729009E-02   3   1 0  0 1  0 1  0 0
    64  -.2067569259831594E-02   3   0 1  0 1  0 1  0 0
    65  -.3287266884255607       3   0 0  1 1  0 1  0 0
    66  -.3154058618351481       3   0 0  0 2  0 1  0 0
    67  0.6926492221077468E-01   3   2 0  0 0  0 0  1 0
    68  0.6196145375061415       3   1 1  0 0  0 0  1 0
    69  0.5126551099234414       3   0 2  0 0  0 0  1 0
    70  -.8961032515234824E-03   3   1 0  1 0  0 0  1 0
    71  -.1440910912147293E-02   3   0 1  1 0  0 0  1 0
    72  0.1218347165696579E-01   3   0 0  2 0  0 0  1 0
    73  -.1814474264244101E-02   3   1 0  0 1  0 0  1 0
    74  -.2064786822562877E-02   3   0 1  0 1  0 0  1 0
    75  -.3282843035406300       3   0 0  1 1  0 0  1 0
    76  -.3149814034908538       3   0 0  0 2  0 0  1 0
    77  -.6796712612902337       3   2 0  0 0  0 0  0 1
    78  -1.240067212381558       3   1 1  0 0  0 0  0 1
    79  -.5681718957084968       3   0 2  0 0  0 0  0 1
    80  0.3822981150273464E-02   3   1 0  1 0  0 0  0 1
    81  0.2880734951962987E-02   3   0 1  1 0  0 0  0 1
    82  0.3608260727410355       3   0 0  2 0  0 0  0 1
    83  0.3628202968449883E-02   3   1 0  0 1  0 0  0 1
    84  0.2830631159526726E-02   3   0 1  0 1  0 0  0 1
    85  0.6570131401246648       3   0 0  1 1  0 0  0 1
    86  0.3026526942100041       3   0 0  0 2  0 0  0 1
    87  0.7510751439647333E-01   3   1 0  0 0  0 2  0 0
    88  0.8399306579030551       3   0 1  0 0  0 2  0 0
    89  0.2004212434193579E-05   3   0 0  1 0  0 2  0 0
    90  0.2439335367388633E-04   3   0 0  0 1  0 2  0 0
    91  0.5215474719431517E-01   3   1 0  0 0  0 1  1 0
    92  0.6174276057704289       3   0 1  0 0  0 1  1 0
    93  0.1137412283896003E-05   3   0 0  1 0  0 1  1 0
    94  0.1794446024007204E-04   3   0 0  0 1  0 1  1 0
    95  0.7497134454288942E-01   3   1 0  0 0  0 0  2 0
    96  0.8383848663214645       3   0 1  0 0  0 0  2 0
    97  0.2000749921632930E-05   3   0 0  1 0  0 0  2 0
    98  0.2434845184368146E-04   3   0 0  0 1  0 0  2 0
    99  -.2023693059459680       3   1 0  0 0  0 1  0 1
   100  -1.234256470015106       3   0 1  0 0  0 1  0 1
   101  -.5217644947144750E-05   3   0 0  1 0  0 1  0 1
   102  -.3591275711823720E-04   3   0 0  0 1  0 1  0 1
   103  -.2020969668713614       3   1 0  0 0  0 0  1 1
   104  -1.232595465826252       3   0 1  0 0  0 0  1 1
   105  -.5210623286473965E-05   3   0 0  1 0  0 0  1 1
   106  -.3586442742221707E-04   3   0 0  0 1  0 0  1 1
   107  0.2022328687031562       3   1 0  0 0  0 0  0 2
   108  0.1711089687815159       3   0 1  0 0  0 0  0 2
   109  0.5251181221967851E-05   3   0 0  1 0  0 0  0 2
   110  0.5088397475276732E-05   3   0 0  0 1  0 0  0 2
   111  0.6979122523547460E-06   3   0 0  0 0  0 3  0 0
   112  0.4743690722126113E-06   3   0 0  0 0  0 2  1 0
   113  0.4748184270952236E-06   3   0 0  0 0  0 1  2 0
   114  0.6961846648621047E-06   3   0 0  0 0  0 0  3 0
   115  -.1760217003581992E-05   3   0 0  0 0  0 2  0 1
   116  -.1314796044025088E-05   3   0 0  0 0  0 1  1 1
   117  -.1756963491218693E-05   3   0 0  0 0  0 0  2 1
   118  0.1315100525446926E-05   3   0 0  0 0  0 1  0 2
   119  0.1313330725138312E-05   3   0 0  0 0  0 0  1 2
   120  -.1409907121832939E-06   3   0 0  0 0  0 0  0 3
   121  -54.85484599818065       4   4 0  0 0  0 0  0 0
   122  -203.2775115229726       4   3 1  0 0  0 0  0 0
   123  -283.7238221581627       4   2 2  0 0  0 0  0 0
   124  -177.2341394566769       4   1 3  0 0  0 0  0 0
   125  -41.90574933356505       4   0 4  0 0  0 0  0 0
   126  -.2922283450849834E-01   4   3 0  1 0  0 0  0 0
   127  -.7840298848547241E-01   4   2 1  1 0  0 0  0 0
   128  -.7052720498674349E-01   4   1 2  1 0  0 0  0 0
   129  -.2048437442015708E-01   4   0 3  1 0  0 0  0 0
   130   245.7977707804290       4   2 0  2 0  0 0  0 0
   131   445.2862183555711       4   1 1  2 0  0 0  0 0
   132   202.8137018376491       4   0 2  2 0  0 0  0 0
   133  0.2402787250783633E-01   4   1 0  3 0  0 0  0 0
   134  0.2301521528889268E-01   4   0 1  3 0  0 0  0 0
   135  -30.10381448982869       4   0 0  4 0  0 0  0 0
   136  -.2739278187798892E-01   4   3 0  0 1  0 0  0 0
   137  -.7429684441163067E-01   4   2 1  0 1  0 0  0 0
   138  -.6667111311238430E-01   4   1 2  0 1  0 0  0 0
   139  -.1924028327958957E-01   4   0 3  0 1  0 0  0 0
   140   459.5086057663368       4   2 0  1 1  0 0  0 0
   141   838.4870504465678       4   1 1  1 1  0 0  0 0
   142   384.9783260834462       4   0 2  1 1  0 0  0 0
   143  0.6904826299741007E-01   4   1 0  2 1  0 0  0 0
   144  0.6635633835941356E-01   4   0 1  2 1  0 0  0 0
   145  -109.2593091560551       4   0 0  3 1  0 0  0 0
   146   216.1882927948543       4   2 0  0 2  0 0  0 0
   147   396.8191206364403       4   1 1  0 2  0 0  0 0
   148   183.3968791831832       4   0 2  0 2  0 0  0 0
   149  0.6623095445784537E-01   4   1 0  1 2  0 0  0 0
   150  0.6439580354219036E-01   4   0 1  1 2  0 0  0 0
   151  -150.0751152707001       4   0 0  2 2  0 0  0 0
   152  0.2211338169891225E-01   4   1 0  0 3  0 0  0 0
   153  0.2168362348956128E-01   4   0 1  0 3  0 0  0 0
   154  -92.12958301108429       4   0 0  1 3  0 0  0 0
   155  -21.25039023521058       4   0 0  0 4  0 0  0 0
   156   4.628246624411867       4   3 0  0 0  0 1  0 0
   157   22.76230763176307       4   2 1  0 0  0 1  0 0
   158   32.17477039846585       4   1 2  0 0  0 1  0 0
   159   12.90822686511294       4   0 3  0 0  0 1  0 0
   160  -.4107935723277242E-02   4   2 0  1 0  0 1  0 0
   161  0.2727833030432646E-01   4   1 1  1 0  0 1  0 0
   162  0.2828378257467180E-01   4   0 2  1 0  0 1  0 0
   163   3.987774915678649       4   1 0  2 0  0 1  0 0
   164   7.063494376903813       4   0 1  2 0  0 1  0 0
   165  0.9067924361856150E-03   4   0 0  3 0  0 1  0 0
   166  0.1350928627807057E-01   4   2 0  0 1  0 1  0 0
   167  0.5751161973231373E-01   4   1 1  0 1  0 1  0 0
   168  0.4151014065203536E-01   4   0 2  0 1  0 1  0 0
   169   19.56538047666507       4   1 0  1 1  0 1  0 0
   170   25.00363202054673       4   0 1  1 1  0 1  0 0
   171  -.9533791796764363E-02   4   0 0  2 1  0 1  0 0
   172   14.35626855168149       4   1 0  0 2  0 1  0 0
   173   14.87697938414896       4   0 1  0 2  0 1  0 0
   174  -.1969239504499067E-01   4   0 0  1 2  0 1  0 0
   175  -.9492628576300380E-02   4   0 0  0 3  0 1  0 0
   176   4.622018148226391       4   3 0  0 0  0 0  1 0
   177   22.73167519090242       4   2 1  0 0  0 0  1 0
   178   32.13147110880769       4   1 2  0 0  0 0  1 0
   179   12.89085558174142       4   0 3  0 0  0 0  1 0
   180  -.4102407456981170E-02   4   2 0  1 0  0 0  1 0
   181  0.2724162041298608E-01   4   1 1  1 0  0 0  1 0
   182  0.2824571959305130E-01   4   0 2  1 0  0 0  1 0
   183   3.982408356134462       4   1 0  2 0  0 0  1 0
   184   7.053988659062348       4   0 1  2 0  0 0  1 0
   185  0.9055721176606460E-03   4   0 0  3 0  0 0  1 0
   186  0.1349110611726814E-01   4   2 0  0 1  0 0  1 0
   187  0.5743422330490668E-01   4   1 1  0 1  0 0  1 0
   188  0.4145427826105099E-01   4   0 2  0 1  0 0  1 0
   189   19.53905030970402       4   1 0  1 1  0 0  1 0
   190   24.96998331095384       4   0 1  1 1  0 0  1 0
   191  -.9520961669076311E-02   4   0 0  2 1  0 0  1 0
   192   14.33694856205216       4   1 0  0 2  0 0  1 0
   193   14.85695864642152       4   0 1  0 2  0 0  1 0
   194  -.1966589394780953E-01   4   0 0  1 2  0 0  1 0
   195  -.9479853844134479E-02   4   0 0  0 3  0 0  1 0
   196  -15.70203129869467       4   3 0  0 0  0 0  0 1
   197  -45.51354285631673       4   2 1  0 0  0 0  0 1
   198  -44.96088667653742       4   1 2  0 0  0 0  0 1
   199  -14.00967544472003       4   0 3  0 0  0 0  0 1
   200  0.5995894330110234E-03   4   2 0  1 0  0 0  0 1
   201  0.1219057736511621E-02   4   1 1  1 0  0 0  0 1
   202  0.6229459727083474E-03   4   0 2  1 0  0 0  0 1
   203  -18.12588501741161       4   1 0  2 0  0 0  0 1
   204  -14.10358417143784       4   0 1  2 0  0 0  0 1
   205  -.4888651370607572E-03   4   0 0  3 0  0 0  0 1
   206  0.6546934930626382E-03   4   2 0  0 1  0 0  0 1
   207  0.1173244219144405E-02   4   1 1  0 1  0 0  0 1
   208  0.5687382822896946E-03   4   0 2  0 1  0 0  0 1
   209  -39.07497158495943       4   1 0  1 1  0 0  0 1
   210  -32.06394873378498       4   0 1  1 1  0 0  0 1
   211  -.1483931375587160E-02   4   0 0  2 1  0 0  0 1
   212  -18.98718619543439       4   1 0  0 2  0 0  0 1
   213  -15.01402370075667       4   0 1  0 2  0 0  0 1
   214  -.1475510155213180E-02   4   0 0  1 2  0 0  0 1
   215  -.4473237392054909E-03   4   0 0  0 3  0 0  0 1
   216  -.5425597901824818E-01   4   2 0  0 0  0 2  0 0
   217  -.5298139770763785       4   1 1  0 0  0 2  0 0
   218  -.5554267772741840       4   0 2  0 0  0 2  0 0
   219  -.3865999543790801E-03   4   1 0  1 0  0 2  0 0
   220  0.4639820034442927E-03   4   0 1  1 0  0 2  0 0
   221  -.7913847999687511E-02   4   0 0  2 0  0 2  0 0
   222  0.7728912038870239E-03   4   1 0  0 1  0 2  0 0
   223  0.1673521180500909E-02   4   0 1  0 1  0 2  0 0
   224  0.2364337199101771       4   0 0  1 1  0 2  0 0
   225  0.3071380466658677       4   0 0  0 2  0 2  0 0
   226  -.4025216752015720E-01   4   2 0  0 0  0 1  1 0
   227  -.4423183768882712       4   1 1  0 0  0 1  1 0
   228  -.5990463729713692       4   0 2  0 0  0 1  1 0
   229  -.4655116289442668E-03   4   1 0  1 0  0 1  1 0
   230  0.5541160618784597E-03   4   0 1  1 0  0 1  1 0
   231  -.3455215762461846E-02   4   0 0  2 0  0 1  1 0
   232  0.8813933813374477E-03   4   1 0  0 1  0 1  1 0
   233  0.2301994372028052E-02   4   0 1  0 1  0 1  1 0
   234  0.1444167447090109       4   0 0  1 1  0 1  1 0
   235  0.2988722798551051       4   0 0  0 2  0 1  1 0
   236  -.5415587914366507E-01   4   2 0  0 0  0 0  2 0
   237  -.5288033527823587       4   1 1  0 0  0 0  2 0
   238  -.5542762259053512       4   0 2  0 0  0 0  2 0
   239  -.3857664545745867E-03   4   1 0  1 0  0 0  2 0
   240  0.4629847466900277E-03   4   0 1  1 0  0 0  2 0
   241  -.7900872982749213E-02   4   0 0  2 0  0 0  2 0
   242  0.7712580144929480E-03   4   1 0  0 1  0 0  2 0
   243  0.1669720076798275E-02   4   0 1  0 1  0 0  2 0
   244  0.2360183639282048       4   0 0  1 1  0 0  2 0
   245  0.3065236106431463       4   0 0  0 2  0 0  2 0
   246  0.1502132664507494       4   2 0  0 0  0 1  0 1
   247  0.8864514206713549       4   1 1  0 0  0 1  0 1
   248  0.6863355221896724       4   0 2  0 0  0 1  0 1
   249  0.6217805452840711E-03   4   1 0  1 0  0 1  0 1
   250  -.7723705002848898E-03   4   0 1  1 0  0 1  0 1
   251  0.1921019590927989E-01   4   0 0  2 0  0 1  0 1
   252  -.1108269870098236E-02   4   1 0  0 1  0 1  0 1
   253  -.2074847284625395E-02   4   0 1  0 1  0 1  0 1
   254  -.2879992614780527       4   0 0  1 1  0 1  0 1
   255  -.2820921474600266       4   0 0  0 2  0 1  0 1
   256  0.1500111165160677       4   2 0  0 0  0 0  1 1
   257  0.8852584761264261       4   1 1  0 0  0 0  1 1
   258  0.6854118841897830       4   0 2  0 0  0 0  1 1
   259  0.6209437823297303E-03   4   1 0  1 0  0 0  1 1
   260  -.7713310804661679E-03   4   0 1  1 0  0 0  1 1
   261  0.1918434373297039E-01   4   0 0  2 0  0 0  1 1
   262  -.1106778412738007E-02   4   1 0  0 1  0 0  1 1
   263  -.2072055052933910E-02   4   0 1  0 1  0 0  1 1
   264  -.2876116856448905       4   0 0  1 1  0 0  1 1
   265  -.2817125211425172       4   0 0  0 2  0 0  1 1
   266  -.1515611596435568       4   2 0  0 0  0 0  0 2
   267  -.2696136424069020       4   1 1  0 0  0 0  0 2
   268  -.1198474416941230       4   0 2  0 0  0 0  0 2
   269  -.5754524972450964E-05   4   1 0  1 0  0 0  0 2
   270  -.2937395003625731E-04   4   0 1  1 0  0 0  0 2
   271  -.1912412080339657E-01   4   0 0  2 0  0 0  0 2
   272  -.5318395165949138E-05   4   1 0  0 1  0 0  0 2
   273  -.2409629427420322E-04   4   0 1  0 1  0 0  0 2
   274  -.4097589396981168E-01   4   0 0  1 1  0 0  0 2
   275  -.2095733526373727E-01   4   0 0  0 2  0 0  0 2
   276  -.6363884181443595E-01   4   1 0  0 0  0 3  0 0
   277  -.7291106601399857       4   0 1  0 0  0 3  0 0
   278  -.3360702908977943E-05   4   0 0  1 0  0 3  0 0
   279  -.2604344636385348E-04   4   0 0  0 1  0 3  0 0
   280  -.4067569513505841E-01   4   1 0  0 0  0 2  1 0
   281  -.5075728371051985       4   0 1  0 0  0 2  1 0
   282  -.1695539402834548E-05   4   0 0  1 0  0 2  1 0
   283  -.1781476964528465E-04   4   0 0  0 1  0 2  1 0
   284  -.4072187633617372E-01   4   1 0  0 0  0 1  2 0
   285  -.5080180591628258       4   0 1  0 0  0 1  2 0
   286  -.1698891621084095E-05   4   0 0  1 0  0 1  2 0
   287  -.1783130954426400E-04   4   0 0  0 1  0 1  2 0
   288  -.6348304577691558E-01   4   1 0  0 0  0 0  3 0
   289  -.7272977827001035       4   0 1  0 0  0 0  3 0
   290  -.3352779546531820E-05   4   0 0  1 0  0 0  3 0
   291  -.2597890332451594E-04   4   0 0  0 1  0 0  3 0
   292  0.1564405553903468       4   1 0  0 0  0 2  0 1
   293   1.014987071806596       4   0 1  0 0  0 2  0 1
   294  0.4156128922333169E-05   4   0 0  1 0  0 2  0 1
   295  0.3270393822452307E-04   4   0 0  0 1  0 2  0 1
   296  0.1106050582556928       4   1 0  0 0  0 1  1 1
   297  0.7962753935023765       4   0 1  0 0  0 1  1 1
   298  0.2364270145142416E-05   4   0 0  1 0  0 1  1 1
   299  0.2486998635594267E-04   4   0 0  0 1  0 1  1 1
   300  0.1561556015263069       4   1 0  0 0  0 0  2 1
   301   1.013085355091334       4   0 1  0 0  0 0  2 1
   302  0.4148944938232463E-05   4   0 0  1 0  0 0  2 1
   303  0.3264319237796572E-04   4   0 0  0 1  0 0  2 1
   304  -.1105243597462066       4   1 0  0 0  0 1  0 2
   305  -.1788301463384137       4   0 1  0 0  0 1  0 2
   306  -.5002859158249361E-06   4   0 0  1 0  0 1  0 2
   307  -.2463767011592548E-05   4   0 0  0 1  0 1  0 2
   308  -.1103756212716923       4   1 0  0 0  0 0  1 2
   309  -.1785894851554440       4   0 1  0 0  0 0  1 2
   310  -.4996126546170633E-06   4   0 0  1 0  0 0  1 2
   311  -.2460451390061657E-05   4   0 0  0 1  0 0  1 2
   312  0.6218426872724763E-02   4   1 0  0 0  0 0  0 3
   313  0.5063722326689127E-02   4   0 1  0 0  0 0  0 3
   314  0.4038586218268690E-06   4   0 0  1 0  0 0  0 3
   315  0.3308369770779649E-06   4   0 0  0 1  0 0  0 3
   316  -.2707431227114261E-04   4   0 0  0 0  0 4  0 0
   317  -.1696183930160578E-04   4   0 0  0 0  0 3  1 0
   318  -.1562157781555514E-04   4   0 0  0 0  0 2  2 0
   319  -.1699074731614028E-04   4   0 0  0 0  0 1  3 0
   320  -.2699007536907792E-04   4   0 0  0 0  0 0  4 0
   321  0.3283532787939615E-04   4   0 0  0 0  0 3  0 1
   322  0.2250341164400754E-04   4   0 0  0 0  0 2  1 1
   323  0.2252417875325261E-04   4   0 0  0 0  0 1  2 1
   324  0.3275392392622272E-04   4   0 0  0 0  0 0  3 1
   325  -.2187000435720617E-05   4   0 0  0 0  0 2  0 2
   326  -.2643401524299640E-05   4   0 0  0 0  0 1  1 2
   327  -.2182278591007878E-05   4   0 0  0 0  0 0  2 2
   328  0.1658148737747234E-07   4   0 0  0 0  0 1  0 3
   329  0.1655917279321811E-07   4   0 0  0 0  0 0  1 3
   330  0.5508915122303192E-13   4   0 0  0 0  0 0  0 4
   ----------------------------------------------------
     I  COEFFICIENT            ORDER EXPONENTS
     1  0.3920800617588842E-05   0   0 0  0 0  0 0  0 0
     2  0.1342482186530984E-04   1   1 0  0 0  0 0  0 0
     3  0.1185962620684469E-04   1   0 1  0 0  0 0  0 0
     4  0.5974408752738654       1   0 0  1 0  0 0  0 0
     5  0.7851901385679527       1   0 0  0 1  0 0  0 0
     6  -.1624529449679915E-04   1   0 0  0 0  0 1  0 0
     7  -.1622343234507959E-04   1   0 0  0 0  0 0  1 0
     8  0.3246872684195757E-04   1   0 0  0 0  0 0  0 1
     9  0.2851343222549320E-03   2   2 0  0 0  0 0  0 0
    10  0.5418600804133698E-03   2   1 1  0 0  0 0  0 0
    11  0.2894470022384020E-03   2   0 2  0 0  0 0  0 0
    12  0.1726183143576690       2   1 0  1 0  0 0  0 0
    13  0.1539130693461051       2   0 1  1 0  0 0  0 0
    14  -.1697772562957021E-04   2   0 0  2 0  0 0  0 0
    15  0.1568715755830251       2   1 0  0 1  0 0  0 0
    16  0.1407858674460706       2   0 1  0 1  0 0  0 0
    17  0.2217726004102085E-04   2   0 0  1 1  0 0  0 0
    18  0.7033665922361911E-04   2   0 0  0 2  0 0  0 0
    19  -.7132023455342148E-05   2   1 0  0 0  0 1  0 0
    20  -.1227114473943757E-04   2   0 1  0 0  0 1  0 0
    21  0.1887104403458733       2   0 0  1 0  0 1  0 0
    22  -.2232429399755115       2   0 0  0 1  0 1  0 0
    23  -.7122425514296588E-05   2   1 0  0 0  0 0  1 0
    24  -.1225463081116629E-04   2   0 1  0 0  0 0  1 0
    25  0.1884564827288711       2   0 0  1 0  0 0  1 0
    26  -.2229425101479675       2   0 0  0 1  0 0  1 0
    27  0.1425442835746471E-04   2   1 0  0 0  0 0  0 1
    28  0.1266612900904069E-04   2   0 1  0 0  0 0  0 1
    29  -.3771669230914580       2   0 0  1 0  0 0  0 1
    30  -.3390046884614608       2   0 0  0 1  0 0  0 1
    31  0.1169345007455456E-04   2   0 0  0 0  0 2  0 0
    32  0.7153830424220240E-05   2   0 0  0 0  0 1  1 0
    33  0.1167289993656633E-04   2   0 0  0 0  0 0  2 0
    34  -.1429544209766166E-04   2   0 0  0 0  0 1  0 1
    35  -.1427620396540748E-04   2   0 0  0 0  0 0  1 1
    36  -.1948534575862141E-05   2   0 0  0 0  0 0  0 2
    37  -.3152651744879517E-02   3   3 0  0 0  0 0  0 0
    38  -.8518400985712896E-02   3   2 1  0 0  0 0  0 0
    39  -.7705841267112356E-02   3   1 2  0 0  0 0  0 0
    40  -.2327568417237414E-02   3   0 3  0 0  0 0  0 0
    41  -2.364382662038834       3   2 0  1 0  0 0  0 0
    42  -5.036310729870324       3   1 1  1 0  0 0  0 0
    43  -2.983550177823935       3   0 2  1 0  0 0  0 0
    44  0.6977724863766101E-02   3   1 0  2 0  0 0  0 0
    45  0.6195735935955181E-02   3   0 1  2 0  0 0  0 0
    46  -.3755703036657873       3   0 0  3 0  0 0  0 0
    47  -2.869749873019595       3   2 0  0 1  0 0  0 0
    48  -5.551062669983422       3   1 1  0 1  0 0  0 0
    49  -2.618230088981800       3   0 2  0 1  0 0  0 0
    50  0.1263944814514333E-01   3   1 0  1 1  0 0  0 0
    51  0.1129892517180032E-01   3   0 1  1 1  0 0  0 0
    52  -1.064040930530658       3   0 0  2 1  0 0  0 0
    53  0.5793879785912814E-02   3   1 0  0 2  0 0  0 0
    54  0.5220807173745611E-02   3   0 1  0 2  0 0  0 0
    55  -1.418810002492307       3   0 0  1 2  0 0  0 0
    56  -.3028610839714492       3   0 0  0 3  0 0  0 0
    57  -.2594103044205701E-03   3   2 0  0 0  0 1  0 0
    58  -.7866444876153514E-03   3   1 1  0 0  0 1  0 0
    59  -.5573045692949005E-03   3   0 2  0 0  0 1  0 0
    60  -.8029726763847192E-01   3   1 0  1 0  0 1  0 0
    61  -.1481468969742422       3   0 1  1 0  0 1  0 0
    62  -.8173200031987120E-04   3   0 0  2 0  0 1  0 0
    63  -.1525733394241692       3   1 0  0 1  0 1  0 0
    64  -.2069547786073129       3   0 1  0 1  0 1  0 0
    65  -.1150254073157068E-03   3   0 0  1 1  0 1  0 0
    66  -.1135132447993751E-03   3   0 0  0 2  0 1  0 0
    67  -.2590612022584653E-03   3   2 0  0 0  0 0  1 0
    68  -.7855858585371889E-03   3   1 1  0 0  0 0  1 0
    69  -.5565545750703977E-03   3   0 2  0 0  0 0  1 0
    70  -.8018920735996340E-01   3   1 0  1 0  0 0  1 0
    71  -.1479475278622159       3   0 1  1 0  0 0  1 0
    72  -.8162200924573655E-04   3   0 0  2 0  0 0  1 0
    73  -.1523680134145047       3   1 0  0 1  0 0  1 0
    74  -.2066762686197041       3   0 1  0 1  0 0  1 0
    75  -.1148706115435014E-03   3   0 0  1 1  0 0  1 0
    76  -.1133604840242183E-03   3   0 0  0 2  0 0  1 0
    77  0.5181285492017728E-03   3   2 0  0 0  0 0  0 1
    78  0.1029655374665632E-02   3   1 1  0 0  0 0  0 1
    79  0.5345905676401674E-03   3   0 2  0 0  0 0  0 1
    80  0.1604867408686403       3   1 0  1 0  0 0  0 1
    81  0.1421815684807888       3   0 1  1 0  0 0  0 1
    82  0.1635626624786119E-03   3   0 0  2 0  0 0  0 1
    83  0.1480699887919609       3   1 0  0 1  0 0  0 1
    84  0.1320594798878509       3   0 1  0 1  0 0  0 1
    85  0.2081502474923050E-03   3   0 0  1 1  0 0  0 1
    86  0.8642412681069255E-04   3   0 0  0 2  0 0  0 1
    87  0.5559977920163323E-05   3   1 0  0 0  0 2  0 0
    88  0.1256213765526996E-04   3   0 1  0 0  0 2  0 0
    89  -.1353008037559842       3   0 0  1 0  0 2  0 0
    90  0.8772613704588449E-01   3   0 0  0 1  0 2  0 0
    91  0.4015957271474021E-05   3   1 0  0 0  0 1  1 0
    92  0.1288631891684301E-04   3   0 1  0 0  0 1  1 0
    93  -.8203464205021836E-01   3   0 0  1 0  0 1  1 0
    94  -.4742636926443553E-01   3   0 0  0 1  0 1  1 0
    95  0.5549793320895881E-05   3   1 0  0 0  0 0  2 0
    96  0.1253656122206788E-04   3   0 1  0 0  0 0  2 0
    97  -.1350635231332394       3   0 0  1 0  0 0  2 0
    98  0.8763999143135191E-01   3   0 0  0 1  0 0  2 0
    99  -.8055209866199119E-05   3   1 0  0 0  0 1  0 1
   100  -.1354113223083899E-04   3   0 1  0 0  0 1  0 1
   101  0.1639259911236334       3   0 0  1 0  0 1  0 1
   102  0.3184600738176219       3   0 0  0 1  0 1  0 1
   103  -.8044369544390060E-05   3   1 0  0 0  0 0  1 1
   104  -.1352290921325415E-04   3   0 1  0 0  0 0  1 1
   105  0.1637053872503434       3   0 0  1 0  0 0  1 1
   106  0.3180315052587814       3   0 0  0 1  0 0  1 1
   107  0.9586770115409366E-06   3   1 0  0 0  0 0  0 2
   108  0.9263650139820049E-06   3   0 1  0 0  0 0  0 2
   109  0.2476771798206086E-01   3   0 0  1 0  0 0  0 2
   110  0.2075883302498125E-01   3   0 0  0 1  0 0  0 2
   111  -.9425146095611027E-05   3   0 0  0 0  0 3  0 0
   112  -.4890990980046313E-05   3   0 0  0 0  0 2  1 0
   113  -.4900118154319848E-05   3   0 0  0 0  0 1  2 0
   114  -.9402833627299559E-05   3   0 0  0 0  0 0  3 0
   115  0.9778539277404598E-05   3   0 0  0 0  0 2  0 1
   116  0.5273529474338463E-05   3   0 0  0 0  0 1  1 1
   117  0.9761831346374805E-05   3   0 0  0 0  0 0  2 1
   118  0.1880545704480994E-05   3   0 0  0 0  0 1  0 2
   119  0.1878014954698951E-05   3   0 0  0 0  0 0  1 2
   120  0.4620580283009463E-07   3   0 0  0 0  0 0  0 3
   121  -.1360228499176902E-02   4   4 0  0 0  0 0  0 0
   122  -.4666143144383111E-02   4   3 1  0 0  0 0  0 0
   123  -.5945968457097580E-02   4   2 2  0 0  0 0  0 0
   124  -.3051426001869960E-02   4   1 3  0 0  0 0  0 0
   125  -.4106831391725702E-03   4   0 4  0 0  0 0  0 0
   126   36.62309274283098       4   3 0  1 0  0 0  0 0
   127   99.65746617144477       4   2 1  1 0  0 0  0 0
   128   90.96813480188479       4   1 2  1 0  0 0  0 0
   129   27.92402245780205       4   0 3  1 0  0 0  0 0
   130  0.7532450672519056E-02   4   2 0  2 0  0 0  0 0
   131  0.1388682407153200E-01   4   1 1  2 0  0 0  0 0
   132  0.6621275375577827E-02   4   0 2  2 0  0 0  0 0
   133  -27.29277449274327       4   1 0  3 0  0 0  0 0
   134  -24.04555039484779       4   0 1  3 0  0 0  0 0
   135  -.9778541923707840E-03   4   0 0  4 0  0 0  0 0
   136   33.75694275087037       4   3 0  0 1  0 0  0 0
   137   92.37022805969652       4   2 1  0 1  0 0  0 0
   138   84.85894776739185       4   1 2  0 1  0 0  0 0
   139   26.23409982858021       4   0 3  0 1  0 0  0 0
   140  0.1311703140230462E-01   4   2 0  1 1  0 0  0 0
   141  0.2428676880233995E-01   4   1 1  1 1  0 0  0 0
   142  0.1135160980560145E-01   4   0 2  1 1  0 0  0 0
   143  -74.15223570962071       4   1 0  2 1  0 0  0 0
   144  -65.76498430092171       4   0 1  2 1  0 0  0 0
   145  -.3824866655382759E-02   4   0 0  3 1  0 0  0 0
   146  0.5810030326252958E-02   4   2 0  0 2  0 0  0 0
   147  0.1115064546297372E-01   4   1 1  0 2  0 0  0 0
   148  0.5373229835519269E-02   4   0 2  0 2  0 0  0 0
   149  -67.47544656841634       4   1 0  1 2  0 0  0 0
   150  -60.16517853769388       4   0 1  1 2  0 0  0 0
   151  -.5366232037975810E-02   4   0 0  2 2  0 0  0 0
   152  -20.48514451075898       4   1 0  0 3  0 0  0 0
   153  -18.34019827927338       4   0 1  0 3  0 0  0 0
   154  -.3381854052686340E-02   4   0 0  1 3  0 0  0 0
   155  -.7691367382317091E-03   4   0 0  0 4  0 0  0 0
   156  0.3879579926156180E-03   4   3 0  0 0  0 1  0 0
   157  0.4736284372468279E-02   4   2 1  0 0  0 1  0 0
   158  0.7559566336050561E-02   4   1 2  0 0  0 1  0 0
   159  0.3248869799265313E-02   4   0 3  0 0  0 1  0 0
   160   2.669848375279762       4   2 0  1 0  0 1  0 0
   161   8.063542451650175       4   1 1  1 0  0 1  0 0
   162   5.964316048902592       4   0 2  1 0  0 1  0 0
   163  -.7351987161105142E-03   4   1 0  2 0  0 1  0 0
   164  -.3449264282899761E-02   4   0 1  2 0  0 1  0 0
   165  0.5345215886027994       4   0 0  3 0  0 1  0 0
   166   4.117112514363648       4   2 0  0 1  0 1  0 0
   167   10.92206367130823       4   1 1  0 1  0 1  0 0
   168   6.816207551877260       4   0 2  0 1  0 1  0 0
   169  -.6884333724300922E-02   4   1 0  1 1  0 1  0 0
   170  -.1118710322656385E-01   4   0 1  1 1  0 1  0 0
   171   1.622808843490669       4   0 0  2 1  0 1  0 0
   172  -.5696860135961934E-02   4   1 0  0 2  0 1  0 0
   173  -.7435797984540624E-02   4   0 1  0 2  0 1  0 0
   174   2.259102748630099       4   0 0  1 2  0 1  0 0
   175  0.8056967461772712       4   0 0  0 3  0 1  0 0
   176  0.3874358970329815E-03   4   3 0  0 0  0 0  1 0
   177  0.4729910504173157E-02   4   2 1  0 0  0 0  1 0
   178  0.7549393027945516E-02   4   1 2  0 0  0 0  1 0
   179  0.3244497623403387E-02   4   0 3  0 0  0 0  1 0
   180   2.666255419161908       4   2 0  1 0  0 0  1 0
   181   8.052690916240332       4   1 1  1 0  0 0  1 0
   182   5.956289553452453       4   0 2  1 0  0 0  1 0
   183  -.7342093203270869E-03   4   1 0  2 0  0 0  1 0
   184  -.3444622425586027E-02   4   0 1  2 0  0 0  1 0
   185  0.5338022546399872       4   0 0  3 0  0 0  1 0
   186   4.111571898374611       4   2 0  0 1  0 0  1 0
   187   10.90736527275841       4   1 1  0 1  0 0  1 0
   188   6.807034620990676       4   0 2  0 1  0 0  1 0
   189  -.6875069112422166E-02   4   1 0  1 1  0 0  1 0
   190  -.1117204815027145E-01   4   0 1  1 1  0 0  1 0
   191   1.620624943829431       4   0 0  2 1  0 0  1 0
   192  -.5689193570074672E-02   4   1 0  0 2  0 0  1 0
   193  -.7425791238050049E-02   4   0 1  0 2  0 0  1 0
   194   2.256062554618817       4   0 0  1 2  0 0  1 0
   195  0.8046124774674385       4   0 0  0 3  0 0  1 0
   196  0.1801652491166252E-03   4   3 0  0 0  0 0  0 1
   197  0.6352786830445273E-03   4   2 1  0 0  0 0  0 1
   198  0.7227252742452366E-03   4   1 2  0 0  0 0  0 1
   199  0.2744506568879256E-03   4   0 3  0 0  0 0  0 1
   200  -5.332845344929579       4   2 0  1 0  0 0  0 1
   201  -11.07319848812490       4   1 1  1 0  0 0  0 1
   202  -5.950012913048095       4   0 2  1 0  0 0  0 1
   203  -.4307204100554100E-03   4   1 0  2 0  0 0  0 1
   204  -.4016246925830452E-03   4   0 1  2 0  0 0  0 1
   205  -1.069007717643048       4   0 0  3 0  0 0  0 1
   206  -5.355494680118785       4   2 0  0 1  0 0  0 1
   207  -10.72014661452920       4   1 1  0 1  0 0  0 1
   208  -5.764808001517421       4   0 2  0 1  0 0  0 1
   209  -.8869343135603669E-03   4   1 0  1 1  0 0  0 1
   210  -.8296559779694643E-03   4   0 1  1 1  0 0  0 1
   211  -2.181499087184626       4   0 0  2 1  0 0  0 1
   212  -.4118937695025034E-03   4   1 0  0 2  0 0  0 1
   213  -.3801936141651830E-03   4   0 1  0 2  0 0  0 1
   214  -1.679720119358276       4   0 0  1 2  0 0  0 1
   215  -.7024770853843185       4   0 0  0 3  0 0  0 1
   216  0.1561302053803118E-04   4   2 0  0 0  0 2  0 0
   217  0.4682958487219554E-03   4   1 1  0 0  0 2  0 0
   218  0.5395552560617353E-03   4   0 2  0 0  0 2  0 0
   219  0.5732209281823529E-01   4   1 0  1 0  0 2  0 0
   220  0.1442317874079883       4   0 1  1 0  0 2  0 0
   221  0.8936142950371258E-04   4   0 0  2 0  0 2  0 0
   222  0.1494414576647380       4   1 0  0 1  0 2  0 0
   223  0.2547286676367845       4   0 1  0 1  0 2  0 0
   224  0.3999040155713103E-04   4   0 0  1 1  0 2  0 0
   225  0.5305876383037046E-04   4   0 0  0 2  0 2  0 0
   226  0.2570563491888248E-04   4   2 0  0 0  0 1  1 0
   227  0.6586096693971057E-03   4   1 1  0 0  0 1  1 0
   228  0.7901094165490030E-03   4   0 2  0 0  0 1  1 0
   229  0.3413647487844097E-01   4   1 0  1 0  0 1  1 0
   230  0.1398030227712369       4   0 1  1 0  0 1  1 0
   231  0.1398486546875862E-03   4   0 0  2 0  0 1  1 0
   232  0.1460700702211817       4   1 0  0 1  0 1  1 0
   233  0.3019936656012800       4   0 1  0 1  0 1  1 0
   234  0.1693822797812626E-03   4   0 0  1 1  0 1  1 0
   235  0.1202925422496233E-03   4   0 0  0 2  0 1  1 0
   236  0.1557471255480338E-04   4   2 0  0 0  0 0  2 0
   237  0.4672224753118557E-03   4   1 1  0 0  0 0  2 0
   238  0.5382975020183753E-03   4   0 2  0 0  0 0  2 0
   239  0.5722198181766962E-01   4   1 0  1 0  0 0  2 0
   240  0.1439436169062248       4   0 1  1 0  0 0  2 0
   241  0.8914707023902650E-04   4   0 0  2 0  0 0  2 0
   242  0.1491420592857149       4   1 0  0 1  0 0  2 0
   243  0.2541826613794764       4   0 1  0 1  0 0  2 0
   244  0.3982261101467902E-04   4   0 0  1 1  0 0  2 0
   245  0.5290641782955985E-04   4   0 0  0 2  0 0  2 0
   246  -.1300937699032975E-03   4   2 0  0 0  0 1  0 1
   247  -.7427761334591437E-03   4   1 1  0 0  0 1  0 1
   248  -.6111820121782650E-03   4   0 2  0 0  0 1  0 1
   249  -.6797956861288022E-01   4   1 0  1 0  0 1  0 1
   250  -.1306856535076290       4   0 1  1 0  0 1  0 1
   251  -.2803675320107925E-03   4   0 0  2 0  0 1  0 1
   252  -.1392887407204156       4   1 0  0 1  0 1  0 1
   253  -.1897409442658751       4   0 1  0 1  0 1  0 1
   254  -.4517412541961549E-03   4   0 0  1 1  0 1  0 1
   255  -.1412443387013633E-03   4   0 0  0 2  0 1  0 1
   256  -.1299186958388685E-03   4   2 0  0 0  0 0  1 1
   257  -.7417765403445611E-03   4   1 1  0 0  0 0  1 1
   258  -.6103595122302857E-03   4   0 2  0 0  0 0  1 1
   259  -.6788808491320737E-01   4   1 0  1 0  0 0  1 1
   260  -.1305097829141403       4   0 1  1 0  0 0  1 1
   261  -.2799902265994766E-03   4   0 0  2 0  0 0  1 1
   262  -.1391012924976052       4   1 0  0 1  0 0  1 1
   263  -.1894855998452633       4   0 1  0 1  0 0  1 1
   264  -.4511333221060854E-03   4   0 0  1 1  0 0  1 1
   265  -.1410542587269542E-03   4   0 0  0 2  0 0  1 1
   266  0.7688308465823398E-04   4   2 0  0 0  0 0  0 2
   267  0.1708414946662103E-03   4   1 1  0 0  0 0  0 2
   268  0.9121672932268992E-04   4   0 2  0 0  0 0  0 2
   269  -.1268227212275000E-01   4   1 0  1 0  0 0  0 2
   270  -.1217877177231741E-01   4   0 1  1 0  0 0  0 2
   271  0.2010141775780121E-03   4   0 0  2 0  0 0  0 2
   272  -.9242794562822624E-02   4   1 0  0 1  0 0  0 2
   273  -.9086398374779110E-02   4   0 1  0 1  0 0  0 2
   274  0.3210766202008910E-03   4   0 0  1 1  0 0  0 2
   275  0.1217383809864082E-03   4   0 0  0 2  0 0  0 2
   276  -.8258495548475624E-05   4   1 0  0 0  0 3  0 0
   277  -.1668696475074348E-04   4   0 1  0 0  0 3  0 0
   278  0.1086935456351829       4   0 0  1 0  0 3  0 0
   279  -.2254795442377977E-01   4   0 0  0 1  0 3  0 0
   280  -.5727157917021150E-05   4   1 0  0 0  0 2  1 0
   281  -.1639369366015512E-04   4   0 1  0 0  0 2  1 0
   282  0.5550971355883606E-01   4   0 0  1 0  0 2  1 0
   283  0.1077213133422776       4   0 0  0 1  0 2  1 0
   284  -.5732245314518739E-05   4   1 0  0 0  0 1  2 0
   285  -.1639424033436753E-04   4   0 1  0 0  0 1  2 0
   286  0.5561677672664997E-01   4   0 0  1 0  0 1  2 0
   287  0.1074584092337413       4   0 0  0 1  0 1  2 0
   288  -.8237976233870427E-05   4   1 0  0 0  0 0  3 0
   289  -.1664226388973068E-04   4   0 1  0 0  0 0  3 0
   290  0.1084368328781314       4   0 0  1 0  0 0  3 0
   291  -.2257482407863215E-01   4   0 0  0 1  0 0  3 0
   292  0.1012547255572520E-04   4   1 0  0 0  0 2  0 1
   293  0.1802245489930817E-04   4   0 1  0 0  0 2  0 1
   294  -.1109811031292970       4   0 0  1 0  0 2  0 1
   295  -.3032463203211257       4   0 0  0 1  0 2  0 1
   296  0.7715182143345941E-05   4   1 0  0 0  0 1  1 1
   297  0.1792923826124047E-04   4   0 1  0 0  0 1  1 1
   298  -.5817634054057016E-01   4   0 0  1 0  0 1  1 1
   299  -.2880705834386674       4   0 0  0 1  0 1  1 1
   300  0.1010665480775935E-04   4   1 0  0 0  0 0  2 1
   301  0.1798613696697310E-04   4   0 1  0 0  0 0  2 1
   302  -.1107926045023921       4   0 0  1 0  0 0  2 1
   303  -.3026443898072939       4   0 0  0 1  0 0  2 1
   304  -.5363530345437839E-06   4   1 0  0 0  0 1  0 2
   305  -.8683146818323369E-06   4   0 1  0 0  0 1  0 2
   306  -.2385988488632514E-01   4   0 0  1 0  0 1  0 2
   307  -.3041242498246253E-01   4   0 0  0 1  0 1  0 2
   308  -.5356312359073286E-06   4   1 0  0 0  0 0  1 2
   309  -.8671461448557746E-06   4   0 1  0 0  0 0  1 2
   310  -.2382777537772252E-01   4   0 0  1 0  0 0  1 2
   311  -.3037149737420906E-01   4   0 0  0 1  0 0  1 2
   312  0.4458331417416988E-07   4   1 0  0 0  0 0  0 3
   313  0.3601146330310882E-07   4   0 1  0 0  0 0  0 3
   314  -.6163409111243015E-03   4   0 0  1 0  0 0  0 3
   315  -.4979034420697469E-03   4   0 0  0 1  0 0  0 3
   316  0.9821388125002674E-05   4   0 0  0 0  0 4  0 0
   317  0.4291961032428779E-05   4   0 0  0 0  0 3  1 0
   318  0.3563363006112251E-05   4   0 0  0 0  0 2  2 0
   319  0.4307784569546374E-05   4   0 0  0 0  0 1  3 0
   320  0.9792080249645376E-05   4   0 0  0 0  0 0  4 0
   321  -.1330638805792806E-05   4   0 0  0 0  0 3  0 1
   322  0.8667523722575360E-06   4   0 0  0 0  0 2  1 1
   323  0.8623202688072920E-06   4   0 0  0 0  0 1  2 1
   324  -.1328535173304022E-05   4   0 0  0 0  0 0  3 1
   325  -.6986874109070945E-06   4   0 0  0 0  0 2  0 2
   326  -.8120333529162646E-06   4   0 0  0 0  0 1  1 2
   327  -.6972007522092176E-06   4   0 0  0 0  0 0  2 2
   328  -.1959738956477669E-07   4   0 0  0 0  0 1  0 3
   329  -.1957101632149338E-07   4   0 0  0 0  0 0  1 3
   330  -.3568052229523796E-13   4   0 0  0 0  0 0  0 4
   ----------------------------------------------------
     I  COEFFICIENT            ORDER EXPONENTS
     1  0.1591792915560541E-03   0   0 0  0 0  0 0  0 0
     2  0.6040560350680777E-04   1   1 0  0 0  0 0  0 0
     3  0.5584662584916792E-04   1   0 1  0 0  0 0  0 0
     4  -1.764811271781032       1   0 0  1 0  0 0  0 0
     5  -.6456076626996511       1   0 0  0 1  0 0  0 0
     6  0.6939731887257528E-05   1   0 0  0 0  0 1  0 0
     7  0.6930392723141892E-05   1   0 0  0 0  0 0  1 0
     8  0.1453091669444132E-03   1   0 0  0 0  0 0  0 1
     9  0.8409893857007566E-03   2   2 0  0 0  0 0  0 0
    10  0.1472486534848591E-02   2   1 1  0 0  0 0  0 0
    11  0.7040067627594770E-03   2   0 2  0 0  0 0  0 0
    12  0.7497486132309729       2   1 0  1 0  0 0  0 0
    13  0.6877855659145464       2   0 1  1 0  0 0  0 0
    14  0.5960825020334251E-03   2   0 0  2 0  0 0  0 0
    15  0.7085055907387554       2   1 0  0 1  0 0  0 0
    16  0.6543734024570882       2   0 1  0 1  0 0  0 0
    17  0.1463460296393919E-02   2   0 0  1 1  0 0  0 0
    18  0.7653575516279162E-03   2   0 0  0 2  0 0  0 0
    19  -.3275823665720535E-05   2   1 0  0 0  0 1  0 0
    20  -.3113563876110807E-04   2   0 1  0 0  0 1  0 0
    21  -.8644028022319196E-01   2   0 0  1 0  0 1  0 0
    22  0.7497687656048817       2   0 0  0 1  0 1  0 0
    23  -.3271415216615426E-05   2   1 0  0 0  0 0  1 0
    24  -.3109373788583518E-04   2   0 1  0 0  0 0  1 0
    25  -.8632395296785712E-01   2   0 0  1 0  0 0  1 0
    26  0.7487597621355080       2   0 0  0 1  0 0  1 0
    27  0.6695268182710853E-04   2   1 0  0 0  0 0  0 1
    28  0.6222921887682155E-04   2   0 1  0 0  0 0  0 1
    29  -1.592047038673058       2   0 0  1 0  0 0  0 1
    30  -1.498528527831221       2   0 0  0 1  0 0  0 1
    31  -.5097816240184460E-05   2   0 0  0 0  0 2  0 0
    32  -.3260830749749387E-05   2   0 0  0 0  0 1  1 0
    33  -.5088761703164077E-05   2   0 0  0 0  0 0  2 0
    34  0.1345642441473748E-04   2   0 0  0 0  0 1  0 1
    35  0.1343831539293946E-04   2   0 0  0 0  0 0  1 1
    36  -.1344735499849112E-04   2   0 0  0 0  0 0  0 2
    37  -.1540310695378290E-01   3   3 0  0 0  0 0  0 0
    38  -.4324061736092290E-01   3   2 1  0 0  0 0  0 0
    39  -.4065262535016346E-01   3   1 2  0 0  0 0  0 0
    40  -.1276838786338391E-01   3   0 3  0 0  0 0  0 0
    41  -13.77042264261511       3   2 0  1 0  0 0  0 0
    42  -26.74263173351173       3   1 1  1 0  0 0  0 0
    43  -13.63062470067172       3   0 2  1 0  0 0  0 0
    44  0.2973465595255548E-01   3   1 0  2 0  0 0  0 0
    45  0.2708805138518754E-01   3   0 1  2 0  0 0  0 0
    46  -2.395281965278043       3   0 0  3 0  0 0  0 0
    47  -12.18360341921903       3   2 0  0 1  0 0  0 0
    48  -24.20575719762991       3   1 1  0 1  0 0  0 0
    49  -13.41059562741599       3   0 2  0 1  0 0  0 0
    50  0.5587920988819273E-01   3   1 0  1 1  0 0  0 0
    51  0.5120664185485915E-01   3   0 1  1 1  0 0  0 0
    52  -7.524033913936849       3   0 0  2 1  0 0  0 0
    53  0.2651170964781419E-01   3   1 0  0 2  0 0  0 0
    54  0.2446710372552259E-01   3   0 1  0 2  0 0  0 0
    55  -6.852464786507057       3   0 0  1 2  0 0  0 0
    56  -2.620013359703341       3   0 0  0 3  0 0  0 0
    57  -.5023540870863889E-03   3   2 0  0 0  0 1  0 0
    58  -.1718812040292022E-02   3   1 1  0 0  0 1  0 0
    59  -.1171429577643071E-02   3   0 2  0 0  0 1  0 0
    60  0.4330796729523968E-01   3   1 0  1 0  0 1  0 0
    61  -.3020065252432876       3   0 1  1 0  0 1  0 0
    62  -.1054707175749641E-03   3   0 0  2 0  0 1  0 0
    63  -.3224336158682987       3   1 0  0 1  0 1  0 0
    64  -.6228911037091763       3   0 1  0 1  0 1  0 0
    65  -.9810563788794026E-03   3   0 0  1 1  0 1  0 0
    66  -.9098688322229175E-03   3   0 0  0 2  0 1  0 0
    67  -.5016780426311169E-03   3   2 0  0 0  0 0  1 0
    68  -.1716498944053001E-02   3   1 1  0 0  0 0  1 0
    69  -.1169853122925042E-02   3   0 2  0 0  0 0  1 0
    70  0.4324968547388736E-01   3   1 0  1 0  0 0  1 0
    71  -.3016000990946899       3   0 1  1 0  0 0  1 0
    72  -.1053287800539152E-03   3   0 0  2 0  0 0  1 0
    73  -.3219996999038334       3   1 0  0 1  0 0  1 0
    74  -.6220528462176458       3   0 1  0 1  0 0  1 0
    75  -.9797361194402933E-03   3   0 0  1 1  0 0  1 0
    76  -.9086443736291452E-03   3   0 0  0 2  0 0  1 0
    77  0.1843367255991460E-02   3   2 0  0 0  0 0  0 1
    78  0.3431730936789637E-02   3   1 1  0 0  0 0  0 1
    79  0.1635332290390907E-02   3   0 2  0 0  0 0  0 1
    80  0.6631937536558767       3   1 0  1 0  0 0  0 1
    81  0.6036090090668227       3   0 1  1 0  0 0  0 1
    82  0.8079102955373865E-03   3   0 0  2 0  0 0  0 1
    83  0.6444357317524897       3   1 0  0 1  0 0  0 1
    84  0.5905726050716167       3   0 1  0 1  0 0  0 1
    85  0.1963047332430877E-02   3   0 0  1 1  0 0  0 1
    86  0.1054402341710090E-02   3   0 0  0 2  0 0  0 1
    87  0.2485942241627309E-05   3   1 0  0 0  0 2  0 0
    88  0.2487766824611543E-04   3   0 1  0 0  0 2  0 0
    89  0.6342421169702929E-01   3   0 0  1 0  0 2  0 0
    90  -.5265177301578439       3   0 0  0 1  0 2  0 0
    91  0.1847861510474621E-05   3   1 0  0 0  0 1  1 0
    92  0.1884332211196818E-04   3   0 1  0 0  0 1  1 0
    93  0.4046980088947297E-01   3   0 0  1 0  0 1  1 0
    94  -.3038663781817941       3   0 0  0 1  0 1  1 0
    95  0.2481353395251379E-05   3   1 0  0 0  0 0  2 0
    96  0.2483150982523312E-04   3   0 1  0 0  0 0  2 0
    97  0.6331162720662629E-01   3   0 0  1 0  0 0  2 0
    98  -.5256047028850026       3   0 0  0 1  0 0  2 0
    99  -.7067457179872829E-05   3   1 0  0 0  0 1  0 1
   100  -.3788836574757029E-04   3   0 1  0 0  0 1  0 1
   101  -.1673179641635469       3   0 0  1 0  0 1  0 1
   102  0.6071334450617258       3   0 0  0 1  0 1  0 1
   103  -.7057946129077848E-05   3   1 0  0 0  0 0  1 1
   104  -.3783737737056399E-04   3   0 1  0 0  0 0  1 1
   105  -.1670927955327985       3   0 0  1 0  0 0  1 1
   106  0.6063163934845696       3   0 0  0 1  0 0  1 1
   107  0.7267304431963588E-05   3   1 0  0 0  0 0  0 2
   108  0.7003782527998214E-05   3   0 1  0 0  0 0  0 2
   109  0.1672052549388192       3   0 0  1 0  0 0  0 2
   110  0.1425391856886362       3   0 0  0 1  0 0  0 2
   111  0.4177111017167621E-05   3   0 0  0 0  0 3  0 0
   112  0.2339631417693829E-05   3   0 0  0 0  0 2  1 0
   113  0.2343329260424626E-05   3   0 0  0 0  0 1  2 0
   114  0.4167106819283759E-05   3   0 0  0 0  0 0  3 0
   115  -.9776565852300064E-05   3   0 0  0 0  0 2  0 1
   116  -.6107893429400407E-05   3   0 0  0 0  0 1  1 1
   117  -.9759299153168508E-05   3   0 0  0 0  0 0  2 1
   118  0.6103902903817453E-05   3   0 0  0 0  0 1  0 2
   119  0.6095688558956458E-05   3   0 0  0 0  0 0  1 2
   120  0.4161681784979222E-06   3   0 0  0 0  0 0  0 3
   121  -.6105495942949994E-02   4   4 0  0 0  0 0  0 0
   122  -.2240352657022653E-01   4   3 1  0 0  0 0  0 0
   123  -.3113248848899005E-01   4   2 2  0 0  0 0  0 0
   124  -.1882402826814684E-01   4   1 3  0 0  0 0  0 0
   125  -.4099960452818110E-02   4   0 4  0 0  0 0  0 0
   126   169.8540617124366       4   3 0  1 0  0 0  0 0
   127   473.2639344045268       4   2 1  1 0  0 0  0 0
   128   441.7323719617884       4   1 2  1 0  0 0  0 0
   129   138.4261865545527       4   0 3  1 0  0 0  0 0
   130  0.3556674361803843E-01   4   2 0  2 0  0 0  0 0
   131  0.6906865846283086E-01   4   1 1  2 0  0 0  0 0
   132  0.3330776055346963E-01   4   0 2  2 0  0 0  0 0
   133  -113.6120440020171       4   1 0  3 0  0 0  0 0
   134  -102.8769399430937       4   0 1  3 0  0 0  0 0
   135  -.5434268191439215E-02   4   0 0  4 0  0 0  0 0
   136   162.1979404848529       4   3 0  0 1  0 0  0 0
   137   454.9840270610625       4   2 1  0 1  0 0  0 0
   138   427.7938513636225       4   1 2  0 1  0 0  0 0
   139   135.1073457065860       4   0 3  0 1  0 0  0 0
   140  0.7127952309863120E-01   4   2 0  1 1  0 0  0 0
   141  0.1393126157096513       4   1 1  1 1  0 0  0 0
   142  0.6862234743704430E-01   4   0 2  1 1  0 0  0 0
   143  -317.3460071337962       4   1 0  2 1  0 0  0 0
   144  -289.7600513892601       4   0 1  2 1  0 0  0 0
   145  -.1872286994445641E-01   4   0 0  3 1  0 0  0 0
   146  0.3492705016543209E-01   4   2 0  0 2  0 0  0 0
   147  0.6908262458791324E-01   4   1 1  0 2  0 0  0 0
   148  0.3488451482447060E-01   4   0 2  0 2  0 0  0 0
   149  -298.3541807992401       4   1 0  1 2  0 0  0 0
   150  -274.3246369479817       4   0 1  1 2  0 0  0 0
   151  -.2425799642992220E-01   4   0 0  2 2  0 0  0 0
   152  -94.05357909431427       4   1 0  0 3  0 0  0 0
   153  -86.96419771336758       4   0 1  0 3  0 0  0 0
   154  -.1350689424761034E-01   4   0 0  1 3  0 0  0 0
   155  -.2436760367958023E-02   4   0 0  0 4  0 0  0 0
   156  -.1801898801587332E-02   4   3 0  0 0  0 1  0 0
   157  0.1319043843754305E-01   4   2 1  0 0  0 1  0 0
   158  0.2938191213553297E-01   4   1 2  0 0  0 1  0 0
   159  0.1449236856837910E-01   4   0 3  0 0  0 1  0 0
   160   7.546340885450202       4   2 0  1 0  0 1  0 0
   161   27.67164244633993       4   1 1  1 0  0 1  0 0
   162   20.26589563312564       4   0 2  1 0  0 1  0 0
   163  0.3302913841694343E-02   4   1 0  2 0  0 1  0 0
   164  -.8669066990174890E-02   4   0 1  2 0  0 1  0 0
   165  0.5049964249522048       4   0 0  3 0  0 1  0 0
   166   13.02825224873941       4   2 0  0 1  0 1  0 0
   167   37.60752641434667       4   1 1  0 1  0 1  0 0
   168   26.41334065456443       4   0 2  0 1  0 1  0 0
   169  -.1706726462980967E-01   4   1 0  1 1  0 1  0 0
   170  -.3730397595456265E-01   4   0 1  1 1  0 1  0 0
   171   5.563735912924193       4   0 0  2 1  0 1  0 0
   172  -.1893699345367297E-01   4   1 0  0 2  0 1  0 0
   173  -.2765035244607356E-01   4   0 1  0 2  0 1  0 0
   174   8.915256685230164       4   0 0  1 2  0 1  0 0
   175   4.660521390477191       4   0 0  0 3  0 1  0 0
   176  -.1799473891100708E-02   4   3 0  0 0  0 0  1 0
   177  0.1317268736713763E-01   4   2 1  0 0  0 0  1 0
   178  0.2934237134290251E-01   4   1 2  0 0  0 0  1 0
   179  0.1447286542176143E-01   4   0 3  0 0  0 0  1 0
   180   7.536185375533313       4   2 0  1 0  0 0  1 0
   181   27.63440325405498       4   1 1  1 0  0 0  1 0
   182   20.23862274588114       4   0 2  1 0  0 0  1 0
   183  0.3298468935907137E-02   4   1 0  2 0  0 0  1 0
   184  -.8657400568378475E-02   4   0 1  2 0  0 0  1 0
   185  0.5043168245631650       4   0 0  3 0  0 0  1 0
   186   13.01071944086333       4   2 0  0 1  0 0  1 0
   187   37.55691597767959       4   1 1  0 1  0 0  1 0
   188   26.37779482552915       4   0 2  0 1  0 0  1 0
   189  -.1704429630942318E-01   4   1 0  1 1  0 0  1 0
   190  -.3725377402179848E-01   4   0 1  1 1  0 0  1 0
   191   5.556248499342383       4   0 0  2 1  0 0  1 0
   192  -.1891150894035258E-01   4   1 0  0 2  0 0  1 0
   193  -.2761314190486759E-01   4   0 1  0 2  0 0  1 0
   194   8.903258952944679       4   0 0  1 2  0 0  1 0
   195   4.654249480432650       4   0 0  0 3  0 0  1 0
   196  0.7667893285351179E-03   4   3 0  0 0  0 0  0 1
   197  0.2180224189356085E-02   4   2 1  0 0  0 0  0 1
   198  0.2082392067876667E-02   4   1 2  0 0  0 0  0 1
   199  0.7026221244299300E-03   4   0 3  0 0  0 0  0 1
   200  -28.83867703592863       4   2 0  1 0  0 0  0 1
   201  -55.27533770564534       4   1 1  1 0  0 0  0 1
   202  -26.85728456345497       4   0 2  1 0  0 0  0 1
   203  -.2086883262037556E-02   4   1 0  2 0  0 0  0 1
   204  -.1976726014116426E-02   4   0 1  2 0  0 0  0 1
   205  -3.407777482427220       4   0 0  3 0  0 0  0 1
   206  -26.02265911804026       4   2 0  0 1  0 0  0 1
   207  -50.92341838302840       4   1 1  0 1  0 0  0 1
   208  -25.95081018320116       4   0 2  0 1  0 0  0 1
   209  -.4098249336533149E-02   4   1 0  1 1  0 0  0 1
   210  -.4010503157815271E-02   4   0 1  1 1  0 0  0 1
   211  -11.13025575001456       4   0 0  2 1  0 0  0 1
   212  -.2001049132000195E-02   4   1 0  0 2  0 0  0 1
   213  -.1979544501305760E-02   4   0 1  0 2  0 0  0 1
   214  -10.97727375569586       4   0 0  1 2  0 0  0 1
   215  -4.078871985032115       4   0 0  0 3  0 0  0 1
   216  -.2460508462024489E-03   4   2 0  0 0  0 2  0 0
   217  0.2187187801082291E-03   4   1 1  0 0  0 2  0 0
   218  0.5142463971440296E-03   4   0 2  0 0  0 2  0 0
   219  -.3237939860007264E-01   4   1 0  1 0  0 2  0 0
   220  0.2061833342688947       4   0 1  1 0  0 2  0 0
   221  -.1676578850473453E-03   4   0 0  2 0  0 2  0 0
   222  0.2262996540649285       4   1 0  0 1  0 2  0 0
   223  0.6003733994506955       4   0 1  0 1  0 2  0 0
   224  0.3397152302197993E-03   4   0 0  1 1  0 2  0 0
   225  0.7619075497913971E-03   4   0 0  0 2  0 2  0 0
   226  -.2562608328752031E-03   4   2 0  0 0  0 1  1 0
   227  0.4163749309654096E-03   4   1 1  0 0  0 1  1 0
   228  0.8798373814986979E-03   4   0 2  0 0  0 1  1 0
   229  -.2274666855748785E-01   4   1 0  1 0  0 1  1 0
   230  0.1089400420547713       4   0 1  1 0  0 1  1 0
   231  -.1477728597458390E-03   4   0 0  2 0  0 1  1 0
   232  0.1289528120560427       4   1 0  0 1  0 1  1 0
   233  0.5758965395848712       4   0 1  0 1  0 1  1 0
   234  0.2790290903725518E-03   4   0 0  1 1  0 1  1 0
   235  0.8729428986380663E-03   4   0 0  0 2  0 1  1 0
   236  -.2455472906937402E-03   4   2 0  0 0  0 0  2 0
   237  0.2181442698023127E-03   4   1 1  0 0  0 0  2 0
   238  0.5129623267369847E-03   4   0 2  0 0  0 0  2 0
   239  -.3232051823415982E-01   4   1 0  1 0  0 0  2 0
   240  0.2058325592675040       4   0 1  1 0  0 0  2 0
   241  -.1673328260919147E-03   4   0 0  2 0  0 0  2 0
   242  0.2259083413470561       4   1 0  0 1  0 0  2 0
   243  0.5991779380133778       4   0 1  0 1  0 0  2 0
   244  0.3390703053733744E-03   4   0 0  1 1  0 0  2 0
   245  0.7602948278120411E-03   4   0 0  0 2  0 0  2 0
   246  0.5671252293399805E-03   4   2 0  0 0  0 1  0 1
   247  -.1206433563703696E-03   4   1 1  0 0  0 1  0 1
   248  -.5710781240615065E-03   4   0 2  0 0  0 1  0 1
   249  0.8919867480591250E-01   4   1 0  1 0  0 1  0 1
   250  -.2164861898534222       4   0 1  1 0  0 1  0 1
   251  0.3029639078556985E-03   4   0 0  2 0  0 1  0 1
   252  -.2567636265390022       4   1 0  0 1  0 1  0 1
   253  -.5268349070650110       4   0 1  0 1  0 1  0 1
   254  -.2705792827033549E-03   4   0 0  1 1  0 1  0 1
   255  -.6762594282733764E-03   4   0 0  0 2  0 1  0 1
   256  0.5663620189340231E-03   4   2 0  0 0  0 0  1 1
   257  -.1204810002270905E-03   4   1 1  0 0  0 0  1 1
   258  -.5703095940361219E-03   4   0 2  0 0  0 0  1 1
   259  0.8907863543314665E-01   4   1 0  1 0  0 0  1 1
   260  -.2161948529417585       4   0 1  1 0  0 0  1 1
   261  0.3025561933067003E-03   4   0 0  2 0  0 0  1 1
   262  -.2564180861512567       4   1 0  0 1  0 0  1 1
   263  -.5261259174759525       4   0 1  0 1  0 0  1 1
   264  -.2702151498566508E-03   4   0 0  1 1  0 0  1 1
   265  -.6753493502058092E-03   4   0 0  0 2  0 0  1 1
   266  -.3862266931063561E-03   4   2 0  0 0  0 0  0 2
   267  -.7262102536501828E-03   4   1 1  0 0  0 0  0 2
   268  -.3388551791628718E-03   4   0 2  0 0  0 0  0 2
   269  -.9082939839123515E-01   4   1 0  1 0  0 0  0 2
   270  -.8749847824151534E-01   4   0 1  1 0  0 0  0 2
   271  -.1224344926973347E-03   4   0 0  2 0  0 0  0 2
   272  -.6763000140518378E-01   4   1 0  0 1  0 0  0 2
   273  -.6657865008061067E-01   4   0 1  0 1  0 0  0 2
   274  -.2745038295319494E-03   4   0 0  1 1  0 0  0 2
   275  -.1446515406830316E-03   4   0 0  0 2  0 0  0 2
   276  -.4795062083579210E-05   4   1 0  0 0  0 3  0 0
   277  -.2738017052290964E-04   4   0 1  0 0  0 3  0 0
   278  -.5192769197255792E-01   4   0 0  1 0  0 3  0 0
   279  0.4155378155446121       4   0 0  0 1  0 3  0 0
   280  -.3382005742670326E-05   4   1 0  0 0  0 2  1 0
   281  -.1988734021005644E-04   4   0 1  0 0  0 2  1 0
   282  -.2896984884785839E-01   4   0 0  1 0  0 2  1 0
   283  0.1937006826946249       4   0 0  0 1  0 2  1 0
   284  -.3384845153461524E-05   4   1 0  0 0  0 1  2 0
   285  -.1990239107664286E-04   4   0 1  0 0  0 1  2 0
   286  -.2901605115729468E-01   4   0 0  1 0  0 1  2 0
   287  0.1941473607923416       4   0 0  0 1  0 1  2 0
   288  -.4783110027091925E-05   4   1 0  0 0  0 0  3 0
   289  -.2731153642754862E-04   4   0 1  0 0  0 0  3 0
   290  -.5180340237924924E-01   4   0 0  1 0  0 0  3 0
   291  0.4145688380140810       4   0 0  0 1  0 0  3 0
   292  0.6707867976252594E-05   4   1 0  0 0  0 2  0 1
   293  0.3559951649547005E-04   4   0 1  0 0  0 2  0 1
   294  0.1213476229743055       4   0 0  1 0  0 2  0 1
   295  -.3872472147217086       4   0 0  0 1  0 2  0 1
   296  0.5432928073638387E-05   4   1 0  0 0  0 1  1 1
   297  0.2898417789711359E-04   4   0 1  0 0  0 1  1 1
   298  0.7551136688557737E-01   4   0 0  1 0  0 1  1 1
   299  -.1679389497421123       4   0 0  0 1  0 1  1 1
   300  0.6695185154286992E-05   4   1 0  0 0  0 0  2 1
   301  0.3553210557363782E-04   4   0 1  0 0  0 0  2 1
   302  0.1211335092428086       4   0 0  1 0  0 0  2 1
   303  -.3866130735085275       4   0 0  0 1  0 0  2 1
   304  -.1461579526195192E-05   4   1 0  0 0  0 1  0 2
   305  -.4067697657507206E-05   4   0 1  0 0  0 1  0 2
   306  -.7545387446354003E-01   4   0 0  1 0  0 1  0 2
   307  -.1359316516477965       4   0 0  0 1  0 1  0 2
   308  -.1459612601350679E-05   4   1 0  0 0  0 0  1 2
   309  -.4062223541703671E-05   4   0 1  0 0  0 0  1 2
   310  -.7535233219530486E-01   4   0 0  1 0  0 0  1 2
   311  -.1357487212372456       4   0 0  0 1  0 0  1 2
   312  0.3874366168739757E-06   4   1 0  0 0  0 0  0 3
   313  0.3160433369848133E-06   4   0 1  0 0  0 0  0 3
   314  -.5469163016912747E-02   4   0 0  1 0  0 0  0 3
   315  -.4468567519081735E-02   4   0 0  0 1  0 0  0 3
   316  -.7330081449001509E-05   4   0 0  0 0  0 4  0 0
   317  -.3731643184625009E-05   4   0 0  0 0  0 3  1 0
   318  -.3254400362132869E-05   4   0 0  0 0  0 2  2 0
   319  -.3741940723383471E-05   4   0 0  0 0  0 1  3 0
   320  -.7307853058130048E-05   4   0 0  0 0  0 0  4 0
   321  0.7795024206381874E-05   4   0 0  0 0  0 3  0 1
   322  0.3830119279465527E-05   4   0 0  0 0  0 2  1 1
   323  0.3838101776975132E-05   4   0 0  0 0  0 1  2 1
   324  0.7776715222826527E-05   4   0 0  0 0  0 0  3 1
   325  0.6631508365073856E-06   4   0 0  0 0  0 2  0 2
   326  0.7888278342013425E-06   4   0 0  0 0  0 1  1 2
   327  0.6617276157032738E-06   4   0 0  0 0  0 0  2 2
   328  0.5731670918999007E-08   4   0 0  0 0  0 1  0 3
   329  0.5723957506400585E-08   4   0 0  0 0  0 0  1 3
   330  -.1818981320771955E-13   4   0 0  0 0  0 0  0 4
   ----------------------------------------------------
     I  COEFFICIENT            ORDER EXPONENTS
     1  0.8398249831551703E-08   0   0 0  0 0  0 0  0 0
     2  -.3296453166574631E-05   1   1 0  0 0  0 0  0 0
     3  -.4086099923335763E-05   1   0 1  0 0  0 0  0 0
     4  0.2452373409271985E-04   1   0 0  1 0  0 0  0 0
     5  0.5039018177772679E-05   1   0 0  0 1  0 0  0 0
     6   1.000000000000000       1   0 0  0 0  1 0  0 0
     7  0.2859789913322821       1   0 0  0 0  0 1  0 0
     8  -.2859789892811697       1   0 0  0 0  0 0  1 0
     9  -.2051118408799844E-08   1   0 0  0 0  0 0  0 1
    10  -.1868217928999711       2   2 0  0 0  0 0  0 0
    11  -.5641704487759555       2   1 1  0 0  0 0  0 0
    12  -.6403511359099986       2   0 2  0 0  0 0  0 0
    13  -.1227594471213554E-04   2   1 0  1 0  0 0  0 0
    14  -.1791491499638643E-04   2   0 1  1 0  0 0  0 0
    15  -.1406981002765877       2   0 0  2 0  0 0  0 0
    16  -.1782696881906262E-04   2   1 0  0 1  0 0  0 0
    17  -.2202405879623510E-04   2   0 1  0 1  0 0  0 0
    18  -.5396162846730226E-01   2   0 0  1 1  0 0  0 0
    19  -.2222922042442381       2   0 0  0 2  0 0  0 0
    20  0.4904554010151678E-05   2   1 0  0 0  0 1  0 0
    21  0.7495935083082719E-05   2   0 1  0 0  0 1  0 0
    22  -.3508744326917068E-04   2   0 0  1 0  0 1  0 0
    23  -.1772411124134743E-04   2   0 0  0 1  0 1  0 0
    24  0.1610379494150928E-05   2   1 0  0 0  0 0  1 0
    25  0.3410762516842154E-05   2   0 1  0 0  0 0  1 0
    26  -.1058246294244161E-04   2   0 0  1 0  0 0  1 0
    27  -.1267480513629582E-04   2   0 0  0 1  0 0  1 0
    28  -.6514978742445137E-05   2   1 0  0 0  0 0  0 1
    29  -.6820691557444378E-05   2   0 1  0 0  0 0  0 1
    30  0.4566992648585604E-04   2   0 0  1 0  0 0  0 1
    31  0.2535992298576734E-04   2   0 0  0 1  0 0  0 1
    32  -.2146286627843144       2   0 0  0 0  0 2  0 0
    33  0.1432783313687920       2   0 0  0 0  0 1  1 0
    34  0.7135032854705096E-01   2   0 0  0 0  0 0  2 0
    35  0.2867734744137086E-08   2   0 0  0 0  0 1  0 1
    36  0.8183258394018606E-09   2   0 0  0 0  0 0  1 1
    37  -.8175261475735287E-09   2   0 0  0 0  0 0  0 2
    38  0.9295111973722514E-01   3   3 0  0 0  0 0  0 0
    39  0.3069143964816718       3   2 1  0 0  0 0  0 0
    40  0.3264251173493213       3   1 2  0 0  0 0  0 0
    41  0.1131817606162433       3   0 3  0 0  0 0  0 0
    42  0.5456774584767089E-03   3   2 0  1 0  0 0  0 0
    43  0.9980695309002494E-03   3   1 1  1 0  0 0  0 0
    44  0.6221336278737833E-03   3   0 2  1 0  0 0  0 0
    45  0.5135478775195607E-01   3   1 0  2 0  0 0  0 0
    46  0.3121193893480153E-02   3   0 1  2 0  0 0  0 0
    47  0.1824007416799577E-03   3   0 0  3 0  0 0  0 0
    48  0.3860607131311195E-03   3   2 0  0 1  0 0  0 0
    49  0.6723759185079829E-03   3   1 1  0 1  0 0  0 0
    50  0.4184134607985356E-03   3   0 2  0 1  0 0  0 0
    51  0.9031897242810134E-02   3   1 0  1 1  0 0  0 0
    52  -.6748424458004035E-01   3   0 1  1 1  0 0  0 0
    53  0.5371644275995555E-03   3   0 0  2 1  0 0  0 0
    54  -.3457206192374835E-01   3   1 0  0 2  0 0  0 0
    55  -.6497632258960123E-01   3   0 1  0 2  0 0  0 0
    56  0.5168818741025997E-03   3   0 0  1 2  0 0  0 0
    57  0.1565766006340801E-03   3   0 0  0 3  0 0  0 0
    58  0.2932473455139509       3   2 0  0 0  0 1  0 0
    59   1.044012870318405       3   1 1  0 0  0 1  0 0
    60   1.228759056383954       3   0 2  0 0  0 1  0 0
    61  0.1851105777739395E-04   3   1 0  1 0  0 1  0 0
    62  0.3278289398463817E-04   3   0 1  1 0  0 1  0 0
    63  0.2008887590648509       3   0 0  2 0  0 1  0 0
    64  0.3271306284784686E-04   3   1 0  0 1  0 1  0 0
    65  0.4976155802081231E-04   3   0 1  0 1  0 1  0 0
    66  0.1972958211853145       3   0 0  1 1  0 1  0 0
    67  0.3567807563924696       3   0 0  0 2  0 1  0 0
    68  0.1065335776178043       3   2 0  0 0  0 0  1 0
    69  0.4799552728831379       3   1 1  0 0  0 0  1 0
    70  0.5884769215215706       3   0 2  0 0  0 0  1 0
    71  0.6217004050297671E-05   3   1 0  1 0  0 0  1 0
    72  0.1479204680351286E-04   3   0 1  1 0  0 0  1 0
    73  0.6029884724946742E-01   3   0 0  2 0  0 0  1 0
    74  0.1485295768077960E-04   3   1 0  0 1  0 0  1 0
    75  0.2764137106813777E-04   3   0 1  0 1  0 0  1 0
    76  0.1432139685521973       3   0 0  1 1  0 0  1 0
    77  0.1346063752719754       3   0 0  0 2  0 0  1 0
    78  -.3997812734685846       3   2 0  0 0  0 0  0 1
    79  -.9597986474223855       3   1 1  0 0  0 0  0 1
    80  -.5365344728682941       3   0 2  0 0  0 0  0 1
    81  -.2467504502006774E-04   3   1 0  1 0  0 0  0 1
    82  -.2950323496084553E-04   3   0 1  1 0  0 0  0 1
    83  -.2611877838055339       3   0 0  2 0  0 0  0 1
    84  -.2964612428116515E-04   3   1 0  0 1  0 0  0 1
    85  -.3313648977166770E-04   3   0 1  0 1  0 0  0 1
    86  -.2865483938040476       3   0 0  1 1  0 0  0 1
    87  -.4680284268981299E-01   3   0 0  0 2  0 0  0 1
    88  -.6082851027355533E-05   3   1 0  0 0  0 2  0 0
    89  -.1070530544859906E-04   3   0 1  0 0  0 2  0 0
    90  0.4221847539566712E-04   3   0 0  1 0  0 2  0 0
    91  0.3161234499748474E-04   3   0 0  0 1  0 2  0 0
    92  -.2358018184468059E-05   3   1 0  0 0  0 1  1 0
    93  -.6419840001990632E-05   3   0 1  0 0  0 1  1 0
    94  0.1427583203626066E-04   3   0 0  1 0  0 1  1 0
    95  0.2777742544689039E-04   3   0 0  0 1  0 1  1 0
    96  -.1180713541582962E-05   3   1 0  0 0  0 0  2 0
    97  -.3210632870088455E-05   3   0 1  0 0  0 0  2 0
    98  0.7151873830540639E-05   3   0 0  1 0  0 0  2 0
    99  0.1388191944416846E-04   3   0 0  0 1  0 0  2 0
   100  0.9618264209356486E-05   3   1 0  0 0  0 1  0 1
   101  0.1283788383665978E-04   3   0 1  0 0  0 1  0 1
   102  -.6363024208246135E-04   3   0 0  1 0  0 1  0 1
   103  -.5555905113880018E-04   3   0 0  0 1  0 1  0 1
   104  0.3107980596039010E-05   3   1 0  0 0  0 0  1 1
   105  0.6018477822482729E-05   3   0 1  0 0  0 0  1 1
   106  -.1799887776273061E-04   3   0 0  1 0  0 0  1 1
   107  -.3019375762593785E-04   3   0 0  0 1  0 0  1 1
   108  -.3105541024950506E-05   3   1 0  0 0  0 0  0 2
   109  -.2607505064965041E-05   3   0 1  0 0  0 0  0 2
   110  0.1798097153376455E-04   3   0 0  1 0  0 0  0 2
   111  0.1751780892995903E-04   3   0 0  0 1  0 0  0 2
   112  0.1788813496285586       3   0 0  0 0  0 3  0 0
   113  -.1073867923928771       3   0 0  0 0  0 2  1 0
   114  -.3589155518111586E-01   3   0 0  0 0  0 1  2 0
   115  -.3560303937728747E-01   3   0 0  0 0  0 0  3 0
   116  -.3051949117475028E-08   3   0 0  0 0  0 2  0 1
   117  0.8633087477769368E-11   3   0 0  0 0  0 1  1 1
   118  0.2249297912047864E-11   3   0 0  0 0  0 0  2 1
   119  0.4530823991841113E-09   3   0 0  0 0  0 1  0 2
   120  0.2880192961745658E-10   3   0 0  0 0  0 0  1 2
   121  0.9262667816745764E-10   3   0 0  0 0  0 0  0 3
   122  -1.096049863975886       4   4 0  0 0  0 0  0 0
   123  -5.689855463792471       4   3 1  0 0  0 0  0 0
   124  -11.36520878061081       4   2 2  0 0  0 0  0 0
   125  -10.26272163091860       4   1 3  0 0  0 0  0 0
   126  -3.776311835964065       4   0 4  0 0  0 0  0 0
   127  0.7159633825685951E-03   4   3 0  1 0  0 0  0 0
   128  0.3836540013252541E-02   4   2 1  1 0  0 0  0 0
   129  0.5110727877364589E-02   4   1 2  1 0  0 0  0 0
   130  0.2001644795169641E-02   4   0 3  1 0  0 0  0 0
   131  -3.663522397744988       4   2 0  2 0  0 0  0 0
   132  -7.253964526611298       4   1 1  2 0  0 0  0 0
   133  -4.373465707550037       4   0 2  2 0  0 0  0 0
   134  0.3125501304388062E-02   4   1 0  3 0  0 0  0 0
   135  0.2275916823102085E-02   4   0 1  3 0  0 0  0 0
   136  -.6841034624766581       4   0 0  4 0  0 0  0 0
   137  0.1427137745790341E-02   4   3 0  0 1  0 0  0 0
   138  0.5670611619304692E-02   4   2 1  0 1  0 0  0 0
   139  0.6719115147280122E-02   4   1 2  0 1  0 0  0 0
   140  0.2477639479337948E-02   4   0 3  0 1  0 0  0 0
   141  -5.338870019733802       4   2 0  1 1  0 0  0 0
   142  -9.817831193143290       4   1 1  1 1  0 0  0 0
   143  -5.712278955204012       4   0 2  1 1  0 0  0 0
   144  0.7307482749770515E-02   4   1 0  2 1  0 0  0 0
   145  0.5127311119530396E-02   4   0 1  2 1  0 0  0 0
   146  -2.288097147882371       4   0 0  3 1  0 0  0 0
   147  -1.787092905543944       4   2 0  0 2  0 0  0 0
   148  -3.449173458915482       4   1 1  0 2  0 0  0 0
   149  -2.519244869224275       4   0 2  0 2  0 0  0 0
   150  0.5486644106862280E-02   4   1 0  1 2  0 0  0 0
   151  0.3590756006816610E-02   4   0 1  1 2  0 0  0 0
   152  -2.932571758637092       4   0 0  2 2  0 0  0 0
   153  0.1259751809684509E-02   4   1 0  0 3  0 0  0 0
   154  0.6958423558806463E-03   4   0 1  0 3  0 0  0 0
   155  -1.640091863387259       4   0 0  1 3  0 0  0 0
   156  -.4425836927971538       4   0 0  0 4  0 0  0 0
   157  -.1536221414471566       4   3 0  0 0  0 1  0 0
   158  -.6311035724955307       4   2 1  0 0  0 1  0 0
   159  -.8134182694584329       4   1 2  0 0  0 1  0 0
   160  -.3336034768459646       4   0 3  0 0  0 1  0 0
   161  -.3302350784576295E-04   4   2 0  1 0  0 1  0 0
   162  -.5740048480763051E-03   4   1 1  1 0  0 1  0 0
   163  -.6961819484133085E-03   4   0 2  1 0  0 1  0 0
   164  -.6795443336504088E-01   4   1 0  2 0  0 1  0 0
   165  -.2163016975550100E-01   4   0 1  2 0  0 1  0 0
   166  -.1421782817566435E-03   4   0 0  3 0  0 1  0 0
   167  -.1279502267974769E-03   4   2 0  0 1  0 1  0 0
   168  -.3957102776778209E-03   4   1 1  0 1  0 1  0 0
   169  -.4252255575000314E-03   4   0 2  0 1  0 1  0 0
   170  -.4905923156540280E-01   4   1 0  1 1  0 1  0 0
   171  0.9913159104518246E-01   4   0 1  1 1  0 1  0 0
   172  -.5446489673227752E-03   4   0 0  2 1  0 1  0 0
   173  0.5118635914321217E-01   4   1 0  0 2  0 1  0 0
   174  0.1442306564739383       4   0 1  0 2  0 1  0 0
   175  -.8177845464591529E-03   4   0 0  1 2  0 1  0 0
   176  -.3654943737638532E-03   4   0 0  0 3  0 1  0 0
   177  -.6011531830247825E-01   4   3 0  0 0  0 0  1 0
   178  -.3217817379518902       4   2 1  0 0  0 0  1 0
   179  -.4837485027899597       4   1 2  0 0  0 0  1 0
   180  -.2189711392376925       4   0 3  0 0  0 0  1 0
   181  -.3820824315698387E-04   4   2 0  1 0  0 0  1 0
   182  -.6108428522993175E-03   4   1 1  1 0  0 0  1 0
   183  -.6351138972389206E-03   4   0 2  1 0  0 0  1 0
   184  -.1644192969440812E-01   4   1 0  2 0  0 0  1 0
   185  -.1786991557957037E-01   4   0 1  2 0  0 0  1 0
   186  -.9086091592404229E-04   4   0 0  3 0  0 0  1 0
   187  -.1763415436481975E-03   4   2 0  0 1  0 0  1 0
   188  -.5840381246591553E-03   4   1 1  0 1  0 0  1 0
   189  -.5030581078016193E-03   4   0 2  0 1  0 0  1 0
   190  -.3969161996164522E-01   4   1 0  1 1  0 0  1 0
   191  0.3259047580838618E-01   4   0 1  1 1  0 0  1 0
   192  -.3931967484222336E-03   4   0 0  2 1  0 0  1 0
   193  0.1681863771849707E-01   4   1 0  0 2  0 0  1 0
   194  0.7968371372270086E-01   4   0 1  0 2  0 0  1 0
   195  -.6131966279854153E-03   4   0 0  1 2  0 0  1 0
   196  -.2829074150946250E-03   4   0 0  0 3  0 0  1 0
   197  0.2129829616348767       4   3 0  0 0  0 0  0 1
   198  0.6420914937541380       4   2 1  0 0  0 0  0 1
   199  0.6383776743245981       4   1 2  0 0  0 0  0 1
   200  0.2099521810017311       4   0 3  0 0  0 0  0 1
   201  0.1731612281672048E-03   4   2 0  1 0  0 0  0 1
   202  0.5086523292938150E-03   4   1 1  1 0  0 0  0 1
   203  0.4398380734036584E-03   4   0 2  1 0  0 0  0 1
   204  0.8402212667991192E-01   4   1 0  2 0  0 0  0 1
   205  0.3513899142323297E-01   4   0 1  2 0  0 0  0 1
   206  0.2744011107216685E-03   4   0 0  3 0  0 0  0 1
   207  -.7401328710693919E-04   4   2 0  0 1  0 0  0 1
   208  -.1001766666598727E-03   4   1 1  0 1  0 0  0 1
   209  0.8403351333609108E-04   4   0 2  0 1  0 0  0 1
   210  0.7913952598339610E-01   4   1 0  1 1  0 0  0 1
   211  0.1481158983141795E-02   4   0 1  1 1  0 0  0 1
   212  0.5678736918989630E-03   4   0 0  2 1  0 0  0 1
   213  0.7024362069796997E-03   4   1 0  0 2  0 0  0 1
   214  -.3005050557457254E-01   4   0 1  0 2  0 0  0 1
   215  0.4283615982662260E-03   4   0 0  1 2  0 0  0 1
   216  0.1436539169766140E-03   4   0 0  0 3  0 0  0 1
   217  -.3800550579586152       4   2 0  0 0  0 2  0 0
   218  -1.515058212006091       4   1 1  0 0  0 2  0 0
   219  -1.855307111665731       4   0 2  0 0  0 2  0 0
   220  -.2577129970090422E-04   4   1 0  1 0  0 2  0 0
   221  -.5665995862628022E-04   4   0 1  1 0  0 2  0 0
   222  -.2413090026814213       4   0 0  2 0  0 2  0 0
   223  -.5760994637545632E-04   4   1 0  0 1  0 2  0 0
   224  -.9857233456977732E-04   4   0 1  0 1  0 2  0 0
   225  -.3544988253906819       4   0 0  1 1  0 2  0 0
   226  -.4934334521458694       4   0 0  0 2  0 2  0 0
   227  -.1736304845769439       4   2 0  0 0  0 1  1 0
   228  -.9420442945304176       4   1 1  0 0  0 1  1 0
   229  -1.252960601998003       4   0 2  0 0  0 1  1 0
   230  -.1024663204963742E-04   4   1 0  1 0  0 1  1 0
   231  -.3186441700219873E-04   4   0 1  1 0  0 1  1 0
   232  -.8091929999656736E-01   4   0 0  2 0  0 1  1 0
   233  -.3285801891397677E-04   4   1 0  0 1  0 1  1 0
   234  -.7131692050491693E-04   4   0 1  0 1  0 1  1 0
   235  -.3144148966287846       4   0 0  1 1  0 1  1 0
   236  -.2733217212697334       4   0 0  0 2  0 1  1 0
   237  -.8689537826665042E-01   4   2 0  0 0  0 0  2 0
   238  -.4710894654280134       4   1 1  0 0  0 0  2 0
   239  -.6264624541688752       4   0 2  0 0  0 0  2 0
   240  -.5170484533855970E-05   4   1 0  1 0  0 0  2 0
   241  -.1598016451755830E-04   4   0 1  1 0  0 0  2 0
   242  -.4054011226003558E-01   4   0 0  2 0  0 0  2 0
   243  -.1646423660685039E-04   4   1 0  0 1  0 0  2 0
   244  -.3566869273528788E-04   4   0 1  0 1  0 0  2 0
   245  -.1571283333521261       4   0 0  1 1  0 0  2 0
   246  -.1367165887998595       4   0 0  0 2  0 0  2 0
   247  0.6404497316644511       4   2 0  0 0  0 1  0 1
   248   1.884047030406957       4   1 1  0 0  0 1  0 1
   249   1.277252485679106       4   0 2  0 0  0 1  0 1
   250  0.3323968215452061E-04   4   1 0  1 0  0 1  0 1
   251  0.5752580130264452E-04   4   0 1  1 0  0 1  0 1
   252  0.3626726697784707       4   0 0  2 0  0 1  0 1
   253  0.5913592486559177E-04   4   1 0  0 1  0 1  0 1
   254  0.8458900932219196E-04   4   0 1  0 1  0 1  0 1
   255  0.6288704656031927       4   0 0  1 1  0 1  0 1
   256  0.1898723319338668       4   0 0  0 2  0 1  0 1
   257  0.2408694212419105       4   2 0  0 0  0 0  1 1
   258  0.9242726098645009       4   1 1  0 0  0 0  1 1
   259  0.7404325413964218       4   0 2  0 0  0 0  1 1
   260  0.1132677423067833E-04   4   1 0  1 0  0 0  1 1
   261  0.2676303875326401E-04   4   0 1  1 0  0 0  1 1
   262  0.1017076814534312       4   0 0  2 0  0 0  1 1
   263  0.2784625452770804E-04   4   1 0  0 1  0 0  1 1
   264  0.4677843592413374E-04   4   0 1  0 1  0 0  1 1
   265  0.3422608249588190       4   0 0  1 1  0 0  1 1
   266  0.1429461057040488       4   0 0  0 2  0 0  1 1
   267  -.2407528122108122       4   2 0  0 0  0 0  0 2
   268  -.4443307800754787       4   1 1  0 0  0 0  0 2
   269  -.2040263442053561       4   0 2  0 0  0 0  0 2
   270  -.8914974495753336E-05   4   1 0  1 0  0 0  0 2
   271  -.8013912330922431E-05   4   0 1  1 0  0 0  0 2
   272  -.1016038938080222       4   0 0  2 0  0 0  0 2
   273  -.8675219712931053E-05   4   1 0  0 1  0 0  0 2
   274  -.7858376472463491E-05   4   0 1  0 1  0 0  0 2
   275  -.1990314393679617       4   0 0  1 1  0 0  0 2
   276  -.9621175546991670E-01   4   0 0  0 2  0 0  0 2
   277  -.1053375188880519E-03   4   1 0  0 0  0 3  0 0
   278  -.1940116395673809E-03   4   0 1  0 0  0 3  0 0
   279  -.5301196439006566E-04   4   0 0  1 0  0 3  0 0
   280  -.3901118347084551E-04   4   0 0  0 1  0 3  0 0
   281  -.5291693481437441E-04   4   1 0  0 0  0 2  1 0
   282  -.9419780452230157E-04   4   0 1  0 0  0 2  1 0
   283  -.1747657540429158E-04   4   0 0  1 0  0 2  1 0
   284  -.3941354870248407E-04   4   0 0  0 1  0 2  1 0
   285  -.3299934733050752E-04   4   1 0  0 0  0 1  2 0
   286  -.5835045079026357E-04   4   0 1  0 0  0 1  2 0
   287  -.9717710557871958E-05   4   0 0  1 0  0 1  2 0
   288  -.2672069101476342E-04   4   0 0  0 1  0 1  2 0
   289  -.1766368086272099E-04   4   1 0  0 0  0 0  3 0
   290  -.3144791954111528E-04   4   0 1  0 0  0 0  3 0
   291  -.5846920370670347E-05   4   0 0  1 0  0 0  3 0
   292  -.1312881118139537E-04   4   0 0  0 1  0 0  3 0
   293  0.9116066606282732E-04   4   1 0  0 0  0 2  0 1
   294  0.7546179673801728E-04   4   0 1  0 0  0 2  0 1
   295  0.5971689402707945E-04   4   0 0  1 0  0 2  0 1
   296  0.8816085899862459E-04   4   0 0  0 1  0 2  0 1
   297  0.4620134269813095E-04   4   1 0  0 0  0 1  1 1
   298  0.3907468658968082E-04   4   0 1  0 0  0 1  1 1
   299  0.1574368142386145E-04   4   0 0  1 0  0 1  1 1
   300  0.5905158173595505E-04   4   0 0  0 1  0 1  1 1
   301  0.2311519904888966E-04   4   1 0  0 0  0 0  2 1
   302  0.1954847391038052E-04   4   0 1  0 0  0 0  2 1
   303  0.7896217607862523E-05   4   0 0  1 0  0 0  2 1
   304  0.2952580857758369E-04   4   0 0  0 1  0 0  2 1
   305  -.2826571088459705E-06   4   1 0  0 0  0 1  0 2
   306  0.1337943462079934E-05   4   0 1  0 0  0 1  0 2
   307  -.8160124277433803E-05   4   0 0  1 0  0 1  0 2
   308  -.1729835540227885E-04   4   0 0  0 1  0 1  0 2
   309  -.2151279406859630E-05   4   1 0  0 0  0 0  1 2
   310  -.4192004050468899E-06   4   0 1  0 0  0 0  1 2
   311  -.5550200246232329E-07   4   0 0  1 0  0 0  1 2
   312  -.8823848842872557E-05   4   0 0  0 1  0 0  1 2
   313  -.3755694144124958E-07   4   1 0  0 0  0 0  0 3
   314  -.9082202783941200E-08   4   0 1  0 0  0 0  0 3
   315  -.2102618691270329E-05   4   0 0  1 0  0 0  0 3
   316  -.1902420682559945E-05   4   0 0  0 1  0 0  0 3
   317  -.1565302500860630       4   0 0  0 0  0 4  0 0
   318  0.8947684462344520E-01   4   0 0  0 0  0 3  1 0
   319  0.2686485611308281E-01   4   0 0  0 0  0 2  2 0
   320  0.1798162757560553E-01   4   0 0  0 0  0 1  3 0
   321  0.2220686185704972E-01   4   0 0  0 0  0 0  4 0
   322  0.4191180125154410E-08   4   0 0  0 0  0 3  0 1
   323  0.2406427945947472E-08   4   0 0  0 0  0 2  1 1
   324  0.1947103809253329E-08   4   0 0  0 0  0 1  2 1
   325  0.6768722273196473E-09   4   0 0  0 0  0 0  3 1
   326  -.5362642240324443E-09   4   0 0  0 0  0 2  0 2
   327  -.7249281828178132E-10   4   0 0  0 0  0 1  1 2
   328  -.3856104824637233E-10   4   0 0  0 0  0 0  2 2
   329  -.1759172926101242E-09   4   0 0  0 0  0 1  0 3
   330  -.8330301072561508E-10   4   0 0  0 0  0 0  1 3
   331  -.7117949508097487E-11   4   0 0  0 0  0 0  0 4
   ----------------------------------------------------
     I  COEFFICIENT            ORDER EXPONENTS
     1   1.000000000000000       1   0 0  0 0  0 1  0 0
     --------------------------------------------------
     I  COEFFICIENT            ORDER EXPONENTS
     1   1.000000000000000       1   0 0  0 0  0 0  1 0
     --------------------------------------------------
     I  COEFFICIENT            ORDER EXPONENTS
     1   1.000000000000000       1   0 0  0 0  0 0  0 1
     --------------------------------------------------
