 L    0.1145458000000000E+01
 P (  0.0000000000000000E+00,  0.0000000000000000E+00,  0.9555200000000000E-01)
 A (  0.0000000000000000E+00,  0.0000000000000000E+00,  0.0000000000000000E+00)
     I  COEFFICIENT            ORDER EXPONENTS
     1  0.9462295908712350E-04   0   0 0  0 0  0 0  0 0
     2   1.461538740577579       1   1 0  0 0  0 0  0 0
     3   1.555304513214589       1   0 1  0 0  0 0  0 0
     4  0.1380183474209002E-04   1   0 0  1 0  0 0  0 0
     5  0.1212993325164550E-04   1   0 0  0 1  0 0  0 0
     6  -.8431895903377221E-06   1   0 0  0 0  0 1  0 0
     7  -.8420548655253323E-06   1   0 0  0 0  0 0  1 0
     8  0.1685244457407441E-05   1   0 0  0 0  0 0  0 1
     9  -.1121233330835666       2   2 0  0 0  0 0  0 0
    10  -.2005509514269123       2   1 1  0 0  0 0  0 0
    11  -.9015999349969336E-01   2   0 2  0 0  0 0  0 0
    12  0.4513610453158489E-03   2   1 0  1 0  0 0  0 0
    13  0.1360930136840017E-03   2   0 1  1 0  0 0  0 0
    14  0.8745592642720221E-01   2   0 0  2 0  0 0  0 0
    15  0.4324912506264840E-03   2   1 0  0 1  0 0  0 0
    16  0.1843017979532857E-03   2   0 1  0 1  0 0  0 0
    17  0.1562074177143998       2   0 0  1 1  0 0  0 0
    18  0.7030061951629071E-01   2   0 0  0 2  0 0  0 0
    19  -.2452650777972768       2   1 0  0 0  0 1  0 0
    20  -.9952046115612414       2   0 1  0 0  0 1  0 0
    21  -.7430260756868868E-05   2   0 0  1 0  0 1  0 0
    22  -.1263549328133101E-04   2   0 0  0 1  0 1  0 0
    23  -.2449350116145206       2   1 0  0 0  0 0  1 0
    24  -.9938653120973723       2   0 1  0 0  0 0  1 0
    25  -.7420261462118326E-05   2   0 0  1 0  0 0  1 0
    26  -.1261848902996318E-04   2   0 0  0 1  0 0  1 0
    27  0.4902000894353661       2   1 0  0 0  0 0  0 1
    28  0.4337654104679587       2   0 1  0 0  0 0  0 1
    29  0.1485050473698673E-04   2   0 0  1 0  0 0  0 1
    30  0.1312403231723772E-04   2   0 0  0 1  0 0  0 1
    31  0.5187653038008194E-06   2   0 0  0 0  0 2  0 0
    32  0.1952276358912688E-06   2   0 0  0 0  0 1  1 0
    33  0.5179358097580491E-06   2   0 0  0 0  0 0  2 0
    34  -.3896265870137755E-06   2   0 0  0 0  0 1  0 1
    35  -.3891022459154405E-06   2   0 0  0 0  0 0  1 1
    36  -.4532537195961020E-06   2   0 0  0 0  0 0  0 2
    37  0.7612431197816317       3   3 0  0 0  0 0  0 0
    38   4.354868608110854       3   2 1  0 0  0 0  0 0
    39   6.519407039941343       3   1 2  0 0  0 0  0 0
    40   3.673862812870256       3   0 3  0 0  0 0  0 0
    41  -.9116916347396328E-02   3   2 0  1 0  0 0  0 0
    42  -.1614751659966218E-01   3   1 1  1 0  0 0  0 0
    43  -.7166697013841269E-02   3   0 2  1 0  0 0  0 0
    44  -1.142933034156286       3   1 0  2 0  0 0  0 0
    45  0.2467428644637630       3   0 1  2 0  0 0  0 0
    46  0.2348454944829604E-02   3   0 0  3 0  0 0  0 0
    47  -.8241296297819837E-02   3   2 0  0 1  0 0  0 0
    48  -.1470413554072047E-01   3   1 1  0 1  0 0  0 0
    49  -.6568810255083199E-02   3   0 2  0 1  0 0  0 0
    50  -3.012417089358740       3   1 0  1 1  0 0  0 0
    51  -.8491679256370281       3   0 1  1 1  0 0  0 0
    52  0.6283182355310581E-02   3   0 0  2 1  0 0  0 0
    53  -1.288373598084434       3   1 0  0 2  0 0  0 0
    54  0.2658556447200283       3   0 1  0 2  0 0  0 0
    55  0.5657111741476392E-02   3   0 0  1 2  0 0  0 0
    56  0.1720557667845343E-02   3   0 0  0 3  0 0  0 0
    57  0.6642455999043370E-01   3   2 0  0 0  0 1  0 0
    58  0.2188595158321026       3   1 1  0 0  0 1  0 0
    59  0.1433256046691991       3   0 2  0 0  0 1  0 0
    60  -.2879951099072070E-03   3   1 0  1 0  0 1  0 0
    61  -.1667887450771266E-03   3   0 1  1 0  0 1  0 0
    62  -.4135152714678188E-01   3   0 0  2 0  0 1  0 0
    63  -.5282939466401517E-03   3   1 0  0 1  0 1  0 0
    64  -.3418017651512955E-03   3   0 1  0 1  0 1  0 0
    65  -.1516216939550760       3   0 0  1 1  0 1  0 0
    66  -.1032787980624452       3   0 0  0 2  0 1  0 0
    67  0.6633516894807961E-01   3   2 0  0 0  0 0  1 0
    68  0.2185649850101873       3   1 1  0 0  0 0  1 0
    69  0.1431327238251370       3   0 2  0 0  0 0  1 0
    70  -.2876075396610344E-03   3   1 0  1 0  0 0  1 0
    71  -.1665642886444841E-03   3   0 1  1 0  0 0  1 0
    72  -.4129587821037785E-01   3   0 0  2 0  0 0  1 0
    73  -.5275829935443956E-03   3   1 0  0 1  0 0  1 0
    74  -.3413417844443151E-03   3   0 1  0 1  0 0  1 0
    75  -.1514176486250345       3   0 0  1 1  0 0  1 0
    76  -.1031398103233740       3   0 0  0 2  0 0  1 0
    77  -.1327599420365722       3   2 0  0 0  0 0  0 1
    78  -.2368738966372328       3   1 1  0 0  0 0  0 1
    79  -.1061384817475263       3   0 2  0 0  0 0  0 1
    80  0.5750112837683724E-03   3   1 0  1 0  0 0  0 1
    81  0.1966525555230647E-03   3   0 1  1 0  0 0  0 1
    82  0.8264753926942305E-01   3   0 0  2 0  0 0  0 1
    83  0.6227706423701912E-03   3   1 0  0 1  0 0  0 1
    84  0.3139054714695902E-03   3   0 1  0 1  0 0  0 1
    85  0.1468321345515934       3   0 0  1 1  0 0  0 1
    86  0.6581744995704285E-01   3   0 0  0 2  0 0  0 1
    87  0.1912575465110895       3   1 0  0 0  0 2  0 0
    88  0.8609524420696943       3   0 1  0 0  0 2  0 0
    89  0.5850878332510823E-05   3   0 0  1 0  0 2  0 0
    90  0.1303814350796883E-04   3   0 0  0 1  0 2  0 0
    91  0.1373950072738776       3   1 0  0 0  0 1  1 0
    92  0.7270599812384784       3   0 1  0 0  0 1  1 0
    93  0.4223828578311147E-05   3   0 0  1 0  0 1  1 0
    94  0.1338088634050999E-04   3   0 0  0 1  0 1  1 0
    95  0.1909077112558582       3   1 0  0 0  0 0  2 0
    96  0.8593045913196411       3   0 1  0 0  0 0  2 0
    97  0.5840162381556988E-05   3   0 0  1 0  0 0  2 0
    98  0.1301159370581809E-04   3   0 0  0 1  0 0  2 0
    99  -.2746453339523429       3   1 0  0 0  0 1  0 1
   100  -.4585563420371113       3   0 1  0 0  0 1  0 1
   101  -.8404233630023877E-05   3   0 0  1 0  0 1  0 1
   102  -.1403930422114269E-04   3   0 0  0 1  0 1  0 1
   103  -.2742757292054979       3   1 0  0 0  0 0  1 1
   104  -.4579392385230111       3   0 1  0 0  0 0  1 1
   105  -.8392923608482421E-05   3   0 0  1 0  0 0  1 1
   106  -.1402041078717139E-04   3   0 0  0 1  0 0  1 1
   107  0.2936057364301796E-01   3   1 0  0 0  0 0  0 2
   108  0.2448248023593859E-01   3   0 1  0 0  0 0  0 2
   109  0.9256787370236433E-06   3   0 0  1 0  0 0  0 2
   110  0.8700942537681275E-06   3   0 0  0 1  0 0  0 2
   111  -.3543991842983974E-06   3   0 0  0 0  0 3  0 0
   112  -.2598821025789210E-07   3   0 0  0 0  0 2  1 0
   113  -.2665018752276998E-07   3   0 0  0 0  0 1  2 0
   114  -.3536663208293474E-06   3   0 0  0 0  0 0  3 0
   115  0.5146882952925314E-07   3   0 0  0 0  0 2  0 1
   116  -.2856750959087776E-06   3   0 0  0 0  0 1  1 1
   117  0.5159178917389039E-07   3   0 0  0 0  0 0  2 1
   118  0.4809826504734380E-06   3   0 0  0 0  0 1  0 2
   119  0.4803353666903488E-06   3   0 0  0 0  0 0  1 2
   120  -.1829351075279888E-07   3   0 0  0 0  0 0  0 3
   121  -12.04123064167853       4   4 0  0 0  0 0  0 0
   122  -44.42470841711024       4   3 1  0 0  0 0  0 0
   123  -61.86264199026590       4   2 2  0 0  0 0  0 0
   124  -38.61995856785157       4   1 3  0 0  0 0  0 0
   125  -9.135664456756079       4   0 4  0 0  0 0  0 0
   126  -.6267368042129370E-02   4   3 0  1 0  0 0  0 0
   127  -.1656409594735755E-01   4   2 1  1 0  0 0  0 0
   128  -.1524247450728877E-01   4   1 2  1 0  0 0  0 0
   129  -.4900650566390827E-02   4   0 3  1 0  0 0  0 0
   130   53.40829348661755       4   2 0  2 0  0 0  0 0
   131   94.73707623010185       4   1 1  2 0  0 0  0 0
   132   42.37072484843212       4   0 2  2 0  0 0  0 0
   133  0.4796197747992585E-02   4   1 0  3 0  0 0  0 0
   134  0.4310962065482002E-02   4   0 1  3 0  0 0  0 0
   135  -6.955733213041240       4   0 0  4 0  0 0  0 0
   136  -.5753358046267936E-02   4   3 0  0 1  0 0  0 0
   137  -.1492015425447140E-01   4   2 1  0 1  0 0  0 0
   138  -.1296376959808234E-01   4   1 2  0 1  0 0  0 0
   139  -.3812703127453371E-02   4   0 3  0 1  0 0  0 0
   140   97.31518670041908       4   2 0  1 1  0 0  0 0
   141   173.8939965054097       4   1 1  1 1  0 0  0 0
   142   78.41013349050093       4   0 2  1 1  0 0  0 0
   143  0.1241163570174158E-01   4   1 0  2 1  0 0  0 0
   144  0.1110377374773872E-01   4   0 1  2 1  0 0  0 0
   145  -24.59903201275847       4   0 0  3 1  0 0  0 0
   146   44.53044569163819       4   2 0  0 2  0 0  0 0
   147   80.06110766737530       4   1 1  0 2  0 0  0 0
   148   36.34896337993430       4   0 2  0 2  0 0  0 0
   149  0.1066864829380735E-01   4   1 0  1 2  0 0  0 0
   150  0.9482733978747092E-02   4   0 1  1 2  0 0  0 0
   151  -32.83017284783864       4   0 0  2 2  0 0  0 0
   152  0.3377853616776328E-02   4   1 0  0 3  0 0  0 0
   153  0.2955152238406040E-02   4   0 1  0 3  0 0  0 0
   154  -19.52240912577046       4   0 0  1 3  0 0  0 0
   155  -4.347142898650950       4   0 0  0 4  0 0  0 0
   156  -1.205405248595449       4   3 0  0 0  0 1  0 0
   157  -7.342916103286282       4   2 1  0 0  0 1  0 0
   158  -13.17447508921990       4   1 2  0 0  0 1  0 0
   159  -8.303623745247373       4   0 3  0 0  0 1  0 0
   160  0.1148080481175641E-02   4   2 0  1 0  0 1  0 0
   161  0.9143272599327545E-02   4   1 1  1 0  0 1  0 0
   162  0.7141290399314689E-02   4   0 2  1 0  0 1  0 0
   163  0.8210978608896151       4   1 0  2 0  0 1  0 0
   164  -.1758416099317972       4   0 1  2 0  0 1  0 0
   165  -.3389983709780598E-03   4   0 0  3 0  0 1  0 0
   166  0.4602794399681358E-02   4   2 0  0 1  0 1  0 0
   167  0.1458740370697015E-01   4   1 1  0 1  0 1  0 0
   168  0.9293982022230250E-02   4   0 2  0 1  0 1  0 0
   169   3.974854918528311       4   1 0  1 1  0 1  0 0
   170   1.883610212538960       4   0 1  1 1  0 1  0 0
   171  -.3738149352627115E-02   4   0 0  2 1  0 1  0 0
   172   2.565044830423216       4   1 0  0 2  0 1  0 0
   173  0.2124667906363031       4   0 1  0 2  0 1  0 0
   174  -.5896558685794823E-02   4   0 0  1 2  0 1  0 0
   175  -.2563692962860751E-02   4   0 0  0 3  0 1  0 0
   176  -1.203783071020728       4   3 0  0 0  0 0  1 0
   177  -7.333034352854318       4   2 1  0 0  0 0  1 0
   178  -13.15674550153655       4   1 2  0 0  0 0  1 0
   179  -8.292449119747335       4   0 3  0 0  0 0  1 0
   180  0.1146535448571226E-02   4   2 0  1 0  0 0  1 0
   181  0.9130968013970866E-02   4   1 1  1 0  0 0  1 0
   182  0.7131679987252643E-02   4   0 2  1 0  0 0  1 0
   183  0.8199928660854370       4   1 0  2 0  0 0  1 0
   184  -.1756049705802746       4   0 1  2 0  0 0  1 0
   185  -.3385421629468370E-03   4   0 0  3 0  0 0  1 0
   186  0.4596600175900447E-02   4   2 0  0 1  0 0  1 0
   187  0.1456777266654181E-01   4   1 1  0 1  0 0  1 0
   188  0.9281474619234922E-02   4   0 2  0 1  0 0  1 0
   189   3.969505746107391       4   1 0  1 1  0 0  1 0
   190   1.881075338686411       4   0 1  1 1  0 0  1 0
   191  -.3733118727401226E-02   4   0 0  2 1  0 0  1 0
   192   2.561592913976812       4   1 0  0 2  0 0  1 0
   193  0.2121808628426813       4   0 1  0 2  0 0  1 0
   194  -.5888623375010666E-02   4   0 0  1 2  0 0  1 0
   195  -.2560242865693996E-02   4   0 0  0 3  0 0  1 0
   196   2.407598125659782       4   3 0  0 0  0 0  0 1
   197   10.31610892270815       4   2 1  0 0  0 0  0 1
   198   13.28720237373226       4   1 2  0 0  0 0  0 1
   199   5.572661842088305       4   0 3  0 0  0 0  0 1
   200  0.5839301203808230E-03   4   2 0  1 0  0 0  0 1
   201  0.1315753822200259E-02   4   1 1  1 0  0 0  0 1
   202  0.7465789082807903E-03   4   0 2  1 0  0 0  0 1
   203  -1.638211892645036       4   1 0  2 0  0 0  0 1
   204  0.1076422598597704       4   0 1  2 0  0 0  0 1
   205  -.5254930657978931E-04   4   0 0  3 0  0 0  0 1
   206  0.6788405773053363E-03   4   2 0  0 1  0 0  0 1
   207  0.1457287137174572E-02   4   1 1  0 1  0 0  0 1
   208  0.8007066353687230E-03   4   0 2  0 1  0 0  0 1
   209  -4.925985141553021       4   1 0  1 1  0 0  0 1
   210  -2.060236440362023       4   0 1  1 1  0 0  0 1
   211  -.1637560931258603E-03   4   0 0  2 1  0 0  0 1
   212  -2.546794991957984       4   1 0  0 2  0 0  0 1
   213  -1.219024521030400       4   0 1  0 2  0 0  0 1
   214  -.1507452106648286E-03   4   0 0  1 2  0 0  0 1
   215  -.3356691202830522E-04   4   0 0  0 3  0 0  0 1
   216  -.5634131065220675E-01   4   2 0  0 0  0 2  0 0
   217  -.2355415204210046       4   1 1  0 0  0 2  0 0
   218  -.1891494967844254       4   0 2  0 0  0 2  0 0
   219  -.2417050909595200E-04   4   1 0  1 0  0 2  0 0
   220  0.8592618431112195E-04   4   0 1  1 0  0 2  0 0
   221  0.2960253474975940E-01   4   0 0  2 0  0 2  0 0
   222  0.4171079115485864E-03   4   1 0  0 1  0 2  0 0
   223  0.4980564881362157E-03   4   0 1  0 1  0 2  0 0
   224  0.1478839775797930       4   0 0  1 1  0 2  0 0
   225  0.1267139729235657       4   0 0  0 2  0 2  0 0
   226  -.4550668989561656E-01   4   2 0  0 0  0 1  1 0
   227  -.2503694172280933       4   1 1  0 0  0 1  1 0
   228  -.2336002722559524       4   0 2  0 0  0 1  1 0
   229  -.8102183589678297E-04   4   1 0  1 0  0 1  1 0
   230  0.8782844880084038E-04   4   0 1  1 0  0 1  1 0
   231  0.1827833041037986E-01   4   0 0  2 0  0 1  1 0
   232  0.4834517922117311E-03   4   1 0  0 1  0 1  1 0
   233  0.6501657687116025E-03   4   0 1  0 1  0 1  1 0
   234  0.1447336759763309       4   0 0  1 1  0 1  1 0
   235  0.1503826382511025       4   0 0  0 2  0 1  1 0
   236  -.5623486879230172E-01   4   2 0  0 0  0 0  2 0
   237  -.2350560720624063       4   1 1  0 0  0 0  2 0
   238  -.1887377641873577       4   0 2  0 0  0 0  2 0
   239  -.2408346387976716E-04   4   1 0  1 0  0 0  2 0
   240  0.8575145120827785E-04   4   0 1  1 0  0 0  2 0
   241  0.2955039799579322E-01   4   0 0  2 0  0 0  2 0
   242  0.4162212840600149E-03   4   1 0  0 1  0 0  2 0
   243  0.4969487459619375E-03   4   0 1  0 1  0 0  2 0
   244  0.1475875744122633       4   0 0  1 1  0 0  2 0
   245  0.1264422582969930       4   0 0  0 2  0 0  2 0
   246  0.9003814861441777E-01   4   2 0  0 0  0 1  0 1
   247  0.2790312842468153       4   1 1  0 0  0 1  0 1
   248  0.1780324507878055       4   0 2  0 0  0 1  0 1
   249  0.1424398417496237E-03   4   1 0  1 0  0 1  0 1
   250  0.7955043640612804E-04   4   0 1  1 0  0 1  0 1
   251  -.3687980377502170E-01   4   0 0  2 0  0 1  0 1
   252  -.2999224838777147E-03   4   1 0  0 1  0 1  0 1
   253  -.2576995998865501E-03   4   0 1  0 1  0 1  0 1
   254  -.1382946570319556       4   0 0  1 1  0 1  0 1
   255  -.9467609352423069E-01   4   0 0  0 2  0 1  0 1
   256  0.8991697951736363E-01   4   2 0  0 0  0 0  1 1
   257  0.2786557770947650       4   1 1  0 0  0 0  1 1
   258  0.1777928631059141       4   0 2  0 0  0 0  1 1
   259  0.1422481529235543E-03   4   1 0  1 0  0 0  1 1
   260  0.7944338117789492E-04   4   0 1  1 0  0 0  1 1
   261  -.3683017267318646E-01   4   0 0  2 0  0 0  1 1
   262  -.2995188623337694E-03   4   1 0  0 1  0 0  1 1
   263  -.2573527999099842E-03   4   0 1  0 1  0 0  1 1
   264  -.1381085466001239       4   0 0  1 1  0 0  1 1
   265  -.9454868289949570E-01   4   0 0  0 2  0 0  1 1
   266  -.2262019541058673E-01   4   2 0  0 0  0 0  0 2
   267  -.3974707159685354E-01   4   1 1  0 0  0 0  0 2
   268  -.1745397875164210E-01   4   0 2  0 0  0 0  0 2
   269  -.2056307164627621E-03   4   1 0  1 0  0 0  0 2
   270  -.2085850405813781E-03   4   0 1  1 0  0 0  0 2
   271  -.4082002582700182E-02   4   0 0  2 0  0 0  0 2
   272  -.1525545587370496E-03   4   1 0  0 1  0 0  0 2
   273  -.1606025044612365E-03   4   0 1  0 1  0 0  0 2
   274  -.8090252882012315E-02   4   0 0  1 1  0 0  0 2
   275  -.3915070670902120E-02   4   0 0  0 2  0 0  0 2
   276  -.1643649711424506       4   1 0  0 0  0 3  0 0
   277  -.7970141190982781       4   0 1  0 0  0 3  0 0
   278  -.8086224400689665E-05   4   0 0  1 0  0 3  0 0
   279  -.1685803986712038E-04   4   0 0  0 1  0 3  0 0
   280  -.1106076007271129       4   1 0  0 0  0 2  1 0
   281  -.6692065049687274       4   0 1  0 0  0 2  1 0
   282  -.5344953841689184E-05   4   0 0  1 0  0 2  1 0
   283  -.1646691289286106E-04   4   0 0  0 1  0 2  1 0
   284  -.1107156704205585       4   1 0  0 0  0 1  2 0
   285  -.6694623360147482       4   0 1  0 0  0 1  2 0
   286  -.5350465483934664E-05   4   0 0  1 0  0 1  2 0
   287  -.1646765663708456E-04   4   0 0  0 1  0 1  2 0
   288  -.1639588543047226       4   1 0  0 0  0 0  3 0
   289  -.7949555567058668       4   0 1  0 0  0 0  3 0
   290  -.8066309667482793E-05   4   0 0  1 0  0 0  3 0
   291  -.1681294446787349E-04   4   0 0  0 1  0 0  3 0
   292  0.2211749279167304       4   1 0  0 0  0 2  0 1
   293  0.4773769801294377       4   0 1  0 0  0 2  0 1
   294  0.9729117357741834E-05   4   0 0  1 0  0 2  0 1
   295  0.1801972665809415E-04   4   0 0  0 1  0 2  0 1
   296  0.1678433653842716       4   1 0  0 0  0 1  1 1
   297  0.4961415453758482       4   0 1  0 0  0 1  1 1
   298  0.7031726271289640E-05   4   0 0  1 0  0 1  1 1
   299  0.1774128109307842E-04   4   0 0  0 1  0 1  1 1
   300  0.2207643432768796       4   1 0  0 0  0 0  2 1
   301  0.4764007067328660       4   0 1  0 0  0 0  2 1
   302  0.9711292887291615E-05   4   0 0  1 0  0 0  2 1
   303  0.1798353886920931E-04   4   0 0  0 1  0 0  2 1
   304  -.3044415878211151E-01   4   1 0  0 0  0 1  0 2
   305  -.3760569567418708E-01   4   0 1  0 0  0 1  0 2
   306  -.2975482577859286E-06   4   0 0  1 0  0 1  0 2
   307  -.6443552913089223E-06   4   0 0  0 1  0 1  0 2
   308  -.3040318846800696E-01   4   1 0  0 0  0 0  1 2
   309  -.3755508770124462E-01   4   0 1  0 0  0 0  1 2
   310  -.2971478313635934E-06   4   0 0  1 0  0 0  1 2
   311  -.6434881483253186E-06   4   0 0  0 1  0 0  1 2
   312  0.7083041890492408E-03   4   1 0  0 0  0 0  0 3
   313  0.5707404553320967E-03   4   0 1  0 0  0 0  0 3
   314  0.4602542672957936E-07   4   0 0  1 0  0 0  0 3
   315  0.3716004459252155E-07   4   0 0  0 1  0 0  0 3
   316  -.3153726588072595E-04   4   0 0  0 0  0 4  0 0
   317  -.2087961144373952E-04   4   0 0  0 0  0 3  1 0
   318  -.1946851525637300E-04   4   0 0  0 0  0 2  2 0
   319  -.2091006243041381E-04   4   0 0  0 0  0 1  3 0
   320  -.3143839007417564E-04   4   0 0  0 0  0 0  4 0
   321  0.6595603435777670E-05   4   0 0  0 0  0 3  0 1
   322  0.6882622892184540E-05   4   0 0  0 0  0 2  1 1
   323  0.6882025588838791E-05   4   0 0  0 0  0 1  2 1
   324  0.6577664443048449E-05   4   0 0  0 0  0 0  3 1
   325  -.3852405998950452E-06   4   0 0  0 0  0 2  0 2
   326  -.4775438777018452E-06   4   0 0  0 0  0 1  1 2
   327  -.3844008332291071E-06   4   0 0  0 0  0 0  2 2
   328  0.7756108194024879E-08   4   0 0  0 0  0 1  0 3
   329  0.7745670389150073E-08   4   0 0  0 0  0 0  1 3
   330  -.2768768791937706E-14   4   0 0  0 0  0 0  0 4
   ----------------------------------------------------
     I  COEFFICIENT            ORDER EXPONENTS
     1  0.3389547517576327E-04   0   0 0  0 0  0 0  0 0
     2   2.160425824174011       1   1 0  0 0  0 0  0 0
     3   2.983239454207736       1   0 1  0 0  0 0  0 0
     4  0.6181191454764173E-04   1   0 0  1 0  0 0  0 0
     5  0.5680148423096431E-04   1   0 0  0 1  0 0  0 0
     6  0.1060443609603410E-05   1   0 0  0 0  0 1  0 0
     7  0.1059016514570247E-05   1   0 0  0 0  0 0  1 0
     8  0.3177601505864553E-04   1   0 0  0 0  0 0  0 1
     9  -.5489699731558202       2   2 0  0 0  0 0  0 0
    10  -1.007106321678578       2   1 1  0 0  0 0  0 0
    11  -.4644534597987918       2   0 2  0 0  0 0  0 0
    12  0.2077149147355110E-02   2   1 0  1 0  0 0  0 0
    13  0.1489799407777633E-02   2   0 1  1 0  0 0  0 0
    14  0.3894012856359009       2   0 0  2 0  0 0  0 0
    15  0.1825183271832244E-02   2   1 0  0 1  0 0  0 0
    16  0.1331478509036461E-02   2   0 1  0 1  0 0  0 0
    17  0.7149422030987416       2   0 0  1 1  0 0  0 0
    18  0.3312518774127344       2   0 0  0 2  0 0  0 0
    19  -.1004898778451108       2   1 0  0 0  0 1  0 0
    20  -1.077408078958028       2   0 1  0 0  0 1  0 0
    21  -.2939256832316821E-05   2   0 0  1 0  0 1  0 0
    22  -.3128327177802071E-04   2   0 0  0 1  0 1  0 0
    23  -.1003546433034311       2   1 0  0 0  0 0  1 0
    24  -1.075958153941851       2   0 1  0 0  0 0  1 0
    25  -.2935301318994219E-05   2   0 0  1 0  0 0  1 0
    26  -.3124117222519136E-04   2   0 0  0 1  0 0  1 0
    27   2.361270345448526       2   1 0  0 0  0 0  0 1
    28   2.153366233028755       2   0 1  0 0  0 0  0 1
    29  0.6768634897994725E-04   2   0 0  1 0  0 0  0 1
    30  0.6252432301770747E-04   2   0 0  0 1  0 0  0 1
    31  -.8309486688260019E-06   2   0 0  0 0  0 2  0 0
    32  -.6020664224531026E-06   2   0 0  0 0  0 1  1 0
    33  -.8294253009593359E-06   2   0 0  0 0  0 0  2 0
    34  0.2263961277536175E-05   2   0 0  0 0  0 1  0 1
    35  0.2260914545145429E-05   2   0 0  0 0  0 0  1 1
    36  -.2262437261194075E-05   2   0 0  0 0  0 0  0 2
    37  -6.629975983761747       3   3 0  0 0  0 0  0 0
    38  -19.39399921604370       3   2 1  0 0  0 0  0 0
    39  -19.89386518539406       3   1 2  0 0  0 0  0 0
    40  -6.062864718636614       3   0 3  0 0  0 0  0 0
    41  -.4453962963793126E-01   3   2 0  1 0  0 0  0 0
    42  -.8128548404876890E-01   3   1 1  1 0  0 0  0 0
    43  -.3728884091470370E-01   3   0 2  1 0  0 0  0 0
    44  -10.38095459588642       3   1 0  2 0  0 0  0 0
    45  -8.351628893400635       3   0 1  2 0  0 0  0 0
    46  0.1032786420038859E-01   3   0 0  3 0  0 0  0 0
    47  -.4196527091829598E-01   3   2 0  0 1  0 0  0 0
    48  -.7726774650118658E-01   3   1 1  0 1  0 0  0 0
    49  -.3572564963151646E-01   3   0 2  0 1  0 0  0 0
    50  -21.74761276957435       3   1 0  1 1  0 0  0 0
    51  -18.25359773651857       3   0 1  1 1  0 0  0 0
    52  0.2832253785456710E-01   3   0 0  2 1  0 0  0 0
    53  -9.911881577863735       3   1 0  0 2  0 0  0 0
    54  -7.527047134706638       3   0 1  0 2  0 0  0 0
    55  0.2614186265897980E-01   3   0 0  1 2  0 0  0 0
    56  0.8151165345364480E-02   3   0 0  0 3  0 0  0 0
    57  0.7114713304133814E-01   3   2 0  0 0  0 1  0 0
    58  0.6308661227289484       3   1 1  0 0  0 1  0 0
    59  0.5213892075527328       3   0 2  0 0  0 1  0 0
    60  -.9139961698943141E-03   3   1 0  1 0  0 1  0 0
    61  -.1471959986319026E-02   3   0 1  1 0  0 1  0 0
    62  0.1241676247087595E-01   3   0 0  2 0  0 1  0 0
    63  -.1856342430571575E-02   3   1 0  0 1  0 1  0 0
    64  -.2115021716979435E-02   3   0 1  0 1  0 1  0 0
    65  -.3320771990058400       3   0 0  1 1  0 1  0 0
    66  -.3186830888890883       3   0 0  0 2  0 1  0 0
    67  0.7105138658273898E-01   3   2 0  0 0  0 0  1 0
    68  0.6300171328326690       3   1 1  0 0  0 0  1 0
    69  0.5206875465294299       3   0 2  0 0  0 0  1 0
    70  -.9127661569240204E-03   3   1 0  1 0  0 0  1 0
    71  -.1469979091940512E-02   3   0 1  1 0  0 0  1 0
    72  0.1240005257712404E-01   3   0 0  2 0  0 0  1 0
    73  -.1853844252414902E-02   3   1 0  0 1  0 0  1 0
    74  -.2112175420430249E-02   3   0 1  0 1  0 0  1 0
    75  -.3316303051616749       3   0 0  1 1  0 0  1 0
    76  -.3182542202070753       3   0 0  0 2  0 0  1 0
    77  -.6911704084901803       3   2 0  0 0  0 0  0 1
    78  -1.260886464190751       3   1 1  0 0  0 0  0 1
    79  -.5776246318668173       3   0 2  0 0  0 0  0 1
    80  0.3900929659174227E-02   3   1 0  1 0  0 0  0 1
    81  0.2938875439149904E-02   3   0 1  1 0  0 0  0 1
    82  0.3645857605111227       3   0 0  2 0  0 0  0 1
    83  0.3706956610617586E-02   3   1 0  0 1  0 0  0 1
    84  0.2892365490972372E-02   3   0 1  0 1  0 0  0 1
    85  0.6637096716786555       3   0 0  1 1  0 0  0 1
    86  0.3056863325961255       3   0 0  0 2  0 0  0 1
    87  0.7693814089402795E-01   3   1 0  0 0  0 2  0 0
    88  0.8517574767594274       3   0 1  0 0  0 2  0 0
    89  0.2045379658388554E-05   3   0 0  1 0  0 2  0 0
    90  0.2473210212643905E-04   3   0 0  0 1  0 2  0 0
    91  0.5344935798153852E-01   3   1 0  0 0  0 1  1 0
    92  0.6267120675641464       3   0 1  0 0  0 1  1 0
    93  0.1158875248994774E-05   3   0 0  1 0  0 1  1 0
    94  0.1820398883219128E-04   3   0 0  0 1  0 1  1 0
    95  0.7679863635648787E-01   3   1 0  0 0  0 0  2 0
    96  0.8501895219068403       3   0 1  0 0  0 0  2 0
    97  0.2041847302994299E-05   3   0 0  1 0  0 0  2 0
    98  0.2468656979385726E-04   3   0 0  0 1  0 0  2 0
    99  -.2073251610641375       3   1 0  0 0  0 1  0 1
   100  -1.252818554409120       3   0 1  0 0  0 1  0 1
   101  -.5322455142177384E-05   3   0 0  1 0  0 1  0 1
   102  -.3643301599937254E-04   3   0 0  0 1  0 1  0 1
   103  -.2070461526332777       3   1 0  0 0  0 0  1 1
   104  -1.251132570241894       3   0 1  0 0  0 0  1 1
   105  -.5315292432885678E-05   3   0 0  1 0  0 0  1 1
   106  -.3638398616346922E-04   3   0 0  0 1  0 0  1 1
   107  0.2071853840280131       3   1 0  0 0  0 0  0 2
   108  0.1752922246093828       3   0 1  0 0  0 0  0 2
   109  0.5356171148950855E-05   3   0 0  1 0  0 0  0 2
   110  0.5191141178558872E-05   3   0 0  0 1  0 0  0 2
   111  0.7159359904175098E-06   3   0 0  0 0  0 3  0 0
   112  0.4872115288092274E-06   3   0 0  0 0  0 2  1 0
   113  0.4876712938155072E-06   3   0 0  0 0  0 1  2 0
   114  0.7141633899434202E-06   3   0 0  0 0  0 0  3 0
   115  -.1806541119322793E-05   3   0 0  0 0  0 2  0 1
   116  -.1350811401408878E-05   3   0 0  0 0  0 1  1 1
   117  -.1803201032262498E-05   3   0 0  0 0  0 0  2 1
   118  0.1351115857171268E-05   3   0 0  0 0  0 1  0 2
   119  0.1349297589126505E-05   3   0 0  0 0  0 0  1 2
   120  -.1461100212391006E-06   3   0 0  0 0  0 0  0 3
   121  -55.73882750777339       4   4 0  0 0  0 0  0 0
   122  -206.5565015222778       4   3 1  0 0  0 0  0 0
   123  -288.3015815981545       4   2 2  0 0  0 0  0 0
   124  -180.0914065663655       4   1 3  0 0  0 0  0 0
   125  -42.57983270721154       4   0 4  0 0  0 0  0 0
   126  -.2961727580057781E-01   4   3 0  1 0  0 0  0 0
   127  -.7942139837670129E-01   4   2 1  1 0  0 0  0 0
   128  -.7140545185432243E-01   4   1 2  1 0  0 0  0 0
   129  -.2071993269463008E-01   4   0 3  1 0  0 0  0 0
   130   248.8512635591174       4   2 0  2 0  0 0  0 0
   131   450.7100754110309       4   1 1  2 0  0 0  0 0
   132   205.2314956510726       4   0 2  2 0  0 0  0 0
   133  0.2430067140931572E-01   4   1 0  3 0  0 0  0 0
   134  0.2328306259439670E-01   4   0 1  3 0  0 0  0 0
   135  -30.39758418985790       4   0 0  4 0  0 0  0 0
   136  -.2776684983445707E-01   4   3 0  0 1  0 0  0 0
   137  -.7527955540998177E-01   4   2 1  0 1  0 0  0 0
   138  -.6751610349012371E-01   4   1 2  0 1  0 0  0 0
   139  -.1946335356043463E-01   4   0 3  0 1  0 0  0 0
   140   465.2783952885658       4   2 0  1 1  0 0  0 0
   141   848.8215756958617       4   1 1  1 1  0 0  0 0
   142   389.6273476826241       4   0 2  1 1  0 0  0 0
   143  0.6985436744429172E-01   4   1 0  2 1  0 0  0 0
   144  0.6714715464985004E-01   4   0 1  2 1  0 0  0 0
   145  -110.3001454660050       4   0 0  3 1  0 0  0 0
   146   218.9360472221279       4   2 0  0 2  0 0  0 0
   147   401.7742903017537       4   1 1  0 2  0 0  0 0
   148   185.6425631512800       4   0 2  0 2  0 0  0 0
   149  0.6702256839243984E-01   4   1 0  1 2  0 0  0 0
   150  0.6518650617767589E-01   4   0 1  1 2  0 0  0 0
   151  -151.4714422288528       4   0 0  2 2  0 0  0 0
   152  0.2239050773232159E-01   4   1 0  0 3  0 0  0 0
   153  0.2196551081231633E-01   4   0 1  0 3  0 0  0 0
   154  -92.96720562183127       4   0 0  1 3  0 0  0 0
   155  -21.43923927190016       4   0 0  0 4  0 0  0 0
   156   4.775996681109670       4   3 0  0 0  0 1  0 0
   157   23.45043963913999       4   2 1  0 0  0 1  0 0
   158   33.10244858767323       4   1 2  0 0  0 1  0 0
   159   13.28061392286775       4   0 3  0 0  0 1  0 0
   160  -.4157885865763970E-02   4   2 0  1 0  0 1  0 0
   161  0.2762604119068245E-01   4   1 1  1 0  0 1  0 0
   162  0.2863504160995693E-01   4   0 2  1 0  0 1  0 0
   163   4.052483737452885       4   1 0  2 0  0 1  0 0
   164   7.186629677271696       4   0 1  2 0  0 1  0 0
   165  0.9151676068009637E-03   4   0 0  3 0  0 1  0 0
   166  0.1367842919702188E-01   4   2 0  0 1  0 1  0 0
   167  0.5823196578623672E-01   4   1 1  0 1  0 1  0 0
   168  0.4202322375568313E-01   4   0 2  0 1  0 1  0 0
   169   19.95586769842640       4   1 0  1 1  0 1  0 0
   170   25.49722091585781       4   0 1  1 1  0 1  0 0
   171  -.9619745372216703E-02   4   0 0  2 1  0 1  0 0
   172   14.66874753747448       4   1 0  0 2  0 1  0 0
   173   15.21072687919333       4   0 1  0 2  0 1  0 0
   174  -.1986483582761117E-01   4   0 0  1 2  0 1  0 0
   175  -.9573743485313148E-02   4   0 0  0 3  0 1  0 0
   176   4.769569369861058       4   3 0  0 0  0 0  1 0
   177   23.41888114265424       4   2 1  0 0  0 0  1 0
   178   33.05790087242789       4   1 2  0 0  0 0  1 0
   179   13.26274149854388       4   0 3  0 0  0 0  1 0
   180  -.4152290378920213E-02   4   2 0  1 0  0 0  1 0
   181  0.2758886336641821E-01   4   1 1  1 0  0 0  1 0
   182  0.2859650592048101E-01   4   0 2  1 0  0 0  1 0
   183   4.047030095825978       4   1 0  2 0  0 0  1 0
   184   7.176958249746161       4   0 1  2 0  0 0  1 0
   185  0.9139360173660898E-03   4   0 0  3 0  0 0  1 0
   186  0.1366002141165057E-01   4   2 0  0 1  0 0  1 0
   187  0.5815359995105900E-01   4   1 1  0 1  0 0  1 0
   188  0.4196667088163866E-01   4   0 2  0 1  0 0  1 0
   189   19.92901203216535       4   1 0  1 1  0 0  1 0
   190   25.46290795759169       4   0 1  1 1  0 0  1 0
   191  -.9606799572257669E-02   4   0 0  2 1  0 0  1 0
   192   14.64900702835266       4   1 0  0 2  0 0  1 0
   193   15.19025699981604       4   0 1  0 2  0 0  1 0
   194  -.1983810266775167E-01   4   0 0  1 2  0 0  1 0
   195  -.9560859592525513E-02   4   0 0  0 3  0 0  1 0
   196  -16.18178595349175       4   3 0  0 0  0 0  0 1
   197  -46.88919442335940       4   2 1  0 0  0 0  0 1
   198  -46.28771372274685       4   1 2  0 0  0 0  0 1
   199  -14.42522868938012       4   0 3  0 0  0 0  0 1
   200  0.5981519152523749E-03   4   2 0  1 0  0 0  0 1
   201  0.1217428233663585E-02   4   1 1  1 0  0 0  0 1
   202  0.6227736587796998E-03   4   0 2  1 0  0 0  0 1
   203  -18.46652871753980       4   1 0  2 0  0 0  0 1
   204  -14.34952785692678       4   0 1  2 0  0 0  0 1
   205  -.4989795166283189E-03   4   0 0  3 0  0 0  0 1
   206  0.6570048188020422E-03   4   2 0  0 1  0 0  0 1
   207  0.1176810787520967E-02   4   1 1  0 1  0 0  0 1
   208  0.5706381391527306E-03   4   0 2  0 1  0 0  0 1
   209  -39.85505734687139       4   1 0  1 1  0 0  0 1
   210  -32.67599331036021       4   0 1  1 1  0 0  0 1
   211  -.1514378179363829E-02   4   0 0  2 1  0 0  0 1
   212  -19.38975768705215       4   1 0  0 2  0 0  0 1
   213  -15.33020167859553       4   0 1  0 2  0 0  0 1
   214  -.1505679855516144E-02   4   0 0  1 2  0 0  0 1
   215  -.4567391846206942E-03   4   0 0  0 3  0 0  0 1
   216  -.5569193667396974E-01   4   2 0  0 0  0 2  0 0
   217  -.5393589935962023       4   1 1  0 0  0 2  0 0
   218  -.5645842074748664       4   0 2  0 0  0 2  0 0
   219  -.3956464208687903E-03   4   1 0  1 0  0 2  0 0
   220  0.4734576784281146E-03   4   0 1  1 0  0 2  0 0
   221  -.8036205908977696E-02   4   0 0  2 0  0 2  0 0
   222  0.7865924977297757E-03   4   1 0  0 1  0 2  0 0
   223  0.1709086007373681E-02   4   0 1  0 1  0 2  0 0
   224  0.2387898924560325       4   0 0  1 1  0 2  0 0
   225  0.3102707264658505       4   0 0  0 2  0 2  0 0
   226  -.4136519748611520E-01   4   2 0  0 0  0 1  1 0
   227  -.4510615201594843       4   1 1  0 0  0 1  1 0
   228  -.6093509599155124       4   0 2  0 0  0 1  1 0
   229  -.4763504247114227E-03   4   1 0  1 0  0 1  1 0
   230  0.5640325823569019E-03   4   0 1  1 0  0 1  1 0
   231  -.3476608187384075E-02   4   0 0  2 0  0 1  1 0
   232  0.8958471256595849E-03   4   1 0  0 1  0 1  1 0
   233  0.2348850143597200E-02   4   0 1  0 1  0 1  1 0
   234  0.1457865215523339       4   0 0  1 1  0 1  1 0
   235  0.3018612672136109       4   0 0  0 2  0 1  1 0
   236  -.5558915542361169E-01   4   2 0  0 0  0 0  2 0
   237  -.5383296410137081       4   1 1  0 0  0 0  2 0
   238  -.5634143987543080       4   0 2  0 0  0 0  2 0
   239  -.3947934535857762E-03   4   1 0  1 0  0 0  2 0
   240  0.4724409971640735E-03   4   0 1  1 0  0 0  2 0
   241  -.8023051834072793E-02   4   0 0  2 0  0 0  2 0
   242  0.7849311441962028E-03   4   1 0  0 1  0 0  2 0
   243  0.1705205514058585E-02   4   0 1  0 1  0 0  2 0
   244  0.2383704439575310       4   0 0  1 1  0 0  2 0
   245  0.3096500634111322       4   0 0  0 2  0 0  2 0
   246  0.1542397335356039       4   2 0  0 0  0 1  0 1
   247  0.9039827008028234       4   1 1  0 0  0 1  0 1
   248  0.6989366934242214       4   0 2  0 0  0 1  0 1
   249  0.6363292457740841E-03   4   1 0  1 0  0 1  0 1
   250  -.7874478904146739E-03   4   0 1  1 0  0 1  0 1
   251  0.1947139497439279E-01   4   0 0  2 0  0 1  0 1
   252  -.1128157563450121E-02   4   1 0  0 1  0 1  0 1
   253  -.2117045820617221E-02   4   0 1  0 1  0 1  0 1
   254  -.2907245014030401       4   0 0  1 1  0 1  0 1
   255  -.2847855977011827       4   0 0  0 2  0 1  0 1
   256  0.1540321649712802       4   2 0  0 0  0 0  1 1
   257  0.9027661634873130       4   1 1  0 0  0 0  1 1
   258  0.6979960973619569       4   0 2  0 0  0 0  1 1
   259  0.6354729038642809E-03   4   1 0  1 0  0 0  1 1
   260  -.7863881801548865E-03   4   0 1  1 0  0 0  1 1
   261  0.1944519128869072E-01   4   0 0  2 0  0 0  1 1
   262  -.1126639342169454E-02   4   1 0  0 1  0 0  1 1
   263  -.2114196800124747E-02   4   0 1  0 1  0 0  1 1
   264  -.2903332580704239       4   0 0  1 1  0 0  1 1
   265  -.2844023466652773       4   0 0  0 2  0 0  1 1
   266  -.1556264240522714       4   2 0  0 0  0 0  0 2
   267  -.2768183677935320       4   1 1  0 0  0 0  0 2
   268  -.1230381005655537       4   0 2  0 0  0 0  0 2
   269  -.5931030487393837E-05   4   1 0  1 0  0 0  0 2
   270  -.3012511460958612E-04   4   0 1  1 0  0 0  0 2
   271  -.1938023412241996E-01   4   0 0  2 0  0 0  0 2
   272  -.5478951276691981E-05   4   1 0  0 1  0 0  0 2
   273  -.2471343751139203E-04   4   0 1  0 1  0 0  0 2
   274  -.4160089445337220E-01   4   0 0  1 1  0 0  0 2
   275  -.2130239519228657E-01   4   0 0  0 2  0 0  0 2
   276  -.6520180702080879E-01   4   1 0  0 0  0 3  0 0
   277  -.7396869276368051       4   0 1  0 0  0 3  0 0
   278  -.3398911063346825E-05   4   0 0  1 0  0 3  0 0
   279  -.2637643108409553E-04   4   0 0  0 1  0 3  0 0
   280  -.4170305970862462E-01   4   1 0  0 0  0 2  1 0
   281  -.5156489504115321       4   0 1  0 0  0 2  1 0
   282  -.1713908784197301E-05   4   0 0  1 0  0 2  1 0
   283  -.1805324096987083E-04   4   0 0  0 1  0 2  1 0
   284  -.4175031784296150E-01   4   1 0  0 0  0 1  2 0
   285  -.5160991906224469       4   0 1  0 0  0 1  2 0
   286  -.1717300945780159E-05   4   0 0  1 0  0 1  2 0
   287  -.1806997075178229E-04   4   0 0  0 1  0 1  2 0
   288  -.6504216557871535E-01   4   1 0  0 0  0 0  3 0
   289  -.7378472737330690       4   0 1  0 0  0 0  3 0
   290  -.3390898229157229E-05   4   0 0  1 0  0 0  3 0
   291  -.2631105562665559E-04   4   0 0  0 1  0 0  3 0
   292  0.1603254730065736       4   1 0  0 0  0 2  0 1
   293   1.031137492300563       4   0 1  0 0  0 2  0 1
   294  0.4214895565217574E-05   4   0 0  1 0  0 2  0 1
   295  0.3314523597697229E-04   4   0 0  0 1  0 2  0 1
   296  0.1134214285516797       4   1 0  0 0  0 1  1 1
   297  0.8100201368297316       4   0 1  0 0  0 1  1 1
   298  0.2400510038475960E-05   4   0 0  1 0  0 1  1 1
   299  0.2522390522811216E-04   4   0 0  0 1  0 1  1 1
   300  0.1600333959342934       4   1 0  0 0  0 0  2 1
   301   1.029204792596646       4   0 1  0 0  0 0  2 1
   302  0.4207608110768325E-05   4   0 0  1 0  0 0  2 1
   303  0.3308365810902818E-04   4   0 0  0 1  0 0  2 1
   304  -.1133389412775438       4   1 0  0 0  0 1  0 2
   305  -.1832902243203719       4   0 1  0 0  0 1  0 2
   306  -.5280678101175232E-06   4   0 0  1 0  0 1  0 2
   307  -.2527626346221197E-05   4   0 0  0 1  0 1  0 2
   308  -.1131864150718551       4   1 0  0 0  0 0  1 2
   309  -.1830435609746537       4   0 1  0 0  0 0  1 2
   310  -.5273571613457568E-06   4   0 0  1 0  0 0  1 2
   311  -.2524224785807460E-05   4   0 0  0 1  0 0  1 2
   312  0.6442614515048533E-02   4   1 0  0 0  0 0  0 3
   313  0.5246182242514925E-02   4   0 1  0 0  0 0  0 3
   314  0.4180599181433978E-06   4   0 0  1 0  0 0  0 3
   315  0.3424671121378660E-06   4   0 0  0 1  0 0  0 3
   316  -.2741899106389228E-04   4   0 0  0 0  0 4  0 0
   317  -.1719420416347145E-04   4   0 0  0 0  0 3  1 0
   318  -.1583915620209172E-04   4   0 0  0 0  0 2  2 0
   319  -.1722343291166387E-04   4   0 0  0 0  0 1  3 0
   320  -.2733367072556723E-04   4   0 0  0 0  0 0  4 0
   321  0.3327426964091776E-04   4   0 0  0 0  0 3  0 1
   322  0.2283355346918752E-04   4   0 0  0 0  0 2  1 1
   323  0.2285453901275398E-04   4   0 0  0 0  0 1  2 1
   324  0.3319175778187242E-04   4   0 0  0 0  0 0  3 1
   325  -.2239184473469243E-05   4   0 0  0 0  0 2  0 2
   326  -.2706695826866776E-05   4   0 0  0 0  0 1  1 2
   327  -.2234349812693215E-05   4   0 0  0 0  0 0  2 2
   328  0.1716111205721480E-07   4   0 0  0 0  0 1  0 3
   329  0.1713801744138335E-07   4   0 0  0 0  0 0  1 3
   330  0.5755871142212422E-13   4   0 0  0 0  0 0  0 4
   ----------------------------------------------------
     I  COEFFICIENT            ORDER EXPONENTS
     1  0.4298080583537903E-05   0   0 0  0 0  0 0  0 0
     2  0.1359070292533096E-04   1   1 0  0 0  0 0  0 0
     3  0.1200703359897648E-04   1   0 1  0 0  0 0  0 0
     4  0.5930585611615468       1   0 0  1 0  0 0  0 0
     5  0.7812510294298460       1   0 0  0 1  0 0  0 0
     6  -.1641126648388811E-04   1   0 0  0 0  0 1  0 0
     7  -.1638918097489028E-04   1   0 0  0 0  0 0  1 0
     8  0.3280044745885901E-04   1   0 0  0 0  0 0  0 1
     9  0.2911965266594822E-03   2   2 0  0 0  0 0  0 0
    10  0.5539081282553828E-03   2   1 1  0 0  0 0  0 0
    11  0.2956999047960352E-03   2   0 2  0 0  0 0  0 0
    12  0.1744827010343233       2   1 0  1 0  0 0  0 0
    13  0.1555646812499342       2   0 1  1 0  0 0  0 0
    14  -.1504278789556118E-04   2   0 0  2 0  0 0  0 0
    15  0.1585920444122051       2   1 0  0 1  0 0  0 0
    16  0.1423201962860351       2   0 1  0 1  0 0  0 0
    17  0.2464229253493498E-04   2   0 0  1 1  0 0  0 0
    18  0.7135430867953675E-04   2   0 0  0 2  0 0  0 0
    19  -.7226429040370185E-05   2   1 0  0 0  0 1  0 0
    20  -.1242962206899837E-04   2   0 1  0 0  0 1  0 0
    21  0.1906133325464429       2   0 0  1 0  0 1  0 0
    22  -.2195440254600859       2   0 0  0 1  0 1  0 0
    23  -.7216704052837469E-05   2   1 0  0 0  0 0  1 0
    24  -.1241289486940575E-04   2   0 1  0 0  0 0  1 0
    25  0.1903568141067969       2   0 0  1 0  0 0  1 0
    26  -.2192485734573733       2   0 0  0 1  0 0  1 0
    27  0.1444311224491229E-04   2   1 0  0 0  0 0  0 1
    28  0.1283546277372138E-04   2   0 1  0 0  0 0  0 1
    29  -.3809701466701000       2   0 0  1 0  0 0  0 1
    30  -.3424584305295219       2   0 0  0 1  0 0  0 1
    31  0.1180690402049560E-04   2   0 0  0 0  0 2  0 0
    32  0.7214907440201725E-05   2   0 0  0 0  0 1  1 0
    33  0.1178616010424771E-04   2   0 0  0 0  0 0  2 0
    34  -.1441745521720951E-04   2   0 0  0 0  0 1  0 1
    35  -.1439805288544934E-04   2   0 0  0 0  0 0  1 1
    36  -.1992463816937496E-05   2   0 0  0 0  0 0  0 2
    37  -.3193351886662187E-02   3   3 0  0 0  0 0  0 0
    38  -.8628457334127468E-02   3   2 1  0 0  0 0  0 0
    39  -.7805330889729904E-02   3   1 2  0 0  0 0  0 0
    40  -.2357555926073755E-02   3   0 3  0 0  0 0  0 0
    41  -2.426857911933953       3   2 0  1 0  0 0  0 0
    42  -5.165984161955842       3   1 1  1 0  0 0  0 0
    43  -3.053174715875969       3   0 2  1 0  0 0  0 0
    44  0.7040974680388303E-02   3   1 0  2 0  0 0  0 0
    45  0.6250607400947443E-02   3   0 1  2 0  0 0  0 0
    46  -.3881239206838240       3   0 0  3 0  0 0  0 0
    47  -2.932420352493020       3   2 0  0 1  0 0  0 0
    48  -5.676510342198156       3   1 1  0 1  0 0  0 0
    49  -2.685647413183371       3   0 2  0 1  0 0  0 0
    50  0.1275448765057592E-01   3   1 0  1 1  0 0  0 0
    51  0.1139936610614257E-01   3   0 1  1 1  0 0  0 0
    52  -1.089661507003293       3   0 0  2 1  0 0  0 0
    53  0.5847040060675693E-02   3   1 0  0 2  0 0  0 0
    54  0.5267620711287189E-02   3   0 1  0 2  0 0  0 0
    55  -1.438490463015715       3   0 0  1 2  0 0  0 0
    56  -.3110461531284208       3   0 0  0 3  0 0  0 0
    57  -.2658489895810325E-03   3   2 0  0 0  0 1  0 0
    58  -.8055458376451070E-03   3   1 1  0 0  0 1  0 0
    59  -.5700322452559122E-03   3   0 2  0 0  0 1  0 0
    60  -.8108010648160688E-01   3   1 0  1 0  0 1  0 0
    61  -.1496561648141295       3   0 1  1 0  0 1  0 0
    62  -.8556772021054955E-04   3   0 0  2 0  0 1  0 0
    63  -.1541850157638061       3   1 0  0 1  0 1  0 0
    64  -.2091503040726108       3   0 1  0 1  0 1  0 0
    65  -.1213472133907407E-03   3   0 0  1 1  0 1  0 0
    66  -.1161242256358097E-03   3   0 0  0 2  0 1  0 0
    67  -.2654912225398837E-03   3   2 0  0 0  0 0  1 0
    68  -.8044617720208654E-03   3   1 1  0 0  0 0  1 0
    69  -.5692651227249362E-03   3   0 2  0 0  0 0  1 0
    70  -.8097099269547703E-01   3   1 0  1 0  0 0  1 0
    71  -.1494547646005734       3   0 1  1 0  0 0  1 0
    72  -.8545256720535744E-04   3   0 0  2 0  0 0  1 0
    73  -.1539775208360792       3   1 0  0 1  0 0  1 0
    74  -.2088688394503024       3   0 1  0 1  0 0  1 0
    75  -.1211839100298558E-03   3   0 0  1 1  0 0  1 0
    76  -.1159679511256942E-03   3   0 0  0 2  0 0  1 0
    77  0.5309925619611767E-03   3   2 0  0 0  0 0  0 1
    78  0.1055374986634869E-02   3   1 1  0 0  0 0  0 1
    79  0.5475180616490125E-03   3   0 2  0 0  0 0  0 1
    80  0.1620513675592369       3   1 0  1 0  0 0  0 1
    81  0.1435464631920428       3   0 1  1 0  0 0  0 1
    82  0.1712307807786852E-03   3   0 0  2 0  0 0  0 1
    83  0.1495707058143058       3   1 0  0 1  0 0  0 1
    84  0.1333789202094833       3   0 1  0 1  0 0  0 1
    85  0.2183241361074757E-03   3   0 0  1 1  0 0  0 1
    86  0.8960926801213163E-04   3   0 0  0 2  0 0  0 1
    87  0.5636582569413280E-05   3   1 0  0 0  0 2  0 0
    88  0.1272848963547765E-04   3   0 1  0 0  0 2  0 0
    89  -.1365881284422556       3   0 0  1 0  0 2  0 0
    90  0.8420508215657881E-01   3   0 0  0 1  0 2  0 0
    91  0.4075398699034180E-05   3   1 0  0 0  0 1  1 0
    92  0.1306134018039166E-04   3   0 1  0 0  0 1  1 0
    93  -.8270805312387014E-01   3   0 0  1 0  0 1  1 0
    94  -.5077003719028245E-01   3   0 0  0 1  0 1  1 0
    95  0.5626254882483216E-05   3   1 0  0 0  0 0  2 0
    96  0.1270257156593760E-04   3   0 1  0 0  0 0  2 0
    97  -.1363486622761741       3   0 0  1 0  0 0  2 0
    98  0.8412592488713162E-01   3   0 0  0 1  0 0  2 0
    99  -.8174760306417291E-05   3   1 0  0 0  0 1  0 1
   100  -.1373406642559587E-04   3   0 1  0 0  0 1  0 1
   101  0.1652711609663979       3   0 0  1 0  0 1  0 1
   102  0.3214480245908503       3   0 0  0 1  0 1  0 1
   103  -.8163759099260063E-05   3   1 0  0 0  0 0  1 1
   104  -.1371558376626446E-04   3   0 1  0 0  0 0  1 1
   105  0.1650487468269295       3   0 0  1 0  0 0  1 1
   106  0.3210154349886768       3   0 0  0 1  0 0  1 1
   107  0.9846807203266511E-06   3   1 0  0 0  0 0  0 2
   108  0.9508682968746668E-06   3   0 1  0 0  0 0  0 2
   109  0.2532506470577851E-01   3   0 0  1 0  0 0  0 2
   110  0.2122663440952511E-01   3   0 0  0 1  0 0  0 2
   111  -.9512562125294401E-05   3   0 0  0 0  0 3  0 0
   112  -.4926360315684468E-05   3   0 0  0 0  0 2  1 0
   113  -.4935592315467677E-05   3   0 0  0 0  0 1  2 0
   114  -.9490049429365324E-05   3   0 0  0 0  0 0  3 0
   115  0.9849239128633439E-05   3   0 0  0 0  0 2  0 1
   116  0.5293052382361952E-05   3   0 0  0 0  0 1  1 1
   117  0.9832422916571060E-05   3   0 0  0 0  0 0  2 1
   118  0.1922100532052378E-05   3   0 0  0 0  0 1  0 2
   119  0.1919513859741802E-05   3   0 0  0 0  0 0  1 2
   120  0.4780820096905868E-07   3   0 0  0 0  0 0  0 3
   121  -.1370822918451060E-02   4   4 0  0 0  0 0  0 0
   122  -.4692511017651274E-02   4   3 1  0 0  0 0  0 0
   123  -.5961388550262168E-02   4   2 2  0 0  0 0  0 0
   124  -.3039908411033319E-02   4   1 3  0 0  0 0  0 0
   125  -.3995642252645170E-03   4   0 4  0 0  0 0  0 0
   126   37.10209817232645       4   3 0  1 0  0 0  0 0
   127   100.9672802799418       4   2 1  1 0  0 0  0 0
   128   92.16743152546626       4   1 2  1 0  0 0  0 0
   129   28.29242921891302       4   0 3  1 0  0 0  0 0
   130  0.7643053339417824E-02   4   2 0  2 0  0 0  0 0
   131  0.1410916796333307E-01   4   1 1  2 0  0 0  0 0
   132  0.6741405492475265E-02   4   0 2  2 0  0 0  0 0
   133  -27.54733254232229       4   1 0  3 0  0 0  0 0
   134  -24.26679061178383       4   0 1  3 0  0 0  0 0
   135  -.9691184606537261E-03   4   0 0  4 0  0 0  0 0
   136   34.20744326049790       4   3 0  0 1  0 0  0 0
   137   93.60939638128873       4   2 1  0 1  0 0  0 0
   138   86.00100915411240       4   1 2  0 1  0 0  0 0
   139   26.58739474911564       4   0 3  0 1  0 0  0 0
   140  0.1328418484216557E-01   4   2 0  1 1  0 0  0 0
   141  0.2461635904103356E-01   4   1 1  1 1  0 0  0 0
   142  0.1152711897150338E-01   4   0 2  1 1  0 0  0 0
   143  -74.85226025168038       4   1 0  2 1  0 0  0 0
   144  -66.37740587377534       4   0 1  2 1  0 0  0 0
   145  -.3812567800842174E-02   4   0 0  3 1  0 0  0 0
   146  0.5877299465719727E-02   4   2 0  0 2  0 0  0 0
   147  0.1128650592688456E-01   4   1 1  0 2  0 0  0 0
   148  0.5446231251363160E-02   4   0 2  0 2  0 0  0 0
   149  -68.12132113141374       4   1 0  1 2  0 0  0 0
   150  -60.73317957664500       4   0 1  1 2  0 0  0 0
   151  -.5367569487139882E-02   4   0 0  2 2  0 0  0 0
   152  -20.68417438710524       4   1 0  0 3  0 0  0 0
   153  -18.51589013832369       4   0 1  0 3  0 0  0 0
   154  -.3388851075117463E-02   4   0 0  1 3  0 0  0 0
   155  -.7716773963372995E-03   4   0 0  0 4  0 0  0 0
   156  0.3917990529565845E-03   4   3 0  0 0  0 1  0 0
   157  0.4793545072634644E-02   4   2 1  0 0  0 1  0 0
   158  0.7653013590099429E-02   4   1 2  0 0  0 1  0 0
   159  0.3289326810699775E-02   4   0 3  0 0  0 1  0 0
   160   2.742839052150560       4   2 0  1 0  0 1  0 0
   161   8.275434693240090       4   1 1  1 0  0 1  0 0
   162   6.108216642651747       4   0 2  1 0  0 1  0 0
   163  -.7367164644576115E-03   4   1 0  2 0  0 1  0 0
   164  -.3475136509692783E-02   4   0 1  2 0  0 1  0 0
   165  0.5515736303390999       4   0 0  3 0  0 1  0 0
   166   4.215832912474569       4   2 0  0 1  0 1  0 0
   167   11.18239336084016       4   1 1  0 1  0 1  0 0
   168   6.986040663743912       4   0 2  0 1  0 1  0 0
   169  -.6935696786870529E-02   4   1 0  1 1  0 1  0 0
   170  -.1127613980962441E-01   4   0 1  1 1  0 1  0 0
   171   1.670582816398386       4   0 0  2 1  0 1  0 0
   172  -.5743081633772407E-02   4   1 0  0 2  0 1  0 0
   173  -.7496866487258217E-02   4   0 1  0 2  0 1  0 0
   174   2.301505836180425       4   0 0  1 2  0 1  0 0
   175  0.8234794270124126       4   0 0  0 3  0 1  0 0
   176  0.3912717882559634E-03   4   3 0  0 0  0 0  1 0
   177  0.4787094145587838E-02   4   2 1  0 0  0 0  1 0
   178  0.7642714525083904E-02   4   1 2  0 0  0 0  1 0
   179  0.3284900189698534E-02   4   0 3  0 0  0 0  1 0
   180   2.739147868619711       4   2 0  1 0  0 0  1 0
   181   8.264298003237668       4   1 1  1 0  0 0  1 0
   182   6.099996492564351       4   0 2  1 0  0 0  1 0
   183  -.7357250261599885E-03   4   1 0  2 0  0 0  1 0
   184  -.3470459834755548E-02   4   0 1  2 0  0 0  1 0
   185  0.5508313485421557       4   0 0  3 0  0 0  1 0
   186   4.210159443226292       4   2 0  0 1  0 0  1 0
   187   11.16734462286310       4   1 1  0 1  0 0  1 0
   188   6.976639179459340       4   0 2  0 1  0 0  1 0
   189  -.6926363053002824E-02   4   1 0  1 1  0 0  1 0
   190  -.1126096491209467E-01   4   0 1  1 1  0 0  1 0
   191   1.668334624775921       4   0 0  2 1  0 0  1 0
   192  -.5735352865171736E-02   4   1 0  0 2  0 0  1 0
   193  -.7486777557654747E-02   4   0 1  0 2  0 0  1 0
   194   2.298408578092308       4   0 0  1 2  0 0  1 0
   195  0.8223712272087802       4   0 0  0 3  0 0  1 0
   196  0.1848657028480092E-03   4   3 0  0 0  0 0  0 1
   197  0.6507195868686472E-03   4   2 1  0 0  0 0  0 1
   198  0.7393190148500282E-03   4   1 2  0 0  0 0  0 1
   199  0.2803961840483141E-03   4   0 3  0 0  0 0  0 1
   200  -5.478685890529326       4   2 0  1 0  0 0  0 1
   201  -11.36693810558764       4   1 1  1 0  0 0  0 1
   202  -6.098327525047201       4   0 2  1 0  0 0  0 1
   203  -.4422152005637892E-03   4   1 0  2 0  0 0  0 1
   204  -.4125327975526766E-03   4   0 1  2 0  0 0  0 1
   205  -1.103094908535672       4   0 0  3 0  0 0  0 1
   206  -5.490085465750687       4   2 0  0 1  0 0  0 1
   207  -10.98946495162443       4   1 1  0 1  0 0  0 1
   208  -5.901944880213208       4   0 2  0 1  0 0  0 1
   209  -.9106041726476063E-03   4   1 0  1 1  0 0  0 1
   210  -.8521518904899153E-03   4   0 1  1 1  0 0  0 1
   211  -2.251380756022937       4   0 0  2 1  0 0  0 1
   212  -.4234168845155568E-03   4   1 0  0 2  0 0  0 1
   213  -.3910787681452269E-03   4   0 1  0 2  0 0  0 1
   214  -1.725127538028924       4   0 0  1 2  0 0  0 1
   215  -.7134699880403422       4   0 0  0 3  0 0  0 1
   216  0.1774749165880987E-04   4   2 0  0 0  0 2  0 0
   217  0.4825505470576566E-03   4   1 1  0 0  0 2  0 0
   218  0.5531018155591430E-03   4   0 2  0 0  0 2  0 0
   219  0.5783481651698417E-01   4   1 0  1 0  0 2  0 0
   220  0.1456378464571093       4   0 1  1 0  0 2  0 0
   221  0.9341921144151948E-04   4   0 0  2 0  0 2  0 0
   222  0.1509729955459155       4   1 0  0 1  0 2  0 0
   223  0.2573721697195377       4   0 1  0 1  0 2  0 0
   224  0.4943794726500487E-04   4   0 0  1 1  0 2  0 0
   225  0.5719676311249843E-04   4   0 0  0 2  0 2  0 0
   226  0.2843278211912423E-04   4   2 0  0 0  0 1  1 0
   227  0.6783798543297002E-03   4   1 1  0 0  0 1  1 0
   228  0.8100190008426196E-03   4   0 2  0 0  0 1  1 0
   229  0.3437405019221138E-01   4   1 0  1 0  0 1  1 0
   230  0.1410984180885257       4   0 1  1 0  0 1  1 0
   231  0.1446701909925642E-03   4   0 0  2 0  0 1  1 0
   232  0.1475157359006514       4   1 0  0 1  0 1  1 0
   233  0.3050757543716934       4   0 1  0 1  0 1  1 0
   234  0.1829300104657355E-03   4   0 0  1 1  0 1  1 0
   235  0.1268775892362497E-03   4   0 0  0 2  0 1  1 0
   236  0.1770447617185404E-04   4   2 0  0 0  0 0  2 0
   237  0.4814446874547651E-03   4   1 1  0 0  0 0  2 0
   238  0.5518124345043210E-03   4   0 2  0 0  0 0  2 0
   239  0.5773385565819844E-01   4   1 0  1 0  0 0  2 0
   240  0.1453469121063588       4   0 1  1 0  0 0  2 0
   241  0.9319614710697410E-04   4   0 0  2 0  0 0  2 0
   242  0.1506705633410211       4   1 0  0 1  0 0  2 0
   243  0.2568205320968041       4   0 1  0 1  0 0  2 0
   244  0.4924832671205064E-04   4   0 0  1 1  0 0  2 0
   245  0.5703441746432580E-04   4   0 0  0 2  0 0  2 0
   246  -.1359887848839822E-03   4   2 0  0 0  0 1  0 1
   247  -.7661247920138008E-03   4   1 1  0 0  0 1  0 1
   248  -.6285589523922856E-03   4   0 2  0 0  0 1  0 1
   249  -.6844879390267480E-01   4   1 0  1 0  0 1  0 1
   250  -.1317565205927323       4   0 1  1 0  0 1  0 1
   251  -.2893305960241128E-03   4   0 0  2 0  0 1  0 1
   252  -.1405613216286730       4   1 0  0 1  0 1  0 1
   253  -.1915022385864899       4   0 1  0 1  0 1  0 1
   254  -.4718407915755872E-03   4   0 0  1 1  0 1  0 1
   255  -.1503321169630731E-03   4   0 0  0 2  0 1  0 1
   256  -.1358057775862149E-03   4   2 0  0 0  0 0  1 1
   257  -.7650937773749193E-03   4   1 1  0 0  0 0  1 1
   258  -.6277130673771133E-03   4   0 2  0 0  0 0  1 1
   259  -.6835667874172084E-01   4   1 0  1 0  0 0  1 1
   260  -.1315792088767888       4   0 1  1 0  0 0  1 1
   261  -.2889412285436624E-03   4   0 0  2 0  0 0  1 1
   262  -.1403721608264510       4   1 0  0 1  0 0  1 1
   263  -.1912445238989884       4   0 1  0 1  0 0  1 1
   264  -.4712058104753710E-03   4   0 0  1 1  0 0  1 1
   265  -.1501298070849717E-03   4   0 0  0 2  0 0  1 1
   266  0.8007773211587938E-04   4   2 0  0 0  0 0  0 2
   267  0.1773633203012852E-03   4   1 1  0 0  0 0  0 2
   268  0.9448640062992971E-04   4   0 2  0 0  0 0  0 2
   269  -.1300370211921488E-01   4   1 0  1 0  0 0  0 2
   270  -.1248277753907354E-01   4   0 1  1 0  0 0  0 2
   271  0.2062174187379931E-03   4   0 0  2 0  0 0  0 2
   272  -.9480512000530718E-02   4   1 0  0 1  0 0  0 2
   273  -.9315698950717214E-02   4   0 1  0 1  0 0  0 2
   274  0.3300926866002438E-03   4   0 0  1 1  0 0  0 2
   275  0.1255388278825767E-03   4   0 0  0 2  0 0  0 2
   276  -.8362657030912951E-05   4   1 0  0 0  0 3  0 0
   277  -.1689957834082211E-04   4   0 1  0 0  0 3  0 0
   278  0.1096759875083473       4   0 0  1 0  0 3  0 0
   279  -.1917217506124136E-01   4   0 0  0 1  0 3  0 0
   280  -.5804348177900456E-05   4   1 0  0 0  0 2  1 0
   281  -.1661228044853002E-04   4   0 1  0 0  0 2  1 0
   282  0.5588275273296620E-01   4   0 0  1 0  0 2  1 0
   283  0.1108068366205014       4   0 0  0 1  0 2  1 0
   284  -.5809489737333777E-05   4   1 0  0 0  0 1  2 0
   285  -.1661281448748842E-04   4   0 1  0 0  0 1  2 0
   286  0.5599104339005034E-01   4   0 0  1 0  0 1  2 0
   287  0.1105445092608418       4   0 0  0 1  0 1  2 0
   288  -.8341875583403682E-05   4   1 0  0 0  0 0  3 0
   289  -.1685430140808124E-04   4   0 1  0 0  0 0  3 0
   290  0.1094170408950615       4   0 0  1 0  0 0  3 0
   291  -.1920793254102346E-01   4   0 0  0 1  0 0  3 0
   292  0.1025989700461825E-04   4   1 0  0 0  0 2  0 1
   293  0.1826483024858581E-04   4   0 1  0 0  0 2  0 1
   294  -.1117267530774596       4   0 0  1 0  0 2  0 1
   295  -.3058959259045742       4   0 0  0 1  0 2  0 1
   296  0.7825888175099467E-05   4   1 0  0 0  0 1  1 1
   297  0.1818293874248310E-04   4   0 1  0 0  0 1  1 1
   298  -.5832407129382328E-01   4   0 0  1 0  0 1  1 1
   299  -.2903827342466453       4   0 0  0 1  0 1  1 1
   300  0.1024082386308435E-04   4   1 0  0 0  0 0  2 1
   301  0.1822801542985325E-04   4   0 1  0 0  0 0  2 1
   302  -.1115371515854531       4   0 0  1 0  0 0  2 1
   303  -.3052888738846251       4   0 0  0 1  0 0  2 1
   304  -.5518996703617675E-06   4   1 0  0 0  0 1  0 2
   305  -.8924559089856774E-06   4   0 1  0 0  0 1  0 2
   306  -.2438555668760578E-01   4   0 0  1 0  0 1  0 2
   307  -.3108869793287412E-01   4   0 0  0 1  0 1  0 2
   308  -.5511569497955549E-06   4   1 0  0 0  0 0  1 2
   309  -.8912548838833819E-06   4   0 1  0 0  0 0  1 2
   310  -.2435273975466709E-01   4   0 0  1 0  0 0  1 2
   311  -.3104686022835563E-01   4   0 0  0 1  0 0  1 2
   312  0.4615426485791090E-07   4   1 0  0 0  0 0  0 3
   313  0.3727972371738370E-07   4   0 1  0 0  0 0  0 3
   314  -.6377025862344923E-03   4   0 0  1 0  0 0  0 3
   315  -.5151680252824405E-03   4   0 0  0 1  0 0  0 3
   316  0.9828900327921663E-05   4   0 0  0 0  0 4  0 0
   317  0.4275897764230468E-05   4   0 0  0 0  0 3  1 0
   318  0.3544374655370443E-05   4   0 0  0 0  0 2  2 0
   319  0.4291788678637943E-05   4   0 0  0 0  0 1  3 0
   320  0.9799583025685560E-05   4   0 0  0 0  0 0  4 0
   321  -.1328734100686960E-05   4   0 0  0 0  0 3  0 1
   322  0.8961146338401222E-06   4   0 0  0 0  0 2  1 1
   323  0.8916270985873833E-06   4   0 0  0 0  0 1  2 1
   324  -.1326654043675063E-05   4   0 0  0 0  0 0  3 1
   325  -.7138246824157868E-06   4   0 0  0 0  0 2  0 2
   326  -.8293168619350327E-06   4   0 0  0 0  0 1  1 2
   327  -.7123060230253630E-06   4   0 0  0 0  0 0  2 2
   328  -.2027364277761473E-07   4   0 0  0 0  0 1  0 3
   329  -.2024635946462831E-07   4   0 0  0 0  0 0  1 3
   330  -.3707469808284817E-13   4   0 0  0 0  0 0  0 4
   ----------------------------------------------------
     I  COEFFICIENT            ORDER EXPONENTS
     1  0.1608671156980659E-03   0   0 0  0 0  0 0  0 0
     2  0.6118511810818812E-04   1   1 0  0 0  0 0  0 0
     3  0.5657117745632662E-04   1   0 1  0 0  0 0  0 0
     4  -1.783300849524903       1   0 0  1 0  0 0  0 0
     5  -.6630131496045533       1   0 0  0 1  0 0  0 0
     6  0.7097026400513398E-05   1   0 0  0 0  0 1  0 0
     7  0.7087475556854822E-05   1   0 0  0 0  0 0  1 0
     8  0.1466826137394475E-03   1   0 0  0 0  0 0  0 1
     9  0.8625572299007598E-03   2   2 0  0 0  0 0  0 0
    10  0.1512642828981468E-02   2   1 1  0 0  0 0  0 0
    11  0.7231386969228312E-03   2   0 2  0 0  0 0  0 0
    12  0.7574477767726850       2   1 0  1 0  0 0  0 0
    13  0.6947923695108643       2   0 1  1 0  0 0  0 0
    14  0.6054693944570180E-03   2   0 0  2 0  0 0  0 0
    15  0.7159897553358606       2   1 0  0 1  0 0  0 0
    16  0.6612314286656398       2   0 1  0 1  0 0  0 0
    17  0.1486286486760235E-02   2   0 0  1 1  0 0  0 0
    18  0.7776255796493796E-03   2   0 0  0 2  0 0  0 0
    19  -.3361961850113992E-05   2   1 0  0 0  0 1  0 0
    20  -.3158091652295158E-04   2   0 1  0 0  0 1  0 0
    21  -.8839602980652858E-01   2   0 0  1 0  0 1  0 0
    22  0.7568100913612247       2   0 0  0 1  0 1  0 0
    23  -.3357437480299920E-05   2   1 0  0 0  0 0  1 0
    24  -.3153841641385202E-04   2   0 1  0 0  0 0  1 0
    25  -.8827707059557542E-01   2   0 0  1 0  0 0  1 0
    26  0.7557916120074951       2   0 0  0 1  0 0  1 0
    27  0.6790435502274221E-04   2   1 0  0 0  0 0  0 1
    28  0.6311917335284546E-04   2   0 1  0 0  0 0  0 1
    29  -1.606627749206498       2   0 0  1 0  0 0  0 1
    30  -1.512601703460209       2   0 0  0 1  0 0  0 1
    31  -.5212085709295882E-05   2   0 0  0 0  0 2  0 0
    32  -.3332190538582878E-05   2   0 0  0 0  0 1  1 0
    33  -.5202829377488839E-05   2   0 0  0 0  0 0  2 0
    34  0.1375632268170266E-04   2   0 0  0 0  0 1  0 1
    35  0.1373781007095064E-04   2   0 0  0 0  0 0  1 1
    36  -.1374705131725228E-04   2   0 0  0 0  0 0  0 2
    37  -.1561129835841244E-01   3   3 0  0 0  0 0  0 0
    38  -.4382587199962189E-01   3   2 1  0 0  0 0  0 0
    39  -.4120245229228091E-01   3   1 2  0 0  0 0  0 0
    40  -.1294061232161393E-01   3   0 3  0 0  0 0  0 0
    41  -14.10779094561230       3   2 0  1 0  0 0  0 0
    42  -27.38912388860417       3   1 1  1 0  0 0  0 0
    43  -13.94461736912758       3   0 2  1 0  0 0  0 0
    44  0.2997206995631242E-01   3   1 0  2 0  0 0  0 0
    45  0.2729809661787144E-01   3   0 1  2 0  0 0  0 0
    46  -2.434893930891691       3   0 0  3 0  0 0  0 0
    47  -12.48810730234670       3   2 0  0 1  0 0  0 0
    48  -24.80149074680265       3   1 1  0 1  0 0  0 0
    49  -13.71399881522574       3   0 2  0 1  0 0  0 0
    50  0.5633054741761703E-01   3   1 0  1 1  0 0  0 0
    51  0.5160794839928831E-01   3   0 1  1 1  0 0  0 0
    52  -7.653522107479063       3   0 0  2 1  0 0  0 0
    53  0.2672922410002818E-01   3   1 0  0 2  0 0  0 0
    54  0.2466194690767603E-01   3   0 1  0 2  0 0  0 0
    55  -6.980272188075858       3   0 0  1 2  0 0  0 0
    56  -2.667517529956867       3   0 0  0 3  0 0  0 0
    57  -.5152001647535341E-03   3   2 0  0 0  0 1  0 0
    58  -.1763308584330013E-02   3   1 1  0 0  0 1  0 0
    59  -.1201906452719261E-02   3   0 2  0 0  0 1  0 0
    60  0.4437900314172449E-01   3   1 0  1 0  0 1  0 0
    61  -.3044831499344284       3   0 1  1 0  0 1  0 0
    62  -.1046586261101276E-03   3   0 0  2 0  0 1  0 0
    63  -.3253769229026016       3   1 0  0 1  0 1  0 0
    64  -.6289676276585234       3   0 1  0 1  0 1  0 0
    65  -.9920379154210446E-03   3   0 0  1 1  0 1  0 0
    66  -.9225275415394018E-03   3   0 0  0 2  0 1  0 0
    67  -.5145068326523522E-03   3   2 0  0 0  0 0  1 0
    68  -.1760935606739078E-02   3   1 1  0 0  0 0  1 0
    69  -.1200288983659081E-02   3   0 2  0 0  0 0  1 0
    70  0.4431927997080592E-01   3   1 0  1 0  0 0  1 0
    71  -.3040733908610406       3   0 1  1 0  0 0  1 0
    72  -.1045177814634994E-03   3   0 0  2 0  0 0  1 0
    73  -.3249390459742424       3   1 0  0 1  0 0  1 0
    74  -.6281211926674388       3   0 1  0 1  0 0  1 0
    75  -.9907028775475990E-03   3   0 0  1 1  0 0  1 0
    76  -.9212860474512153E-03   3   0 0  0 2  0 0  1 0
    77  0.1890586730533317E-02   3   2 0  0 0  0 0  0 1
    78  0.3520614870600687E-02   3   1 1  0 0  0 0  0 1
    79  0.1677087005335534E-02   3   0 2  0 0  0 0  0 1
    80  0.6687523138467003       3   1 0  1 0  0 0  0 1
    81  0.6085589489585685       3   0 1  1 0  0 0  0 1
    82  0.8156824059571002E-03   3   0 0  2 0  0 0  0 1
    83  0.6503184096324924       3   1 0  0 1  0 0  0 1
    84  0.5958594710003492       3   0 1  0 1  0 0  0 1
    85  0.1985013526147621E-02   3   0 0  1 1  0 0  0 1
    86  0.1067444564833859E-02   3   0 0  0 2  0 0  0 1
    87  0.2553761700347693E-05   3   1 0  0 0  0 2  0 0
    88  0.2525430881056100E-04   3   0 1  0 0  0 2  0 0
    89  0.6484239912808089E-01   3   0 0  1 0  0 2  0 0
    90  -.5310028021878548       3   0 0  0 1  0 2  0 0
    91  0.1900716724294055E-05   3   1 0  0 0  0 1  1 0
    92  0.1915514184485292E-04   3   0 1  0 0  0 1  1 0
    93  0.4135186820791217E-01   3   0 0  1 0  0 1  1 0
    94  -.3058020656824717       3   0 0  0 1  0 1  1 0
    95  0.2549046020712532E-05   3   1 0  0 0  0 0  2 0
    96  0.2520743370840750E-04   3   0 1  0 0  0 0  2 0
    97  0.6472731258555647E-01   3   0 0  1 0  0 0  2 0
    98  -.5300824366379442       3   0 0  0 1  0 0  2 0
    99  -.7261691191016876E-05   3   1 0  0 0  0 1  0 1
   100  -.3851559412121938E-04   3   0 1  0 0  0 1  0 1
   101  -.1710364034504195       3   0 0  1 0  0 1  0 1
   102  0.6109979555172028       3   0 0  0 1  0 1  0 1
   103  -.7251918749243702E-05   3   1 0  0 0  0 0  1 1
   104  -.3846376164982815E-04   3   0 1  0 0  0 0  1 1
   105  -.1708062307193218       3   0 0  1 0  0 0  1 1
   106  0.6101757032640041       3   0 0  0 1  0 0  1 1
   107  0.7466092675347226E-05   3   1 0  0 0  0 0  0 2
   108  0.7190431408453055E-05   3   0 1  0 0  0 0  0 2
   109  0.1709211909769339       3   0 0  1 0  0 0  0 2
   110  0.1457138615519873       3   0 0  0 1  0 0  0 2
   111  0.4269912063409995E-05   3   0 0  0 0  0 3  0 0
   112  0.2389546612071739E-05   3   0 0  0 0  0 2  1 0
   113  0.2393330773338877E-05   3   0 0  0 0  0 1  2 0
   114  0.4259686993168861E-05   3   0 0  0 0  0 0  3 0
   115  -.9990643777372121E-05   3   0 0  0 0  0 2  0 1
   116  -.6236388522941192E-05   3   0 0  0 0  0 1  1 1
   117  -.9973002520937563E-05   3   0 0  0 0  0 0  2 1
   118  0.6232287953760393E-05   3   0 0  0 0  0 1  0 2
   119  0.6223900834349778E-05   3   0 0  0 0  0 0  1 2
   120  0.4305400346159862E-06   3   0 0  0 0  0 0  0 3
   121  -.6156047347739481E-02   4   4 0  0 0  0 0  0 0
   122  -.2258786144870786E-01   4   3 1  0 0  0 0  0 0
   123  -.3138989556417773E-01   4   2 2  0 0  0 0  0 0
   124  -.1897162218723397E-01   4   1 3  0 0  0 0  0 0
   125  -.4125335623074462E-02   4   0 4  0 0  0 0  0 0
   126   172.0959426814830       4   3 0  1 0  0 0  0 0
   127   479.5150165190356       4   2 1  1 0  0 0  0 0
   128   447.5595565248757       4   1 2  1 0  0 0  0 0
   129   140.2452973437719       4   0 3  1 0  0 0  0 0
   130  0.3595066277046371E-01   4   2 0  2 0  0 0  0 0
   131  0.6984457790903655E-01   4   1 1  2 0  0 0  0 0
   132  0.3369109062919566E-01   4   0 2  2 0  0 0  0 0
   133  -114.5724577454886       4   1 0  3 0  0 0  0 0
   134  -103.7235703517927       4   0 1  3 0  0 0  0 0
   135  -.5496360649294630E-02   4   0 0  4 0  0 0  0 0
   136   164.4105587649157       4   3 0  0 1  0 0  0 0
   137   461.1962117843858       4   2 1  0 1  0 0  0 0
   138   433.6273261561352       4   1 2  0 1  0 0  0 0
   139   136.9423853208121       4   0 3  0 1  0 0  0 0
   140  0.7213828751278328E-01   4   2 0  1 1  0 0  0 0
   141  0.1410442627033857       4   1 1  1 1  0 0  0 0
   142  0.6949178801955501E-01   4   0 2  1 1  0 0  0 0
   143  -320.0487752551481       4   1 0  2 1  0 0  0 0
   144  -292.1618145885395       4   0 1  2 1  0 0  0 0
   145  -.1892755938394721E-01   4   0 0  3 1  0 0  0 0
   146  0.3537537496693835E-01   4   2 0  0 2  0 0  0 0
   147  0.7000130340800798E-01   4   1 1  0 2  0 0  0 0
   148  0.3535959647826439E-01   4   0 2  0 2  0 0  0 0
   149  -300.9225014587731       4   1 0  1 2  0 0  0 0
   150  -276.6222889130763       4   0 1  1 2  0 0  0 0
   151  -.2450770128833591E-01   4   0 0  2 2  0 0  0 0
   152  -94.87411027659665       4   1 0  0 3  0 0  0 0
   153  -87.70208491801733       4   0 1  0 3  0 0  0 0
   154  -.1363299841692000E-01   4   0 0  1 3  0 0  0 0
   155  -.2454139200567124E-02   4   0 0  0 4  0 0  0 0
   156  -.1831767086653813E-02   4   3 0  0 0  0 1  0 0
   157  0.1335267112720363E-01   4   2 1  0 0  0 1  0 0
   158  0.2976415575349150E-01   4   1 2  0 0  0 1  0 0
   159  0.1468343413772095E-01   4   0 3  0 0  0 1  0 0
   160   7.734104875713113       4   2 0  1 0  0 1  0 0
   161   28.34289995383155       4   1 1  1 0  0 1  0 0
   162   20.73824324226457       4   0 2  1 0  0 1  0 0
   163  0.3342139524956454E-02   4   1 0  2 0  0 1  0 0
   164  -.8726935248149596E-02   4   0 1  2 0  0 1  0 0
   165  0.5035048764072566       4   0 0  3 0  0 1  0 0
   166   13.35931514789613       4   2 0  0 1  0 1  0 0
   167   38.54070242077774       4   1 1  0 1  0 1  0 0
   168   27.02397335918853       4   0 2  0 1  0 1  0 0
   169  -.1717487722259202E-01   4   1 0  1 1  0 1  0 0
   170  -.3757273652712691E-01   4   0 1  1 1  0 1  0 0
   171   5.632683071049674       4   0 0  2 1  0 1  0 0
   172  -.1907441169131319E-01   4   1 0  0 2  0 1  0 0
   173  -.2785584122526344E-01   4   0 1  0 2  0 1  0 0
   174   9.055259693630893       4   0 0  1 2  0 1  0 0
   175   4.737474918754899       4   0 0  0 3  0 1  0 0
   176  -.1829301980836788E-02   4   3 0  0 0  0 0  1 0
   177  0.1333470173169022E-01   4   2 1  0 0  0 0  1 0
   178  0.2972410055541452E-01   4   1 2  0 0  0 0  1 0
   179  0.1466367386406468E-01   4   0 3  0 0  0 0  1 0
   180   7.723696681867117       4   2 0  1 0  0 0  1 0
   181   28.30475741482831       4   1 1  1 0  0 0  1 0
   182   20.71033469186871       4   0 2  1 0  0 0  1 0
   183  0.3337641831093346E-02   4   1 0  2 0  0 0  1 0
   184  -.8715190949978850E-02   4   0 1  2 0  0 0  1 0
   185  0.5028272832739511       4   0 0  3 0  0 0  1 0
   186   13.34133681117282       4   2 0  0 1  0 0  1 0
   187   38.48883615982025       4   1 1  0 1  0 0  1 0
   188   26.98760576943750       4   0 2  0 1  0 0  1 0
   189  -.1715176408224977E-01   4   1 0  1 1  0 0  1 0
   190  -.3752217290905041E-01   4   0 1  1 1  0 0  1 0
   191   5.625102871631811       4   0 0  2 1  0 0  1 0
   192  -.1904874224700489E-01   4   1 0  0 2  0 0  1 0
   193  -.2781835414694282E-01   4   0 1  0 2  0 0  1 0
   194   9.043073551894816       4   0 0  1 2  0 0  1 0
   195   4.731099448278695       4   0 0  0 3  0 0  1 0
   196  0.7841839603567686E-03   4   3 0  0 0  0 0  0 1
   197  0.2228922337244592E-02   4   2 1  0 0  0 0  0 1
   198  0.2128203156004559E-02   4   1 2  0 0  0 0  0 1
   199  0.7175657095198782E-03   4   0 3  0 0  0 0  0 1
   200  -29.55113227193628       4   2 0  1 0  0 0  0 1
   201  -56.61655179426385       4   1 1  1 0  0 0  0 1
   202  -27.48714173796705       4   0 2  1 0  0 0  0 1
   203  -.2141058878934224E-02   4   1 0  2 0  0 0  0 1
   204  -.2025279835361454E-02   4   0 1  2 0  0 0  0 1
   205  -3.444435259731431       4   0 0  3 0  0 0  0 1
   206  -26.68411260201580       4   2 0  0 1  0 0  0 1
   207  -52.19230051128724       4   1 1  0 1  0 0  0 1
   208  -26.56419321510191       4   0 2  0 1  0 0  0 1
   209  -.4202728437953960E-02   4   1 0  1 1  0 0  0 1
   210  -.4106073988202188E-02   4   0 1  1 1  0 0  0 1
   211  -11.26814096081413       4   0 0  2 1  0 0  0 1
   212  -.2051473812335081E-02   4   1 0  0 2  0 0  0 1
   213  -.2026037417977058E-02   4   0 1  0 2  0 0  0 1
   214  -11.12937346614732       4   0 0  1 2  0 0  0 1
   215  -4.137699857118110       4   0 0  0 3  0 0  0 1
   216  -.2533029686828738E-03   4   2 0  0 0  0 2  0 0
   217  0.2241820688638725E-03   4   1 1  0 0  0 2  0 0
   218  0.5298537052855076E-03   4   0 2  0 0  0 2  0 0
   219  -.3319743410227519E-01   4   1 0  1 0  0 2  0 0
   220  0.2075220099476039       4   0 1  1 0  0 2  0 0
   221  -.1705028357975574E-03   4   0 0  2 0  0 2  0 0
   222  0.2281043764554843       4   1 0  0 1  0 2  0 0
   223  0.6058710503055172       4   0 1  0 1  0 2  0 0
   224  0.3405766040055259E-03   4   0 0  1 1  0 2  0 0
   225  0.7700214517141106E-03   4   0 0  0 2  0 2  0 0
   226  -.2641296507468009E-03   4   2 0  0 0  0 1  1 0
   227  0.4258638749455851E-03   4   1 1  0 0  0 1  1 0
   228  0.9043286781694367E-03   4   0 2  0 0  0 1  1 0
   229  -.2333909172790622E-01   4   1 0  1 0  0 1  1 0
   230  0.1091158220188315       4   0 1  1 0  0 1  1 0
   231  -.1499294787473922E-03   4   0 0  2 0  0 1  1 0
   232  0.1295897692891181       4   1 0  0 1  0 1  1 0
   233  0.5807816961632598       4   0 1  0 1  0 1  1 0
   234  0.2776522938288123E-03   4   0 0  1 1  0 1  1 0
   235  0.8813276895916699E-03   4   0 0  0 2  0 1  1 0
   236  -.2527843588673882E-03   4   2 0  0 0  0 0  2 0
   237  0.2235938214346107E-03   4   1 1  0 0  0 0  2 0
   238  0.5285321516822991E-03   4   0 2  0 0  0 0  2 0
   239  -.3313705423514356E-01   4   1 0  1 0  0 0  2 0
   240  0.2071693151413793       4   0 1  1 0  0 0  2 0
   241  -.1701724971033785E-03   4   0 0  2 0  0 0  2 0
   242  0.2277102064337604       4   1 0  0 1  0 0  2 0
   243  0.6046649032820293       4   0 1  0 1  0 0  2 0
   244  0.3399314463768073E-03   4   0 0  1 1  0 0  2 0
   245  0.7683921684996900E-03   4   0 0  0 2  0 0  2 0
   246  0.5838918150981642E-03   4   2 0  0 0  0 1  0 1
   247  -.1218760673958161E-03   4   1 1  0 0  0 1  0 1
   248  -.5869098685452030E-03   4   0 2  0 0  0 1  0 1
   249  0.9146447352152119E-01   4   1 0  1 0  0 1  0 1
   250  -.2168167251746016       4   0 1  1 0  0 1  0 1
   251  0.3077622324593394E-03   4   0 0  2 0  0 1  0 1
   252  -.2580125116490797       4   1 0  0 1  0 1  0 1
   253  -.5304927957269395       4   0 1  0 1  0 1  0 1
   254  -.2681659715484479E-03   4   0 0  1 1  0 1  0 1
   255  -.6810118662806568E-03   4   0 0  0 2  0 1  0 1
   256  0.5831060410112737E-03   4   2 0  0 0  0 0  1 1
   257  -.1217120523281307E-03   4   1 1  0 0  0 0  1 1
   258  -.5861200329042150E-03   4   0 2  0 0  0 0  1 1
   259  0.9134138494362583E-01   4   1 0  1 0  0 0  1 1
   260  -.2165249434440813       4   0 1  1 0  0 0  1 1
   261  0.3073480605512273E-03   4   0 0  2 0  0 0  1 1
   262  -.2576652905706120       4   1 0  0 1  0 0  1 1
   263  -.5297788835237111       4   0 1  0 1  0 0  1 1
   264  -.2678050864221615E-03   4   0 0  1 1  0 0  1 1
   265  -.6800953926059948E-03   4   0 0  0 2  0 0  1 1
   266  -.3973885950715581E-03   4   2 0  0 0  0 0  0 2
   267  -.7469634465621618E-03   4   1 1  0 0  0 0  0 2
   268  -.3484441007388436E-03   4   0 2  0 0  0 0  0 2
   269  -.9313093545383011E-01   4   1 0  1 0  0 0  0 2
   270  -.8967965031601573E-01   4   0 1  1 0  0 0  0 2
   271  -.1241811055770265E-03   4   0 0  2 0  0 0  0 2
   272  -.6936887750832679E-01   4   1 0  0 1  0 0  0 2
   273  -.6825662849673673E-01   4   0 1  0 1  0 0  0 2
   274  -.2788704345534144E-03   4   0 0  1 1  0 0  0 2
   275  -.1470979672092862E-03   4   0 0  0 2  0 0  0 2
   276  -.4864447369302642E-05   4   1 0  0 0  0 3  0 0
   277  -.2775800494772958E-04   4   0 1  0 0  0 3  0 0
   278  -.5307777244217767E-01   4   0 0  1 0  0 3  0 0
   279  0.4187650219837904       4   0 0  0 1  0 3  0 0
   280  -.3436640601428334E-05   4   1 0  0 0  0 2  1 0
   281  -.2019344383881106E-04   4   0 1  0 0  0 2  1 0
   282  -.2958420261292089E-01   4   0 0  1 0  0 2  1 0
   283  0.1944136010478018       4   0 0  0 1  0 2  1 0
   284  -.3439509599373368E-05   4   1 0  0 0  0 1  2 0
   285  -.2020863847686956E-04   4   0 1  0 0  0 1  2 0
   286  -.2963148323170252E-01   4   0 0  1 0  0 1  2 0
   287  0.1948653457941840       4   0 0  0 1  0 1  2 0
   288  -.4852318536692950E-05   4   1 0  0 0  0 0  3 0
   289  -.2768840245245254E-04   4   0 1  0 0  0 0  3 0
   290  -.5295074843626883E-01   4   0 0  1 0  0 0  3 0
   291  0.4177890508632990       4   0 0  0 1  0 0  3 0
   292  0.6821019451408380E-05   4   1 0  0 0  0 2  0 1
   293  0.3613763541316675E-04   4   0 1  0 0  0 2  0 1
   294  0.1239941353537561       4   0 0  1 0  0 2  0 1
   295  -.3886713522802885       4   0 0  0 1  0 2  0 1
   296  0.5534173066951454E-05   4   1 0  0 0  0 1  1 1
   297  0.2947470126083020E-04   4   0 1  0 0  0 1  1 1
   298  0.7708886313008619E-01   4   0 0  1 0  0 1  1 1
   299  -.1669292115453309       4   0 0  0 1  0 1  1 1
   300  0.6808116230150662E-05   4   1 0  0 0  0 0  2 1
   301  0.3606917025464399E-04   4   0 1  0 0  0 0  2 1
   302  0.1237753986105739       4   0 0  1 0  0 0  2 1
   303  -.3880359739589380       4   0 0  0 1  0 0  2 1
   304  -.1508698601079028E-05   4   1 0  0 0  0 1  0 2
   305  -.4184998593470211E-05   4   0 1  0 0  0 1  0 2
   306  -.7702991706751409E-01   4   0 0  1 0  0 1  0 2
   307  -.1388769645797407       4   0 0  0 1  0 1  0 2
   308  -.1506668265604315E-05   4   1 0  0 0  0 0  1 2
   309  -.4179366619595376E-05   4   0 1  0 0  0 0  1 2
   310  -.7692625383541879E-01   4   0 0  1 0  0 0  1 2
   311  -.1386900705058539       4   0 0  0 1  0 0  1 2
   312  0.4011276850900803E-06   4   1 0  0 0  0 0  0 3
   313  0.3272112869045868E-06   4   0 1  0 0  0 0  0 3
   314  -.5657882705073132E-02   4   0 0  1 0  0 0  0 3
   315  -.4622854703982650E-02   4   0 0  0 1  0 0  0 3
   316  -.7406232299942493E-05   4   0 0  0 0  0 4  0 0
   317  -.3764643950387199E-05   4   0 0  0 0  0 3  1 0
   318  -.3281712290457359E-05   4   0 0  0 0  0 2  2 0
   319  -.3775064977907937E-05   4   0 0  0 0  0 1  3 0
   320  -.7383776854488945E-05   4   0 0  0 0  0 0  4 0
   321  0.7868691870312864E-05   4   0 0  0 0  0 3  0 1
   322  0.3854929393835011E-05   4   0 0  0 0  0 2  1 1
   323  0.3863010316502230E-05   4   0 0  0 0  0 1  2 1
   324  0.7850217507466674E-05   4   0 0  0 0  0 0  3 1
   325  0.6783025296077394E-06   4   0 0  0 0  0 2  0 2
   326  0.8067641304546980E-06   4   0 0  0 0  0 1  1 2
   327  0.6768468494580401E-06   4   0 0  0 0  0 0  2 2
   328  0.5935207721755890E-08   4   0 0  0 0  0 1  0 3
   329  0.5927220398920546E-08   4   0 0  0 0  0 0  1 3
   330  -.1900523398893378E-13   4   0 0  0 0  0 0  0 4
   ----------------------------------------------------
     I  COEFFICIENT            ORDER EXPONENTS
     1  0.8374289270092764E-08   0   0 0  0 0  0 0  0 0
     2  -.3372628599808047E-05   1   1 0  0 0  0 0  0 0
     3  -.4165762840659130E-05   1   0 1  0 0  0 0  0 0
     4  0.2505720648343707E-04   1   0 0  1 0  0 0  0 0
     5  0.5336265588355324E-05   1   0 0  0 1  0 0  0 0
     6   1.000000000000000       1   0 0  0 0  1 0  0 0
     7  0.2859789913657682       1   0 0  0 0  0 1  0 0
     8  -.2859789892716246       1   0 0  0 0  0 0  1 0
     9  -.2094149482673919E-08   1   0 0  0 0  0 0  0 1
    10  -.1915030141575089       2   2 0  0 0  0 0  0 0
    11  -.5753910642947886       2   1 1  0 0  0 0  0 0
    12  -.6466175344950374       2   0 2  0 0  0 0  0 0
    13  -.1256388983010819E-04   2   1 0  1 0  0 0  0 0
    14  -.1825813295183442E-04   2   0 1  1 0  0 0  0 0
    15  -.1437488791458402       2   0 0  2 0  0 0  0 0
    16  -.1817261783463804E-04   2   1 0  0 1  0 0  0 0
    17  -.2240966120649760E-04   2   0 1  0 1  0 0  0 0
    18  -.5732045060832821E-01   2   0 0  1 1  0 0  0 0
    19  -.2228494111401794       2   0 0  0 2  0 0  0 0
    20  0.5016990269959731E-05   2   1 0  0 0  0 1  0 0
    21  0.7645884135263171E-05   2   0 1  0 0  0 1  0 0
    22  -.3583038872264358E-04   2   0 0  1 0  0 1  0 0
    23  -.1837436161958119E-04   2   0 0  0 1  0 1  0 0
    24  0.1646694078906974E-05   2   1 0  0 0  0 0  1 0
    25  0.3481061327761869E-05   2   0 1  0 0  0 0  1 0
    26  -.1079237123350804E-04   2   0 0  1 0  0 0  1 0
    27  -.1302773266140602E-04   2   0 0  0 1  0 0  1 0
    28  -.6663730276302167E-05   2   1 0  0 0  0 0  0 1
    29  -.6961277269470382E-05   2   0 1  0 0  0 0  0 1
    30  0.4662278055138428E-04   2   0 0  1 0  0 0  0 1
    31  0.2606585370495955E-04   2   0 0  0 1  0 0  0 1
    32  -.2146286628238215       2   0 0  0 0  0 2  0 0
    33  0.1432783313567389       2   0 0  0 0  0 1  1 0
    34  0.7135032854101002E-01   2   0 0  0 0  0 0  2 0
    35  0.2925317603885819E-08   2   0 0  0 0  0 1  0 1
    36  0.8329163604536892E-09   2   0 0  0 0  0 0  1 1
    37  -.8320977443214543E-09   2   0 0  0 0  0 0  0 2
    38  0.9542934109880993E-01   3   3 0  0 0  0 0  0 0
    39  0.3143720489235178       3   2 1  0 0  0 0  0 0
    40  0.3338262249562636       3   1 2  0 0  0 0  0 0
    41  0.1156114409132565       3   0 3  0 0  0 0  0 0
    42  0.5603164977441950E-03   3   2 0  1 0  0 0  0 0
    43  0.1027916187785585E-02   3   1 1  1 0  0 0  0 0
    44  0.6396183003397304E-03   3   0 2  1 0  0 0  0 0
    45  0.5232847977371798E-01   3   1 0  2 0  0 0  0 0
    46  0.3521250986568076E-02   3   0 1  2 0  0 0  0 0
    47  0.1880479781448422E-03   3   0 0  3 0  0 0  0 0
    48  0.3964702598411019E-03   3   2 0  0 1  0 0  0 0
    49  0.6928636099371886E-03   3   1 1  0 1  0 0  0 0
    50  0.4305119379757136E-03   3   0 2  0 1  0 0  0 0
    51  0.9949860281079808E-02   3   1 0  1 1  0 0  0 0
    52  -.6747724949760943E-01   3   0 1  1 1  0 0  0 0
    53  0.5510381663330975E-03   3   0 0  2 1  0 0  0 0
    54  -.3456451872673100E-01   3   1 0  0 2  0 0  0 0
    55  -.6532919302306833E-01   3   0 1  0 2  0 0  0 0
    56  0.5290003007525760E-03   3   0 0  1 2  0 0  0 0
    57  0.1604386409883134E-03   3   0 0  0 3  0 0  0 0
    58  0.3007490587777522       3   2 0  0 0  0 1  0 0
    59   1.066050719600331       3   1 1  0 0  0 1  0 0
    60   1.243684245121193       3   0 2  0 0  0 1  0 0
    61  0.1894565311424108E-04   3   1 0  1 0  0 1  0 0
    62  0.3343346205293780E-04   3   0 1  1 0  0 1  0 0
    63  0.2051229890303220       3   0 0  2 0  0 1  0 0
    64  0.3337340841704305E-04   3   1 0  0 1  0 1  0 0
    65  0.5066458412693458E-04   3   0 1  0 1  0 1  0 0
    66  0.2046558399013428       3   0 0  1 1  0 1  0 0
    67  0.3590183198165023       3   0 0  0 2  0 1  0 0
    68  0.1093565686745630       3   2 0  0 0  0 0  1 0
    69  0.4907730364928024       3   1 1  0 0  0 0  1 0
    70  0.5971324846233625       3   0 2  0 0  0 0  1 0
    71  0.6363190494390288E-05   3   1 0  1 0  0 0  1 0
    72  0.1509806785296163E-04   3   0 1  1 0  0 0  1 0
    73  0.6148480721783045E-01   3   0 0  2 0  0 0  1 0
    74  0.1516700141785579E-04   3   1 0  0 1  0 0  1 0
    75  0.2815742046443801E-04   3   0 1  0 1  0 0  1 0
    76  0.1472142968971857       3   0 0  1 1  0 0  1 0
    77  0.1362852202275969       3   0 0  0 2  0 0  1 0
    78  -.4101059853216394       3   2 0  0 0  0 0  0 1
    79  -.9814336631105214       3   1 1  0 0  0 0  0 1
    80  -.5475824383195690       3   0 2  0 0  0 0  0 1
    81  -.2525456310352907E-04   3   1 0  1 0  0 0  0 1
    82  -.3011385058133552E-04   3   0 1  1 0  0 0  0 1
    83  -.2666079762267446       3   0 0  2 0  0 0  0 1
    84  -.3027321438102382E-04   3   1 0  0 1  0 0  0 1
    85  -.3378175229550623E-04   3   0 1  0 1  0 0  0 1
    86  -.2945499225779864       3   0 0  1 1  0 0  0 1
    87  -.4960483867049400E-01   3   0 0  0 2  0 0  0 1
    88  -.6221161311570040E-05   3   1 0  0 0  0 2  0 0
    89  -.1092178582406080E-04   3   0 1  0 0  0 2  0 0
    90  0.4309247316876220E-04   3   0 0  1 0  0 2  0 0
    91  0.3260629016535757E-04   3   0 0  0 1  0 2  0 0
    92  -.2409789616759401E-05   3   1 0  0 0  0 1  1 0
    93  -.6552911987460968E-05   3   0 1  0 0  0 1  1 0
    94  0.1453819405165284E-04   3   0 0  1 0  0 1  1 0
    95  0.2846488202902488E-04   3   0 0  0 1  0 1  1 0
    96  -.1206639867850961E-05   3   1 0  0 0  0 0  2 0
    97  -.3277179972110225E-05   3   0 1  0 0  0 0  2 0
    98  0.7283377273897051E-05   3   0 0  1 0  0 0  2 0
    99  0.1422562176047990E-04   3   0 0  0 1  0 0  2 0
   100  0.9834199722297090E-05   3   1 0  0 0  0 1  0 1
   101  0.1310400192727519E-04   3   0 1  0 0  0 1  0 1
   102  -.6489770116234163E-04   3   0 0  1 0  0 1  0 1
   103  -.5693394696671090E-04   3   0 0  0 1  0 1  0 1
   104  0.3175271643008505E-05   3   1 0  0 0  0 0  1 1
   105  0.6144029121049906E-05   3   0 1  0 0  0 0  1 1
   106  -.1831435333259329E-04   3   0 0  1 0  0 0  1 1
   107  -.3086278258657836E-04   3   0 0  0 1  0 0  1 1
   108  -.3172773955829067E-05   3   1 0  0 0  0 0  0 2
   109  -.2662750666509399E-05   3   0 1  0 0  0 0  0 2
   110  0.1829602390069264E-04   3   0 0  1 0  0 0  0 2
   111  0.1783384993344759E-04   3   0 0  0 1  0 0  0 2
   112  0.1788813496608674       3   0 0  0 0  0 3  0 0
   113  -.1073867924025554       3   0 0  0 0  0 2  1 0
   114  -.3589155519072185E-01   3   0 0  0 0  0 1  2 0
   115  -.3560303938048087E-01   3   0 0  0 0  0 0  3 0
   116  -.3096389919076282E-08   3   0 0  0 0  0 2  0 1
   117  0.1200495976197777E-10   3   0 0  0 0  0 1  1 1
   118  0.3901828389994413E-11   3   0 0  0 0  0 0  2 1
   119  0.4577973406692700E-09   3   0 0  0 0  0 1  0 2
   120  0.2689244816862701E-10   3   0 0  0 0  0 0  1 2
   121  0.9555571264940492E-10   3   0 0  0 0  0 0  0 3
   122  -1.136389235775099       4   4 0  0 0  0 0  0 0
   123  -5.893526179531250       4   3 1  0 0  0 0  0 0
   124  -11.74607213529174       4   2 2  0 0  0 0  0 0
   125  -10.57856212224785       4   1 3  0 0  0 0  0 0
   126  -3.875307608471728       4   0 4  0 0  0 0  0 0
   127  0.7499974840291144E-03   4   3 0  1 0  0 0  0 0
   128  0.3944715024032481E-02   4   2 1  1 0  0 0  0 0
   129  0.5220303926907541E-02   4   1 2  1 0  0 0  0 0
   130  0.2037201102298550E-02   4   0 3  1 0  0 0  0 0
   131  -3.763544635501010       4   2 0  2 0  0 0  0 0
   132  -7.459615194805979       4   1 1  2 0  0 0  0 0
   133  -4.490196974291004       4   0 2  2 0  0 0  0 0
   134  0.3169422785239407E-02   4   1 0  3 0  0 0  0 0
   135  0.2309632420622067E-02   4   0 1  3 0  0 0  0 0
   136  -.7040589358368500       4   0 0  4 0  0 0  0 0
   137  0.1468589918413139E-02   4   3 0  0 1  0 0  0 0
   138  0.5799057660895526E-02   4   2 1  0 1  0 0  0 0
   139  0.6847655074127120E-02   4   1 2  0 1  0 0  0 0
   140  0.2519198891389078E-02   4   0 3  0 1  0 0  0 0
   141  -5.477079854861784       4   2 0  1 1  0 0  0 0
   142  -10.09000450968266       4   1 1  1 1  0 0  0 0
   143  -5.866555408395492       4   0 2  1 1  0 0  0 0
   144  0.7422974165710551E-02   4   1 0  2 1  0 0  0 0
   145  0.5216883757091688E-02   4   0 1  2 1  0 0  0 0
   146  -2.349596396489305       4   0 0  3 1  0 0  0 0
   147  -1.835685162923465       4   2 0  0 2  0 0  0 0
   148  -3.545963082509308       4   1 1  0 2  0 0  0 0
   149  -2.576114196107108       4   0 2  0 2  0 0  0 0
   150  0.5587642510762163E-02   4   1 0  1 2  0 0  0 0
   151  0.3669541580933399E-02   4   0 1  1 2  0 0  0 0
   152  -3.007630703936846       4   0 0  2 2  0 0  0 0
   153  0.1288613993115039E-02   4   1 0  0 3  0 0  0 0
   154  0.7182212295289395E-03   4   0 1  0 3  0 0  0 0
   155  -1.684855064802424       4   0 0  1 3  0 0  0 0
   156  -.4528093665895957       4   0 0  0 4  0 0  0 0
   157  -.1578748384312849       4   3 0  0 0  0 1  0 0
   158  -.6472348739639162       4   2 1  0 0  0 1  0 0
   159  -.8328186156484729       4   1 2  0 0  0 1  0 0
   160  -.3411045493336203       4   0 3  0 0  0 1  0 0
   161  -.3957002605063157E-04   4   2 0  1 0  0 1  0 0
   162  -.6056635995952795E-03   4   1 1  1 0  0 1  0 0
   163  -.7240988777474914E-03   4   0 2  1 0  0 1  0 0
   164  -.6908819937611627E-01   4   1 0  2 0  0 1  0 0
   165  -.2240384186612325E-01   4   0 1  2 0  0 1  0 0
   166  -.1496181758830279E-03   4   0 0  3 0  0 1  0 0
   167  -.1327988559416779E-03   4   2 0  0 1  0 1  0 0
   168  -.4168870996313078E-03   4   1 1  0 1  0 1  0 0
   169  -.4452740843976294E-03   4   0 2  0 1  0 1  0 0
   170  -.5088724839451639E-01   4   1 0  1 1  0 1  0 0
   171  0.9864896112762622E-01   4   0 1  1 1  0 1  0 0
   172  -.5664055834837341E-03   4   0 0  2 1  0 1  0 0
   173  0.5091025728036272E-01   4   1 0  0 2  0 1  0 0
   174  0.1448450989177966       4   0 1  0 2  0 1  0 0
   175  -.8395060794606549E-03   4   0 0  1 2  0 1  0 0
   176  -.3739022081418322E-03   4   0 0  0 3  0 1  0 0
   177  -.6187231939011857E-01   4   3 0  0 0  0 0  1 0
   178  -.3303896335068086       4   2 1  0 0  0 0  1 0
   179  -.4956684365598421       4   1 2  0 0  0 0  1 0
   180  -.2240116241082376       4   0 3  0 0  0 0  1 0
   181  -.4268592146600391E-04   4   2 0  1 0  0 0  1 0
   182  -.6364171189027439E-03   4   1 1  1 0  0 0  1 0
   183  -.6578021212264593E-03   4   0 2  1 0  0 0  1 0
   184  -.1659804526261713E-01   4   1 0  2 0  0 0  1 0
   185  -.1823327743126059E-01   4   0 1  2 0  0 0  1 0
   186  -.9505598746081057E-04   4   0 0  3 0  0 0  1 0
   187  -.1820302303293483E-03   4   2 0  0 1  0 0  1 0
   188  -.6062909934120761E-03   4   1 1  0 1  0 0  1 0
   189  -.5220586940157616E-03   4   0 2  0 1  0 0  1 0
   190  -.4059437211547826E-01   4   1 0  1 1  0 0  1 0
   191  0.3213073684792371E-01   4   0 1  1 1  0 0  1 0
   192  -.4082219664682317E-03   4   0 0  2 1  0 0  1 0
   193  0.1655398005243607E-01   4   1 0  0 2  0 0  1 0
   194  0.7995178615111226E-01   4   0 1  0 2  0 0  1 0
   195  -.6298387700035841E-03   4   0 0  1 2  0 0  1 0
   196  -.2896184641377367E-03   4   0 0  0 3  0 0  1 0
   197  0.2189687877015064       4   3 0  0 0  0 0  0 1
   198  0.6592704113292711       4   2 1  0 0  0 0  0 1
   199  0.6547577031646781       4   1 2  0 0  0 0  0 1
   200  0.2151456774440578       4   0 3  0 0  0 0  0 1
   201  0.1863710990487130E-03   4   2 0  1 0  0 0  0 1
   202  0.5432821052936731E-03   4   1 1  1 0  0 0  0 1
   203  0.4623684649630435E-03   4   0 2  1 0  0 0  0 1
   204  0.8530302130494850E-01   4   1 0  2 0  0 0  0 1
   205  0.3585557033826040E-01   4   0 1  2 0  0 0  0 1
   206  0.2863782845203684E-03   4   0 0  3 0  0 0  0 1
   207  -.7106196207242741E-04   4   2 0  0 1  0 0  0 1
   208  -.8831735022353090E-04   4   1 1  0 1  0 0  0 1
   209  0.9442901567233695E-04   4   0 2  0 1  0 0  0 1
   210  0.8093849631004110E-01   4   1 0  1 1  0 0  0 1
   211  0.2379056130976726E-02   4   0 1  1 1  0 0  0 1
   212  0.5937582442461563E-03   4   0 0  2 1  0 0  0 1
   213  0.1220010807824034E-02   4   1 0  0 2  0 0  0 1
   214  -.2988804583614953E-01   4   0 1  0 2  0 0  0 1
   215  0.4468013241908643E-03   4   0 0  1 2  0 0  0 1
   216  0.1484595055329892E-03   4   0 0  0 3  0 0  0 1
   217  -.3899335873268744       4   2 0  0 0  0 2  0 0
   218  -1.548269977944488       4   1 1  0 0  0 2  0 0
   219  -1.880884525607092       4   0 2  0 0  0 2  0 0
   220  -.2626019085431457E-04   4   1 0  1 0  0 2  0 0
   221  -.5763079960629399E-04   4   0 1  1 0  0 2  0 0
   222  -.2462758474924235       4   0 0  2 0  0 2  0 0
   223  -.5861684935333638E-04   4   1 0  0 1  0 2  0 0
   224  -.1001959154752041E-03   4   0 1  0 1  0 2  0 0
   225  -.3657431845379916       4   0 0  1 1  0 2  0 0
   226  -.4980705134213677       4   0 0  0 2  0 2  0 0
   227  -.1783847635663965       4   2 0  0 0  0 1  1 0
   228  -.9643901505236216       4   1 1  0 0  0 1  1 0
   229  -1.274259205639682       4   0 2  0 0  0 1  1 0
   230  -.1044803142847883E-04   4   1 0  1 0  0 1  1 0
   231  -.3246351469190744E-04   4   0 1  1 0  0 1  1 0
   232  -.8238601141948668E-01   4   0 0  2 0  0 1  1 0
   233  -.3349151336781367E-04   4   1 0  0 1  0 1  1 0
   234  -.7259084141755368E-04   4   0 1  0 1  0 1  1 0
   235  -.3221843615825181       4   0 0  1 1  0 1  1 0
   236  -.2781189960775160       4   0 0  0 2  0 1  1 0
   237  -.8927435722255600E-01   4   2 0  0 0  0 0  2 0
   238  -.4822621579531312       4   1 1  0 0  0 0  2 0
   239  -.6371074475864998       4   0 2  0 0  0 0  2 0
   240  -.5272328754797282E-05   4   1 0  1 0  0 0  2 0
   241  -.1628074987616613E-04   4   0 1  1 0  0 0  2 0
   242  -.4127532482825414E-01   4   0 0  2 0  0 0  2 0
   243  -.1678182175698918E-04   4   1 0  0 1  0 0  2 0
   244  -.3630605450921667E-04   4   0 1  0 1  0 0  2 0
   245  -.1610127798424779       4   0 0  1 1  0 0  2 0
   246  -.1391135004286740       4   0 0  0 2  0 0  2 0
   247  0.6574586611095308       4   2 0  0 0  0 1  0 1
   248   1.928739341942012       4   1 1  0 0  0 1  0 1
   249   1.304929663870016       4   0 2  0 0  0 1  0 1
   250  0.3395821212535834E-04   4   1 0  1 0  0 1  0 1
   251  0.5861463840670754E-04   4   0 1  1 0  0 1  0 1
   252  0.3698390785677577       4   0 0  2 0  0 1  0 1
   253  0.6028437763306946E-04   4   1 0  0 1  0 1  0 1
   254  0.8610935702672580E-04   4   0 1  0 1  0 1  0 1
   255  0.6444090892215065       4   0 0  1 1  0 1  0 1
   256  0.1972312890327728       4   0 0  0 2  0 1  0 1
   257  0.2475583429029649       4   2 0  0 0  0 0  1 1
   258  0.9473276426146503       4   1 1  0 0  0 0  1 1
   259  0.7570540859962265       4   0 2  0 0  0 0  1 1
   260  0.1158138801881004E-04   4   1 0  1 0  0 0  1 1
   261  0.2730604247986523E-04   4   0 1  1 0  0 0  1 1
   262  0.1034589177830079       4   0 0  2 0  0 0  1 1
   263  0.2842716273031137E-04   4   1 0  0 1  0 0  1 1
   264  0.4767445749765030E-04   4   0 1  0 1  0 0  1 1
   265  0.3497986728594049       4   0 0  1 1  0 0  1 1
   266  0.1475007604276964       4   0 0  0 2  0 0  1 1
   267  -.2474391094803488       4   2 0  0 0  0 0  0 2
   268  -.4565689295707211       4   1 1  0 0  0 0  0 2
   269  -.2096035200344233       4   0 2  0 0  0 0  0 2
   270  -.9150581422075872E-05   4   1 0  1 0  0 0  0 2
   271  -.8220410653135687E-05   4   0 1  1 0  0 0  0 2
   272  -.1033526911212750       4   0 0  2 0  0 0  0 2
   273  -.8905078752281542E-05   4   1 0  0 1  0 0  0 2
   274  -.8061165746943222E-05   4   0 1  0 1  0 0  0 2
   275  -.2025682725976362       4   0 0  1 1  0 0  0 2
   276  -.9796562593055283E-01   4   0 0  0 2  0 0  0 2
   277  -.1066474295724916E-03   4   1 0  0 0  0 3  0 0
   278  -.1951039091088211E-03   4   0 1  0 0  0 3  0 0
   279  -.5376557492386299E-04   4   0 0  1 0  0 3  0 0
   280  -.4036587233619992E-04   4   0 0  0 1  0 3  0 0
   281  -.5366526882217036E-04   4   1 0  0 0  0 2  1 0
   282  -.9484230330657583E-04   4   0 1  0 0  0 2  1 0
   283  -.1765179548401512E-04   4   0 0  1 0  0 2  1 0
   284  -.4039241647264538E-04   4   0 0  0 1  0 2  1 0
   285  -.3347869895039049E-04   4   1 0  0 0  0 1  2 0
   286  -.5876764716875415E-04   4   0 1  0 0  0 1  2 0
   287  -.9801755758934997E-05   4   0 0  1 0  0 1  2 0
   288  -.2735534165343202E-04   4   0 0  0 1  0 1  2 0
   289  -.1791334432260022E-04   4   1 0  0 0  0 0  3 0
   290  -.3166291328256235E-04   4   0 1  0 0  0 0  3 0
   291  -.5905701207386458E-05   4   0 0  1 0  0 0  3 0
   292  -.1345515011518946E-04   4   0 0  0 1  0 0  3 0
   293  0.9230577016373096E-04   4   1 0  0 0  0 2  0 1
   294  0.7633836727417474E-04   4   0 1  0 0  0 2  0 1
   295  0.6056217383574858E-04   4   0 0  1 0  0 2  0 1
   296  0.8975911339478158E-04   4   0 0  0 1  0 2  0 1
   297  0.4689533604621640E-04   4   1 0  0 0  0 1  1 1
   298  0.3959002173591800E-04   4   0 1  0 0  0 1  1 1
   299  0.1584781752688375E-04   4   0 0  1 0  0 1  1 1
   300  0.6007455947687740E-04   4   0 0  0 1  0 1  1 1
   301  0.2346226255045339E-04   4   1 0  0 0  0 0  2 1
   302  0.1980620840878448E-04   4   0 1  0 0  0 0  2 1
   303  0.7948750898632982E-05   4   0 0  1 0  0 0  2 1
   304  0.3003734383467802E-04   4   0 0  0 1  0 0  2 1
   305  -.2916173596266958E-06   4   1 0  0 0  0 1  0 2
   306  0.1363227980200310E-05   4   0 1  0 0  0 1  0 2
   307  -.8214981383807711E-05   4   0 0  1 0  0 1  0 2
   308  -.1753306788363906E-04   4   0 0  0 1  0 1  0 2
   309  -.2205259925352359E-05   4   1 0  0 0  0 0  1 2
   310  -.4353121457443507E-06   4   0 1  0 0  0 0  1 2
   311  0.4317614289364509E-08   4   0 0  1 0  0 0  1 2
   312  -.8928170393514817E-05   4   0 0  0 1  0 0  1 2
   313  -.3754538475260259E-07   4   1 0  0 0  0 0  0 3
   314  -.8199204014917281E-08   4   0 1  0 0  0 0  0 3
   315  -.2168360163905317E-05   4   0 0  1 0  0 0  0 3
   316  -.1962259604982061E-05   4   0 0  0 1  0 0  0 3
   317  -.1565302501400349       4   0 0  0 0  0 4  0 0
   318  0.8947684458366939E-01   4   0 0  0 0  0 3  1 0
   319  0.2686485607645609E-01   4   0 0  0 0  0 2  2 0
   320  0.1798162755227602E-01   4   0 0  0 0  0 1  3 0
   321  0.2220686184952945E-01   4   0 0  0 0  0 0  4 0
   322  0.4251101663616216E-08   4   0 0  0 0  0 3  0 1
   323  0.2435245363363428E-08   4   0 0  0 0  0 2  1 1
   324  0.1969497096096456E-08   4   0 0  0 0  0 1  2 1
   325  0.6842629634456407E-09   4   0 0  0 0  0 0  3 1
   326  -.5405097551595533E-09   4   0 0  0 0  0 2  0 2
   327  -.6920133740538670E-10   4   0 0  0 0  0 1  1 2
   328  -.3725787844306289E-10   4   0 0  0 0  0 0  2 2
   329  -.1813406979336233E-09   4   0 0  0 0  0 1  0 3
   330  -.8579796121237888E-10   4   0 0  0 0  0 0  1 3
   331  -.7437035932999663E-11   4   0 0  0 0  0 0  0 4
   ----------------------------------------------------
     I  COEFFICIENT            ORDER EXPONENTS
     1   1.000000000000000       1   0 0  0 0  0 1  0 0
     --------------------------------------------------
     I  COEFFICIENT            ORDER EXPONENTS
     1   1.000000000000000       1   0 0  0 0  0 0  1 0
     --------------------------------------------------
     I  COEFFICIENT            ORDER EXPONENTS
     1   1.000000000000000       1   0 0  0 0  0 0  0 1
     --------------------------------------------------
