 L    0.1145458000000000E+01
 P (  0.0000000000000000E+00,  0.0000000000000000E+00,  0.9555200000000000E-01)
 A (  0.0000000000000000E+00,  0.0000000000000000E+00,  0.0000000000000000E+00)
     I  COEFFICIENT            ORDER EXPONENTS
     1  0.9486459557389573E-04   0   0 0  0 0  0 0  0 0
     2   1.535444943210774       1   1 0  0 0  0 0  0 0
     3   1.620668571221916       1   0 1  0 0  0 0  0 0
     4  0.1604108408389397E-04   1   0 0  1 0  0 0  0 0
     5  0.1411006398925709E-04   1   0 0  0 1  0 0  0 0
     6  -.8905763312810209E-06   1   0 0  0 0  0 1  0 0
     7  -.8893778356259020E-06   1   0 0  0 0  0 0  1 0
     8  0.1779954168664375E-05   1   0 0  0 0  0 0  0 1
     9  -.1324655206641615       2   2 0  0 0  0 0  0 0
    10  -.2368318355806946       2   1 1  0 0  0 0  0 0
    11  -.1064085913977882       2   0 2  0 0  0 0  0 0
    12  0.5373098238815586E-03   2   1 0  1 0  0 0  0 0
    13  0.1643167474210056E-03   2   0 1  1 0  0 0  0 0
    14  0.9971848661783533E-01   2   0 0  2 0  0 0  0 0
    15  0.5274608244796201E-03   2   1 0  0 1  0 0  0 0
    16  0.2319330550489609E-03   2   0 1  0 1  0 0  0 0
    17  0.1779737433801107       2   0 0  1 1  0 0  0 0
    18  0.8005057427137735E-01   2   0 0  0 2  0 0  0 0
    19  -.2869873970877068       2   1 0  0 0  0 1  0 0
    20  -1.064568036872515       2   0 1  0 0  0 1  0 0
    21  -.8695064510861819E-05   2   0 0  1 0  0 1  0 0
    22  -.1475327839967878E-04   2   0 0  0 1  0 1  0 0
    23  -.2866011829739533       2   1 0  0 0  0 0  1 0
    24  -1.063135391379845       2   0 1  0 0  0 0  1 0
    25  -.8683363102827299E-05   2   0 0  1 0  0 0  1 0
    26  -.1473342413290644E-04   2   0 0  0 1  0 0  1 0
    27  0.5735885800887772       2   1 0  0 0  0 0  0 1
    28  0.5070348570578087       2   0 1  0 0  0 0  0 1
    29  0.1737840818144399E-04   2   0 0  1 0  0 0  0 1
    30  0.1537661988067068E-04   2   0 0  0 1  0 0  0 1
    31  0.5151287839563681E-06   2   0 0  0 0  0 2  0 0
    32  0.1407057372473905E-06   2   0 0  0 0  0 1  1 0
    33  0.5143408702609964E-06   2   0 0  0 0  0 0  2 0
    34  -.2804471085608757E-06   2   0 0  0 0  0 1  0 1
    35  -.2800696960592574E-06   2   0 0  0 0  0 0  1 1
    36  -.6097140410656640E-06   2   0 0  0 0  0 0  0 2
    37   1.185898547389169       3   3 0  0 0  0 0  0 0
    38   6.110567404742740       3   2 1  0 0  0 0  0 0
    39   8.733283491409260       3   1 2  0 0  0 0  0 0
    40   4.586152553780746       3   0 3  0 0  0 0  0 0
    41  -.1052585496169881E-01   3   2 0  1 0  0 0  0 0
    42  -.1859106321078130E-01   3   1 1  1 0  0 0  0 0
    43  -.8226054072011824E-02   3   0 2  1 0  0 0  0 0
    44  -1.382277515924702       3   1 0  2 0  0 0  0 0
    45  0.2747961695276550       3   0 1  2 0  0 0  0 0
    46  0.2631864619435465E-02   3   0 0  3 0  0 0  0 0
    47  -.9523832835085557E-02   3   2 0  0 1  0 0  0 0
    48  -.1694638274873058E-01   3   1 1  0 1  0 0  0 0
    49  -.7548049604017290E-02   3   0 2  0 1  0 0  0 0
    50  -3.762915158480389       3   1 0  1 1  0 0  0 0
    51  -1.157985700572931       3   0 1  1 1  0 0  0 0
    52  0.7024783163690641E-02   3   0 0  2 1  0 0  0 0
    53  -1.684958319651951       3   1 0  0 2  0 0  0 0
    54  0.7456839967565454E-01   3   0 1  0 2  0 0  0 0
    55  0.6310895862860048E-02   3   0 0  1 2  0 0  0 0
    56  0.1915940090869057E-02   3   0 0  0 3  0 0  0 0
    57  0.8025694857245376E-01   3   2 0  0 0  0 1  0 0
    58  0.2615812892562763       3   1 1  0 0  0 1  0 0
    59  0.1705305534255200       3   0 2  0 0  0 1  0 0
    60  -.3298947571884283E-03   3   1 0  1 0  0 1  0 0
    61  -.1855292077121955E-03   3   0 1  1 0  0 1  0 0
    62  -.4687013806163871E-01   3   0 0  2 0  0 1  0 0
    63  -.6360268581179908E-03   3   1 0  0 1  0 1  0 0
    64  -.4175816900272377E-03   3   0 1  0 1  0 1  0 0
    65  -.1721667696001449       3   0 0  1 1  0 1  0 0
    66  -.1173104553368867       3   0 0  0 2  0 1  0 0
    67  0.8014894255344378E-01   3   2 0  0 0  0 0  1 0
    68  0.2612292654850942       3   1 1  0 0  0 0  1 0
    69  0.1703010614435465       3   0 2  0 0  0 0  1 0
    70  -.3294508003716040E-03   3   1 0  1 0  0 0  1 0
    71  -.1852795312481440E-03   3   0 1  1 0  0 0  1 0
    72  -.4680706243874839E-01   3   0 0  2 0  0 0  1 0
    73  -.6351709231472426E-03   3   1 0  0 1  0 0  1 0
    74  -.4170197282687418E-03   3   0 1  0 1  0 0  1 0
    75  -.1719350756755558       3   0 0  1 1  0 0  1 0
    76  -.1171525844547445       3   0 0  0 2  0 0  1 0
    77  -.1604061456699657       3   2 0  0 0  0 0  0 1
    78  -.2859791362270988       3   1 1  0 0  0 0  0 1
    79  -.1280146018842199       3   0 2  0 0  0 0  0 1
    80  0.6586620818967905E-03   3   1 0  1 0  0 0  0 1
    81  0.2057940326058766E-03   3   0 1  1 0  0 0  0 1
    82  0.9367734969210639E-01   3   0 0  2 0  0 0  0 1
    83  0.7430252006172511E-03   3   1 0  0 1  0 0  0 1
    84  0.3700052391502754E-03   3   0 1  0 1  0 0  0 1
    85  0.1661283355876013       3   0 0  1 1  0 0  0 1
    86  0.7436198123770474E-01   3   0 0  0 2  0 0  0 1
    87  0.2250083587394340       3   1 0  0 0  0 2  0 0
    88  0.9333587823493537       3   0 1  0 0  0 2  0 0
    89  0.6869872830816095E-05   3   0 0  1 0  0 2  0 0
    90  0.1525487001973970E-04   3   0 0  0 1  0 2  0 0
    91  0.1631957037484120       3   1 0  0 0  0 1  1 0
    92  0.8025009345885497       3   0 1  0 0  0 1  1 0
    93  0.4989011092459545E-05   3   0 0  1 0  0 1  1 0
    94  0.1569002724500396E-04   3   0 0  0 1  0 1  1 0
    95  0.2245957425510394       3   1 0  0 0  0 0  2 0
    96  0.9315627281191374       3   0 1  0 0  0 0  2 0
    97  0.6857270691819578E-05   3   0 0  1 0  0 0  2 0
    98  0.1522378328502312E-04   3   0 0  0 1  0 0  2 0
    99  -.3262253924198616       3   1 0  0 0  0 1  0 1
   100  -.5400831908312349       3   0 1  0 0  0 1  0 1
   101  -.9929526657246684E-05   3   0 0  1 0  0 1  0 1
   102  -.1653744285310833E-04   3   0 0  0 1  0 1  0 1
   103  -.3257863736612112       3   1 0  0 0  0 0  1 1
   104  -.5393563723262520       3   0 1  0 0  0 0  1 1
   105  -.9916163968233686E-05   3   0 0  1 0  0 0  1 1
   106  -.1651518754189927E-04   3   0 0  0 1  0 0  1 1
   107  0.3921169496283677E-01   3   1 0  0 0  0 0  0 2
   108  0.3268504158482431E-01   3   0 1  0 0  0 0  0 2
   109  0.1178085272882480E-05   3   0 0  1 0  0 0  0 2
   110  0.1109093776318142E-05   3   0 0  0 1  0 0  0 2
   111  -.3240526430954934E-06   3   0 0  0 0  0 3  0 0
   112  0.5773453595369262E-07   3   0 0  0 0  0 2  1 0
   113  0.5696472947833836E-07   3   0 0  0 0  0 1  2 0
   114  -.3234372972567500E-06   3   0 0  0 0  0 0  3 0
   115  -.1160567342238496E-06   3   0 0  0 0  0 2  0 1
   116  -.5113827518873643E-06   3   0 0  0 0  0 1  1 1
   117  -.1155564532180690E-06   3   0 0  0 0  0 0  2 1
   118  0.6521933545959147E-06   3   0 0  0 0  0 1  0 2
   119  0.6513156635160840E-06   3   0 0  0 0  0 0  1 2
   120  -.2805613060730170E-07   3   0 0  0 0  0 0  0 3
   121  -14.78334657340741       4   4 0  0 0  0 0  0 0
   122  -54.66934703780178       4   3 1  0 0  0 0  0 0
   123  -76.27692734120139       4   2 2  0 0  0 0  0 0
   124  -47.68636090022282       4   1 3  0 0  0 0  0 0
   125  -11.28915741533888       4   0 4  0 0  0 0  0 0
   126  -.7286365989840417E-02   4   3 0  1 0  0 0  0 0
   127  -.1942919479290552E-01   4   2 1  1 0  0 0  0 0
   128  -.1822078039034394E-01   4   1 2  1 0  0 0  0 0
   129  -.6016569922095540E-02   4   0 3  1 0  0 0  0 0
   130   61.87745634124353       4   2 0  2 0  0 0  0 0
   131   109.5994813339957       4   1 1  2 0  0 0  0 0
   132   48.93583793710155       4   0 2  2 0  0 0  0 0
   133  0.5467106809048374E-02   4   1 0  3 0  0 0  0 0
   134  0.4810257594155271E-02   4   0 1  3 0  0 0  0 0
   135  -7.811720517636609       4   0 0  4 0  0 0  0 0
   136  -.6554507945182307E-02   4   3 0  0 1  0 0  0 0
   137  -.1694766121626854E-01   4   2 1  0 1  0 0  0 0
   138  -.1480979640197975E-01   4   1 2  0 1  0 0  0 0
   139  -.4434007247570845E-02   4   0 3  0 1  0 0  0 0
   140   112.9529725061600       4   2 0  1 1  0 0  0 0
   141   201.5503228894779       4   1 1  1 1  0 0  0 0
   142   90.72946245188149       4   0 2  1 1  0 0  0 0
   143  0.1421717053136704E-01   4   1 0  2 1  0 0  0 0
   144  0.1254687663410098E-01   4   0 1  2 1  0 0  0 0
   145  -27.59092660358819       4   0 0  3 1  0 0  0 0
   146   51.78959931192977       4   2 0  0 2  0 0  0 0
   147   92.98192392682654       4   1 1  0 2  0 0  0 0
   148   42.14451858738926       4   0 2  0 2  0 0  0 0
   149  0.1218050397401351E-01   4   1 0  1 2  0 0  0 0
   150  0.1075876514627794E-01   4   0 1  1 2  0 0  0 0
   151  -36.77903603913425       4   0 0  2 2  0 0  0 0
   152  0.3829981559158427E-02   4   1 0  0 3  0 0  0 0
   153  0.3347410017768836E-02   4   0 1  0 3  0 0  0 0
   154  -21.84526319505516       4   0 0  1 3  0 0  0 0
   155  -4.858712324560788       4   0 0  0 4  0 0  0 0
   156  -1.904041599719077       4   3 0  0 0  0 1  0 0
   157  -10.69610411409631       4   2 1  0 0  0 1  0 0
   158  -18.19338220836370       4   1 2  0 0  0 1  0 0
   159  -10.71857756657701       4   0 3  0 0  0 1  0 0
   160  0.1251179085221661E-02   4   2 0  1 0  0 1  0 0
   161  0.1037437898992560E-01   4   1 1  1 0  0 1  0 0
   162  0.8119369102378798E-02   4   0 2  1 0  0 1  0 0
   163  0.8933871392239238       4   1 0  2 0  0 1  0 0
   164  -.2972953102340585       4   0 1  2 0  0 1  0 0
   165  -.3770581303797792E-03   4   0 0  3 0  0 1  0 0
   166  0.5231648405789507E-02   4   2 0  0 1  0 1  0 0
   167  0.1663384534308050E-01   4   1 1  0 1  0 1  0 0
   168  0.1058952601778306E-01   4   0 2  0 1  0 1  0 0
   169   4.816077038480328       4   1 0  1 1  0 1  0 0
   170   2.342074882132350       4   0 1  1 1  0 1  0 0
   171  -.4166718461179376E-02   4   0 0  2 1  0 1  0 0
   172   3.270132681005249       4   1 0  0 2  0 1  0 0
   173  0.6561064444391649       4   0 1  0 2  0 1  0 0
   174  -.6560890950934595E-02   4   0 0  1 2  0 1  0 0
   175  -.2847781983163994E-02   4   0 0  0 3  0 1  0 0
   176  -1.901479230268549       4   3 0  0 0  0 0  1 0
   177  -10.68170980126955       4   2 1  0 0  0 0  1 0
   178  -18.16889841201220       4   1 2  0 0  0 0  1 0
   179  -10.70415301003701       4   0 3  0 0  0 0  1 0
   180  0.1249495307374799E-02   4   2 0  1 0  0 0  1 0
   181  0.1036041763960850E-01   4   1 1  1 0  0 0  1 0
   182  0.8108442438093423E-02   4   0 2  1 0  0 0  1 0
   183  0.8921848609158258       4   1 0  2 0  0 0  1 0
   184  -.2968952242165948       4   0 1  2 0  0 0  1 0
   185  -.3765507033180486E-03   4   0 0  3 0  0 0  1 0
   186  0.5224607899924044E-02   4   2 0  0 1  0 0  1 0
   187  0.1661146029794375E-01   4   1 1  0 1  0 0  1 0
   188  0.1057527513273539E-01   4   0 2  0 1  0 0  1 0
   189   4.809595788975776       4   1 0  1 1  0 0  1 0
   190   2.338923028134130       4   0 1  1 1  0 0  1 0
   191  -.4161111087844959E-02   4   0 0  2 1  0 0  1 0
   192   3.265731890559163       4   1 0  0 2  0 0  1 0
   193  0.6552234873074603       4   0 1  0 2  0 0  1 0
   194  -.6552061613096907E-02   4   0 0  1 2  0 0  1 0
   195  -.2843949572382366E-02   4   0 0  0 3  0 0  1 0
   196   3.803564100249277       4   3 0  0 0  0 0  0 1
   197   15.26113801563738       4   2 1  0 0  0 0  0 1
   198   18.88933615812538       4   1 2  0 0  0 0  0 1
   199   7.662045851564097       4   0 3  0 0  0 0  0 1
   200  0.8315011621731604E-03   4   2 0  1 0  0 0  0 1
   201  0.1844169803958799E-02   4   1 1  1 0  0 0  0 1
   202  0.1026938714162538E-02   4   0 2  1 0  0 0  0 1
   203  -1.782246985972454       4   1 0  2 0  0 0  0 1
   204  0.3227676297974342       4   0 1  2 0  0 0  0 1
   205  -.6678138993883447E-04   4   0 0  3 0  0 0  0 1
   206  0.9478048004772108E-03   4   2 0  0 1  0 0  0 1
   207  0.2016304191075876E-02   4   1 1  0 1  0 0  0 1
   208  0.1091984581845811E-02   4   0 2  0 1  0 0  0 1
   209  -5.855872031134516       4   1 0  1 1  0 0  0 1
   210  -2.358003736428759       4   0 1  1 1  0 0  0 1
   211  -.2180998014948163E-03   4   0 0  2 1  0 0  0 1
   212  -3.162366579799471       4   1 0  0 2  0 0  0 1
   213  -1.531365586294080       4   0 1  0 2  0 0  0 1
   214  -.2120021460703609E-03   4   0 0  1 2  0 0  0 1
   215  -.5375992265837173E-04   4   0 0  0 3  0 0  0 1
   216  -.6904164099559403E-01   4   2 0  0 0  0 2  0 0
   217  -.2840719531448687       4   1 1  0 0  0 2  0 0
   218  -.2264776719276920       4   0 2  0 0  0 2  0 0
   219  -.7057983902215975E-04   4   1 0  1 0  0 2  0 0
   220  0.5244029574367543E-04   4   0 1  1 0  0 2  0 0
   221  0.3345365245234212E-01   4   0 0  2 0  0 2  0 0
   222  0.4586179383328339E-03   4   1 0  0 1  0 2  0 0
   223  0.5459805944596546E-03   4   0 1  0 1  0 2  0 0
   224  0.1675710809484498       4   0 0  1 1  0 2  0 0
   225  0.1436921240411053       4   0 0  0 2  0 2  0 0
   226  -.5687629726408218E-01   4   2 0  0 0  0 1  1 0
   227  -.3042596801817425       4   1 1  0 0  0 1  1 0
   228  -.2807919037434110       4   0 2  0 0  0 1  1 0
   229  -.1464667457865747E-03   4   1 0  1 0  0 1  1 0
   230  0.3929554478996253E-04   4   0 1  1 0  0 1  1 0
   231  0.2053697230753495E-01   4   0 0  2 0  0 1  1 0
   232  0.5259505418694858E-03   4   1 0  0 1  0 1  1 0
   233  0.7120946385264057E-03   4   0 1  0 1  0 1  1 0
   234  0.1636633860469457       4   0 0  1 1  0 1  1 0
   235  0.1703344839542567       4   0 0  0 2  0 1  1 0
   236  -.6891045728877568E-01   4   2 0  0 0  0 0  2 0
   237  -.2834849333290091       4   1 1  0 0  0 0  2 0
   238  -.2259839506949373       4   0 2  0 0  0 0  2 0
   239  -.7038630197924783E-04   4   1 0  1 0  0 0  2 0
   240  0.5234328301900536E-04   4   0 1  1 0  0 0  2 0
   241  0.3339481325875893E-01   4   0 0  2 0  0 0  2 0
   242  0.4576468521993190E-03   4   1 0  0 1  0 0  2 0
   243  0.5447666878044746E-03   4   0 1  0 1  0 0  2 0
   244  0.1672354464491838       4   0 0  1 1  0 0  2 0
   245  0.1433841358920862       4   0 0  0 2  0 0  2 0
   246  0.1125012829005166       4   2 0  0 0  0 1  0 1
   247  0.3433842595289288       4   1 1  0 0  0 1  0 1
   248  0.2175788595851690       4   0 2  0 0  0 1  0 1
   249  0.2592271417890897E-03   4   1 0  1 0  0 1  0 1
   250  0.1948960823337653E-03   4   0 1  1 0  0 1  0 1
   251  -.4144915791950579E-01   4   0 0  2 0  0 1  0 1
   252  -.2749673336762525E-03   4   1 0  0 1  0 1  0 1
   253  -.2209989548655305E-03   4   0 1  0 1  0 1  0 1
   254  -.1556648529045719       4   0 0  1 1  0 1  0 1
   255  -.1065408452614794       4   0 0  0 2  0 1  0 1
   256  0.1123498839759920       4   2 0  0 0  0 0  1 1
   257  0.3429221491755961       4   1 1  0 0  0 0  1 1
   258  0.2172860522100762       4   0 2  0 0  0 0  1 1
   259  0.2588782861186225E-03   4   1 0  1 0  0 0  1 1
   260  0.1946338003712948E-03   4   0 1  1 0  0 0  1 1
   261  -.4139337759620884E-01   4   0 0  2 0  0 0  1 1
   262  -.2745972955973522E-03   4   1 0  0 1  0 0  1 1
   263  -.2207015448873920E-03   4   0 1  0 1  0 0  1 1
   264  -.1554553664817632       4   0 0  1 1  0 0  1 1
   265  -.1063974676130225       4   0 0  0 2  0 0  1 1
   266  -.3096595706020073E-01   4   2 0  0 0  0 0  0 2
   267  -.5436131473916956E-01   4   1 1  0 0  0 0  0 2
   268  -.2384929934503712E-01   4   0 2  0 0  0 0  0 2
   269  -.2974993778114085E-03   4   1 0  1 0  0 0  0 2
   270  -.2959938020656769E-03   4   0 1  1 0  0 0  0 2
   271  -.4958991594971309E-02   4   0 0  2 0  0 0  0 2
   272  -.2264411458086394E-03   4   1 0  0 1  0 0  0 2
   273  -.2321539535705881E-03   4   0 1  0 1  0 0  0 2
   274  -.9935379226559094E-02   4   0 0  1 1  0 0  0 2
   275  -.4846172272524603E-02   4   0 0  0 2  0 0  0 2
   276  -.1941805937815949       4   1 0  0 0  0 3  0 0
   277  -.8720070517559886       4   0 1  0 0  0 3  0 0
   278  -.9341763090761964E-05   4   0 0  1 0  0 3  0 0
   279  -.1957739014556252E-04   4   0 0  0 1  0 3  0 0
   280  -.1325564977046453       4   1 0  0 0  0 2  1 0
   281  -.7493646800368450       4   0 1  0 0  0 2  1 0
   282  -.6188505050487696E-05   4   0 0  1 0  0 2  1 0
   283  -.1920179349620711E-04   4   0 0  0 1  0 2  1 0
   284  -.1326803664046541       4   1 0  0 0  0 1  2 0
   285  -.7496098806491401       4   0 1  0 0  0 1  2 0
   286  -.6194844931970679E-05   4   0 0  1 0  0 1  2 0
   287  -.1920249850313937E-04   4   0 0  0 1  0 1  2 0
   288  -.1936995412702358       4   1 0  0 0  0 0  3 0
   289  -.8697432425613698       4   0 1  0 0  0 0  3 0
   290  -.9318747050014864E-05   4   0 0  1 0  0 0  3 0
   291  -.1952496762925123E-04   4   0 0  0 1  0 0  3 0
   292  0.2650667182633845       4   1 0  0 0  0 2  0 1
   293  0.5652923567481285       4   0 1  0 0  0 2  0 1
   294  0.1128823590537399E-04   4   0 0  1 0  0 2  0 1
   295  0.2101660240529860E-04   4   0 0  0 1  0 2  0 1
   296  0.2040665959932499       4   1 0  0 0  0 1  1 1
   297  0.5904272418808787       4   0 1  0 0  0 1  1 1
   298  0.8189345787962739E-05   4   0 0  1 0  0 1  1 1
   299  0.2078238187454391E-04   4   0 0  0 1  0 1  1 1
   300  0.2645726923623246       4   1 0  0 0  0 0  2 1
   301  0.5641343283575950       4   0 1  0 0  0 0  2 1
   302  0.1126753431177893E-04   4   0 0  1 0  0 0  2 1
   303  0.2097433527721613E-04   4   0 0  0 1  0 0  2 1
   304  -.4086604332208885E-01   4   1 0  0 0  0 1  0 2
   305  -.5037216000953959E-01   4   0 1  0 0  0 1  0 2
   306  -.4116830562918592E-06   4   0 0  1 0  0 1  0 2
   307  -.8469424962351328E-06   4   0 0  0 1  0 1  0 2
   308  -.4081104772693518E-01   4   1 0  0 0  0 0  1 2
   309  -.5030437153055587E-01   4   0 1  0 0  0 0  1 2
   310  -.4111290326366274E-06   4   0 0  1 0  0 0  1 2
   311  -.8458027209386977E-06   4   0 0  0 1  0 0  1 2
   312  0.1083992633674408E-02   4   1 0  0 0  0 0  0 3
   313  0.8733030450760201E-03   4   0 1  0 0  0 0  0 3
   314  0.6994668996297611E-07   4   0 0  1 0  0 0  0 3
   315  0.5648443371009321E-07   4   0 0  0 1  0 0  0 3
   316  -.3254825441927197E-04   4   0 0  0 0  0 4  0 0
   317  -.2193721376011545E-04   4   0 0  0 0  0 3  1 0
   318  -.2053446674497813E-04   4   0 0  0 0  0 2  2 0
   319  -.2196752343002746E-04   4   0 0  0 0  0 1  3 0
   320  -.3244594825292539E-04   4   0 0  0 0  0 0  4 0
   321  0.7733923608519762E-05   4   0 0  0 0  0 3  0 1
   322  0.8102604204713244E-05   4   0 0  0 0  0 2  1 1
   323  0.8101838965463930E-05   4   0 0  0 0  0 1  2 1
   324  0.7712866978762436E-05   4   0 0  0 0  0 0  3 1
   325  -.5169550804110962E-06   4   0 0  0 0  0 2  0 2
   326  -.6422631361900246E-06   4   0 0  0 0  0 1  1 2
   327  -.5158272228971931E-06   4   0 0  0 0  0 0  2 2
   328  0.1189383044147388E-07   4   0 0  0 0  0 1  0 3
   329  0.1187782428500255E-07   4   0 0  0 0  0 0  1 3
   330  -.4175711854522029E-14   4   0 0  0 0  0 0  0 4
   ----------------------------------------------------
     I  COEFFICIENT            ORDER EXPONENTS
     1  0.3859260788871609E-04   0   0 0  0 0  0 0  0 0
     2   2.517906787885651       1   1 0  0 0  0 0  0 0
     3   3.308938180304512       1   0 1  0 0  0 0  0 0
     4  0.7204231882013103E-04   1   0 0  1 0  0 0  0 0
     5  0.6625750839108032E-04   1   0 0  0 1  0 0  0 0
     6  0.1429417143201887E-05   1   0 0  0 0  0 1  0 0
     7  0.1427493500976702E-05   1   0 0  0 0  0 0  1 0
     8  0.3573569725241384E-04   1   0 0  0 0  0 0  0 1
     9  -.6557980300127139       2   2 0  0 0  0 0  0 0
    10  -1.201829194552047       2   1 1  0 0  0 0  0 0
    11  -.5535720222952472       2   0 2  0 0  0 0  0 0
    12  0.2691021102533474E-02   2   1 0  1 0  0 0  0 0
    13  0.1951316846051146E-02   2   0 1  1 0  0 0  0 0
    14  0.4434768401501707       2   0 0  2 0  0 0  0 0
    15  0.2413308349407870E-02   2   1 0  0 1  0 0  0 0
    16  0.1790335800206015E-02   2   0 1  0 1  0 0  0 0
    17  0.8132372561584758       2   0 0  1 1  0 0  0 0
    18  0.3764732640003778       2   0 0  0 2  0 0  0 0
    19  -.1340221983897488       2   1 0  0 0  0 1  0 0
    20  -1.268730021256775       2   0 1  0 0  0 1  0 0
    21  -.3769961915611712E-05   2   0 0  1 0  0 1  0 0
    22  -.3682385187110681E-04   2   0 0  0 1  0 1  0 0
    23  -.1338418376314032       2   1 0  0 0  0 0  1 0
    24  -1.267022624187343       2   0 1  0 0  0 0  1 0
    25  -.3764888478537846E-05   2   0 0  1 0  0 0  1 0
    26  -.3677429606670674E-04   2   0 0  0 1  0 0  1 0
    27   2.785770824052120       2   1 0  0 0  0 0  0 1
    28   2.535752645591355       2   0 1  0 0  0 0  0 1
    29  0.7957703309014246E-04   2   0 0  1 0  0 0  0 1
    30  0.7359801419482236E-04   2   0 0  0 1  0 0  0 1
    31  -.1126707471227451E-05   2   0 0  0 0  0 2  0 0
    32  -.8248064655793546E-06   2   0 0  0 0  0 1  1 0
    33  -.1124636208576606E-05   2   0 0  0 0  0 0  2 0
    34  0.3078219798119806E-05   2   0 0  0 0  0 1  0 1
    35  0.3074077274986881E-05   2   0 0  0 0  0 0  1 1
    36  -.3076148106117248E-05   2   0 0  0 0  0 0  0 2
    37  -9.352874587971028       3   3 0  0 0  0 0  0 0
    38  -27.26757344898395       3   2 1  0 0  0 0  0 0
    39  -27.63282805978202       3   1 2  0 0  0 0  0 0
    40  -8.476472532584907       3   0 3  0 0  0 0  0 0
    41  -.5179844191584388E-01   3   2 0  1 0  0 0  0 0
    42  -.9425518019726549E-01   3   1 1  1 0  0 0  0 0
    43  -.4310180566089764E-01   3   0 2  1 0  0 0  0 0
    44  -13.25662985610600       3   1 0  2 0  0 0  0 0
    45  -10.56576837693335       3   0 1  2 0  0 0  0 0
    46  0.1151093995376060E-01   3   0 0  3 0  0 0  0 0
    47  -.4889423949770079E-01   3   2 0  0 1  0 0  0 0
    48  -.8977209744209257E-01   3   1 1  0 1  0 0  0 0
    49  -.4138138417986466E-01   3   0 2  0 1  0 0  0 0
    50  -28.00279447521097       3   1 0  1 1  0 0  0 0
    51  -23.35209519278074       3   0 1  1 1  0 0  0 0
    52  0.3146581153507449E-01   3   0 0  2 1  0 0  0 0
    53  -12.97884828512233       3   1 0  0 2  0 0  0 0
    54  -9.948279715883002       3   0 1  0 2  0 0  0 0
    55  0.2895699665784754E-01   3   0 0  1 2  0 0  0 0
    56  0.9006873670373439E-02   3   0 0  0 3  0 0  0 0
    57  0.9689616689735023E-01   3   2 0  0 0  0 1  0 0
    58  0.7740872671227131       3   1 1  0 0  0 1  0 0
    59  0.6309187673283497       3   0 2  0 0  0 1  0 0
    60  -.1132357571421206E-02   3   1 0  1 0  0 1  0 0
    61  -.1859420897083552E-02   3   0 1  1 0  0 1  0 0
    62  0.1524320129786474E-01   3   0 0  2 0  0 1  0 0
    63  -.2393538629010500E-02   3   1 0  0 1  0 1  0 0
    64  -.2762769306240554E-02   3   0 1  0 1  0 1  0 0
    65  -.3750511990155400       3   0 0  1 1  0 1  0 0
    66  -.3607090775207952       3   0 0  0 2  0 1  0 0
    67  0.9676576860249830E-01   3   2 0  0 0  0 0  1 0
    68  0.7730455369600888       3   1 1  0 0  0 0  1 0
    69  0.6300697065854501       3   0 2  0 0  0 0  1 0
    70  -.1130833697967749E-02   3   1 0  1 0  0 0  1 0
    71  -.1856918576071727E-02   3   0 1  1 0  0 0  1 0
    72  0.1522268771594549E-01   3   0 0  2 0  0 0  1 0
    73  -.2390317517527147E-02   3   1 0  0 1  0 0  1 0
    74  -.2759051301513023E-02   3   0 1  0 1  0 0  1 0
    75  -.3745464727874555       3   0 0  1 1  0 0  1 0
    76  -.3602236522438973       3   0 0  0 2  0 0  1 0
    77  -.8494622172894726       3   2 0  0 0  0 0  0 1
    78  -1.547136583914737       3   1 1  0 0  0 0  0 1
    79  -.7074180330435205       3   0 2  0 0  0 0  0 1
    80  0.4950757388523535E-02   3   1 0  1 0  0 0  0 1
    81  0.3712822617404251E-02   3   0 1  1 0  0 0  0 1
    82  0.4130123832080441       3   0 0  2 0  0 0  0 1
    83  0.4780111599153486E-02   3   1 0  0 1  0 0  0 1
    84  0.3727630548975391E-02   3   0 1  0 1  0 0  0 1
    85  0.7496000812569746       3   0 0  1 1  0 0  0 1
    86  0.3444604700842466       3   0 0  0 2  0 0  0 1
    87  0.1029224362624439       3   1 0  0 0  0 2  0 0
    88   1.010092309945952       3   0 1  0 0  0 2  0 0
    89  0.2606872048974653E-05   3   0 0  1 0  0 2  0 0
    90  0.2922913609111300E-04   3   0 0  0 1  0 2  0 0
    91  0.7190582298780544E-01   3   1 0  0 0  0 1  1 0
    92  0.7521481810754584       3   0 1  0 0  0 1  1 0
    93  0.1445899385437704E-05   3   0 0  1 0  0 1  1 0
    94  0.2165939678383071E-04   3   0 0  0 1  0 1  1 0
    95  0.1027355443643996       3   1 0  0 0  0 0  2 0
    96   1.008226872531939       3   0 1  0 0  0 0  2 0
    97  0.2602390931805709E-05   3   0 0  1 0  0 0  2 0
    98  0.2917522679957254E-04   3   0 0  0 1  0 0  2 0
    99  -.2777500963316959       3   1 0  0 0  0 1  0 1
   100  -1.503602284901280       3   0 1  0 0  0 1  0 1
   101  -.6744530010423408E-05   3   0 0  1 0  0 1  0 1
   102  -.4336077521324060E-04   3   0 0  0 1  0 1  0 1
   103  -.2773763133419564       3   1 0  0 0  0 0  1 1
   104  -1.501578807808577       3   0 1  0 0  0 0  1 1
   105  -.6735453539793901E-05   3   0 0  1 0  0 0  1 1
   106  -.4330242232548102E-04   3   0 0  0 1  0 0  1 1
   107  0.2775628607483202       3   1 0  0 0  0 0  0 2
   108  0.2347139409977317       3   0 1  0 0  0 0  0 2
   109  0.6778807560944075E-05   3   0 0  1 0  0 0  0 2
   110  0.6586234160488265E-05   3   0 0  0 1  0 0  0 2
   111  0.9752635157263893E-06   3   0 0  0 0  0 3  0 0
   112  0.6739539874432662E-06   3   0 0  0 0  0 2  1 0
   113  0.6745595703094804E-06   3   0 0  0 0  0 1  2 0
   114  0.9728419439257702E-06   3   0 0  0 0  0 0  3 0
   115  -.2475976781195289E-05   3   0 0  0 0  0 2  0 1
   116  -.1875918353973549E-05   3   0 0  0 0  0 1  1 1
   117  -.2471382467075655E-05   3   0 0  0 0  0 0  2 1
   118  0.1876214920577984E-05   3   0 0  0 0  0 1  0 2
   119  0.1873689998960798E-05   3   0 0  0 0  0 0  1 2
   120  -.2247305946903760E-06   3   0 0  0 0  0 0  0 3
   121  -67.84728970963106       4   4 0  0 0  0 0  0 0
   122  -251.4761366628980       4   3 1  0 0  0 0  0 0
   123  -351.0127451498203       4   2 2  0 0  0 0  0 0
   124  -219.2262322572909       4   1 3  0 0  0 0  0 0
   125  -51.80875714218765       4   0 4  0 0  0 0  0 0
   126  -.3486037931522892E-01   4   3 0  1 0  0 0  0 0
   127  -.9285017465906029E-01   4   2 1  1 0  0 0  0 0
   128  -.8287919638971404E-01   4   1 2  1 0  0 0  0 0
   129  -.2375026503147320E-01   4   0 3  1 0  0 0  0 0
   130   288.7620438932298       4   2 0  2 0  0 0  0 0
   131   521.3721551327019       4   1 1  2 0  0 0  0 0
   132   236.6200225365017       4   0 2  2 0  0 0  0 0
   133  0.2783100263550548E-01   4   1 0  3 0  0 0  0 0
   134  0.2675582479909655E-01   4   0 1  3 0  0 0  0 0
   135  -34.14714176150053       4   0 0  4 0  0 0  0 0
   136  -.3274939036365185E-01   4   3 0  0 1  0 0  0 0
   137  -.8828333205773595E-01   4   2 1  0 1  0 0  0 0
   138  -.7860541799980213E-01   4   1 2  0 1  0 0  0 0
   139  -.2234695766591712E-01   4   0 3  0 1  0 0  0 0
   140   540.8360975064139       4   2 0  1 1  0 0  0 0
   141   983.7448952640570       4   1 1  1 1  0 0  0 0
   142   450.1239974904793       4   0 2  1 1  0 0  0 0
   143  0.8031840226827315E-01   4   1 0  2 1  0 0  0 0
   144  0.7742826753803470E-01   4   0 1  2 1  0 0  0 0
   145  -123.5378714503369       4   0 0  3 1  0 0  0 0
   146   254.9989559031790       4   2 0  0 2  0 0  0 0
   147   466.6219297683263       4   1 1  0 2  0 0  0 0
   148   214.9402027710343       4   0 2  0 2  0 0  0 0
   149  0.7732757615833490E-01   4   1 0  1 2  0 0  0 0
   150  0.7550428634890444E-01   4   0 1  1 2  0 0  0 0
   151  -169.1651891593096       4   0 0  2 2  0 0  0 0
   152  0.2601898829022852E-01   4   1 0  0 3  0 0  0 0
   153  0.2566924529210355E-01   4   0 1  0 3  0 0  0 0
   154  -103.5410354775259       4   0 0  1 3  0 0  0 0
   155  -23.81386838719446       4   0 0  0 4  0 0  0 0
   156   7.015455271089180       4   3 0  0 0  0 1  0 0
   157   33.75211543851368       4   2 1  0 0  0 1  0 0
   158   46.87469443917172       4   1 2  0 0  0 1  0 0
   159   18.79370779311250       4   0 3  0 0  0 1  0 0
   160  -.4792967209778607E-02   4   2 0  1 0  0 1  0 0
   161  0.3223173777274276E-01   4   1 1  1 0  0 1  0 0
   162  0.3325148721960659E-01   4   0 2  1 0  0 1  0 0
   163   4.856971514153572       4   1 0  2 0  0 1  0 0
   164   8.766729309363841       4   0 1  2 0  0 1  0 0
   165  0.1019718500023623E-02   4   0 0  3 0  0 1  0 0
   166  0.1591073740234682E-01   4   2 0  0 1  0 1  0 0
   167  0.6770782720589651E-01   4   1 1  0 1  0 1  0 0
   168  0.4875249981575955E-01   4   0 2  0 1  0 1  0 0
   169   25.19355880230863       4   1 0  1 1  0 1  0 0
   170   32.10417291230100       4   0 1  1 1  0 1  0 0
   171  -.1070724860964310E-01   4   0 0  2 1  0 1  0 0
   172   18.94047895423349       4   1 0  0 2  0 1  0 0
   173   19.76603692063276       4   0 1  0 2  0 1  0 0
   174  -.2203129346609032E-01   4   0 0  1 2  0 1  0 0
   175  -.1058758608022436E-01   4   0 0  0 3  0 1  0 0
   176   7.006014202012275       4   3 0  0 0  0 0  1 0
   177   33.70669343223845       4   2 1  0 0  0 0  1 0
   178   46.81161268452301       4   1 2  0 0  0 0  1 0
   179   18.76841610688122       4   0 3  0 0  0 0  1 0
   180  -.4786517060392402E-02   4   2 0  1 0  0 0  1 0
   181  0.3218836181907737E-01   4   1 1  1 0  0 0  1 0
   182  0.3320673893519472E-01   4   0 2  1 0  0 0  1 0
   183   4.850435230790962       4   1 0  2 0  0 0  1 0
   184   8.754931458220938       4   0 1  2 0  0 0  1 0
   185  0.1018346210923958E-02   4   0 0  3 0  0 0  1 0
   186  0.1588932548179783E-01   4   2 0  0 1  0 0  1 0
   187  0.6761670920300217E-01   4   1 1  0 1  0 0  1 0
   188  0.4868689099913322E-01   4   0 2  0 1  0 0  1 0
   189   25.15965449820376       4   1 0  1 1  0 0  1 0
   190   32.06096862941288       4   0 1  1 1  0 0  1 0
   191  -.1069283929907938E-01   4   0 0  2 1  0 0  1 0
   192   18.91498975029074       4   1 0  0 2  0 0  1 0
   193   19.73943671968602       4   0 1  0 2  0 0  1 0
   194  -.2200164478964255E-01   4   0 0  1 2  0 0  1 0
   195  -.1057333780585324E-01   4   0 0  0 3  0 0  1 0
   196  -23.38194411238677       4   3 0  0 0  0 0  0 1
   197  -67.48297371585058       4   2 1  0 0  0 0  0 1
   198  -66.07924588768036       4   1 2  0 0  0 0  0 1
   199  -20.61838371997697       4   0 3  0 0  0 0  0 1
   200  0.5148146016599229E-03   4   2 0  1 0  0 0  0 1
   201  0.1076071340734901E-02   4   1 1  1 0  0 0  0 1
   202  0.5646624213920912E-03   4   0 2  1 0  0 0  0 1
   203  -22.94786139680685       4   1 0  2 0  0 0  0 1
   204  -17.50551505245169       4   0 1  2 0  0 0  0 1
   205  -.6349163071931374E-03   4   0 0  3 0  0 0  0 1
   206  0.6359555807189564E-03   4   2 0  0 1  0 0  0 1
   207  0.1127848727576700E-02   4   1 1  0 1  0 0  0 1
   208  0.5509814308658530E-03   4   0 2  0 1  0 0  0 1
   209  -50.31864948185055       4   1 0  1 1  0 0  0 1
   210  -40.77798873609561       4   0 1  1 1  0 0  0 1
   211  -.1925964432845853E-02   4   0 0  2 1  0 0  0 1
   212  -24.85793917750899       4   1 0  0 2  0 0  0 1
   213  -19.58973657457144       4   0 1  0 2  0 0  0 1
   214  -.1915444088463210E-02   4   0 0  1 2  0 0  0 1
   215  -.5853406517524723E-03   4   0 0  0 3  0 0  0 1
   216  -.7649096468717068E-01   4   2 0  0 0  0 2  0 0
   217  -.6719328586525098       4   1 1  0 0  0 2  0 0
   218  -.6902343570190389       4   0 2  0 0  0 2  0 0
   219  -.5225128391563707E-03   4   1 0  1 0  0 2  0 0
   220  0.5979269652221249E-03   4   0 1  1 0  0 2  0 0
   221  -.9556198387130968E-02   4   0 0  2 0  0 2  0 0
   222  0.9668629443260761E-03   4   1 0  0 1  0 2  0 0
   223  0.2189305277434716E-02   4   0 1  0 1  0 2  0 0
   224  0.2690692757446190       4   0 0  1 1  0 2  0 0
   225  0.3504178014756161       4   0 0  0 2  0 2  0 0
   226  -.5765188979906222E-01   4   2 0  0 0  0 1  1 0
   227  -.5739852759679064       4   1 1  0 0  0 1  1 0
   228  -.7515914576542270       4   0 2  0 0  0 1  1 0
   229  -.6281259047596394E-03   4   1 0  1 0  0 1  1 0
   230  0.6897121112679654E-03   4   0 1  1 0  0 1  1 0
   231  -.3592085889960385E-02   4   0 0  2 0  0 1  1 0
   232  0.1081323373646217E-02   4   1 0  0 1  0 1  1 0
   233  0.2975852530012149E-02   4   0 1  0 1  0 1  1 0
   234  0.1634937781201361       4   0 0  1 1  0 1  1 0
   235  0.3401465945684506       4   0 0  0 2  0 1  1 0
   236  -.7634923415366010E-01   4   2 0  0 0  0 0  2 0
   237  -.6706423819117261       4   1 1  0 0  0 0  2 0
   238  -.6887997439697634       4   0 2  0 0  0 0  2 0
   239  -.5213870148825717E-03   4   1 0  1 0  0 0  2 0
   240  0.5966582122644819E-03   4   0 1  1 0  0 0  2 0
   241  -.9540921075758926E-02   4   0 0  2 0  0 0  2 0
   242  0.9648341887246499E-03   4   1 0  0 1  0 0  2 0
   243  0.2184356632526913E-02   4   0 1  0 1  0 0  2 0
   244  0.2685971638834176       4   0 0  1 1  0 0  2 0
   245  0.3497173490848011       4   0 0  0 2  0 0  2 0
   246  0.2127380347138993       4   2 0  0 0  0 1  0 1
   247   1.150488890006212       4   1 1  0 0  0 1  0 1
   248  0.8743948049959566       4   0 2  0 0  0 1  0 1
   249  0.8403290545879733E-03   4   1 0  1 0  0 1  0 1
   250  -.9834709890501542E-03   4   0 1  1 0  0 1  0 1
   251  0.2254754931225616E-01   4   0 0  2 0  0 1  0 1
   252  -.1388055162853382E-02   4   1 0  0 1  0 1  0 1
   253  -.2679612784491585E-02   4   0 1  0 1  0 1  0 1
   254  -.3259487110290538       4   0 0  1 1  0 1  0 1
   255  -.3192293978256442       4   0 0  0 2  0 1  0 1
   256  0.2124517418927797       4   2 0  0 0  0 0  1 1
   257   1.148940616278708       4   1 1  0 0  0 0  1 1
   258  0.8732180856761926       4   0 2  0 0  0 0  1 1
   259  0.8391981793496466E-03   4   1 0  1 0  0 0  1 1
   260  -.9821474801424738E-03   4   0 1  1 0  0 0  1 1
   261  0.2251720588302099E-01   4   0 0  2 0  0 0  1 1
   262  -.1386187183631987E-02   4   1 0  0 1  0 0  1 1
   263  -.2676006687891992E-02   4   0 1  0 1  0 0  1 1
   264  -.3255100646151812       4   0 0  1 1  0 0  1 1
   265  -.3187997939468108       4   0 0  0 2  0 0  1 1
   266  -.2146986775111916       4   2 0  0 0  0 0  0 2
   267  -.3814151305366674       4   1 1  0 0  0 0  0 2
   268  -.1693175454546535       4   0 2  0 0  0 0  0 2
   269  -.8563036318191546E-05   4   1 0  1 0  0 0  0 2
   270  -.4090983590311340E-04   4   0 1  1 0  0 0  0 2
   271  -.2237501343528692E-01   4   0 0  2 0  0 0  0 2
   272  -.7865773834909857E-05   4   1 0  0 1  0 0  0 2
   273  -.3357693297910525E-04   4   0 1  0 1  0 0  0 2
   274  -.4932721172992191E-01   4   0 0  1 1  0 0  0 2
   275  -.2569030196233195E-01   4   0 0  0 2  0 0  0 2
   276  -.8742840770650603E-01   4   1 0  0 0  0 3  0 0
   277  -.8818938992274746       4   0 1  0 0  0 3  0 0
   278  -.3908652909745435E-05   4   0 0  1 0  0 3  0 0
   279  -.3076841305713244E-04   4   0 0  0 1  0 3  0 0
   280  -.5641067039802976E-01   4   1 0  0 0  0 2  1 0
   281  -.6256118861374756       4   0 1  0 0  0 2  1 0
   282  -.1965685509749713E-05   4   0 0  1 0  0 2  1 0
   283  -.2121517146478389E-04   4   0 0  0 1  0 2  1 0
   284  -.5647304620568083E-01   4   1 0  0 0  0 1  2 0
   285  -.6261268287881036       4   0 1  0 0  0 1  2 0
   286  -.1969597022533373E-05   4   0 0  1 0  0 1  2 0
   287  -.2123437233350506E-04   4   0 0  0 1  0 1  2 0
   288  -.8721401593740255E-01   4   1 0  0 0  0 0  3 0
   289  -.8796932904424224       4   0 1  0 0  0 0  3 0
   290  -.3899441909710559E-05   4   0 0  1 0  0 0  3 0
   291  -.3069204709620262E-04   4   0 0  0 1  0 0  3 0
   292  0.2157188074779555       4   1 0  0 0  0 2  0 1
   293   1.251040063183454       4   0 1  0 0  0 2  0 1
   294  0.5042253933674520E-05   4   0 0  1 0  0 2  0 1
   295  0.3901854623025656E-04   4   0 0  0 1  0 2  0 1
   296  0.1538169132074957       4   1 0  0 0  0 1  1 1
   297  0.9991178314591606       4   0 1  0 0  0 1  1 1
   298  0.2933060849812912E-05   4   0 0  1 0  0 1  1 1
   299  0.2996199486305731E-04   4   0 0  0 1  0 1  1 1
   300  0.2153250034969948       4   1 0  0 0  0 0  2 1
   301   1.248684189580501       4   0 1  0 0  0 0  2 1
   302  0.5033494718432970E-05   4   0 0  1 0  0 0  2 1
   303  0.3894587618930670E-04   4   0 0  0 1  0 0  2 1
   304  -.1537093656116926       4   1 0  0 0  0 1  0 2
   305  -.2469492903174831       4   0 1  0 0  0 1  0 2
   306  -.9732700107094743E-06   4   0 0  1 0  0 1  0 2
   307  -.3449440982549683E-05   4   0 0  0 1  0 1  0 2
   308  -.1535025107915206       4   1 0  0 0  0 0  1 2
   309  -.2466169576008880       4   0 1  0 0  0 0  1 2
   310  -.9719602297975889E-06   4   0 0  1 0  0 0  1 2
   311  -.3444798887441808E-05   4   0 0  0 1  0 0  1 2
   312  0.9877547093594327E-02   4   1 0  0 0  0 0  0 3
   313  0.8041277753486198E-02   4   0 1  0 0  0 0  0 3
   314  0.6338994362829994E-06   4   0 0  1 0  0 0  0 3
   315  0.5192108000895418E-06   4   0 0  0 1  0 0  0 3
   316  -.3196365340483011E-04   4   0 0  0 0  0 4  0 0
   317  -.2029057082172189E-04   4   0 0  0 0  0 3  1 0
   318  -.1874517966030888E-04   4   0 0  0 0  0 2  2 0
   319  -.2032393455590280E-04   4   0 0  0 0  0 1  3 0
   320  -.3186402585091845E-04   4   0 0  0 0  0 0  4 0
   321  0.3910335787113230E-04   4   0 0  0 0  0 3  0 1
   322  0.2727367332656034E-04   4   0 0  0 0  0 2  1 1
   323  0.2729744684722916E-04   4   0 0  0 0  0 1  2 1
   324  0.3900609561947017E-04   4   0 0  0 0  0 0  3 1
   325  -.2975962026899314E-05   4   0 0  0 0  0 2  0 2
   326  -.3601061018791734E-05   4   0 0  0 0  0 1  1 2
   327  -.2969534048352228E-05   4   0 0  0 0  0 0  2 2
   328  0.2594973662789052E-07   4   0 0  0 0  0 1  0 3
   329  0.2591481469530537E-07   4   0 0  0 0  0 0  1 3
   330  0.9739053086679310E-13   4   0 0  0 0  0 0  0 4
   ----------------------------------------------------
     I  COEFFICIENT            ORDER EXPONENTS
     1  0.9154967634983249E-05   0   0 0  0 0  0 0  0 0
     2  0.1577152078990392E-04   1   1 0  0 0  0 0  0 0
     3  0.1394669243984094E-04   1   0 1  0 0  0 0  0 0
     4  0.5366953289520253       1   0 0  1 0  0 0  0 0
     5  0.7305513199886181       1   0 0  0 1  0 0  0 0
     6  -.1852291869041388E-04   1   0 0  0 0  0 1  0 0
     7  -.1849799141939523E-04   1   0 0  0 0  0 0  1 0
     8  0.3702091010971319E-04   1   0 0  0 0  0 0  0 1
     9  0.3773689328928388E-03   2   2 0  0 0  0 0  0 0
    10  0.7252588708933046E-03   2   1 1  0 0  0 0  0 0
    11  0.3841499902143449E-03   2   0 2  0 0  0 0  0 0
    12  0.1984018325719927       2   1 0  1 0  0 0  0 0
    13  0.1767320552406693       2   0 1  1 0  0 0  0 0
    14  0.1628980030935151E-04   2   0 0  2 0  0 0  0 0
    15  0.1807247459939968       2   1 0  0 1  0 0  0 0
    16  0.1620386952483342       2   0 1  0 1  0 0  0 0
    17  0.6515898338991589E-04   2   0 0  1 1  0 0  0 0
    18  0.8706916421083333E-04   2   0 0  0 2  0 0  0 0
    19  -.8481891403758268E-05   2   1 0  0 0  0 1  0 0
    20  -.1452790300481106E-04   2   0 1  0 0  0 1  0 0
    21  0.2147676905164080       2   0 0  1 0  0 1  0 0
    22  -.1722023079313265       2   0 0  0 1  0 1  0 0
    23  -.8470476874044778E-05   2   1 0  0 0  0 0  1 0
    24  -.1450835203762351E-04   2   0 1  0 0  0 0  1 0
    25  0.2144786662801618       2   0 0  1 0  0 0  1 0
    26  -.1719705661809262       2   0 0  0 1  0 0  1 0
    27  0.1695234437164998E-04   2   1 0  0 0  0 0  0 1
    28  0.1508953905199306E-04   2   0 1  0 0  0 0  0 1
    29  -.4292463568152416       2   0 0  1 0  0 0  0 1
    30  -.3863784458953215       2   0 0  0 1  0 0  0 1
    31  0.1323714881438996E-04   2   0 0  0 0  0 2  0 0
    32  0.7965575753074730E-05   2   0 0  0 0  0 1  1 0
    33  0.1321397503506697E-04   2   0 0  0 0  0 0  2 0
    34  -.1591696343468240E-04   2   0 0  0 0  0 1  0 1
    35  -.1589554313543252E-04   2   0 0  0 0  0 0  1 1
    36  -.2604195324811889E-05   2   0 0  0 0  0 0  0 2
    37  -.3731656331264748E-02   3   3 0  0 0  0 0  0 0
    38  -.1008374236444590E-01   3   2 1  0 0  0 0  0 0
    39  -.9120294620149186E-02   3   1 2  0 0  0 0  0 0
    40  -.2753637544975164E-02   3   0 3  0 0  0 0  0 0
    41  -3.328830067147103       3   2 0  1 0  0 0  0 0
    42  -7.027711588884756       3   1 1  1 0  0 0  0 0
    43  -4.042420762087681       3   0 2  1 0  0 0  0 0
    44  0.7827443685908018E-02   3   1 0  2 0  0 0  0 0
    45  0.6930289422014504E-02   3   0 1  2 0  0 0  0 0
    46  -.5744629886006095       3   0 0  3 0  0 0  0 0
    47  -3.824908951687124       3   2 0  0 1  0 0  0 0
    48  -7.462152111264851       3   1 1  0 1  0 0  0 0
    49  -3.636832108788045       3   0 2  0 1  0 0  0 0
    50  0.1418517345072463E-01   3   1 0  1 1  0 0  0 0
    51  0.1264358777988944E-01   3   0 1  1 1  0 0  0 0
    52  -1.471179161360211       3   0 0  2 1  0 0  0 0
    53  0.6508849996178474E-02   3   1 0  0 2  0 0  0 0
    54  0.5848191778365795E-02   3   0 1  0 2  0 0  0 0
    55  -1.723601229099078       3   0 0  1 2  0 0  0 0
    56  -.4212134867036757       3   0 0  0 3  0 0  0 0
    57  -.3591156320699706E-03   3   2 0  0 0  0 1  0 0
    58  -.1077014892914428E-02   3   1 1  0 0  0 1  0 0
    59  -.7513323200808434E-03   3   0 2  0 0  0 1  0 0
    60  -.9091318395486417E-01   3   1 0  1 0  0 1  0 0
    61  -.1688012409478103       3   0 1  1 0  0 1  0 0
    62  -.1431002863918557E-03   3   0 0  2 0  0 1  0 0
    63  -.1747640961966607       3   1 0  0 1  0 1  0 0
    64  -.2372189485474264       3   0 1  0 1  0 1  0 0
    65  -.2199059366734528E-03   3   0 0  1 1  0 1  0 0
    66  -.1571216577977492E-03   3   0 0  0 2  0 1  0 0
    67  -.3586323511768640E-03   3   2 0  0 0  0 0  1 0
    68  -.1075565497029497E-02   3   1 1  0 0  0 0  1 0
    69  -.7503212124535443E-03   3   0 2  0 0  0 0  1 0
    70  -.9079083727648768E-01   3   1 0  1 0  0 0  1 0
    71  -.1685740761930698       3   0 1  1 0  0 0  1 0
    72  -.1429077087705132E-03   3   0 0  2 0  0 0  1 0
    73  -.1745289069123457       3   1 0  0 1  0 0  1 0
    74  -.2368997104662132       3   0 1  0 1  0 0  1 0
    75  -.2196099976276870E-03   3   0 0  1 1  0 0  1 0
    76  -.1569102108755730E-03   3   0 0  0 2  0 0  1 0
    77  0.7173377801369160E-03   3   2 0  0 0  0 0  0 1
    78  0.1426469421337700E-02   3   1 1  0 0  0 0  0 1
    79  0.7329088573310759E-03   3   0 2  0 0  0 0  0 1
    80  0.1817043211450722       3   1 0  1 0  0 0  0 1
    81  0.1606435025361325       3   0 1  1 0  0 0  0 1
    82  0.2862412730717393E-03   3   0 0  2 0  0 0  0 1
    83  0.1685684972425505       3   1 0  0 1  0 0  0 1
    84  0.1500414594993152       3   0 1  0 1  0 0  0 1
    85  0.3748395367392312E-03   3   0 0  1 1  0 0  0 1
    86  0.1401439632019385E-03   3   0 0  0 2  0 0  0 1
    87  0.6662809868168455E-05   3   1 0  0 0  0 2  0 0
    88  0.1494121985216881E-04   3   0 1  0 0  0 2  0 0
    89  -.1527577977815066       3   0 0  1 0  0 2  0 0
    90  0.3934255475987100E-01   3   0 0  0 1  0 2  0 0
    91  0.4881212248823690E-05   3   1 0  0 0  0 1  1 0
    92  0.1539917758256924E-04   3   0 1  0 0  0 1  1 0
    93  -.9091448775262234E-01   3   0 0  1 0  0 1  1 0
    94  -.9315996960351171E-01   3   0 0  0 1  0 1  1 0
    95  0.6650558919954888E-05   3   1 0  0 0  0 0  2 0
    96  0.1491075091890105E-04   3   0 1  0 0  0 0  2 0
    97  -.1524910493199948       3   0 0  1 0  0 0  2 0
    98  0.3935229455213304E-01   3   0 0  0 1  0 0  2 0
    99  -.9795867568540818E-05   3   1 0  0 0  0 1  0 1
   100  -.1632987207246568E-04   3   0 1  0 0  0 1  0 1
   101  0.1816625962988547       3   0 0  1 0  0 1  0 1
   102  0.3588796030718986       3   0 0  0 1  0 1  0 1
   103  -.9782684751630288E-05   3   1 0  0 0  0 0  1 1
   104  -.1630789610023075E-04   3   0 1  0 0  0 0  1 1
   105  0.1814181233382174       3   0 0  1 0  0 0  1 1
   106  0.3583966398154942       3   0 0  0 1  0 0  1 1
   107  0.1362283347708248E-05   3   1 0  0 0  0 0  0 2
   108  0.1304831018729452E-05   3   0 1  0 0  0 0  0 2
   109  0.3308275955043834E-01   3   0 0  1 0  0 0  0 2
   110  0.2774025293151173E-01   3   0 0  0 1  0 0  0 2
   111  -.1060540206497526E-04   3   0 0  0 0  0 3  0 0
   112  -.5344769694118481E-05   3   0 0  0 0  0 2  1 0
   113  -.5355360150415508E-05   3   0 0  0 0  0 1  2 0
   114  -.1058040217271649E-04   3   0 0  0 0  0 0  3 0
   115  0.1068555708897370E-04   3   0 0  0 0  0 2  0 1
   116  0.5467944336031191E-05   3   0 0  0 0  0 1  1 1
   117  0.1066749771894015E-04   3   0 0  0 0  0 0  2 1
   118  0.2497880535926207E-05   3   0 0  0 0  0 1  0 2
   119  0.2494519006021992E-05   3   0 0  0 0  0 0  1 2
   120  0.7204548685329195E-07   3   0 0  0 0  0 0  0 3
   121  -.1470287441962099E-02   4   4 0  0 0  0 0  0 0
   122  -.4853533959699039E-02   4   3 1  0 0  0 0  0 0
   123  -.5843912739842406E-02   4   2 2  0 0  0 0  0 0
   124  -.2640711245317215E-02   4   1 3  0 0  0 0  0 0
   125  -.1800210208197527E-03   4   0 4  0 0  0 0  0 0
   126   43.45735164751765       4   3 0  1 0  0 0  0 0
   127   118.3517638137976       4   2 1  1 0  0 0  0 0
   128   108.0866767024415       4   1 2  1 0  0 0  0 0
   129   33.18141725810533       4   0 3  1 0  0 0  0 0
   130  0.9266279572998908E-02   4   2 0  2 0  0 0  0 0
   131  0.1742745401714782E-01   4   1 1  2 0  0 0  0 0
   132  0.8554466869724012E-02   4   0 2  2 0  0 0  0 0
   133  -30.73323040025160       4   1 0  3 0  0 0  0 0
   134  -27.03007725630992       4   0 1  3 0  0 0  0 0
   135  -.7630313793758946E-03   4   0 0  4 0  0 0  0 0
   136   40.20742310539070       4   3 0  0 1  0 0  0 0
   137   110.1201059743625       4   2 1  0 1  0 0  0 0
   138   101.2196579524511       4   1 2  0 1  0 0  0 0
   139   31.29407453271362       4   0 3  0 1  0 0  0 0
   140  0.1566586635336257E-01   4   2 0  1 1  0 0  0 0
   141  0.2940232179402149E-01   4   1 1  1 1  0 0  0 0
   142  0.1412386150848664E-01   4   0 2  1 1  0 0  0 0
   143  -83.62783728509885       4   1 0  2 1  0 0  0 0
   144  -74.03904883509939       4   0 1  2 1  0 0  0 0
   145  -.3373490996230677E-02   4   0 0  3 1  0 0  0 0
   146  0.6804760546815895E-02   4   2 0  0 2  0 0  0 0
   147  0.1319311418889997E-01   4   1 1  0 2  0 0  0 0
   148  0.6494379221936209E-02   4   0 2  0 2  0 0  0 0
   149  -76.23443937694640       4   1 0  1 2  0 0  0 0
   150  -67.85326993664651       4   0 1  1 2  0 0  0 0
   151  -.5070981648251928E-02   4   0 0  2 2  0 0  0 0
   152  -23.18992556532407       4   1 0  0 3  0 0  0 0
   153  -20.72311226796660       4   0 1  0 3  0 0  0 0
   154  -.3317195252680654E-02   4   0 0  1 3  0 0  0 0
   155  -.7711017050024482E-03   4   0 0  0 4  0 0  0 0
   156  0.4396644536923017E-03   4   3 0  0 0  0 1  0 0
   157  0.5541232830391089E-02   4   2 1  0 0  0 1  0 0
   158  0.8878341033399592E-02   4   1 2  0 0  0 1  0 0
   159  0.3820431862509730E-02   4   0 3  0 0  0 1  0 0
   160   3.803524497498822       4   2 0  1 0  0 1  0 0
   161   11.32982578348845       4   1 1  1 0  0 1  0 0
   162   8.161635810603988       4   0 2  1 0  0 1  0 0
   163  -.7437870101059603E-03   4   1 0  2 0  0 1  0 0
   164  -.3784836803543968E-02   4   0 1  2 0  0 1  0 0
   165  0.8013237480501609       4   0 0  3 0  0 1  0 0
   166   5.638175943931452       4   2 0  0 1  0 1  0 0
   167   14.91333030616890       4   1 1  0 1  0 1  0 0
   168   9.396025729266530       4   0 2  0 1  0 1  0 0
   169  -.7547637433918229E-02   4   1 0  1 1  0 1  0 0
   170  -.1235410268884595E-01   4   0 1  1 1  0 1  0 0
   171   2.383416569007950       4   0 0  2 1  0 1  0 0
   172  -.6303819163293251E-02   4   1 0  0 2  0 1  0 0
   173  -.8240442565886606E-02   4   0 1  0 2  0 1  0 0
   174   2.933562471540842       4   0 0  1 2  0 1  0 0
   175   1.072243705866981       4   0 0  0 3  0 1  0 0
   176  0.4390727739911908E-03   4   3 0  0 0  0 0  1 0
   177  0.5533775700397204E-02   4   2 1  0 0  0 0  1 0
   178  0.8866392980458559E-02   4   1 2  0 0  0 0  1 0
   179  0.3815290505359881E-02   4   0 3  0 0  0 0  1 0
   180   3.798405893483978       4   2 0  1 0  0 0  1 0
   181   11.31457863790522       4   1 1  1 0  0 0  1 0
   182   8.150652265774649       4   0 2  1 0  0 0  1 0
   183  -.7427860566012274E-03   4   1 0  2 0  0 0  1 0
   184  -.3779743348546938E-02   4   0 1  2 0  0 0  1 0
   185  0.8002453643151183       4   0 0  3 0  0 0  1 0
   186   5.630588352464132       4   2 0  0 1  0 0  1 0
   187   14.89326064908377       4   1 1  0 1  0 0  1 0
   188   9.383381000659432       4   0 2  0 1  0 0  1 0
   189  -.7537480179167491E-02   4   1 0  1 1  0 0  1 0
   190  -.1233747711967599E-01   4   0 1  1 1  0 0  1 0
   191   2.380209079315919       4   0 0  2 1  0 0  1 0
   192  -.6295335780551993E-02   4   1 0  0 2  0 0  1 0
   193  -.8229352966640041E-02   4   0 1  0 2  0 0  1 0
   194   2.929614621420660       4   0 0  1 2  0 0  1 0
   195   1.070800730820723       4   0 0  0 3  0 0  1 0
   196  0.2525792577805128E-03   4   3 0  0 0  0 0  0 1
   197  0.8717243105615239E-03   4   2 1  0 0  0 0  0 1
   198  0.9755252577958616E-03   4   1 2  0 0  0 0  0 1
   199  0.3645409091356216E-03   4   0 3  0 0  0 0  0 1
   200  -7.598066333939149       4   2 0  1 0  0 0  0 1
   201  -15.60874537711179       4   1 1  1 0  0 0  0 1
   202  -8.223334711235072       4   0 2  1 0  0 0  0 1
   203  -.6040547081997340E-03   4   1 0  2 0  0 0  0 1
   204  -.5657256069717257E-03   4   0 1  2 0  0 0  0 1
   205  -1.602334037887940       4   0 0  3 0  0 0  0 1
   206  -7.439747484665169       4   2 0  0 1  0 0  0 1
   207  -14.87376919316492       4   1 1  0 1  0 0  0 1
   208  -7.864472275128845       4   0 2  0 1  0 0  0 1
   209  -.1245188724661558E-02   4   1 0  1 1  0 0  0 1
   210  -.1169487528610692E-02   4   0 1  1 1  0 0  0 1
   211  -3.294801487308314       4   0 0  2 1  0 0  0 1
   212  -.5872779109510938E-03   4   1 0  0 2  0 0  0 1
   213  -.5456583643872208E-03   4   0 1  0 2  0 0  0 1
   214  -2.418406868201733       4   0 0  1 2  0 0  0 1
   215  -.8802446106247120       4   0 0  0 3  0 0  0 1
   216  0.5184899160710953E-04   4   2 0  0 0  0 2  0 0
   217  0.6934175264738674E-03   4   1 1  0 0  0 2  0 0
   218  0.7497647420161316E-03   4   0 2  0 0  0 2  0 0
   219  0.6414145365936794E-01   4   1 0  1 0  0 2  0 0
   220  0.1633045400704778       4   0 1  1 0  0 2  0 0
   221  0.1515785157155299E-03   4   0 0  2 0  0 2  0 0
   222  0.1704010669989728       4   1 0  0 1  0 2  0 0
   223  0.2910102133336728       4   0 1  0 1  0 2  0 0
   224  0.1930689952242028E-03   4   0 0  1 1  0 2  0 0
   225  0.1242440132693634E-03   4   0 0  0 2  0 2  0 0
   226  0.7174965202944992E-04   4   2 0  0 0  0 1  1 0
   227  0.9704563188528459E-03   4   1 1  0 0  0 1  1 0
   228  0.1098840763524024E-02   4   0 2  0 0  0 1  1 0
   229  0.3708499203664852E-01   4   1 0  1 0  0 1  1 0
   230  0.1571881675767234       4   0 1  1 0  0 1  1 0
   231  0.2122970954577155E-03   4   0 0  2 0  0 1  1 0
   232  0.1657134095878129       4   1 0  0 1  0 1  1 0
   233  0.3441584735639961       4   0 1  0 1  0 1  1 0
   234  0.3850703378223687E-03   4   0 0  1 1  0 1  1 0
   235  0.2310113679010714E-03   4   0 0  0 2  0 1  1 0
   236  0.5173093702763561E-04   4   2 0  0 0  0 0  2 0
   237  0.6918313606574650E-03   4   1 1  0 0  0 0  2 0
   238  0.7480163599050277E-03   4   0 2  0 0  0 0  2 0
   239  0.6403018149665103E-01   4   1 0  1 0  0 0  2 0
   240  0.1629790043027757       4   0 1  1 0  0 0  2 0
   241  0.1512316787798046E-03   4   0 0  2 0  0 0  2 0
   242  0.1700602446253190       4   1 0  0 1  0 0  2 0
   243  0.2903870093763568       4   0 1  0 1  0 0  2 0
   244  0.1925500673129946E-03   4   0 0  1 1  0 0  2 0
   245  0.1239213694259319E-03   4   0 0  0 2  0 0  2 0
   246  -.2274773227805411E-03   4   2 0  0 0  0 1  0 1
   247  -.1114666443863215E-02   4   1 1  0 0  0 1  0 1
   248  -.8838491163375077E-03   4   0 2  0 0  0 1  0 1
   249  -.7378907442994551E-01   4   1 0  1 0  0 1  0 1
   250  -.1446497910636349       4   0 1  1 0  0 1  0 1
   251  -.4156021605242872E-03   4   0 0  2 0  0 1  0 1
   252  -.1562779380675487       4   1 0  0 1  0 1  0 1
   253  -.2133706788432381       4   0 1  0 1  0 1  0 1
   254  -.7654240726182857E-03   4   0 0  1 1  0 1  0 1
   255  -.2878917325257283E-03   4   0 0  0 2  0 1  0 1
   256  -.2271711945201779E-03   4   2 0  0 0  0 0  1 1
   257  -.1113166378295473E-02   4   1 1  0 0  0 0  1 1
   258  -.8826596738511069E-03   4   0 2  0 0  0 0  1 1
   259  -.7368977257113585E-01   4   1 0  1 0  0 0  1 1
   260  -.1444551281919294       4   0 1  1 0  0 0  1 1
   261  -.4150428627233051E-03   4   0 0  2 0  0 0  1 1
   262  -.1560676265836211       4   1 0  0 1  0 0  1 1
   263  -.2130835346394623       4   0 1  0 1  0 0  1 1
   264  -.7643940009745429E-03   4   0 0  1 1  0 0  1 1
   265  -.2875043013999626E-03   4   0 0  0 2  0 0  1 1
   266  0.1303771614336191E-03   4   2 0  0 0  0 0  0 2
   267  0.2786971113776735E-03   4   1 1  0 0  0 0  0 2
   268  0.1447509847707639E-03   4   0 2  0 0  0 0  0 2
   269  -.1760364334600818E-01   4   1 0  1 0  0 0  0 2
   270  -.1681863500070871E-01   4   0 1  1 0  0 0  0 2
   271  0.2785821566857414E-03   4   0 0  2 0  0 0  0 2
   272  -.1289351690308532E-01   4   1 0  0 1  0 0  0 2
   273  -.1259416231547756E-01   4   0 1  0 1  0 0  0 2
   274  0.4572122818112584E-03   4   0 0  1 1  0 0  0 2
   275  0.1799575615448889E-03   4   0 0  0 2  0 0  0 2
   276  -.9737696898054940E-05   4   1 0  0 0  0 3  0 0
   277  -.1971010783613789E-04   4   0 1  0 0  0 3  0 0
   278  0.1218966794183529       4   0 0  1 0  0 3  0 0
   279  0.2366876244332454E-01   4   0 0  0 1  0 3  0 0
   280  -.6835258213431041E-05   4   1 0  0 0  0 2  1 0
   281  -.1952363292412634E-04   4   0 1  0 0  0 2  1 0
   282  0.6021020629364330E-01   4   0 0  1 0  0 2  1 0
   283  0.1496087723949217       4   0 0  0 1  0 2  1 0
   284  -.6841090708027443E-05   4   1 0  0 0  0 1  2 0
   285  -.1952395580384561E-04   4   0 1  0 0  0 1  2 0
   286  0.6033439727454935E-01   4   0 0  1 0  0 1  2 0
   287  0.1493544819018566       4   0 0  0 1  0 1  2 0
   288  -.9713447014891428E-05   4   1 0  0 0  0 0  3 0
   289  -.1965720114544153E-04   4   0 1  0 0  0 0  3 0
   290  0.1216101558502036       4   0 0  1 0  0 0  3 0
   291  0.2352045127163548E-01   4   0 0  0 1  0 0  3 0
   292  0.1205197318526791E-04   4   1 0  0 0  0 2  0 1
   293  0.2149963918229314E-04   4   0 1  0 0  0 2  0 1
   294  -.1203761394590844       4   0 0  1 0  0 2  0 1
   295  -.3386319509775224       4   0 0  0 1  0 2  0 1
   296  0.9321056674326064E-05   4   1 0  0 0  0 1  1 1
   297  0.2159707605097340E-04   4   0 1  0 0  0 1  1 1
   298  -.5925210645214093E-01   4   0 0  1 0  0 1  1 1
   299  -.3184356073800277       4   0 0  0 1  0 1  1 1
   300  0.1202948228841705E-04   4   1 0  0 0  0 0  2 1
   301  0.2145617381760953E-04   4   0 1  0 0  0 0  2 1
   302  -.1201742735775272       4   0 0  1 0  0 0  2 1
   303  -.3379619682405371       4   0 0  0 1  0 0  2 1
   304  -.7805951874135473E-06   4   1 0  0 0  0 1  0 2
   305  -.1244735780812628E-05   4   0 1  0 0  0 1  0 2
   306  -.3166377427131426E-01   4   0 0  1 0  0 1  0 2
   307  -.4047392948698510E-01   4   0 0  0 1  0 1  0 2
   308  -.7795446991984784E-06   4   1 0  0 0  0 0  1 2
   309  -.1243060674061157E-05   4   0 1  0 0  0 0  1 2
   310  -.3162116265616195E-01   4   0 0  1 0  0 0  1 2
   311  -.4041946158015174E-01   4   0 0  0 1  0 0  1 2
   312  0.7004058994343479E-07   4   1 0  0 0  0 0  0 3
   313  0.5656030342972365E-07   4   0 1  0 0  0 0  0 3
   314  -.9607473425246413E-03   4   0 0  1 0  0 0  0 3
   315  -.7762932420220028E-03   4   0 0  0 1  0 0  0 3
   316  0.9908215482339253E-05   4   0 0  0 0  0 4  0 0
   317  0.4047707687127953E-05   4   0 0  0 0  0 3  1 0
   318  0.3278427726542734E-05   4   0 0  0 0  0 2  2 0
   319  0.4064476984368126E-05   4   0 0  0 0  0 1  3 0
   320  0.9878837991441550E-05   4   0 0  0 0  0 0  4 0
   321  -.1271484700154351E-05   4   0 0  0 0  0 3  0 1
   322  0.1312347401643020E-05   4   0 0  0 0  0 2  1 1
   323  0.1307135056521871E-05   4   0 0  0 0  0 1  2 1
   324  -.1269799904702357E-05   4   0 0  0 0  0 0  3 1
   325  -.9225223812292325E-06   4   0 0  0 0  0 2  0 2
   326  -.1066511850995735E-05   4   0 0  0 0  0 1  1 2
   327  -.9205632633924933E-06   4   0 0  0 0  0 0  2 2
   328  -.3048550906267482E-07   4   0 0  0 0  0 1  0 3
   329  -.3044448310131053E-07   4   0 0  0 0  0 0  1 3
   330  -.5826729829929868E-13   4   0 0  0 0  0 0  0 4
   ----------------------------------------------------
     I  COEFFICIENT            ORDER EXPONENTS
     1  0.1824796911051665E-03   0   0 0  0 0  0 0  0 0
     2  0.7150295771246495E-04   1   1 0  0 0  0 0  0 0
     3  0.6616675099115903E-04   1   0 1  0 0  0 0  0 0
     4  -2.019574118556788       1   0 0  1 0  0 0  0 0
     5  -.8857959302607674       1   0 0  0 1  0 0  0 0
     6  0.9290325754312170E-05   1   0 0  0 0  0 1  0 0
     7  0.9277823271749898E-05   1   0 0  0 0  0 0  1 0
     8  0.1639115420777526E-03   1   0 0  0 0  0 0  0 1
     9  0.1170108177187176E-02   2   2 0  0 0  0 0  0 0
    10  0.2086084068966412E-02   2   1 1  0 0  0 0  0 0
    11  0.9956407212205263E-03   2   0 2  0 0  0 0  0 0
    12  0.8552667201574596       2   1 0  1 0  0 0  0 0
    13  0.7837032258756508       2   0 1  1 0  0 0  0 0
    14  0.7249619742925600E-03   2   0 0  2 0  0 0  0 0
    15  0.8115828958266113       2   1 0  0 1  0 0  0 0
    16  0.7487205296373993       2   0 1  0 1  0 0  0 0
    17  0.1780501006921691E-02   2   0 0  1 1  0 0  0 0
    18  0.9371409901655089E-03   2   0 0  0 2  0 0  0 0
    19  -.4604769677129596E-05   2   1 0  0 0  0 1  0 0
    20  -.3757045244807288E-04   2   0 1  0 0  0 1  0 0
    21  -.1156548003907092       2   0 0  1 0  0 1  0 0
    22  0.8450304650700079       2   0 0  0 1  0 1  0 0
    23  -.4598572795113380E-05   2   1 0  0 0  0 0  1 0
    24  -.3751989190380236E-04   2   0 1  0 0  0 0  1 0
    25  -.1154991576109656       2   0 0  1 0  0 0  1 0
    26  0.8438932628950232       2   0 0  0 1  0 0  1 0
    27  0.8070611374269850E-04   2   1 0  0 0  0 0  0 1
    28  0.7509016129298343E-04   2   0 1  0 0  0 0  0 1
    29  -1.788420160646339       2   0 0  1 0  0 0  0 1
    30  -1.688923728064392       2   0 0  0 1  0 0  0 1
    31  -.6801079660309197E-05   2   0 0  0 0  0 2  0 0
    32  -.4318499685132608E-05   2   0 0  0 0  0 1  1 0
    33  -.6789021271145997E-05   2   0 0  0 0  0 0  2 0
    34  0.1792061378920953E-04   2   0 0  0 0  0 1  0 1
    35  0.1789649707174125E-04   2   0 0  0 0  0 0  1 1
    36  -.1790853845699052E-04   2   0 0  0 0  0 0  0 2
    37  -.1838721605465776E-01   3   3 0  0 0  0 0  0 0
    38  -.5162718141967672E-01   3   2 1  0 0  0 0  0 0
    39  -.4852738050300768E-01   3   1 2  0 0  0 0  0 0
    40  -.1523313481619988E-01   3   0 3  0 0  0 0  0 0
    41  -18.88977167888796       3   2 0  1 0  0 0  0 0
    42  -36.52499278976085       3   1 1  1 0  0 0  0 0
    43  -18.35812016889862       3   0 2  1 0  0 0  0 0
    44  0.3285716864259672E-01   3   1 0  2 0  0 0  0 0
    45  0.2983869864700727E-01   3   0 1  2 0  0 0  0 0
    46  -2.943335328955262       3   0 0  3 0  0 0  0 0
    47  -16.82588863158474       3   2 0  0 1  0 0  0 0
    48  -33.25888611082198       3   1 1  0 1  0 0  0 0
    49  -17.98560197372446       3   0 2  0 1  0 0  0 0
    50  0.6182447636701779E-01   3   1 0  1 1  0 0  0 0
    51  0.5646898254666367E-01   3   0 1  1 1  0 0  0 0
    52  -9.335880780494424       3   0 0  2 1  0 0  0 0
    53  0.2938377061334881E-01   3   1 0  0 2  0 0  0 0
    54  0.2702837599473729E-01   3   0 1  0 2  0 0  0 0
    55  -8.657884098862910       3   0 0  1 2  0 0  0 0
    56  -3.293971062855232       3   0 0  0 3  0 0  0 0
    57  -.6981534686859152E-03   3   2 0  0 0  0 1  0 0
    58  -.2395665469909837E-02   3   1 1  0 0  0 1  0 0
    59  -.1634141950559924E-02   3   0 2  0 0  0 1  0 0
    60  0.5962329321992504E-01   3   1 0  1 0  0 1  0 0
    61  -.3343606799366045       3   0 1  1 0  0 1  0 0
    62  -.8472203289987500E-04   3   0 0  2 0  0 1  0 0
    63  -.3617730536577980       3   1 0  0 1  0 1  0 0
    64  -.7053371409794473       3   0 1  0 1  0 1  0 0
    65  -.1116594326143157E-02   3   0 0  1 1  0 1  0 0
    66  -.1079565394137240E-02   3   0 0  0 2  0 1  0 0
    67  -.6972139266505927E-03   3   2 0  0 0  0 0  1 0
    68  -.2392441496224234E-02   3   1 1  0 0  0 0  1 0
    69  -.1631942799337302E-02   3   0 2  0 0  0 0  1 0
    70  0.5954305500185841E-01   3   1 0  1 0  0 0  1 0
    71  -.3339107130914185       3   0 1  1 0  0 0  1 0
    72  -.8460801798081093E-04   3   0 0  2 0  0 0  1 0
    73  -.3612861965319583       3   1 0  0 1  0 0  1 0
    74  -.7043879314965059       3   0 1  0 1  0 0  1 0
    75  -.1115091666122304E-02   3   0 0  1 1  0 0  1 0
    76  -.1078112565907965E-02   3   0 0  0 2  0 0  1 0
    77  0.2563486757904664E-02   3   2 0  0 0  0 0  0 1
    78  0.4783820118143156E-02   3   1 1  0 0  0 0  0 1
    79  0.2268127687032931E-02   3   0 2  0 0  0 0  0 1
    80  0.7361035322451364       3   1 0  1 0  0 0  0 1
    81  0.6682740969953993       3   0 1  1 0  0 0  0 1
    82  0.8954303033153020E-03   3   0 0  2 0  0 0  0 1
    83  0.7230620066635628       3   1 0  0 1  0 0  0 1
    84  0.6610069001964389       3   0 1  0 1  0 0  0 1
    85  0.2234177000392352E-02   3   0 0  1 1  0 0  0 1
    86  0.1221913767039954E-02   3   0 0  0 2  0 0  0 1
    87  0.3539737388615848E-05   3   1 0  0 0  0 2  0 0
    88  0.3036729632554137E-04   3   0 1  0 0  0 2  0 0
    89  0.8455119610972556E-01   3   0 0  1 0  0 2  0 0
    90  -.5861195383643485       3   0 0  0 1  0 2  0 0
    91  0.2676237971738853E-05   3   1 0  0 0  0 1  1 0
    92  0.2344318238489390E-04   3   0 1  0 0  0 1  1 0
    93  0.5353094791673705E-01   3   0 0  1 0  0 1  1 0
    94  -.3279041252755027       3   0 0  0 1  0 1  1 0
    95  0.3533172999394087E-05   3   1 0  0 0  0 0  2 0
    96  0.3031065508432798E-04   3   0 1  0 0  0 0  2 0
    97  0.8440139138132102E-01   3   0 0  1 0  0 0  2 0
    98  -.5851101273533700       3   0 0  0 1  0 0  2 0
    99  -.1008947806064737E-04   3   1 0  0 0  0 1  0 1
   100  -.4714103781877328E-04   3   0 1  0 0  0 1  0 1
   101  -.2226330406291592       3   0 0  1 0  0 1  0 1
   102  0.6551131738986943       3   0 0  0 1  0 1  0 1
   103  -.1007590011657385E-04   3   1 0  0 0  0 0  1 1
   104  -.4707759763175683E-04   3   0 1  0 0  0 0  1 1
   105  -.2223334315754117       3   0 0  1 0  0 0  1 1
   106  0.6542315534636758       3   0 0  0 1  0 0  1 1
   107  0.1035730356825354E-04   3   1 0  0 0  0 0  0 2
   108  0.9890619302313157E-05   3   0 1  0 0  0 0  0 2
   109  0.2224830956129900       3   0 0  1 0  0 0  0 2
   110  0.1897893165453081       3   0 0  0 1  0 0  0 2
   111  0.5557484087874595E-05   3   0 0  0 0  0 3  0 0
   112  0.3074949465273264E-05   3   0 0  0 0  0 2  1 0
   113  0.3079945685090048E-05   3   0 0  0 0  0 1  2 0
   114  0.5544199317799166E-05   3   0 0  0 0  0 0  3 0
   115  -.1295012495960033E-04   3   0 0  0 0  0 2  0 1
   116  -.7994371496829056E-05   3   0 0  0 0  0 1  1 1
   117  -.1292731806754863E-04   3   0 0  0 0  0 0  2 1
   118  0.7988708639450377E-05   3   0 0  0 0  0 1  0 2
   119  0.7977957811858184E-05   3   0 0  0 0  0 0  1 2
   120  0.6476199388558806E-06   3   0 0  0 0  0 0  0 3
   121  -.6704485634407063E-02   4   4 0  0 0  0 0  0 0
   122  -.2458875904844696E-01   4   3 1  0 0  0 0  0 0
   123  -.3420223286261440E-01   4   2 2  0 0  0 0  0 0
   124  -.2055332590367144E-01   4   1 3  0 0  0 0  0 0
   125  -.4366399659536670E-02   4   0 4  0 0  0 0  0 0
   126   201.8077113296854       4   3 0  1 0  0 0  0 0
   127   562.3296927722204       4   2 1  1 0  0 0  0 0
   128   524.7087020113908       4   1 2  1 0  0 0  0 0
   129   164.3058581588245       4   0 3  1 0  0 0  0 0
   130  0.4081857722747594E-01   4   2 0  2 0  0 0  0 0
   131  0.7973589489159433E-01   4   1 1  2 0  0 0  0 0
   132  0.3859095281175565E-01   4   0 2  2 0  0 0  0 0
   133  -126.4215385021771       4   1 0  3 0  0 0  0 0
   134  -114.1267041567731       4   0 1  3 0  0 0  0 0
   135  -.6311185667778823E-02   4   0 0  4 0  0 0  0 0
   136   193.9238353344936       4   3 0  0 1  0 0  0 0
   137   544.0300574795783       4   2 1  0 1  0 0  0 0
   138   511.3627098575552       4   1 2  0 1  0 0  0 0
   139   161.3717257725862       4   0 3  0 1  0 0  0 0
   140  0.8330336541880137E-01   4   2 0  1 1  0 0  0 0
   141  0.1636273240529606       4   1 1  1 1  0 0  0 0
   142  0.8084280863271273E-01   4   0 2  1 1  0 0  0 0
   143  -353.4249190283060       4   1 0  2 1  0 0  0 0
   144  -321.6987291711168       4   0 1  2 1  0 0  0 0
   145  -.2161338540224867E-01   4   0 0  3 1  0 0  0 0
   146  0.4128335523241271E-01   4   2 0  0 2  0 0  0 0
   147  0.8214919644817636E-01   4   1 1  0 2  0 0  0 0
   148  0.4164932975746785E-01   4   0 2  0 2  0 0  0 0
   149  -332.6864865794704       4   1 0  1 2  0 0  0 0
   150  -304.9199158919060       4   0 1  1 2  0 0  0 0
   151  -.2777743043771809E-01   4   0 0  2 2  0 0  0 0
   152  -105.0429060925692       4   1 0  0 3  0 0  0 0
   153  -96.80774721754503       4   0 1  0 3  0 0  0 0
   154  -.1528009345319718E-01   4   0 0  1 3  0 0  0 0
   155  -.2680278870630285E-02   4   0 0  0 4  0 0  0 0
   156  -.2240594939685876E-02   4   3 0  0 0  0 1  0 0
   157  0.1548572717639181E-01   4   2 1  0 0  0 1  0 0
   158  0.3483060861765286E-01   4   1 2  0 0  0 1  0 0
   159  0.1721965027539907E-01   4   0 3  0 0  0 1  0 0
   160   10.39400533024987       4   2 0  1 0  0 1  0 0
   161   37.81623236888954       4   1 1  1 0  0 1  0 0
   162   27.37366911596917       4   0 2  1 0  0 1  0 0
   163  0.3856441847620664E-02   4   1 0  2 0  0 1  0 0
   164  -.9397184218263299E-02   4   0 1  2 0  0 1  0 0
   165  0.4476965164055680       4   0 0  3 0  0 1  0 0
   166   18.08533613954171       4   2 0  0 1  0 1  0 0
   167   51.79929927643742       4   1 1  0 1  0 1  0 0
   168   35.63473456603673       4   0 2  0 1  0 1  0 0
   169  -.1839764805927083E-01   4   1 0  1 1  0 1  0 0
   170  -.4075588526804617E-01   4   0 1  1 1  0 1  0 0
   171   6.432480805886403       4   0 0  2 1  0 1  0 0
   172  -.2070057052670199E-01   4   1 0  0 2  0 1  0 0
   173  -.3030781782168455E-01   4   0 1  0 2  0 1  0 0
   174   10.80773865812515       4   0 0  1 2  0 1  0 0
   175   5.726415177025127       4   0 0  0 3  0 1  0 0
   176  -.2237579652611628E-02   4   3 0  0 0  0 0  1 0
   177  0.1546488721457485E-01   4   2 1  0 0  0 0  1 0
   178  0.3478373522608497E-01   4   1 2  0 0  0 0  1 0
   179  0.1719647688159245E-01   4   0 3  0 0  0 0  1 0
   180   10.38001756772892       4   2 0  1 0  0 0  1 0
   181   37.76534106558479       4   1 1  1 0  0 0  1 0
   182   27.33683092214925       4   0 2  1 0  0 0  1 0
   183  0.3851252029929949E-02   4   1 0  2 0  0 0  1 0
   184  -.9384537930616310E-02   4   0 1  2 0  0 0  1 0
   185  0.4470940275330065       4   0 0  3 0  0 0  1 0
   186   18.06099774649752       4   2 0  0 1  0 0  1 0
   187   51.72959022068760       4   1 1  0 1  0 0  1 0
   188   35.58677901966463       4   0 2  0 1  0 0  1 0
   189  -.1837288937156376E-01   4   1 0  1 1  0 0  1 0
   190  -.4070103791841077E-01   4   0 1  1 1  0 0  1 0
   191   6.423824276370182       4   0 0  2 1  0 0  1 0
   192  -.2067271267447124E-01   4   1 0  0 2  0 0  1 0
   193  -.3026703098881810E-01   4   0 1  0 2  0 0  1 0
   194   10.79319411279014       4   0 0  1 2  0 0  1 0
   195   5.718708837356489       4   0 0  0 3  0 0  1 0
   196  0.1023914906708878E-02   4   3 0  0 0  0 0  0 1
   197  0.2899277879914302E-02   4   2 1  0 0  0 0  0 1
   198  0.2758232187926589E-02   4   1 2  0 0  0 0  0 1
   199  0.9227477408691922E-03   4   0 3  0 0  0 0  0 1
   200  -39.64683796860218       4   2 0  1 0  0 0  0 1
   201  -75.54522007962208       4   1 1  1 0  0 0  0 1
   202  -36.33280564846851       4   0 2  1 0  0 0  0 1
   203  -.2914096339413065E-02   4   1 0  2 0  0 0  0 1
   204  -.2713870353026246E-02   4   0 1  2 0  0 0  0 1
   205  -3.841666940172236       4   0 0  3 0  0 0  0 1
   206  -36.12676150246620       4   2 0  0 1  0 0  0 1
   207  -70.22785506205824       4   1 1  0 1  0 0  0 1
   208  -35.22754934221657       4   0 2  0 1  0 0  0 1
   209  -.5694485592064389E-02   4   1 0  1 1  0 0  0 1
   210  -.5461137518901130E-02   4   0 1  1 1  0 0  0 1
   211  -12.86768574392057       4   0 0  2 1  0 0  0 1
   212  -.2772070418229323E-02   4   1 0  0 2  0 0  0 1
   213  -.2685671169763108E-02   4   0 1  0 2  0 0  0 1
   214  -12.95545357496357       4   0 0  1 2  0 0  0 1
   215  -4.861741209850949       4   0 0  0 3  0 0  0 1
   216  -.3607400694249316E-03   4   2 0  0 0  0 2  0 0
   217  0.2965812572916845E-03   4   1 1  0 0  0 2  0 0
   218  0.7511939673740357E-03   4   0 2  0 0  0 2  0 0
   219  -.4489567737738970E-01   4   1 0  1 0  0 2  0 0
   220  0.2225126904635565       4   0 1  1 0  0 2  0 0
   221  -.2073220941861883E-03   4   0 0  2 0  0 2  0 0
   222  0.2496066552212449       4   1 0  0 1  0 2  0 0
   223  0.6739559957255604       4   0 1  0 1  0 2  0 0
   224  0.3407994006480966E-03   4   0 0  1 1  0 2  0 0
   225  0.8659467213170740E-03   4   0 0  0 2  0 2  0 0
   226  -.3816833572031568E-03   4   2 0  0 0  0 1  1 0
   227  0.5527313560220268E-03   4   1 1  0 0  0 1  1 0
   228  0.1250230221250143E-02   4   0 2  0 0  0 1  1 0
   229  -.3186514424658995E-01   4   1 0  1 0  0 1  1 0
   230  0.1088852923589460       4   0 1  1 0  0 1  1 0
   231  -.1765082961891279E-03   4   0 0  2 0  0 1  1 0
   232  0.1357935197118174       4   1 0  0 1  0 1  1 0
   233  0.6401284192230589       4   0 1  0 1  0 1  1 0
   234  0.2439042397980058E-03   4   0 0  1 1  0 1  1 0
   235  0.9749456392774274E-03   4   0 0  0 2  0 1  1 0
   236  -.3599977767035843E-03   4   2 0  0 0  0 0  2 0
   237  0.2958102123082102E-03   4   1 1  0 0  0 0  2 0
   238  0.7493417954800648E-03   4   0 2  0 0  0 0  2 0
   239  -.4481381758594869E-01   4   1 0  1 0  0 0  2 0
   240  0.2221399770239544       4   0 1  1 0  0 0  2 0
   241  -.2069243216093515E-03   4   0 0  2 0  0 0  2 0
   242  0.2491793740886513       4   1 0  0 1  0 0  2 0
   243  0.6726182901797665       4   0 1  0 1  0 0  2 0
   244  0.3401766514604713E-03   4   0 0  1 1  0 0  2 0
   245  0.8641253530833096E-03   4   0 0  0 2  0 0  2 0
   246  0.8326228163798105E-03   4   2 0  0 0  0 1  0 1
   247  -.1245852841035918E-03   4   1 1  0 0  0 1  0 1
   248  -.8064229440908426E-03   4   0 2  0 0  0 1  0 1
   249  0.1239014029571235       4   1 0  1 0  0 1  0 1
   250  -.2160734184115388       4   0 1  1 0  0 1  0 1
   251  0.3685111964505672E-03   4   0 0  2 0  0 1  0 1
   252  -.2700676222796318       4   1 0  0 1  0 1  0 1
   253  -.5723244784624066       4   0 1  0 1  0 1  0 1
   254  -.2192958090613473E-03   4   0 0  1 1  0 1  0 1
   255  -.7265399826018259E-03   4   0 0  0 2  0 1  0 1
   256  0.8315023118336780E-03   4   2 0  0 0  0 0  1 1
   257  -.1244176230997488E-03   4   1 1  0 0  0 0  1 1
   258  -.8053376980980856E-03   4   0 2  0 0  0 0  1 1
   259  0.1237346622882952       4   1 0  1 0  0 0  1 1
   260  -.2157826369882278       4   0 1  1 0  0 0  1 1
   261  0.3680152714497141E-03   4   0 0  2 0  0 0  1 1
   262  -.2697041780014135       4   1 0  0 1  0 0  1 1
   263  -.5715542711520103       4   0 1  0 1  0 0  1 1
   264  -.2190006910965668E-03   4   0 0  1 1  0 0  1 1
   265  -.7255622393338838E-03   4   0 0  0 2  0 0  1 1
   266  -.5624382862481412E-03   4   2 0  0 0  0 0  0 2
   267  -.1053053719090304E-02   4   1 1  0 0  0 0  0 2
   268  -.4895517590870227E-03   4   0 2  0 0  0 0  0 2
   269  -.1260598677133105       4   1 0  1 0  0 0  0 2
   270  -.1207736963241561       4   0 1  1 0  0 0  0 2
   271  -.1454193575794657E-03   4   0 0  2 0  0 0  0 2
   272  -.9432815246268399E-01   4   1 0  0 1  0 0  0 2
   273  -.9223692722062823E-01   4   0 1  0 1  0 0  0 2
   274  -.3340959043855341E-03   4   0 0  1 1  0 0  0 2
   275  -.1786546471810724E-03   4   0 0  0 2  0 0  0 2
   276  -.5804409131633981E-05   4   1 0  0 0  0 3  0 0
   277  -.3282369905021837E-04   4   0 1  0 0  0 3  0 0
   278  -.6902244735411531E-01   4   0 0  1 0  0 3  0 0
   279  0.4576338469009993       4   0 0  0 1  0 3  0 0
   280  -.4187395593439085E-05   4   1 0  0 0  0 2  1 0
   281  -.2436936822122848E-04   4   0 1  0 0  0 2  1 0
   282  -.3800713969079449E-01   4   0 0  1 0  0 2  1 0
   283  0.2008052993881387       4   0 0  0 1  0 2  1 0
   284  -.4190643976238063E-05   4   1 0  0 0  0 1  2 0
   285  -.2438634521318839E-04   4   0 1  0 0  0 1  2 0
   286  -.3806956059508702E-01   4   0 0  1 0  0 1  2 0
   287  0.2013224978239259       4   0 0  0 1  0 1  2 0
   288  -.5789878380292942E-05   4   1 0  0 0  0 0  3 0
   289  -.3274106470283902E-04   4   0 1  0 0  0 0  3 0
   290  -.6885757701086556E-01   4   0 0  1 0  0 0  3 0
   291  0.4565751190433956       4   0 0  0 1  0 0  3 0
   292  0.8395109011834414E-05   4   1 0  0 0  0 2  0 1
   293  0.4346506894777878E-04   4   0 1  0 0  0 2  0 1
   294  0.1605434305744929       4   0 0  1 0  0 2  0 1
   295  -.4014329452568023       4   0 0  0 1  0 2  0 1
   296  0.6957667678321877E-05   4   1 0  0 0  0 1  1 1
   297  0.3626371208150132E-04   4   0 1  0 0  0 1  1 1
   298  0.9863147410649327E-01   4   0 0  1 0  0 1  1 1
   299  -.1484208127636088       4   0 0  0 1  0 1  1 1
   300  0.8379129619059657E-05   4   1 0  0 0  0 0  2 1
   301  0.4338217470914188E-04   4   0 1  0 0  0 0  2 1
   302  0.1602610119970201       4   0 0  1 0  0 0  2 1
   303  -.4007928468504618       4   0 0  0 1  0 0  2 1
   304  -.2215424724742671E-05   4   1 0  0 0  0 1  0 2
   305  -.5909132758883912E-05   4   0 1  0 0  0 1  0 2
   306  -.9855200831779372E-01   4   0 0  1 0  0 1  0 2
   307  -.1794855095266925       4   0 0  0 1  0 1  0 2
   308  -.2212443310557360E-05   4   1 0  0 0  0 0  1 2
   309  -.5901180526504703E-05   4   0 1  0 0  0 0  1 2
   310  -.9841938166959471E-01   4   0 0  1 0  0 0  1 2
   311  -.1792439663868302       4   0 0  0 1  0 0  1 2
   312  0.6095333566122447E-06   4   1 0  0 0  0 0  0 3
   313  0.4972079459406118E-06   4   0 1  0 0  0 0  0 3
   314  -.8507643186277324E-02   4   0 0  1 0  0 0  0 3
   315  -.6953140600981345E-02   4   0 0  0 1  0 0  0 3
   316  -.8377674651890093E-05   4   0 0  0 0  0 4  0 0
   317  -.4172674011909041E-05   4   0 0  0 0  0 3  1 0
   318  -.3615574409834905E-05   4   0 0  0 0  0 2  2 0
   319  -.4184707390422178E-05   4   0 0  0 0  0 1  3 0
   320  -.8352331411569231E-05   4   0 0  0 0  0 0  4 0
   321  0.8792047205021719E-05   4   0 0  0 0  0 3  0 1
   322  0.4138004695060523E-05   4   0 0  0 0  0 2  1 1
   323  0.4147375597403179E-05   4   0 0  0 0  0 1  2 1
   324  0.8771518712793018E-05   4   0 0  0 0  0 0  3 1
   325  0.8899631203908523E-06   4   0 0  0 0  0 2  0 2
   326  0.1057013865202229E-05   4   0 0  0 0  0 1  1 2
   327  0.8880542102437119E-06   4   0 0  0 0  0 0  2 2
   328  0.9037649537775809E-08   4   0 0  0 0  0 1  0 3
   329  0.9025487094957627E-08   4   0 0  0 0  0 0  1 3
   330  -.3215724921038544E-13   4   0 0  0 0  0 0  0 4
   ----------------------------------------------------
     I  COEFFICIENT            ORDER EXPONENTS
     1  0.8043227062318587E-08   0   0 0  0 0  0 0  0 0
     2  -.4438650485125913E-05   1   1 0  0 0  0 0  0 0
     3  -.5264828638675560E-05   1   0 1  0 0  0 0  0 0
     4  0.3242224566522114E-04   1   0 0  1 0  0 0  0 0
     5  0.9620387078563886E-05   1   0 0  0 1  0 0  0 0
     6   1.000000000000000       1   0 0  0 0  1 0  0 0
     7  0.2859789918255267       1   0 0  0 0  0 1  0 0
     8  -.2859789891426566       1   0 0  0 0  0 0  1 0
     9  -.2682876334281863E-08   1   0 0  0 0  0 0  0 1
    10  -.2584111562197408       2   2 0  0 0  0 0  0 0
    11  -.7324166277176967       2   1 1  0 0  0 0  0 0
    12  -.7331988530903349       2   0 2  0 0  0 0  0 0
    13  -.1661268858428930E-04   2   1 0  1 0  0 0  0 0
    14  -.2299848861700210E-04   2   0 1  1 0  0 0  0 0
    15  -.1858344904522969       2   0 0  2 0  0 0  0 0
    16  -.2296160997393076E-04   2   1 0  0 1  0 0  0 0
    17  -.2769374211656815E-04   2   0 1  0 1  0 0  0 0
    18  -.1057495919745422       2   0 0  1 1  0 0  0 0
    19  -.2324014772290230       2   0 0  0 2  0 0  0 0
    20  0.6585990602969890E-05   2   1 0  0 0  0 1  0 0
    21  0.9715532043601783E-05   2   0 1  0 0  0 1  0 0
    22  -.4601947243601516E-04   2   0 0  1 0  0 1  0 0
    23  -.2756621936348107E-04   2   0 0  0 1  0 1  0 0
    24  0.2150430741420477E-05   2   1 0  0 0  0 0  1 0
    25  0.4451817049301124E-05   2   0 1  0 0  0 0  1 0
    26  -.1362251576066472E-04   2   0 0  1 0  0 0  1 0
    27  -.1793462365283863E-04   2   0 0  0 1  0 0  1 0
    28  -.8736476596865894E-05   2   1 0  0 0  0 0  0 1
    29  -.8902625417528178E-05   2   0 1  0 0  0 0  0 1
    30  0.5964201307933403E-04   2   0 0  1 0  0 0  0 1
    31  0.3588048402640584E-04   2   0 0  0 1  0 0  0 1
    32  -.2146286633633710       2   0 0  0 0  0 2  0 0
    33  0.1432783311970022       2   0 0  0 0  0 1  1 0
    34  0.7135032846094040E-01   2   0 0  0 0  0 0  2 0
    35  0.3704416657766863E-08   2   0 0  0 0  0 1  0 1
    36  0.1023829724210705E-08   2   0 0  0 0  0 0  1 1
    37  -.1022745973351911E-08   2   0 0  0 0  0 0  0 2
    38  0.1314088767573263       3   3 0  0 0  0 0  0 0
    39  0.4217142974627519       3   2 1  0 0  0 0  0 0
    40  0.4396055364125278       3   1 2  0 0  0 0  0 0
    41  0.1501304814909707       3   0 3  0 0  0 0  0 0
    42  0.7758337319320046E-03   3   2 0  1 0  0 0  0 0
    43  0.1472337487118419E-02   3   1 1  1 0  0 0  0 0
    44  0.8981780880107785E-03   3   0 2  1 0  0 0  0 0
    45  0.6522356463816684E-01   3   1 0  2 0  0 0  0 0
    46  0.8968293734953409E-02   3   0 1  2 0  0 0  0 0
    47  0.2732968890967198E-03   3   0 0  3 0  0 0  0 0
    48  0.5488753566427680E-03   3   2 0  0 1  0 0  0 0
    49  0.9979060430764797E-03   3   1 1  0 1  0 0  0 0
    50  0.6098445118851377E-03   3   0 2  0 1  0 0  0 0
    51  0.2266916271288847E-01   3   1 0  1 1  0 0  0 0
    52  -.6659158078619343E-01   3   0 1  1 1  0 0  0 0
    53  0.7566023052190229E-03   3   0 0  2 1  0 0  0 0
    54  -.3398870242438187E-01   3   1 0  0 2  0 0  0 0
    55  -.6943383954770858E-01   3   0 1  0 2  0 0  0 0
    56  0.7045201476043889E-03   3   0 0  1 2  0 0  0 0
    57  0.2153212576114939E-03   3   0 0  0 3  0 0  0 0
    58  0.4085175536168755       3   2 0  0 0  0 1  0 0
    59   1.376902999297465       3   1 1  0 0  0 1  0 0
    60   1.451400599871335       3   0 2  0 0  0 1  0 0
    61  0.2505819376238092E-04   3   1 0  1 0  0 1  0 0
    62  0.4244617651044009E-04   3   0 1  1 0  0 1  0 0
    63  0.2631282183931603       3   0 0  2 0  0 1  0 0
    64  0.4255878059648787E-04   3   1 0  0 1  0 1  0 0
    65  0.6308507353021308E-04   3   0 1  0 1  0 1  0 0
    66  0.3086575958267049       3   0 0  1 1  0 1  0 0
    67  0.3933420719491081       3   0 0  0 2  0 1  0 0
    68  0.1502519024579327       3   2 0  0 0  0 0  1 0
    69  0.6446038749161802       3   1 1  0 0  0 0  1 0
    70  0.7182209165571480       3   0 2  0 0  0 0  1 0
    71  0.8420297212661565E-05   3   1 0  1 0  0 0  1 0
    72  0.1935222331964127E-04   3   0 1  1 0  0 0  1 0
    73  0.7743958104802721E-01   3   0 0  2 0  0 0  1 0
    74  0.1955427278406242E-04   3   1 0  0 1  0 0  1 0
    75  0.3527502877019231E-04   3   0 1  0 1  0 0  1 0
    76  0.2027772413614561       3   0 0  1 1  0 0  1 0
    77  0.1610364194314725       3   0 0  0 2  0 0  1 0
    78  -.5587699210785579       3   2 0  0 0  0 0  0 1
    79  -1.289091474688246       3   1 1  0 0  0 0  0 1
    80  -.7032247374302688       3   0 2  0 0  0 0  0 1
    81  -.3340641641781557E-04   3   1 0  1 0  0 0  0 1
    82  -.3860272937445345E-04   3   0 1  1 0  0 0  0 1
    83  -.3405680121795666       3   0 0  2 0  0 0  0 1
    84  -.3903422600813763E-04   3   1 0  0 1  0 0  0 1
    85  -.4271613712365675E-04   3   0 1  0 1  0 0  0 1
    86  -.4056855328105146       3   0 0  1 1  0 0  0 1
    87  -.8957567675742373E-01   3   0 0  0 2  0 0  0 1
    88  -.8145434827754895E-05   3   1 0  0 0  0 2  0 0
    89  -.1390681095524676E-04   3   0 1  0 0  0 2  0 0
    90  0.5501211835132650E-04   3   0 0  1 0  0 2  0 0
    91  0.4651587577299868E-04   3   0 0  0 1  0 2  0 0
    92  -.3120661463266673E-05   3   1 0  0 0  0 1  1 0
    93  -.8383792433468703E-05   3   0 1  0 0  0 1  1 0
    94  0.1800285140020709E-04   3   0 0  1 0  0 1  1 0
    95  0.3790138241224115E-04   3   0 0  0 1  0 1  1 0
    96  -.1562650260767573E-05   3   1 0  0 0  0 0  2 0
    97  -.4192777412855427E-05   3   0 1  0 0  0 0  2 0
    98  0.9020217871009220E-05   3   0 0  1 0  0 0  2 0
    99  0.1894369414276192E-04   3   0 0  0 1  0 0  2 0
   100  0.1282433689835292E-04   3   1 0  0 0  0 1  0 1
   101  0.1676540340661158E-04   3   0 1  0 0  0 1  0 1
   102  -.8201315876262925E-04   3   0 0  1 0  0 1  0 1
   103  -.7580652966821094E-04   3   0 0  0 1  0 1  0 1
   104  0.4094176472909182E-05   3   1 0  0 0  0 0  1 1
   105  0.7864357401468870E-05   3   0 1  0 0  0 0  1 1
   106  -.2242273277550932E-04   3   0 0  1 0  0 0  1 1
   107  -.3992187947160509E-04   3   0 0  0 1  0 0  1 1
   108  -.4090856530686971E-05   3   1 0  0 0  0 0  0 2
   109  -.3412217724544097E-05   3   0 1  0 0  0 0  0 2
   110  0.2239847704025827E-04   3   0 0  1 0  0 0  0 2
   111  0.2198519994147564E-04   3   0 0  0 1  0 0  0 2
   112  0.1788813500863648       3   0 0  0 0  0 3  0 0
   113  -.1073867925374908       3   0 0  0 0  0 2  1 0
   114  -.3589155532278578E-01   3   0 0  0 0  0 1  2 0
   115  -.3560303942502135E-01   3   0 0  0 0  0 0  3 0
   116  -.3674274698946154E-08   3   0 0  0 0  0 2  0 1
   117  0.7214772076240884E-10   3   0 0  0 0  0 1  1 1
   118  0.3352235493685701E-10   3   0 0  0 0  0 0  2 1
   119  0.5071307385863257E-09   3   0 0  0 0  0 1  0 2
   120  -.6888133423490020E-11   3   0 0  0 0  0 0  1 2
   121  0.1385170629804849E-09   3   0 0  0 0  0 0  0 3
   122  -1.782799736212758       4   4 0  0 0  0 0  0 0
   123  -9.112976541730847       4   3 1  0 0  0 0  0 0
   124  -17.67588398326057       4   2 2  0 0  0 0  0 0
   125  -15.41812190321223       4   1 3  0 0  0 0  0 0
   126  -5.366685700543644       4   0 4  0 0  0 0  0 0
   127  0.1248620347939538E-02   4   3 0  1 0  0 0  0 0
   128  0.5477797819450413E-02   4   2 1  1 0  0 0  0 0
   129  0.6732652003580690E-02   4   1 2  1 0  0 0  0 0
   130  0.2516561641103043E-02   4   0 3  1 0  0 0  0 0
   131  -5.237900619818459       4   2 0  2 0  0 0  0 0
   132  -10.50651101583322       4   1 1  2 0  0 0  0 0
   133  -6.208084133193684       4   0 2  2 0  0 0  0 0
   134  0.3724520736219098E-02   4   1 0  3 0  0 0  0 0
   135  0.2732353478039761E-02   4   0 1  3 0  0 0  0 0
   136  -1.000911553542716       4   0 0  4 0  0 0  0 0
   137  0.2061584916419367E-02   4   3 0  0 1  0 0  0 0
   138  0.7593790003564168E-02   4   2 1  0 1  0 0  0 0
   139  0.8608307072721744E-02   4   1 2  0 1  0 0  0 0
   140  0.3078204271017849E-02   4   0 3  0 1  0 0  0 0
   141  -7.498958246932250       4   2 0  1 1  0 0  0 0
   142  -14.11885348531549       4   1 1  1 1  0 0  0 0
   143  -8.143618916696640       4   0 2  1 1  0 0  0 0
   144  0.8899876216212832E-02   4   1 0  2 1  0 0  0 0
   145  0.6357337976043126E-02   4   0 1  2 1  0 0  0 0
   146  -3.257045674921978       4   0 0  3 1  0 0  0 0
   147  -2.542874274044519       4   2 0  0 2  0 0  0 0
   148  -4.973515440457538       4   1 1  0 2  0 0  0 0
   149  -3.413655744290041       4   0 2  0 2  0 0  0 0
   150  0.6896712727269842E-02   4   1 0  1 2  0 0  0 0
   151  0.4690090662250382E-02   4   0 1  1 2  0 0  0 0
   152  -4.099981787806088       4   0 0  2 2  0 0  0 0
   153  0.1668429046971480E-02   4   1 0  0 3  0 0  0 0
   154  0.1013797865546786E-02   4   0 1  0 3  0 0  0 0
   155  -2.326694731835643       4   0 0  1 3  0 0  0 0
   156  -.5995331156553584       4   0 0  0 4  0 0  0 0
   157  -.2201970864952654       4   3 0  0 0  0 1  0 0
   158  -.8815130218680548       4   2 1  0 0  0 1  0 0
   159  -1.112365249386211       4   1 2  0 0  0 1  0 0
   160  -.4484540424086084       4   0 3  0 0  0 1  0 0
   161  -.1605270750211379E-03   4   2 0  1 0  0 1  0 0
   162  -.1127238978679505E-02   4   1 1  1 0  0 1  0 0
   163  -.1163264106751355E-02   4   0 2  1 0  0 1  0 0
   164  -.8344202391510452E-01   4   1 0  2 0  0 1  0 0
   165  -.3226939507834267E-01   4   0 1  2 0  0 1  0 0
   166  -.2656670669719981E-03   4   0 0  3 0  0 1  0 0
   167  -.2213218388591535E-03   4   2 0  0 1  0 1  0 0
   168  -.7748254298051192E-03   4   1 1  0 1  0 1  0 0
   169  -.7654050466111547E-03   4   0 2  0 1  0 1  0 0
   170  -.7498531766104832E-01   4   1 0  1 1  0 1  0 0
   171  0.9153904177482372E-01   4   0 1  1 1  0 1  0 0
   172  -.9081253492431672E-03   4   0 0  2 1  0 1  0 0
   173  0.4664158497797486E-01   4   1 0  0 2  0 1  0 0
   174  0.1518668968706455       4   0 1  0 2  0 1  0 0
   175  -.1174629785280273E-02   4   0 0  1 2  0 1  0 0
   176  -.4982890955944876E-03   4   0 0  0 3  0 1  0 0
   177  -.8795169312917725E-01   4   3 0  0 0  0 0  1 0
   178  -.4563532423314909       4   2 1  0 0  0 0  1 0
   179  -.6682805537341771       4   1 2  0 0  0 0  1 0
   180  -.2963972983492175       4   0 3  0 0  0 0  1 0
   181  -.1234235101590890E-03   4   2 0  1 0  0 0  1 0
   182  -.1045436982286658E-02   4   1 1  1 0  0 0  1 0
   183  -.1009018466032928E-02   4   0 2  1 0  0 0  1 0
   184  -.1800031996576257E-01   4   1 0  2 0  0 0  1 0
   185  -.2251285151906711E-01   4   0 1  2 0  0 0  1 0
   186  -.1593024715761366E-03   4   0 0  3 0  0 0  1 0
   187  -.2763327176404714E-03   4   2 0  0 1  0 0  1 0
   188  -.9620402305443156E-03   4   1 1  0 1  0 0  1 0
   189  -.8173670659346365E-03   4   0 2  0 1  0 0  1 0
   190  -.5187089879445195E-01   4   1 0  1 1  0 0  1 0
   191  0.2612226080330598E-01   4   0 1  1 1  0 0  1 0
   192  -.6410181552964169E-03   4   0 0  2 1  0 0  1 0
   193  0.1291482867067008E-01   4   1 0  0 2  0 0  1 0
   194  0.8295748771808910E-01   4   0 1  0 2  0 0  1 0
   195  -.8836988913447933E-03   4   0 0  1 2  0 0  1 0
   196  -.3883310598132340E-03   4   0 0  0 3  0 0  1 0
   197  0.3070089774401221       4   3 0  0 0  0 0  0 1
   198  0.9106533740411740       4   2 1  0 0  0 0  0 1
   199  0.8933547330812374       4   1 2  0 0  0 0  0 1
   200  0.2904792752591269       4   0 3  0 0  0 0  0 1
   201  0.4179601300537041E-03   4   2 0  1 0  0 0  0 1
   202  0.1129903139760015E-02   4   1 1  1 0  0 0  0 1
   203  0.8304599356494125E-03   4   0 2  1 0  0 0  0 1
   204  0.1009321717493797       4   1 0  2 0  0 0  0 1
   205  0.4427633765351073E-01   4   0 1  2 0  0 0  0 1
   206  0.4699297168530663E-03   4   0 0  3 0  0 0  0 1
   207  0.1236779887560550E-05   4   2 0  0 1  0 0  0 1
   208  0.1498147449704592E-03   4   1 1  0 1  0 0  0 1
   209  0.2788052984538816E-03   4   0 2  0 1  0 0  0 1
   210  0.1033988125107139       4   1 0  1 1  0 0  0 1
   211  0.1331029020285159E-01   4   0 1  1 1  0 0  0 1
   212  0.9977015663716470E-03   4   0 0  2 1  0 0  0 1
   213  0.7864592449493769E-02   4   1 0  0 2  0 0  0 1
   214  -.2778751666110173E-01   4   0 1  0 2  0 0  0 1
   215  0.7395768214070448E-03   4   0 0  1 2  0 0  0 1
   216  0.2247320553545396E-03   4   0 0  0 3  0 0  0 1
   217  -.5324056861515711       4   2 0  0 0  0 2  0 0
   218  -2.019245800862415       4   1 1  0 0  0 2  0 0
   219  -2.238739141866283       4   0 2  0 0  0 2  0 0
   220  -.3307863976087843E-04   4   1 0  1 0  0 2  0 0
   221  -.7095193224275214E-04   4   0 1  1 0  0 2  0 0
   222  -.3139182121631285       4   0 0  2 0  0 2  0 0
   223  -.7248527925802509E-04   4   1 0  0 1  0 2  0 0
   224  -.1223530145663831E-03   4   0 1  0 1  0 2  0 0
   225  -.5229787815678256       4   0 0  1 1  0 2  0 0
   226  -.5667469368310036       4   0 0  0 2  0 2  0 0
   227  -.2478011914171254       4   2 0  0 0  0 1  1 0
   228  -1.284606627201474       4   1 1  0 0  0 1  1 0
   229  -1.574451205476575       4   0 2  0 0  0 1  1 0
   230  -.1328544164970286E-04   4   1 0  1 0  0 1  1 0
   231  -.4076503999274938E-04   4   0 1  1 0  0 1  1 0
   232  -.1016806327953461       4   0 0  2 0  0 1  1 0
   233  -.4230821904962674E-04   4   1 0  0 1  0 1  1 0
   234  -.9012130057978654E-04   4   0 1  0 1  0 1  1 0
   235  -.4286643300290516       4   0 0  1 1  0 1  1 0
   236  -.3468012777410407       4   0 0  0 2  0 1  1 0
   237  -.1240082443435883       4   2 0  0 0  0 0  2 0
   238  -.6423636956174956       4   1 1  0 0  0 0  2 0
   239  -.7871409453181307       4   0 2  0 0  0 0  2 0
   240  -.6707304855714246E-05   4   1 0  1 0  0 0  2 0
   241  -.2044604672376211E-04   4   0 1  1 0  0 0  2 0
   242  -.5094861026767553E-01   4   0 0  2 0  0 0  2 0
   243  -.2120210107510794E-04   4   1 0  0 1  0 0  2 0
   244  -.4507716639140316E-04   4   0 1  0 1  0 0  2 0
   245  -.2142509493604028       4   0 0  1 1  0 0  2 0
   246  -.1734314704688747       4   0 0  0 2  0 0  2 0
   247  0.9040413153096098       4   2 0  0 0  0 1  0 1
   248   2.569184175626208       4   1 1  0 0  0 1  0 1
   249   1.697672522667609       4   0 2  0 0  0 1  0 1
   250  0.4413165679681806E-04   4   1 0  1 0  0 1  0 1
   251  0.7374950784426824E-04   4   0 1  1 0  0 1  0 1
   252  0.4664162235041891       4   0 0  2 0  0 1  0 1
   253  0.7632119183732583E-04   4   1 0  0 1  0 1  0 1
   254  0.1071005398467279E-03   4   0 1  0 1  0 1  0 1
   255  0.8573627866958300       4   0 0  1 1  0 1  0 1
   256  0.3002983174641514       4   0 0  0 2  0 1  0 1
   257  0.3455427295387563       4   2 0  0 0  0 0  1 1
   258   1.280076159284526       4   1 1  0 0  0 0  1 1
   259  0.9940429144432925       4   0 2  0 0  0 0  1 1
   260  0.1522069587014258E-04   4   1 0  1 0  0 0  1 1
   261  0.3490486035750811E-04   4   0 1  1 0  0 0  1 1
   262  0.1261460817822162       4   0 0  2 0  0 0  1 1
   263  0.3659465766106316E-04   4   1 0  0 1  0 0  1 1
   264  0.6011692768381016E-04   4   0 1  0 1  0 0  1 1
   265  0.4516309126082683       4   0 0  1 1  0 0  1 1
   266  0.2105665228271610       4   0 0  0 2  0 0  1 1
   267  -.3453869230473476       4   2 0  0 0  0 0  0 2
   268  -.6355008481768449       4   1 1  0 0  0 0  0 2
   269  -.2910026710722349       4   0 2  0 0  0 0  0 2
   270  -.1256152723561486E-04   4   1 0  1 0  0 0  0 2
   271  -.1119701858003081E-04   4   0 1  1 0  0 0  0 2
   272  -.1260057257089160       4   0 0  2 0  0 0  0 2
   273  -.1223223968250449E-04   4   1 0  0 1  0 0  0 2
   274  -.1098281049107849E-04   4   0 1  0 1  0 0  0 2
   275  -.2488272131950313       4   0 0  1 1  0 0  0 2
   276  -.1210764918547804       4   0 0  0 2  0 0  0 2
   277  -.1238660823818570E-03   4   1 0  0 0  0 3  0 0
   278  -.2093538443240565E-03   4   0 1  0 0  0 3  0 0
   279  -.6363739721982606E-04   4   0 0  1 0  0 3  0 0
   280  -.5866855240753251E-04   4   0 0  0 1  0 3  0 0
   281  -.6369257883942210E-04   4   1 0  0 0  0 2  1 0
   282  -.1033685199970669E-03   4   0 1  0 0  0 2  1 0
   283  -.1974044891835585E-04   4   0 0  1 0  0 2  1 0
   284  -.5348790853252104E-04   4   0 0  0 1  0 2  1 0
   285  -.3992634959216189E-04   4   1 0  0 0  0 1  2 0
   286  -.6430557784579179E-04   4   0 1  0 0  0 1  2 0
   287  -.1075187697282658E-04   4   0 0  1 0  0 1  2 0
   288  -.3581325702959504E-04   4   0 0  0 1  0 1  2 0
   289  -.2125846991332852E-04   4   1 0  0 0  0 0  3 0
   290  -.3450696425300051E-04   4   0 1  0 0  0 0  3 0
   291  -.6607014816066366E-05   4   0 0  1 0  0 0  3 0
   292  -.1782111967784681E-04   4   0 0  0 1  0 0  3 0
   293  0.1073958623369028E-03   4   1 0  0 0  0 2  0 1
   294  0.8777939914212055E-04   4   0 1  0 0  0 2  0 1
   295  0.7142827984424474E-04   4   0 0  1 0  0 2  0 1
   296  0.1110480831033294E-03   4   0 0  0 1  0 2  0 1
   297  0.5628270205816948E-04   4   1 0  0 0  0 1  1 1
   298  0.4647997853394635E-04   4   0 1  0 0  0 1  1 1
   299  0.1679920439204634E-04   4   0 0  1 0  0 1  1 1
   300  0.7350363775707468E-04   4   0 0  0 1  0 1  1 1
   301  0.2815658071753932E-04   4   1 0  0 0  0 0  2 1
   302  0.2325189467386743E-04   4   0 1  0 0  0 0  2 1
   303  0.8430815823340563E-05   4   0 0  1 0  0 0  2 1
   304  0.3675269778751371E-04   4   0 0  0 1  0 0  2 1
   305  -.4402808794403263E-06   4   1 0  0 0  0 1  0 2
   306  0.1681202511620546E-05   4   0 1  0 0  0 1  0 2
   307  -.8599926387321468E-05   4   0 0  1 0  0 1  0 2
   308  -.2033402421645849E-04   4   0 0  0 1  0 1  0 2
   309  -.2985402158496115E-05   4   1 0  0 0  0 0  1 2
   310  -.6949571080412539E-06   4   0 1  0 0  0 0  1 2
   311  0.1007512042875127E-05   4   0 0  1 0  0 0  1 2
   312  -.1010057863370512E-04   4   0 0  0 1  0 0  1 2
   313  -.2975899161812593E-07   4   1 0  0 0  0 0  0 3
   314  0.1204251552121367E-07   4   0 1  0 0  0 0  0 3
   315  -.3128855215353458E-05   4   0 0  1 0  0 0  0 3
   316  -.2838332082464163E-05   4   0 0  0 1  0 0  0 3
   317  -.1565302508507146       4   0 0  0 0  0 4  0 0
   318  0.8947684406665689E-01   4   0 0  0 0  0 3  1 0
   319  0.2686485560075624E-01   4   0 0  0 0  0 2  2 0
   320  0.1798162725007041E-01   4   0 0  0 0  0 1  3 0
   321  0.2220686175313138E-01   4   0 0  0 0  0 0  4 0
   322  0.5029814952990679E-08   4   0 0  0 0  0 3  0 1
   323  0.2796122476745723E-08   4   0 0  0 0  0 2  1 1
   324  0.2250666049118549E-08   4   0 0  0 0  0 1  2 1
   325  0.7755785992574356E-09   4   0 0  0 0  0 0  3 1
   326  -.5768345564522032E-09   4   0 0  0 0  0 2  0 2
   327  -.9983124233429510E-11   4   0 0  0 0  0 1  1 2
   328  -.1327352545328003E-10   4   0 0  0 0  0 0  2 2
   329  -.2602032981932543E-09   4   0 0  0 0  0 1  0 3
   330  -.1217086344861329E-09   4   0 0  0 0  0 0  1 3
   331  -.1258361704027081E-10   4   0 0  0 0  0 0  0 4
   ----------------------------------------------------
     I  COEFFICIENT            ORDER EXPONENTS
     1   1.000000000000000       1   0 0  0 0  0 1  0 0
     --------------------------------------------------
     I  COEFFICIENT            ORDER EXPONENTS
     1   1.000000000000000       1   0 0  0 0  0 0  1 0
     --------------------------------------------------
     I  COEFFICIENT            ORDER EXPONENTS
     1   1.000000000000000       1   0 0  0 0  0 0  0 1
     --------------------------------------------------
