 L    0.1145458000000000E+01
 P (  0.0000000000000000E+00,  0.0000000000000000E+00,  0.9555200000000000E-01)
 A (  0.0000000000000000E+00,  0.0000000000000000E+00,  0.0000000000000000E+00)
     I  COEFFICIENT            ORDER EXPONENTS
     1  0.9514942891843761E-04   0   0 0  0 0  0 0  0 0
     2   1.634093548379475       1   1 0  0 0  0 0  0 0
     3   1.707813386824868       1   0 1  0 0  0 0  0 0
     4  0.1902851722465276E-04   1   0 0  1 0  0 0  0 0
     5  0.1675538410809333E-04   1   0 0  0 1  0 0  0 0
     6  -.9191909862312247E-06   1   0 0  0 0  0 1  0 0
     7  -.9179539823220196E-06   1   0 0  0 0  0 0  1 0
     8  0.1837144970353072E-05   1   0 0  0 0  0 0  0 1
     9  -.1606316364707822       2   2 0  0 0  0 0  0 0
    10  -.2870220782294752       2   1 1  0 0  0 0  0 0
    11  -.1288611122729447       2   0 2  0 0  0 0  0 0
    12  0.6473354095007323E-03   2   1 0  1 0  0 0  0 0
    13  0.1955128040013779E-03   2   0 1  1 0  0 0  0 0
    14  0.1155086832182278       2   0 0  2 0  0 0  0 0
    15  0.6553319144318277E-03   2   1 0  0 1  0 0  0 0
    16  0.2945133741097476E-03   2   0 1  0 1  0 0  0 0
    17  0.2059420841870875       2   0 0  1 1  0 0  0 0
    18  0.9255756889099835E-01   2   0 0  0 2  0 0  0 0
    19  -.3436349081891411       2   1 0  0 0  0 1  0 0
    20  -1.157846661620309       2   0 1  0 0  0 1  0 0
    21  -.1039929285276342E-04   2   0 0  1 0  0 1  0 0
    22  -.1759851421341355E-04   2   0 0  0 1  0 1  0 0
    23  -.3431724605246542       2   1 0  0 0  0 0  1 0
    24  -1.156288486150525       2   0 1  0 0  0 0  1 0
    25  -.1038529797454389E-04   2   0 0  1 0  0 0  1 0
    26  -.1757483096237440E-04   2   0 0  0 1  0 0  1 0
    27  0.6868073687455203       2   1 0  0 0  0 0  0 1
    28  0.6063217609777211       2   0 1  0 0  0 0  0 1
    29  0.2078456907904900E-04   2   0 0  1 0  0 0  0 1
    30  0.1841794010581734E-04   2   0 0  0 1  0 0  0 1
    31  0.4753434943472854E-06   2   0 0  0 0  0 2  0 0
    32  0.3270539571489560E-07   2   0 0  0 0  0 1  1 0
    33  0.4746817926906485E-06   2   0 0  0 0  0 0  2 0
    34  -.6426438906584057E-07   2   0 0  0 0  0 1  0 1
    35  -.6417790507954969E-07   2   0 0  0 0  0 0  1 1
    36  -.8543459729537887E-06   2   0 0  0 0  0 0  0 2
    37   1.970191763733736       3   3 0  0 0  0 0  0 0
    38   9.147240129643938       3   2 1  0 0  0 0  0 0
    39   12.40669780069678       3   1 2  0 0  0 0  0 0
    40   6.047184649799826       3   0 3  0 0  0 0  0 0
    41  -.1236717767748721E-01   3   2 0  1 0  0 0  0 0
    42  -.2176204101016081E-01   3   1 1  1 0  0 0  0 0
    43  -.9589995961967558E-02   3   0 2  1 0  0 0  0 0
    44  -1.663955080139261       3   1 0  2 0  0 0  0 0
    45  0.3609087137463954       3   0 1  2 0  0 0  0 0
    46  0.2984681080701593E-02   3   0 0  3 0  0 0  0 0
    47  -.1120326576918610E-01   3   2 0  0 1  0 0  0 0
    48  -.1986267812123517E-01   3   1 1  0 1  0 0  0 0
    49  -.8812092092640784E-02   3   0 2  0 1  0 0  0 0
    50  -4.762435984258875       3   1 0  1 1  0 0  0 0
    51  -1.541783431378388       3   0 1  1 1  0 0  0 0
    52  0.7941435685824628E-02   3   0 0  2 1  0 0  0 0
    53  -2.241120425932766       3   1 0  0 2  0 0  0 0
    54  -.1932894638292680       3   0 1  0 2  0 0  0 0
    55  0.7113200463782880E-02   3   0 0  1 2  0 0  0 0
    56  0.2154156903748442E-02   3   0 0  0 3  0 0  0 0
    57  0.1001269740094987       3   2 0  0 0  0 1  0 0
    58  0.3219390355453157       3   1 1  0 0  0 1  0 0
    59  0.2086742801109655       3   0 2  0 0  0 1  0 0
    60  -.3698967851009228E-03   3   1 0  1 0  0 1  0 0
    61  -.1902354698521003E-03   3   0 1  1 0  0 1  0 0
    62  -.5392745777636167E-01   3   0 0  2 0  0 1  0 0
    63  -.7717526687646671E-03   3   1 0  0 1  0 1  0 0
    64  -.5075309772296835E-03   3   0 1  0 1  0 1  0 0
    65  -.1984400703136605       3   0 0  1 1  0 1  0 0
    66  -.1352385226626041       3   0 0  0 2  0 1  0 0
    67  0.9999222784669748E-01   3   2 0  0 0  0 0  1 0
    68  0.3215057851637395       3   1 1  0 0  0 0  1 0
    69  0.2083934560992698       3   0 2  0 0  0 0  1 0
    70  -.3693989954401680E-03   3   1 0  1 0  0 0  1 0
    71  -.1899794599222620E-03   3   0 1  1 0  0 0  1 0
    72  -.5385488474519944E-01   3   0 0  2 0  0 0  1 0
    73  -.7707140803944891E-03   3   1 0  0 1  0 0  1 0
    74  -.5068479659596355E-03   3   0 1  0 1  0 0  1 0
    75  -.1981730190191893       3   0 0  1 1  0 0  1 0
    76  -.1350565250323757       3   0 0  0 2  0 0  1 0
    77  -.2001195146927553       3   2 0  0 0  0 0  0 1
    78  -.3564232586075041       3   1 1  0 0  0 0  0 1
    79  -.1593457238406818       3   0 2  0 0  0 0  0 1
    80  0.7384912111526125E-03   3   1 0  1 0  0 0  0 1
    81  0.1838866131240050E-03   3   0 1  1 0  0 0  0 1
    82  0.1077825103086842       3   0 0  2 0  0 0  0 1
    83  0.8862955649545296E-03   3   1 0  0 1  0 0  0 1
    84  0.4244975236247266E-03   3   0 1  0 1  0 0  0 1
    85  0.1906712680201630       3   0 0  1 1  0 0  0 1
    86  0.8518001134385737E-01   3   0 0  0 2  0 0  0 1
    87  0.2712960409065017       3   1 0  0 0  0 2  0 0
    88   1.031329050332285       3   0 1  0 0  0 2  0 0
    89  0.8247851150323803E-05   3   0 0  1 0  0 2  0 0
    90  0.1824160535908506E-04   3   0 0  0 1  0 2  0 0
    91  0.1991513533056547       3   1 0  0 0  0 1  1 0
    92  0.9051500675366198       3   0 1  0 0  0 1  1 0
    93  0.6029448467198374E-05   3   0 0  1 0  0 1  1 0
    94  0.1880923545228303E-04   3   0 0  0 1  0 1  1 0
    95  0.2707969392275907       3   1 0  0 0  0 0  2 0
    96   1.029332082149881       3   0 1  0 0  0 0  2 0
    97  0.8232694507159090E-05   3   0 0  1 0  0 0  2 0
    98  0.1820440037501386E-04   3   0 0  0 1  0 0  2 0
    99  -.3981089738967241       3   1 0  0 0  0 1  0 1
   100  -.6521156996746604       3   0 1  0 0  0 1  0 1
   101  -.1200381527906235E-04   3   0 0  1 0  0 1  0 1
   102  -.1992821107308466E-04   3   0 0  0 1  0 1  0 1
   103  -.3975732176018806       3   1 0  0 0  0 0  1 1
   104  -.6512381130991867       3   0 1  0 0  0 0  1 1
   105  -.1198766111018001E-04   3   0 0  1 0  0 0  1 1
   106  -.1990139262580654E-04   3   0 0  0 1  0 0  1 1
   107  0.5443753413140830E-01   3   1 0  0 0  0 0  0 2
   108  0.4535528499208846E-01   3   0 1  0 0  0 0  0 2
   109  0.1536469024203871E-05   3   0 0  1 0  0 0  0 2
   110  0.1449333580592437E-05   3   0 0  0 1  0 0  0 2
   111  -.2479147360288129E-06   3   0 0  0 0  0 3  0 0
   112  0.2065201403305243E-06   3   0 0  0 0  0 2  1 0
   113  0.2056034782500505E-06   3   0 0  0 0  0 1  2 0
   114  -.2475530639057955E-06   3   0 0  0 0  0 0  3 0
   115  -.4137386680504186E-06   3   0 0  0 0  0 2  0 1
   116  -.8903371262484898E-06   3   0 0  0 0  0 1  1 1
   117  -.4125827912719600E-06   3   0 0  0 0  0 0  2 1
   118  0.9231873745627128E-06   3   0 0  0 0  0 1  0 2
   119  0.9219449925023606E-06   3   0 0  0 0  0 0  1 2
   120  -.4551714772137302E-07   3   0 0  0 0  0 0  0 3
   121  -18.92264142036537       4   4 0  0 0  0 0  0 0
   122  -70.16738226847482       4   3 1  0 0  0 0  0 0
   123  -98.11546531756562       4   2 2  0 0  0 0  0 0
   124  -61.43205949167731       4   1 3  0 0  0 0  0 0
   125  -14.55339366395051       4   0 4  0 0  0 0  0 0
   126  -.8738415893561401E-02   4   3 0  1 0  0 0  0 0
   127  -.2379635988516724E-01   4   2 1  1 0  0 0  0 0
   128  -.2306827025963935E-01   4   1 2  1 0  0 0  0 0
   129  -.7924409920686683E-02   4   0 3  1 0  0 0  0 0
   130   73.08219145529468       4   2 0  2 0  0 0  0 0
   131   129.2002636356967       4   1 1  2 0  0 0  0 0
   132   57.56340383364655       4   0 2  2 0  0 0  0 0
   133  0.6275265850872708E-02   4   1 0  3 0  0 0  0 0
   134  0.5309072766598619E-02   4   0 1  3 0  0 0  0 0
   135  -8.875684819942503       4   0 0  4 0  0 0  0 0
   136  -.7529144565507141E-02   4   3 0  0 1  0 0  0 0
   137  -.1953769444442348E-01   4   2 1  0 1  0 0  0 0
   138  -.1738848891905882E-01   4   1 2  0 1  0 0  0 0
   139  -.5396172242058290E-02   4   0 3  0 1  0 0  0 0
   140   133.7227664439768       4   2 0  1 1  0 0  0 0
   141   238.1708452553918       4   1 1  1 1  0 0  0 0
   142   106.9853736704937       4   0 2  1 1  0 0  0 0
   143  0.1653328602033616E-01   4   1 0  2 1  0 0  0 0
   144  0.1419740646463939E-01   4   0 1  2 1  0 0  0 0
   145  -31.29673715648796       4   0 0  3 1  0 0  0 0
   146   61.47343704886458       4   2 0  0 2  0 0  0 0
   147   110.1672501659210       4   1 1  0 2  0 0  0 0
   148   49.82640615493878       4   0 2  0 2  0 0  0 0
   149  0.1418724324374117E-01   4   1 0  1 2  0 0  0 0
   150  0.1231832173994319E-01   4   0 1  1 2  0 0  0 0
   151  -41.65317422867069       4   0 0  2 2  0 0  0 0
   152  0.4434834129086266E-02   4   1 0  0 3  0 0  0 0
   153  0.3842876735098708E-02   4   0 1  0 3  0 0  0 0
   154  -24.70223579878805       4   0 0  1 3  0 0  0 0
   155  -5.485560525355718       4   0 0  0 4  0 0  0 0
   156  -3.217101971492246       4   3 0  0 0  0 1  0 0
   157  -16.67674220697691       4   2 1  0 0  0 1  0 0
   158  -26.76967666450222       4   1 2  0 0  0 1  0 0
   159  -14.68927999146421       4   0 3  0 0  0 1  0 0
   160  0.1340465125949182E-02   4   2 0  1 0  0 1  0 0
   161  0.1188012011954497E-01   4   1 1  1 0  0 1  0 0
   162  0.9332167075330158E-02   4   0 2  1 0  0 1  0 0
   163  0.8820195803597941       4   1 0  2 0  0 1  0 0
   164  -.5972878713916128       4   0 1  2 0  0 1  0 0
   165  -.4266236290908397E-03   4   0 0  3 0  0 1  0 0
   166  0.6003448618311138E-02   4   2 0  0 1  0 1  0 0
   167  0.1919148372214023E-01   4   1 1  0 1  0 1  0 0
   168  0.1220943496911387E-01   4   0 2  0 1  0 1  0 0
   169   5.814689409126813       4   1 0  1 1  0 1  0 0
   170   2.785007134329646       4   0 1  1 1  0 1  0 0
   171  -.4700311225329390E-02   4   0 0  2 1  0 1  0 0
   172   4.212142657633591       4   1 0  0 2  0 1  0 0
   173   1.230122647135762       4   0 1  0 2  0 1  0 0
   174  -.7377185803655244E-02   4   0 0  1 2  0 1  0 0
   175  -.3193626233936246E-02   4   0 0  0 3  0 1  0 0
   176  -3.212772547275660       4   3 0  0 0  0 0  1 0
   177  -16.65429943326206       4   2 1  0 0  0 0  1 0
   178  -26.73365129525794       4   1 2  0 0  0 0  1 0
   179  -14.66951185073337       4   0 3  0 0  0 0  1 0
   180  0.1338661191156623E-02   4   2 0  1 0  0 0  1 0
   181  0.1186413241377877E-01   4   1 1  1 0  0 0  1 0
   182  0.9319608284689980E-02   4   0 2  1 0  0 0  1 0
   183  0.8808325999767013       4   1 0  2 0  0 0  1 0
   184  -.5964840695234874       4   0 1  2 0  0 0  1 0
   185  -.4260494991168841E-03   4   0 0  3 0  0 0  1 0
   186  0.5995369460093356E-02   4   2 0  0 1  0 0  1 0
   187  0.1916565672781030E-01   4   1 1  0 1  0 0  1 0
   188  0.1219300408694318E-01   4   0 2  0 1  0 0  1 0
   189   5.806864274156855       4   1 0  1 1  0 0  1 0
   190   2.781259202981123       4   0 1  1 1  0 0  1 0
   191  -.4693985768000334E-02   4   0 0  2 1  0 0  1 0
   192   4.206474154556366       4   1 0  0 2  0 0  1 0
   193   1.228467206050924       4   0 1  0 2  0 0  1 0
   194  -.7367257934675410E-02   4   0 0  1 2  0 0  1 0
   195  -.3189328402261004E-02   4   0 0  0 3  0 0  1 0
   196   6.427371172654551       4   3 0  0 0  0 0  0 1
   197   24.17600625836167       4   2 1  0 0  0 0  0 1
   198   28.68182002395336       4   1 2  0 0  0 0  0 1
   199   11.21441587380014       4   0 3  0 0  0 0  0 1
   200  0.1246036570210515E-02   4   2 0  1 0  0 0  0 1
   201  0.2716817174406048E-02   4   1 1  1 0  0 0  0 1
   202  0.1483318820876838E-02   4   0 2  1 0  0 0  0 1
   203  -1.758941264981266       4   1 0  2 0  0 0  0 1
   204  0.8368002372119300       4   0 1  2 0  0 0  0 1
   205  -.8242392039208704E-04   4   0 0  3 0  0 0  0 1
   206  0.1394076722953281E-02   4   2 0  0 1  0 0  0 1
   207  0.2934223513838001E-02   4   1 1  0 1  0 0  0 1
   208  0.1564399134787993E-02   4   0 2  0 1  0 0  0 1
   209  -6.851013362612390       4   1 0  1 1  0 0  0 1
   210  -2.474495606406661       4   0 1  1 1  0 0  0 1
   211  -.2858366428622930E-03   4   0 0  2 1  0 0  0 1
   212  -3.932154446384519       4   1 0  0 2  0 0  0 1
   213  -1.874427331699017       4   0 1  0 2  0 0  0 1
   214  -.2935471527318788E-03   4   0 0  1 2  0 0  0 1
   215  -.8195479988097859E-04   4   0 0  0 3  0 0  0 1
   216  -.8766644922825438E-01   4   2 0  0 0  0 2  0 0
   217  -.3536567323487971       4   1 1  0 0  0 2  0 0
   218  -.2794063987173461       4   0 2  0 0  0 2  0 0
   219  -.1574165424067901E-03   4   1 0  1 0  0 2  0 0
   220  -.2602767012475232E-04   4   0 1  1 0  0 2  0 0
   221  0.3838045484554871E-01   4   0 0  2 0  0 2  0 0
   222  0.4865842155518785E-03   4   1 0  0 1  0 2  0 0
   223  0.5763413280105295E-03   4   0 1  0 1  0 2  0 0
   224  0.1927027827664951       4   0 0  1 1  0 2  0 0
   225  0.1653369664822984       4   0 0  0 2  0 2  0 0
   226  -.7395531774360500E-01   4   2 0  0 0  0 1  1 0
   227  -.3824049749939984       4   1 1  0 0  0 1  1 0
   228  -.3481268638836571       4   0 2  0 0  0 1  1 0
   229  -.2643088499730019E-03   4   1 0  1 0  0 1  1 0
   230  -.7138823812491820E-04   4   0 1  1 0  0 1  1 0
   231  0.2343839722101587E-01   4   0 0  2 0  0 1  1 0
   232  0.5446668721272905E-03   4   1 0  0 1  0 1  1 0
   233  0.7456772329963200E-03   4   0 1  0 1  0 1  1 0
   234  0.1877947209178100       4   0 0  1 1  0 1  1 0
   235  0.1957348538070919       4   0 0  0 2  0 1  1 0
   236  -.8749870906184906E-01   4   2 0  0 0  0 0  2 0
   237  -.3529234864890584       4   1 1  0 0  0 0  2 0
   238  -.2787961403905395       4   0 2  0 0  0 0  2 0
   239  -.1570268514458822E-03   4   1 0  1 0  0 0  2 0
   240  -.2594460784966472E-04   4   0 1  1 0  0 0  2 0
   241  0.3831303309304240E-01   4   0 0  2 0  0 0  2 0
   242  0.4855628999428955E-03   4   1 0  0 1  0 0  2 0
   243  0.5750639663745087E-03   4   0 1  0 1  0 0  2 0
   244  0.1923170898007395       4   0 0  1 1  0 0  2 0
   245  0.1649827584140733       4   0 0  0 2  0 0  2 0
   246  0.1462312040345738       4   2 0  0 0  0 1  0 1
   247  0.4382550190117952       4   1 1  0 0  0 1  0 1
   248  0.2753332853734538       4   0 2  0 0  0 1  0 1
   249  0.4682814794678886E-03   4   1 0  1 0  0 1  0 1
   250  0.4130506915692389E-03   4   0 1  1 0  0 1  0 1
   251  -.4732406897458716E-01   4   0 0  2 0  0 1  0 1
   252  -.1845116176923918E-03   4   1 0  0 1  0 1  0 1
   253  -.1076158746496717E-03   4   0 1  0 1  0 1  0 1
   254  -.1777282085174643       4   0 0  1 1  0 1  0 1
   255  -.1215144423770549       4   0 0  0 2  0 1  0 1
   256  0.1460344129718212       4   2 0  0 0  0 0  1 1
   257  0.4376652360614503       4   1 1  0 0  0 0  1 1
   258  0.2749627548140051       4   0 2  0 0  0 0  1 1
   259  0.4676512883221629E-03   4   1 0  1 0  0 0  1 1
   260  0.4124948274149307E-03   4   0 1  1 0  0 0  1 1
   261  -.4726038247286737E-01   4   0 0  2 0  0 0  1 1
   262  -.1842633106530325E-03   4   1 0  0 1  0 0  1 1
   263  -.1074710502773285E-03   4   0 1  0 1  0 0  1 1
   264  -.1774890302704819       4   0 0  1 1  0 0  1 1
   265  -.1213509139672813       4   0 0  0 2  0 0  1 1
   266  -.4438549407047722E-01   4   2 0  0 0  0 0  0 2
   267  -.7782723288837565E-01   4   1 1  0 0  0 0  0 2
   268  -.3410374496758778E-01   4   0 2  0 0  0 0  0 2
   269  -.4494603607235836E-03   4   1 0  1 0  0 0  0 2
   270  -.4381620285273820E-03   4   0 1  1 0  0 0  0 2
   271  -.6037408727666695E-02   4   0 0  2 0  0 0  0 2
   272  -.3511433947012484E-03   4   1 0  0 1  0 0  0 2
   273  -.3505090378362616E-03   4   0 1  0 1  0 0  0 2
   274  -.1229615584452451E-01   4   0 0  1 1  0 0  0 2
   275  -.6068363182130558E-02   4   0 0  0 2  0 0  0 2
   276  -.2353768966679860       4   1 0  0 0  0 3  0 0
   277  -.9739772947795597       4   0 1  0 0  0 3  0 0
   278  -.1100388313601890E-04   4   0 0  1 0  0 3  0 0
   279  -.2320238742556032E-04   4   0 0  0 1  0 3  0 0
   280  -.1635745655389297       4   1 0  0 0  0 2  1 0
   281  -.8593228437358880       4   0 1  0 0  0 2  1 0
   282  -.7310114068596159E-05   4   0 0  1 0  0 2  1 0
   283  -.2286774973407372E-04   4   0 0  0 1  0 2  1 0
   284  -.1637188684096163       4   1 0  0 0  0 1  2 0
   285  -.8595516426874672       4   0 1  0 0  0 1  2 0
   286  -.7317540526203789E-05   4   0 0  1 0  0 1  2 0
   287  -.2286836221247188E-04   4   0 0  0 1  0 1  2 0
   288  -.2347918409031819       4   1 0  0 0  0 0  3 0
   289  -.9714337569007802       4   0 1  0 0  0 0  3 0
   290  -.1097675820442849E-04   4   0 0  1 0  0 0  3 0
   291  -.2314018397196697E-04   4   0 0  0 1  0 0  3 0
   292  0.3270950514768081       4   1 0  0 0  0 2  0 1
   293  0.6872468886420076       4   0 1  0 0  0 2  0 1
   294  0.1337593195216686E-04   4   0 0  1 0  0 2  0 1
   295  0.2504300644417918E-04   4   0 0  0 1  0 2  0 1
   296  0.2562648295331522       4   1 0  0 0  0 1  1 1
   297  0.7222756872149014       4   0 1  0 0  0 1  1 1
   298  0.9750973831657490E-05   4   0 0  1 0  0 1  1 1
   299  0.2488986543222760E-04   4   0 0  0 1  0 1  1 1
   300  0.3264824278068667       4   1 0  0 0  0 0  2 1
   301  0.6858360218780091       4   0 1  0 0  0 0  2 1
   302  0.1335137005281396E-04   4   0 0  1 0  0 0  2 1
   303  0.2499255694240270E-04   4   0 0  0 1  0 0  2 1
   304  -.5710782755249700E-01   4   1 0  0 0  0 1  0 2
   305  -.7020005326509751E-01   4   0 1  0 0  0 1  0 2
   306  -.5983312380946987E-06   4   0 0  1 0  0 1  0 2
   307  -.1154554385000652E-05   4   0 0  0 1  0 1  0 2
   308  -.5703097452957465E-01   4   1 0  0 0  0 0  1 2
   309  -.7010558134182643E-01   4   0 1  0 0  0 0  1 2
   310  -.5975260321128175E-06   4   0 0  1 0  0 0  1 2
   311  -.1153000640121554E-05   4   0 0  0 1  0 0  1 2
   312  0.1753778474188148E-02   4   1 0  0 0  0 0  0 3
   313  0.1412567022735727E-02   4   0 1  0 0  0 0  0 3
   314  0.1121268430094164E-06   4   0 0  1 0  0 0  0 3
   315  0.9056741914040129E-07   4   0 0  0 1  0 0  0 3
   316  -.3390345287779502E-04   4   0 0  0 0  0 4  0 0
   317  -.2336188025502100E-04   4   0 0  0 0  0 3  1 0
   318  -.2197183181800921E-04   4   0 0  0 0  0 2  2 0
   319  -.2339197966342782E-04   4   0 0  0 0  0 1  3 0
   320  -.3379654373260975E-04   4   0 0  0 0  0 0  4 0
   321  0.9287394780043414E-05   4   0 0  0 0  0 3  0 1
   322  0.9780617301928156E-05   4   0 0  0 0  0 2  1 1
   323  0.9779596438574991E-05   4   0 0  0 0  0 1  2 1
   324  0.9262074693755508E-05   4   0 0  0 0  0 0  3 1
   325  -.7221602805256409E-06   4   0 0  0 0  0 2  0 2
   326  -.8998226972250364E-06   4   0 0  0 0  0 1  1 2
   327  -.7205829617649533E-06   4   0 0  0 0  0 0  2 2
   328  0.1929330640644277E-07   4   0 0  0 0  0 1  0 3
   329  0.1926734238394300E-07   4   0 0  0 0  0 0  1 3
   330  -.6280356922272907E-14   4   0 0  0 0  0 0  0 4
   ----------------------------------------------------
     I  COEFFICIENT            ORDER EXPONENTS
     1  0.4457766762379310E-04   0   0 0  0 0  0 0  0 0
     2   2.999558029868834       1   1 0  0 0  0 0  0 0
     3   3.746838951721748       1   0 1  0 0  0 0  0 0
     4  0.8575978525194365E-04   1   0 0  1 0  0 0  0 0
     5  0.7895413495941620E-04   1   0 0  0 1  0 0  0 0
     6  0.2008105675811467E-05   1   0 0  0 0  0 1  0 0
     7  0.2005403261831461E-05   1   0 0  0 0  0 0  1 0
     8  0.4056415869478131E-04   1   0 0  0 0  0 0  0 1
     9  -.8065738557839949       2   2 0  0 0  0 0  0 0
    10  -1.476153486294463       2   1 1  0 0  0 0  0 0
    11  -.6788540182335085       2   0 2  0 0  0 0  0 0
    12  0.3577819328986239E-02   2   1 0  1 0  0 0  0 0
    13  0.2613057180707700E-02   2   0 1  1 0  0 0  0 0
    14  0.5131035950952638       2   0 0  2 0  0 0  0 0
    15  0.3278099789480895E-02   2   1 0  0 1  0 0  0 0
    16  0.2463258281839469E-02   2   0 1  0 1  0 0  0 0
    17  0.9393453203807989       2   0 0  1 1  0 0  0 0
    18  0.4343308692687157       2   0 0  0 2  0 0  0 0
    19  -.1857321752311959       2   1 0  0 0  0 1  0 0
    20  -1.531539910672833       2   0 1  0 0  0 1  0 0
    21  -.4966858829082151E-05   2   0 0  1 0  0 1  0 0
    22  -.4434620377274201E-04   2   0 0  0 1  0 1  0 0
    23  -.1854822256230270       2   1 0  0 0  0 0  1 0
    24  -1.529478836440028       2   0 1  0 0  0 0  1 0
    25  -.4960174664549955E-05   2   0 0  1 0  0 0  1 0
    26  -.4428652474166885E-04   2   0 0  0 1  0 0  1 0
    27   3.370772430893491       2   1 0  0 0  0 0  0 1
    28   3.061018747283431       2   0 1  0 0  0 0  0 1
    29  0.9568666857846428E-04   2   0 0  1 0  0 0  0 1
    30  0.8863258006561928E-04   2   0 0  0 1  0 0  0 1
    31  -.1594761304097917E-05   2   0 0  0 0  0 2  0 0
    32  -.1182521653240769E-05   2   0 0  0 0  0 1  1 0
    33  -.1591819458537341E-05   2   0 0  0 0  0 0  2 0
    34  0.4372044053039829E-05   2   0 0  0 0  0 1  0 1
    35  0.4366160362201022E-05   2   0 0  0 0  0 0  1 1
    36  -.4369101977660584E-05   2   0 0  0 0  0 0  0 2
    37  -13.93082371749520       3   3 0  0 0  0 0  0 0
    38  -40.44643595921257       3   2 1  0 0  0 0  0 0
    39  -40.47736782184079       3   1 2  0 0  0 0  0 0
    40  -12.48526947705481       3   0 3  0 0  0 0  0 0
    41  -.6146445255618477E-01   3   2 0  1 0  0 0  0 0
    42  -.1114180443776522       3   1 1  1 0  0 0  0 0
    43  -.5074207264870877E-01   3   0 2  1 0  0 0  0 0
    44  -17.30610525375230       3   1 0  2 0  0 0  0 0
    45  -13.61251613371889       3   0 1  2 0  0 0  0 0
    46  0.1297664708716912E-01   3   0 0  3 0  0 0  0 0
    47  -.5815873852280576E-01   3   2 0  0 1  0 0  0 0
    48  -.1063934311485921       3   1 1  0 1  0 0  0 0
    49  -.4885173120781933E-01   3   0 2  0 1  0 0  0 0
    50  -36.98641169921925       3   1 0  1 1  0 0  0 0
    51  -30.57180208802197       3   0 1  1 1  0 0  0 0
    52  0.3532081447705214E-01   3   0 0  2 1  0 0  0 0
    53  -17.46088536336399       3   1 0  0 2  0 0  0 0
    54  -13.46777559979734       3   0 1  0 2  0 0  0 0
    55  0.3237398513419992E-01   3   0 0  1 2  0 0  0 0
    56  0.1003563131516459E-01   3   0 0  0 3  0 0  0 0
    57  0.1379779305676868       3   2 0  0 0  0 1  0 0
    58  0.9843001595083818       3   1 1  0 0  0 1  0 0
    59  0.7886616546665552       3   0 2  0 0  0 1  0 0
    60  -.1410871575804247E-02   3   1 0  1 0  0 1  0 0
    61  -.2375998273176202E-02   3   0 1  1 0  0 1  0 0
    62  0.1884316523680006E-01   3   0 0  2 0  0 1  0 0
    63  -.3151843154398154E-02   3   1 0  0 1  0 1  0 0
    64  -.3679122970426807E-02   3   0 1  0 1  0 1  0 0
    65  -.4299343213419891       3   0 0  1 1  0 1  0 0
    66  -.4142364507988908       3   0 0  0 2  0 1  0 0
    67  0.1377922463714028       3   2 0  0 0  0 0  1 0
    68  0.9829755347421738       3   1 1  0 0  0 0  1 0
    69  0.7876003109800397       3   0 2  0 0  0 0  1 0
    70  -.1408972891329616E-02   3   1 0  1 0  0 0  1 0
    71  -.2372800766677092E-02   3   0 1  1 0  0 0  1 0
    72  0.1881780699307165E-01   3   0 0  2 0  0 0  1 0
    73  -.3147601552422202E-02   3   1 0  0 1  0 0  1 0
    74  -.3674171780124276E-02   3   0 1  0 1  0 0  1 0
    75  -.4293557359944302       3   0 0  1 1  0 0  1 0
    76  -.4136789909056939       3   0 0  0 2  0 0  1 0
    77  -1.082346742375353       3   2 0  0 0  0 0  0 1
    78  -1.967280256026024       3   1 1  0 0  0 0  0 1
    79  -.8974098649146559       3   0 2  0 0  0 0  0 1
    80  0.6393586895144584E-02   3   1 0  1 0  0 0  0 1
    81  0.4744697879658102E-02   3   0 1  1 0  0 0  0 1
    82  0.4754442256592707       3   0 0  2 0  0 0  0 1
    83  0.6295022712031617E-02   3   1 0  0 1  0 0  0 1
    84  0.4885533652002832E-02   3   0 1  0 1  0 0  0 1
    85  0.8592927574844302       3   0 0  1 1  0 0  0 1
    86  0.3935857016344294       3   0 0  0 2  0 0  0 1
    87  0.1431937829164847       3   1 0  0 0  0 2  0 0
    88   1.230245315195039       3   0 1  0 0  0 2  0 0
    89  0.3407827469040177E-05   3   0 0  1 0  0 2  0 0
    90  0.3535587546890412E-04   3   0 0  0 1  0 2  0 0
    91  0.1007691464852253       3   1 0  0 0  0 1  1 0
    92  0.9297585665137168       3   0 1  0 0  0 1  1 0
    93  0.1838600866452971E-05   3   0 0  1 0  0 1  1 0
    94  0.2638963133844620E-04   3   0 0  0 1  0 1  1 0
    95  0.1429332742877998       3   1 0  0 0  0 0  2 0
    96   1.227964096398900       3   0 1  0 0  0 0  2 0
    97  0.3402004224242347E-05   3   0 0  1 0  0 0  2 0
    98  0.3529053823688453E-04   3   0 0  0 1  0 0  2 0
    99  -.3871559325938826       3   1 0  0 0  0 1  0 1
   100  -1.858708629318966       3   0 1  0 0  0 1  0 1
   101  -.8750675166986188E-05   3   0 0  1 0  0 1  0 1
   102  -.5284655714329376E-04   3   0 0  0 1  0 1  0 1
   103  -.3866349163858252       3   1 0  0 0  0 0  1 1
   104  -1.856207266843530       3   0 1  0 0  0 0  1 1
   105  -.8738898920751490E-05   3   0 0  1 0  0 0  1 1
   106  -.5277543873726222E-04   3   0 0  0 1  0 0  1 1
   107  0.3868949733580231       3   1 0  0 0  0 0  0 2
   108  0.3269481994815095       3   0 1  0 0  0 0  0 2
   109  0.8779666675619330E-05   3   0 0  1 0  0 0  0 2
   110  0.8556529930259382E-05   3   0 0  0 1  0 0  0 2
   111  0.1388449237886772E-05   3   0 0  0 0  0 3  0 0
   112  0.9777897059718488E-06   3   0 0  0 0  0 2  1 0
   113  0.9786149035100678E-06   3   0 0  0 0  0 1  2 0
   114  0.1384989429017362E-05   3   0 0  0 0  0 0  3 0
   115  -.3551963504642466E-05   3   0 0  0 0  0 2  0 1
   116  -.2734792777196206E-05   3   0 0  0 0  0 1  1 1
   117  -.3545343261939258E-05   3   0 0  0 0  0 0  2 1
   118  0.2735057969305115E-05   3   0 0  0 0  0 1  0 2
   119  0.2731377257188994E-05   3   0 0  0 0  0 0  1 2
   120  -.3659571935234589E-06   3   0 0  0 0  0 0  0 3
   121  -85.50840659248099       4   4 0  0 0  0 0  0 0
   122  -317.0079137956750       4   3 1  0 0  0 0  0 0
   123  -442.4944134239095       4   2 2  0 0  0 0  0 0
   124  -276.2916131690486       4   1 3  0 0  0 0  0 0
   125  -65.25456262503812       4   0 4  0 0  0 0  0 0
   126  -.4204023609770224E-01   4   3 0  1 0  0 0  0 0
   127  -.1109037282896800       4   2 1  1 0  0 0  0 0
   128  -.9797132525074688E-01   4   1 2  1 0  0 0  0 0
   129  -.2759506888584934E-01   4   0 3  1 0  0 0  0 0
   130   341.3784359469045       4   2 0  2 0  0 0  0 0
   131   613.8741506120346       4   1 1  2 0  0 0  0 0
   132   277.3979464122795       4   0 2  2 0  0 0  0 0
   133  0.3239804880601232E-01   4   1 0  3 0  0 0  0 0
   134  0.3125973815060818E-01   4   0 1  3 0  0 0  0 0
   135  -38.88489680148847       4   0 0  4 0  0 0  0 0
   136  -.3960280907105814E-01   4   3 0  0 1  0 0  0 0
   137  -.1059045546500287       4   2 1  0 1  0 0  0 0
   138  -.9335292864781619E-01   4   1 2  0 1  0 0  0 0
   139  -.2605513203480285E-01   4   0 3  0 1  0 0  0 0
   140   640.8633307051750       4   2 0  1 1  0 0  0 0
   141   1161.195898542581       4   1 1  1 1  0 0  0 0
   142   529.1285445884899       4   0 2  1 1  0 0  0 0
   143  0.9393153760469522E-01   4   1 0  2 1  0 0  0 0
   144  0.9083041197021768E-01   4   0 1  2 1  0 0  0 0
   145  -140.1425654517906       4   0 0  3 1  0 0  0 0
   146   302.9757073307352       4   2 0  0 2  0 0  0 0
   147   552.3639071841833       4   1 1  0 2  0 0  0 0
   148   253.4209667849510       4   0 2  0 2  0 0  0 0
   149  0.9080693545625214E-01   4   1 0  1 2  0 0  0 0
   150  0.8905273624658523E-01   4   0 1  1 2  0 0  0 0
   151  -191.1884810973464       4   0 0  2 2  0 0  0 0
   152  0.3081904665326516E-01   4   1 0  0 3  0 0  0 0
   153  0.3059864195784607E-01   4   0 1  0 3  0 0  0 0
   154  -116.5957481950952       4   0 0  1 3  0 0  0 0
   155  -26.72071971230085       4   0 0  0 4  0 0  0 0
   156   10.97589538641774       4   3 0  0 0  0 1  0 0
   157   51.54357148669201       4   2 1  0 0  0 1  0 0
   158   70.28636060515763       4   1 2  0 0  0 1  0 0
   159   28.10877905051089       4   0 3  0 0  0 1  0 0
   160  -.5562372005598483E-02   4   2 0  1 0  0 1  0 0
   161  0.3852138560395560E-01   4   1 1  1 0  0 1  0 0
   162  0.3943577892380720E-01   4   0 2  1 0  0 1  0 0
   163   5.736272996218598       4   1 0  2 0  0 1  0 0
   164   10.67865491426588       4   0 1  2 0  0 1  0 0
   165  0.1143664350378343E-02   4   0 0  3 0  0 1  0 0
   166  0.1893509015882977E-01   4   2 0  0 1  0 1  0 0
   167  0.8042215428377968E-01   4   1 1  0 1  0 1  0 0
   168  0.5771819446678722E-01   4   0 2  0 1  0 1  0 0
   169   32.32334499557660       4   1 0  1 1  0 1  0 0
   170   41.06048375190872       4   0 1  1 1  0 1  0 0
   171  -.1206228280289772E-01   4   0 0  2 1  0 1  0 0
   172   25.02029817228561       4   1 0  0 2  0 1  0 0
   173   26.21658073780169       4   0 1  0 2  0 1  0 0
   174  -.2468387049122211E-01   4   0 0  1 2  0 1  0 0
   175  -.1181384652505981E-01   4   0 0  0 3  0 1  0 0
   176   10.96112454368304       4   3 0  0 0  0 0  1 0
   177   51.47420657735049       4   2 1  0 0  0 0  1 0
   178   70.19177253353752       4   1 2  0 0  0 0  1 0
   179   28.07095158038584       4   0 3  0 0  0 0  1 0
   180  -.5554886427498820E-02   4   2 0  1 0  0 0  1 0
   181  0.3846954533865984E-01   4   1 1  1 0  0 0  1 0
   182  0.3938270811107538E-01   4   0 2  1 0  0 0  1 0
   183   5.728553390361528       4   1 0  2 0  0 0  1 0
   184   10.66428408374989       4   0 1  2 0  0 0  1 0
   185  0.1142125260794637E-02   4   0 0  3 0  0 0  1 0
   186  0.1890960820687392E-01   4   2 0  0 1  0 0  1 0
   187  0.8031392593870956E-01   4   1 1  0 1  0 0  1 0
   188  0.5764052004083811E-01   4   0 2  0 1  0 0  1 0
   189   32.27984576122815       4   1 0  1 1  0 0  1 0
   190   41.00522648798906       4   0 1  1 1  0 0  1 0
   191  -.1204604995117726E-01   4   0 0  2 1  0 0  1 0
   192   24.98662703417124       4   1 0  0 2  0 0  1 0
   193   26.18129969898945       4   0 1  0 2  0 0  1 0
   194  -.2465065210162556E-01   4   0 0  1 2  0 0  1 0
   195  -.1179794800717369E-01   4   0 0  0 3  0 0  1 0
   196  -35.87742156185720       4   3 0  0 0  0 0  0 1
   197  -103.0481875963626       4   2 1  0 0  0 0  0 1
   198  -100.0331133413134       4   1 2  0 0  0 0  0 1
   199  -31.22071065399921       4   0 3  0 0  0 0  0 1
   200  0.1727636048937004E-03   4   2 0  1 0  0 0  0 1
   201  0.4592716903219160E-03   4   1 1  1 0  0 0  0 1
   202  0.2884221645106234E-03   4   0 2  1 0  0 0  0 1
   203  -28.75180936470386       4   1 0  2 0  0 0  0 1
   204  -21.32410221650935       4   0 1  2 0  0 0  0 1
   205  -.8196251666213198E-03   4   0 0  3 0  0 0  0 1
   206  0.4207481702890533E-03   4   2 0  0 1  0 0  0 1
   207  0.7149497489472130E-03   4   1 1  0 1  0 0  0 1
   208  0.3634029978399712E-03   4   0 2  0 1  0 0  0 1
   209  -64.56239153466635       4   1 0  1 1  0 0  0 1
   210  -51.45302261314810       4   0 1  1 1  0 0  0 1
   211  -.2494456282068945E-02   4   0 0  2 1  0 0  0 1
   212  -32.52398061882869       4   1 0  0 2  0 0  0 1
   213  -25.43993149885422       4   0 1  0 2  0 0  0 1
   214  -.2488730164794084E-02   4   0 0  1 2  0 0  0 1
   215  -.7675894167098973E-03   4   0 0  0 3  0 0  0 1
   216  -.1101017231153996       4   2 0  0 0  0 2  0 0
   217  -.8704443482336411       4   1 1  0 0  0 2  0 0
   218  -.8739647588314992       4   0 2  0 0  0 2  0 0
   219  -.7138711542232467E-03   4   1 0  1 0  0 2  0 0
   220  0.7574776334164741E-03   4   0 1  1 0  0 2  0 0
   221  -.1124512878826959E-01   4   0 0  2 0  0 2  0 0
   222  0.1201459240451384E-02   4   1 0  0 1  0 2  0 0
   223  0.2852426452337015E-02   4   0 1  0 1  0 2  0 0
   224  0.3080466765850843       4   0 0  1 1  0 2  0 0
   225  0.4015655252136052       4   0 0  0 2  0 2  0 0
   226  -.8450986804829774E-01   4   2 0  0 0  0 1  1 0
   227  -.7623747253047510       4   1 1  0 0  0 1  1 0
   228  -.9620475104887873       4   0 2  0 0  0 1  1 0
   229  -.8562499876265741E-03   4   1 0  1 0  0 1  1 0
   230  0.8351600528039983E-03   4   0 1  1 0  0 1  1 0
   231  -.3198459137931983E-02   4   0 0  2 0  0 1  1 0
   232  0.1306685759313523E-02   4   1 0  0 1  0 1  1 0
   233  0.3823126618072513E-02   4   0 1  0 1  0 1  1 0
   234  0.1867862814392588       4   0 0  1 1  0 1  1 0
   235  0.3889572483042658       4   0 0  0 2  0 1  1 0
   236  -.1098966887065479       4   2 0  0 0  0 0  2 0
   237  -.8687599612645006       4   1 1  0 0  0 0  2 0
   238  -.8721412791476574       4   0 2  0 0  0 0  2 0
   239  -.7123343096276362E-03   4   1 0  1 0  0 0  2 0
   240  0.7558962961964423E-03   4   0 1  1 0  0 0  2 0
   241  -.1122784345612634E-01   4   0 0  2 0  0 0  2 0
   242  0.1198963135171941E-02   4   1 0  0 1  0 0  2 0
   243  0.2846015299435224E-02   4   0 1  0 1  0 0  2 0
   244  0.3075064377981593       4   0 0  1 1  0 0  2 0
   245  0.4007633970879769       4   0 0  0 2  0 0  2 0
   246  0.3078501348525075       4   2 0  0 0  0 1  0 1
   247   1.528361841904241       4   1 1  0 0  0 1  0 1
   248   1.138376026151747       4   0 2  0 0  0 1  0 1
   249  0.1147902955097930E-02   4   1 0  1 0  0 1  0 1
   250  -.1227906718862746E-02   4   0 1  1 0  0 1  0 1
   251  0.2537928639257185E-01   4   0 0  2 0  0 1  0 1
   252  -.1719355951962280E-02   4   1 0  0 1  0 1  0 1
   253  -.3432060171130191E-02   4   0 1  0 1  0 1  0 1
   254  -.3722778975535204       4   0 0  1 1  0 1  0 1
   255  -.3631775149032113       4   0 0  0 2  0 1  0 1
   256  0.3074358446494944       4   2 0  0 0  0 0  1 1
   257   1.526305044566596       4   1 1  0 0  0 0  1 1
   258   1.136844053345551       4   0 2  0 0  0 0  1 1
   259  0.1146358161399752E-02   4   1 0  1 0  0 0  1 1
   260  -.1226254259869736E-02   4   0 1  1 0  0 0  1 1
   261  0.2534513214502890E-01   4   0 0  2 0  0 0  1 1
   262  -.1717042123752569E-02   4   1 0  0 1  0 0  1 1
   263  -.3427441466299279E-02   4   0 1  0 1  0 0  1 1
   264  -.3717769035038427       4   0 0  1 1  0 0  1 1
   265  -.3626887677196180       4   0 0  0 2  0 0  1 1
   266  -.3107789418951802       4   2 0  0 0  0 0  0 2
   267  -.5512280229996590       4   1 1  0 0  0 0  0 2
   268  -.2443145253541433       4   0 2  0 0  0 0  0 2
   269  -.1305306261679473E-04   4   1 0  1 0  0 0  0 2
   270  -.5802108560126255E-04   4   0 1  1 0  0 0  0 2
   271  -.2505239451351039E-01   4   0 0  2 0  0 0  0 2
   272  -.1191455427348069E-04   4   1 0  0 1  0 0  0 2
   273  -.4764919904207569E-04   4   0 1  0 1  0 0  0 2
   274  -.5778410061735972E-01   4   0 0  1 1  0 0  0 2
   275  -.3092157920815541E-01   4   0 0  0 2  0 0  0 2
   276  -.1220101778359657       4   1 0  0 0  0 3  0 0
   277  -1.081364876572103       4   0 1  0 0  0 3  0 0
   278  -.4624406561772530E-05   4   0 0  1 0  0 3  0 0
   279  -.3669078312341241E-04   4   0 0  0 1  0 3  0 0
   280  -.7960858864735804E-01   4   1 0  0 0  0 2  1 0
   281  -.7837321575293692       4   0 1  0 0  0 2  1 0
   282  -.2344633773358311E-05   4   0 0  1 0  0 2  1 0
   283  -.2552320227164592E-04   4   0 0  0 1  0 2  1 0
   284  -.7969385028802869E-01   4   1 0  0 0  0 1  2 0
   285  -.7843300300488062       4   0 1  0 0  0 1  2 0
   286  -.2349223226970524E-05   4   0 0  1 0  0 1  2 0
   287  -.2554564580433866E-04   4   0 0  0 1  0 1  2 0
   288  -.1217103900080700       4   1 0  0 0  0 0  3 0
   289  -1.078655357846553       4   0 1  0 0  0 0  3 0
   290  -.4613496079101225E-05   4   0 0  1 0  0 0  3 0
   291  -.3659956722853096E-04   4   0 0  0 1  0 0  3 0
   292  0.3023765232870285       4   1 0  0 0  0 2  0 1
   293   1.567250728838992       4   0 1  0 0  0 2  0 1
   294  0.6337255478167571E-05   4   0 0  1 0  0 2  0 1
   295  0.4709353208190179E-04   4   0 0  0 1  0 2  0 1
   296  0.2177780923724951       4   1 0  0 0  0 1  1 1
   297   1.276527783418888       4   0 1  0 0  0 1  1 1
   298  0.3838257542661886E-05   4   0 0  1 0  0 1  1 1
   299  0.3655078227224665E-04   4   0 0  0 1  0 1  1 1
   300  0.3018230614659101       4   1 0  0 0  0 0  2 1
   301   1.564282651204966       4   0 1  0 0  0 0  2 1
   302  0.6326144425354653E-05   4   0 0  1 0  0 0  2 1
   303  0.4700556166576575E-04   4   0 0  0 1  0 0  2 1
   304  -.2176326920268175       4   1 0  0 0  0 1  0 2
   305  -.3467460548265450       4   0 1  0 0  0 1  0 2
   306  -.1823574467948806E-05   4   0 0  1 0  0 1  0 2
   307  -.4930212349639794E-05   4   0 0  0 1  0 1  0 2
   308  -.2173398122065591       4   1 0  0 0  0 0  1 2
   309  -.3462794203275327       4   0 1  0 0  0 0  1 2
   310  -.1821120387371866E-05   4   0 0  1 0  0 0  1 2
   311  -.4923577502212435E-05   4   0 0  0 1  0 0  1 2
   312  0.1601816187995759E-01   4   1 0  0 0  0 0  0 3
   313  0.1303622780038335E-01   4   0 1  0 0  0 0  0 3
   314  0.1013449863740230E-05   4   0 0  1 0  0 0  0 3
   315  0.8299457157103293E-06   4   0 0  0 1  0 0  0 3
   316  -.3808673908478768E-04   4   0 0  0 0  0 4  0 0
   317  -.2455338840071157E-04   4   0 0  0 0  0 3  1 0
   318  -.2276453409874024E-04   4   0 0  0 0  0 2  2 0
   319  -.2459206065986264E-04   4   0 0  0 0  0 1  3 0
   320  -.3796777409437605E-04   4   0 0  0 0  0 0  4 0
   321  0.4707308251664003E-04   4   0 0  0 0  0 3  0 1
   322  0.3349974886719380E-04   4   0 0  0 0  0 2  1 1
   323  0.3352702051868361E-04   4   0 0  0 0  0 1  2 1
   324  0.4695554861329872E-04   4   0 0  0 0  0 0  3 1
   325  -.4105086859762341E-05   4   0 0  0 0  0 2  0 2
   326  -.4973968895975707E-05   4   0 0  0 0  0 1  1 2
   327  -.4096215560869818E-05   4   0 0  0 0  0 0  2 2
   328  0.4132216258346171E-07   4   0 0  0 0  0 1  0 3
   329  0.4126655316450294E-07   4   0 0  0 0  0 0  1 3
   330  0.1751986981636252E-12   4   0 0  0 0  0 0  0 4
   ----------------------------------------------------
     I  COEFFICIENT            ORDER EXPONENTS
     1  0.1537361359003992E-04   0   0 0  0 0  0 0  0 0
     2  0.1869405373902333E-04   1   1 0  0 0  0 0  0 0
     3  0.1655054879257765E-04   1   0 1  0 0  0 0  0 0
     4  0.4646748390927554       1   0 0  1 0  0 0  0 0
     5  0.6656648794517962       1   0 0  0 1  0 0  0 0
     6  -.2115713544539068E-04   1   0 0  0 0  0 1  0 0
     7  -.2112866316960951E-04   1   0 0  0 0  0 0  1 0
     8  0.4228579861512334E-04   1   0 0  0 0  0 0  0 1
     9  0.5120982369119270E-03   2   2 0  0 0  0 0  0 0
    10  0.9929393118251603E-03   2   1 1  0 0  0 0  0 0
    11  0.5208534956445891E-03   2   0 2  0 0  0 0  0 0
    12  0.2287736086332526       2   1 0  1 0  0 0  0 0
    13  0.2035492896956629       2   0 1  1 0  0 0  0 0
    14  0.7539898152546335E-04   2   0 0  2 0  0 0  0 0
    15  0.2089993049482849       2   1 0  0 1  0 0  0 0
    16  0.1871751700187673       2   0 1  0 1  0 0  0 0
    17  0.1439799580911652E-03   2   0 0  1 1  0 0  0 0
    18  0.1158015081169470E-03   2   0 0  0 2  0 0  0 0
    19  -.1020623151735646E-04   2   1 0  0 0  0 1  0 0
    20  -.1738228926141411E-04   2   0 1  0 0  0 1  0 0
    21  0.2447421932463669       2   0 0  1 0  0 1  0 0
    22  -.1123549517303124       2   0 0  0 1  0 1  0 0
    23  -.1019249645198348E-04   2   1 0  0 0  0 0  1 0
    24  -.1735889699572506E-04   2   0 1  0 0  0 0  1 0
    25  0.2444128307369959       2   0 0  1 0  0 0  1 0
    26  -.1122037497313794       2   0 0  0 1  0 0  1 0
    27  0.2039870010866638E-04   2   1 0  0 0  0 0  0 1
    28  0.1819061006865476E-04   2   0 1  0 0  0 0  0 1
    29  -.4891550240041587       2   0 0  1 0  0 0  0 1
    30  -.4411061780111860       2   0 0  0 1  0 0  0 1
    31  0.1498440021893943E-04   2   0 0  0 0  0 2  0 0
    32  0.8828245214369810E-05   2   0 0  0 0  0 1  1 0
    33  0.1495829460104175E-04   2   0 0  0 0  0 0  2 0
    34  -.1763992208454343E-04   2   0 0  0 0  0 1  0 1
    35  -.1761618310874279E-04   2   0 0  0 0  0 0  1 1
    36  -.3514839595344739E-05   2   0 0  0 0  0 0  0 2
    37  -.4461708463981176E-02   3   3 0  0 0  0 0  0 0
    38  -.1205598145003974E-01   3   2 1  0 0  0 0  0 0
    39  -.1090024703301510E-01   3   1 2  0 0  0 0  0 0
    40  -.3288899440754366E-02   3   0 3  0 0  0 0  0 0
    41  -4.773912432932530       3   2 0  1 0  0 0  0 0
    42  -9.978066968077968       3   1 1  1 0  0 0  0 0
    43  -5.580919761617093       3   0 2  1 0  0 0  0 0
    44  0.8757818102840058E-02   3   1 0  2 0  0 0  0 0
    45  0.7727388853453582E-02   3   0 1  2 0  0 0  0 0
    46  -.8856420073605954       3   0 0  3 0  0 0  0 0
    47  -5.224182839233488       3   2 0  0 1  0 0  0 0
    48  -10.25464124391975       3   1 1  0 1  0 0  0 0
    49  -5.099884955142064       3   0 2  0 1  0 0  0 0
    50  0.1587750048155614E-01   3   1 0  1 1  0 0  0 0
    51  0.1410218575484436E-01   3   0 1  1 1  0 0  0 0
    52  -2.116642182400212       3   0 0  2 1  0 0  0 0
    53  0.7293286084498581E-02   3   1 0  0 2  0 0  0 0
    54  0.6530355482781784E-02   3   0 1  0 2  0 0  0 0
    55  -2.191357588614985       3   0 0  1 2  0 0  0 0
    56  -.5806399261261294       3   0 0  0 3  0 0  0 0
    57  -.5099133385974091E-03   3   2 0  0 0  0 1  0 0
    58  -.1508687446444721E-02   3   1 1  0 0  0 1  0 0
    59  -.1035136403973056E-02   3   0 2  0 0  0 1  0 0
    60  -.1027845718981669       3   1 0  1 0  0 1  0 0
    61  -.1924805320056995       3   0 1  1 0  0 1  0 0
    62  -.2400652674442793E-03   3   0 0  2 0  0 1  0 0
    63  -.2006028833348466       3   1 0  0 1  0 1  0 0
    64  -.2725711133996277       3   0 1  0 1  0 1  0 0
    65  -.3970048397776900E-03   3   0 0  1 1  0 1  0 0
    66  -.2326697984352819E-03   3   0 0  0 2  0 1  0 0
    67  -.5092271212577090E-03   3   2 0  0 0  0 0  1 0
    68  -.1506657125981274E-02   3   1 1  0 0  0 0  1 0
    69  -.1033743366184879E-02   3   0 2  0 0  0 0  1 0
    70  -.1026462492653756       3   1 0  1 0  0 0  1 0
    71  -.1922215007770195       3   0 1  1 0  0 0  1 0
    72  -.2397421989212372E-03   3   0 0  2 0  0 0  1 0
    73  -.2003329214285411       3   1 0  0 1  0 0  1 0
    74  -.2722043000410462       3   0 1  0 1  0 0  1 0
    75  -.3964705693745079E-03   3   0 0  1 1  0 0  1 0
    76  -.2323566823858959E-03   3   0 0  0 2  0 0  1 0
    77  0.1018644089859376E-02   3   2 0  0 0  0 0  0 1
    78  0.2021378601817500E-02   3   1 1  0 0  0 0  0 1
    79  0.1026639563880455E-02   3   0 2  0 0  0 0  0 1
    80  0.2054311592077092       3   1 0  1 0  0 0  0 1
    81  0.1811530147857270       3   0 1  1 0  0 0  0 1
    82  0.4800674293686956E-03   3   0 0  2 0  0 0  0 1
    83  0.1919367727649053       3   1 0  0 1  0 0  0 1
    84  0.1704252915508554       3   0 1  0 1  0 0  0 1
    85  0.6500335036164791E-03   3   0 0  1 1  0 0  0 1
    86  0.2337029784730009E-03   3   0 0  0 2  0 0  0 1
    87  0.8094490262819193E-05   3   1 0  0 0  0 2  0 0
    88  0.1798110491537363E-04   3   0 1  0 0  0 2  0 0
    89  -.1723454977274582       3   0 0  1 0  0 2  0 0
    90  -.1680645721450516E-01   3   0 0  0 1  0 2  0 0
    91  0.6033144892007709E-05   3   1 0  0 0  0 1  1 0
    92  0.1863931317983230E-04   3   0 1  0 0  0 1  1 0
    93  -.1001432951197635       3   0 0  1 0  0 1  1 0
    94  -.1456204928959917       3   0 0  0 1  0 1  1 0
    95  0.8079537518272080E-05   3   1 0  0 0  0 0  2 0
    96  0.1794436483717922E-04   3   0 1  0 0  0 0  2 0
    97  -.1720461792154877       3   0 0  1 0  0 0  2 0
    98  -.1668585527820521E-01   3   0 0  0 1  0 0  2 0
    99  -.1211433809774825E-04   3   1 0  0 0  0 1  0 1
   100  -.1998150587314432E-04   3   0 1  0 0  0 1  0 1
   101  0.2000923250247564       3   0 0  1 0  0 1  0 1
   102  0.4039434698884716       3   0 0  0 1  0 1  0 1
   103  -.1209803519246528E-04   3   1 0  0 0  0 0  1 1
   104  -.1995461570423598E-04   3   0 1  0 0  0 0  1 1
   105  0.1998230502037628       3   0 0  1 0  0 0  1 1
   106  0.4033998618038920       3   0 0  0 1  0 0  1 1
   107  0.1974130515116321E-05   3   1 0  0 0  0 0  0 2
   108  0.1872642759531480E-05   3   0 1  0 0  0 0  0 2
   109  0.4461976046064335E-01   3   0 0  1 0  0 0  0 2
   110  0.3743443487525976E-01   3   0 0  0 1  0 0  0 2
   111  -.1191479286124429E-04   3   0 0  0 0  0 3  0 0
   112  -.5778935171536268E-05   3   0 0  0 0  0 2  1 0
   113  -.5791288826252702E-05   3   0 0  0 0  0 1  2 0
   114  -.1188685804937390E-04   3   0 0  0 0  0 0  3 0
   115  0.1155324475574158E-04   3   0 0  0 0  0 2  0 1
   116  0.5482642612073238E-05   3   0 0  0 0  0 1  1 1
   117  0.1153400780241523E-04   3   0 0  0 0  0 0  2 1
   118  0.3345839580332640E-05   3   0 0  0 0  0 1  0 2
   119  0.3341336907109382E-05   3   0 0  0 0  0 0  1 2
   120  0.1142328213948069E-06   3   0 0  0 0  0 0  0 3
   121  -.1445771663020378E-02   4   4 0  0 0  0 0  0 0
   122  -.4350975375841886E-02   4   3 1  0 0  0 0  0 0
   123  -.4474744970259201E-02   4   2 2  0 0  0 0  0 0
   124  -.1191343242598924E-02   4   1 3  0 0  0 0  0 0
   125  0.3771476314591162E-03   4   0 4  0 0  0 0  0 0
   126   52.13903024223369       4   3 0  1 0  0 0  0 0
   127   142.1121911268664       4   2 1  1 0  0 0  0 0
   128   129.8437982376381       4   1 2  1 0  0 0  0 0
   129   39.85848808415516       4   0 3  1 0  0 0  0 0
   130  0.1210612228449015E-01   4   2 0  2 0  0 0  0 0
   131  0.2337979745584134E-01   4   1 1  2 0  0 0  0 0
   132  0.1184257102847044E-01   4   0 2  2 0  0 0  0 0
   133  -34.56430857696240       4   1 0  3 0  0 0  0 0
   134  -30.33840843477906       4   0 1  3 0  0 0  0 0
   135  -.1872211099198629E-03   4   0 0  4 0  0 0  0 0
   136   48.47347869365625       4   3 0  0 1  0 0  0 0
   137   132.8804271556559       4   2 1  0 1  0 0  0 0
   138   122.1989675001635       4   1 2  0 1  0 0  0 0
   139   37.77758481387995       4   0 3  0 1  0 0  0 0
   140  0.1964796276766641E-01   4   2 0  1 1  0 0  0 0
   141  0.3767188157982490E-01   4   1 1  1 1  0 0  0 0
   142  0.1872108444219527E-01   4   0 2  1 1  0 0  0 0
   143  -94.21645992242074       4   1 0  2 1  0 0  0 0
   144  -83.24263522713554       4   0 1  2 1  0 0  0 0
   145  -.1856971429758965E-02   4   0 0  3 1  0 0  0 0
   146  0.8263407350246478E-02   4   2 0  0 2  0 0  0 0
   147  0.1629571677962340E-01   4   1 1  0 2  0 0  0 0
   148  0.8259969887390367E-02   4   0 2  0 2  0 0  0 0
   149  -86.06568497351947       4   1 0  1 2  0 0  0 0
   150  -76.44239480345158       4   0 1  1 2  0 0  0 0
   151  -.3603619191313597E-02   4   0 0  2 2  0 0  0 0
   152  -26.24108639276318       4   1 0  0 3  0 0  0 0
   153  -23.39838138491977       4   0 1  0 3  0 0  0 0
   154  -.2658567352127755E-02   4   0 0  1 3  0 0  0 0
   155  -.6535767592822164E-03   4   0 0  0 4  0 0  0 0
   156  0.4956867370593545E-03   4   3 0  0 0  0 1  0 0
   157  0.6526106506598426E-02   4   2 1  0 0  0 1  0 0
   158  0.1050780569780614E-01   4   1 2  0 0  0 1  0 0
   159  0.4528453642387483E-02   4   0 3  0 0  0 1  0 0
   160   5.523170342561135       4   2 0  1 0  0 1  0 0
   161   16.20620978638842       4   1 1  1 0  0 1  0 0
   162   11.38011535473922       4   0 2  1 0  0 1  0 0
   163  -.7200204717990843E-03   4   1 0  2 0  0 1  0 0
   164  -.4118814195421497E-02   4   0 1  2 0  0 1  0 0
   165   1.206810218391950       4   0 0  3 0  0 1  0 0
   166   7.915139521628488       4   2 0  0 1  0 1  0 0
   167   20.82057868924156       4   1 1  0 1  0 1  0 0
   168   13.14211914805381       4   0 2  0 1  0 1  0 0
   169  -.8197113697786662E-02   4   1 0  1 1  0 1  0 0
   170  -.1354863081522698E-01   4   0 1  1 1  0 1  0 0
   171   3.583624295761150       4   0 0  2 1  0 1  0 0
   172  -.6927253747806682E-02   4   1 0  0 2  0 1  0 0
   173  -.9075492354144727E-02   4   0 1  0 2  0 1  0 0
   174   4.008778477037244       4   0 0  1 2  0 1  0 0
   175   1.458166922685034       4   0 0  0 3  0 1  0 0
   176  0.4950196652095307E-03   4   3 0  0 0  0 0  1 0
   177  0.6517323980026596E-02   4   2 1  0 0  0 0  1 0
   178  0.1049366478811377E-01   4   1 2  0 0  0 0  1 0
   179  0.4522359462894187E-02   4   0 3  0 0  0 0  1 0
   180   5.515737520212131       4   2 0  1 0  0 0  1 0
   181   16.18440023303014       4   1 1  1 0  0 0  1 0
   182   11.36480053182109       4   0 2  1 0  0 0  1 0
   183  -.7190515021815247E-03   4   1 0  2 0  0 0  1 0
   184  -.4113271289390285E-02   4   0 1  2 0  0 0  1 0
   185   1.205186150075035       4   0 0  3 0  0 0  1 0
   186   7.904487699887895       4   2 0  0 1  0 0  1 0
   187   20.79255933568148       4   1 1  0 1  0 0  1 0
   188   13.12443310347100       4   0 2  0 1  0 0  1 0
   189  -.8186082408488763E-02   4   1 0  1 1  0 0  1 0
   190  -.1353039770640070E-01   4   0 1  1 1  0 0  1 0
   191   3.578801623074281       4   0 0  2 1  0 0  1 0
   192  -.6917931376183037E-02   4   1 0  0 2  0 0  1 0
   193  -.9063278984247653E-02   4   0 1  0 2  0 0  1 0
   194   4.003383651890035       4   0 0  1 2  0 0  1 0
   195   1.456204590361511       4   0 0  0 3  0 0  1 0
   196  0.3607298278641540E-03   4   3 0  0 0  0 0  0 1
   197  0.1220846975245691E-02   4   2 1  0 0  0 0  0 1
   198  0.1345131953496388E-02   4   1 2  0 0  0 0  0 1
   199  0.4948741681010787E-03   4   0 3  0 0  0 0  0 1
   200  -11.03428175587285       4   2 0  1 0  0 0  0 1
   201  -22.40306781523642       4   1 1  1 0  0 0  0 1
   202  -11.57819720041691       4   0 2  1 0  0 0  0 1
   203  -.8479292392990709E-03   4   1 0  2 0  0 0  0 1
   204  -.7951354412000395E-03   4   0 1  2 0  0 0  0 1
   205  -2.412849210367927       4   0 0  3 0  0 0  0 1
   206  -10.59048327644425       4   2 0  0 1  0 0  0 1
   207  -21.09361259006350       4   1 1  0 1  0 0  0 1
   208  -10.96158575404671       4   0 2  0 1  0 0  0 1
   209  -.1754429097087574E-02   4   1 0  1 1  0 0  0 1
   210  -.1649999179603535E-02   4   0 1  1 1  0 0  0 1
   211  -5.048408366583472       4   0 0  2 1  0 0  0 1
   212  -.8397617896561577E-03   4   1 0  0 2  0 0  0 1
   213  -.7829384955767888E-03   4   0 1  0 2  0 0  0 1
   214  -3.632158527987004       4   0 0  1 2  0 0  0 1
   215  -1.173389812862513       4   0 0  0 3  0 0  0 1
   216  0.1164185041437182E-03   4   2 0  0 0  0 2  0 0
   217  0.1047247810186014E-02   4   1 1  0 0  0 2  0 0
   218  0.1068651200809267E-02   4   0 2  0 0  0 2  0 0
   219  0.7135213218491479E-01   4   1 0  1 0  0 2  0 0
   220  0.1846542515884664       4   0 1  1 0  0 2  0 0
   221  0.2412222790044258E-03   4   0 0  2 0  0 2  0 0
   222  0.1944136582436518       4   1 0  0 1  0 2  0 0
   223  0.3329116982430267       4   0 1  0 1  0 2  0 0
   224  0.4379091072188444E-03   4   0 0  1 1  0 2  0 0
   225  0.2500343497349576E-03   4   0 0  0 2  0 2  0 0
   226  0.1530889530490836E-03   4   2 0  0 0  0 1  1 0
   227  0.1459392980200484E-02   4   1 1  0 0  0 1  1 0
   228  0.1566468164672164E-02   4   0 2  0 0  0 1  1 0
   229  0.3953512848195834E-01   4   1 0  1 0  0 1  1 0
   230  0.1760760962786461       4   0 1  1 0  0 1  1 0
   231  0.3122128348267513E-03   4   0 0  2 0  0 1  1 0
   232  0.1877836063965063       4   1 0  0 1  0 1  1 0
   233  0.3924398481797031       4   0 1  0 1  0 1  1 0
   234  0.7196960345241828E-03   4   0 0  1 1  0 1  1 0
   235  0.4201597682791168E-03   4   0 0  0 2  0 1  1 0
   236  0.1161588236583673E-03   4   2 0  0 0  0 0  2 0
   237  0.1044856482291219E-02   4   1 1  0 0  0 0  2 0
   238  0.1066159020871545E-02   4   0 2  0 0  0 0  2 0
   239  0.7122950759178762E-01   4   1 0  1 0  0 0  2 0
   240  0.1842872751430359       4   0 1  1 0  0 0  2 0
   241  0.2406875727702428E-03   4   0 0  2 0  0 0  2 0
   242  0.1940256703410093       4   1 0  0 1  0 0  2 0
   243  0.3321996178428008       4   0 1  0 1  0 0  2 0
   244  0.4368355232776969E-03   4   0 0  1 1  0 0  2 0
   245  0.2494151496835311E-03   4   0 0  0 2  0 0  2 0
   246  -.3943015371082368E-03   4   2 0  0 0  0 1  0 1
   247  -.1709858832614747E-02   4   1 1  0 0  0 1  0 1
   248  -.1307212049708859E-02   4   0 2  0 0  0 1  0 1
   249  -.7857058809363542E-01   4   1 0  1 0  0 1  0 1
   250  -.1585552819332562       4   0 1  1 0  0 1  0 1
   251  -.6040865939691291E-03   4   0 0  2 0  0 1  0 1
   252  -.1744281379356874       4   1 0  0 1  0 1  0 1
   253  -.2390043247142303       4   0 1  0 1  0 1  0 1
   254  -.1234618906248583E-02   4   0 0  1 1  0 1  0 1
   255  -.5214938897356026E-03   4   0 0  0 2  0 1  0 1
   256  -.3937709046823847E-03   4   2 0  0 0  0 0  1 1
   257  -.1707557785180669E-02   4   1 1  0 0  0 0  1 1
   258  -.1305452865339132E-02   4   0 2  0 0  0 0  1 1
   259  -.7846485149908261E-01   4   1 0  1 0  0 0  1 1
   260  -.1583419057072819       4   0 1  1 0  0 0  1 1
   261  -.6032736427005803E-03   4   0 0  2 0  0 0  1 1
   262  -.1741934007681671       4   1 0  0 1  0 0  1 1
   263  -.2386826839579136       4   0 1  0 1  0 0  1 1
   264  -.1232957414310127E-02   4   0 0  1 1  0 0  1 1
   265  -.5207920878359520E-03   4   0 0  0 2  0 0  1 1
   266  0.2247651178254539E-03   4   2 0  0 0  0 0  0 2
   267  0.4647089752108467E-03   4   1 1  0 0  0 0  0 2
   268  0.2353503972022208E-03   4   0 2  0 0  0 0  0 2
   269  -.2484720904043245E-01   4   1 0  1 0  0 0  0 2
   270  -.2360022521462300E-01   4   0 1  1 0  0 0  0 2
   271  0.3836810817492752E-03   4   0 0  2 0  0 0  0 2
   272  -.1830282519889338E-01   4   1 0  0 1  0 0  0 2
   273  -.1774745476071021E-01   4   0 1  0 1  0 0  0 2
   274  0.6469334233526912E-03   4   0 0  1 1  0 0  0 2
   275  0.2635772082833311E-03   4   0 0  0 2  0 0  0 2
   276  -.1159786557666781E-04   4   1 0  0 0  0 3  0 0
   277  -.2352203565420684E-04   4   0 1  0 0  0 3  0 0
   278  0.1363651057177735       4   0 0  1 0  0 3  0 0
   279  0.7681290844481037E-01   4   0 0  0 1  0 3  0 0
   280  -.8264735909018757E-05   4   1 0  0 0  0 2  1 0
   281  -.2353585712935671E-04   4   0 1  0 0  0 2  1 0
   282  0.6444623691245444E-01   4   0 0  1 0  0 2  1 0
   283  0.1967495803477962       4   0 0  0 1  0 2  1 0
   284  -.8271432755765982E-05   4   1 0  0 0  0 1  2 0
   285  -.2353576532943898E-04   4   0 1  0 0  0 1  2 0
   286  0.6459104400258459E-01   4   0 0  1 0  0 1  2 0
   287  0.1965072639987373       4   0 0  0 1  0 1  2 0
   288  -.1156890013733116E-04   4   1 0  0 0  0 0  3 0
   289  -.2345873800090511E-04   4   0 1  0 0  0 0  3 0
   290  0.1360465292885436       4   0 0  1 0  0 0  3 0
   291  0.7652564175560754E-01   4   0 0  0 1  0 0  3 0
   292  0.1452856149578684E-04   4   1 0  0 0  0 2  0 1
   293  0.2597801511131624E-04   4   0 1  0 0  0 2  0 1
   294  -.1288411271256021       4   0 0  1 0  0 2  0 1
   295  -.3767567894641342       4   0 0  0 1  0 2  0 1
   296  0.1144342764585617E-04   4   1 0  0 0  0 1  1 1
   297  0.2640510892808172E-04   4   0 1  0 0  0 1  1 1
   298  -.5777906538841109E-01   4   0 0  1 0  0 1  1 1
   299  -.3496398567087367       4   0 0  0 1  0 1  1 1
   300  0.1450130962968785E-04   4   1 0  0 0  0 0  2 1
   301  0.2592528774734552E-04   4   0 1  0 0  0 0  2 1
   302  -.1286288606372054       4   0 0  1 0  0 0  2 1
   303  -.3760145035122046       4   0 0  0 1  0 0  2 1
   304  -.1160235247678043E-05   4   1 0  0 0  0 1  0 2
   305  -.1820851130324062E-05   4   0 1  0 0  0 1  0 2
   306  -.4236517372474257E-01   4   0 0  1 0  0 1  0 2
   307  -.5434309391211643E-01   4   0 0  0 1  0 1  0 2
   308  -.1158673857761683E-05   4   1 0  0 0  0 0  1 2
   309  -.1818400714686586E-05   4   0 1  0 0  0 0  1 2
   310  -.4230816067054523E-01   4   0 0  1 0  0 0  1 2
   311  -.5426996153743075E-01   4   0 0  0 1  0 0  1 2
   312  0.1120707235647987E-06   4   1 0  0 0  0 0  0 3
   313  0.9047395209996818E-07   4   0 1  0 0  0 0  0 3
   314  -.1522804903179948E-02   4   0 0  1 0  0 0  0 3
   315  -.1230761370760501E-02   4   0 0  0 1  0 0  0 3
   316  0.9961881493280831E-05   4   0 0  0 0  0 4  0 0
   317  0.3697093994726465E-05   4   0 0  0 0  0 3  1 0
   318  0.2879388846165971E-05   4   0 0  0 0  0 2  2 0
   319  0.3715016704551710E-05   4   0 0  0 0  0 1  3 0
   320  0.9932595030093173E-05   4   0 0  0 0  0 0  4 0
   321  -.1108785709720575E-05   4   0 0  0 0  0 3  0 1
   322  0.1948606913840366E-05   4   0 0  0 0  0 2  1 1
   323  0.1942438183586928E-05   4   0 0  0 0  0 1  2 1
   324  -.1107856890904371E-05   4   0 0  0 0  0 0  3 1
   325  -.1226562636250000E-05   4   0 0  0 0  0 2  0 2
   326  -.1408578036409791E-05   4   0 0  0 0  0 1  1 2
   327  -.1223964187091318E-05   4   0 0  0 0  0 0  2 2
   328  -.4819892295160339E-07   4   0 0  0 0  0 1  0 3
   329  -.4813405911263163E-07   4   0 0  0 0  0 0  1 3
   330  -.9458063770436299E-13   4   0 0  0 0  0 0  0 4
   ----------------------------------------------------
     I  COEFFICIENT            ORDER EXPONENTS
     1  0.2098302658703298E-03   0   0 0  0 0  0 0  0 0
     2  0.8553117057734346E-04   1   1 0  0 0  0 0  0 0
     3  0.7922464565684511E-04   1   0 1  0 0  0 0  0 0
     4  -2.317217419730342       1   0 0  1 0  0 0  0 0
     5  -1.167462080738134       1   0 0  0 1  0 0  0 0
     6  0.1256463555218503E-04   1   0 0  0 0  0 1  0 0
     7  0.1254772665780957E-04   1   0 0  0 0  0 0  1 0
     8  0.1847179036587850E-03   1   0 0  0 0  0 0  0 1
     9  0.1649817812230895E-02   2   2 0  0 0  0 0  0 0
    10  0.2981412581458892E-02   2   1 1  0 0  0 0  0 0
    11  0.1418782950427565E-02   2   0 2  0 0  0 0  0 0
    12  0.9767052814153633       2   1 0  1 0  0 0  0 0
    13  0.8937809846611529       2   0 1  1 0  0 0  0 0
    14  0.8693639775202795E-03   2   0 0  2 0  0 0  0 0
    15  0.9317183818709885       2   1 0  0 1  0 0  0 0
    16  0.8583833198455095       2   0 1  0 1  0 0  0 0
    17  0.2148965436575511E-02   2   0 0  1 1  0 0  0 0
    18  0.1141370894562658E-02   2   0 0  0 2  0 0  0 0
    19  -.6593837684435708E-05   2   1 0  0 0  0 1  0 0
    20  -.4598881399524130E-04   2   0 1  0 0  0 1  0 0
    21  -.1563103663863126       2   0 0  1 0  0 1  0 0
    22  0.9512625244083766       2   0 0  0 1  0 1  0 0
    23  -.6584964008436844E-05   2   1 0  0 0  0 0  1 0
    24  -.4592692441674428E-04   2   0 1  0 0  0 0  1 0
    25  -.1561000112618821       2   0 0  1 0  0 0  1 0
    26  0.9499823601344777       2   0 0  0 1  0 0  1 0
    27  0.9870975467538087E-04   2   1 0  0 0  0 0  0 1
    28  0.9191552501938730E-04   2   0 1  0 0  0 0  0 1
    29  -2.004807042181773       2   0 0  1 0  0 0  0 1
    30  -1.901244884650789       2   0 0  0 1  0 0  0 1
    31  -.9159371167809769E-05   2   0 0  0 0  0 2  0 0
    32  -.5763230156068566E-05   2   0 0  0 0  0 1  1 0
    33  -.9143166975987911E-05   2   0 0  0 0  0 0  2 0
    34  0.2408191966433464E-04   2   0 0  0 0  0 1  0 1
    35  0.2404951135179187E-04   2   0 0  0 0  0 0  1 1
    36  -.2406569629879685E-04   2   0 0  0 0  0 0  0 2
    37  -.2221750473752756E-01   3   3 0  0 0  0 0  0 0
    38  -.6238214892706009E-01   3   2 1  0 0  0 0  0 0
    39  -.5861102604360283E-01   3   1 2  0 0  0 0  0 0
    40  -.1838290151581338E-01   3   0 3  0 0  0 0  0 0
    41  -26.26487727068090       3   2 0  1 0  0 0  0 0
    42  -50.52837156478864       3   1 1  1 0  0 0  0 0
    43  -25.05586205279199       3   0 2  1 0  0 0  0 0
    44  0.3608890932502665E-01   3   1 0  2 0  0 0  0 0
    45  0.3265398720670165E-01   3   0 1  2 0  0 0  0 0
    46  -3.570451639298311       3   0 0  3 0  0 0  0 0
    47  -23.58729413734918       3   2 0  0 1  0 0  0 0
    48  -46.35102290612340       3   1 1  0 1  0 0  0 0
    49  -24.49929531795156       3   0 2  0 1  0 0  0 0
    50  0.6800088479642678E-01   3   1 0  1 1  0 0  0 0
    51  0.6187190528915119E-01   3   0 1  1 1  0 0  0 0
    52  -11.47679890407840       3   0 0  2 1  0 0  0 0
    53  0.3238583626372274E-01   3   1 0  0 2  0 0  0 0
    54  0.2967486002977242E-01   3   0 1  0 2  0 0  0 0
    55  -10.84264624750731       3   0 0  1 2  0 0  0 0
    56  -4.120800016971690       3   0 0  0 3  0 0  0 0
    57  -.9816340076738116E-03   3   2 0  0 0  0 1  0 0
    58  -.3372306188407134E-02   3   1 1  0 0  0 1  0 0
    59  -.2299082784080612E-02   3   0 2  0 0  0 1  0 0
    60  0.8336949591654805E-01   3   1 0  1 0  0 1  0 0
    61  -.3668077566231818       3   0 1  1 0  0 1  0 0
    62  -.3016532417230254E-04   3   0 0  2 0  0 1  0 0
    63  -.4039853358525124       3   1 0  0 1  0 1  0 0
    64  -.7976935856764763       3   0 1  0 1  0 1  0 0
    65  -.1219359343901663E-02   3   0 0  1 1  0 1  0 0
    66  -.1257082384680302E-02   3   0 0  0 2  0 1  0 0
    67  -.9803129708891014E-03   3   2 0  0 0  0 0  1 0
    68  -.3367767897670077E-02   3   1 1  0 0  0 0  1 0
    69  -.2295988786821824E-02   3   0 2  0 0  0 0  1 0
    70  0.8325730117801118E-01   3   1 0  1 0  0 0  1 0
    71  -.3663141240313694       3   0 1  1 0  0 0  1 0
    72  -.3012472910067301E-04   3   0 0  2 0  0 0  1 0
    73  -.4034416714266917       3   1 0  0 1  0 0  1 0
    74  -.7966200872428696       3   0 1  0 1  0 0  1 0
    75  -.1217718387563054E-02   3   0 0  1 1  0 0  1 0
    76  -.1255390662451240E-02   3   0 0  0 2  0 0  1 0
    77  0.3609342493104107E-02   3   2 0  0 0  0 0  0 1
    78  0.6734879474552444E-02   3   1 1  0 0  0 0  0 1
    79  0.3173498166662720E-02   3   0 2  0 0  0 0  0 1
    80  0.8100820595487477       3   1 0  1 0  0 0  0 1
    81  0.7331249465987094       3   0 1  1 0  0 0  0 1
    82  0.9309085807724675E-03   3   0 0  2 0  0 0  0 1
    83  0.8074301590364771       3   1 0  0 1  0 0  0 1
    84  0.7359330609656052       3   0 1  0 1  0 0  0 1
    85  0.2439816188344008E-02   3   0 0  1 1  0 0  0 1
    86  0.1372614964362373E-02   3   0 0  0 2  0 0  0 1
    87  0.5140970007518180E-05   3   1 0  0 0  0 2  0 0
    88  0.3768952409879405E-04   3   0 1  0 0  0 2  0 0
    89  0.1137634916391090       3   0 0  1 0  0 2  0 0
    90  -.6494563541221980       3   0 0  0 1  0 2  0 0
    91  0.3957491579768161E-05   3   1 0  0 0  0 1  1 0
    92  0.2974179105505106E-04   3   0 1  0 0  0 1  1 0
    93  0.7133068363298875E-01   3   0 0  1 0  0 1  1 0
    94  -.3484609833943560       3   0 0  0 1  0 1  1 0
    95  0.5131388629540404E-05   3   1 0  0 0  0 0  2 0
    96  0.3761879076318454E-04   3   0 1  0 0  0 0  2 0
    97  0.1135623973573813       3   0 0  1 0  0 0  2 0
    98  -.6483478751841110       3   0 0  0 1  0 0  2 0
    99  -.1469378068373030E-04   3   1 0  0 0  0 1  0 1
   100  -.5981040347634062E-04   3   0 1  0 0  0 1  0 1
   101  -.2988573234554203       3   0 0  1 0  0 1  0 1
   102  0.6961116812247694       3   0 0  0 1  0 1  0 1
   103  -.1467400648617995E-04   3   1 0  0 0  0 0  1 1
   104  -.5972991345410872E-04   3   0 1  0 0  0 0  1 1
   105  -.2984551353541711       3   0 0  1 0  0 0  1 1
   106  0.6951748869307844       3   0 0  0 1  0 0  1 1
   107  0.1505582289910391E-04   3   1 0  0 0  0 0  0 2
   108  0.1423407266058606E-04   3   0 1  0 0  0 0  0 2
   109  0.2986560739369497       3   0 0  1 0  0 0  0 2
   110  0.2549789471856630       3   0 0  0 1  0 0  0 2
   111  0.7459249611050614E-05   3   0 0  0 0  0 3  0 0
   112  0.4064578739247478E-05   3   0 0  0 0  0 2  1 0
   113  0.4071411057738292E-05   3   0 0  0 0  0 1  2 0
   114  0.7441460881587347E-05   3   0 0  0 0  0 0  3 0
   115  -.1728716530509753E-04   3   0 0  0 0  0 2  0 1
   116  -.1051210357078841E-04   3   0 0  0 0  0 1  1 1
   117  -.1725682770596214E-04   3   0 0  0 0  0 0  2 1
   118  0.1050403028369704E-04   3   0 0  0 0  0 1  0 2
   119  0.1048989445477902E-04   3   0 0  0 0  0 0  1 2
   120  0.1024366704764671E-05   3   0 0  0 0  0 0  0 3
   121  -.7037737339738341E-02   4   4 0  0 0  0 0  0 0
   122  -.2581553856523669E-01   4   3 1  0 0  0 0  0 0
   123  -.3600999437011577E-01   4   2 2  0 0  0 0  0 0
   124  -.2145684627095906E-01   4   1 3  0 0  0 0  0 0
   125  -.4384140150323139E-02   4   0 4  0 0  0 0  0 0
   126   242.2172547904823       4   3 0  1 0  0 0  0 0
   127   674.8402222849629       4   2 1  1 0  0 0  0 0
   128   629.3536261787922       4   1 2  1 0  0 0  0 0
   129   196.8674008050264       4   0 3  1 0  0 0  0 0
   130  0.4675615270028413E-01   4   2 0  2 0  0 0  0 0
   131  0.9194597429387555E-01   4   1 1  2 0  0 0  0 0
   132  0.4467344855406937E-01   4   0 2  2 0  0 0  0 0
   133  -140.2311725126053       4   1 0  3 0  0 0  0 0
   134  -126.1435973783881       4   0 1  3 0  0 0  0 0
   135  -.7400504826195299E-02   4   0 0  4 0  0 0  0 0
   136   234.6468520995299       4   3 0  0 1  0 0  0 0
   137   658.2137774939175       4   2 1  0 1  0 0  0 0
   138   618.3532063844284       4   1 2  0 1  0 0  0 0
   139   194.9198481941312       4   0 3  0 1  0 0  0 0
   140  0.9779940002153882E-01   4   2 0  1 1  0 0  0 0
   141  0.1931195045603755       4   1 1  1 1  0 0  0 0
   142  0.9568936224595184E-01   4   0 2  1 1  0 0  0 0
   143  -392.3960378400565       4   1 0  2 1  0 0  0 0
   144  -355.8735378106133       4   0 1  2 1  0 0  0 0
   145  -.2521546376225149E-01   4   0 0  3 1  0 0  0 0
   146  0.4920108320462307E-01   4   2 0  0 2  0 0  0 0
   147  0.9853314730205374E-01   4   1 1  0 2  0 0  0 0
   148  0.5014593126634906E-01   4   0 2  0 2  0 0  0 0
   149  -369.8953666978617       4   1 0  1 2  0 0  0 0
   150  -337.7618069284351       4   0 1  1 2  0 0  0 0
   151  -.3216130646240436E-01   4   0 0  2 2  0 0  0 0
   152  -117.0084713333205       4   1 0  0 3  0 0  0 0
   153  -107.4214858750276       4   0 1  0 3  0 0  0 0
   154  -.1749297350973003E-01   4   0 0  1 3  0 0  0 0
   155  -.2989497322153628E-02   4   0 0  0 4  0 0  0 0
   156  -.2833461531046275E-02   4   3 0  0 0  0 1  0 0
   157  0.1834772155801330E-01   4   2 1  0 0  0 1  0 0
   158  0.4173741467094755E-01   4   1 2  0 0  0 1  0 0
   159  0.2068606954609513E-01   4   0 3  0 0  0 1  0 0
   160   14.47392731173366       4   2 0  1 0  0 1  0 0
   161   52.26505091304981       4   1 1  1 0  0 1  0 0
   162   37.41238344543579       4   0 2  1 0  0 1  0 0
   163  0.4541345398147914E-02   4   1 0  2 0  0 1  0 0
   164  -.1005301147423623E-01   4   0 1  2 0  0 1  0 0
   165  0.2632454824151932       4   0 0  3 0  0 1  0 0
   166   25.47018920699778       4   2 0  0 1  0 1  0 0
   167   72.33354942128584       4   1 1  0 1  0 1  0 0
   168   48.79069546658629       4   0 2  0 1  0 1  0 0
   169  -.1951962808367373E-01   4   1 0  1 1  0 1  0 0
   170  -.4408211137062237E-01   4   0 1  1 1  0 1  0 0
   171   7.151358681492377       4   0 0  2 1  0 1  0 0
   172  -.2239187112797725E-01   4   1 0  0 2  0 1  0 0
   173  -.3292206378626221E-01   4   0 1  0 2  0 1  0 0
   174   12.82740382060164       4   0 0  1 2  0 1  0 0
   175   6.952092821017515       4   0 0  0 3  0 1  0 0
   176  -.2829648392054195E-02   4   3 0  0 0  0 0  1 0
   177  0.1832303005903868E-01   4   2 1  0 0  0 0  1 0
   178  0.4168124642529968E-01   4   1 2  0 0  0 0  1 0
   179  0.2065823120860068E-01   4   0 3  0 0  0 0  1 0
   180   14.45444898249021       4   2 0  1 0  0 0  1 0
   181   52.19471507069779       4   1 1  1 0  0 0  1 0
   182   37.36203562297959       4   0 2  1 0  0 0  1 0
   183  0.4535233869537288E-02   4   1 0  2 0  0 0  1 0
   184  -.1003948260517620E-01   4   0 1  2 0  0 0  1 0
   185  0.2628912190512883       4   0 0  3 0  0 0  1 0
   186   25.43591262673156       4   2 0  0 1  0 0  1 0
   187   72.23620633943696       4   1 1  0 1  0 0  1 0
   188   48.72503524805330       4   0 2  0 1  0 0  1 0
   189  -.1949335948812690E-01   4   1 0  1 1  0 0  1 0
   190  -.4402278774265772E-01   4   0 1  1 1  0 0  1 0
   191   7.141734720010692       4   0 0  2 1  0 0  1 0
   192  -.2236173720310553E-01   4   1 0  0 2  0 0  1 0
   193  -.3287775882438176E-01   4   0 1  0 2  0 0  1 0
   194   12.81014130507447       4   0 0  1 2  0 0  1 0
   195   6.942737022139772       4   0 0  0 3  0 0  1 0
   196  0.1368689578100480E-02   4   3 0  0 0  0 0  0 1
   197  0.3861841274331804E-02   4   2 1  0 0  0 0  0 1
   198  0.3662060041606427E-02   4   1 2  0 0  0 0  0 1
   199  0.1216669209113926E-02   4   0 3  0 0  0 0  0 1
   200  -55.17290179683701       4   2 0  1 0  0 0  0 1
   201  -104.4163399328407       4   1 1  1 0  0 0  0 1
   202  -49.69530625172912       4   0 2  1 0  0 0  0 1
   203  -.4116618941018622E-02   4   1 0  2 0  0 0  0 1
   204  -.3772846360770252E-02   4   0 1  2 0  0 0  0 1
   205  -4.100516225748290       4   0 0  3 0  0 0  0 1
   206  -50.88232194408931       4   2 0  0 1  0 0  0 1
   207  -98.16778097364215       4   1 1  0 1  0 0  0 1
   208  -48.48978529312070       4   0 2  0 1  0 0  0 1
   209  -.8020904241138927E-02   4   1 0  1 1  0 0  0 1
   210  -.7547708533504801E-02   4   0 1  1 1  0 0  0 1
   211  -14.30565119841078       4   0 0  2 1  0 0  0 1
   212  -.3898980958541866E-02   4   1 0  0 2  0 0  0 1
   213  -.3703937582409059E-02   4   0 1  0 2  0 0  0 1
   214  -14.80854509137354       4   0 0  1 2  0 0  0 1
   215  -5.658240565884859       4   0 0  0 3  0 0  0 1
   216  -.5419858438321229E-03   4   2 0  0 0  0 2  0 0
   217  0.3885217261033504E-03   4   1 1  0 0  0 2  0 0
   218  0.1088795989695631E-02   4   0 2  0 0  0 2  0 0
   219  -.6328984994707602E-01   4   1 0  1 0  0 2  0 0
   220  0.2351946228144716       4   0 1  1 0  0 2  0 0
   221  -.2537298431361617E-03   4   0 0  2 0  0 2  0 0
   222  0.2720432697690583       4   1 0  0 1  0 2  0 0
   223  0.7532718578639811       4   0 1  0 1  0 2  0 0
   224  0.3084431934048586E-03   4   0 0  1 1  0 2  0 0
   225  0.9603736486434195E-03   4   0 0  0 2  0 2  0 0
   226  -.5830849416980447E-03   4   2 0  0 0  0 1  1 0
   227  0.7192613281026996E-03   4   1 1  0 0  0 1  1 0
   228  0.1774327453977504E-02   4   0 2  0 0  0 1  1 0
   229  -.4543839860993627E-01   4   1 0  1 0  0 1  1 0
   230  0.1013438486508336       4   0 1  1 0  0 1  1 0
   231  -.2057985964390389E-03   4   0 0  2 0  0 1  1 0
   232  0.1378604042650008       4   1 0  0 1  0 1  1 0
   233  0.7057698510639474       4   0 1  0 1  0 1  1 0
   234  0.1530568519480352E-03   4   0 0  1 1  0 1  1 0
   235  0.1048343479071199E-02   4   0 0  0 2  0 1  1 0
   236  -.5408641207090567E-03   4   2 0  0 0  0 0  2 0
   237  0.3875148978758828E-03   4   1 1  0 0  0 0  2 0
   238  0.1086136836232677E-02   4   0 2  0 0  0 0  2 0
   239  -.6317410302205799E-01   4   1 0  1 0  0 0  2 0
   240  0.2348099170877554       4   0 1  1 0  0 0  2 0
   241  -.2532499084450744E-03   4   0 0  2 0  0 0  2 0
   242  0.2715844037400971       4   1 0  0 1  0 0  2 0
   243  0.7517832441962513       4   0 1  0 1  0 0  2 0
   244  0.3079251167425845E-03   4   0 0  1 1  0 0  2 0
   245  0.9583758174242093E-03   4   0 0  0 2  0 0  2 0
   246  0.1253522420812295E-02   4   2 0  0 0  0 1  0 1
   247  -.7433835597294835E-04   4   1 1  0 0  0 1  0 1
   248  -.1123314203481266E-02   4   0 2  0 0  0 1  0 1
   249  0.1750097708066192       4   1 0  1 0  0 1  0 1
   250  -.2005984651706653       4   0 1  1 0  0 1  0 1
   251  0.4407330330480135E-03   4   0 0  2 0  0 1  0 1
   252  -.2736637079552504       4   1 0  0 1  0 1  0 1
   253  -.6105358446162282       4   0 1  0 1  0 1  0 1
   254  -.1044322590335327E-03   4   0 0  1 1  0 1  0 1
   255  -.7359340724705829E-03   4   0 0  0 2  0 1  0 1
   256  0.1251835489414830E-02   4   2 0  0 0  0 0  1 1
   257  -.7423831491692578E-04   4   1 1  0 0  0 0  1 1
   258  -.1121802500166190E-02   4   0 2  0 0  0 0  1 1
   259  0.1747742509049914       4   1 0  1 0  0 0  1 1
   260  -.2003285092101176       4   0 1  1 0  0 0  1 1
   261  0.4401399153031657E-03   4   0 0  2 0  0 0  1 1
   262  -.2732954242344089       4   1 0  0 1  0 0  1 1
   263  -.6097142142501019       4   0 1  0 1  0 0  1 1
   264  -.1042917190210464E-03   4   0 0  1 1  0 0  1 1
   265  -.7349436870792214E-03   4   0 0  0 2  0 0  1 1
   266  -.8403396934409664E-03   4   2 0  0 0  0 0  0 2
   267  -.1565866770230368E-02   4   1 1  0 0  0 0  0 2
   268  -.7249111072709553E-03   4   0 2  0 0  0 0  0 2
   269  -.1778798286768831       4   1 0  1 0  0 0  0 2
   270  -.1693538904784904       4   0 1  1 0  0 0  0 2
   271  -.1677117650280819E-03   4   0 0  2 0  0 0  0 2
   272  -.1338599386660037       4   1 0  0 1  0 0  0 2
   273  -.1298914327736908       4   0 1  0 1  0 0  0 2
   274  -.3993842868139188E-03   4   0 0  1 1  0 0  0 2
   275  -.2179987951592918E-03   4   0 0  0 2  0 0  0 2
   276  -.7148153467038101E-05   4   1 0  0 0  0 3  0 0
   277  -.3990447081743178E-04   4   0 1  0 0  0 3  0 0
   278  -.9253437605785086E-01   4   0 0  1 0  0 3  0 0
   279  0.5000448641178309       4   0 0  0 1  0 3  0 0
   280  -.5289954395067759E-05   4   1 0  0 0  0 2  1 0
   281  -.3041520403672361E-04   4   0 1  0 0  0 2  1 0
   282  -.5012733264619553E-01   4   0 0  1 0  0 2  1 0
   283  0.2013889082158259       4   0 0  0 1  0 2  1 0
   284  -.5293685991669745E-05   4   1 0  0 0  0 1  2 0
   285  -.3043425094528759E-04   4   0 1  0 0  0 1  2 0
   286  -.5021268537018642E-01   4   0 0  1 0  0 1  2 0
   287  0.2019904254712836       4   0 0  0 1  0 1  2 0
   288  -.7130169308195671E-05   4   1 0  0 0  0 0  3 0
   289  -.3980348039949187E-04   4   0 1  0 0  0 0  3 0
   290  -.9231389945780273E-01   4   0 0  1 0  0 0  3 0
   291  0.4989001320214427       4   0 0  0 1  0 0  3 0
   292  0.1076825946083289E-04   4   1 0  0 0  0 2  0 1
   293  0.5403902712974584E-04   4   0 1  0 0  0 2  0 1
   294  0.2139879583018009       4   0 0  1 0  0 2  0 1
   295  -.4025725214369573       4   0 0  0 1  0 2  0 1
   296  0.9143825326425350E-05   4   1 0  0 0  0 1  1 1
   297  0.4637459919264677E-04   4   0 1  0 0  0 1  1 1
   298  0.1293572907683263       4   0 0  1 0  0 1  1 1
   299  -.1098082113758541       4   0 0  0 1  0 1  1 1
   300  0.1074761538007695E-04   4   1 0  0 0  0 0  2 1
   301  0.5393509957885422E-04   4   0 1  0 0  0 0  2 1
   302  0.2136129419196625       4   0 0  1 0  0 0  2 1
   303  -.4019568709523000       4   0 0  0 1  0 0  2 1
   304  -.3430708648148942E-05   4   1 0  0 0  0 1  0 2
   305  -.8767409695180954E-05   4   0 1  0 0  0 1  0 2
   306  -.1292464685575528       4   0 0  1 0  0 1  0 2
   307  -.2386511278430578       4   0 0  0 1  0 1  0 2
   308  -.3426091762133899E-05   4   1 0  0 0  0 0  1 2
   309  -.8755610928406815E-05   4   0 1  0 0  0 0  1 2
   310  -.1290725347513427       4   0 0  1 0  0 0  1 2
   311  -.2383299624024445       4   0 0  0 1  0 0  1 2
   312  0.9771529352107206E-06   4   1 0  0 0  0 0  0 3
   313  0.7970665694956753E-06   4   0 1  0 0  0 0  0 3
   314  -.1345070635188566E-01   4   0 0  1 0  0 0  0 3
   315  -.1099686677935209E-01   4   0 0  0 1  0 0  0 3
   316  -.9596555040894550E-05   4   0 0  0 0  0 4  0 0
   317  -.4648128099739765E-05   4   0 0  0 0  0 3  1 0
   318  -.3993511918832264E-05   4   0 0  0 0  0 2  2 0
   319  -.4662288802184095E-05   4   0 0  0 0  0 1  3 0
   320  -.9567612962163396E-05   4   0 0  0 0  0 0  4 0
   321  0.9904368799624622E-05   4   0 0  0 0  0 3  0 1
   322  0.4399209403550707E-05   4   0 0  0 0  0 2  1 1
   323  0.4410295373677410E-05   4   0 0  0 0  0 1  2 1
   324  0.9881419421815523E-05   4   0 0  0 0  0 0  3 1
   325  0.1207138892795676E-05   4   0 0  0 0  0 2  0 2
   326  0.1431013475668397E-05   4   0 0  0 0  0 1  1 2
   327  0.1204551486917128E-05   4   0 0  0 0  0 0  2 2
   328  0.1452415373695421E-07   4   0 0  0 0  0 1  0 3
   329  0.1450460781535503E-07   4   0 0  0 0  0 0  1 3
   330  -.5784862396826408E-13   4   0 0  0 0  0 0  0 4
   ----------------------------------------------------
     I  COEFFICIENT            ORDER EXPONENTS
     1  0.7558516014395010E-08   0   0 0  0 0  0 0  0 0
     2  -.6040643699369248E-05   1   1 0  0 0  0 0  0 0
     3  -.6875414451995909E-05   1   0 1  0 0  0 0  0 0
     4  0.4318709575513217E-04   1   0 0  1 0  0 0  0 0
     5  0.1633621053567771E-04   1   0 0  0 1  0 0  0 0
     6   1.000000000000000       1   0 0  0 0  1 0  0 0
     7  0.2859789924895294       1   0 0  0 0  0 1  0 0
     8  -.2859789889629546       1   0 0  0 0  0 0  1 0
     9  -.3526581554079397E-08   1   0 0  0 0  0 0  0 1
    10  -.3636235270397704       2   2 0  0 0  0 0  0 0
    11  -.9703469066710781       2   1 1  0 0  0 0  0 0
    12  -.8613394589524129       2   0 2  0 0  0 0  0 0
    13  -.2276520444244489E-04   2   1 0  1 0  0 0  0 0
    14  -.2997559878513409E-04   2   0 1  1 0  0 0  0 0
    15  -.2472444129325297       2   0 0  2 0  0 0  0 0
    16  -.3005761173763985E-04   2   1 0  0 1  0 0  0 0
    17  -.3536460127274716E-04   2   0 1  0 1  0 0  0 0
    18  -.1816782340238876       2   0 0  1 1  0 0  0 0
    19  -.2510265649978995       2   0 0  0 2  0 0  0 0
    20  0.8927635665267927E-05   2   1 0  0 0  0 1  0 0
    21  0.1274596844919890E-04   2   0 1  0 0  0 1  0 0
    22  -.6069982833793326E-04   2   0 0  1 0  0 1  0 0
    23  -.4150739089122655E-04   2   0 0  0 1  0 1  0 0
    24  0.2891243574593598E-05   2   1 0  0 0  0 0  1 0
    25  0.5871925137589900E-05   2   0 1  0 0  0 0  1 0
    26  -.1754722270604185E-04   2   0 0  1 0  0 0  1 0
    27  -.2515927625314190E-04   2   0 0  0 1  0 0  1 0
    28  -.1181894772351517E-04   2   1 0  0 0  0 0  0 1
    29  -.1174259858943402E-04   2   0 1  0 0  0 0  0 1
    30  0.7824708181540044E-04   2   0 0  1 0  0 0  0 1
    31  0.5033048904429158E-04   2   0 0  0 1  0 0  0 1
    32  -.2146286641336438       2   0 0  0 0  0 2  0 0
    33  0.1432783309842371       2   0 0  0 0  0 1  1 0
    34  0.7135032835425506E-01   2   0 0  0 0  0 0  2 0
    35  0.4793750607295989E-08   2   0 0  0 0  0 1  0 1
    36  0.1270269325920568E-08   2   0 0  0 0  0 0  1 1
    37  -.1268786452074611E-08   2   0 0  0 0  0 0  0 2
    38  0.1898535551728146       3   3 0  0 0  0 0  0 0
    39  0.5934877447894169       3   2 1  0 0  0 0  0 0
    40  0.6067710039256041       3   1 2  0 0  0 0  0 0
    41  0.2040956996261103       3   0 3  0 0  0 0  0 0
    42  0.1138650251563146E-02   3   2 0  1 0  0 0  0 0
    43  0.2233481658438061E-02   3   1 1  1 0  0 0  0 0
    44  0.1335006111797032E-02   3   0 2  1 0  0 0  0 0
    45  0.8226957110497299E-01   3   1 0  2 0  0 0  0 0
    46  0.1633621494000603E-01   3   0 1  2 0  0 0  0 0
    47  0.4220921429562589E-03   3   0 0  3 0  0 0  0 0
    48  0.8032066868225783E-03   3   2 0  0 1  0 0  0 0
    49  0.1521175187695997E-02   3   1 1  0 1  0 0  0 0
    50  0.9144577489703817E-03   3   0 2  0 1  0 0  0 0
    51  0.4070122927827879E-01   3   1 0  1 1  0 0  0 0
    52  -.6395438714160293E-01   3   0 1  1 1  0 0  0 0
    53  0.1106113630976858E-02   3   0 0  2 1  0 0  0 0
    54  -.3223103094915009E-01   3   1 0  0 2  0 0  0 0
    55  -.7376242122630323E-01   3   0 1  0 2  0 0  0 0
    56  0.9919638236977526E-03   3   0 0  1 2  0 0  0 0
    57  0.3018182106575977E-03   3   0 0  0 3  0 0  0 0
    58  0.5797751537186208       3   2 0  0 0  0 1  0 0
    59   1.855147229601164       3   1 1  0 0  0 1  0 0
    60   1.763193036538971       3   0 2  0 0  0 1  0 0
    61  0.3435329948460682E-04   3   1 0  1 0  0 1  0 0
    62  0.5578443750389143E-04   3   0 1  1 0  0 1  0 0
    63  0.3464999225538792       3   0 0  2 0  0 1  0 0
    64  0.5626791951975778E-04   3   1 0  0 1  0 1  0 0
    65  0.8123962592451452E-04   3   0 1  0 1  0 1  0 0
    66  0.4662111921388346       3   0 0  1 1  0 1  0 0
    67  0.4519426547108722       3   0 0  0 2  0 1  0 0
    68  0.2163497237663634       3   2 0  0 0  0 0  1 0
    69  0.8849143395146473       3   1 1  0 0  0 0  1 0
    70  0.9017978895741565       3   0 2  0 0  0 0  1 0
    71  0.1155245164847671E-04   3   1 0  1 0  0 0  1 0
    72  0.2568697783722566E-04   3   0 1  1 0  0 0  1 0
    73  0.9945436494264287E-01   3   0 0  2 0  0 0  1 0
    74  0.2615371134355801E-04   3   1 0  0 1  0 0  1 0
    75  0.4573153148845063E-04   3   0 1  0 1  0 0  1 0
    76  0.2843944345712957       3   0 0  1 1  0 0  1 0
    77  0.2009831653147854       3   0 0  0 2  0 0  1 0
    78  -.7961255103509267       3   2 0  0 0  0 0  0 1
    79  -1.769716282740798       3   1 1  0 0  0 0  0 1
    80  -.9423131591202584       3   0 2  0 0  0 0  0 1
    81  -.4580659319334227E-04   3   1 0  1 0  0 0  0 1
    82  -.5124445798238560E-04   3   0 1  1 0  0 0  0 1
    83  -.4459545440188326       3   0 0  2 0  0 0  0 1
    84  -.5221390800242532E-04   3   1 0  0 1  0 0  0 1
    85  -.5593451885716069E-04   3   0 1  0 1  0 0  0 1
    86  -.5689277496325281       3   0 0  1 1  0 0  0 1
    87  -.1508728564249851       3   0 0  0 2  0 0  0 1
    88  -.1099612089297883E-04   3   1 0  0 0  0 2  0 0
    89  -.1826261776397052E-04   3   0 1  0 0  0 2  0 0
    90  0.7197816545247062E-04   3   0 0  1 0  0 2  0 0
    91  0.6722792405952075E-04   3   0 0  0 1  0 2  0 0
    92  -.4139237743122576E-05   3   1 0  0 0  0 1  1 0
    93  -.1103472576338984E-04   3   0 1  0 0  0 1  1 0
    94  0.2257936579055108E-04   3   0 0  1 0  0 1  1 0
    95  0.5144502453041628E-04   3   0 0  0 1  0 1  1 0
    96  -.2072824210904267E-05   3   1 0  0 0  0 0  2 0
    97  -.5518494294174176E-05   3   0 1  0 0  0 0  2 0
    98  0.1131525550621996E-04   3   0 0  1 0  0 0  2 0
    99  0.2571576291561304E-04   3   0 0  0 1  0 0  2 0
   100  0.1720222273215364E-04   3   1 0  0 0  0 1  0 1
   101  0.2206672311781476E-04   3   0 1  0 0  0 1  0 1
   102  -.1058421432482384E-03   3   0 0  1 0  0 1  0 1
   103  -.1028926941854753E-03   3   0 0  0 1  0 1  0 1
   104  0.5391928919503409E-05   3   1 0  0 0  0 0  1 1
   105  0.1032617037295559E-04   3   0 1  0 0  0 0  1 1
   106  -.2766483471214108E-04   3   0 0  1 0  0 0  1 1
   107  -.5256063164577613E-04   3   0 0  0 1  0 0  1 1
   108  -.5387340397418410E-05   3   1 0  0 0  0 0  0 2
   109  -.4453731560084029E-05   3   0 1  0 0  0 0  0 2
   110  0.2763166783101117E-04   3   0 0  1 0  0 0  0 2
   111  0.2739781971177180E-04   3   0 0  0 1  0 0  0 2
   112  0.1788813506520137       3   0 0  0 0  0 3  0 0
   113  -.1073867927423891       3   0 0  0 0  0 2  1 0
   114  -.3589155551723486E-01   3   0 0  0 0  0 1  2 0
   115  -.3560303949271427E-01   3   0 0  0 0  0 0  3 0
   116  -.4418009717211596E-08   3   0 0  0 0  0 2  0 1
   117  0.2016747722282103E-09   3   0 0  0 0  0 1  1 1
   118  0.9765300709730054E-10   3   0 0  0 0  0 0  2 1
   119  0.5317444161658329E-09   3   0 0  0 0  0 1  0 2
   120  -.7814476122585755E-10   3   0 0  0 0  0 0  1 2
   121  0.2085489063144103E-09   3   0 0  0 0  0 0  0 3
   122  -3.065734596154727       4   4 0  0 0  0 0  0 0
   123  -15.32716021467945       4   3 1  0 0  0 0  0 0
   124  -28.79536670345944       4   2 2  0 0  0 0  0 0
   125  -24.22656007006671       4   1 3  0 0  0 0  0 0
   126  -7.997075983476675       4   0 4  0 0  0 0  0 0
   127  0.2052001243201218E-02   4   3 0  1 0  0 0  0 0
   128  0.7809564741711748E-02   4   2 1  1 0  0 0  0 0
   129  0.8920315462353078E-02   4   1 2  1 0  0 0  0 0
   130  0.3177389573040990E-02   4   0 3  1 0  0 0  0 0
   131  -7.720796895358973       4   2 0  2 0  0 0  0 0
   132  -15.67593387592894       4   1 1  2 0  0 0  0 0
   133  -9.085202315493099       4   0 2  2 0  0 0  0 0
   134  0.4384731593036038E-02   4   1 0  3 0  0 0  0 0
   135  0.3221565831073680E-02   4   0 1  3 0  0 0  0 0
   136  -1.505106825842981       4   0 0  4 0  0 0  0 0
   137  0.2982607501680487E-02   4   3 0  0 1  0 0  0 0
   138  0.1026340839706454E-01   4   2 1  0 1  0 0  0 0
   139  0.1112725381327054E-01   4   1 2  0 1  0 0  0 0
   140  0.3848368703195043E-02   4   0 3  0 1  0 0  0 0
   141  -10.86644586198743       4   2 0  1 1  0 0  0 0
   142  -20.96166967862611       4   1 1  1 1  0 0  0 0
   143  -11.98419207760301       4   0 2  1 1  0 0  0 0
   144  0.1070234829400063E-01   4   1 0  2 1  0 0  0 0
   145  0.7724073951862946E-02   4   0 1  2 1  0 0  0 0
   146  -4.782879865698254       4   0 0  3 1  0 0  0 0
   147  -3.709664508442940       4   2 0  0 2  0 0  0 0
   148  -7.385316827878608       4   1 1  0 2  0 0  0 0
   149  -4.821818954994844       4   0 2  0 2  0 0  0 0
   150  0.8540704502306075E-02   4   1 0  1 2  0 0  0 0
   151  0.5959463359950342E-02   4   0 1  1 2  0 0  0 0
   152  -5.897204687215282       4   0 0  2 2  0 0  0 0
   153  0.2160164734756612E-02   4   1 0  0 3  0 0  0 0
   154  0.1395914508808708E-02   4   0 1  0 3  0 0  0 0
   155  -3.352637341457255       4   0 0  1 3  0 0  0 0
   156  -.8322404518590449       4   0 0  0 4  0 0  0 0
   157  -.3233800925091558       4   3 0  0 0  0 1  0 0
   158  -1.263132137942522       4   2 1  0 0  0 1  0 0
   159  -1.561273969296494       4   1 2  0 0  0 1  0 0
   160  -.6186984198291989       4   0 3  0 0  0 1  0 0
   161  -.4482396050994012E-03   4   2 0  1 0  0 1  0 0
   162  -.2186409555622471E-02   4   1 1  1 0  0 1  0 0
   163  -.1990684272109684E-02   4   0 2  1 0  0 1  0 0
   164  -.1001682581825466       4   1 0  2 0  0 1  0 0
   165  -.4352233257858319E-01   4   0 1  2 0  0 1  0 0
   166  -.4747713827269844E-03   4   0 0  3 0  0 1  0 0
   167  -.4343796950855407E-03   4   2 0  0 1  0 1  0 0
   168  -.1535769465962283E-02   4   1 1  0 1  0 1  0 0
   169  -.1385810605488785E-02   4   0 2  0 1  0 1  0 0
   170  -.1054161814785980       4   1 0  1 1  0 1  0 0
   171  0.8214259568904625E-01   4   0 1  1 1  0 1  0 0
   172  -.1536307263812236E-02   4   0 0  2 1  0 1  0 0
   173  0.4016520561328685E-01   4   1 0  0 2  0 1  0 0
   174  0.1594416341659182       4   0 1  0 2  0 1  0 0
   175  -.1780782707506258E-02   4   0 0  1 2  0 1  0 0
   176  -.7101041771807983E-03   4   0 0  0 3  0 1  0 0
   177  -.1322302116872252       4   3 0  0 0  0 0  1 0
   178  -.6645574286790932       4   2 1  0 0  0 0  1 0
   179  -.9481259718800985       4   1 2  0 0  0 0  1 0
   180  -.4119620149567909       4   0 3  0 0  0 0  1 0
   181  -.3097904058860861E-03   4   2 0  1 0  0 0  1 0
   182  -.1840044904817882E-02   4   1 1  1 0  0 0  1 0
   183  -.1653566607581569E-02   4   0 2  1 0  0 0  1 0
   184  -.1759220468856171E-01   4   1 0  2 0  0 0  1 0
   185  -.2620053604010886E-01   4   0 1  2 0  0 0  1 0
   186  -.2712186386131485E-03   4   0 0  3 0  0 0  1 0
   187  -.4742419633727429E-03   4   2 0  0 1  0 0  1 0
   188  -.1656986393694047E-02   4   1 1  0 1  0 0  1 0
   189  -.1364769345355203E-02   4   0 2  0 1  0 0  1 0
   190  -.6411537750038823E-01   4   1 0  1 1  0 0  1 0
   191  0.1966977397792428E-01   4   0 1  1 1  0 0  1 0
   192  -.1059472851507876E-02   4   0 0  2 1  0 0  1 0
   193  0.8274501154509676E-02   4   1 0  0 2  0 0  1 0
   194  0.8633007840331594E-01   4   0 1  0 2  0 0  1 0
   195  -.1334101181329627E-02   4   0 0  1 2  0 0  1 0
   196  -.5544318957507178E-03   4   0 0  0 3  0 0  1 0
   197  0.4538322350625841       4   3 0  0 0  0 0  0 1
   198   1.326139277491240       4   2 1  0 0  0 0  0 1
   199   1.284503081798161       4   1 2  0 0  0 0  0 1
   200  0.4130485238962524       4   0 3  0 0  0 0  0 1
   201  0.9346077373908696E-03   4   2 0  1 0  0 0  0 1
   202  0.2370280013857908E-02   4   1 1  1 0  0 0  0 1
   203  0.1566655383012789E-02   4   0 2  1 0  0 0  0 1
   204  0.1170555885944491       4   1 0  2 0  0 0  0 1
   205  0.5145259565902226E-01   4   0 1  2 0  0 0  0 1
   206  0.7915634169069245E-03   4   0 0  3 0  0 0  0 1
   207  0.2264567701151321E-03   4   2 0  0 1  0 0  0 1
   208  0.7681712357227226E-03   4   1 1  0 1  0 0  0 1
   209  0.6931244109200134E-03   4   0 2  0 1  0 0  0 1
   210  0.1277447415346182       4   1 0  1 1  0 0  0 1
   211  0.2328731917740074E-01   4   0 1  1 1  0 0  0 1
   212  0.1727645513192763E-02   4   0 0  2 1  0 0  0 1
   213  0.1530242890370159E-01   4   1 0  0 2  0 0  0 1
   214  -.2601571321345028E-01   4   0 1  0 2  0 0  0 1
   215  0.1284742934727702E-02   4   0 0  1 2  0 0  0 1
   216  0.3676099598050749E-03   4   0 0  0 3  0 0  0 1
   217  -.7606496945200476       4   2 0  0 0  0 2  0 0
   218  -2.751412287994342       4   1 1  0 0  0 2  0 0
   219  -2.781474841137512       4   0 2  0 0  0 2  0 0
   220  -.4335688215593985E-04   4   1 0  1 0  0 2  0 0
   221  -.9038494901565279E-04   4   0 1  1 0  0 2  0 0
   222  -.4099013056054950       4   0 0  2 0  0 2  0 0
   223  -.9287181901356401E-04   4   1 0  0 1  0 2  0 0
   224  -.1543247160606744E-03   4   0 1  0 1  0 2  0 0
   225  -.7566570432202688       4   0 0  1 1  0 2  0 0
   226  -.6782508781818641       4   0 0  0 2  0 2  0 0
   227  -.3617881145161752       4   2 0  0 0  0 1  1 0
   228  -1.792395419648582       4   1 1  0 0  0 1  1 0
   229  -2.036201428365014       4   0 2  0 0  0 1  1 0
   230  -.1765799812344256E-04   4   1 0  1 0  0 1  1 0
   231  -.5309992403598050E-04   4   0 1  1 0  0 1  1 0
   232  -.1269329594291123       4   0 0  2 0  0 1  1 0
   233  -.5552029351040019E-04   4   1 0  0 1  0 1  1 0
   234  -.1158068468915366E-03   4   0 1  0 1  0 1  1 0
   235  -.5809360056545887       4   0 0  1 1  0 1  1 0
   236  -.4525765951377221       4   0 0  0 2  0 1  1 0
   237  -.1810400290031026       4   2 0  0 0  0 0  2 0
   238  -.8962375921088157       4   1 1  0 0  0 0  2 0
   239  -1.017914734779386       4   0 2  0 0  0 0  2 0
   240  -.8918847334247939E-05   4   1 0  1 0  0 0  2 0
   241  -.2663548339943370E-04   4   0 1  1 0  0 0  2 0
   242  -.6361377769613333E-01   4   0 0  2 0  0 0  2 0
   243  -.2782671346419486E-04   4   1 0  0 1  0 0  2 0
   244  -.5792952991262560E-04   4   0 1  0 1  0 0  2 0
   245  -.2903901209828087       4   0 0  1 1  0 0  2 0
   246  -.2262872993319384       4   0 0  0 2  0 0  2 0
   247   1.303244986733402       4   2 0  0 0  0 1  0 1
   248   3.584790632339538       4   1 1  0 0  0 1  0 1
   249   2.309503579761047       4   0 2  0 0  0 1  0 1
   250  0.5990467648702334E-04   4   1 0  1 0  0 1  0 1
   251  0.9639720980120225E-04   4   0 1  1 0  0 1  0 1
   252  0.6002668186708083       4   0 0  2 0  0 1  0 1
   253  0.1005306246839561E-03   4   1 0  0 1  0 1  0 1
   254  0.1380957420094191E-03   4   0 1  0 1  0 1  0 1
   255   1.161891273239065       4   0 0  1 1  0 1  0 1
   256  0.4532836492333507       4   0 0  0 2  0 1  0 1
   257  0.5074887623238272       4   2 0  0 0  0 0  1 1
   258   1.814978117097082       4   1 1  0 0  0 0  1 1
   259   1.366602748674138       4   0 2  0 0  0 0  1 1
   260  0.2097655731807094E-04   4   1 0  1 0  0 0  1 1
   261  0.4641688770951416E-04   4   0 1  1 0  0 0  1 1
   262  0.1547148590231471       4   0 0  2 0  0 0  1 1
   263  0.4907689435779904E-04   4   1 0  0 1  0 0  1 1
   264  0.7867616447768744E-04   4   0 1  0 1  0 0  1 1
   265  0.5929487089386007       4   0 0  1 1  0 0  1 1
   266  0.3022146139824049       4   0 0  0 2  0 0  1 1
   267  -.5072785182381212       4   2 0  0 0  0 0  0 2
   268  -.9301201455192862       4   1 1  0 0  0 0  0 2
   269  -.4245607898200455       4   0 2  0 0  0 0  0 2
   270  -.1807088402420221E-04   4   1 0  1 0  0 0  0 2
   271  -.1596836246333426E-04   4   0 1  1 0  0 0  0 2
   272  -.1545232617401295       4   0 0  2 0  0 0  0 2
   273  -.1760104270690960E-04   4   1 0  0 1  0 0  0 2
   274  -.1565794788337455E-04   4   0 1  0 1  0 0  0 2
   275  -.3085100595029182       4   0 0  1 1  0 0  0 2
   276  -.1514483005609804       4   0 0  0 2  0 0  0 2
   277  -.1469313174019004E-03   4   1 0  0 0  0 3  0 0
   278  -.2281592806073501E-03   4   0 1  0 0  0 3  0 0
   279  -.7660815254490101E-04   4   0 0  1 0  0 3  0 0
   280  -.8426082178774041E-04   4   0 0  0 1  0 3  0 0
   281  -.7766747221111457E-04   4   1 0  0 0  0 2  1 0
   282  -.1149755769745956E-03   4   0 1  0 0  0 2  1 0
   283  -.2186163073707381E-04   4   0 0  1 0  0 2  1 0
   284  -.7138699402132337E-04   4   0 0  0 1  0 2  1 0
   285  -.4898198422449791E-04   4   1 0  0 0  0 1  2 0
   286  -.7190154109042153E-04   4   0 1  0 0  0 1  2 0
   287  -.1154745327059995E-04   4   0 0  1 0  0 1  2 0
   288  -.4727164911073962E-04   4   0 0  0 1  0 1  2 0
   289  -.2591983636428233E-04   4   1 0  0 0  0 0  3 0
   290  -.3837823528660237E-04   4   0 1  0 0  0 0  3 0
   291  -.7321356167123230E-05   4   0 0  1 0  0 0  3 0
   292  -.2378903468033741E-04   4   0 0  0 1  0 0  3 0
   293  0.1277408944642428E-03   4   1 0  0 0  0 2  0 1
   294  0.1029345543594915E-03   4   0 1  0 0  0 2  0 1
   295  0.8500544313232497E-04   4   0 0  1 0  0 2  0 1
   296  0.1398386343122649E-03   4   0 0  0 1  0 2  0 1
   297  0.6963171073221098E-04   4   1 0  0 0  0 1  1 1
   298  0.5610503961167260E-04   4   0 1  0 0  0 1  1 1
   299  0.1678332196405232E-04   4   0 0  1 0  0 1  1 1
   300  0.9104376403977444E-04   4   0 0  0 1  0 1  1 1
   301  0.3483123974494032E-04   4   1 0  0 0  0 0  2 1
   302  0.2806485951389619E-04   4   0 1  0 0  0 0  2 1
   303  0.8432050818969475E-05   4   0 0  1 0  0 0  2 1
   304  0.4552448434950138E-04   4   0 0  0 1  0 0  2 1
   305  -.7605595414284441E-06   4   1 0  0 0  0 1  0 2
   306  0.2019950428573224E-05   4   0 1  0 0  0 1  0 2
   307  -.8044836462263880E-05   4   0 0  1 0  0 1  0 2
   308  -.2309631433028451E-04   4   0 0  0 1  0 1  0 2
   309  -.4251985262464744E-05   4   1 0  0 0  0 0  1 2
   310  -.1212275815875900E-05   4   0 1  0 0  0 0  1 2
   311  0.2995556255544398E-05   4   0 0  1 0  0 0  1 2
   312  -.1100790253820909E-04   4   0 0  0 1  0 0  1 2
   313  0.1340591466078851E-07   4   1 0  0 0  0 0  0 3
   314  0.7397144897073245E-07   4   0 1  0 0  0 0  0 3
   315  -.4681098354974465E-05   4   0 0  1 0  0 0  0 3
   316  -.4260676726560033E-05   4   0 0  0 1  0 0  0 3
   317  -.1565302517978727       4   0 0  0 0  0 4  0 0
   318  0.8947684339580789E-01   4   0 0  0 0  0 3  1 0
   319  0.2686485498328737E-01   4   0 0  0 0  0 2  2 0
   320  0.1798162685996709E-01   4   0 0  0 0  0 1  3 0
   321  0.2220686163158909E-01   4   0 0  0 0  0 0  4 0
   322  0.6031772797045118E-08   4   0 0  0 0  0 3  0 1
   323  0.3220605795788515E-08   4   0 0  0 0  0 2  1 1
   324  0.2585372583802940E-08   4   0 0  0 0  0 1  2 1
   325  0.8796224245540823E-09   4   0 0  0 0  0 0  3 1
   326  -.5633305504917308E-09   4   0 0  0 0  0 2  0 2
   327  0.1166388594449423E-09   4   0 0  0 0  0 1  1 2
   328  0.3911363931692702E-10   4   0 0  0 0  0 0  2 2
   329  -.3863275780778510E-09   4   0 0  0 0  0 1  0 3
   330  -.1778197032022866E-09   4   0 0  0 0  0 0  1 3
   331  -.2263703651449083E-10   4   0 0  0 0  0 0  0 4
   ----------------------------------------------------
     I  COEFFICIENT            ORDER EXPONENTS
     1   1.000000000000000       1   0 0  0 0  0 1  0 0
     --------------------------------------------------
     I  COEFFICIENT            ORDER EXPONENTS
     1   1.000000000000000       1   0 0  0 0  0 0  1 0
     --------------------------------------------------
     I  COEFFICIENT            ORDER EXPONENTS
     1   1.000000000000000       1   0 0  0 0  0 0  0 1
     --------------------------------------------------
