 L    0.1145458000000000E+01
 P (  0.0000000000000000E+00,  0.0000000000000000E+00,  0.9555200000000000E-01)
 A (  0.0000000000000000E+00,  0.0000000000000000E+00,  0.0000000000000000E+00)
     I  COEFFICIENT            ORDER EXPONENTS
     1  0.9546436811668350E-04   0   0 0  0 0  0 0  0 0
     2   1.765172920789345       1   1 0  0 0  0 0  0 0
     3   1.823435368743306       1   0 1  0 0  0 0  0 0
     4  0.2298930690107322E-04   1   0 0  1 0  0 0  0 0
     5  0.2026839359098451E-04   1   0 0  0 1  0 0  0 0
     6  -.8981658035393767E-06   1   0 0  0 0  0 1  0 0
     7  -.8969570943300990E-06   1   0 0  0 0  0 0  1 0
     8  0.1795122899939511E-05   1   0 0  0 0  0 0  0 1
     9  -.1998398628786248       2   2 0  0 0  0 0  0 0
    10  -.3568084804238065       2   1 1  0 0  0 0  0 0
    11  -.1600351400753575       2   0 2  0 0  0 0  0 0
    12  0.7787294420927726E-03   2   1 0  1 0  0 0  0 0
    13  0.2199489767486692E-03   2   0 1  1 0  0 0  0 0
    14  0.1355777960678870       2   0 0  2 0  0 0  0 0
    15  0.8209496645178321E-03   2   1 0  0 1  0 0  0 0
    16  0.3704839938479461E-03   2   0 1  0 1  0 0  0 0
    17  0.2413861809377368       2   0 0  1 1  0 0  0 0
    18  0.1083704873554746       2   0 0  0 2  0 0  0 0
    19  -.4205299411432438       2   1 0  0 0  0 1  0 0
    20  -1.282967646423104       2   0 1  0 0  0 1  0 0
    21  -.1268290353298775E-04   2   0 0  1 0  0 1  0 0
    22  -.2140006369275163E-04   2   0 0  0 1  0 1  0 0
    23  -.4199640117673400       2   1 0  0 0  0 0  1 0
    24  -1.281241089028715       2   0 1  0 0  0 0  1 0
    25  -.1266583547913752E-04   2   0 0  1 0  0 0  1 0
    26  -.2137126449558393E-04   2   0 0  0 1  0 0  1 0
    27  0.8404939529481860       2   1 0  0 0  0 0  0 1
    28  0.7407733667457710       2   0 1  0 0  0 0  0 1
    29  0.2534871464436820E-04   2   0 0  1 0  0 0  0 1
    30  0.2250291100674994E-04   2   0 0  0 1  0 0  0 1
    31  0.3624378858216421E-06   2   0 0  0 0  0 2  0 0
    32  -.1718321779509238E-06   2   0 0  0 0  0 1  1 0
    33  0.3620657558202606E-06   2   0 0  0 0  0 0  2 0
    34  0.3450555332741162E-06   2   0 0  0 0  0 1  0 1
    35  0.3445911737992820E-06   2   0 0  0 0  0 0  1 1
    36  -.1242378467834406E-05   2   0 0  0 0  0 0  0 2
    37   3.475346969640694       3   3 0  0 0  0 0  0 0
    38   14.62047386079595       3   2 1  0 0  0 0  0 0
    39   18.74889572441694       3   1 2  0 0  0 0  0 0
    40   8.475695754773175       3   0 3  0 0  0 0  0 0
    41  -.1473217505390378E-01   3   2 0  1 0  0 0  0 0
    42  -.2579499598652812E-01   3   1 1  1 0  0 0  0 0
    43  -.1130565139243776E-01   3   0 2  1 0  0 0  0 0
    44  -1.933988532191371       3   1 0  2 0  0 0  0 0
    45  0.5930267191965289       3   0 1  2 0  0 0  0 0
    46  0.3416985653844052E-02   3   0 0  3 0  0 0  0 0
    47  -.1336552773039491E-01   3   2 0  0 1  0 0  0 0
    48  -.2358222851208011E-01   3   1 1  0 1  0 0  0 0
    49  -.1040741398192984E-01   3   0 2  0 1  0 0  0 0
    50  -6.013904272572424       3   1 0  1 1  0 0  0 0
    51  -1.939177323236067       3   0 1  1 1  0 0  0 0
    52  0.9053984718991893E-02   3   0 0  2 1  0 0  0 0
    53  -2.992788911038461       3   1 0  0 2  0 0  0 0
    54  -.5412106434638316       3   0 1  0 2  0 0  0 0
    55  0.8077383316429588E-02   3   0 0  1 2  0 0  0 0
    56  0.2437803981227640E-02   3   0 0  0 3  0 0  0 0
    57  0.1290424359265025       3   2 0  0 0  0 1  0 0
    58  0.4080602824895067       3   1 1  0 0  0 1  0 0
    59  0.2625975851588480       3   0 2  0 0  0 1  0 0
    60  -.3864120369889985E-03   3   1 0  1 0  0 1  0 0
    61  -.1506472885443212E-03   3   0 1  1 0  0 1  0 0
    62  -.6285851140423879E-01   3   0 0  2 0  0 1  0 0
    63  -.9266556721602047E-03   3   1 0  0 1  0 1  0 0
    64  -.5949508329372427E-03   3   0 1  0 1  0 1  0 0
    65  -.2315995502460751       3   0 0  1 1  0 1  0 0
    66  -.1578176526913392       3   0 0  0 2  0 1  0 0
    67  0.1288687766977901       3   2 0  0 0  0 0  1 0
    68  0.4075111341925431       3   1 1  0 0  0 0  1 0
    69  0.2622441937045347       3   0 2  0 0  0 0  1 0
    70  -.3858920218805878E-03   3   1 0  1 0  0 0  1 0
    71  -.1504445545231591E-03   3   0 1  1 0  0 0  1 0
    72  -.6277391938200999E-01   3   0 0  2 0  0 0  1 0
    73  -.9254086226283794E-03   3   1 0  0 1  0 0  1 0
    74  -.5941501761453355E-03   3   0 1  0 1  0 0  1 0
    75  -.2312878744862626       3   0 0  1 1  0 0  1 0
    76  -.1576052691320354       3   0 0  0 2  0 0  1 0
    77  -.2579116080512578       3   2 0  0 0  0 0  0 1
    78  -.4587635941195225       3   1 1  0 0  0 0  0 1
    79  -.2047717722222230       3   0 2  0 0  0 0  0 1
    80  0.7713423359212302E-03   3   1 0  1 0  0 0  0 1
    81  0.8017705568040675E-04   3   0 1  1 0  0 0  0 1
    82  0.1256326205678600       3   0 0  2 0  0 0  0 1
    83  0.1030109232090684E-02   3   1 0  0 1  0 0  0 1
    84  0.4471183016337572E-03   3   0 1  0 1  0 0  0 1
    85  0.2215015410769777       3   0 0  1 1  0 0  0 1
    86  0.9868206206373742E-01   3   0 0  0 2  0 0  0 1
    87  0.3349130059203884       3   1 0  0 0  0 2  0 0
    88   1.163761636641225       3   0 1  0 0  0 2  0 0
    89  0.1010091909434741E-04   3   0 0  1 0  0 2  0 0
    90  0.2224400461810094E-04   3   0 0  0 1  0 2  0 0
    91  0.2495258697121007       3   1 0  0 0  0 1  1 0
    92   1.044874373770330       3   0 1  0 0  0 1  1 0
    93  0.7435673922185346E-05   3   0 0  1 0  0 1  1 0
    94  0.2299969340475224E-04   3   0 0  0 1  0 1  1 0
    95  0.3342943957030674       3   1 0  0 0  0 0  2 0
    96   1.161492429732319       3   0 1  0 0  0 0  2 0
    97  0.1008232246370360E-04   3   0 0  1 0  0 0  2 0
    98  0.2219859373333017E-04   3   0 0  0 1  0 0  2 0
    99  -.4988224968105969       3   1 0  0 0  0 1  0 1
   100  -.8064633312232151       3   0 1  0 0  0 1  0 1
   101  -.1480744388501236E-04   3   0 0  1 0  0 1  0 1
   102  -.2450519879391887E-04   3   0 0  0 1  0 1  0 1
   103  -.4981512050030757       3   1 0  0 0  0 0  1 1
   104  -.8053780308793523       3   0 1  0 0  0 0  1 1
   105  -.1478751672488237E-04   3   0 0  1 0  0 0  1 1
   106  -.2447222085227187E-04   3   0 0  0 1  0 0  1 1
   107  0.7824002569464228E-01   3   1 0  0 0  0 0  0 2
   108  0.6514748438175913E-01   3   0 1  0 0  0 0  0 2
   109  0.2039001863906779E-05   3   0 0  1 0  0 0  0 2
   110  0.1927869457450086E-05   3   0 0  0 1  0 0  0 2
   111  -.8509877996107487E-07   3   0 0  0 0  0 3  0 0
   112  0.4690799088328308E-06   3   0 0  0 0  0 2  1 0
   113  0.4679614586671520E-06   3   0 0  0 0  0 1  2 0
   114  -.8524220522679555E-07   3   0 0  0 0  0 0  3 0
   115  -.9390128551405231E-06   3   0 0  0 0  0 2  0 1
   116  -.1531245605172099E-05   3   0 0  0 0  0 1  1 1
   117  -.9367188368091196E-06   3   0 0  0 0  0 0  2 1
   118  0.1359623572913845E-05   3   0 0  0 0  0 1  0 2
   119  0.1357793855586187E-05   3   0 0  0 0  0 0  1 2
   120  -.7760058490543994E-07   3   0 0  0 0  0 0  0 3
   121  -25.39800305194001       4   4 0  0 0  0 0  0 0
   122  -94.45498959193799       4   3 1  0 0  0 0  0 0
   123  -132.3739246689296       4   2 2  0 0  0 0  0 0
   124  -82.99700016982408       4   1 3  0 0  0 0  0 0
   125  -19.66966568028697       4   0 4  0 0  0 0  0 0
   126  -.1109262304055084E-01   4   3 0  1 0  0 0  0 0
   127  -.3152799090623314E-01   4   2 1  1 0  0 0  0 0
   128  -.3217785319547967E-01   4   1 2  1 0  0 0  0 0
   129  -.1162062239523564E-01   4   0 3  1 0  0 0  0 0
   130   87.76353271723431       4   2 0  2 0  0 0  0 0
   131   154.7790220005849       4   1 1  2 0  0 0  0 0
   132   68.77198754699378       4   0 2  2 0  0 0  0 0
   133  0.7079970931491446E-02   4   1 0  3 0  0 0  0 0
   134  0.5547044149826625E-02   4   0 1  3 0  0 0  0 0
   135  -10.17069305841894       4   0 0  4 0  0 0  0 0
   136  -.8755534597210395E-02   4   3 0  0 1  0 0  0 0
   137  -.2324461653698439E-01   4   2 1  0 1  0 0  0 0
   138  -.2164758074678146E-01   4   1 2  0 1  0 0  0 0
   139  -.7168300262680518E-02   4   0 3  0 1  0 0  0 0
   140   161.0701724006742       4   2 0  1 1  0 0  0 0
   141   286.2008501734852       4   1 1  1 1  0 0  0 0
   142   128.2128508264094       4   0 2  1 1  0 0  0 0
   143  0.1922138332781412E-01   4   1 0  2 1  0 0  0 0
   144  0.1563067237551173E-01   4   0 1  2 1  0 0  0 0
   145  -35.78622913082573       4   0 0  3 1  0 0  0 0
   146   74.29585119348133       4   2 0  0 2  0 0  0 0
   147   132.8359359421962       4   1 1  0 2  0 0  0 0
   148   59.91549050891917       4   0 2  0 2  0 0  0 0
   149  0.1671068060369318E-01   4   1 0  1 2  0 0  0 0
   150  0.1395799413231148E-01   4   0 1  1 2  0 0  0 0
   151  -47.53016857992863       4   0 0  2 2  0 0  0 0
   152  0.5223772322154132E-02   4   1 0  0 3  0 0  0 0
   153  0.4414416627578626E-02   4   0 1  0 3  0 0  0 0
   154  -28.13012533480364       4   0 0  1 3  0 0  0 0
   155  -6.233721562429327       4   0 0  0 4  0 0  0 0
   156  -5.791628516270139       4   3 0  0 0  0 1  0 0
   157  -27.81844456940244       4   2 1  0 0  0 1  0 0
   158  -42.06258010331884       4   1 2  0 0  0 1  0 0
   159  -21.48831550933757       4   0 3  0 0  0 1  0 0
   160  0.1362985617875459E-02   4   2 0  1 0  0 1  0 0
   161  0.1360986491110643E-01   4   1 1  1 0  0 1  0 0
   162  0.1076412867428439E-01   4   0 2  1 0  0 1  0 0
   163  0.6277877847452135       4   1 0  2 0  0 1  0 0
   164  -1.295896221722812       4   0 1  2 0  0 1  0 0
   165  -.4934144900743921E-03   4   0 0  3 0  0 1  0 0
   166  0.6893430913666987E-02   4   2 0  0 1  0 1  0 0
   167  0.2224569507401053E-01   4   1 1  0 1  0 1  0 0
   168  0.1414925692942228E-01   4   0 2  0 1  0 1  0 0
   169   6.792794870559332       4   1 0  1 1  0 1  0 0
   170   2.933789147317928       4   0 1  1 1  0 1  0 0
   171  -.5361255964655642E-02   4   0 0  2 1  0 1  0 0
   172   5.386897069514896       4   1 0  0 2  0 1  0 0
   173   1.878029959650503       4   0 1  0 2  0 1  0 0
   174  -.8366426823856760E-02   4   0 0  1 2  0 1  0 0
   175  -.3606564057563315E-02   4   0 0  0 3  0 1  0 0
   176  -5.783834415563788       4   3 0  0 0  0 0  1 0
   177  -27.78100781774102       4   2 1  0 0  0 0  1 0
   178  -42.00597426535841       4   1 2  0 0  0 0  1 0
   179  -21.45939754703489       4   0 3  0 0  0 0  1 0
   180  0.1361151376066126E-02   4   2 0  1 0  0 0  1 0
   181  0.1359154939631963E-01   4   1 1  1 0  0 0  1 0
   182  0.1074964281721029E-01   4   0 2  1 0  0 0  1 0
   183  0.6269429375311392       4   1 0  2 0  0 0  1 0
   184  -1.294152265661078       4   0 1  2 0  0 0  1 0
   185  -.4927504761074687E-03   4   0 0  3 0  0 0  1 0
   186  0.6884154059219450E-02   4   2 0  0 1  0 0  1 0
   187  0.2221575786598310E-01   4   1 1  0 1  0 0  1 0
   188  0.1413021552627799E-01   4   0 2  0 1  0 0  1 0
   189   6.783653447355880       4   1 0  1 1  0 0  1 0
   190   2.929840992148167       4   0 1  1 1  0 0  1 0
   191  -.5354041039045648E-02   4   0 0  2 1  0 0  1 0
   192   5.379647637314405       4   1 0  0 2  0 0  1 0
   193   1.875502595439290       4   0 1  0 2  0 0  1 0
   194  -.8355167680933251E-02   4   0 0  1 2  0 0  1 0
   195  -.3601710513626122E-02   4   0 0  0 3  0 0  1 0
   196   11.57212371330160       4   3 0  0 0  0 0  0 1
   197   40.96861779150237       4   2 1  0 0  0 0  0 1
   198   46.56002777187864       4   1 2  0 0  0 0  0 1
   199   17.51691021189205       4   0 3  0 0  0 0  0 1
   200  0.1960698134998768E-02   4   2 0  1 0  0 0  0 1
   201  0.4198164357514654E-02   4   1 1  1 0  0 0  0 1
   202  0.2245960882483476E-02   4   0 2  1 0  0 0  0 1
   203  -1.250060390427398       4   1 0  2 0  0 0  0 1
   204   2.001678144812701       4   0 1  2 0  0 0  0 1
   205  -.9373382046506807E-04   4   0 0  3 0  0 0  0 1
   206  0.2156914180649419E-02   4   2 0  0 1  0 0  0 1
   207  0.4484283774970195E-02   4   1 1  0 1  0 0  0 1
   208  0.2351280603519119E-02   4   0 2  0 1  0 0  0 1
   209  -7.552858477362962       4   1 0  1 1  0 0  0 1
   210  -1.975562089486973       4   0 1  1 1  0 0  0 1
   211  -.3569207195166059E-03   4   0 0  2 1  0 0  0 1
   212  -4.775911986001915       4   1 0  0 2  0 0  0 1
   213  -2.124804966382944       4   0 1  0 2  0 0  0 1
   214  -.3913172726790668E-03   4   0 0  1 2  0 0  0 1
   215  -.1183174769492290E-03   4   0 0  0 3  0 0  0 1
   216  -.1154430969446729       4   2 0  0 0  0 2  0 0
   217  -.4547417588030864       4   1 1  0 0  0 2  0 0
   218  -.3552703872873348       4   0 2  0 0  0 2  0 0
   219  -.3191083275940100E-03   4   1 0  1 0  0 2  0 0
   220  -.1964402104419017E-03   4   0 1  1 0  0 2  0 0
   221  0.4464726286284428E-01   4   0 0  2 0  0 2  0 0
   222  0.4665349859384811E-03   4   1 0  0 1  0 2  0 0
   223  0.5441785760282832E-03   4   0 1  0 1  0 2  0 0
   224  0.2244140261841872       4   0 0  1 1  0 2  0 0
   225  0.1925533006402831       4   0 0  0 2  0 2  0 0
   226  -.1001302598404692       4   2 0  0 0  0 1  1 0
   227  -.4974479992883439       4   1 1  0 0  0 1  1 0
   228  -.4453715133742115       4   0 2  0 0  0 1  1 0
   229  -.4773525970307847E-03   4   1 0  1 0  0 1  1 0
   230  -.3087890605103342E-03   4   0 1  1 0  0 1  1 0
   231  0.2719037543637076E-01   4   0 0  2 0  0 1  1 0
   232  0.4902170563032240E-03   4   1 0  0 1  0 1  1 0
   233  0.6838203679695607E-03   4   0 1  0 1  0 1  1 0
   234  0.2182597040214046       4   0 0  1 1  0 1  1 0
   235  0.2276452255104528       4   0 0  0 2  0 1  1 0
   236  -.1152203637730868       4   2 0  0 0  0 0  2 0
   237  -.4537950677385513       4   1 1  0 0  0 0  2 0
   238  -.3544926011468980       4   0 2  0 0  0 0  2 0
   239  -.3183576873316740E-03   4   1 0  1 0  0 0  2 0
   240  -.1959680735820825E-03   4   0 1  1 0  0 0  2 0
   241  0.4456888291772370E-01   4   0 0  2 0  0 0  2 0
   242  0.4655772896358278E-03   4   1 0  0 1  0 0  2 0
   243  0.5429861195349693E-03   4   0 1  0 1  0 0  2 0
   244  0.2239651585522905       4   0 0  1 1  0 0  2 0
   245  0.1921409943750319       4   0 0  0 2  0 0  2 0
   246  0.1979005467939506       4   2 0  0 0  0 1  0 1
   247  0.5805866525765766       4   1 1  0 0  0 1  0 1
   248  0.3610350051334630       4   0 2  0 0  0 1  0 1
   249  0.8432211068234781E-03   4   1 0  1 0  0 1  0 1
   250  0.8241824697247593E-03   4   0 1  1 0  0 1  0 1
   251  -.5492979119779504E-01   4   0 0  2 0  0 1  0 1
   252  0.4851953650289659E-04   4   1 0  0 1  0 1  0 1
   253  0.1718664635787944E-03   4   0 1  0 1  0 1  0 1
   254  -.2055999936589134       4   0 0  1 1  0 1  0 1
   255  -.1402116658993434       4   0 0  0 2  0 1  0 1
   256  0.1976342215647999       4   2 0  0 0  0 0  1 1
   257  0.5798053264216307       4   1 1  0 0  0 0  1 1
   258  0.3605491412385408       4   0 2  0 0  0 0  1 1
   259  0.8420863395975481E-03   4   1 0  1 0  0 0  1 1
   260  0.8230733237993765E-03   4   0 1  1 0  0 0  1 1
   261  -.5485586927355295E-01   4   0 0  2 0  0 0  1 1
   262  0.4845424119731713E-04   4   1 0  0 1  0 0  1 1
   263  0.1716351737918958E-03   4   0 1  0 1  0 0  1 1
   264  -.2053233068770401       4   0 0  1 1  0 0  1 1
   265  -.1400229756473234       4   0 0  0 2  0 0  1 1
   266  -.6644418810604767E-01   4   2 0  0 0  0 0  0 2
   267  -.1163325816920833       4   1 1  0 0  0 0  0 2
   268  -.5090090444459848E-01   4   0 2  0 0  0 0  0 2
   269  -.7020633964000282E-03   4   1 0  1 0  0 0  0 2
   270  -.6703384507505059E-03   4   0 1  1 0  0 0  0 2
   271  -.7209592808817607E-02   4   0 0  2 0  0 0  0 2
   272  -.5628319652966763E-03   4   1 0  0 1  0 0  0 2
   273  -.5473688111261013E-03   4   0 1  0 1  0 0  0 2
   274  -.1507397160585840E-01   4   0 0  1 1  0 0  0 2
   275  -.7574853957775501E-02   4   0 0  0 2  0 0  0 2
   276  -.2925144389568207       4   1 0  0 0  0 3  0 0
   277  -1.112667480483646       4   0 1  0 0  0 3  0 0
   278  -.1319101305052085E-04   4   0 0  1 0  0 3  0 0
   279  -.2800485158665032E-04   4   0 0  0 1  0 3  0 0
   280  -.2077586425026777       4   1 0  0 0  0 2  1 0
   281  -1.010509779329916       4   0 1  0 0  0 2  1 0
   282  -.8794717946407397E-05   4   0 0  1 0  0 2  1 0
   283  -.2775383142801655E-04   4   0 0  0 1  0 2  1 0
   284  -.2079289383996183       4   1 0  0 0  0 1  2 0
   285  -1.010712975213465       4   0 1  0 0  0 1  2 0
   286  -.8803556602157006E-05   4   0 0  1 0  0 1  2 0
   287  -.2775426206735259E-04   4   0 0  0 1  0 1  2 0
   288  -.2917843533298007       4   1 0  0 0  0 0  3 0
   289  -1.109742385477599       4   0 1  0 0  0 0  3 0
   290  -.1315847550643171E-04   4   0 0  1 0  0 0  3 0
   291  -.2792967043924139E-04   4   0 0  0 1  0 0  3 0
   292  0.4154532235253307       4   1 0  0 0  0 2  0 1
   293  0.8572016918297303       4   0 1  0 0  0 2  0 1
   294  0.1616734540511794E-04   4   0 0  1 0  0 2  0 1
   295  0.3042973991523009E-04   4   0 0  0 1  0 2  0 1
   296  0.3322989743713115       4   1 0  0 0  0 1  1 1
   297  0.9077937055701135       4   0 1  0 0  0 1  1 1
   298  0.1185960574187193E-04   4   0 0  1 0  0 1  1 1
   299  0.3041529841994294E-04   4   0 0  0 1  0 1  1 1
   300  0.4146705300072396       4   1 0  0 0  0 0  2 1
   301  0.8554372771983181       4   0 1  0 0  0 0  2 1
   302  0.1613760810437047E-04   4   0 0  1 0  0 0  2 1
   303  0.3036832326776088E-04   4   0 0  0 1  0 0  2 1
   304  -.8276655185542597E-01   4   1 0  0 0  0 1  0 2
   305  -.1013894369642168       4   0 1  0 0  0 1  0 2
   306  -.9115365107051820E-06   4   0 0  1 0  0 1  0 2
   307  -.1627613871677460E-05   4   0 0  0 1  0 1  0 2
   308  -.8265516853058980E-01   4   1 0  0 0  0 0  1 2
   309  -.1012529918382677       4   0 1  0 0  0 0  1 2
   310  -.9103098078282487E-06   4   0 0  1 0  0 0  1 2
   311  -.1625423505635700E-05   4   0 0  0 1  0 0  1 2
   312  0.2979404360156178E-02   4   1 0  0 0  0 0  0 3
   313  0.2398997168904258E-02   4   0 1  0 0  0 0  0 3
   314  0.1882043804091487E-06   4   0 0  1 0  0 0  0 3
   315  0.1520580164007345E-06   4   0 0  0 1  0 0  0 3
   316  -.3571451087394072E-04   4   0 0  0 0  0 4  0 0
   317  -.2527798895558915E-04   4   0 0  0 0  0 3  1 0
   318  -.2390760084963819E-04   4   0 0  0 0  0 2  2 0
   319  -.2530777086655383E-04   4   0 0  0 0  0 1  3 0
   320  -.3560144220564309E-04   4   0 0  0 0  0 0  4 0
   321  0.1141086002371237E-04   4   0 0  0 0  0 3  0 1
   322  0.1209717545565418E-04   4   0 0  0 0  0 2  1 1
   323  0.1209575904073842E-04   4   0 0  0 0  0 1  2 1
   324  0.1137969679114618E-04   4   0 0  0 0  0 0  3 1
   325  -.1046263802654579E-05   4   0 0  0 0  0 2  0 2
   326  -.1308492485793967E-05   4   0 0  0 0  0 1  1 2
   327  -.1043975336377532E-05   4   0 0  0 0  0 0  2 2
   328  0.3288722354980640E-07   4   0 0  0 0  0 1  0 3
   329  0.3284296547427423E-07   4   0 0  0 0  0 0  1 3
   330  -.8745439384111181E-14   4   0 0  0 0  0 0  0 4
   ----------------------------------------------------
     I  COEFFICIENT            ORDER EXPONENTS
     1  0.5204821102654965E-04   0   0 0  0 0  0 0  0 0
     2   3.647163584244291       1   1 0  0 0  0 0  0 0
     3   4.334060980614936       1   0 1  0 0  0 0  0 0
     4  0.1040502768641747E-03   1   0 0  1 0  0 0  0 0
     5  0.9591227048818061E-04   1   0 0  0 1  0 0  0 0
     6  0.2929497552110117E-05   1   0 0  0 0  0 1  0 0
     7  0.2925555172366680E-05   1   0 0  0 0  0 0  1 0
     8  0.4619315831177096E-04   1   0 0  0 0  0 0  0 1
     9  -1.021426340009994       2   2 0  0 0  0 0  0 0
    10  -1.866169817983439       2   1 1  0 0  0 0  0 0
    11  -.8565050398182436       2   0 2  0 0  0 0  0 0
    12  0.4838357891449369E-02   2   1 0  1 0  0 0  0 0
    13  0.3539481343237901E-02   2   0 1  1 0  0 0  0 0
    14  0.6017361611624503       2   0 0  2 0  0 0  0 0
    15  0.4534927632458288E-02   2   1 0  0 1  0 0  0 0
    16  0.3433469705563046E-02   2   0 1  0 1  0 0  0 0
    17   1.099077775627143       2   0 0  1 1  0 0  0 0
    18  0.5073282051079500       2   0 0  0 2  0 0  0 0
    19  -.2663366751577694       2   1 0  0 0  0 1  0 0
    20  -1.893433866851002       2   0 1  0 0  0 1  0 0
    21  -.6677204923472430E-05   2   0 0  1 0  0 1  0 0
    22  -.5450882056782486E-04   2   0 0  0 1  0 1  0 0
    23  -.2659782518123477       2   1 0  0 0  0 0  1 0
    24  -1.890885772787435       2   0 1  0 0  0 0  1 0
    25  -.6668219055771968E-05   2   0 0  1 0  0 0  1 0
    26  -.5443546516601622E-04   2   0 0  0 1  0 0  1 0
    27   4.179478511416758       2   1 0  0 0  0 0  0 1
    28   3.784319639837814       2   0 1  0 0  0 0  0 1
    29  0.1173955360341427E-03   2   0 0  1 0  0 0  0 1
    30  0.1089441215032682E-03   2   0 0  0 1  0 0  0 1
    31  -.2348346855039375E-05   2   0 0  0 0  0 2  0 0
    32  -.1768749695849246E-05   2   0 0  0 0  0 1  1 0
    33  -.2343996410523752E-05   2   0 0  0 0  0 0  2 0
    34  0.6465445295206525E-05   2   0 0  0 0  0 1  0 1
    35  0.6456744403634019E-05   2   0 0  0 0  0 0  1 1
    36  -.6461094590793701E-05   2   0 0  0 0  0 0  0 2
    37  -21.88797081493891       3   3 0  0 0  0 0  0 0
    38  -63.23159480304043       3   2 1  0 0  0 0  0 0
    39  -62.48671543226234       3   1 2  0 0  0 0  0 0
    40  -19.35155129591821       3   0 3  0 0  0 0  0 0
    41  -.7422041358899512E-01   3   2 0  1 0  0 0  0 0
    42  -.1338851848206194       3   1 1  1 0  0 0  0 0
    43  -.6065650377343807E-01   3   0 2  1 0  0 0  0 0
    44  -22.85011957185250       3   1 0  2 0  0 0  0 0
    45  -17.63472970916795       3   0 1  2 0  0 0  0 0
    46  0.1477003931735443E-01   3   0 0  3 0  0 0  0 0
    47  -.7044943432482006E-01   3   2 0  0 1  0 0  0 0
    48  -.1282790189035831       3   1 1  0 1  0 0  0 0
    49  -.5860871125504642E-01   3   0 2  0 1  0 0  0 0
    50  -49.66119490477085       3   1 0  1 1  0 0  0 0
    51  -40.54908036105805       3   0 1  1 1  0 0  0 0
    52  0.3997607903866739E-01   3   0 0  2 1  0 0  0 0
    53  -23.92960894233126       3   1 0  0 2  0 0  0 0
    54  -18.49323587706943       3   0 1  0 2  0 0  0 0
    55  0.3644314212931392E-01   3   0 0  1 2  0 0  0 0
    56  0.1124435711381087E-01   3   0 0  0 3  0 0  0 0
    57  0.2048558530505111       3   2 0  0 0  0 1  0 0
    58   1.297996304494760       3   1 1  0 0  0 1  0 0
    59   1.018949440584364       3   0 2  0 0  0 1  0 0
    60  -.1727314295110251E-02   3   1 0  1 0  0 1  0 0
    61  -.3017183709775810E-02   3   0 1  1 0  0 1  0 0
    62  0.2302994547333109E-01   3   0 0  2 0  0 1  0 0
    63  -.4188355076009069E-02   3   1 0  0 1  0 1  0 0
    64  -.4932758591671750E-02   3   0 1  0 1  0 1  0 0
    65  -.4996074628973035       3   0 0  1 1  0 1  0 0
    66  -.4816143348122721       3   0 0  0 2  0 1  0 0
    67  0.2045801676979916       3   2 0  0 0  0 0  1 0
    68   1.296249522240605       3   1 1  0 0  0 0  1 0
    69   1.017578186448643       3   0 2  0 0  0 0  1 0
    70  -.1724989756937389E-02   3   1 0  1 0  0 0  1 0
    71  -.3013123326134133E-02   3   0 1  1 0  0 0  1 0
    72  0.2299895285807665E-01   3   0 0  2 0  0 0  1 0
    73  -.4182718585138104E-02   3   1 0  0 1  0 0  1 0
    74  -.4926120317631929E-02   3   0 1  0 1  0 0  1 0
    75  -.4989351147194205       3   0 0  1 1  0 0  1 0
    76  -.4809662009381790       3   0 0  0 2  0 0  1 0
    77  -1.430865693090963       3   2 0  0 0  0 0  0 1
    78  -2.594251458577870       3   1 1  0 0  0 0  0 1
    79  -1.180024968559018       3   0 2  0 0  0 0  0 1
    80  0.8285780932822447E-02   3   1 0  1 0  0 0  0 1
    81  0.6025468829699486E-02   3   0 1  1 0  0 0  0 1
    82  0.5557090636548679       3   0 0  2 0  0 0  0 1
    83  0.8365773283168140E-02   3   1 0  0 1  0 0  0 1
    84  0.6420083676341942E-02   3   0 1  0 1  0 0  0 1
    85  0.9985456143160915       3   0 0  1 1  0 0  0 1
    86  0.4552536050786438       3   0 0  0 2  0 0  0 1
    87  0.2063710375652911       3   1 0  0 0  0 2  0 0
    88   1.537897927171779       3   0 1  0 0  0 2  0 0
    89  0.4539677363944199E-05   3   0 0  1 0  0 2  0 0
    90  0.4365931708475632E-04   3   0 0  0 1  0 2  0 0
    91  0.1465657908064674       3   1 0  0 0  0 1  1 0
    92   1.183315067467851       3   0 1  0 0  0 1  1 0
    93  0.2365127290310305E-05   3   0 0  1 0  0 1  1 0
    94  0.3282531970632594E-04   3   0 0  0 1  0 1  1 0
    95  0.2059946924819344       3   1 0  0 0  0 0  2 0
    96   1.535032071794961       3   0 1  0 0  0 0  2 0
    97  0.4531976641677331E-05   3   0 0  1 0  0 0  2 0
    98  0.4357847504928648E-04   3   0 0  0 1  0 0  2 0
    99  -.5593068108807392       3   1 0  0 0  0 1  0 1
   100  -2.365676148921814       3   0 1  0 0  0 1  0 1
   101  -.1154559237457305E-04   3   0 0  1 0  0 1  0 1
   102  -.6575448301376272E-04   3   0 0  0 1  0 1  0 1
   103  -.5585541221338625       3   1 0  0 0  0 0  1 1
   104  -2.362492533451041       3   0 1  0 0  0 0  1 1
   105  -.1153005486047966E-04   3   0 0  1 0  0 0  1 1
   106  -.6566599372942372E-04   3   0 0  0 1  0 0  1 1
   107  0.5589298522083846       3   1 0  0 0  0 0  0 2
   108  0.4719240055235029       3   0 1  0 0  0 0  0 2
   109  0.1155483186113855E-04   3   0 0  1 0  0 0  0 2
   110  0.1130212058900409E-04   3   0 0  0 1  0 0  0 2
   111  0.2059231551666375E-05   3   0 0  0 0  0 3  0 0
   112  0.1483498086629631E-05   3   0 0  0 0  0 2  1 0
   113  0.1484654685015373E-05   3   0 0  0 0  0 1  2 0
   114  0.2054077861456161E-05   3   0 0  0 0  0 0  3 0
   115  -.5317324431254748E-05   3   0 0  0 0  0 2  0 1
   116  -.4173172649318336E-05   3   0 0  0 0  0 1  1 1
   117  -.5307360597093431E-05   3   0 0  0 0  0 0  2 1
   118  0.4173362407607167E-05   3   0 0  0 0  0 1  0 2
   119  0.4167746093162380E-05   3   0 0  0 0  0 0  1 2
   120  -.6268907186593014E-06   3   0 0  0 0  0 0  0 3
   121  -111.7294315399915       4   4 0  0 0  0 0  0 0
   122  -414.3214315101584       4   3 1  0 0  0 0  0 0
   123  -578.3264350078917       4   2 2  0 0  0 0  0 0
   124  -360.9750894379623       4   1 3  0 0  0 0  0 0
   125  -85.18588063566189       4   0 4  0 0  0 0  0 0
   126  -.5187601078157438E-01   4   3 0  1 0  0 0  0 0
   127  -.1349762730784728       4   2 1  1 0  0 0  0 0
   128  -.1174303130541671       4   1 2  1 0  0 0  0 0
   129  -.3228258725126703E-01   4   0 3  1 0  0 0  0 0
   130   409.6800605414674       4   2 0  2 0  0 0  0 0
   131   732.8199369134891       4   1 1  2 0  0 0  0 0
   132   329.2989182587031       4   0 2  2 0  0 0  0 0
   133  0.3821076567160882E-01   4   1 0  3 0  0 0  0 0
   134  0.3699175893524690E-01   4   0 1  3 0  0 0  0 0
   135  -44.81348115305115       4   0 0  4 0  0 0  0 0
   136  -.4904697622447252E-01   4   3 0  0 1  0 0  0 0
   137  -.1296677491489594       4   2 1  0 1  0 0  0 0
   138  -.1127041210773183       4   1 2  0 1  0 0  0 0
   139  -.3069316517271987E-01   4   0 3  0 1  0 0  0 0
   140   771.4401084314267       4   2 0  1 1  0 0  0 0
   141   1390.834116024540       4   1 1  1 1  0 0  0 0
   142   630.4134836984325       4   0 2  1 1  0 0  0 0
   143  0.1113471898366314       4   1 0  2 1  0 0  0 0
   144  0.1079754478288176       4   0 1  2 1  0 0  0 0
   145  -160.7398876543484       4   0 0  3 1  0 0  0 0
   146   366.0280153700500       4   2 0  0 2  0 0  0 0
   147   664.1408345705976       4   1 1  0 2  0 0  0 0
   148   303.1509368670612       4   0 2  0 2  0 0  0 0
   149  0.1081512310240343       4   1 0  1 2  0 0  0 0
   150  0.1065284311211941       4   0 1  1 2  0 0  0 0
   151  -218.2485407921827       4   0 0  2 2  0 0  0 0
   152  0.3707316859946204E-01   4   1 0  0 3  0 0  0 0
   153  0.3705419537889099E-01   4   0 1  0 3  0 0  0 0
   154  -132.4717313439034       4   0 0  1 3  0 0  0 0
   155  -30.21667247113712       4   0 0  0 4  0 0  0 0
   156   18.28036937734995       4   3 0  0 0  0 1  0 0
   157   83.48270197335087       4   2 1  0 0  0 1  0 0
   158   111.5699440929465       4   1 2  0 0  0 1  0 0
   159   44.40279747243486       4   0 3  0 0  0 1  0 0
   160  -.6388680623560242E-02   4   2 0  1 0  0 1  0 0
   161  0.4720121820497303E-01   4   1 1  1 0  0 1  0 0
   162  0.4771423622275488E-01   4   0 2  1 0  0 1  0 0
   163   6.383679489270949       4   1 0  2 0  0 1  0 0
   164   12.62174857119744       4   0 1  2 0  0 1  0 0
   165  0.1279838804295890E-02   4   0 0  3 0  0 1  0 0
   166  0.2306535407807234E-01   4   2 0  0 1  0 1  0 0
   167  0.9746313080479212E-01   4   1 1  0 1  0 1  0 0
   168  0.6960665815526244E-01   4   0 2  0 1  0 1  0 0
   169   41.53022389224108       4   1 0  1 1  0 1  0 0
   170   52.57190186102972       4   0 1  1 1  0 1  0 0
   171  -.1374938508341071E-01   4   0 0  2 1  0 1  0 0
   172   33.45077830852744       4   1 0  0 2  0 1  0 0
   173   35.07433798305470       4   0 1  0 2  0 1  0 0
   174  -.2789440642708763E-01   4   0 0  1 2  0 1  0 0
   175  -.1327109304030251E-01   4   0 0  0 3  0 1  0 0
   176   18.25576851776374       4   3 0  0 0  0 0  1 0
   177   83.37035488743298       4   2 1  0 0  0 0  1 0
   178   111.4197985202906       4   1 2  0 0  0 0  1 0
   179   44.34304228022634       4   0 3  0 0  0 0  1 0
   180  -.6380083038265351E-02   4   2 0  1 0  0 0  1 0
   181  0.4713769703002880E-01   4   1 1  1 0  0 0  1 0
   182  0.4765002465234023E-01   4   0 2  1 0  0 0  1 0
   183   6.375088634266706       4   1 0  2 0  0 0  1 0
   184   12.60476281681273       4   0 1  2 0  0 0  1 0
   185  0.1278116457549784E-02   4   0 0  3 0  0 0  1 0
   186  0.2303431381158639E-01   4   2 0  0 1  0 0  1 0
   187  0.9733196951663306E-01   4   1 1  0 1  0 0  1 0
   188  0.6951298479516516E-01   4   0 2  0 1  0 0  1 0
   189   41.47433447417851       4   1 0  1 1  0 0  1 0
   190   52.50115307313300       4   0 1  1 1  0 0  1 0
   191  -.1373088180895153E-01   4   0 0  2 1  0 0  1 0
   192   33.40576182756033       4   1 0  0 2  0 0  1 0
   193   35.02713659199336       4   0 1  0 2  0 0  1 0
   194  -.2785686744953589E-01   4   0 0  1 2  0 0  1 0
   195  -.1325323342873381E-01   4   0 0  0 3  0 0  1 0
   196  -58.43662277833808       4   3 0  0 0  0 0  0 1
   197  -166.8927094339558       4   2 1  0 0  0 0  0 1
   198  -160.5450755911840       4   1 2  0 0  0 0  0 1
   199  -50.05764916558944       4   0 3  0 0  0 0  0 1
   200  -.8248854870059405E-03   4   2 0  1 0  0 0  0 1
   201  -.1363309005020069E-02   4   1 1  1 0  0 0  0 1
   202  -.5420657271927087E-03   4   0 2  1 0  0 0  0 1
   203  -35.58594000269458       4   1 0  2 0  0 0  0 1
   204  -25.20427629447083       4   0 1  2 0  0 0  0 1
   205  -.1053788882967488E-02   4   0 0  3 0  0 0  0 1
   206  -.3135607398283894E-03   4   2 0  0 1  0 0  0 1
   207  -.6626318718019797E-03   4   1 1  0 1  0 0  0 1
   208  -.2690512374191030E-03   4   0 2  0 1  0 0  0 1
   209  -82.95569125782426       4   1 0  1 1  0 0  0 1
   210  -64.47573617830625       4   0 1  1 1  0 0  0 1
   211  -.3238972200050142E-02   4   0 0  2 1  0 0  0 1
   212  -42.90049371239943       4   1 0  0 2  0 0  0 1
   213  -33.08852419665428       4   0 1  0 2  0 0  0 1
   214  -.3257887913194014E-02   4   0 0  1 2  0 0  0 1
   215  -.1017032890197430E-02   4   0 0  0 3  0 0  0 1
   216  -.1656930610742925       4   2 0  0 0  0 2  0 0
   217  -1.173662928129420       4   1 1  0 0  0 2  0 0
   218  -1.147093170630308       4   0 2  0 0  0 2  0 0
   219  -.1002690551102551E-02   4   1 0  1 0  0 2  0 0
   220  0.9391469291206439E-03   4   0 1  1 0  0 2  0 0
   221  -.1266247547567545E-01   4   0 0  2 0  0 2  0 0
   222  0.1482774851675490E-02   4   1 0  0 1  0 2  0 0
   223  0.3727257196331696E-02   4   0 1  0 1  0 2  0 0
   224  0.3584196710549126       4   0 0  1 1  0 2  0 0
   225  0.4661975288515673       4   0 0  0 2  0 2  0 0
   226  -.1300252039851596       4   2 0  0 0  0 1  1 0
   227  -1.057686298085092       4   1 1  0 0  0 1  1 0
   228  -1.279207697272297       4   0 2  0 0  0 1  1 0
   229  -.1198640864461821E-02   4   1 0  1 0  0 1  1 0
   230  0.9634702051970298E-03   4   0 1  1 0  0 1  1 0
   231  -.1542863999847254E-02   4   0 0  2 0  0 1  1 0
   232  0.1539806945245718E-02   4   1 0  0 1  0 1  1 0
   233  0.4900772824455823E-02   4   0 1  0 1  0 1  1 0
   234  0.2182640445857741       4   0 0  1 1  0 1  1 0
   235  0.4509404460666013       4   0 0  0 2  0 1  1 0
   236  -.1653825882657077       4   2 0  0 0  0 0  2 0
   237  -1.171371775687068       4   1 1  0 0  0 0  2 0
   238  -1.144688717985878       4   0 2  0 0  0 0  2 0
   239  -.1000534640221337E-02   4   1 0  1 0  0 0  2 0
   240  0.9372347730462108E-03   4   0 1  1 0  0 0  2 0
   241  -.1264439675611386E-01   4   0 0  2 0  0 0  2 0
   242  0.1479743303351704E-02   4   1 0  0 1  0 0  2 0
   243  0.3718943614705554E-02   4   0 1  0 1  0 0  2 0
   244  0.3577904620209519       4   0 0  1 1  0 0  2 0
   245  0.4652667149882521       4   0 0  0 2  0 0  2 0
   246  0.4663450150442456       4   2 0  0 0  0 1  0 1
   247   2.120874198633168       4   1 1  0 0  0 1  0 1
   248   1.543754501061619       4   0 2  0 0  0 1  0 1
   249  0.1611739505385486E-02   4   1 0  1 0  0 1  0 1
   250  -.1490168167390505E-02   4   0 1  1 0  0 1  0 1
   251  0.2626473394023639E-01   4   0 0  2 0  0 1  0 1
   252  -.2098532961885350E-02   4   1 0  0 1  0 1  0 1
   253  -.4370159814622640E-02   4   0 1  0 1  0 1  0 1
   254  -.4349043593748925       4   0 0  1 1  0 1  0 1
   255  -.4195619649468346       4   0 0  0 2  0 1  0 1
   256  0.4657174299010587       4   2 0  0 0  0 0  1 1
   257   2.118020026089951       4   1 1  0 0  0 0  1 1
   258   1.541676989008705       4   0 2  0 0  0 0  1 1
   259  0.1609570502317791E-02   4   1 0  1 0  0 0  1 1
   260  -.1488162769300024E-02   4   0 1  1 0  0 0  1 1
   261  0.2622938809911194E-01   4   0 0  2 0  0 0  1 1
   262  -.2095708855125679E-02   4   1 0  0 1  0 0  1 1
   263  -.4364278659502617E-02   4   0 1  0 1  0 0  1 1
   264  -.4343190855843807       4   0 0  1 1  0 0  1 1
   265  -.4189973382276806       4   0 0  0 2  0 0  1 1
   266  -.4709632056851717       4   2 0  0 0  0 0  0 2
   267  -.8336979592278734       4   1 1  0 0  0 0  0 2
   268  -.3687839618243639       4   0 2  0 0  0 0  0 2
   269  -.2092940680773531E-04   4   1 0  1 0  0 0  0 2
   270  -.8566604910436699E-04   4   0 1  1 0  0 0  0 2
   271  -.2564373649788617E-01   4   0 0  2 0  0 0  0 2
   272  -.1897360570327910E-04   4   1 0  0 1  0 0  0 2
   273  -.7040193348723701E-04   4   0 1  0 1  0 0  0 2
   274  -.6456592206966696E-01   4   0 0  1 1  0 0  0 2
   275  -.3622637188070518E-01   4   0 0  0 2  0 0  0 2
   276  -.1765312624516364       4   1 0  0 0  0 3  0 0
   277  -1.363072664804618       4   0 1  0 0  0 3  0 0
   278  -.5668750170415110E-05   4   0 0  1 0  0 3  0 0
   279  -.4466408266204245E-04   4   0 0  0 1  0 3  0 0
   280  -.1168111827196015       4   1 0  0 0  0 2  1 0
   281  -1.013563945426089       4   0 1  0 0  0 2  1 0
   282  -.2955903798009081E-05   4   0 0  1 0  0 2  1 0
   283  -.3139368849668556E-04   4   0 0  0 1  0 2  1 0
   284  -.1169312558621689       4   1 0  0 0  0 1  2 0
   285  -1.014265771079493       4   0 1  0 0  0 1  2 0
   286  -.2961364629611445E-05   4   0 0  1 0  0 1  2 0
   287  -.3142035516988578E-04   4   0 0  0 1  0 1  2 0
   288  -.1760964177698897       4   1 0  0 0  0 0  3 0
   289  -1.359640042549134       4   0 1  0 0  0 0  3 0
   290  -.5655320790725861E-05   4   0 0  1 0  0 0  3 0
   291  -.4455282684477817E-04   4   0 0  0 1  0 0  3 0
   292  0.4399443436468846       4   1 0  0 0  0 2  0 1
   293   2.026876902005227       4   0 1  0 0  0 2  0 1
   294  0.8470872405766165E-05   4   0 0  1 0  0 2  0 1
   295  0.5824715326997358E-04   4   0 0  0 1  0 2  0 1
   296  0.3208419603236609       4   1 0  0 0  0 1  1 1
   297   1.688926104308935       4   0 1  0 0  0 1  1 1
   298  0.5463467155680329E-05   4   0 0  1 0  0 1  1 1
   299  0.4577088305728832E-04   4   0 0  0 1  0 1  1 1
   300  0.4391364002883356       4   1 0  0 0  0 0  2 1
   301   2.023012788016476       4   0 1  0 0  0 0  2 1
   302  0.8455796466593759E-05   4   0 0  1 0  0 0  2 1
   303  0.5813796884753994E-04   4   0 0  0 1  0 0  2 1
   304  -.3206389750579302       4   1 0  0 0  0 1  0 2
   305  -.5055854174844234       4   0 1  0 0  0 1  0 2
   306  -.3466688167002708E-05   4   0 0  1 0  0 1  0 2
   307  -.7365493340717784E-05   4   0 0  0 1  0 1  0 2
   308  -.3202074742364847       4   1 0  0 0  0 0  1 2
   309  -.5049050244569859       4   0 1  0 0  0 0  1 2
   310  -.3462022861446783E-05   4   0 0  1 0  0 0  1 2
   311  -.7355581206903443E-05   4   0 0  0 1  0 0  1 2
   312  0.2729430379683075E-01   4   1 0  0 0  0 0  0 3
   313  0.2220424471705346E-01   4   0 1  0 0  0 0  0 3
   314  0.1696021265956030E-05   4   0 0  1 0  0 0  0 3
   315  0.1388603106568303E-05   4   0 0  0 1  0 0  0 3
   316  -.4631693167157173E-04   4   0 0  0 0  0 4  0 0
   317  -.3043456557703568E-04   4   0 0  0 0  0 3  1 0
   318  -.2834029461545207E-04   4   0 0  0 0  0 2  2 0
   319  -.3047993610385309E-04   4   0 0  0 0  0 1  3 0
   320  -.4617187307952877E-04   4   0 0  0 0  0 0  4 0
   321  0.5797860992488985E-04   4   0 0  0 0  0 3  0 1
   322  0.4227506864161465E-04   4   0 0  0 0  0 2  1 1
   323  0.4230661076696878E-04   4   0 0  0 0  0 1  2 1
   324  0.5783316505798055E-04   4   0 0  0 0  0 0  3 1
   325  -.5850651753017189E-05   4   0 0  0 0  0 2  0 2
   326  -.7100792321299193E-05   4   0 0  0 0  0 1  1 2
   327  -.5838000265791160E-05   4   0 0  0 0  0 0  2 2
   328  0.6875166956368600E-07   4   0 0  0 0  0 1  0 3
   329  0.6865914680694111E-07   4   0 0  0 0  0 0  1 3
   330  0.3309990511088015E-12   4   0 0  0 0  0 0  0 4
   ----------------------------------------------------
     I  COEFFICIENT            ORDER EXPONENTS
     1  0.2320125227695398E-04   0   0 0  0 0  0 0  0 0
     2  0.2260197512826926E-04   1   1 0  0 0  0 0  0 0
     3  0.2003903690580773E-04   1   0 1  0 0  0 0  0 0
     4  0.3742647531681627       1   0 0  1 0  0 0  0 0
     5  0.5840374629481384       1   0 0  0 1  0 0  0 0
     6  -.2435684976644433E-04   1   0 0  0 0  0 1  0 0
     7  -.2432407146592722E-04   1   0 0  0 0  0 0  1 0
     8  0.4868092123255141E-04   1   0 0  0 0  0 0  0 1
     9  0.7273673051314152E-03   2   2 0  0 0  0 0  0 0
    10  0.1419042516049577E-02   2   1 1  0 0  0 0  0 0
    11  0.7357562233967863E-03   2   0 2  0 0  0 0  0 0
    12  0.2665052849136885       2   1 0  1 0  0 0  0 0
    13  0.2367657681553693       2   0 1  1 0  0 0  0 0
    14  0.1839592733882129E-03   2   0 0  2 0  0 0  0 0
    15  0.2444248621243090       2   1 0  0 1  0 0  0 0
    16  0.2185808004496791       2   0 1  0 1  0 0  0 0
    17  0.2939336735747393E-03   2   0 0  1 1  0 0  0 0
    18  0.1695101662870613E-03   2   0 0  0 2  0 0  0 0
    19  -.1258675542162213E-04   2   1 0  0 0  0 1  0 0
    20  -.2127273449832060E-04   2   0 1  0 0  0 1  0 0
    21  0.2808831934375593       2   0 0  1 0  0 1  0 0
    22  -.3830530355245196E-01   2   0 0  0 1  0 1  0 0
    23  -.1256981675936889E-04   2   1 0  0 0  0 0  1 0
    24  -.2124410665478195E-04   2   0 1  0 0  0 0  1 0
    25  0.2805051940733976       2   0 0  1 0  0 0  1 0
    26  -.3825375408019749E-01   2   0 0  0 1  0 0  1 0
    27  0.2515653929799706E-04   2   1 0  0 0  0 0  0 1
    28  0.2247777199443769E-04   2   0 1  0 0  0 0  0 1
    29  -.5613883875341127       2   0 0  1 0  0 0  0 1
    30  -.5074784053389132       2   0 0  0 1  0 0  0 1
    31  0.1704425702714788E-04   2   0 0  0 0  0 2  0 0
    32  0.9751307716387189E-05   2   0 0  0 0  0 1  1 0
    33  0.1701475824412843E-04   2   0 0  0 0  0 0  2 0
    34  -.1948298767280895E-04   2   0 0  0 0  0 1  0 1
    35  -.1945676838620028E-04   2   0 0  0 0  0 0  1 1
    36  -.4870574749355858E-05   2   0 0  0 0  0 0  0 2
    37  -.5450708412820872E-02   3   3 0  0 0  0 0  0 0
    38  -.1472404637978282E-01   3   2 1  0 0  0 0  0 0
    39  -.1330344338566940E-01   3   1 2  0 0  0 0  0 0
    40  -.4009753285728922E-02   3   0 3  0 0  0 0  0 0
    41  -7.127972087465640       3   2 0  1 0  0 0  0 0
    42  -14.72373652039049       3   1 1  1 0  0 0  0 0
    43  -8.007697547719653       3   0 2  1 0  0 0  0 0
    44  0.9803895667625438E-02   3   1 0  2 0  0 0  0 0
    45  0.8612599364115573E-02   3   0 1  2 0  0 0  0 0
    46  -1.406482869816982       3   0 0  3 0  0 0  0 0
    47  -7.464194875672737       3   2 0  0 1  0 0  0 0
    48  -14.70147237961602       3   1 1  0 1  0 0  0 0
    49  -7.387944269492804       3   0 2  0 1  0 0  0 0
    50  0.1777756386697966E-01   3   1 0  1 1  0 0  0 0
    51  0.1571868839960184E-01   3   0 1  1 1  0 0  0 0
    52  -3.220675581871947       3   0 0  2 1  0 0  0 0
    53  0.8175793618521450E-02   3   1 0  0 2  0 0  0 0
    54  0.7288164337207055E-02   3   0 1  0 2  0 0  0 0
    55  -2.985053984940163       3   0 0  1 2  0 0  0 0
    56  -.8239867803028855       3   0 0  0 3  0 0  0 0
    57  -.7591259009767455E-03   3   2 0  0 0  0 1  0 0
    58  -.2208546367012908E-02   3   1 1  0 0  0 1  0 0
    59  -.1487278180672475E-02   3   0 2  0 0  0 1  0 0
    60  -.1164199487399573       3   1 0  1 0  0 1  0 0
    61  -.2207732424938360       3   0 1  1 0  0 1  0 0
    62  -.4016440408591714E-03   3   0 0  2 0  0 1  0 0
    63  -.2321583896415422       3   1 0  0 1  0 1  0 0
    64  -.3159681301686552       3   0 1  0 1  0 1  0 0
    65  -.7109545140910531E-03   3   0 0  1 1  0 1  0 0
    66  -.3717389262534950E-03   3   0 0  0 2  0 1  0 0
    67  -.7581043051155712E-03   3   2 0  0 0  0 0  1 0
    68  -.2205574209397358E-02   3   1 1  0 0  0 0  1 0
    69  -.1485276671789914E-02   3   0 2  0 0  0 0  1 0
    70  -.1162632762596248       3   1 0  1 0  0 0  1 0
    71  -.2204761362687700       3   0 1  1 0  0 0  1 0
    72  -.4011035272378108E-03   3   0 0  2 0  0 0  1 0
    73  -.2318459618220082       3   1 0  0 1  0 0  1 0
    74  -.3155429151501361       3   0 1  0 1  0 0  1 0
    75  -.7099977450121148E-03   3   0 0  1 1  0 0  1 0
    76  -.3712386575259917E-03   3   0 0  0 2  0 0  1 0
    77  0.1516614933306547E-02   3   2 0  0 0  0 0  0 1
    78  0.2993812679780728E-02   3   1 1  0 0  0 0  0 1
    79  0.1500389298267714E-02   3   0 2  0 0  0 0  0 1
    80  0.2326836072780995       3   1 0  1 0  0 0  0 1
    81  0.2044839184458471       3   0 1  1 0  0 0  0 1
    82  0.8030370912043491E-03   3   0 0  2 0  0 0  0 1
    83  0.2195798018153935       3   1 0  0 1  0 0  0 1
    84  0.1943496956711543       3   0 1  0 1  0 0  0 1
    85  0.1127618240766394E-02   3   0 0  1 1  0 0  0 1
    86  0.4042692422421678E-03   3   0 0  0 2  0 0  0 1
    87  0.1011106002761517E-04   3   1 0  0 0  0 2  0 0
    88  0.2217745791187365E-04   3   0 1  0 0  0 2  0 0
    89  -.1951510371356143       3   0 0  1 0  0 2  0 0
    90  -.8533480165279859E-01   3   0 0  0 1  0 2  0 0
    91  0.7704456559820274E-05   3   1 0  0 0  0 1  1 0
    92  0.2316172975971922E-04   3   0 1  0 0  0 1  1 0
    93  -.1096492108667240       3   0 0  1 0  0 1  1 0
    94  -.2086422717353759       3   0 0  0 1  0 1  1 0
    95  0.1009226889227798E-04   3   1 0  0 0  0 0  2 0
    96  0.2213202755205857E-04   3   0 1  0 0  0 0  2 0
    97  -.1948146316967891       3   0 0  1 0  0 0  2 0
    98  -.8507957163025830E-01   3   0 0  0 1  0 0  2 0
    99  -.1547944148208950E-04   3   1 0  0 0  0 1  0 1
   100  -.2517185765898920E-04   3   0 1  0 0  0 1  0 1
   101  0.2190683479031900       3   0 0  1 0  0 1  0 1
   102  0.4559226790881392       3   0 0  0 1  0 1  0 1
   103  -.1545860997926364E-04   3   1 0  0 0  0 0  1 1
   104  -.2513798255926024E-04   3   0 1  0 0  0 0  1 1
   105  0.2187735360449155       3   0 0  1 0  0 0  1 1
   106  0.4553091198335139       3   0 0  0 1  0 0  1 1
   107  0.2984704994450667E-05   3   1 0  0 0  0 0  0 2
   108  0.2799840427179128E-05   3   0 1  0 0  0 0  0 2
   109  0.6177318241938608E-01   3   0 0  1 0  0 0  0 2
   110  0.5186242241014814E-01   3   0 0  0 1  0 0  0 2
   111  -.1341452054095318E-04   3   0 0  0 0  0 3  0 0
   112  -.6159044061475998E-05   3   0 0  0 0  0 2  1 0
   113  -.6173653737370157E-05   3   0 0  0 0  0 1  2 0
   114  -.1338330291454617E-04   3   0 0  0 0  0 0  3 0
   115  0.1231265167512960E-04   3   0 0  0 0  0 2  0 1
   116  0.5161291940522250E-05   3   0 0  0 0  0 1  1 1
   117  0.1229260897705528E-04   3   0 0  0 0  0 0  2 1
   118  0.4590206142380182E-05   3   0 0  0 0  0 1  0 2
   119  0.4584028859282692E-05   3   0 0  0 0  0 0  1 2
   120  0.1890616158723527E-06   3   0 0  0 0  0 0  0 3
   121  -.9737274246803885E-03   4   4 0  0 0  0 0  0 0
   122  -.1741726623564612E-02   4   3 1  0 0  0 0  0 0
   123  0.5282476870709625E-03   4   2 2  0 0  0 0  0 0
   124  0.3063229049046112E-02   4   1 3  0 0  0 0  0 0
   125  0.1763592822933301E-02   4   0 4  0 0  0 0  0 0
   126   64.02344747899662       4   3 0  1 0  0 0  0 0
   127   174.6433325511541       4   2 1  1 0  0 0  0 0
   128   159.6177896649234       4   1 2  1 0  0 0  0 0
   129   48.98404811118759       4   0 3  1 0  0 0  0 0
   130  0.1765534108039611E-01   4   2 0  2 0  0 0  0 0
   131  0.3516954399088861E-01   4   1 1  2 0  0 0  0 0
   132  0.1833433033875487E-01   4   0 2  2 0  0 0  0 0
   133  -38.99261662646531       4   1 0  3 0  0 0  0 0
   134  -34.14075301338163       4   0 1  3 0  0 0  0 0
   135  0.1197351800058917E-02   4   0 0  4 0  0 0  0 0
   136   59.92303353686043       4   3 0  0 1  0 0  0 0
   137   164.4152003362300       4   2 1  0 1  0 0  0 0
   138   151.2535277049084       4   1 2  0 1  0 0  0 0
   139   46.74500983991204       4   0 3  0 1  0 0  0 0
   140  0.2724764398544463E-01   4   2 0  1 1  0 0  0 0
   141  0.5382457524645690E-01   4   1 1  1 1  0 0  0 0
   142  0.2775493986951030E-01   4   0 2  1 1  0 0  0 0
   143  -106.5033936864778       4   1 0  2 1  0 0  0 0
   144  -93.86049140173520       4   0 1  2 1  0 0  0 0
   145  0.2124304319082483E-02   4   0 0  3 1  0 0  0 0
   146  0.1091902556106508E-01   4   2 0  0 2  0 0  0 0
   147  0.2209839020391960E-01   4   1 1  0 2  0 0  0 0
   148  0.1161135558551921E-01   4   0 2  0 2  0 0  0 0
   149  -97.53390962935084       4   1 0  1 2  0 0  0 0
   150  -86.40249158384083       4   0 1  1 2  0 0  0 0
   151  0.6665210810038180E-03   4   0 0  2 2  0 0  0 0
   152  -29.82236960513524       4   1 0  0 3  0 0  0 0
   153  -26.51941264858905       4   0 1  0 3  0 0  0 0
   154  -.5449423934669930E-03   4   0 0  1 3  0 0  0 0
   155  -.2395698384143309E-03   4   0 0  0 4  0 0  0 0
   156  0.5546193305053493E-03   4   3 0  0 0  0 1  0 0
   157  0.7804943273476117E-02   4   2 1  0 0  0 1  0 0
   158  0.1265323739572861E-01   4   1 2  0 0  0 1  0 0
   159  0.5463801468408650E-02   4   0 3  0 0  0 1  0 0
   160   8.359139564807077       4   2 0  1 0  0 1  0 0
   161   24.11120281872099       4   1 1  1 0  0 1  0 0
   162   16.49728307752596       4   0 2  1 0  0 1  0 0
   163  -.6414030264715374E-03   4   1 0  2 0  0 1  0 0
   164  -.4442779276264326E-02   4   0 1  2 0  0 1  0 0
   165   1.860602195613683       4   0 0  3 0  0 1  0 0
   166   11.63801059562607       4   2 0  0 1  0 1  0 0
   167   30.34862582953895       4   1 1  0 1  0 1  0 0
   168   19.06532585121056       4   0 2  0 1  0 1  0 0
   169  -.8801792372146290E-02   4   1 0  1 1  0 1  0 0
   170  -.1475674321038467E-01   4   0 1  1 1  0 1  0 0
   171   5.601876051562443       4   0 0  2 1  0 1  0 0
   172  -.7558063042762273E-02   4   1 0  0 2  0 1  0 0
   173  -.9936883500613001E-02   4   0 1  0 2  0 1  0 0
   174   5.861635491768947       4   0 0  1 2  0 1  0 0
   175   2.084153988750841       4   0 0  0 3  0 1  0 0
   176  0.5538729499486317E-03   4   3 0  0 0  0 0  1 0
   177  0.7794439748652838E-02   4   2 1  0 0  0 0  1 0
   178  0.1263620926516780E-01   4   1 2  0 0  0 0  1 0
   179  0.5456448541892494E-02   4   0 3  0 0  0 0  1 0
   180   8.347890228733306       4   2 0  1 0  0 0  1 0
   181   24.07875509828908       4   1 1  1 0  0 0  1 0
   182   16.47508181145020       4   0 2  1 0  0 0  1 0
   183  -.6405398565067929E-03   4   1 0  2 0  0 0  1 0
   184  -.4436800393295266E-02   4   0 1  2 0  0 0  1 0
   185   1.858098284865970       4   0 0  3 0  0 0  1 0
   186   11.62234870944687       4   2 0  0 1  0 0  1 0
   187   30.30778407917865       4   1 1  0 1  0 0  1 0
   188   19.03966863419764       4   0 2  0 1  0 0  1 0
   189  -.8789947334785962E-02   4   1 0  1 1  0 0  1 0
   190  -.1473688428083336E-01   4   0 1  1 1  0 0  1 0
   191   5.594337310779523       4   0 0  2 1  0 0  1 0
   192  -.7547891757718499E-02   4   1 0  0 2  0 0  1 0
   193  -.9923510911106978E-02   4   0 1  0 2  0 0  1 0
   194   5.853747178973435       4   0 0  1 2  0 0  1 0
   195   2.081349232535554       4   0 0  0 3  0 0  1 0
   196  0.5369101281881429E-03   4   3 0  0 0  0 0  0 1
   197  0.1783760653289056E-02   4   2 1  0 0  0 0  0 1
   198  0.1935648259512813E-02   4   1 2  0 0  0 0  0 1
   199  0.7010244098863557E-03   4   0 3  0 0  0 0  0 1
   200  -16.70137692097192       4   2 0  1 0  0 0  0 1
   201  -33.45470763957007       4   1 1  1 0  0 0  0 1
   202  -16.95107753906639       4   0 2  1 0  0 0  0 1
   203  -.1208946285252149E-02   4   1 0  2 0  0 0  0 1
   204  -.1131475935366446E-02   4   0 1  2 0  0 0  0 1
   205  -3.719650833686744       4   0 0  3 0  0 0  0 1
   206  -15.79003073804121       4   2 0  0 1  0 0  0 1
   207  -31.24087248524975       4   1 1  0 1  0 0  0 1
   208  -15.93467205083174       4   0 2  0 1  0 0  0 1
   209  -.2520881111189754E-02   4   1 0  1 1  0 0  0 1
   210  -.2367508302345073E-02   4   0 1  1 1  0 0  0 1
   211  -7.978461159799862       4   0 0  2 1  0 0  0 1
   212  -.1226054167799709E-02   4   1 0  0 2  0 0  0 1
   213  -.1143680035373959E-02   4   0 1  0 2  0 0  0 1
   214  -5.748296381829477       4   0 0  1 2  0 0  0 1
   215  -1.694589630610521       4   0 0  0 3  0 0  0 1
   216  0.2399333591322630E-03   4   2 0  0 0  0 2  0 0
   217  0.1654858932205955E-02   4   1 1  0 0  0 2  0 0
   218  0.1596592207911222E-02   4   0 2  0 0  0 2  0 0
   219  0.7885306507549775E-01   4   1 0  1 0  0 2  0 0
   220  0.2092286215659780       4   0 1  1 0  0 2  0 0
   221  0.3751168281648962E-03   4   0 0  2 0  0 2  0 0
   222  0.2230240131915489       4   1 0  0 1  0 2  0 0
   223  0.3834907940124036       4   0 1  0 1  0 2  0 0
   224  0.8442402902463531E-03   4   0 0  1 1  0 2  0 0
   225  0.4774289626952461E-03   4   0 0  0 2  0 2  0 0
   226  0.3076556403975014E-03   4   2 0  0 0  0 1  1 0
   227  0.2296803520883435E-02   4   1 1  0 0  0 1  1 0
   228  0.2339246522035445E-02   4   0 2  0 0  0 1  1 0
   229  0.4076102087247620E-01   4   1 0  1 0  0 1  1 0
   230  0.1967592286911657       4   0 1  1 0  0 1  1 0
   231  0.4535857981164255E-03   4   0 0  2 0  0 1  1 0
   232  0.2132811514426547       4   1 0  0 1  0 1  1 0
   233  0.4499743541811075       4   0 1  0 1  0 1  1 0
   234  0.1259977341274168E-02   4   0 0  1 1  0 1  1 0
   235  0.7537527359934462E-03   4   0 0  0 2  0 1  1 0
   236  0.2394034538944438E-03   4   2 0  0 0  0 0  2 0
   237  0.1651086436078942E-02   4   1 1  0 0  0 0  2 0
   238  0.1592869565500359E-02   4   0 2  0 0  0 0  2 0
   239  0.7871952120629053E-01   4   1 0  1 0  0 0  2 0
   240  0.2088146568991621       4   0 1  1 0  0 0  2 0
   241  0.3743068064210274E-03   4   0 0  2 0  0 0  2 0
   242  0.2225803661243437       4   1 0  0 1  0 0  2 0
   243  0.3826719330354664       4   0 1  0 1  0 0  2 0
   244  0.8422563423887859E-03   4   0 0  1 1  0 0  2 0
   245  0.4762792788432181E-03   4   0 0  0 2  0 0  2 0
   246  -.7059945396673063E-03   4   2 0  0 0  0 1  0 1
   247  -.2752959100088429E-02   4   1 1  0 0  0 1  0 1
   248  -.2026062403213158E-02   4   0 2  0 0  0 1  0 1
   249  -.8085086573426793E-01   4   1 0  1 0  0 1  0 1
   250  -.1713733580705738       4   0 1  1 0  0 1  0 1
   251  -.8747231135762098E-03   4   0 0  2 0  0 1  0 1
   252  -.1936378420879364       4   1 0  0 1  0 1  0 1
   253  -.2669635410766635       4   0 1  0 1  0 1  0 1
   254  -.1965497265748773E-02   4   0 0  1 1  0 1  0 1
   255  -.9086366289128639E-03   4   0 0  0 2  0 1  0 1
   256  -.7050444454881912E-03   4   2 0  0 0  0 0  1 1
   257  -.2749254297473996E-02   4   1 1  0 0  0 0  1 1
   258  -.2023335823915926E-02   4   0 2  0 0  0 0  1 1
   259  -.8074206044953154E-01   4   1 0  1 0  0 0  1 1
   260  -.1711427318818285       4   0 1  1 0  0 0  1 1
   261  -.8735459524342316E-03   4   0 0  2 0  0 0  1 1
   262  -.1933772534058894       4   1 0  0 1  0 0  1 1
   263  -.2666042741246381       4   0 1  0 1  0 0  1 1
   264  -.1962852192159205E-02   4   0 0  1 1  0 0  1 1
   265  -.9074138285602339E-03   4   0 0  0 2  0 0  1 1
   266  0.4071963929254774E-03   4   2 0  0 0  0 0  0 2
   267  0.8167420824560216E-03   4   1 1  0 0  0 0  0 2
   268  0.4037448633520072E-03   4   0 2  0 0  0 0  0 2
   269  -.3641830035256220E-01   4   1 0  1 0  0 0  0 2
   270  -.3434560163276388E-01   4   0 1  1 0  0 0  0 2
   271  0.5284272374782048E-03   4   0 0  2 0  0 0  0 2
   272  -.2701064705771300E-01   4   1 0  0 1  0 0  0 2
   273  -.2596220650037959E-01   4   0 1  0 1  0 0  0 2
   274  0.9175768798491667E-03   4   0 0  1 1  0 0  0 2
   275  0.3870608597176500E-03   4   0 0  0 2  0 0  0 2
   276  -.1411891596700639E-04   4   1 0  0 0  0 3  0 0
   277  -.2870227610862865E-04   4   0 1  0 0  0 3  0 0
   278  0.1526324216814307       4   0 0  1 0  0 3  0 0
   279  0.1408766562128311       4   0 0  0 1  0 3  0 0
   280  -.1026403014222848E-04   4   1 0  0 0  0 2  1 0
   281  -.2910028274412734E-04   4   0 1  0 0  0 2  1 0
   282  0.6764500727770355E-01   4   0 0  1 0  0 2  1 0
   283  0.2518938851722963       4   0 0  0 1  0 2  1 0
   284  -.1027177337262049E-04   4   1 0  0 0  0 1  2 0
   285  -.2909940134428361E-04   4   0 1  0 0  0 1  2 0
   286  0.6781615072558111E-01   4   0 0  1 0  0 1  2 0
   287  0.2516693998381176       4   0 0  0 1  0 1  2 0
   288  -.1408351799697226E-04   4   1 0  0 0  0 0  3 0
   289  -.2862478234430822E-04   4   0 1  0 0  0 0  3 0
   290  0.1522788581106320       4   0 0  1 0  0 0  3 0
   291  0.1404230132741903       4   0 0  0 1  0 0  3 0
   292  0.1798054026675703E-04   4   1 0  0 0  0 2  0 1
   293  0.3222772929438396E-04   4   0 1  0 0  0 2  0 1
   294  -.1352297867454012       4   0 0  1 0  0 2  0 1
   295  -.4185057286221436       4   0 0  0 1  0 2  0 1
   296  0.1449983719722701E-04   4   1 0  0 0  0 1  1 1
   297  0.3325597850027041E-04   4   0 1  0 0  0 1  1 1
   298  -.5161422042005523E-01   4   0 0  1 0  0 1  1 1
   299  -.3811858689604533       4   0 0  0 1  0 1  1 1
   300  0.1794658630434091E-04   4   1 0  0 0  0 0  2 1
   301  0.3216198157091021E-04   4   0 1  0 0  0 0  2 1
   302  -.1350130708788849       4   0 0  1 0  0 0  2 1
   303  -.4176860323471664       4   0 0  0 1  0 0  2 1
   304  -.1804061035595379E-05   4   1 0  0 0  0 1  0 2
   305  -.2782165760287574E-05   4   0 1  0 0  0 1  0 2
   306  -.5803496629673645E-01   4   0 0  1 0  0 1  0 2
   307  -.7479022538177751E-01   4   0 0  0 1  0 1  0 2
   308  -.1801633215276073E-05   4   1 0  0 0  0 0  1 2
   309  -.2778421652726268E-05   4   0 1  0 0  0 0  1 2
   310  -.5795686557418755E-01   4   0 0  1 0  0 0  1 2
   311  -.7468957622119995E-01   4   0 0  0 1  0 0  1 2
   312  0.1876783559260568E-06   4   1 0  0 0  0 0  0 3
   313  0.1514519731589389E-06   4   0 1  0 0  0 0  0 3
   314  -.2519198895527353E-02   4   0 0  1 0  0 0  0 3
   315  -.2036757768777035E-02   4   0 0  0 1  0 0  0 3
   316  0.9950860812492955E-05   4   0 0  0 0  0 4  0 0
   317  0.3161213781943377E-05   4   0 0  0 0  0 3  1 0
   318  0.2282967845037439E-05   4   0 0  0 0  0 2  2 0
   319  0.3180631152324314E-05   4   0 0  0 0  0 1  3 0
   320  0.9921963827252053E-05   4   0 0  0 0  0 0  4 0
   321  -.7593189515969726E-06   4   0 0  0 0  0 3  0 1
   322  0.2913522764426218E-05   4   0 0  0 0  0 2  1 1
   323  0.2906110721244424E-05   4   0 0  0 0  0 1  2 1
   324  -.7597439715774326E-06   4   0 0  0 0  0 0  3 1
   325  -.1666201953387512E-05   4   0 0  0 0  0 2  0 2
   326  -.1896231294403430E-05   4   0 0  0 0  0 1  1 2
   327  -.1662683727969161E-05   4   0 0  0 0  0 0  2 2
   328  -.7947524665198935E-07   4   0 0  0 0  0 1  0 3
   329  -.7936829261058374E-07   4   0 0  0 0  0 0  1 3
   330  -.1544830572922107E-12   4   0 0  0 0  0 0  0 4
   ----------------------------------------------------
     I  COEFFICIENT            ORDER EXPONENTS
     1  0.2437193899353911E-03   0   0 0  0 0  0 0  0 0
     2  0.1046416152635600E-03   1   1 0  0 0  0 0  0 0
     3  0.9702434951209866E-04   1   0 1  0 0  0 0  0 0
     4  -2.683718512048088       1   0 0  1 0  0 0  0 0
     5  -1.516018116059891       1   0 0  0 1  0 0  0 0
     6  0.1745773397250667E-04   1   0 0  0 0  0 1  0 0
     7  0.1743424017688097E-04   1   0 0  0 0  0 0  1 0
     8  0.2088274157843740E-03   1   0 0  0 0  0 0  0 1
     9  0.2403155302926691E-02   2   2 0  0 0  0 0  0 0
    10  0.4385327945390885E-02   2   1 1  0 0  0 0  0 0
    11  0.2077616557016599E-02   2   0 2  0 0  0 0  0 0
    12   1.122633798735325       2   1 0  1 0  0 0  0 0
    13   1.025573441863966       2   0 1  1 0  0 0  0 0
    14  0.1024553379792830E-02   2   0 0  2 0  0 0  0 0
    15   1.078700299202613       2   1 0  0 1  0 0  0 0
    16  0.9920922616609003       2   0 1  0 1  0 0  0 0
    17  0.2575519671836167E-02   2   0 0  1 1  0 0  0 0
    18  0.1387152409476646E-02   2   0 0  0 2  0 0  0 0
    19  -.9833543242689823E-05   2   1 0  0 0  0 1  0 0
    20  -.5793271172198263E-04   2   0 1  0 0  0 1  0 0
    21  -.2169901914389523       2   0 0  1 0  0 1  0 0
    22   1.073823416824771       2   0 0  0 1  0 1  0 0
    23  -.9820309723632560E-05   2   1 0  0 0  0 0  1 0
    24  -.5785474860882127E-04   2   0 1  0 0  0 0  1 0
    25  -.2166981762657070       2   0 0  1 0  0 0  1 0
    26   1.072378315877952       2   0 0  0 1  0 0  1 0
    27  0.1242952109384641E-03   2   1 0  0 0  0 0  0 1
    28  0.1157872084902910E-03   2   0 1  0 0  0 0  0 1
    29  -2.250030144451839       2   0 0  1 0  0 0  0 1
    30  -2.146201732819231       2   0 0  0 1  0 0  0 1
    31  -.1265630019343756E-04   2   0 0  0 0  0 2  0 0
    32  -.7867736200298400E-05   2   0 0  0 0  0 1  1 0
    33  -.1263397392681078E-04   2   0 0  0 0  0 0  2 0
    34  0.3318027430289670E-04   2   0 0  0 0  0 1  0 1
    35  0.3313562185347201E-04   2   0 0  0 0  0 0  1 1
    36  -.3315792651167145E-04   2   0 0  0 0  0 0  0 2
    37  -.2752522616101927E-01   3   3 0  0 0  0 0  0 0
    38  -.7726058604068697E-01   3   2 1  0 0  0 0  0 0
    39  -.7252851708087159E-01   3   1 2  0 0  0 0  0 0
    40  -.2271767240350492E-01   3   0 3  0 0  0 0  0 0
    41  -37.70655094134192       3   2 0  1 0  0 0  0 0
    42  -72.08868145861634       3   1 1  1 0  0 0  0 0
    43  -35.25511051985997       3   0 2  1 0  0 0  0 0
    44  0.3942602509289225E-01   3   1 0  2 0  0 0  0 0
    45  0.3551480224966941E-01   3   0 1  2 0  0 0  0 0
    46  -4.270048279591978       3   0 0  3 0  0 0  0 0
    47  -34.22565755815339       3   2 0  0 1  0 0  0 0
    48  -66.77911103448739       3   1 1  0 1  0 0  0 0
    49  -34.50413413278073       3   0 2  0 1  0 0  0 0
    50  0.7440824408240605E-01   3   1 0  1 1  0 0  0 0
    51  0.6738117742058808E-01   3   0 1  1 1  0 0  0 0
    52  -14.00746876664525       3   0 0  2 1  0 0  0 0
    53  0.3552717559390348E-01   3   1 0  0 2  0 0  0 0
    54  0.3239802561073962E-01   3   0 1  0 2  0 0  0 0
    55  -13.51875132560341       3   0 0  1 2  0 0  0 0
    56  -5.159911884516469       3   0 0  0 3  0 0  0 0
    57  -.1419153370116192E-02   3   2 0  0 0  0 1  0 0
    58  -.4878299827655073E-02   3   1 1  0 0  0 1  0 0
    59  -.3320300228261096E-02   3   0 2  0 0  0 1  0 0
    60  0.1208140429351302       3   1 0  1 0  0 1  0 0
    61  -.3973068465855445       3   0 1  1 0  0 1  0 0
    62  0.9235479543581967E-04   3   0 0  2 0  0 1  0 0
    63  -.4491379340698093       3   1 0  0 1  0 1  0 0
    64  -.9041477371219044       3   0 1  0 1  0 1  0 0
    65  -.1231216718286406E-02   3   0 0  1 1  0 1  0 0
    66  -.1424268346697651E-02   3   0 0  0 2  0 1  0 0
    67  -.1417243540393071E-02   3   2 0  0 0  0 0  1 0
    68  -.4871734841653317E-02   3   1 1  0 0  0 0  1 0
    69  -.3315831924694224E-02   3   0 2  0 0  0 0  1 0
    70  0.1206514570899183       3   1 0  1 0  0 0  1 0
    71  -.3967721697558314       3   0 1  1 0  0 0  1 0
    72  0.9223050870465365E-04   3   0 0  2 0  0 0  1 0
    73  -.4485335054052743       3   1 0  0 1  0 0  1 0
    74  -.9029309777082911       3   0 1  0 1  0 0  1 0
    75  -.1229559804852167E-02   3   0 0  1 1  0 0  1 0
    76  -.1422351633480108E-02   3   0 0  0 2  0 0  1 0
    77  0.5236523426512698E-02   3   2 0  0 0  0 0  0 1
    78  0.9743584217947991E-02   3   1 1  0 0  0 0  0 1
    79  0.4555076994121001E-02   3   0 2  0 0  0 0  0 1
    80  0.8811723614813168       3   1 0  1 0  0 0  0 1
    81  0.7940825086686560       3   0 1  1 0  0 0  0 1
    82  0.8413478714195319E-03   3   0 0  2 0  0 0  0 1
    83  0.8976750737735761       3   1 0  0 1  0 0  0 1
    84  0.8149895921961093       3   0 1  0 1  0 0  0 1
    85  0.2463777777026633E-02   3   0 0  1 1  0 0  0 1
    86  0.1461124229099212E-02   3   0 0  0 2  0 0  0 1
    87  0.7792510301541874E-05   3   1 0  0 0  0 2  0 0
    88  0.4831608293943376E-04   3   0 1  0 0  0 2  0 0
    89  0.1570044029040512       3   0 0  1 0  0 2  0 0
    90  -.7172688810477486       3   0 0  0 1  0 2  0 0
    91  0.6119127280793860E-05   3   1 0  0 0  0 1  1 0
    92  0.3915170617739881E-04   3   0 1  0 0  0 1  1 0
    93  0.9717949672419852E-01   3   0 0  1 0  0 1  1 0
    94  -.3616723046695893       3   0 0  0 1  0 1  1 0
    95  0.7777906091873207E-05   3   1 0  0 0  0 0  2 0
    96  0.4822471717161294E-04   3   0 1  0 0  0 0  2 0
    97  0.1567277239845940       3   0 0  1 0  0 0  2 0
    98  -.7160602536200463       3   0 0  0 1  0 0  2 0
    99  -.2233931094143605E-04   3   1 0  0 0  0 1  0 1
   100  -.7873627126323201E-04   3   0 1  0 0  0 1  0 1
   101  -.4111879102164289       3   0 0  1 0  0 1  0 1
   102  0.7223872589668483       3   0 0  0 1  0 1  0 1
   103  -.2230924774958622E-04   3   1 0  0 0  0 0  1 1
   104  -.7863031170007783E-04   3   0 1  0 0  0 0  1 1
   105  -.4106345529054743       3   0 0  1 0  0 0  1 1
   106  0.7214151042386636       3   0 0  0 1  0 0  1 1
   107  0.2284046192333055E-04   3   1 0  0 0  0 0  0 2
   108  0.2134793215964172E-04   3   0 1  0 0  0 0  0 2
   109  0.4109110643431674       3   0 0  1 0  0 0  0 2
   110  0.3511994446651963       3   0 0  0 1  0 0  0 2
   111  0.1026117309447125E-04   3   0 0  0 0  0 3  0 0
   112  0.5477733671718788E-05   3   0 0  0 0  0 2  1 0
   113  0.5487361787469104E-05   3   0 0  0 0  0 1  2 0
   114  0.1023677872455475E-04   3   0 0  0 0  0 0  3 0
   115  -.2360958849685836E-04   3   0 0  0 0  0 2  0 1
   116  -.1406605982146181E-04   3   0 0  0 0  0 1  1 1
   117  -.2356835110514196E-04   3   0 0  0 0  0 0  2 1
   118  0.1405425426874188E-04   3   0 0  0 0  0 1  0 2
   119  0.1403534071570107E-04   3   0 0  0 0  0 0  1 2
   120  0.1690054301493788E-05   3   0 0  0 0  0 0  0 3
   121  -.6564348246040906E-02   4   4 0  0 0  0 0  0 0
   122  -.2414808030465541E-01   4   3 1  0 0  0 0  0 0
   123  -.3398957862353709E-01   4   2 2  0 0  0 0  0 0
   124  -.1995309253545571E-01   4   1 3  0 0  0 0  0 0
   125  -.3750557669765965E-02   4   0 4  0 0  0 0  0 0
   126   296.9698122654796       4   3 0  1 0  0 0  0 0
   127   826.9934384215186       4   2 1  1 0  0 0  0 0
   128   770.5131044540701       4   1 2  1 0  0 0  0 0
   129   240.6466073363669       4   0 3  1 0  0 0  0 0
   130  0.5344937113361094E-01   4   2 0  2 0  0 0  0 0
   131  0.1059644769695774       4   1 1  2 0  0 0  0 0
   132  0.5170998224105088E-01   4   0 2  2 0  0 0  0 0
   133  -155.5340999881611       4   1 0  3 0  0 0  0 0
   134  -139.3014622477760       4   0 1  3 0  0 0  0 0
   135  -.8851069373225736E-02   4   0 0  4 0  0 0  0 0
   136   290.9707619841737       4   3 0  0 1  0 0  0 0
   137   815.8672323181864       4   2 1  0 1  0 0  0 0
   138   765.7255981290049       4   1 2  0 1  0 0  0 0
   139   240.9848531712994       4   0 3  0 1  0 0  0 0
   140  0.1160153455440074       4   2 0  1 1  0 0  0 0
   141  0.2304224832011058       4   1 1  1 1  0 0  0 0
   142  0.1144797893919138       4   0 2  1 1  0 0  0 0
   143  -435.6703683916145       4   1 0  2 1  0 0  0 0
   144  -393.3551778731616       4   0 1  2 1  0 0  0 0
   145  -.3006079980412152E-01   4   0 0  3 1  0 0  0 0
   146  0.5965210301825597E-01   4   2 0  0 2  0 0  0 0
   147  0.1203033995291021       4   1 1  0 2  0 0  0 0
   148  0.6144091751182987E-01   4   0 2  0 2  0 0  0 0
   149  -411.3805734911553       4   1 0  1 2  0 0  0 0
   150  -373.9181166779385       4   0 1  1 2  0 0  0 0
   151  -.3809891766637852E-01   4   0 0  2 2  0 0  0 0
   152  -130.4291243290201       4   1 0  0 3  0 0  0 0
   153  -119.1734635925171       4   0 1  0 3  0 0  0 0
   154  -.2053642557724331E-01   4   0 0  1 3  0 0  0 0
   155  -.3441924091575767E-02   4   0 0  0 4  0 0  0 0
   156  -.3699280205123015E-02   4   3 0  0 0  0 1  0 0
   157  0.2218976671440129E-01   4   2 1  0 0  0 1  0 0
   158  0.5117294190702208E-01   4   1 2  0 0  0 1  0 0
   159  0.2543183438595823E-01   4   0 3  0 0  0 1  0 0
   160   20.70169160935189       4   2 0  1 0  0 1  0 0
   161   74.26382773853267       4   1 1  1 0  0 1  0 0
   162   52.58086412891437       4   0 2  1 0  0 1  0 0
   163  0.5445926278185521E-02   4   1 0  2 0  0 1  0 0
   164  -.1055946964004503E-01   4   0 1  2 0  0 1  0 0
   165  -.1808553260842708       4   0 0  3 0  0 1  0 0
   166   37.08268411259068       4   2 0  0 1  0 1  0 0
   167   104.3149895545692       4   1 1  0 1  0 1  0 0
   168   68.99593386655948       4   0 2  0 1  0 1  0 0
   169  -.2022164373197983E-01   4   1 0  1 1  0 1  0 0
   170  -.4708132495163031E-01   4   0 1  1 1  0 1  0 0
   171   7.405654143883800       4   0 0  2 1  0 1  0 0
   172  -.2389055370962267E-01   4   1 0  0 2  0 1  0 0
   173  -.3537466957927334E-01   4   0 1  0 2  0 1  0 0
   174   14.78983020922761       4   0 0  1 2  0 1  0 0
   175   8.339415437175438       4   0 0  0 3  0 1  0 0
   176  -.3694301888164066E-02   4   3 0  0 0  0 0  1 0
   177  0.2215990477212438E-01   4   2 1  0 0  0 0  1 0
   178  0.5110407577350066E-01   4   1 2  0 0  0 0  1 0
   179  0.2539760942180240E-01   4   0 3  0 0  0 0  1 0
   180   20.67383224842092       4   2 0  1 0  0 0  1 0
   181   74.16388697909491       4   1 1  1 0  0 0  1 0
   182   52.51010328001991       4   0 2  1 0  0 0  1 0
   183  0.5438597407257949E-02   4   1 0  2 0  0 0  1 0
   184  -.1054525920345404E-01   4   0 1  2 0  0 0  1 0
   185  -.1806119395098377       4   0 0  3 0  0 0  1 0
   186   37.03277998395830       4   2 0  0 1  0 0  1 0
   187   104.1746073578216       4   1 1  0 1  0 0  1 0
   188   68.90308239042747       4   0 2  0 1  0 0  1 0
   189  -.2019443039685838E-01   4   1 0  1 1  0 0  1 0
   190  -.4701796512337640E-01   4   0 1  1 1  0 0  1 0
   191   7.395687963553370       4   0 0  2 1  0 0  1 0
   192  -.2385840292836307E-01   4   1 0  0 2  0 0  1 0
   193  -.3532706401610397E-01   4   0 1  0 2  0 0  1 0
   194   14.76992675275259       4   0 0  1 2  0 0  1 0
   195   8.328192644903110       4   0 0  0 3  0 0  1 0
   196  0.1842879635463140E-02   4   3 0  0 0  0 0  0 1
   197  0.5185811690191224E-02   4   2 1  0 0  0 0  0 1
   198  0.4906812548321850E-02   4   1 2  0 0  0 0  0 1
   199  0.1622460575941801E-02   4   0 3  0 0  0 0  0 1
   200  -79.05712285390516       4   2 0  1 0  0 0  0 1
   201  -148.3748249303274       4   1 1  1 0  0 0  0 1
   202  -69.80775234737101       4   0 2  1 0  0 0  0 1
   203  -.5984223543786761E-02   4   1 0  2 0  0 0  0 1
   204  -.5396273771221933E-02   4   0 1  2 0  0 0  0 1
   205  -3.912937551544699       4   0 0  3 0  0 0  0 1
   206  -74.08582662691370       4   2 0  0 1  0 0  0 1
   207  -141.6474171537542       4   1 1  0 1  0 0  0 1
   208  -68.85714567195073       4   0 2  0 1  0 0  0 1
   209  -.1165362098743155E-01   4   1 0  1 1  0 0  0 1
   210  -.1076156944422924E-01   4   0 1  1 1  0 0  0 1
   211  -14.81517487835958       4   0 0  2 1  0 0  0 1
   212  -.5667993125087801E-02   4   1 0  0 2  0 0  0 1
   213  -.5280646742644126E-02   4   0 1  0 2  0 0  0 1
   214  -16.05597497513609       4   0 0  1 2  0 0  0 1
   215  -6.353273166350855       4   0 0  0 3  0 0  0 1
   216  -.8565391509249685E-03   4   2 0  0 0  0 2  0 0
   217  0.4804217381312731E-03   4   1 1  0 0  0 2  0 0
   218  0.1593286036805418E-02   4   0 2  0 0  0 2  0 0
   219  -.9262085768838470E-01   4   1 0  1 0  0 2  0 0
   220  0.2395171106768068       4   0 1  1 0  0 2  0 0
   221  -.3077618057767571E-03   4   0 0  2 0  0 2  0 0
   222  0.2909887511066783       4   1 0  0 1  0 2  0 0
   223  0.8389183331293764       4   0 1  0 1  0 2  0 0
   224  0.2081401512637365E-03   4   0 0  1 1  0 2  0 0
   225  0.1020943300592042E-02   4   0 0  0 2  0 2  0 0
   226  -.9384949090671752E-03   4   2 0  0 0  0 1  1 0
   227  0.9040903325632094E-03   4   1 1  0 0  0 1  1 0
   228  0.2552888522077554E-02   4   0 2  0 0  0 1  1 0
   229  -.6739126322436850E-01   4   1 0  1 0  0 1  1 0
   230  0.7888272167556330E-01   4   0 1  1 0  0 1  1 0
   231  -.2313176041053759E-03   4   0 0  2 0  0 1  1 0
   232  0.1297393315891227       4   1 0  0 1  0 1  1 0
   233  0.7697376201401959       4   0 1  0 1  0 1  1 0
   234  -.4671635360407073E-04   4   0 0  1 1  0 1  1 0
   235  0.1048174596411380E-02   4   0 0  0 2  0 1  1 0
   236  -.8547549697934957E-03   4   2 0  0 0  0 0  2 0
   237  0.4791668681169581E-03   4   1 1  0 0  0 0  2 0
   238  0.1589424089016286E-02   4   0 2  0 0  0 0  2 0
   239  -.9245086691017346E-01   4   1 0  1 0  0 0  2 0
   240  0.2391417015126995       4   0 1  1 0  0 0  2 0
   241  -.3071919862778612E-03   4   0 0  2 0  0 0  2 0
   242  0.2905098536202380       4   1 0  0 1  0 0  2 0
   243  0.8372714180671477       4   0 1  0 1  0 0  2 0
   244  0.2078914803909804E-03   4   0 0  1 1  0 0  2 0
   245  0.1018864071226950E-02   4   0 0  0 2  0 0  2 0
   246  0.1987246156402060E-02   4   2 0  0 0  0 1  0 1
   247  0.1356158160836611E-03   4   1 1  0 0  0 1  0 1
   248  -.1553552631319449E-02   4   0 2  0 0  0 1  0 1
   249  0.2566891467161720       4   1 0  1 0  0 1  0 1
   250  -.1551375892539786       4   0 1  1 0  0 1  0 1
   251  0.5157040000444848E-03   4   0 0  2 0  0 1  0 1
   252  -.2565946309103831       4   1 0  0 1  0 1  0 1
   253  -.6309740374265170       4   0 1  0 1  0 1  0 1
   254  0.1325549180070239E-03   4   0 0  1 1  0 1  0 1
   255  -.6543925503177606E-03   4   0 0  0 2  0 1  0 1
   256  0.1984571814180431E-02   4   2 0  0 0  0 0  1 1
   257  0.1354333107097174E-03   4   1 1  0 0  0 0  1 1
   258  -.1551461933404634E-02   4   0 2  0 0  0 0  1 1
   259  0.2563437065598639       4   1 0  1 0  0 0  1 1
   260  -.1549288123977398       4   0 1  1 0  0 0  1 1
   261  0.5150099899055108E-03   4   0 0  2 0  0 0  1 1
   262  -.2562493179489876       4   1 0  0 1  0 0  1 1
   263  -.6301249023037231       4   0 1  0 1  0 0  1 1
   264  0.1323765318454651E-03   4   0 0  1 1  0 0  1 1
   265  -.6535118996639942E-03   4   0 0  0 2  0 0  1 1
   266  -.1323211841107241E-02   4   2 0  0 0  0 0  0 2
   267  -.2451741473850931E-02   4   1 1  0 0  0 0  0 2
   268  -.1129370212994268E-02   4   0 2  0 0  0 0  0 2
   269  -.2605676590259703       4   1 0  1 0  0 0  0 2
   270  -.2462048592821029       4   0 1  1 0  0 0  0 2
   271  -.1840296238691045E-03   4   0 0  2 0  0 0  0 2
   272  -.1974271897712348       4   1 0  0 1  0 0  0 2
   273  -.1898242090091730       4   0 1  0 1  0 0  0 2
   274  -.4658038897952047E-03   4   0 0  1 1  0 0  0 2
   275  -.2626269678328005E-03   4   0 0  0 2  0 0  0 2
   276  -.9103084403793869E-05   4   1 0  0 0  0 3  0 0
   277  -.4990664872576878E-04   4   0 1  0 0  0 3  0 0
   278  -.1270989338079691       4   0 0  1 0  0 3  0 0
   279  0.5413971388575454       4   0 0  0 1  0 3  0 0
   280  -.6940604410390798E-05   4   1 0  0 0  0 2  1 0
   281  -.3931905702227225E-04   4   0 1  0 0  0 2  1 0
   282  -.6735166723592548E-01   4   0 0  1 0  0 2  1 0
   283  0.1898513267705614       4   0 0  0 1  0 2  1 0
   284  -.6944944926660069E-05   4   1 0  0 0  0 1  2 0
   285  -.3934029387005991E-04   4   0 1  0 0  0 1  2 0
   286  -.6747192954533042E-01   4   0 0  1 0  0 1  2 0
   287  0.1905594967031759       4   0 0  0 1  0 1  2 0
   288  -.9080044777656498E-05   4   1 0  0 0  0 0  3 0
   289  -.4977948450038004E-04   4   0 1  0 0  0 0  3 0
   290  -.1267971099689714       4   0 0  1 0  0 0  3 0
   291  0.5401766848169393       4   0 0  0 1  0 0  3 0
   292  0.1444177183036630E-04   4   1 0  0 0  0 2  0 1
   293  0.6956549403406594E-04   4   0 1  0 0  0 2  0 1
   294  0.2916651099654960       4   0 0  1 0  0 2  0 1
   295  -.3794632476577824       4   0 0  0 1  0 2  0 1
   296  0.1258679789252014E-04   4   1 0  0 0  0 1  1 1
   297  0.6175155155176067E-04   4   0 1  0 0  0 1  1 1
   298  0.1724731878301491       4   0 0  1 0  0 1  1 1
   299  -.3744705205023022E-01   4   0 0  0 1  0 1  1 1
   300  0.1441386741470484E-04   4   1 0  0 0  0 0  2 1
   301  0.6943032490687519E-04   4   0 1  0 0  0 0  2 1
   302  0.2911565476623039       4   0 0  1 0  0 0  2 1
   303  -.3789273866636525       4   0 0  0 1  0 0  2 1
   304  -.5570193369981157E-05   4   1 0  0 0  0 1  0 2
   305  -.1360935355188135E-04   4   0 1  0 0  0 1  0 2
   306  -.1723142507975240       4   0 0  1 0  0 1  0 2
   307  -.3242161562946295       4   0 0  0 1  0 1  0 2
   308  -.5562697266257834E-05   4   1 0  0 0  0 0  1 2
   309  -.1359103872525776E-04   4   0 1  0 0  0 0  1 2
   310  -.1720823583996902       4   0 0  1 0  0 0  1 2
   311  -.3237798414712663       4   0 0  0 1  0 0  1 2
   312  0.1640825853628255E-05   4   1 0  0 0  0 0  0 3
   313  0.1338382655408923E-05   4   0 1  0 0  0 0  0 3
   314  -.2217837082546339E-01   4   0 0  1 0  0 0  0 3
   315  -.1814063081952407E-01   4   0 0  0 1  0 0  0 3
   316  -.1108854229491453E-04   4   0 0  0 0  0 4  0 0
   317  -.5167521750648606E-05   4   0 0  0 0  0 3  1 0
   318  -.4386017015942519E-05   4   0 0  0 0  0 2  2 0
   319  -.5184465080544174E-05   4   0 0  0 0  0 1  3 0
   320  -.1105523703721622E-04   4   0 0  0 0  0 0  4 0
   321  0.1118672086018431E-04   4   0 0  0 0  0 3  0 1
   322  0.4558426644793384E-05   4   0 0  0 0  0 2  1 1
   323  0.4571776324175473E-05   4   0 0  0 0  0 1  2 1
   324  0.1116107590113138E-04   4   0 0  0 0  0 0  3 1
   325  0.1683360816439824E-05   4   0 0  0 0  0 2  0 2
   326  0.1990525100326014E-05   4   0 0  0 0  0 1  1 2
   327  0.1679756051352186E-05   4   0 0  0 0  0 0  2 2
   328  0.2445615946571413E-07   4   0 0  0 0  0 1  0 3
   329  0.2442324751888386E-07   4   0 0  0 0  0 0  1 3
   330  -.1092921342575417E-12   4   0 0  0 0  0 0  0 4
   ----------------------------------------------------
     I  COEFFICIENT            ORDER EXPONENTS
     1  0.6852460008168501E-08   0   0 0  0 0  0 0  0 0
     2  -.8449771412639924E-05   1   1 0  0 0  0 0  0 0
     3  -.9237168485055536E-05   1   0 1  0 0  0 0  0 0
     4  0.5883295172006519E-04   1   0 0  1 0  0 0  0 0
     5  0.2672930787246069E-04   1   0 0  0 1  0 0  0 0
     6   1.000000000000000       1   0 0  0 0  1 0  0 0
     7  0.2859789934391358       1   0 0  0 0  0 1  0 0
     8  -.2859789887187828       1   0 0  0 0  0 0  1 0
     9  -.4720360262922796E-08   1   0 0  0 0  0 0  0 1
    10  -.5318041581449773       2   2 0  0 0  0 0  0 0
    11  -1.336952086889466       2   1 1  0 0  0 0  0 0
    12  -1.053951685203833       2   0 2  0 0  0 0  0 0
    13  -.3217681771319396E-04   2   1 0  1 0  0 0  0 0
    14  -.4030926436514671E-04   2   0 1  1 0  0 0  0 0
    15  -.3363007780596942       2   0 0  2 0  0 0  0 0
    16  -.4065827866538186E-04   2   1 0  0 1  0 0  0 0
    17  -.4657520269430568E-04   2   0 1  0 1  0 0  0 0
    18  -.2990953521845475       2   0 0  1 1  0 0  0 0
    19  -.2845415874842739       2   0 0  0 2  0 0  0 0
    20  0.1241005782764507E-04   2   1 0  0 0  0 1  0 0
    21  0.1717052189859147E-04   2   0 1  0 0  0 1  0 0
    22  -.8162853165203247E-04   2   0 0  1 0  0 1  0 0
    23  -.6238126112115460E-04   2   0 0  0 1  0 1  0 0
    24  0.3966336102560321E-05   2   1 0  0 0  0 0  1 0
    25  0.7935127761846659E-05   2   0 1  0 0  0 0  1 0
    26  -.2284399198196621E-04   2   0 0  1 0  0 0  1 0
    27  -.3563991560675533E-04   2   0 0  0 1  0 0  1 0
    28  -.1637648131956732E-04   2   1 0  0 0  0 0  0 1
    29  -.1586862107943735E-04   2   0 1  0 0  0 0  0 1
    30  0.1044725624078962E-03   2   0 0  1 0  0 0  0 1
    31  0.7129190734574638E-04   2   0 0  0 1  0 0  0 1
    32  -.2146286652179886       2   0 0  0 0  0 2  0 0
    33  0.1432783307144326       2   0 0  0 0  0 1  1 0
    34  0.7135032821889654E-01   2   0 0  0 0  0 0  2 0
    35  0.6282668403481480E-08   2   0 0  0 0  0 1  0 1
    36  0.1566624627718742E-08   2   0 0  0 0  0 0  1 1
    37  -.1564540670964064E-08   2   0 0  0 0  0 0  0 2
    38  0.2872314653617389       3   3 0  0 0  0 0  0 0
    39  0.8755010027291268       3   2 1  0 0  0 0  0 0
    40  0.8777595834007569       3   1 2  0 0  0 0  0 0
    41  0.2906031115405960       3   0 3  0 0  0 0  0 0
    42  0.1777586731173045E-02   3   2 0  1 0  0 0  0 0
    43  0.3589684126688871E-02   3   1 1  1 0  0 0  0 0
    44  0.2100508479986769E-02   3   0 2  1 0  0 0  0 0
    45  0.1032766176585124       3   1 0  2 0  0 0  0 0
    46  0.2502969506589760E-01   3   0 1  2 0  0 0  0 0
    47  0.6884500490671959E-03   3   0 0  3 0  0 0  0 0
    48  0.1248710878454942E-02   3   2 0  0 1  0 0  0 0
    49  0.2458445092686497E-02   3   1 1  0 1  0 0  0 0
    50  0.1452526082470257E-02   3   0 2  0 1  0 0  0 0
    51  0.6411715585847159E-01   3   1 0  1 1  0 0  0 0
    52  -.6016123973188311E-01   3   0 1  1 1  0 0  0 0
    53  0.1722045757367683E-02   3   0 0  2 1  0 0  0 0
    54  -.2921385396269006E-01   3   1 0  0 2  0 0  0 0
    55  -.7850078997361201E-01   3   0 1  0 2  0 0  0 0
    56  0.1483421548893172E-02   3   0 0  1 2  0 0  0 0
    57  0.4437449117635674E-03   3   0 0  0 3  0 0  0 0
    58  0.8572006026737249       3   2 0  0 0  0 1  0 0
    59   2.604999106106807       3   1 1  0 0  0 1  0 0
    60   2.239554533226093       3   0 2  0 0  0 1  0 0
    61  0.4859018586057128E-04   3   1 0  1 0  0 1  0 0
    62  0.7565312060570648E-04   3   0 1  1 0  0 1  0 0
    63  0.4649704667981952       3   0 0  2 0  0 1  0 0
    64  0.7690636451168116E-04   3   1 0  0 1  0 1  0 0
    65  0.1079663655404400E-03   3   0 1  0 1  0 1  0 0
    66  0.7016222750530279       3   0 0  1 1  0 1  0 0
    67  0.5482828854094551       3   0 0  0 2  0 1  0 0
    68  0.3256736629319600       3   2 0  0 0  0 0  1 0
    69   1.268138206897743       3   1 1  0 0  0 0  1 0
    70   1.185424280754222       3   0 2  0 0  0 0  1 0
    71  0.1636110812712506E-04   3   1 0  1 0  0 0  1 0
    72  0.3518348053216247E-04   3   0 1  1 0  0 0  1 0
    73  0.1289486822101690       3   0 0  2 0  0 0  1 0
    74  0.3617065124289037E-04   3   1 0  0 1  0 0  1 0
    75  0.6120813984413284E-04   3   0 1  0 1  0 0  1 0
    76  0.4023874682905303       3   0 0  1 1  0 0  1 0
    77  0.2637688919168498       3   0 0  0 2  0 0  1 0
    78  -1.182875168212882       3   2 0  0 0  0 0  0 1
    79  -2.536187458881773       3   1 1  0 0  0 0  0 1
    80  -1.317076935966461       3   0 2  0 0  0 0  0 1
    81  -.6481075450436922E-04   3   1 0  1 0  0 0  0 1
    82  -.7019787944225652E-04   3   0 1  1 0  0 0  0 1
    83  -.5939194632502178       3   0 0  2 0  0 0  0 1
    84  -.7222069671730880E-04   3   1 0  0 1  0 0  0 1
    85  -.7564365142289197E-04   3   0 1  0 1  0 0  0 1
    86  -.8049148402344258       3   0 0  1 1  0 0  0 1
    87  -.2429688050270890       3   0 0  0 2  0 0  0 1
    88  -.1518382126373795E-04   3   1 0  0 0  0 2  0 0
    89  -.2457576908473244E-04   3   0 1  0 0  0 2  0 0
    90  0.9576743837721773E-04   3   0 0  1 0  0 2  0 0
    91  0.9761780354964543E-04   3   0 0  0 1  0 2  0 0
    92  -.5550576232362263E-05   3   1 0  0 0  0 1  1 0
    93  -.1481226511320849E-04   3   0 1  0 0  0 1  1 0
    94  0.2830794767061705E-04   3   0 0  1 0  0 1  1 0
    95  0.7048045237510876E-04   3   0 0  0 1  0 1  1 0
    96  -.2779880299865500E-05   3   1 0  0 0  0 0  2 0
    97  -.7407691650923548E-05   3   0 1  0 0  0 0  2 0
    98  0.1418974872951188E-04   3   0 0  1 0  0 0  2 0
    99  0.3523468466932995E-04   3   0 0  0 1  0 0  2 0
   100  0.2350592214304534E-04   3   1 0  0 0  0 1  0 1
   101  0.2962092355695538E-04   3   0 1  0 0  0 1  0 1
   102  -.1382214488719892E-03   3   0 0  1 0  0 1  0 1
   103  -.1409610586821942E-03   3   0 0  0 1  0 1  0 1
   104  0.7141774511395142E-05   3   1 0  0 0  0 0  1 1
   105  0.1375521544914561E-04   3   0 1  0 0  0 0  1 1
   106  -.3384588397069381E-04   3   0 0  1 0  0 0  1 1
   107  -.6967294182222268E-04   3   0 0  0 1  0 0  1 1
   108  -.7135197678166188E-05   3   1 0  0 0  0 0  0 2
   109  -.5819209814890632E-05   3   0 1  0 0  0 0  0 2
   110  0.3379931924084499E-04   3   0 0  1 0  0 0  0 2
   111  0.3402692916108877E-04   3   0 0  0 1  0 0  0 2
   112  0.1788813513839230       3   0 0  0 0  0 3  0 0
   113  -.1073867930620223       3   0 0  0 0  0 2  1 0
   114  -.3589155580892990E-01   3   0 0  0 0  0 1  2 0
   115  -.3560303959842224E-01   3   0 0  0 0  0 0  3 0
   116  -.5329606004980806E-08   3   0 0  0 0  0 2  0 1
   117  0.4661743101716959E-09   3   0 0  0 0  0 1  1 1
   118  0.2290203845446432E-09   3   0 0  0 0  0 0  2 1
   119  0.4817511979343760E-09   3   0 0  0 0  0 1  0 2
   120  -.2196701364764851E-09   3   0 0  0 0  0 0  1 2
   121  0.3222113424650403E-09   3   0 0  0 0  0 0  0 3
   122  -5.802174262401987       4   4 0  0 0  0 0  0 0
   123  -28.14177105848265       4   3 1  0 0  0 0  0 0
   124  -50.98476092295143       4   2 2  0 0  0 0  0 0
   125  -41.23414963358698       4   1 3  0 0  0 0  0 0
   126  -12.90461032478879       4   0 4  0 0  0 0  0 0
   127  0.3317190405058975E-02   4   3 0  1 0  0 0  0 0
   128  0.1126382457858571E-01   4   2 1  1 0  0 0  0 0
   129  0.1197155857913336E-01   4   1 2  1 0  0 0  0 0
   130  0.4040668187741808E-02   4   0 3  1 0  0 0  0 0
   131  -12.07964105915141       4   2 0  2 0  0 0  0 0
   132  -24.78822686095240       4   1 1  2 0  0 0  0 0
   133  -14.08028158165495       4   0 2  2 0  0 0  0 0
   134  0.5076435895040902E-02   4   1 0  3 0  0 0  0 0
   135  0.3699233190933530E-02   4   0 1  3 0  0 0  0 0
   136  -2.381718966082299       4   0 0  4 0  0 0  0 0
   137  0.4390482022554289E-02   4   3 0  0 1  0 0  0 0
   138  0.1415059962569918E-01   4   2 1  0 1  0 0  0 0
   139  0.1462305667321604E-01   4   1 2  0 1  0 0  0 0
   140  0.4863871570700094E-02   4   0 3  0 1  0 0  0 0
   141  -16.74317965508733       4   2 0  1 1  0 0  0 0
   142  -33.09613581122741       4   1 1  1 1  0 0  0 0
   143  -18.72231878367919       4   0 2  1 1  0 0  0 0
   144  0.1266827166119518E-01   4   1 0  2 1  0 0  0 0
   145  0.9141908611802070E-02   4   0 1  2 1  0 0  0 0
   146  -7.427896947899156       4   0 0  3 1  0 0  0 0
   147  -5.730735070056456       4   2 0  0 2  0 0  0 0
   148  -11.65281001817691       4   1 1  0 2  0 0  0 0
   149  -7.289403932813890       4   0 2  0 2  0 0  0 0
   150  0.1041104211553389E-01   4   1 0  1 2  0 0  0 0
   151  0.7356007524495210E-02   4   0 1  1 2  0 0  0 0
   152  -8.964384198029519       4   0 0  2 2  0 0  0 0
   153  0.2742927354132998E-02   4   1 0  0 3  0 0  0 0
   154  0.1839246718406568E-02   4   0 1  0 3  0 0  0 0
   155  -5.052944003374159       4   0 0  1 3  0 0  0 0
   156  -1.210680218252870       4   0 0  0 4  0 0  0 0
   157  -.4994240304191022       4   3 0  0 0  0 1  0 0
   158  -1.903163148877134       4   2 1  0 0  0 1  0 0
   159  -2.302929492644842       4   1 2  0 0  0 1  0 0
   160  -.8962500238542772       4   0 3  0 0  0 1  0 0
   161  -.1131236270164277E-02   4   2 0  1 0  0 1  0 0
   162  -.4407156393390856E-02   4   1 1  1 0  0 1  0 0
   163  -.3609021907776332E-02   4   0 2  1 0  0 1  0 0
   164  -.1156471350684912       4   1 0  2 0  0 1  0 0
   165  -.5219142714200128E-01   4   0 1  2 0  0 1  0 0
   166  -.8467335152765713E-03   4   0 0  3 0  0 1  0 0
   167  -.9584449330175796E-03   4   2 0  0 1  0 1  0 0
   168  -.3208988405028034E-02   4   1 1  0 1  0 1  0 0
   169  -.2637872015952748E-02   4   0 2  0 1  0 1  0 0
   170  -.1372623771391117       4   1 0  1 1  0 1  0 0
   171  0.7613505304556120E-01   4   0 1  1 1  0 1  0 0
   172  -.2689263266363960E-02   4   0 0  2 1  0 1  0 0
   173  0.3314437558428370E-01   4   1 0  0 2  0 1  0 0
   174  0.1696415207320308       4   0 1  0 2  0 1  0 0
   175  -.2895842996284328E-02   4   0 0  1 2  0 1  0 0
   176  -.1084580741928265E-02   4   0 0  0 3  0 1  0 0
   177  -.2100634722033781       4   3 0  0 0  0 0  1 0
   178  -1.019703139715307       4   2 1  0 0  0 0  1 0
   179  -1.415566211873820       4   1 2  0 0  0 0  1 0
   180  -.6018205748535641       4   0 3  0 0  0 0  1 0
   181  -.7431261774981503E-03   4   2 0  1 0  0 0  1 0
   182  -.3447063992590574E-02   4   1 1  1 0  0 0  1 0
   183  -.2884508308846419E-02   4   0 2  1 0  0 0  1 0
   184  -.1192402344551154E-01   4   1 0  2 0  0 0  1 0
   185  -.2589492920039551E-01   4   0 1  2 0  0 0  1 0
   186  -.4623893886268837E-03   4   0 0  3 0  0 0  1 0
   187  -.9131639887990637E-03   4   2 0  0 1  0 0  1 0
   188  -.3081692693379504E-02   4   1 1  0 1  0 0  1 0
   189  -.2425491340035308E-02   4   0 2  0 1  0 0  1 0
   190  -.7231112749051545E-01   4   1 0  1 1  0 0  1 0
   191  0.1789095612094913E-01   4   0 1  1 1  0 0  1 0
   192  -.1810947899869612E-02   4   0 0  2 1  0 0  1 0
   193  0.4385220032764803E-02   4   1 0  0 2  0 0  1 0
   194  0.9197110942232520E-01   4   0 1  0 2  0 0  1 0
   195  -.2147954882151297E-02   4   0 0  1 2  0 0  1 0
   196  -.8443252113094396E-03   4   0 0  0 3  0 0  1 0
   197  0.7065330838478207       4   3 0  0 0  0 0  0 1
   198   2.034787305886340       4   2 1  0 0  0 0  0 1
   199   1.946059088144191       4   1 2  0 0  0 0  0 1
   200  0.6187198076994167       4   0 3  0 0  0 0  0 1
   201  0.2109796230313026E-02   4   2 0  1 0  0 0  0 1
   202  0.5056739832834293E-02   4   1 1  1 0  0 0  0 1
   203  0.3084530040720968E-02   4   0 2  1 0  0 0  0 1
   204  0.1265652075147218       4   1 0  2 0  0 0  0 1
   205  0.5055332718332697E-01   4   0 1  2 0  0 0  0 1
   206  0.1348958543475928E-02   4   0 0  3 0  0 0  0 1
   207  0.8537966351203443E-03   4   2 0  0 1  0 0  0 1
   208  0.2313460902432572E-02   4   1 1  0 1  0 0  0 1
   209  0.1631278807866999E-02   4   0 2  0 1  0 0  0 1
   210  0.1439150243547220       4   1 0  1 1  0 0  0 1
   211  0.2262688016096397E-01   4   0 1  1 1  0 0  0 1
   212  0.3032049447650164E-02   4   0 0  2 1  0 0  0 1
   213  0.1993772147542891E-01   4   1 0  0 2  0 0  0 1
   214  -.2802397591543485E-01   4   0 1  0 2  0 0  0 1
   215  0.2289191208377642E-02   4   0 0  1 2  0 0  0 1
   216  0.6344027517085462E-03   4   0 0  0 3  0 0  0 1
   217  -1.134175093085014       4   2 0  0 0  0 2  0 0
   218  -3.913362940278257       4   1 1  0 0  0 2  0 0
   219  -3.620662715967291       4   0 2  0 0  0 2  0 0
   220  -.5914380985342609E-04   4   1 0  1 0  0 2  0 0
   221  -.1190801185169404E-03   4   0 1  1 0  0 2  0 0
   222  -.5439195019146545       4   0 0  2 0  0 2  0 0
   223  -.1232457928776493E-03   4   1 0  0 1  0 2  0 0
   224  -.2009068564226931E-03   4   0 1  0 1  0 2  0 0
   225  -1.098495755911748       4   0 0  1 1  0 2  0 0
   226  -.8541673187600201       4   0 0  0 2  0 2  0 0
   227  -.5540089775623295       4   2 0  0 0  0 1  1 0
   228  -2.616488534650644       4   1 1  0 0  0 1  1 0
   229  -2.761628723163546       4   0 2  0 0  0 1  1 0
   230  -.2457760229200066E-04   4   1 0  1 0  0 1  1 0
   231  -.7168338822013227E-04   4   0 1  1 0  0 1  1 0
   232  -.1580710856198955       4   0 0  2 0  0 1  1 0
   233  -.7561219709801574E-04   4   1 0  0 1  0 1  1 0
   234  -.1538348346092675E-03   4   0 1  0 1  0 1  1 0
   235  -.7938317203730554       4   0 0  1 1  0 1  1 0
   236  -.6116880676653612       4   0 0  0 2  0 1  1 0
   237  -.2772074445430475       4   2 0  0 0  0 0  2 0
   238  -1.308233213635416       4   1 1  0 0  0 0  2 0
   239  -1.380460147305911       4   0 2  0 0  0 0  2 0
   240  -.1241823712066516E-04   4   1 0  1 0  0 0  2 0
   241  -.3596071688708035E-04   4   0 1  1 0  0 0  2 0
   242  -.7924146110121788E-01   4   0 0  2 0  0 0  2 0
   243  -.3790189882454667E-04   4   1 0  0 1  0 0  2 0
   244  -.7695918237349934E-04   4   0 1  0 1  0 0  2 0
   245  -.3968528042442644       4   0 0  1 1  0 0  2 0
   246  -.3058006572353072       4   0 0  0 2  0 0  2 0
   247   1.965071252995664       4   2 0  0 0  0 1  0 1
   248   5.233042412369267       4   1 1  0 0  0 1  0 1
   249   3.284203095887859       4   0 2  0 0  0 1  0 1
   250  0.8488544688983439E-04   4   1 0  1 0  0 1  0 1
   251  0.1308562995659998E-03   4   0 1  1 0  0 1  0 1
   252  0.7809754603039315       4   0 0  2 0  0 1  0 1
   253  0.1377178967284177E-03   4   1 0  0 1  0 1  0 1
   254  0.1845064761385514E-03   4   0 1  0 1  0 1  0 1
   255   1.587651302279470       4   0 0  1 1  0 1  0 1
   256  0.6752119574213935       4   0 0  0 2  0 1  0 1
   257  0.7827105378712346       4   2 0  0 0  0 0  1 1
   258   2.696594426986832       4   1 1  0 0  0 0  1 1
   259   1.966231381123544       4   0 2  0 0  0 0  1 1
   260  0.3033092743898891E-04   4   1 0  1 0  0 0  1 1
   261  0.6416603259023129E-04   4   0 1  1 0  0 0  1 1
   262  0.1876151037166696       4   0 0  2 0  0 0  1 1
   263  0.6849470547786901E-04   4   1 0  0 1  0 0  1 1
   264  0.1067435238745872E-03   4   0 1  0 1  0 0  1 1
   265  0.7827862152976546       4   0 0  1 1  0 0  1 1
   266  0.4319971740299140       4   0 0  0 2  0 0  1 1
   267  -.7824196315920220       4   2 0  0 0  0 0  0 2
   268  -1.428568155155001       4   1 1  0 0  0 0  0 2
   269  -.6495723369005658       4   0 2  0 0  0 0  0 2
   270  -.2719272870312525E-04   4   1 0  1 0  0 0  0 2
   271  -.2381185764512948E-04   4   0 1  1 0  0 0  0 2
   272  -.1873466169012239       4   0 0  2 0  0 0  0 2
   273  -.2646833927494151E-04   4   1 0  0 1  0 0  0 2
   274  -.2331626083035355E-04   4   0 1  0 1  0 0  0 2
   275  -.3803240239271732       4   0 0  1 1  0 0  0 2
   276  -.1891608126852456       4   0 0  0 2  0 0  0 2
   277  -.1777597355045475E-03   4   1 0  0 0  0 3  0 0
   278  -.2528811390373142E-03   4   0 1  0 0  0 3  0 0
   279  -.9311907776059491E-04   4   0 0  1 0  0 3  0 0
   280  -.1194360360691083E-03   4   0 0  0 1  0 3  0 0
   281  -.9728245723916745E-04   4   1 0  0 0  0 2  1 0
   282  -.1309071531624112E-03   4   0 1  0 0  0 2  1 0
   283  -.2339155777713194E-04   4   0 0  1 0  0 2  1 0
   284  -.9517678892364837E-04   4   0 0  0 1  0 2  1 0
   285  -.6181078133147908E-04   4   1 0  0 0  0 1  2 0
   286  -.8243622834538342E-04   4   0 1  0 0  0 1  2 0
   287  -.1171624978601251E-04   4   0 0  1 0  0 1  2 0
   288  -.6230176369972866E-04   4   0 0  0 1  0 1  2 0
   289  -.3246134533166904E-04   4   1 0  0 0  0 0  3 0
   290  -.4369103980700619E-04   4   0 1  0 0  0 0  3 0
   291  -.7841692888998772E-05   4   0 0  1 0  0 0  3 0
   292  -.3172194017783507E-04   4   0 0  0 1  0 0  3 0
   293  0.1552431258878268E-03   4   1 0  0 0  0 2  0 1
   294  0.1230964749237512E-03   4   0 1  0 0  0 2  0 1
   295  0.1007985314209951E-03   4   0 0  1 0  0 2  0 1
   296  0.1774646525206023E-03   4   0 0  0 1  0 2  0 1
   297  0.8887721708784500E-04   4   1 0  0 0  0 1  1 1
   298  0.6986423508996710E-04   4   0 1  0 0  0 1  1 1
   299  0.1434882663622786E-04   4   0 0  1 0  0 1  1 1
   300  0.1127421155393059E-03   4   0 0  0 1  0 1  1 1
   301  0.4445298909569972E-04   4   1 0  0 0  0 0  2 1
   302  0.3494407341384467E-04   4   0 1  0 0  0 0  2 1
   303  0.7227912419016479E-05   4   0 0  1 0  0 0  2 1
   304  0.5637714041300748E-04   4   0 0  0 1  0 0  2 1
   305  -.1515910903747625E-05   4   1 0  0 0  0 1  0 2
   306  0.2165169380769529E-05   4   0 1  0 0  0 1  0 2
   307  -.5233565293264702E-05   4   0 0  1 0  0 1  0 2
   308  -.2468145332651635E-04   4   0 0  0 1  0 1  0 2
   309  -.6398956442821628E-05   4   1 0  0 0  0 0  1 2
   310  -.2307235140439648E-05   4   0 1  0 0  0 0  1 2
   311  0.6786431000327170E-05   4   0 0  1 0  0 0  1 2
   312  -.1087276643610693E-04   4   0 0  0 1  0 0  1 2
   313  0.1667440315323128E-06   4   1 0  0 0  0 0  0 3
   314  0.2526756096702806E-06   4   0 1  0 0  0 0  0 3
   315  -.7169456166277866E-05   4   0 0  1 0  0 0  0 3
   316  -.6556029798403849E-05   4   0 0  0 1  0 0  0 3
   317  -.1565302530342999       4   0 0  0 0  0 4  0 0
   318  0.8947684254873571E-01   4   0 0  0 0  0 3  1 0
   319  0.2686485419987539E-01   4   0 0  0 0  0 2  2 0
   320  0.1798162636855248E-01   4   0 0  0 0  0 1  3 0
   321  0.2220686148348524E-01   4   0 0  0 0  0 0  4 0
   322  0.7262341103678494E-08   4   0 0  0 0  0 3  0 1
   323  0.3669886632915394E-08   4   0 0  0 0  0 2  1 1
   324  0.2951875232129726E-08   4   0 0  0 0  0 1  2 1
   325  0.9840455936394443E-09   4   0 0  0 0  0 0  3 1
   326  -.4252366233437659E-09   4   0 0  0 0  0 2  0 2
   327  0.3683984893274998E-09   4   0 0  0 0  0 1  1 2
   328  0.1442100591644351E-09   4   0 0  0 0  0 0  2 2
   329  -.5855016824466564E-09   4   0 0  0 0  0 1  0 3
   330  -.2633690495487998E-09   4   0 0  0 0  0 0  1 3
   331  -.4276764951554666E-10   4   0 0  0 0  0 0  0 4
   ----------------------------------------------------
     I  COEFFICIENT            ORDER EXPONENTS
     1   1.000000000000000       1   0 0  0 0  0 1  0 0
     --------------------------------------------------
     I  COEFFICIENT            ORDER EXPONENTS
     1   1.000000000000000       1   0 0  0 0  0 0  1 0
     --------------------------------------------------
     I  COEFFICIENT            ORDER EXPONENTS
     1   1.000000000000000       1   0 0  0 0  0 0  0 1
     --------------------------------------------------
