 L    0.1145458000000000E+01
 P (  0.0000000000000000E+00,  0.0000000000000000E+00,  0.9555200000000000E-01)
 A (  0.0000000000000000E+00,  0.0000000000000000E+00,  0.0000000000000000E+00)
     I  COEFFICIENT            ORDER EXPONENTS
     1  0.9550252868776008E-04   0   0 0  0 0  0 0  0 0
     2   1.783349882682858       1   1 0  0 0  0 0  0 0
     3   1.839453932543034       1   0 1  0 0  0 0  0 0
     4  0.2353720812438950E-04   1   0 0  1 0  0 0  0 0
     5  0.2075484834870747E-04   1   0 0  0 1  0 0  0 0
     6  -.8900821686312975E-06   1   0 0  0 0  0 1  0 0
     7  -.8888843379968056E-06   1   0 0  0 0  0 0  1 0
     8  0.1778966508733711E-05   1   0 0  0 0  0 0  0 1
     9  -.2054379851762649       2   2 0  0 0  0 0  0 0
    10  -.3667652292934901       2   1 1  0 0  0 0  0 0
    11  -.1644788621880284       2   0 2  0 0  0 0  0 0
    12  0.7950762609478417E-03   2   1 0  1 0  0 0  0 0
    13  0.2213618747905400E-03   2   0 1  1 0  0 0  0 0
    14  0.1382869842235786       2   0 0  2 0  0 0  0 0
    15  0.8430370847504209E-03   2   1 0  0 1  0 0  0 0
    16  0.3799619586354884E-03   2   0 1  0 1  0 0  0 0
    17  0.2461615149176931       2   0 0  1 1  0 0  0 0
    18  0.1104975087064154       2   0 0  0 2  0 0  0 0
    19  -.4313346794509755       2   1 0  0 0  0 1  0 0
    20  -1.300420904699193       2   0 1  0 0  0 1  0 0
    21  -.1300062834848666E-04   2   0 0  1 0  0 1  0 0
    22  -.2192822641162359E-04   2   0 0  0 1  0 1  0 0
    23  -.4307542095674706       2   1 0  0 0  0 0  1 0
    24  -1.298670859532364       2   0 1  0 0  0 0  1 0
    25  -.1298313271555366E-04   2   0 0  1 0  0 0  1 0
    26  -.2189871643796035E-04   2   0 0  0 1  0 0  1 0
    27  0.8620888890568459       2   1 0  0 0  0 0  0 1
    28  0.7596378317265197       2   0 1  0 0  0 0  0 1
    29  0.2598373637285441E-04   2   0 0  1 0  0 0  0 1
    30  0.2307207058307828E-04   2   0 0  0 1  0 0  0 1
    31  0.3414924626886757E-06   2   0 0  0 0  0 2  0 0
    32  -.2056046002091836E-06   2   0 0  0 0  0 1  1 0
    33  0.3411712447177489E-06   2   0 0  0 0  0 0  2 0
    34  0.4126346638146654E-06   2   0 0  0 0  0 1  0 1
    35  0.4120793595309995E-06   2   0 0  0 0  0 0  1 1
    36  -.1301833793853148E-05   2   0 0  0 0  0 0  0 2
    37   3.731962288920195       3   3 0  0 0  0 0  0 0
    38   15.52555891727196       3   2 1  0 0  0 0  0 0
    39   19.77470519961129       3   1 2  0 0  0 0  0 0
    40   8.860688726161500       3   0 3  0 0  0 0  0 0
    41  -.1505153155882918E-01   3   2 0  1 0  0 0  0 0
    42  -.2633599696781607E-01   3   1 1  1 0  0 0  0 0
    43  -.1153407319024325E-01   3   0 2  1 0  0 0  0 0
    44  -1.958720858206720       3   1 0  2 0  0 0  0 0
    45  0.6385083182620982       3   0 1  2 0  0 0  0 0
    46  0.3473411246514251E-02   3   0 0  3 0  0 0  0 0
    47  -.1365800309650337E-01   3   2 0  0 1  0 0  0 0
    48  -.2408218687715065E-01   3   1 1  0 1  0 0  0 0
    49  -.1062032080035870E-01   3   0 2  0 1  0 0  0 0
    50  -6.174483477600685       3   1 0  1 1  0 0  0 0
    51  -1.979160802902798       3   0 1  1 1  0 0  0 0
    52  0.9198493601231485E-02   3   0 0  2 1  0 0  0 0
    53  -3.095415434404992       3   1 0  0 2  0 0  0 0
    54  -.5864431861903855       3   0 1  0 2  0 0  0 0
    55  0.8201965337592614E-02   3   0 0  1 2  0 0  0 0
    56  0.2474273446142264E-02   3   0 0  0 3  0 0  0 0
    57  0.1332810475034543       3   2 0  0 0  0 1  0 0
    58  0.4205401696811183       3   1 1  0 0  0 1  0 0
    59  0.2703684808363584       3   0 2  0 0  0 1  0 0
    60  -.3847876782976566E-03   3   1 0  1 0  0 1  0 0
    61  -.1403032032342350E-03   3   0 1  1 0  0 1  0 0
    62  -.6406382274388385E-01   3   0 0  2 0  0 1  0 0
    63  -.9450269485018705E-03   3   1 0  0 1  0 1  0 0
    64  -.6032963184161297E-03   3   0 1  0 1  0 1  0 0
    65  -.2360604381296033       3   0 0  1 1  0 1  0 0
    66  -.1608493969643434       3   0 0  0 2  0 1  0 0
    67  0.1331016841510390       3   2 0  0 0  0 0  1 0
    68  0.4199742265401268       3   1 1  0 0  0 0  1 0
    69  0.2700046316768708       3   0 2  0 0  0 0  1 0
    70  -.3842698491746200E-03   3   1 0  1 0  0 0  1 0
    71  -.1401143897955860E-03   3   0 1  1 0  0 0  1 0
    72  -.6397760867045872E-01   3   0 0  2 0  0 0  1 0
    73  -.9437551757721555E-03   3   1 0  0 1  0 0  1 0
    74  -.6024844306631785E-03   3   0 1  0 1  0 0  1 0
    75  -.2357427591171119       3   0 0  1 1  0 0  1 0
    76  -.1606329334264783       3   0 0  0 2  0 0  1 0
    77  -.2663831389774609       3   2 0  0 0  0 0  0 1
    78  -.4737498453204052       3   1 1  0 0  0 0  0 1
    79  -.2114156705903830       3   0 2  0 0  0 0  0 1
    80  0.7680743784999856E-03   3   1 0  1 0  0 0  0 1
    81  0.5806960570585537E-04   3   0 1  1 0  0 0  0 1
    82  0.1280416239963673       3   0 0  2 0  0 0  0 1
    83  0.1044716933882743E-02   3   1 0  0 1  0 0  0 1
    84  0.4448204274173017E-03   3   0 1  0 1  0 0  0 1
    85  0.2256419839715744       3   0 0  1 1  0 0  0 1
    86  0.1004874296401791       3   0 0  0 2  0 0  0 1
    87  0.3439197736622061       3   1 0  0 0  0 2  0 0
    88   1.182323314119714       3   0 1  0 0  0 2  0 0
    89  0.1035921218045051E-04   3   0 0  1 0  0 2  0 0
    90  0.2280093174897502E-04   3   0 0  0 1  0 2  0 0
    91  0.2567394894511466       3   1 0  0 0  0 1  1 0
    92   1.064541458898268       3   0 1  0 0  0 1  1 0
    93  0.7632150251759940E-05   3   0 0  1 0  0 1  1 0
    94  0.2358352908842942E-04   3   0 0  0 1  0 1  1 0
    95  0.3432841886865936       3   1 0  0 0  0 0  2 0
    96   1.180015894261898       3   0 1  0 0  0 0  2 0
    97  0.1034013574685192E-04   3   0 0  1 0  0 0  2 0
    98  0.2275437852864576E-04   3   0 0  0 1  0 0  2 0
    99  -.5132449293296204       3   1 0  0 0  0 1  0 1
   100  -.8283472720245693       3   0 1  0 0  0 1  0 1
   101  -.1519914370717699E-04   3   0 0  1 0  0 1  0 1
   102  -.2514442370156084E-04   3   0 0  0 1  0 1  0 1
   103  -.5125542284921254       3   1 0  0 0  0 0  1 1
   104  -.8272325213045340       3   0 1  0 0  0 0  1 1
   105  -.1517868941588674E-04   3   0 0  1 0  0 0  1 1
   106  -.2511058552115894E-04   3   0 0  0 1  0 0  1 1
   107  0.8185528967572597E-01   3   1 0  0 0  0 0  0 2
   108  0.6815223929613690E-01   3   0 1  0 0  0 0  0 2
   109  0.2110355087651377E-05   3   0 0  1 0  0 0  0 2
   110  0.1995930768253056E-05   3   0 0  0 1  0 0  0 2
   111  -.5706296628138897E-07   3   0 0  0 0  0 3  0 0
   112  0.5112856547741063E-06   3   0 0  0 0  0 2  1 0
   113  0.5101385246064783E-06   3   0 0  0 0  0 1  2 0
   114  -.5729134646175050E-07   3   0 0  0 0  0 0  3 0
   115  -.1023446515599017E-05   3   0 0  0 0  0 2  0 1
   116  -.1632487428513640E-05   3   0 0  0 0  0 1  1 1
   117  -.1020970747189307E-05   3   0 0  0 0  0 0  2 1
   118  0.1427103144455369E-05   3   0 0  0 0  0 1  0 2
   119  0.1425182616300439E-05   3   0 0  0 0  0 0  1 2
   120  -.8292114662311691E-07   3   0 0  0 0  0 0  0 3
   121  -26.39573646342138       4   4 0  0 0  0 0  0 0
   122  -98.19842374876120       4   3 1  0 0  0 0  0 0
   123  -137.6538184219485       4   2 2  0 0  0 0  0 0
   124  -86.31882494073622       4   1 3  0 0  0 0  0 0
   125  -20.45693825917941       4   0 4  0 0  0 0  0 0
   126  -.1148512959191427E-01   4   3 0  1 0  0 0  0 0
   127  -.3286974673029462E-01   4   2 1  1 0  0 0  0 0
   128  -.3378759930786249E-01   4   1 2  1 0  0 0  0 0
   129  -.1227601685384417E-01   4   0 3  1 0  0 0  0 0
   130   89.77598138723141       4   2 0  2 0  0 0  0 0
   131   158.2769693260722       4   1 1  2 0  0 0  0 0
   132   70.30077745412333       4   0 2  2 0  0 0  0 0
   133  0.7156576250774080E-02   4   1 0  3 0  0 0  0 0
   134  0.5530580584179344E-02   4   0 1  3 0  0 0  0 0
   135  -10.33800781531887       4   0 0  4 0  0 0  0 0
   136  -.8933165657835310E-02   4   3 0  0 1  0 0  0 0
   137  -.2383637667915264E-01   4   2 1  0 1  0 0  0 0
   138  -.2237798737113242E-01   4   1 2  0 1  0 0  0 0
   139  -.7483350893495469E-02   4   0 3  0 1  0 0  0 0
   140   164.8311693257218       4   2 0  1 1  0 0  0 0
   141   292.7911542311775       4   1 1  1 1  0 0  0 0
   142   131.1180358881969       4   0 2  1 1  0 0  0 0
   143  0.1953609613136095E-01   4   1 0  2 1  0 0  0 0
   144  0.1573588335158207E-01   4   0 1  2 1  0 0  0 0
   145  -36.36551882663582       4   0 0  3 1  0 0  0 0
   146   76.06595403616498       4   2 0  0 2  0 0  0 0
   147   135.9582691544990       4   1 1  0 2  0 0  0 0
   148   61.30157649370631       4   0 2  0 2  0 0  0 0
   149  0.1703263646007900E-01   4   1 0  1 2  0 0  0 0
   150  0.1412848394556812E-01   4   0 1  1 2  0 0  0 0
   151  -48.28741773060287       4   0 0  2 2  0 0  0 0
   152  0.5328747026107317E-02   4   1 0  0 3  0 0  0 0
   153  0.4481643281849460E-02   4   0 1  0 3  0 0  0 0
   154  -28.57105554330051       4   0 0  1 3  0 0  0 0
   155  -6.329750232834400       4   0 0  0 4  0 0  0 0
   156  -6.235633067120604       4   3 0  0 0  0 1  0 0
   157  -29.69270147561101       4   2 1  0 0  0 1  0 0
   158  -44.57884804547403       4   1 2  0 0  0 1  0 0
   159  -22.58376108649306       4   0 3  0 0  0 1  0 0
   160  0.1356618711688523E-02   4   2 0  1 0  0 1  0 0
   161  0.1382292538973641E-01   4   1 1  1 0  0 1  0 0
   162  0.1094515578398070E-01   4   0 2  1 0  0 1  0 0
   163  0.5673795683277276       4   1 0  2 0  0 1  0 0
   164  -1.424068830927044       4   0 1  2 0  0 1  0 0
   165  -.5028273487574043E-03   4   0 0  3 0  0 1  0 0
   166  0.7003282865019105E-02   4   2 0  0 1  0 1  0 0
   167  0.2263506689925176E-01   4   1 1  0 1  0 1  0 0
   168  0.1439745515331978E-01   4   0 2  0 1  0 1  0 0
   169   6.887226177504173       4   1 0  1 1  0 1  0 0
   170   2.904261554827321       4   0 1  1 1  0 1  0 0
   171  -.5448600475590147E-02   4   0 0  2 1  0 1  0 0
   172   5.536998102147363       4   1 0  0 2  0 1  0 0
   173   1.951483709021477       4   0 1  0 2  0 1  0 0
   174  -.8495178249061000E-02   4   0 0  1 2  0 1  0 0
   175  -.3659799118179382E-02   4   0 0  0 3  0 1  0 0
   176  -6.227241446014496       4   3 0  0 0  0 0  1 0
   177  -29.65274243733526       4   2 1  0 0  0 0  1 0
   178  -44.51885593270453       4   1 2  0 0  0 0  1 0
   179  -22.55336892515926       4   0 3  0 0  0 0  1 0
   180  0.1354793038161518E-02   4   2 0  1 0  0 0  1 0
   181  0.1380432314819870E-01   4   1 1  1 0  0 0  1 0
   182  0.1093042630915388E-01   4   0 2  1 0  0 0  1 0
   183  0.5666160156443379       4   1 0  2 0  0 0  1 0
   184  -1.422152386208416       4   0 1  2 0  0 0  1 0
   185  -.5021506674088786E-03   4   0 0  3 0  0 0  1 0
   186  0.6993858176992600E-02   4   2 0  0 1  0 0  1 0
   187  0.2260460569297238E-01   4   1 1  0 1  0 0  1 0
   188  0.1437807973670293E-01   4   0 2  0 1  0 0  1 0
   189   6.877957673098215       4   1 0  1 1  0 0  1 0
   190   2.900353136499962       4   0 1  1 1  0 0  1 0
   191  -.5441268005853740E-02   4   0 0  2 1  0 0  1 0
   192   5.529546671051182       4   1 0  0 2  0 0  1 0
   193   1.948857494216132       4   0 1  0 2  0 0  1 0
   194  -.8483745838537293E-02   4   0 0  1 2  0 0  1 0
   195  -.3654873933006493E-02   4   0 0  0 3  0 0  1 0
   196   12.45940888339294       4   3 0  0 0  0 0  0 1
   197   43.80913763126232       4   2 1  0 0  0 0  0 1
   198   49.53716465296742       4   1 2  0 0  0 0  0 1
   199   18.55121464063048       4   0 3  0 0  0 0  0 1
   200  0.2075649174935754E-02   4   2 0  1 0  0 0  0 1
   201  0.4434434565214335E-02   4   1 1  1 0  0 0  0 1
   202  0.2366575381710329E-02   4   0 2  1 0  0 0  0 1
   203  -1.129221795890451       4   1 0  2 0  0 0  0 1
   204   2.212466331855333       4   0 1  2 0  0 0  0 1
   205  -.9418455601616961E-04   4   0 0  3 0  0 0  0 1
   206  0.2279118074553323E-02   4   2 0  0 1  0 0  0 1
   207  0.4730911470638642E-02   4   1 1  0 1  0 0  0 1
   208  0.2475547598323399E-02   4   0 2  0 1  0 0  0 1
   209  -7.580799254877438       4   1 0  1 1  0 0  0 1
   210  -1.836375822257057       4   0 1  1 1  0 0  0 1
   211  -.3643210861714511E-03   4   0 0  2 1  0 0  0 1
   212  -4.870545150240666       4   1 0  0 2  0 0  0 1
   213  -2.135807453611285       4   0 1  0 2  0 0  0 1
   214  -.4032046546486956E-03   4   0 0  1 2  0 0  0 1
   215  -.1230330495016764E-03   4   0 0  0 3  0 0  0 1
   216  -.1195733369860574       4   2 0  0 0  0 2  0 0
   217  -.4695471581096966       4   1 1  0 0  0 2  0 0
   218  -.3662940820116882       4   0 2  0 0  0 2  0 0
   219  -.3458236281479612E-03   4   1 0  1 0  0 2  0 0
   220  -.2264768375705189E-03   4   0 1  1 0  0 2  0 0
   221  0.4549782213699191E-01   4   0 0  2 0  0 2  0 0
   222  0.4580003028191439E-03   4   1 0  0 1  0 2  0 0
   223  0.5322665493829301E-03   4   0 1  0 1  0 2  0 0
   224  0.2286842009625616       4   0 0  1 1  0 2  0 0
   225  0.1962064627193705       4   0 0  0 2  0 2  0 0
   226  -.1040821971009927       4   2 0  0 0  0 1  1 0
   227  -.5144286238412441       4   1 1  0 0  0 1  1 0
   228  -.4595652603013063       4   0 2  0 0  0 1  1 0
   229  -.5121042997920811E-03   4   1 0  1 0  0 1  1 0
   230  -.3504676543118804E-03   4   0 1  1 0  0 1  1 0
   231  0.2770779251733267E-01   4   0 0  2 0  0 1  1 0
   232  0.4746981462500911E-03   4   1 0  0 1  0 1  1 0
   233  0.6642817877472432E-03   4   0 1  0 1  0 1  1 0
   234  0.2223685229206878       4   0 0  1 1  0 1  1 0
   235  0.2319282045129812       4   0 0  0 2  0 1  1 0
   236  -.1193423863666213       4   2 0  0 0  0 0  2 0
   237  -.4685691167744100       4   1 1  0 0  0 0  2 0
   238  -.3654919100645808       4   0 2  0 0  0 0  2 0
   239  -.3450136520912983E-03   4   1 0  1 0  0 0  2 0
   240  -.2259362342898411E-03   4   0 1  1 0  0 0  2 0
   241  0.4541794939152498E-01   4   0 0  2 0  0 0  2 0
   242  0.4570645343996901E-03   4   1 0  0 1  0 0  2 0
   243  0.5311032705839025E-03   4   0 1  0 1  0 0  2 0
   244  0.2282268220032794       4   0 0  1 1  0 0  2 0
   245  0.1957863582851153       4   0 0  0 2  0 0  2 0
   246  0.2056995620357085       4   2 0  0 0  0 1  0 1
   247  0.6018209020920297       4   1 1  0 0  0 1  0 1
   248  0.3737403954822419       4   0 2  0 0  0 1  0 1
   249  0.9040669383820216E-03   4   1 0  1 0  0 1  0 1
   250  0.8925706143599330E-03   4   0 1  1 0  0 1  0 1
   251  -.5597936311392465E-01   4   0 0  2 0  0 1  0 1
   252  0.9172501578601059E-04   4   1 0  0 1  0 1  0 1
   253  0.2231798402951298E-03   4   0 1  0 1  0 1  0 1
   254  -.2093712923351136       4   0 0  1 1  0 1  0 1
   255  -.1427187618059554       4   0 0  0 2  0 1  0 1
   256  0.2054227412593994       4   2 0  0 0  0 0  1 1
   257  0.6010109998848171       4   1 1  0 0  0 0  1 1
   258  0.3732374332717689       4   0 2  0 0  0 0  1 1
   259  0.9028502877035457E-03   4   1 0  1 0  0 0  1 1
   260  0.8913694348925232E-03   4   0 1  1 0  0 0  1 1
   261  -.5590402872526201E-01   4   0 0  2 0  0 0  1 1
   262  0.9160157658261582E-04   4   1 0  0 1  0 0  1 1
   263  0.2228794953841615E-03   4   0 1  0 1  0 0  1 1
   264  -.2090895303172163       4   0 0  1 1  0 0  1 1
   265  -.1425266976224191       4   0 0  0 2  0 0  1 1
   266  -.6989803796899281E-01   4   2 0  0 0  0 0  0 2
   267  -.1223553318656576       4   1 1  0 0  0 0  0 2
   268  -.5352547967461024E-01   4   0 2  0 0  0 0  0 2
   269  -.7414784033184037E-03   4   1 0  1 0  0 0  0 2
   270  -.7062260012398128E-03   4   0 1  1 0  0 0  0 2
   271  -.7342678870653575E-02   4   0 0  2 0  0 0  0 2
   272  -.5962340436869273E-03   4   1 0  0 1  0 0  0 2
   273  -.5781052595869545E-03   4   0 1  0 1  0 0  0 2
   274  -.1541583847204681E-01   4   0 0  1 1  0 0  0 2
   275  -.7768158530387766E-02   4   0 0  0 2  0 0  0 2
   276  -.3006484559884337       4   1 0  0 0  0 3  0 0
   277  -1.132180022584053       4   0 1  0 0  0 3  0 0
   278  -.1349257278445696E-04   4   0 0  1 0  0 3  0 0
   279  -.2866907649804354E-04   4   0 0  0 1  0 3  0 0
   280  -.2141478470380848       4   1 0  0 0  0 2  1 0
   281  -1.031921274627514       4   0 1  0 0  0 2  1 0
   282  -.9000224137346251E-05   4   0 0  1 0  0 2  1 0
   283  -.2843186133477937E-04   4   0 0  0 1  0 2  1 0
   284  -.2143216429679887       4   1 0  0 0  0 1  2 0
   285  -1.032120584221178       4   0 1  0 0  0 1  2 0
   286  -.9009255870382817E-05   4   0 0  1 0  0 1  2 0
   287  -.2843226230252953E-04   4   0 0  0 1  0 1  2 0
   288  -.2998976574465693       4   1 0  0 0  0 0  3 0
   289  -1.129201151110450       4   0 1  0 0  0 0  3 0
   290  -.1345928840923617E-04   4   0 0  1 0  0 0  3 0
   291  -.2859209891119740E-04   4   0 0  0 1  0 0  3 0
   292  0.4282302839106487       4   1 0  0 0  0 2  0 1
   293  0.8814650792928527       4   0 1  0 0  0 2  0 1
   294  0.1655639059871092E-04   4   0 0  1 0  0 2  0 1
   295  0.3117935572973935E-04   4   0 0  0 1  0 2  0 1
   296  0.3434348149510560       4   1 0  0 0  0 1  1 1
   297  0.9344298581304877       4   0 1  0 0  0 1  1 1
   298  0.1215537885996433E-04   4   0 0  1 0  0 1  1 1
   299  0.3118643880316751E-04   4   0 0  0 1  0 1  1 1
   300  0.4274229025821386       4   1 0  0 0  0 0  2 1
   301  0.8796500892986936       4   0 1  0 0  0 0  2 1
   302  0.1652593072051563E-04   4   0 0  1 0  0 0  2 1
   303  0.3111641140244280E-04   4   0 0  0 1  0 0  2 1
   304  -.8668866425733292E-01   4   1 0  0 0  0 1  0 2
   305  -.1061445590614681       4   0 1  0 0  0 1  0 2
   306  -.9611519725068129E-06   4   0 0  1 0  0 1  0 2
   307  -.1698945684735206E-05   4   0 0  0 1  0 1  0 2
   308  -.8657200273846889E-01   4   1 0  0 0  0 0  1 2
   309  -.1060017147163018       4   0 1  0 0  0 0  1 2
   310  -.9598584994796775E-06   4   0 0  1 0  0 0  1 2
   311  -.1696659323701191E-05   4   0 0  0 1  0 0  1 2
   312  0.3182157000941010E-02   4   1 0  0 0  0 0  0 3
   313  0.2562144835831331E-02   4   0 1  0 0  0 0  0 3
   314  0.2006800836281813E-06   4   0 0  1 0  0 0  0 3
   315  0.1621431835589362E-06   4   0 0  0 1  0 0  0 3
   316  -.3596659449413234E-04   4   0 0  0 0  0 4  0 0
   317  -.2554578283800918E-04   4   0 0  0 0  0 3  1 0
   318  -.2417837475653278E-04   4   0 0  0 0  0 2  2 0
   319  -.2557551729876973E-04   4   0 0  0 0  0 1  3 0
   320  -.3585266774287751E-04   4   0 0  0 0  0 0  4 0
   321  0.1171059668126708E-04   4   0 0  0 0  0 3  0 1
   322  0.1242618310219553E-04   4   0 0  0 0  0 2  1 1
   323  0.1242470678574619E-04   4   0 0  0 0  0 1  2 1
   324  0.1167860730829702E-04   4   0 0  0 0  0 0  3 1
   325  -.1095801472942760E-05   4   0 0  0 0  0 2  0 2
   326  -.1371129882034259E-05   4   0 0  0 0  0 1  1 2
   327  -.1093404193975777E-05   4   0 0  0 0  0 0  2 2
   328  0.3514138055809601E-07   4   0 0  0 0  0 1  0 3
   329  0.3509408894429681E-07   4   0 0  0 0  0 0  1 3
   330  -.8986051160476080E-14   4   0 0  0 0  0 0  0 4
   ----------------------------------------------------
     I  COEFFICIENT            ORDER EXPONENTS
     1  0.5304215282802964E-04   0   0 0  0 0  0 0  0 0
     2   3.737630000927277       1   1 0  0 0  0 0  0 0
     3   4.415958012314697       1   0 1  0 0  0 0  0 0
     4  0.1065887948807906E-03   1   0 0  1 0  0 0  0 0
     5  0.9826837351300090E-04   1   0 0  0 1  0 0  0 0
     6  0.3070991331788555E-05   1   0 0  0 0  0 1  0 0
     7  0.3066858536385451E-05   1   0 0  0 0  0 0  1 0
     8  0.4690430296968520E-04   1   0 0  0 0  0 0  0 1
     9  -1.052533968773640       2   2 0  0 0  0 0  0 0
    10  -1.922560017186658       2   1 1  0 0  0 0  0 0
    11  -.8821496581861767       2   0 2  0 0  0 0  0 0
    12  0.5017714539013196E-02   2   1 0  1 0  0 0  0 0
    13  0.3669699885234530E-02   2   0 1  1 0  0 0  0 0
    14  0.6137222017879863       2   0 0  2 0  0 0  0 0
    15  0.4716417279297751E-02   2   1 0  0 1  0 0  0 0
    16  0.3572631778933169E-02   2   0 1  0 1  0 0  0 0
    17   1.120606072755434       2   0 0  1 1  0 0  0 0
    18  0.5171398233013096       2   0 0  0 2  0 0  0 0
    19  -.2785578065059026       2   1 0  0 0  0 1  0 0
    20  -1.944728086958185       2   0 1  0 0  0 1  0 0
    21  -.6922928588378925E-05   2   0 0  1 0  0 1  0 0
    22  -.5592926106041161E-04   2   0 0  0 1  0 1  0 0
    23  -.2781829365378825       2   1 0  0 0  0 0  1 0
    24  -1.942110963550616       2   0 1  0 0  0 0  1 0
    25  -.6913612037350942E-05   2   0 0  1 0  0 0  1 0
    26  -.5585399409673122E-04   2   0 0  0 1  0 0  1 0
    27   4.294370744177699       2   1 0  0 0  0 0  0 1
    28   3.886839050711982       2   0 1  0 0  0 0  0 1
    29  0.1204251690140007E-03   2   0 0  1 0  0 0  0 1
    30  0.1117830890645512E-03   2   0 0  0 1  0 0  0 1
    31  -.2464838385465475E-05   2   0 0  0 0  0 2  0 0
    32  -.1860305824194393E-05   2   0 0  0 0  0 1  1 0
    33  -.2460269566176866E-05   2   0 0  0 0  0 0  2 0
    34  0.6789984785123583E-05   2   0 0  0 0  0 1  0 1
    35  0.6780847143600772E-05   2   0 0  0 0  0 0  1 1
    36  -.6785415667329553E-05   2   0 0  0 0  0 0  0 2
    37  -23.17481158675523       3   3 0  0 0  0 0  0 0
    38  -66.90590031013139       3   2 1  0 0  0 0  0 0
    39  -66.01969466863916       3   1 2  0 0  0 0  0 0
    40  -20.45311128516405       3   0 3  0 0  0 0  0 0
    41  -.7597706326683860E-01   3   2 0  1 0  0 0  0 0
    42  -.1369636458632135       3   1 1  1 0  0 0  0 0
    43  -.6200755981260646E-01   3   0 2  1 0  0 0  0 0
    44  -23.61678925380417       3   1 0  2 0  0 0  0 0
    45  -18.17570358754848       3   0 1  2 0  0 0  0 0
    46  0.1500515429826789E-01   3   0 0  3 0  0 0  0 0
    47  -.7214796542559916E-01   3   2 0  0 1  0 0  0 0
    48  -.1312894815460068       3   1 1  0 1  0 0  0 0
    49  -.5994407784575265E-01   3   0 2  0 1  0 0  0 0
    50  -51.45547054824807       3   1 0  1 1  0 0  0 0
    51  -41.94122116817071       3   0 1  1 1  0 0  0 0
    52  0.4058202521026531E-01   3   0 0  2 1  0 0  0 0
    53  -24.85975279575379       3   1 0  0 2  0 0  0 0
    54  -19.20991692885817       3   0 1  0 2  0 0  0 0
    55  0.3696859648878623E-01   3   0 0  1 2  0 0  0 0
    56  0.1139920685393911E-01   3   0 0  0 3  0 0  0 0
    57  0.2152673272375875       3   2 0  0 0  0 1  0 0
    58   1.344647201031959       3   1 1  0 0  0 1  0 0
    59   1.052769497318874       3   0 2  0 0  0 1  0 0
    60  -.1764212760207136E-02   3   1 0  1 0  0 1  0 0
    61  -.3098904694313345E-02   3   0 1  1 0  0 1  0 0
    62  0.2353845685025310E-01   3   0 0  2 0  0 1  0 0
    63  -.4331519788696821E-02   3   1 0  0 1  0 1  0 0
    64  -.5105921310155423E-02   3   0 1  0 1  0 1  0 0
    65  -.5090521999763763       3   0 0  1 1  0 1  0 0
    66  -.4906746632302313       3   0 0  0 2  0 1  0 0
    67  0.2149776306137787       3   2 0  0 0  0 0  1 0
    68   1.342837638199818       3   1 1  0 0  0 0  1 0
    69   1.051352729744680       3   0 2  0 0  0 0  1 0
    70  -.1761838565818922E-02   3   1 0  1 0  0 0  1 0
    71  -.3094734334422067E-02   3   0 1  1 0  0 0  1 0
    72  0.2350677990435259E-01   3   0 0  2 0  0 0  1 0
    73  -.4325690633502655E-02   3   1 0  0 1  0 0  1 0
    74  -.5099050001889955E-02   3   0 1  0 1  0 0  1 0
    75  -.5083671415164478       3   0 0  1 1  0 0  1 0
    76  -.4900143363931522       3   0 0  0 2  0 0  1 0
    77  -1.482782346348715       3   2 0  0 0  0 0  0 1
    78  -2.687490621872052       3   1 1  0 0  0 0  0 1
    79  -1.221975015938135       3   0 2  0 0  0 0  0 1
    80  0.8538775776778142E-02   3   1 0  1 0  0 0  0 1
    81  0.6188702405230016E-02   3   0 1  1 0  0 0  0 1
    82  0.5666787907266683       3   0 0  2 0  0 0  0 1
    83  0.8651790618540482E-02   3   1 0  0 1  0 0  0 1
    84  0.6626903686923160E-02   3   0 1  0 1  0 0  0 1
    85   1.017422420365720       3   0 0  1 1  0 0  0 1
    86  0.4635504690021364       3   0 0  0 2  0 0  0 1
    87  0.2159873953604658       3   1 0  0 0  0 2  0 0
    88   1.581890677081270       3   0 1  0 0  0 2  0 0
    89  0.4701307933788394E-05   3   0 0  1 0  0 2  0 0
    90  0.4482164063079507E-04   3   0 0  0 1  0 2  0 0
    91  0.1535843456329587       3   1 0  0 0  0 1  1 0
    92   1.220025891428953       3   0 1  0 0  0 1  1 0
    93  0.2437953468890261E-05   3   0 0  1 0  0 1  1 0
    94  0.3372760667830499E-04   3   0 0  0 1  0 1  1 0
    95  0.2155933864158365       3   1 0  0 0  0 0  2 0
    96   1.578940916486551       3   0 1  0 0  0 0  2 0
    97  0.4693340693698436E-05   3   0 0  1 0  0 0  2 0
    98  0.4473862726743341E-04   3   0 0  0 1  0 0  2 0
    99  -.5855580398878734       3   1 0  0 0  0 1  0 1
   100  -2.439078215017055       3   0 1  0 0  0 1  0 1
   101  -.1194122828126615E-04   3   0 0  1 0  0 1  0 1
   102  -.6756426635219820E-04   3   0 0  0 1  0 1  0 1
   103  -.5847700234741900       3   1 0  0 0  0 0  1 1
   104  -2.435795818505061       3   0 1  0 0  0 0  1 1
   105  -.1192515833901589E-04   3   0 0  1 0  0 0  1 1
   106  -.6747334154673498E-04   3   0 0  0 1  0 0  1 1
   107  0.5851633928829616       3   1 0  0 0  0 0  0 2
   108  0.4940169545533093       3   0 1  0 0  0 0  0 2
   109  0.1194646858270782E-04   3   0 0  1 0  0 0  0 2
   110  0.1169057335275250E-04   3   0 0  0 1  0 0  0 2
   111  0.2163429369592509E-05   3   0 0  0 0  0 3  0 0
   112  0.1563183493808478E-05   3   0 0  0 0  0 2  1 0
   113  0.1564389290603655E-05   3   0 0  0 0  0 1  2 0
   114  0.2158011796464304E-05   3   0 0  0 0  0 0  3 0
   115  -.5593237637603225E-05   3   0 0  0 0  0 2  0 1
   116  -.4400613677735548E-05   3   0 0  0 0  0 1  1 1
   117  -.5582749452744183E-05   3   0 0  0 0  0 0  2 1
   118  0.4400790161930056E-05   3   0 0  0 0  0 1  0 2
   119  0.4394867785931675E-05   3   0 0  0 0  0 0  1 2
   120  -.6703050077724047E-06   3   0 0  0 0  0 0  0 3
   121  -115.6272305655696       4   4 0  0 0  0 0  0 0
   122  -428.7848486761831       4   3 1  0 0  0 0  0 0
   123  -598.5081005859245       4   2 2  0 0  0 0  0 0
   124  -373.5501905095425       4   1 3  0 0  0 0  0 0
   125  -88.14307923425804       4   0 4  0 0  0 0  0 0
   126  -.5326520270684842E-01   4   3 0  1 0  0 0  0 0
   127  -.1383127679007993       4   2 1  1 0  0 0  0 0
   128  -.1200616444514508       4   1 2  1 0  0 0  0 0
   129  -.3289012501580483E-01   4   0 3  1 0  0 0  0 0
   130   418.9657971973357       4   2 0  2 0  0 0  0 0
   131   748.8915704701649       4   1 1  2 0  0 0  0 0
   132   336.2647083947306       4   0 2  2 0  0 0  0 0
   133  0.3899172730688843E-01   4   1 0  3 0  0 0  0 0
   134  0.3776054703558351E-01   4   0 1  3 0  0 0  0 0
   135  -45.59951933170804       4   0 0  4 0  0 0  0 0
   136  -.5038587753082022E-01   4   3 0  0 1  0 0  0 0
   137  -.1329868848216103       4   2 1  0 1  0 0  0 0
   138  -.1153556711104193       4   1 2  0 1  0 0  0 0
   139  -.3130764850460767E-01   4   0 3  0 1  0 0  0 0
   140   789.2625875614275       4   2 0  1 1  0 0  0 0
   141   1422.002189281138       4   1 1  1 1  0 0  0 0
   142   644.0773196139414       4   0 2  1 1  0 0  0 0
   143  0.1136928806368801       4   1 0  2 1  0 0  0 0
   144  0.1102817868527662       4   0 1  2 1  0 0  0 0
   145  -163.4602326604428       4   0 0  3 1  0 0  0 0
   146   374.6747504553250       4   2 0  0 2  0 0  0 0
   147   679.3905439362005       4   1 1  0 2  0 0  0 0
   148   309.8978336893578       4   0 2  0 2  0 0  0 0
   149  0.1104951718619964       4   1 0  1 2  0 0  0 0
   150  0.1088911491048653       4   0 1  1 2  0 0  0 0
   151  -221.8064422015330       4   0 0  2 2  0 0  0 0
   152  0.3792452793758153E-01   4   1 0  0 3  0 0  0 0
   153  0.3793487916813900E-01   4   0 1  0 3  0 0  0 0
   154  -134.5483195427231       4   0 0  1 3  0 0  0 0
   155  -30.67121750437635       4   0 0  0 4  0 0  0 0
   156   19.50207323072650       4   3 0  0 0  0 1  0 0
   157   88.74604365229261       4   2 1  0 0  0 1  0 0
   158   118.3071849272687       4   1 2  0 0  0 1  0 0
   159   47.04914738878159       4   0 3  0 0  0 1  0 0
   160  -.6481332251152783E-02   4   2 0  1 0  0 1  0 0
   161  0.4843847397104883E-01   4   1 1  1 0  0 1  0 0
   162  0.4886883048185926E-01   4   0 2  1 0  0 1  0 0
   163   6.414172832745616       4   1 0  2 0  0 1  0 0
   164   12.81959255711869       4   0 1  2 0  0 1  0 0
   165  0.1296099625587202E-02   4   0 0  3 0  0 1  0 0
   166  0.2365025002101447E-01   4   2 0  0 1  0 1  0 0
   167  0.9984073473774373E-01   4   1 1  0 1  0 1  0 0
   168  0.7125288484854291E-01   4   0 2  0 1  0 1  0 0
   169   42.74561829782551       4   1 0  1 1  0 1  0 0
   170   54.08767740126792       4   0 1  1 1  0 1  0 0
   171  -.1397357516187376E-01   4   0 0  2 1  0 1  0 0
   172   34.62839181590726       4   1 0  0 2  0 1  0 0
   173   36.30219373574535       4   0 1  0 2  0 1  0 0
   174  -.2831331813527822E-01   4   0 0  1 2  0 1  0 0
   175  -.1345910273964833E-01   4   0 0  0 3  0 1  0 0
   176   19.47582825967251       4   3 0  0 0  0 0  1 0
   177   88.62661340919799       4   2 1  0 0  0 0  1 0
   178   118.1479726934141       4   1 2  0 0  0 0  1 0
   179   46.98583086357390       4   0 3  0 0  0 0  1 0
   180  -.6472609979663872E-02   4   2 0  1 0  0 0  1 0
   181  0.4837328775560452E-01   4   1 1  1 0  0 0  1 0
   182  0.4880306511290481E-01   4   0 2  1 0  0 0  1 0
   183   6.405540941236803       4   1 0  2 0  0 0  1 0
   184   12.80234055362180       4   0 1  2 0  0 0  1 0
   185  0.1294355395794148E-02   4   0 0  3 0  0 0  1 0
   186  0.2361842262913376E-01   4   2 0  0 1  0 0  1 0
   187  0.9970637378226428E-01   4   1 1  0 1  0 0  1 0
   188  0.7115699607414566E-01   4   0 2  0 1  0 0  1 0
   189   42.68809325925153       4   1 0  1 1  0 0  1 0
   190   54.01488875408528       4   0 1  1 1  0 0  1 0
   191  -.1395477018297268E-01   4   0 0  2 1  0 0  1 0
   192   34.58179055818103       4   1 0  0 2  0 0  1 0
   193   36.25333995427894       4   0 1  0 2  0 0  1 0
   194  -.2827521540609220E-01   4   0 0  1 2  0 0  1 0
   195  -.1344099011348686E-01   4   0 0  0 3  0 0  1 0
   196  -62.16566357780068       4   3 0  0 0  0 0  0 1
   197  -177.4136803957171       4   2 1  0 0  0 0  0 1
   198  -170.4789458101762       4   1 2  0 0  0 0  0 1
   199  -53.14416773172037       4   0 3  0 0  0 0  0 1
   200  -.1022370303260877E-02   4   2 0  1 0  0 0  0 1
   201  -.1724885419902404E-02   4   1 1  1 0  0 0  0 1
   202  -.7073484831622082E-03   4   0 2  1 0  0 0  0 1
   203  -36.41303528296759       4   1 0  2 0  0 0  0 1
   204  -25.59924406030757       4   0 1  2 0  0 0  0 1
   205  -.1083922885276412E-02   4   0 0  3 0  0 0  0 1
   206  -.4646608442203572E-03   4   2 0  0 1  0 0  0 1
   207  -.9444390332540134E-03   4   1 1  0 1  0 0  0 1
   208  -.3985808969369366E-03   4   0 2  0 1  0 0  0 1
   209  -85.38374959979252       4   1 0  1 1  0 0  0 1
   210  -66.11212469961637       4   0 1  1 1  0 0  0 1
   211  -.3337812093142794E-02   4   0 0  2 1  0 0  0 1
   212  -44.32339702742244       4   1 0  0 2  0 0  0 1
   213  -34.10867438991363       4   0 1  0 2  0 0  0 1
   214  -.3362247732571351E-02   4   0 0  1 2  0 0  0 1
   215  -.1051421229323498E-02   4   0 0  0 3  0 0  0 1
   216  -.1744290914723502       4   2 0  0 0  0 2  0 0
   217  -1.219362286694286       4   1 1  0 0  0 2  0 0
   218  -1.187631655309609       4   0 2  0 0  0 2  0 0
   219  -.1045565663532480E-02   4   1 0  1 0  0 2  0 0
   220  0.9601978528532557E-03   4   0 1  1 0  0 2  0 0
   221  -.1277072976967012E-01   4   0 0  2 0  0 2  0 0
   222  0.1517569988508201E-02   4   1 0  0 1  0 2  0 0
   223  0.3844706600468842E-02   4   0 1  0 1  0 2  0 0
   224  0.3653513037024322       4   0 0  1 1  0 2  0 0
   225  0.4749263060535225       4   0 0  0 2  0 2  0 0
   226  -.1372781894282204       4   2 0  0 0  0 1  1 0
   227  -1.102835543233608       4   1 1  0 0  0 1  1 0
   228  -1.326649761143578       4   0 2  0 0  0 1  1 0
   229  -.1249254709916211E-02   4   1 0  1 0  0 1  1 0
   230  0.9735553551784734E-03   4   0 1  1 0  0 1  1 0
   231  -.1201862649048476E-02   4   0 0  2 0  0 1  1 0
   232  0.1564205513594632E-02   4   1 0  0 1  0 1  1 0
   233  0.5041128155616026E-02   4   0 1  0 1  0 1  1 0
   234  0.2227491824435584       4   0 0  1 1  0 1  1 0
   235  0.4593550509189942       4   0 0  0 2  0 1  1 0
   236  -.1741019817627929       4   2 0  0 0  0 0  2 0
   237  -1.216979254345784       4   1 1  0 0  0 0  2 0
   238  -1.185140725236177       4   0 2  0 0  0 0  2 0
   239  -.1043317996481669E-02   4   1 0  1 0  0 0  2 0
   240  0.9582505813779805E-03   4   0 1  1 0  0 0  2 0
   241  -.1275273481835343E-01   4   0 0  2 0  0 0  2 0
   242  0.1514475197307391E-02   4   1 0  0 1  0 0  2 0
   243  0.3836140519174838E-02   4   0 1  0 1  0 0  2 0
   244  0.3647097484603580       4   0 0  1 1  0 0  2 0
   245  0.4739780834239011       4   0 0  0 2  0 0  2 0
   246  0.4913610673794209       4   2 0  0 0  0 1  0 1
   247   2.211478106307727       4   1 1  0 0  0 1  0 1
   248   1.605031283904168       4   0 2  0 0  0 1  0 1
   249  0.1680544424520413E-02   4   1 0  1 0  0 1  0 1
   250  -.1518524742146181E-02   4   0 1  1 0  0 1  0 1
   251  0.2609088615215608E-01   4   0 0  2 0  0 1  0 1
   252  -.2143152657443836E-02   4   1 0  0 1  0 1  0 1
   253  -.4490059322576121E-02   4   0 1  0 1  0 1  0 1
   254  -.4438309135032056       4   0 0  1 1  0 1  0 1
   255  -.4273022415489416       4   0 0  0 2  0 1  0 1
   256  0.4906998168119676       4   2 0  0 0  0 0  1 1
   257   2.208502003295568       4   1 1  0 0  0 0  1 1
   258   1.602871308444769       4   0 2  0 0  0 0  1 1
   259  0.1678282827035206E-02   4   1 0  1 0  0 0  1 1
   260  -.1516481183113793E-02   4   0 1  1 0  0 0  1 1
   261  0.2605577426719305E-01   4   0 0  2 0  0 0  1 1
   262  -.2140268503600733E-02   4   1 0  0 1  0 0  1 1
   263  -.4484016812348965E-02   4   0 1  0 1  0 0  1 1
   264  -.4432336267768391       4   0 0  1 1  0 0  1 1
   265  -.4267271983303218       4   0 0  0 2  0 0  1 1
   266  -.4962532904366177       4   2 0  0 0  0 0  0 2
   267  -.8782352987121856       4   1 1  0 0  0 0  0 2
   268  -.3883830933498263       4   0 2  0 0  0 0  0 2
   269  -.2220646112887616E-04   4   1 0  1 0  0 0  0 2
   270  -.8994895269817407E-04   4   0 1  1 0  0 0  0 2
   271  -.2542067756744919E-01   4   0 0  2 0  0 0  0 2
   272  -.2011443978179784E-04   4   1 0  0 1  0 0  0 2
   273  -.7392844924195412E-04   4   0 1  0 1  0 0  0 2
   274  -.6503406300489585E-01   4   0 0  1 1  0 0  0 2
   275  -.3678076494999996E-01   4   0 0  0 2  0 0  0 2
   276  -.1848551148684839       4   1 0  0 0  0 3  0 0
   277  -1.403608798919076       4   0 1  0 0  0 3  0 0
   278  -.5823971312793650E-05   4   0 0  1 0  0 3  0 0
   279  -.4577890361214209E-04   4   0 0  0 1  0 3  0 0
   280  -.1225491732987262       4   1 0  0 0  0 2  1 0
   281  -1.047188364544362       4   0 1  0 0  0 2  1 0
   282  -.3052444152830524E-05   4   0 0  1 0  0 2  1 0
   283  -.3222043381747480E-04   4   0 0  0 1  0 2  1 0
   284  -.1226744437254066       4   1 0  0 0  0 1  2 0
   285  -1.047904032268726       4   0 1  0 0  0 1  2 0
   286  -.3058023017520426E-05   4   0 0  1 0  0 1  2 0
   287  -.3224767898008705E-04   4   0 0  0 1  0 1  2 0
   288  -.1843996116616853       4   1 0  0 0  0 0  3 0
   289  -1.400071754653131       4   0 1  0 0  0 0  3 0
   290  -.5810163727036178E-05   4   0 0  1 0  0 0  3 0
   291  -.4566484183718795E-04   4   0 0  0 1  0 0  3 0
   292  0.4610344782194207       4   1 0  0 0  0 2  0 1
   293   2.094120769246952       4   0 1  0 0  0 2  0 1
   294  0.8808816484461309E-05   4   0 0  1 0  0 2  0 1
   295  0.5983255247177559E-04   4   0 0  0 1  0 2  0 1
   296  0.3367828534335714       4   1 0  0 0  0 1  1 1
   297   1.750026330146225       4   0 1  0 0  0 1  1 1
   298  0.5731965592590096E-05   4   0 0  1 0  0 1  1 1
   299  0.4709142603482326E-04   4   0 0  0 1  0 1  1 1
   300  0.4601874265003751       4   1 0  0 0  0 0  2 1
   301   2.090125048728582       4   0 1  0 0  0 0  2 1
   302  0.8793105089803638E-05   4   0 0  1 0  0 0  2 1
   303  0.5972034593156193E-04   4   0 0  0 1  0 0  2 1
   304  -.3365712607068205       4   1 0  0 0  0 1  0 2
   305  -.5299746119475597       4   0 1  0 0  0 1  0 2
   306  -.3744643321189751E-05   4   0 0  1 0  0 1  0 2
   307  -.7747077078524348E-05   4   0 0  0 1  0 1  0 2
   308  -.3361183189662116       4   1 0  0 0  0 0  1 2
   309  -.5292613970916364       4   0 1  0 0  0 0  1 2
   310  -.3739603956686862E-05   4   0 0  1 0  0 0  1 2
   311  -.7736651427299068E-05   4   0 0  0 1  0 0  1 2
   312  0.2916362191272370E-01   4   1 0  0 0  0 0  0 3
   313  0.2372365908995672E-01   4   0 1  0 0  0 0  0 3
   314  0.1807788869421535E-05   4   0 0  1 0  0 0  0 3
   315  0.1480064458664696E-05   4   0 0  0 1  0 0  0 3
   316  -.4746623367855289E-04   4   0 0  0 0  0 4  0 0
   317  -.3126877304242643E-04   4   0 0  0 0  0 3  1 0
   318  -.2913373180395341E-04   4   0 0  0 0  0 2  2 0
   319  -.3131504159644496E-04   4   0 0  0 0  0 1  3 0
   320  -.4731752257202314E-04   4   0 0  0 0  0 0  4 0
   321  0.5951801812980164E-04   4   0 0  0 0  0 3  0 1
   322  0.4353530787060418E-04   4   0 0  0 0  0 2  1 1
   323  0.4356740935271497E-04   4   0 0  0 0  0 1  2 1
   324  0.5936861892614755E-04   4   0 0  0 0  0 0  3 1
   325  -.6113936495827958E-05   4   0 0  0 0  0 2  0 2
   326  -.7421978466542247E-05   4   0 0  0 0  0 1  1 2
   327  -.6100714573814648E-05   4   0 0  0 0  0 0  2 2
   328  0.7321988700082880E-07   4   0 0  0 0  0 1  0 3
   329  0.7312135112763671E-07   4   0 0  0 0  0 0  1 3
   330  0.3579124013220398E-12   4   0 0  0 0  0 0  0 4
   ----------------------------------------------------
     I  COEFFICIENT            ORDER EXPONENTS
     1  0.2424967304951397E-04   0   0 0  0 0  0 0  0 0
     2  0.2314622751484638E-04   1   1 0  0 0  0 0  0 0
     3  0.2052540018880071E-04   1   0 1  0 0  0 0  0 0
     4  0.3621769512734782       1   0 0  1 0  0 0  0 0
     5  0.5731086137367521       1   0 0  0 1  0 0  0 0
     6  -.2477521933428095E-04   1   0 0  0 0  0 1  0 0
     7  -.2474187801171652E-04   1   0 0  0 0  0 0  1 0
     8  0.4951709734618581E-04   1   0 0  0 0  0 0  0 1
     9  0.7605971800500977E-03   2   2 0  0 0  0 0  0 0
    10  0.1484594605240828E-02   2   1 1  0 0  0 0  0 0
    11  0.7685742215359397E-03   2   0 2  0 0  0 0  0 0
    12  0.2715116976325049       2   1 0  1 0  0 0  0 0
    13  0.2411643160207647       2   0 1  1 0  0 0  0 0
    14  0.2016654135619952E-03   2   0 0  2 0  0 0  0 0
    15  0.2491525509523317       2   1 0  0 1  0 0  0 0
    16  0.2227642775960929       2   0 1  0 1  0 0  0 0
    17  0.3188512538595311E-03   2   0 0  1 1  0 0  0 0
    18  0.1784483416928545E-03   2   0 0  0 2  0 0  0 0
    19  -.1292505536080539E-04   2   1 0  0 0  0 1  0 0
    20  -.2182108257749812E-04   2   0 1  0 0  0 1  0 0
    21  0.2855844016790299       2   0 0  1 0  0 1  0 0
    22  -.2849984201612391E-01   2   0 0  0 1  0 1  0 0
    23  -.1290766143043762E-04   2   1 0  0 0  0 0  1 0
    24  -.2179171679295735E-04   2   0 1  0 0  0 0  1 0
    25  0.2852000756503770       2   0 0  1 0  0 0  1 0
    26  -.2846148827188943E-01   2   0 0  0 1  0 0  1 0
    27  0.2583268323374156E-04   2   1 0  0 0  0 0  0 1
    28  0.2308736627880784E-04   2   0 1  0 0  0 0  0 1
    29  -.5707844773528525       2   0 0  1 0  0 0  0 1
    30  -.5161472834724490       2   0 0  0 1  0 0  0 1
    31  0.1730795929456812E-04   2   0 0  0 0  0 2  0 0
    32  0.9860758350798560E-05   2   0 0  0 0  0 1  1 0
    33  0.1727803198671226E-04   2   0 0  0 0  0 0  2 0
    34  -.1970147376850258E-04   2   0 0  0 0  0 1  0 1
    35  -.1967496045360324E-04   2   0 0  0 0  0 0  1 1
    36  -.5070323638328777E-05   2   0 0  0 0  0 0  0 2
    37  -.5589730000767523E-02   3   3 0  0 0  0 0  0 0
    38  -.1509855146947814E-01   3   2 1  0 0  0 0  0 0
    39  -.1364017840139677E-01   3   1 2  0 0  0 0  0 0
    40  -.4110550639108737E-02   3   0 3  0 0  0 0  0 0
    41  -7.494332821598420       3   2 0  1 0  0 0  0 0
    42  -15.45671922496965       3   1 1  1 0  0 0  0 0
    43  -8.378550735221964       3   0 2  1 0  0 0  0 0
    44  0.9933048477046463E-02   3   1 0  2 0  0 0  0 0
    45  0.8720940493395668E-02   3   0 1  2 0  0 0  0 0
    46  -1.488169574320389       3   0 0  3 0  0 0  0 0
    47  -7.810206436049012       3   2 0  0 1  0 0  0 0
    48  -15.38554099971596       3   1 1  0 1  0 0  0 0
    49  -7.736385733490229       3   0 2  0 1  0 0  0 0
    50  0.1801178791252842E-01   3   1 0  1 1  0 0  0 0
    51  0.1591610115841700E-01   3   0 1  1 1  0 0  0 0
    52  -3.396181807784207       3   0 0  2 1  0 0  0 0
    53  0.8284710669165911E-02   3   1 0  0 2  0 0  0 0
    54  0.7380839978743387E-02   3   0 1  0 2  0 0  0 0
    55  -3.111579084648321       3   0 0  1 2  0 0  0 0
    56  -.8611104529555375       3   0 0  0 3  0 0  0 0
    57  -.7982256433933708E-03   3   2 0  0 0  0 1  0 0
    58  -.2317195483819503E-02   3   1 1  0 0  0 1  0 0
    59  -.1556794959848886E-02   3   0 2  0 0  0 1  0 0
    60  -.1181244902432756       3   1 0  1 0  0 1  0 0
    61  -.2244225334531217       3   0 1  1 0  0 1  0 0
    62  -.4267412750765631E-03   3   0 0  2 0  0 1  0 0
    63  -.2362928171663287       3   1 0  0 1  0 1  0 0
    64  -.3216768050992586       3   0 1  0 1  0 1  0 0
    65  -.7612916210333913E-03   3   0 0  1 1  0 1  0 0
    66  -.3945369585526400E-03   3   0 0  0 2  0 1  0 0
    67  -.7971514289415646E-03   3   2 0  0 0  0 0  1 0
    68  -.2314077111343021E-02   3   1 1  0 0  0 0  1 0
    69  -.1554699898561127E-02   3   0 2  0 0  0 0  1 0
    70  -.1179655238713203       3   1 0  1 0  0 0  1 0
    71  -.2241205161842678       3   0 1  1 0  0 0  1 0
    72  -.4261669867801845E-03   3   0 0  2 0  0 0  1 0
    73  -.2359748254290809       3   1 0  0 1  0 0  1 0
    74  -.3212439076150585       3   0 1  0 1  0 0  1 0
    75  -.7602671106482349E-03   3   0 0  1 1  0 0  1 0
    76  -.3940060093077022E-03   3   0 0  0 2  0 0  1 0
    77  0.1594744944970229E-02   3   2 0  0 0  0 0  0 1
    78  0.3145378961998846E-02   3   1 1  0 0  0 0  0 1
    79  0.1573676510934871E-02   3   0 2  0 0  0 0  0 1
    80  0.2360904019729506       3   1 0  1 0  0 0  0 1
    81  0.2073790460200373       3   0 1  1 0  0 0  0 1
    82  0.8532014017888971E-03   3   0 0  2 0  0 0  0 1
    83  0.2231154092499558       3   1 0  0 1  0 0  0 1
    84  0.1973924131030686       3   0 1  0 1  0 0  0 1
    85  0.1203314684024908E-02   3   0 0  1 1  0 0  0 1
    86  0.4319622716711495E-03   3   0 0  0 2  0 0  0 1
    87  0.1040124215293622E-04   3   1 0  0 0  0 2  0 0
    88  0.2277367724814840E-04   3   0 1  0 0  0 2  0 0
    89  -.1980439985895329       3   0 0  1 0  0 2  0 0
    90  -.9432533427461331E-01   3   0 0  0 1  0 2  0 0
    91  0.7949216781347630E-05   3   1 0  0 0  0 1  1 0
    92  0.2380863724918267E-04   3   0 1  0 0  0 1  1 0
    93  -.1107387852589420       3   0 0  1 0  0 1  1 0
    94  -.2168200525802674       3   0 0  0 1  0 1  1 0
    95  0.1038189581078515E-04   3   1 0  0 0  0 0  2 0
    96  0.2272700923564703E-04   3   0 1  0 0  0 0  2 0
    97  -.1977029667905899       3   0 0  1 0  0 0  2 0
    98  -.9405250258095196E-01   3   0 0  0 1  0 0  2 0
    99  -.1597232603620912E-04   3   1 0  0 0  0 1  0 1
   100  -.2592244331790813E-04   3   0 1  0 0  0 1  0 1
   101  0.2212426406305030       3   0 0  1 0  0 1  0 1
   102  0.4624706069890416       3   0 0  0 1  0 1  0 1
   103  -.1595083123257925E-04   3   1 0  0 0  0 0  1 1
   104  -.2588755811537333E-04   3   0 1  0 0  0 0  1 1
   105  0.2209449027115471       3   0 0  1 0  0 0  1 1
   106  0.4618482358416406       3   0 0  0 1  0 0  1 1
   107  0.3143066703471573E-05   3   1 0  0 0  0 0  0 2
   108  0.2944218987537618E-05   3   0 1  0 0  0 0  0 2
   109  0.6429839694397899E-01   3   0 0  1 0  0 0  0 2
   110  0.5398777783370565E-01   3   0 0  0 1  0 0  0 2
   111  -.1360246807730230E-04   3   0 0  0 0  0 3  0 0
   112  -.6195568971603416E-05   3   0 0  0 0  0 2  1 0
   113  -.6210483803074871E-05   3   0 0  0 0  0 1  2 0
   114  -.1357084651104208E-04   3   0 0  0 0  0 0  3 0
   115  0.1238559295591500E-04   3   0 0  0 0  0 2  0 1
   116  0.5089078916730304E-05   3   0 0  0 0  0 1  1 1
   117  0.1236550068733581E-04   3   0 0  0 0  0 0  2 1
   118  0.4771860576924462E-05   3   0 0  0 0  0 1  0 2
   119  0.4765438831850028E-05   3   0 0  0 0  0 0  1 2
   120  0.2012097200011225E-06   3   0 0  0 0  0 0  0 3
   121  -.8543045061873597E-03   4   4 0  0 0  0 0  0 0
   122  -.1145933257127765E-02   4   3 1  0 0  0 0  0 0
   123  0.1598872061918294E-02   4   2 2  0 0  0 0  0 0
   124  0.3923508708059964E-02   4   1 3  0 0  0 0  0 0
   125  0.2029171128469506E-02   4   0 4  0 0  0 0  0 0
   126   65.70697403255424       4   3 0  1 0  0 0  0 0
   127   179.2489698070918       4   2 1  1 0  0 0  0 0
   128   163.8292630690559       4   1 2  1 0  0 0  0 0
   129   50.27312083007664       4   0 3  1 0  0 0  0 0
   130  0.1863217589284421E-01   4   2 0  2 0  0 0  0 0
   131  0.3724817384865402E-01   4   1 1  2 0  0 0  0 0
   132  0.1947156204458243E-01   4   0 2  2 0  0 0  0 0
   133  -39.55159048218572       4   1 0  3 0  0 0  0 0
   134  -34.61905498158917       4   0 1  3 0  0 0  0 0
   135  0.1450159683638097E-02   4   0 0  4 0  0 0  0 0
   136   61.55682360063226       4   3 0  0 1  0 0  0 0
   137   168.9130711387232       4   2 1  0 1  0 0  0 0
   138   155.3943078832888       4   1 2  0 1  0 0  0 0
   139   48.02140865934726       4   0 3  0 1  0 0  0 0
   140  0.2858307689725878E-01   4   2 0  1 1  0 0  0 0
   141  0.5667862844070390E-01   4   1 1  1 1  0 0  0 0
   142  0.2934466446169878E-01   4   0 2  1 1  0 0  0 0
   143  -108.0583750358779       4   1 0  2 1  0 0  0 0
   144  -95.19940582691493       4   0 1  2 1  0 0  0 0
   145  0.2872723333119923E-02   4   0 0  3 1  0 0  0 0
   146  0.1137987599231033E-01   4   2 0  0 2  0 0  0 0
   147  0.2311215637852020E-01   4   1 1  0 2  0 0  0 0
   148  0.1219568387878199E-01   4   0 2  0 2  0 0  0 0
   149  -98.99049529732909       4   1 0  1 2  0 0  0 0
   150  -87.66281584322297       4   0 1  1 2  0 0  0 0
   151  0.1494217262538461E-02   4   0 0  2 2  0 0  0 0
   152  -30.27916714945045       4   1 0  0 3  0 0  0 0
   153  -26.91596206593720       4   0 1  0 3  0 0  0 0
   154  -.1246086178016328E-03   4   0 0  1 3  0 0  0 0
   155  -.1555249656824064E-03   4   0 0  0 4  0 0  0 0
   156  0.5612881657570770E-03   4   3 0  0 0  0 1  0 0
   157  0.7979464302645251E-02   4   2 1  0 0  0 1  0 0
   158  0.1294882836886448E-01   4   1 2  0 0  0 1  0 0
   159  0.5592925027923672E-02   4   0 3  0 0  0 1  0 0
   160   8.802770935569065       4   2 0  1 0  0 1  0 0
   161   25.33636502268876       4   1 1  1 0  0 1  0 0
   162   17.28220218790499       4   0 2  1 0  0 1  0 0
   163  -.6270715860840191E-03   4   1 0  2 0  0 1  0 0
   164  -.4478239454396552E-02   4   0 1  2 0  0 1  0 0
   165   1.960580088158909       4   0 0  3 0  0 1  0 0
   166   12.21893249402798       4   2 0  0 1  0 1  0 0
   167   31.82361358217753       4   1 1  0 1  0 1  0 0
   168   19.97238757728469       4   0 2  0 1  0 1  0 0
   169  -.8864806880171145E-02   4   1 0  1 1  0 1  0 0
   170  -.1489351006502863E-01   4   0 1  1 1  0 1  0 0
   171   5.918053227703677       4   0 0  2 1  0 1  0 0
   172  -.7629249271919616E-02   4   1 0  0 2  0 1  0 0
   173  -.1003592887716422E-01   4   0 1  0 2  0 1  0 0
   174   6.156814379235960       4   0 0  1 2  0 1  0 0
   175   2.181963696101218       4   0 0  0 3  0 1  0 0
   176  0.5605328105961818E-03   4   3 0  0 0  0 0  1 0
   177  0.7968725915645822E-02   4   2 1  0 0  0 0  1 0
   178  0.1293140244590273E-01   4   1 2  0 0  0 0  1 0
   179  0.5585398333006495E-02   4   0 3  0 0  0 0  1 0
   180   8.790924581304219       4   2 0  1 0  0 0  1 0
   181   25.30226853670279       4   1 1  1 0  0 0  1 0
   182   17.25894461468250       4   0 2  1 0  0 0  1 0
   183  -.6262277026963266E-03   4   1 0  2 0  0 0  1 0
   184  -.4472212850790937E-02   4   0 1  2 0  0 0  1 0
   185   1.957941631875201       4   0 0  3 0  0 0  1 0
   186   12.20248883053587       4   2 0  0 1  0 0  1 0
   187   31.78078686281362       4   1 1  0 1  0 0  1 0
   188   19.94550967934921       4   0 2  0 1  0 0  1 0
   189  -.8852877040855682E-02   4   1 0  1 1  0 0  1 0
   190  -.1487346708108992E-01   4   0 1  1 1  0 0  1 0
   191   5.910088990578017       4   0 0  2 1  0 0  1 0
   192  -.7618982187803530E-02   4   1 0  0 2  0 0  1 0
   193  -.1002242299705828E-01   4   0 1  0 2  0 0  1 0
   194   6.148528828604988       4   0 0  1 2  0 0  1 0
   195   2.179027312191390       4   0 0  0 3  0 0  1 0
   196  0.5643739143672459E-03   4   3 0  0 0  0 0  0 1
   197  0.1871055004984546E-02   4   2 1  0 0  0 0  0 1
   198  0.2026795080706326E-02   4   1 2  0 0  0 0  0 1
   199  0.7326791995799995E-03   4   0 3  0 0  0 0  0 1
   200  -17.58789938208053       4   2 0  1 0  0 0  0 1
   201  -35.17011796082139       4   1 1  1 0  0 0  0 1
   202  -17.77801357928609       4   0 2  1 0  0 0  0 1
   203  -.1261380381408063E-02   4   1 0  2 0  0 0  0 1
   204  -.1179999196114011E-02   4   0 1  2 0  0 0  0 1
   205  -3.919484019076533       4   0 0  3 0  0 0  0 1
   206  -16.60491542572903       4   2 0  0 1  0 0  0 1
   207  -32.82039550851916       4   1 1  0 1  0 0  0 1
   208  -16.70208586573012       4   0 2  0 1  0 0  0 1
   209  -.2633607026834330E-02   4   1 0  1 1  0 0  0 1
   210  -.2472467374404373E-02   4   0 1  1 1  0 0  0 1
   211  -8.434920351760452       4   0 0  2 1  0 0  0 1
   212  -.1283493473393432E-02   4   1 0  0 2  0 0  0 1
   213  -.1197084049969210E-02   4   0 1  0 2  0 0  0 1
   214  -6.085244719294769       4   0 0  1 2  0 0  0 1
   215  -1.778719760958887       4   0 0  0 3  0 0  0 1
   216  0.2607356099194962E-03   4   2 0  0 0  0 2  0 0
   217  0.1752140943482778E-02   4   1 1  0 0  0 2  0 0
   218  0.1679485514444256E-02   4   0 2  0 0  0 2  0 0
   219  0.7971037770127137E-01   4   1 0  1 0  0 2  0 0
   220  0.2123066804432833       4   0 1  1 0  0 2  0 0
   221  0.3945600902938438E-03   4   0 0  2 0  0 2  0 0
   222  0.2267029301084345       4   1 0  0 1  0 2  0 0
   223  0.3900620012697136       4   0 1  0 1  0 2  0 0
   224  0.9068875620017185E-03   4   0 0  1 1  0 2  0 0
   225  0.5140067602650089E-03   4   0 0  0 2  0 2  0 0
   226  0.3336095715450716E-03   4   2 0  0 0  0 1  1 0
   227  0.2430664449542234E-02   4   1 1  0 0  0 1  1 0
   228  0.2460439605450112E-02   4   0 2  0 0  0 1  1 0
   229  0.4075127893158183E-01   4   1 0  1 0  0 1  1 0
   230  0.1992426252669561       4   0 1  1 0  0 1  1 0
   231  0.4733844644147354E-03   4   0 0  2 0  0 1  1 0
   232  0.2164804760048477       4   1 0  0 1  0 1  1 0
   233  0.4573767987264583       4   0 1  0 1  0 1  1 0
   234  0.1342071855707993E-02   4   0 0  1 1  0 1  1 0
   235  0.8068145788742541E-03   4   0 0  0 2  0 1  1 0
   236  0.2601602462042578E-03   4   2 0  0 0  0 0  2 0
   237  0.1748147457945167E-02   4   1 1  0 0  0 0  2 0
   238  0.1675569770158078E-02   4   0 2  0 0  0 0  2 0
   239  0.7957568665625826E-01   4   1 0  1 0  0 0  2 0
   240  0.2118869024508571       4   0 1  1 0  0 0  2 0
   241  0.3937105806681185E-03   4   0 0  2 0  0 0  2 0
   242  0.2262521793781152       4   1 0  0 1  0 0  2 0
   243  0.3892293161412373       4   0 1  0 1  0 0  2 0
   244  0.9047640669340141E-03   4   0 0  1 1  0 0  2 0
   245  0.5127721476731481E-03   4   0 0  0 2  0 0  2 0
   246  -.7580847541424865E-03   4   2 0  0 0  0 1  0 1
   247  -.2921835904508624E-02   4   1 1  0 0  0 1  0 1
   248  -.2140492237657516E-02   4   0 2  0 0  0 1  0 1
   249  -.8080665899060960E-01   4   1 0  1 0  0 1  0 1
   250  -.1726555443077895       4   0 1  1 0  0 1  0 1
   251  -.9130048445801912E-03   4   0 0  2 0  0 1  0 1
   252  -.1958679065663698       4   1 0  0 1  0 1  0 1
   253  -.2703060273220174       4   0 1  0 1  0 1  0 1
   254  -.2074303595782188E-02   4   0 0  1 1  0 1  0 1
   255  -.9682510088784295E-03   4   0 0  0 2  0 1  0 1
   256  -.7570645594076590E-03   4   2 0  0 0  0 0  1 1
   257  -.2917903835449694E-02   4   1 1  0 0  0 0  1 1
   258  -.2137611664081981E-02   4   0 2  0 0  0 0  1 1
   259  -.8069791319722630E-01   4   1 0  1 0  0 0  1 1
   260  -.1724231926132341       4   0 1  1 0  0 0  1 1
   261  -.9117761656887833E-03   4   0 0  2 0  0 0  1 1
   262  -.1956043167686479       4   1 0  0 1  0 0  1 1
   263  -.2699422622095292       4   0 1  0 1  0 0  1 1
   264  -.2071512095761526E-02   4   0 0  1 1  0 0  1 1
   265  -.9669479823027702E-03   4   0 0  0 2  0 0  1 1
   266  0.4382547065797637E-03   4   2 0  0 0  0 0  0 2
   267  0.8760685899696451E-03   4   1 1  0 0  0 0  0 2
   268  0.4318710129883562E-03   4   0 2  0 0  0 0  0 2
   269  -.3819752574704595E-01   4   1 0  1 0  0 0  0 2
   270  -.3599006242297580E-01   4   0 1  1 0  0 0  0 2
   271  0.5482486359263024E-03   4   0 0  2 0  0 0  0 2
   272  -.2835559770314553E-01   4   1 0  0 1  0 0  0 2
   273  -.2722385309635313E-01   4   0 1  0 1  0 0  0 2
   274  0.9555391921368733E-03   4   0 0  1 1  0 0  0 2
   275  0.4047657310647170E-03   4   0 0  0 2  0 0  0 2
   276  -.1447330617439156E-04   4   1 0  0 0  0 3  0 0
   277  -.2943143756957488E-04   4   0 1  0 0  0 3  0 0
   278  0.1546421450901535       4   0 0  1 0  0 3  0 0
   279  0.1492102263570127       4   0 0  0 1  0 3  0 0
   280  -.1055060262018122E-04   4   1 0  0 0  0 2  1 0
   281  -.2989344459056114E-04   4   0 1  0 0  0 2  1 0
   282  0.6788932462730045E-01   4   0 0  1 0  0 2  1 0
   283  0.2589149828322231       4   0 0  0 1  0 2  1 0
   284  -.1055848178670139E-04   4   1 0  0 0  0 1  2 0
   285  -.2989243201684300E-04   4   0 1  0 0  0 1  2 0
   286  0.6806402631602169E-01   4   0 0  1 0  0 1  2 0
   287  0.2586931242546879       4   0 0  0 1  0 1  2 0
   288  -.1443700025396145E-04   4   1 0  0 0  0 0  3 0
   289  -.2935193891776213E-04   4   0 1  0 0  0 0  3 0
   290  0.1542843604610791       4   0 0  1 0  0 0  3 0
   291  0.1487350430662117       4   0 0  0 1  0 0  3 0
   292  0.1847448006031677E-04   4   1 0  0 0  0 2  0 1
   293  0.3312219114917149E-04   4   0 1  0 0  0 2  0 1
   294  -.1357172360772375       4   0 0  1 0  0 2  0 1
   295  -.4235557411480899       4   0 0  0 1  0 2  0 1
   296  0.1494571671262107E-04   4   1 0  0 0  0 1  1 1
   297  0.3424868584921579E-04   4   0 1  0 0  0 1  1 1
   298  -.5041937363756786E-01   4   0 0  1 0  0 1  1 1
   299  -.3847419812724711       4   0 0  0 1  0 1  1 1
   300  0.1843956135518471E-04   4   1 0  0 0  0 0  2 1
   301  0.3305457173170625E-04   4   0 1  0 0  0 0  2 1
   302  -.1355006682086272       4   0 0  1 0  0 0  2 1
   303  -.4227268559800763       4   0 0  0 1  0 0  2 1
   304  -.1906381778328458E-05   4   1 0  0 0  0 1  0 2
   305  -.2933633892587091E-05   4   0 1  0 0  0 1  0 2
   306  -.6031921945601683E-01   4   0 0  1 0  0 1  0 2
   307  -.7778407069382119E-01   4   0 0  0 1  0 1  0 2
   308  -.1903816259575786E-05   4   1 0  0 0  0 0  1 2
   309  -.2929685946351787E-05   4   0 1  0 0  0 0  1 2
   310  -.6023804469321929E-01   4   0 0  1 0  0 0  1 2
   311  -.7767939255731771E-01   4   0 0  0 1  0 0  1 2
   312  0.2000578004899311E-06   4   1 0  0 0  0 0  0 3
   313  0.1614331889130265E-06   4   0 1  0 0  0 0  0 3
   314  -.2680905168703125E-02   4   0 0  1 0  0 0  0 3
   315  -.2167597060704908E-02   4   0 0  0 1  0 0  0 3
   316  0.9942582421392160E-05   4   0 0  0 0  0 4  0 0
   317  0.3081349954236077E-05   4   0 0  0 0  0 3  1 0
   318  0.2195070263322040E-05   4   0 0  0 0  0 2  2 0
   319  0.3100970910982195E-05   4   0 0  0 0  0 1  3 0
   320  0.9913761336330003E-05   4   0 0  0 0  0 0  4 0
   321  -.7001314507773999E-06   4   0 0  0 0  0 3  0 1
   322  0.3056569270804621E-05   4   0 0  0 0  0 2  1 1
   323  0.3048987786593584E-05   4   0 0  0 0  0 1  2 1
   324  -.7007720713962172E-06   4   0 0  0 0  0 0  3 1
   325  -.1729765641505228E-05   4   0 0  0 0  0 2  0 2
   326  -.1966070035355152E-05   4   0 0  0 0  0 1  1 2
   327  -.1726114882227975E-05   4   0 0  0 0  0 0  2 2
   328  -.8453876475702808E-07   4   0 0  0 0  0 1  0 3
   329  -.8442499647159197E-07   4   0 0  0 0  0 0  1 3
   330  -.1635521069717371E-12   4   0 0  0 0  0 0  0 4
   ----------------------------------------------------
     I  COEFFICIENT            ORDER EXPONENTS
     1  0.2482110797357805E-03   0   0 0  0 0  0 0  0 0
     2  0.1073347440355738E-03   1   1 0  0 0  0 0  0 0
     3  0.9953317288081090E-04   1   0 1  0 0  0 0  0 0
     4  -2.732089800758490       1   0 0  1 0  0 0  0 0
     5  -1.562176159301400       1   0 0  0 1  0 0  0 0
     6  0.1818039534219841E-04   1   0 0  0 0  0 1  0 0
     7  0.1815592902295926E-04   1   0 0  0 0  0 0  1 0
     8  0.2118747553689884E-03   1   0 0  0 0  0 0  0 1
     9  0.2517532421110576E-02   2   2 0  0 0  0 0  0 0
    10  0.4598065181572206E-02   2   1 1  0 0  0 0  0 0
    11  0.2177006778376683E-02   2   0 2  0 0  0 0  0 0
    12   1.141533905561059       2   1 0  1 0  0 0  0 0
    13   1.042600154162752       2   0 1  1 0  0 0  0 0
    14  0.1042279510924924E-02   2   0 0  2 0  0 0  0 0
    15   1.097985047888241       2   1 0  0 1  0 0  0 0
    16   1.009595649792563       2   0 1  0 1  0 0  0 0
    17  0.2627946065210847E-02   2   0 0  1 1  0 0  0 0
    18  0.1418376199640168E-02   2   0 0  0 2  0 0  0 0
    19  -.1033732810724422E-04   2   1 0  0 0  0 1  0 0
    20  -.5965758599764342E-04   2   0 1  0 0  0 1  0 0
    21  -.2259449300125192       2   0 0  1 0  0 1  0 0
    22   1.089263921624503       2   0 0  0 1  0 1  0 0
    23  -.1032341661825893E-04   2   1 0  0 0  0 0  1 0
    24  -.5957730162997238E-04   2   0 1  0 0  0 0  1 0
    25  -.2256408639741244       2   0 0  1 0  0 0  1 0
    26   1.087798041574012       2   0 0  0 1  0 0  1 0
    27  0.1279952261270344E-03   2   1 0  0 0  0 0  0 1
    28  0.1192346306317862E-03   2   0 1  0 0  0 0  0 1
    29  -2.280504006881294       2   0 0  1 0  0 0  0 1
    30  -2.177061963315997       2   0 0  0 1  0 0  0 1
    31  -.1317021814569840E-04   2   0 0  0 0  0 2  0 0
    32  -.8173470957466213E-05   2   0 0  0 0  0 1  1 0
    33  -.1314699455079777E-04   2   0 0  0 0  0 0  2 0
    34  0.3451384371798874E-04   2   0 0  0 0  0 1  0 1
    35  0.3446739661369421E-04   2   0 0  0 0  0 0  1 1
    36  -.3449059833036097E-04   2   0 0  0 0  0 0  0 2
    37  -.2828100125389196E-01   3   3 0  0 0  0 0  0 0
    38  -.7937609260258473E-01   3   2 1  0 0  0 0  0 0
    39  -.7450387165566653E-01   3   1 2  0 0  0 0  0 0
    40  -.2333163872537488E-01   3   0 3  0 0  0 0  0 0
    41  -39.43253842942652       3   2 0  1 0  0 0  0 0
    42  -75.32584782998141       3   1 1  1 0  0 0  0 0
    43  -36.77689098374398       3   0 2  1 0  0 0  0 0
    44  0.3981146713945702E-01   3   1 0  2 0  0 0  0 0
    45  0.3584115874675411E-01   3   0 1  2 0  0 0  0 0
    46  -4.352972257493746       3   0 0  3 0  0 0  0 0
    47  -35.84465876696375       3   2 0  0 1  0 0  0 0
    48  -69.87242312555992       3   1 1  0 1  0 0  0 0
    49  -36.00628785387966       3   0 2  0 1  0 0  0 0
    50  0.7515070771811740E-01   3   1 0  1 1  0 0  0 0
    51  0.6801098188224619E-01   3   0 1  1 1  0 0  0 0
    52  -14.32348354970922       3   0 0  2 1  0 0  0 0
    53  0.3589364179223505E-01   3   1 0  0 2  0 0  0 0
    54  0.3271156206233530E-01   3   0 1  0 2  0 0  0 0
    55  -13.86237252744554       3   0 0  1 2  0 0  0 0
    56  -5.296249949229828       3   0 0  0 3  0 0  0 0
    57  -.1484507037925466E-02   3   2 0  0 0  0 1  0 0
    58  -.5103661915610211E-02   3   1 1  0 0  0 1  0 0
    59  -.3472847354058784E-02   3   0 2  0 0  0 1  0 0
    60  0.1265288442989916       3   1 0  1 0  0 1  0 0
    61  -.4004385195698212       3   0 1  1 0  0 1  0 0
    62  0.1137728206107974E-03   3   0 0  2 0  0 1  0 0
    63  -.4544389705221043       3   1 0  0 1  0 1  0 0
    64  -.9174949571265508       3   0 1  0 1  0 1  0 0
    65  -.1221188029295009E-02   3   0 0  1 1  0 1  0 0
    66  -.1440713306643069E-02   3   0 0  0 2  0 1  0 0
    67  -.1482509258316212E-02   3   2 0  0 0  0 0  1 0
    68  -.5096793647931413E-02   3   1 1  0 0  0 0  1 0
    69  -.3468173759759304E-02   3   0 2  0 0  0 0  1 0
    70  0.1263585677434323       3   1 0  1 0  0 0  1 0
    71  -.3998996282821969       3   0 1  1 0  0 0  1 0
    72  0.1136197105107423E-03   3   0 0  2 0  0 0  1 0
    73  -.4538274079725428       3   1 0  0 1  0 0  1 0
    74  -.9162602356532887       3   0 1  0 1  0 0  1 0
    75  -.1219544611997787E-02   3   0 0  1 1  0 0  1 0
    76  -.1438774462573458E-02   3   0 0  0 2  0 0  1 0
    77  0.5481433145569307E-02   3   2 0  0 0  0 0  0 1
    78  0.1019382671647977E-01   3   1 1  0 0  0 0  0 1
    79  0.4760484357116556E-02   3   0 2  0 0  0 0  0 1
    80  0.8886506184221171       3   1 0  1 0  0 0  0 1
    81  0.8003416945603964       3   0 1  1 0  0 0  0 1
    82  0.8162818285968134E-03   3   0 0  2 0  0 0  0 1
    83  0.9082700760260630       3   1 0  0 1  0 0  0 1
    84  0.8241627387430949       3   0 1  0 1  0 0  0 1
    85  0.2443765125883800E-02   3   0 0  1 1  0 0  0 1
    86  0.1462785260479335E-02   3   0 0  0 2  0 0  0 1
    87  0.8208615627774226E-05   3   1 0  0 0  0 2  0 0
    88  0.4987139214082473E-04   3   0 1  0 0  0 2  0 0
    89  0.1633520910617793       3   0 0  1 0  0 2  0 0
    90  -.7253171409092974       3   0 0  0 1  0 2  0 0
    91  0.6461738527093213E-05   3   1 0  0 0  0 1  1 0
    92  0.4055165938174551E-04   3   0 1  0 0  0 1  1 0
    93  0.1009271343771769       3   0 0  1 0  0 1  1 0
    94  -.3623481908196009       3   0 0  0 1  0 1  1 0
    95  0.8193220908133721E-05   3   1 0  0 0  0 0  2 0
    96  0.4977699131565945E-04   3   0 1  0 0  0 0  2 0
    97  0.1630643480256884       3   0 0  1 0  0 0  2 0
    98  -.7240972277249110       3   0 0  0 1  0 0  2 0
    99  -.2354083356672509E-04   3   1 0  0 0  0 1  0 1
   100  -.8155172525902951E-04   3   0 1  0 0  0 1  0 1
   101  -.4276309183340075       3   0 0  1 0  0 1  0 1
   102  0.7237191724650239       3   0 0  0 1  0 1  0 1
   103  -.2350915342235197E-04   3   1 0  0 0  0 0  1 1
   104  -.8144197679057548E-04   3   0 1  0 0  0 0  1 1
   105  -.4270554327976613       3   0 0  1 0  0 0  1 1
   106  0.7227452253104227       3   0 0  0 1  0 0  1 1
   107  0.2406230912278176E-04   3   1 0  0 0  0 0  0 2
   108  0.2245741896302126E-04   3   0 1  0 0  0 0  0 2
   109  0.4273430074887999       3   0 0  1 0  0 0  0 2
   110  0.3652985392939863       3   0 0  0 1  0 0  0 2
   111  0.1067126187984982E-04   3   0 0  0 0  0 3  0 0
   112  0.5680338662565120E-05   3   0 0  0 0  0 2  1 0
   113  0.5690384497146546E-05   3   0 0  0 0  0 1  2 0
   114  0.1064590354853219E-04   3   0 0  0 0  0 0  3 0
   115  -.2452859162235921E-04   3   0 0  0 0  0 2  0 1
   116  -.1457160586892520E-04   3   0 0  0 0  0 1  1 1
   117  -.2448577730961765E-04   3   0 0  0 0  0 0  2 1
   118  0.1455923819680911E-04   3   0 0  0 0  0 1  0 2
   119  0.1453964506019706E-04   3   0 0  0 0  0 0  1 2
   120  0.1797873358987065E-05   3   0 0  0 0  0 0  0 3
   121  -.6400602663473526E-02   4   4 0  0 0  0 0  0 0
   122  -.2356473004803457E-01   4   3 1  0 0  0 0  0 0
   123  -.3323813646542213E-01   4   2 2  0 0  0 0  0 0
   124  -.1945858167461064E-01   4   1 3  0 0  0 0  0 0
   125  -.3594580443703390E-02   4   0 4  0 0  0 0  0 0
   126   304.6432337937810       4   3 0  1 0  0 0  0 0
   127   848.2815798464583       4   2 1  1 0  0 0  0 0
   128   790.2237385788295       4   1 2  1 0  0 0  0 0
   129   246.7449465950617       4   0 3  1 0  0 0  0 0
   130  0.5425250210237677E-01   4   2 0  2 0  0 0  0 0
   131  0.1076733404565940       4   1 1  2 0  0 0  0 0
   132  0.5257292185043167E-01   4   0 2  2 0  0 0  0 0
   133  -157.4123289699870       4   1 0  3 0  0 0  0 0
   134  -140.9034889500262       4   0 1  3 0  0 0  0 0
   135  -.9051817284432013E-02   4   0 0  4 0  0 0  0 0
   136   298.9741376309706       4   3 0  0 1  0 0  0 0
   137   838.2361963072797       4   2 1  0 1  0 0  0 0
   138   786.5982382468442       4   1 2  0 1  0 0  0 0
   139   247.4946688438535       4   0 3  0 1  0 0  0 0
   140  0.1184194088155345       4   2 0  1 1  0 0  0 0
   141  0.2353657114762633       4   1 1  1 1  0 0  0 0
   142  0.1169696893562501       4   0 2  1 1  0 0  0 0
   143  -440.9891127631091       4   1 0  2 1  0 0  0 0
   144  -397.9233879635262       4   0 1  2 1  0 0  0 0
   145  -.3073725031940350E-01   4   0 0  3 1  0 0  0 0
   146  0.6108409523794746E-01   4   2 0  0 2  0 0  0 0
   147  0.1232975794276967       4   1 1  0 2  0 0  0 0
   148  0.6299397401103135E-01   4   0 2  0 2  0 0  0 0
   149  -416.4936852034505       4   1 0  1 2  0 0  0 0
   150  -378.3360578961415       4   0 1  1 2  0 0  0 0
   151  -.3893378165226887E-01   4   0 0  2 2  0 0  0 0
   152  -132.0902032036558       4   1 0  0 3  0 0  0 0
   153  -120.6152011296330       4   0 1  0 3  0 0  0 0
   154  -.2097039419943119E-01   4   0 0  1 3  0 0  0 0
   155  -.3509637533051627E-02   4   0 0  0 4  0 0  0 0
   156  -.3825857723290246E-02   4   3 0  0 0  0 1  0 0
   157  0.2272771589017735E-01   4   2 1  0 0  0 1  0 0
   158  0.5250561501159324E-01   4   1 2  0 0  0 1  0 0
   159  0.2610248088690632E-01   4   0 3  0 0  0 1  0 0
   160   21.62643310329675       4   2 0  1 0  0 1  0 0
   161   77.53455991049162       4   1 1  1 0  0 1  0 0
   162   54.82845902132860       4   0 2  1 0  0 1  0 0
   163  0.5570473933317769E-02   4   1 0  2 0  0 1  0 0
   164  -.1060072429803784E-01   4   0 1  2 0  0 1  0 0
   165  -.2602289171000814       4   0 0  3 0  0 1  0 0
   166   38.84543031717315       4   2 0  0 1  0 1  0 0
   167   109.1455773295114       4   1 1  0 1  0 1  0 0
   168   72.02555421197651       4   0 2  0 1  0 1  0 0
   169  -.2025562982396937E-01   4   1 0  1 1  0 1  0 0
   170  -.4738329957318026E-01   4   0 1  1 1  0 1  0 0
   171   7.374479820080491       4   0 0  2 1  0 1  0 0
   172  -.2403756176793998E-01   4   1 0  0 2  0 1  0 0
   173  -.3563233594088308E-01   4   0 1  0 2  0 1  0 0
   174   14.98956900910014       4   0 0  1 2  0 1  0 0
   175   8.506235962786162       4   0 0  0 3  0 1  0 0
   176  -.3820709064272690E-02   4   3 0  0 0  0 0  1 0
   177  0.2269713000125240E-01   4   2 1  0 0  0 0  1 0
   178  0.5243495542941444E-01   4   1 2  0 0  0 0  1 0
   179  0.2606735339829600E-01   4   0 3  0 0  0 0  1 0
   180   21.59732926884479       4   2 0  1 0  0 0  1 0
   181   77.43021755384113       4   1 1  1 0  0 0  1 0
   182   54.75467346515333       4   0 2  1 0  0 0  1 0
   183  0.5562977452025646E-02   4   1 0  2 0  0 0  1 0
   184  -.1058645834287237E-01   4   0 1  2 0  0 0  1 0
   185  -.2598787132875982       4   0 0  3 0  0 0  1 0
   186   38.79315396777395       4   2 0  0 1  0 0  1 0
   187   108.9986943553941       4   1 1  0 1  0 0  1 0
   188   71.92862561556467       4   0 2  0 1  0 0  1 0
   189  -.2022837075196703E-01   4   1 0  1 1  0 0  1 0
   190  -.4731953336171225E-01   4   0 1  1 1  0 0  1 0
   191   7.364555592685863       4   0 0  2 1  0 0  1 0
   192  -.2400521315016373E-01   4   1 0  0 2  0 0  1 0
   193  -.3558438362246766E-01   4   0 1  0 2  0 0  1 0
   194   14.96939675356162       4   0 0  1 2  0 0  1 0
   195   8.494788671312461       4   0 0  0 3  0 0  1 0
   196  0.1907886574162567E-02   4   3 0  0 0  0 0  0 1
   197  0.5367534855209305E-02   4   2 1  0 0  0 0  0 1
   198  0.5078045473206077E-02   4   1 2  0 0  0 0  0 1
   199  0.1678511477408898E-02   4   0 3  0 0  0 0  0 1
   200  -82.63070415942126       4   2 0  1 0  0 0  0 1
   201  -154.9105727189682       4   1 1  1 0  0 0  0 1
   202  -72.77746859097712       4   0 2  1 0  0 0  0 1
   203  -.6264610877600626E-02   4   1 0  2 0  0 0  0 1
   204  -.5638168897858989E-02   4   0 1  2 0  0 0  0 1
   205  -3.837273776573861       4   0 0  3 0  0 0  0 1
   206  -77.60811126843139       4   2 0  0 1  0 0  0 1
   207  -148.2070643153446       4   1 1  0 1  0 0  0 1
   208  -71.90712411064267       4   0 2  0 1  0 0  0 1
   209  -.1220142833972453E-01   4   1 0  1 1  0 0  0 1
   210  -.1124254709209763E-01   4   0 1  1 1  0 0  0 1
   211  -14.75302205765815       4   0 0  2 1  0 0  0 1
   212  -.5935859501294839E-02   4   1 0  0 2  0 0  0 1
   213  -.5517626490387116E-02   4   0 1  0 2  0 0  0 1
   214  -16.11172027148371       4   0 0  1 2  0 0  0 1
   215  -6.414070265550018       4   0 0  0 3  0 0  0 1
   216  -.9072703447011285E-03   4   2 0  0 0  0 2  0 0
   217  0.4887098709107137E-03   4   1 1  0 0  0 2  0 0
   218  0.1666782829890072E-02   4   0 2  0 0  0 2  0 0
   219  -.9712626012887131E-01   4   1 0  1 0  0 2  0 0
   220  0.2390195914187714       4   0 1  1 0  0 2  0 0
   221  -.3144152491598618E-03   4   0 0  2 0  0 2  0 0
   222  0.2926538717222383       4   1 0  0 1  0 2  0 0
   223  0.8490688323399510       4   0 1  0 1  0 2  0 0
   224  0.1892338839044783E-03   4   0 0  1 1  0 2  0 0
   225  0.1023318120845109E-02   4   0 0  0 2  0 2  0 0
   226  -.9963251127741279E-03   4   2 0  0 0  0 1  1 0
   227  0.9238972831284486E-03   4   1 1  0 0  0 1  1 0
   228  0.2665956838567886E-02   4   0 2  0 0  0 1  1 0
   229  -.7079003948594645E-01   4   1 0  1 0  0 1  1 0
   230  0.7467359007555481E-01   4   0 1  1 0  0 1  1 0
   231  -.2335363630391963E-03   4   0 0  2 0  0 1  1 0
   232  0.1276448080729788       4   1 0  0 1  0 1  1 0
   233  0.7765694938657941       4   0 1  0 1  0 1  1 0
   234  -.8124836107090323E-04   4   0 0  1 1  0 1  1 0
   235  0.1039182850292769E-02   4   0 0  0 2  0 1  1 0
   236  -.9053789793386021E-03   4   2 0  0 0  0 0  2 0
   237  0.4874305194876097E-03   4   1 1  0 0  0 0  2 0
   238  0.1662745892574779E-02   4   0 2  0 0  0 0  2 0
   239  -.9694791923593114E-01   4   1 0  1 0  0 0  2 0
   240  0.2386476840181035       4   0 1  1 0  0 0  2 0
   241  -.3138349828198251E-03   4   0 0  2 0  0 0  2 0
   242  0.2921741427504667       4   1 0  0 1  0 0  2 0
   243  0.8474036602074188       4   0 1  0 1  0 0  2 0
   244  0.1890338919694209E-03   4   0 0  1 1  0 0  2 0
   245  0.1021241745892925E-02   4   0 0  0 2  0 0  2 0
   246  0.2105926175436233E-02   4   2 0  0 0  0 1  0 1
   247  0.1813765891354215E-03   4   1 1  0 0  0 1  0 1
   248  -.1611396269048370E-02   4   0 2  0 0  0 1  0 1
   249  0.2692503351934749       4   1 0  1 0  0 1  0 1
   250  -.1466438140405986       4   0 1  1 0  0 1  0 1
   251  0.5239358805623529E-03   4   0 0  2 0  0 1  0 1
   252  -.2522813670321275       4   1 0  0 1  0 1  0 1
   253  -.6311382894300137       4   0 1  0 1  0 1  0 1
   254  0.1726074729495901E-03   4   0 0  1 1  0 1  0 1
   255  -.6346456647131039E-03   4   0 0  0 2  0 1  0 1
   256  0.2103092119238194E-02   4   2 0  0 0  0 0  1 1
   257  0.1811325010697418E-03   4   1 1  0 0  0 0  1 1
   258  -.1609227727891955E-02   4   0 2  0 0  0 0  1 1
   259  0.2688879907816989       4   1 0  1 0  0 0  1 1
   260  -.1464464677067472       4   0 1  1 0  0 0  1 1
   261  0.5232307923465304E-03   4   0 0  2 0  0 0  1 1
   262  -.2519418586579861       4   1 0  0 1  0 0  1 1
   263  -.6302889332646170       4   0 1  0 1  0 0  1 1
   264  0.1723751859472023E-03   4   0 0  1 1  0 0  1 1
   265  -.6337915884873474E-03   4   0 0  0 2  0 0  1 1
   266  -.1401265856119382E-02   4   2 0  0 0  0 0  0 2
   267  -.2594473507216890E-02   4   1 1  0 0  0 0  0 2
   268  -.1194345005014026E-02   4   0 2  0 0  0 0  0 2
   269  -.2732718513661534       4   1 0  1 0  0 0  0 2
   270  -.2579531321454674       4   0 1  1 0  0 0  0 2
   271  -.1849637280587068E-03   4   0 0  2 0  0 0  0 2
   272  -.2072374351913506       4   1 0  0 1  0 0  0 2
   273  -.1990193138528960       4   0 1  0 1  0 0  0 2
   274  -.4728954369102136E-03   4   0 0  1 1  0 0  0 2
   275  -.2679765781432807E-03   4   0 0  0 2  0 0  0 2
   276  -.9390190311966181E-05   4   1 0  0 0  0 3  0 0
   277  -.5134886871033990E-04   4   0 1  0 0  0 3  0 0
   278  -.1321506254545292       4   0 0  1 0  0 3  0 0
   279  0.5458967348555727       4   0 0  0 1  0 3  0 0
   280  -.7186703318831720E-05   4   1 0  0 0  0 2  1 0
   281  -.4063434423889073E-04   4   0 1  0 0  0 2  1 0
   282  -.6981314258635747E-01   4   0 0  1 0  0 2  1 0
   283  0.1872577023322547       4   0 0  0 1  0 2  1 0
   284  -.7191125833087346E-05   4   1 0  0 0  0 1  2 0
   285  -.4065583339898679E-04   4   0 1  0 0  0 1  2 0
   286  -.6993861985898649E-01   4   0 0  1 0  0 1  2 0
   287  0.1879801786240295       4   0 0  0 1  0 1  2 0
   288  -.9366405754470406E-05   4   1 0  0 0  0 0  3 0
   289  -.5121790934443492E-04   4   0 1  0 0  0 0  3 0
   290  -.1318369500890475       4   0 0  1 0  0 0  3 0
   291  0.5446689406442693       4   0 0  0 1  0 0  3 0
   292  0.1500052147121373E-04   4   1 0  0 0  0 2  0 1
   293  0.7185602544274776E-04   4   0 1  0 0  0 2  0 1
   294  0.3029338910185936       4   0 0  1 0  0 2  0 1
   295  -.3742715055854524       4   0 0  0 1  0 2  0 1
   296  0.1311471979551086E-04   4   1 0  0 0  0 1  1 1
   297  0.6406415694855282E-04   4   0 1  0 0  0 1  1 1
   298  0.1785814586612571       4   0 0  1 0  0 1  1 1
   299  -.2574927960124697E-01   4   0 0  0 1  0 1  1 1
   300  0.1497150989041379E-04   4   1 0  0 0  0 0  2 1
   301  0.7171621772866256E-04   4   0 1  0 0  0 0  2 1
   302  0.3024060536094340       4   0 0  1 0  0 0  2 1
   303  -.3737505025485580       4   0 0  0 1  0 0  2 1
   304  -.5916940956991525E-05   4   1 0  0 0  0 1  0 2
   305  -.1437855335880730E-04   4   0 1  0 0  0 1  0 2
   306  -.1784153073301439       4   0 0  1 0  0 1  0 2
   307  -.3365885664824159       4   0 0  0 1  0 1  0 2
   308  -.5908978216707210E-05   4   1 0  0 0  0 0  1 2
   309  -.1435920337933465E-04   4   0 1  0 0  0 0  1 2
   310  -.1781752044179621       4   0 0  1 0  0 0  1 2
   311  -.3361356014525148       4   0 0  0 1  0 0  1 2
   312  0.1749743328651309E-05   4   1 0  0 0  0 0  0 3
   313  0.1427216736854337E-05   4   0 1  0 0  0 0  0 3
   314  -.2359132368718966E-01   4   0 0  1 0  0 0  0 3
   315  -.1929755766863387E-01   4   0 0  0 1  0 0  0 3
   316  -.1128461581817724E-04   4   0 0  0 0  0 4  0 0
   317  -.5230097757398616E-05   4   0 0  0 0  0 3  1 0
   318  -.4431243552587456E-05   4   0 0  0 0  0 2  2 0
   319  -.5247422977863373E-05   4   0 0  0 0  0 1  3 0
   320  -.1125074097649313E-04   4   0 0  0 0  0 0  4 0
   321  0.1134805943949283E-04   4   0 0  0 0  0 3  0 1
   322  0.4564825004056207E-05   4   0 0  0 0  0 2  1 1
   323  0.4578487012018862E-05   4   0 0  0 0  0 1  2 1
   324  0.1132208449834065E-04   4   0 0  0 0  0 0  3 1
   325  0.1753894503770887E-05   4   0 0  0 0  0 2  0 2
   326  0.2073201960279237E-05   4   0 0  0 0  0 1  1 2
   327  0.1750139186460152E-05   4   0 0  0 0  0 0  2 2
   328  0.2608838040863270E-07   4   0 0  0 0  0 1  0 3
   329  0.2605327189578201E-07   4   0 0  0 0  0 0  1 3
   330  -.1181786173908679E-12   4   0 0  0 0  0 0  0 4
   ----------------------------------------------------
     I  COEFFICIENT            ORDER EXPONENTS
     1  0.6749855824120298E-08   0   0 0  0 0  0 0  0 0
     2  -.8806529878070419E-05   1   1 0  0 0  0 0  0 0
     3  -.9582351664334552E-05   1   0 1  0 0  0 0  0 0
     4  0.6110343675836018E-04   1   0 0  1 0  0 0  0 0
     5  0.2828376463289894E-04   1   0 0  0 1  0 0  0 0
     6   1.000000000000000       1   0 0  0 0  1 0  0 0
     7  0.2859789935754998       1   0 0  0 0  0 1  0 0
     8  -.2859789886849304       1   0 0  0 0  0 0  1 0
     9  -.4890576697909016E-08   1   0 0  0 0  0 0  0 1
    10  -.5577002124084370       2   2 0  0 0  0 0  0 0
    11  -1.392358885572334       2   1 1  0 0  0 0  0 0
    12  -1.082681971197578       2   0 2  0 0  0 0  0 0
    13  -.3358755680215134E-04   2   1 0  1 0  0 0  0 0
    14  -.4183221869982189E-04   2   0 1  1 0  0 0  0 0
    15  -.3492060938057951       2   0 0  2 0  0 0  0 0
    16  -.4222890761470871E-04   2   1 0  0 1  0 0  0 0
    17  -.4821640822148763E-04   2   0 1  0 1  0 0  0 0
    18  -.3166439839986632       2   0 0  1 1  0 0  0 0
    19  -.2898732198689792       2   0 0  0 2  0 0  0 0
    20  0.1292155237576178E-04   2   1 0  0 0  0 1  0 0
    21  0.1781444095088748E-04   2   0 1  0 0  0 1  0 0
    22  -.8462787839475707E-04   2   0 0  1 0  0 1  0 0
    23  -.6544857014711134E-04   2   0 0  0 1  0 1  0 0
    24  0.4121344089118685E-05   2   1 0  0 0  0 0  1 0
    25  0.8233926249900647E-05   2   0 1  0 0  0 0  1 0
    26  -.2357492480911168E-04   2   0 0  1 0  0 0  1 0
    27  -.3715282150689244E-04   2   0 0  0 1  0 0  1 0
    28  -.1704298659122602E-04   2   1 0  0 0  0 0  0 1
    29  -.1646615837816180E-04   2   0 1  0 0  0 0  0 1
    30  0.1082028430953808E-03   2   0 0  1 0  0 0  0 1
    31  0.7431766636635306E-04   2   0 0  0 1  0 0  0 1
    32  -.2146286653720951       2   0 0  0 0  0 2  0 0
    33  0.1432783306788999       2   0 0  0 0  0 1  1 0
    34  0.7135032820106252E-01   2   0 0  0 0  0 0  2 0
    35  0.6490054022713741E-08   2   0 0  0 0  0 1  0 1
    36  0.1603973728492806E-08   2   0 0  0 0  0 0  1 1
    37  -.1601800687182407E-08   2   0 0  0 0  0 0  0 2
    38  0.3026079157614097       3   3 0  0 0  0 0  0 0
    39  0.9197042172743835       3   2 1  0 0  0 0  0 0
    40  0.9199594638718100       3   1 2  0 0  0 0  0 0
    41  0.3039959670014004       3   0 3  0 0  0 0  0 0
    42  0.1882344126812386E-02   3   2 0  1 0  0 0  0 0
    43  0.3812732713149469E-02   3   1 1  1 0  0 0  0 0
    44  0.2225159421318257E-02   3   0 2  1 0  0 0  0 0
    45  0.1059534028369903       3   1 0  2 0  0 0  0 0
    46  0.2605301812662244E-01   3   0 1  2 0  0 0  0 0
    47  0.7319683414508690E-03   3   0 0  3 0  0 0  0 0
    48  0.1321688277956374E-02   3   2 0  0 1  0 0  0 0
    49  0.2613234999814021E-02   3   1 1  0 1  0 0  0 0
    50  0.1540582469340161E-02   3   0 2  0 1  0 0  0 0
    51  0.6715600120373194E-01   3   1 0  1 1  0 0  0 0
    52  -.5976070465324029E-01   3   0 1  1 1  0 0  0 0
    53  0.1822266964457149E-02   3   0 0  2 1  0 0  0 0
    54  -.2880522667521462E-01   3   1 0  0 2  0 0  0 0
    55  -.7913480508712392E-01   3   0 1  0 2  0 0  0 0
    56  0.1562459239083618E-02   3   0 0  1 2  0 0  0 0
    57  0.4661156072785461E-03   3   0 0  0 3  0 0  0 0
    58  0.9002623963719292       3   2 0  0 0  0 1  0 0
    59   2.719455560192836       3   1 1  0 0  0 1  0 0
    60   2.311273149178805       3   0 2  0 0  0 1  0 0
    61  0.5072627573383412E-04   3   1 0  1 0  0 1  0 0
    62  0.7859055419910007E-04   3   0 1  1 0  0 1  0 0
    63  0.4819129119580841       3   0 0  2 0  0 1  0 0
    64  0.7997716445608334E-04   3   1 0  0 1  0 1  0 0
    65  0.1118948451052180E-03   3   0 1  0 1  0 1  0 0
    66  0.7361628661423114       3   0 0  1 1  0 1  0 0
    67  0.5630402521685761       3   0 0  0 2  0 1  0 0
    68  0.3428511213455777       3   2 0  0 0  0 0  1 0
    69   1.327182894051659       3   1 1  0 0  0 0  1 0
    70   1.228393388323126       3   0 2  0 0  0 0  1 0
    71  0.1708390176993428E-04   3   1 0  1 0  0 0  1 0
    72  0.3659232345397260E-04   3   0 1  1 0  0 0  1 0
    73  0.1329977277381862       3   0 0  2 0  0 0  1 0
    74  0.3766769444117895E-04   3   1 0  0 1  0 0  1 0
    75  0.6348964347693936E-04   3   0 1  0 1  0 0  1 0
    76  0.4193801531278272       3   0 0  1 1  0 0  1 0
    77  0.2731891102872797       3   0 0  0 2  0 0  1 0
    78  -1.243114462118073       3   2 0  0 0  0 0  0 1
    79  -2.654281894902472       3   1 1  0 0  0 0  0 1
    80  -1.374304138948925       3   0 2  0 0  0 0  0 1
    81  -.6766343523057866E-04   3   1 0  1 0  0 0  0 1
    82  -.7300987407373611E-04   3   0 1  1 0  0 0  0 1
    83  -.6149109618628323       3   0 0  2 0  0 0  0 1
    84  -.7521091046819928E-04   3   1 0  0 1  0 0  0 1
    85  -.7856067827520416E-04   3   0 1  0 1  0 0  0 1
    86  -.8388994970102592       3   0 0  1 1  0 0  0 1
    87  -.2564831304274060       3   0 0  0 2  0 0  0 1
    88  -.1579323604245337E-04   3   1 0  0 0  0 2  0 0
    89  -.2548894849257381E-04   3   0 1  0 0  0 2  0 0
    90  0.9913972108695658E-04   3   0 0  1 0  0 2  0 0
    91  0.1020317499387775E-03   3   0 0  0 1  0 2  0 0
    92  -.5746537962617614E-05   3   1 0  0 0  0 1  1 0
    93  -.1535084478736675E-04   3   0 1  0 0  0 1  1 0
    94  0.2905490027664966E-04   3   0 0  1 0  0 1  1 0
    95  0.7317428147518728E-04   3   0 0  0 1  0 1  1 0
    96  -.2878072478253827E-05   3   1 0  0 0  0 0  2 0
    97  -.7677051236382851E-05   3   0 1  0 0  0 0  2 0
    98  0.1456473699719427E-04   3   0 0  1 0  0 0  2 0
    99  0.3658184626601710E-04   3   0 0  0 1  0 0  2 0
   100  0.2440912836926430E-04   3   1 0  0 0  0 1  0 1
   101  0.3069794492458681E-04   3   0 1  0 0  0 1  0 1
   102  -.1427137352664514E-03   3   0 0  1 0  0 1  0 1
   103  -.1463482816158148E-03   3   0 0  0 1  0 1  0 1
   104  0.7379038763700400E-05   3   1 0  0 0  0 0  1 1
   105  0.1423484759289991E-04   3   0 1  0 0  0 0  1 1
   106  -.3461191189734092E-04   3   0 0  1 0  0 0  1 1
   107  -.7203532233806485E-04   3   0 0  0 1  0 0  1 1
   108  -.7372158707755628E-05   3   1 0  0 0  0 0  0 2
   109  -.5999981307197468E-05   3   0 1  0 0  0 0  0 2
   110  0.3456336376818767E-04   3   0 0  1 0  0 0  0 2
   111  0.3487599595756801E-04   3   0 0  0 1  0 0  0 2
   112  0.1788813514827362       3   0 0  0 0  0 3  0 0
   113  -.1073867931107303       3   0 0  0 0  0 2  1 0
   114  -.3589155585237815E-01   3   0 0  0 0  0 1  2 0
   115  -.3560303961454005E-01   3   0 0  0 0  0 0  3 0
   116  -.5447590327917217E-08   3   0 0  0 0  0 2  0 1
   117  0.5112784555466477E-09   3   0 0  0 0  0 1  1 1
   118  0.2514472900557636E-09   3   0 0  0 0  0 0  2 1
   119  0.4669659372425126E-09   3   0 0  0 0  0 1  0 2
   120  -.2434191504308490E-09   3   0 0  0 0  0 0  1 2
   121  0.3396557335320055E-09   3   0 0  0 0  0 0  0 3
   122  -6.299539550721419       4   4 0  0 0  0 0  0 0
   123  -30.42862854978835       4   3 1  0 0  0 0  0 0
   124  -54.87624955493244       4   2 2  0 0  0 0  0 0
   125  -44.16563083120244       4   1 3  0 0  0 0  0 0
   126  -13.73542113341860       4   0 4  0 0  0 0  0 0
   127  0.3505796942671463E-02   4   3 0  1 0  0 0  0 0
   128  0.1176085589829737E-01   4   2 1  1 0  0 0  0 0
   129  0.1239382779120770E-01   4   1 2  1 0  0 0  0 0
   130  0.4154566190583061E-02   4   0 3  1 0  0 0  0 0
   131  -12.79225641742038       4   2 0  2 0  0 0  0 0
   132  -26.27831248383601       4   1 1  2 0  0 0  0 0
   133  -14.88983324202979       4   0 2  2 0  0 0  0 0
   134  0.5153660555836317E-02   4   1 0  3 0  0 0  0 0
   135  0.3748286820935321E-02   4   0 1  3 0  0 0  0 0
   136  -2.522809256824689       4   0 0  4 0  0 0  0 0
   137  0.4597884477441461E-02   4   3 0  0 1  0 0  0 0
   138  0.1470690750648195E-01   4   2 1  0 1  0 0  0 0
   139  0.1510800260700093E-01   4   1 2  0 1  0 0  0 0
   140  0.4999697217353945E-02   4   0 3  0 1  0 0  0 0
   141  -17.70337518510351       4   2 0  1 1  0 0  0 0
   142  -35.09039258900754       4   1 1  1 1  0 0  0 0
   143  -19.82165281029342       4   0 2  1 1  0 0  0 0
   144  0.1289578129456395E-01   4   1 0  2 1  0 0  0 0
   145  0.9296969228717781E-02   4   0 1  2 1  0 0  0 0
   146  -7.854060743867930       4   0 0  3 1  0 0  0 0
   147  -6.060206430482629       4   2 0  0 2  0 0  0 0
   148  -12.35442437613015       4   1 1  0 2  0 0  0 0
   149  -7.692099682101553       4   0 2  0 2  0 0  0 0
   150  0.1063526813427279E-01   4   1 0  1 2  0 0  0 0
   151  0.7517293691720352E-02   4   0 1  1 2  0 0  0 0
   152  -9.456028576982543       4   0 0  2 2  0 0  0 0
   153  0.2815008638837016E-02   4   1 0  0 3  0 0  0 0
   154  0.1892704624695648E-02   4   0 1  0 3  0 0  0 0
   155  -5.321762720643711       4   0 0  1 3  0 0  0 0
   156  -1.269762203967790       4   0 0  0 4  0 0  0 0
   157  -.5276129355270239       4   3 0  0 0  0 1  0 0
   158  -2.004726274629760       4   2 1  0 0  0 1  0 0
   159  -2.419689465456479       4   1 2  0 0  0 1  0 0
   160  -.9396378671451475       4   0 3  0 0  0 1  0 0
   161  -.1259024189866998E-02   4   2 0  1 0  0 1  0 0
   162  -.4801512020816819E-02   4   1 1  1 0  0 1  0 0
   163  -.3887170085149430E-02   4   0 2  1 0  0 1  0 0
   164  -.1170261826416525       4   1 0  2 0  0 1  0 0
   165  -.5263805061493410E-01   4   0 1  2 0  0 1  0 0
   166  -.9063941712728691E-03   4   0 0  3 0  0 1  0 0
   167  -.1058634833565812E-02   4   2 0  0 1  0 1  0 0
   168  -.3513239969751770E-02   4   1 1  0 1  0 1  0 0
   169  -.2856632767479491E-02   4   0 2  0 1  0 1  0 0
   170  -.1405409969150795       4   1 0  1 1  0 1  0 0
   171  0.7630206271525922E-01   4   0 1  1 1  0 1  0 0
   172  -.2877943831413852E-02   4   0 0  2 1  0 1  0 0
   173  0.3251026379489058E-01   4   1 0  0 2  0 1  0 0
   174  0.1712884528848247       4   0 1  0 2  0 1  0 0
   175  -.3079584145219110E-02   4   0 0  1 2  0 1  0 0
   176  -.1145520583241612E-02   4   0 0  0 3  0 1  0 0
   177  -.2227382172707234       4   3 0  0 0  0 0  1 0
   178  -1.076596412669265       4   2 1  0 0  0 0  1 0
   179  -1.489609814498408       4   1 2  0 0  0 0  1 0
   180  -.6316282051024418       4   0 3  0 0  0 0  1 0
   181  -.8235119582567199E-03   4   2 0  1 0  0 0  1 0
   182  -.3728081270742238E-02   4   1 1  1 0  0 0  1 0
   183  -.3093775204532784E-02   4   0 2  1 0  0 0  1 0
   184  -.1060480659483717E-01   4   1 0  2 0  0 0  1 0
   185  -.2527763219417594E-01   4   0 1  2 0  0 0  1 0
   186  -.4922936858419115E-03   4   0 0  3 0  0 0  1 0
   187  -.9937222543987280E-03   4   2 0  0 1  0 0  1 0
   188  -.3333170644143203E-02   4   1 1  0 1  0 0  1 0
   189  -.2607414575104892E-02   4   0 2  0 1  0 0  1 0
   190  -.7251578268432497E-01   4   1 0  1 1  0 0  1 0
   191  0.1852111279201306E-01   4   0 1  1 1  0 0  1 0
   192  -.1932554067729212E-02   4   0 0  2 1  0 0  1 0
   193  0.4176443818668831E-02   4   1 0  0 2  0 0  1 0
   194  0.9300976867515917E-01   4   0 1  0 2  0 0  1 0
   195  -.2280941494263800E-02   4   0 0  1 2  0 0  1 0
   196  -.8912029552466822E-03   4   0 0  0 3  0 0  1 0
   197  0.7471999375279914       4   3 0  0 0  0 0  0 1
   198   2.148302618078511       4   2 1  0 0  0 0  0 1
   199   2.051571173896377       4   1 2  0 0  0 0  0 1
   200  0.6513870232847762       4   0 3  0 0  0 0  0 1
   201  0.2326120104586993E-02   4   2 0  1 0  0 0  0 1
   202  0.5540097812454251E-02   4   1 1  1 0  0 0  0 1
   203  0.3351533808662692E-02   4   0 2  1 0  0 0  0 1
   204  0.1265795346527327       4   1 0  2 0  0 0  0 1
   205  0.4927678504128012E-01   4   0 1  2 0  0 0  0 1
   206  0.1437156797309872E-02   4   0 0  3 0  0 0  0 1
   207  0.9781637934151341E-03   4   2 0  0 1  0 0  0 1
   208  0.2607590960390394E-02   4   1 1  0 1  0 0  0 1
   209  0.1803046526391191E-02   4   0 2  0 1  0 0  0 1
   210  0.1442909952599427       4   1 0  1 1  0 0  0 1
   211  0.2090384243614835E-01   4   0 1  1 1  0 0  0 1
   212  0.3241727483227844E-02   4   0 0  2 1  0 0  0 1
   213  0.1992804839513365E-01   4   1 0  0 2  0 0  0 1
   214  -.2886281068800161E-01   4   0 1  0 2  0 0  0 1
   215  0.2453212310995765E-02   4   0 0  1 2  0 0  0 1
   216  0.6783546207126726E-03   4   0 0  0 3  0 0  0 1
   217  -1.192508332315001       4   2 0  0 0  0 2  0 0
   218  -4.091953790531986       4   1 1  0 0  0 2  0 0
   219  -3.747874795958263       4   0 2  0 0  0 2  0 0
   220  -.6152863013771234E-04   4   1 0  1 0  0 2  0 0
   221  -.1233157169829117E-03   4   0 1  1 0  0 2  0 0
   222  -.5628646458263353       4   0 0  2 0  0 2  0 0
   223  -.1277520511357065E-03   4   1 0  0 1  0 2  0 0
   224  -.2077269449507671E-03   4   0 1  0 1  0 2  0 0
   225  -1.148043000793082       4   0 0  1 1  0 2  0 0
   226  -.8805948319426327       4   0 0  0 2  0 2  0 0
   227  -.5845549033510491       4   2 0  0 0  0 1  1 0
   228  -2.744739808270858       4   1 1  0 0  0 1  1 0
   229  -2.872580188562604       4   0 2  0 0  0 1  1 0
   230  -.2564271245916706E-04   4   1 0  1 0  0 1  1 0
   231  -.7445723929868800E-04   4   0 1  1 0  0 1  1 0
   232  -.1620826964910273       4   0 0  2 0  0 1  1 0
   233  -.7862623400189105E-04   4   1 0  0 1  0 1  1 0
   234  -.1594503490997522E-03   4   0 1  0 1  0 1  1 0
   235  -.8238516098092268       4   0 0  1 1  0 1  1 0
   236  -.6350228638882451       4   0 0  0 2  0 1  1 0
   237  -.2924887747493754       4   2 0  0 0  0 0  2 0
   238  -1.372349417760597       4   1 1  0 0  0 0  2 0
   239  -1.435909383750597       4   0 2  0 0  0 0  2 0
   240  -.1295679948977828E-04   4   1 0  1 0  0 0  2 0
   241  -.3735264419005064E-04   4   0 1  1 0  0 0  2 0
   242  -.8125594711808501E-01   4   0 0  2 0  0 0  2 0
   243  -.3941336349040182E-04   4   1 0  0 1  0 0  2 0
   244  -.7976935541959779E-04   4   0 1  0 1  0 0  2 0
   245  -.4118657437300151       4   0 0  1 1  0 0  2 0
   246  -.3174622623653910       4   0 0  0 2  0 0  2 0
   247   2.069218938366476       4   2 0  0 0  0 1  0 1
   248   5.489556800778571       4   1 1  0 0  0 1  0 1
   249   3.434420107499816       4   0 2  0 0  0 1  0 1
   250  0.8872279885114624E-04   4   1 0  1 0  0 1  0 1
   251  0.1360324827821933E-03   4   0 1  1 0  0 1  0 1
   252  0.8059355339125389       4   0 0  2 0  0 1  0 1
   253  0.1433317999554632E-03   4   1 0  0 1  0 1  0 1
   254  0.1914117678573310E-03   4   0 1  0 1  0 1  0 1
   255   1.647685686621405       4   0 0  1 1  0 1  0 1
   256  0.7071302838884904       4   0 0  0 2  0 1  0 1
   257  0.8266401776160446       4   2 0  0 0  0 0  1 1
   258   2.834985729164819       4   1 1  0 0  0 0  1 1
   259   2.059172482441654       4   0 2  0 0  0 0  1 1
   260  0.3179069763919589E-04   4   1 0  1 0  0 0  1 1
   261  0.6685161121102831E-04   4   0 1  1 0  0 0  1 1
   262  0.1916067808526810       4   0 0  2 0  0 0  1 1
   263  0.7144577067839234E-04   4   1 0  0 1  0 0  1 1
   264  0.1109406001616808E-03   4   0 1  0 1  0 0  1 1
   265  0.8088469313588847       4   0 0  1 1  0 0  1 1
   266  0.4503947214362364       4   0 0  0 2  0 0  1 1
   267  -.8263374540358794       4   2 0  0 0  0 0  0 2
   268  -1.507924377135337       4   1 1  0 0  0 0  0 2
   269  -.6853095826222620       4   0 2  0 0  0 0  0 2
   270  -.2862822765374882E-04   4   1 0  1 0  0 0  0 2
   271  -.2504214467067973E-04   4   0 1  1 0  0 0  0 2
   272  -.1913269256531273       4   0 0  2 0  0 0  0 2
   273  -.2786100217020646E-04   4   1 0  0 1  0 0  0 2
   274  -.2451429765261319E-04   4   0 1  0 1  0 0  0 2
   275  -.3893872154070801       4   0 0  1 1  0 0  0 2
   276  -.1940473890736566       4   0 0  0 2  0 0  0 2
   277  -.1820540889597943E-03   4   1 0  0 0  0 3  0 0
   278  -.2562941621547675E-03   4   0 1  0 0  0 3  0 0
   279  -.9532274246692047E-04   4   0 0  1 0  0 3  0 0
   280  -.1243647437431316E-03   4   0 0  0 1  0 3  0 0
   281  -.1000974291512243E-03   4   1 0  0 0  0 2  1 0
   282  -.1331707622210845E-03   4   0 1  0 0  0 2  1 0
   283  -.2348319431994412E-04   4   0 0  1 0  0 2  1 0
   284  -.9843258729010882E-04   4   0 0  0 1  0 2  1 0
   285  -.6366202515804136E-04   4   1 0  0 0  0 1  2 0
   286  -.8394324053648054E-04   4   0 1  0 0  0 1  2 0
   287  -.1165808906739978E-04   4   0 0  1 0  0 1  2 0
   288  -.6433939153355835E-04   4   0 0  0 1  0 1  2 0
   289  -.3340003105490032E-04   4   1 0  0 0  0 0  3 0
   290  -.4444582578736651E-04   4   0 1  0 0  0 0  3 0
   291  -.7873725977852413E-05   4   0 0  1 0  0 0  3 0
   292  -.3280770312100622E-04   4   0 0  0 1  0 0  3 0
   293  0.1591085608735783E-03   4   1 0  0 0  0 2  0 1
   294  0.1259126537723361E-03   4   0 1  0 0  0 2  0 1
   295  0.1027535082038738E-03   4   0 0  1 0  0 2  0 1
   296  0.1825497575574842E-03   4   0 0  0 1  0 2  0 1
   297  0.9168762511006171E-04   4   1 0  0 0  0 1  1 1
   298  0.7187656451015741E-04   4   0 1  0 0  0 1  1 1
   299  0.1379050173589657E-04   4   0 0  1 0  0 1  1 1
   300  0.1155540906988105E-03   4   0 0  0 1  0 1  1 1
   301  0.4585794571381107E-04   4   1 0  0 0  0 0  2 1
   302  0.3595009350812906E-04   4   0 1  0 0  0 0  2 1
   303  0.6950631655791487E-05   4   0 0  1 0  0 0  2 1
   304  0.5778371932237356E-04   4   0 0  0 1  0 0  2 1
   305  -.1660091854114537E-05   4   1 0  0 0  0 1  0 2
   306  0.2145356016827762E-05   4   0 1  0 0  0 1  0 2
   307  -.4650642870714212E-05   4   0 0  1 0  0 1  0 2
   308  -.2469618808119636E-04   4   0 0  0 1  0 1  0 2
   309  -.6744151577977055E-05   4   1 0  0 0  0 0  1 2
   310  -.2504383164242805E-05   4   0 1  0 0  0 0  1 2
   311  0.7412569411327191E-05   4   0 0  1 0  0 0  1 2
   312  -.1072564321358477E-04   4   0 0  0 1  0 0  1 2
   313  0.1998847747488279E-06   4   1 0  0 0  0 0  0 3
   314  0.2890572295839164E-06   4   0 1  0 0  0 0  0 3
   315  -.7548215726118623E-05   4   0 0  1 0  0 0  0 3
   316  -.6906987899897147E-05   4   0 0  0 1  0 0  0 3
   317  -.1565302532026223       4   0 0  0 0  0 4  0 0
   318  0.8947684243579741E-01   4   0 0  0 0  0 3  1 0
   319  0.2686485409486902E-01   4   0 0  0 0  0 2  2 0
   320  0.1798162630299004E-01   4   0 0  0 0  0 1  3 0
   321  0.2220686146417893E-01   4   0 0  0 0  0 0  4 0
   322  0.7422031048610936E-08   4   0 0  0 0  0 3  0 1
   323  0.3721310406799014E-08   4   0 0  0 0  0 2  1 1
   324  0.2995460660585136E-08   4   0 0  0 0  0 1  2 1
   325  0.9954265110298259E-09   4   0 0  0 0  0 0  3 1
   326  -.3949309939875248E-09   4   0 0  0 0  0 2  0 2
   327  0.4105273531236583E-09   4   0 0  0 0  0 1  1 2
   328  0.1618248617890167E-09   4   0 0  0 0  0 0  2 2
   329  -.6155112717968248E-09   4   0 0  0 0  0 1  0 3
   330  -.2759407824270251E-09   4   0 0  0 0  0 0  1 3
   331  -.4624506274687155E-10   4   0 0  0 0  0 0  0 4
   ----------------------------------------------------
     I  COEFFICIENT            ORDER EXPONENTS
     1   1.000000000000000       1   0 0  0 0  0 1  0 0
     --------------------------------------------------
     I  COEFFICIENT            ORDER EXPONENTS
     1   1.000000000000000       1   0 0  0 0  0 0  1 0
     --------------------------------------------------
     I  COEFFICIENT            ORDER EXPONENTS
     1   1.000000000000000       1   0 0  0 0  0 0  0 1
     --------------------------------------------------
