 L    0.1145458000000000E+01
 P (  0.0000000000000000E+00,  0.0000000000000000E+00,  0.9555200000000000E-01)
 A (  0.0000000000000000E+00,  0.0000000000000000E+00,  0.0000000000000000E+00)
     I  COEFFICIENT            ORDER EXPONENTS
     1  0.9551499204484675E-04   0   0 0  0 0  0 0  0 0
     2   1.789424991412806       1   1 0  0 0  0 0  0 0
     3   1.844806875244544       1   0 1  0 0  0 0  0 0
     4  0.2372029506119276E-04   1   0 0  1 0  0 0  0 0
     5  0.2091742539979904E-04   1   0 0  0 1  0 0  0 0
     6  -.8871055305929888E-06   1   0 0  0 0  0 1  0 0
     7  -.8859117057776991E-06   1   0 0  0 0  0 0  1 0
     8  0.1773017238487478E-05   1   0 0  0 0  0 0  0 1
     9  -.2073173430470620       2   2 0  0 0  0 0  0 0
    10  -.3701074818966460       2   1 1  0 0  0 0  0 0
    11  -.1659703232990528       2   0 2  0 0  0 0  0 0
    12  0.8004614699052572E-03   2   1 0  1 0  0 0  0 0
    13  0.2217421576238437E-03   2   0 1  1 0  0 0  0 0
    14  0.1391883330896227       2   0 0  2 0  0 0  0 0
    15  0.8503843336067088E-03   2   1 0  0 1  0 0  0 0
    16  0.3830793144600960E-03   2   0 1  0 1  0 0  0 0
    17  0.2477497956853905       2   0 0  1 1  0 0  0 0
    18  0.1112047876217336       2   0 0  0 2  0 0  0 0
    19  -.4349533819098340       2   1 0  0 0  0 1  0 0
    20  -1.306259602821501       2   0 1  0 0  0 1  0 0
    21  -.1310688750600770E-04   2   0 0  1 0  0 1  0 0
    22  -.2210482707855475E-04   2   0 0  0 1  0 1  0 0
    23  -.4343680421471011       2   1 0  0 0  0 0  1 0
    24  -1.304501700209905       2   0 1  0 0  0 0  1 0
    25  -.1308924887450834E-04   2   0 0  1 0  0 0  1 0
    26  -.2207507944403685E-04   2   0 0  0 1  0 0  1 0
    27  0.8693214240955931       2   1 0  0 0  0 0  0 1
    28  0.7659544278250986       2   0 1  0 0  0 0  0 1
    29  0.2619611158272612E-04   2   0 0  1 0  0 0  0 1
    30  0.2326245709706359E-04   2   0 0  0 1  0 0  0 1
    31  0.3342093467322356E-06   2   0 0  0 0  0 2  0 0
    32  -.2171825452273350E-06   2   0 0  0 0  0 1  1 0
    33  0.3339057205620490E-06   2   0 0  0 0  0 0  2 0
    34  0.4358020348487961E-06   2   0 0  0 0  0 1  0 1
    35  0.4352155530087506E-06   2   0 0  0 0  0 0  1 1
    36  -.1322010895163391E-05   2   0 0  0 0  0 0  0 2
    37   3.820448006459828       3   3 0  0 0  0 0  0 0
    38   15.83635459858744       3   2 1  0 0  0 0  0 0
    39   20.12585683669472       3   1 2  0 0  0 0  0 0
    40   8.992095490202109       3   0 3  0 0  0 0  0 0
    41  -.1515789832138227E-01   3   2 0  1 0  0 0  0 0
    42  -.2651596473574303E-01   3   1 1  1 0  0 0  0 0
    43  -.1160995472247991E-01   3   0 2  1 0  0 0  0 0
    44  -1.966502175892333       3   1 0  2 0  0 0  0 0
    45  0.6542854930583950       3   0 1  2 0  0 0  0 0
    46  0.3492328122077976E-02   3   0 0  3 0  0 0  0 0
    47  -.1375542095389908E-01   3   2 0  0 1  0 0  0 0
    48  -.2424851870955132E-01   3   1 1  0 1  0 0  0 0
    49  -.1069106078514525E-01   3   0 2  0 1  0 0  0 0
    50  -6.227708777104617       3   1 0  1 1  0 0  0 0
    51  -1.991874252417470       3   0 1  1 1  0 0  0 0
    52  0.9246845972576016E-02   3   0 0  2 1  0 0  0 0
    53  -3.129701061228021       3   1 0  0 2  0 0  0 0
    54  -.6014379547700096       3   0 1  0 2  0 0  0 0
    55  0.8243564278383676E-02   3   0 0  1 2  0 0  0 0
    56  0.2486425321176222E-02   3   0 0  0 3  0 0  0 0
    57  0.1347099553881846       3   2 0  0 0  0 1  0 0
    58  0.4247397855865017       3   1 1  0 0  0 1  0 0
    59  0.2729812046164876       3   0 2  0 0  0 1  0 0
    60  -.3840390425582700E-03   3   1 0  1 0  0 1  0 0
    61  -.1365936598851685E-03   3   0 1  1 0  0 1  0 0
    62  -.6446487338257395E-01   3   0 0  2 0  0 1  0 0
    63  -.9510053560937645E-03   3   1 0  0 1  0 1  0 0
    64  -.6058861073628843E-03   3   0 1  0 1  0 1  0 0
    65  -.2375438770438377       3   0 0  1 1  0 1  0 0
    66  -.1618572664565018       3   0 0  0 2  0 1  0 0
    67  0.1345286690788792       3   2 0  0 0  0 0  1 0
    68  0.4241681908003411       3   1 1  0 0  0 0  1 0
    69  0.2726138393764667       3   0 2  0 0  0 0  1 0
    70  -.3835222209139325E-03   3   1 0  1 0  0 0  1 0
    71  -.1364098385751389E-03   3   0 1  1 0  0 0  1 0
    72  -.6437811959409956E-01   3   0 0  2 0  0 0  1 0
    73  -.9497255379048657E-03   3   1 0  0 1  0 0  1 0
    74  -.6050707343940237E-03   3   0 1  0 1  0 0  1 0
    75  -.2372242016891665       3   0 0  1 1  0 0  1 0
    76  -.1616394465753730       3   0 0  0 2  0 0  1 0
    77  -.2692390357930549       3   2 0  0 0  0 0  0 1
    78  -.4788011797974157       3   1 1  0 0  0 0  0 1
    79  -.2136546828630025       3   0 2  0 0  0 0  0 1
    80  0.7665709748495629E-03   3   1 0  1 0  0 0  0 1
    81  0.5026847319960804E-04   3   0 1  1 0  0 0  0 1
    82  0.1288431864922620       3   0 0  2 0  0 0  0 1
    83  0.1049310885137656E-02   3   1 0  0 1  0 0  0 1
    84  0.4437545897509414E-03   3   0 1  0 1  0 0  0 1
    85  0.2270185861446692       3   0 0  1 1  0 0  0 1
    86  0.1010872550220825       3   0 0  0 2  0 0  0 1
    87  0.3469398919280017       3   1 0  0 0  0 2  0 0
    88   1.188537520631012       3   0 1  0 0  0 2  0 0
    89  0.1044561840655916E-04   3   0 0  1 0  0 2  0 0
    90  0.2298719194723591E-04   3   0 0  0 1  0 2  0 0
    91  0.2591626290277971       3   1 0  0 0  0 1  1 0
    92   1.071130153669176       3   0 1  0 0  0 1  1 0
    93  0.7697897892260107E-05   3   0 0  1 0  0 1  1 0
    94  0.2377882248722298E-04   3   0 0  0 1  0 1  1 0
    95  0.3462986121460383       3   1 0  0 0  0 0  2 0
    96   1.186217304609483       3   0 1  0 0  0 0  2 0
    97  0.1042638145149568E-04   3   0 0  1 0  0 0  2 0
    98  0.2294025665838426E-04   3   0 0  0 1  0 0  2 0
    99  -.5180896082172262       3   1 0  0 0  0 1  0 1
   100  -.8356869893618595       3   0 1  0 0  0 1  0 1
   101  -.1533021704602916E-04   3   0 0  1 0  0 1  0 1
   102  -.2535831573014079E-04   3   0 0  0 1  0 1  0 1
   103  -.5173923876392018       3   1 0  0 0  0 0  1 1
   104  -.8345623611961380       3   0 1  0 0  0 0  1 1
   105  -.1530958636241668E-04   3   0 0  1 0  0 0  1 1
   106  -.2532418970392717E-04   3   0 0  0 1  0 0  1 1
   107  0.8308044252480325E-01   3   1 0  0 0  0 0  0 2
   108  0.6917042324577322E-01   3   0 1  0 0  0 0  0 2
   109  0.2134280260988416E-05   3   0 0  1 0  0 0  0 2
   110  0.2018757239038906E-05   3   0 0  0 1  0 0  0 2
   111  -.4739998666537013E-07   3   0 0  0 0  0 3  0 0
   112  0.5257047232013022E-06   3   0 0  0 0  0 2  1 0
   113  0.5245479660034296E-06   3   0 0  0 0  0 1  2 0
   114  -.4765756200192318E-07   3   0 0  0 0  0 0  3 0
   115  -.1052292103197011E-05   3   0 0  0 0  0 2  0 1
   116  -.1666995618288009E-05   3   0 0  0 0  0 1  1 1
   117  -.1049754296007039E-05   3   0 0  0 0  0 0  2 1
   118  0.1450036850835098E-05   3   0 0  0 0  0 1  0 2
   119  0.1448085459579033E-05   3   0 0  0 0  0 0  1 2
   120  -.8474903763928446E-07   3   0 0  0 0  0 0  0 3
   121  -26.73439947445792       4   4 0  0 0  0 0  0 0
   122  -99.46945466563145       4   3 1  0 0  0 0  0 0
   123  -139.4469008726614       4   2 2  0 0  0 0  0 0
   124  -87.44704630088665       4   1 3  0 0  0 0  0 0
   125  -20.72432295135120       4   0 4  0 0  0 0  0 0
   126  -.1162067996249831E-01   4   3 0  1 0  0 0  0 0
   127  -.3333560604707972E-01   4   2 1  1 0  0 0  0 0
   128  -.3434758484243400E-01   4   1 2  1 0  0 0  0 0
   129  -.1250397163780597E-01   4   0 3  1 0  0 0  0 0
   130   90.44820883515004       4   2 0  2 0  0 0  0 0
   131   159.4447755412719       4   1 1  2 0  0 0  0 0
   132   70.81088005053390       4   0 2  2 0  0 0  0 0
   133  0.7180162362999639E-02   4   1 0  3 0  0 0  0 0
   134  0.5522260857312585E-02   4   0 1  3 0  0 0  0 0
   135  -10.39416488435864       4   0 0  4 0  0 0  0 0
   136  -.8993331874503737E-02   4   3 0  0 1  0 0  0 0
   137  -.2403997560684036E-01   4   2 1  0 1  0 0  0 0
   138  -.2263167997501485E-01   4   1 2  0 1  0 0  0 0
   139  -.7593179263415975E-02   4   0 3  0 1  0 0  0 0
   140   166.0877859536853       4   2 0  1 1  0 0  0 0
   141   294.9919626862445       4   1 1  1 1  0 0  0 0
   142   132.0876803513671       4   0 2  1 1  0 0  0 0
   143  0.1963789104217235E-01   4   1 0  2 1  0 0  0 0
   144  0.1576565620750536E-01   4   0 1  2 1  0 0  0 0
   145  -36.55959617761886       4   0 0  3 1  0 0  0 0
   146   76.65759512574158       4   2 0  0 2  0 0  0 0
   147   137.0013703305582       4   1 1  0 2  0 0  0 0
   148   61.76439169280853       4   0 2  0 2  0 0  0 0
   149  0.1713861219440013E-01   4   1 0  1 2  0 0  0 0
   150  0.1418217830194495E-01   4   0 1  1 2  0 0  0 0
   151  -48.54065564060413       4   0 0  2 2  0 0  0 0
   152  0.5363604688047922E-02   4   1 0  0 3  0 0  0 0
   153  0.4503436717685167E-02   4   0 1  0 3  0 0  0 0
   154  -28.71825081996171       4   0 0  1 3  0 0  0 0
   155  -6.361753341626402       4   0 0  0 4  0 0  0 0
   156  -6.389127953682685       4   3 0  0 0  0 1  0 0
   157  -30.33821867703646       4   2 1  0 0  0 1  0 0
   158  -45.44263404847261       4   1 2  0 0  0 1  0 0
   159  -22.95863297481151       4   0 3  0 0  0 1  0 0
   160  0.1353970543184172E-02   4   2 0  1 0  0 1  0 0
   161  0.1389274662629369E-01   4   1 1  1 0  0 1  0 0
   162  0.1100475882759232E-01   4   0 2  1 0  0 1  0 0
   163  0.5459066789876343       4   1 0  2 0  0 1  0 0
   164  -1.468476681512409       4   0 1  2 0  0 1  0 0
   165  -.5060236472433115E-03   4   0 0  3 0  0 1  0 0
   166  0.7039289583837516E-02   4   2 0  0 1  0 1  0 0
   167  0.2276343868036956E-01   4   1 1  0 1  0 1  0 0
   168  0.1447932879712398E-01   4   0 2  0 1  0 1  0 0
   169   6.916756889702826       4   1 0  1 1  0 1  0 0
   170   2.891881631971218       4   0 1  1 1  0 1  0 0
   171  -.5477963430007499E-02   4   0 0  2 1  0 1  0 0
   172   5.586548855505756       4   1 0  0 2  0 1  0 0
   173   1.975198833360127       4   0 1  0 2  0 1  0 0
   174  -.8538308349250592E-02   4   0 0  1 2  0 1  0 0
   175  -.3677580265046729E-02   4   0 0  0 3  0 1  0 0
   176  -6.380529766392293       4   3 0  0 0  0 0  1 0
   177  -30.29739093213340       4   2 1  0 0  0 0  1 0
   178  -45.38147949320929       4   1 2  0 0  0 0  1 0
   179  -22.92773632855761       4   0 3  0 0  0 0  1 0
   180  0.1352148433437523E-02   4   2 0  1 0  0 0  1 0
   181  0.1387405042262637E-01   4   1 1  1 0  0 0  1 0
   182  0.1098994914179840E-01   4   0 2  1 0  0 0  1 0
   183  0.5451720235067811       4   1 0  2 0  0 0  1 0
   184  -1.466500474801278       4   0 1  2 0  0 0  1 0
   185  -.5053426644669189E-03   4   0 0  3 0  0 0  1 0
   186  0.7029816439665752E-02   4   2 0  0 1  0 0  1 0
   187  0.2273280471739707E-01   4   1 1  0 1  0 0  1 0
   188  0.1445984319881586E-01   4   0 2  0 1  0 0  1 0
   189   6.907448644256169       4   1 0  1 1  0 0  1 0
   190   2.887989873960660       4   0 1  1 1  0 0  1 0
   191  -.5470591444990864E-02   4   0 0  2 1  0 0  1 0
   192   5.579030741340960       4   1 0  0 2  0 0  1 0
   193   1.972540703858114       4   0 1  0 2  0 0  1 0
   194  -.8526817896270703E-02   4   0 0  1 2  0 0  1 0
   195  -.3672631150844382E-02   4   0 0  0 3  0 0  1 0
   196   12.76614925904056       4   3 0  0 0  0 0  0 1
   197   44.78837671215925       4   2 1  0 0  0 0  0 1
   198   50.56113766331108       4   1 2  0 0  0 0  0 1
   199   18.90618844577103       4   0 3  0 0  0 0  0 1
   200  0.2114976954990526E-02   4   2 0  1 0  0 0  0 1
   201  0.4515157508718293E-02   4   1 1  1 0  0 0  0 1
   202  0.2407728139572257E-02   4   0 2  1 0  0 0  0 1
   203  -1.086270440665916       4   1 0  2 0  0 0  0 1
   204   2.285477386576965       4   0 1  2 0  0 0  0 1
   205  -.9428052796564516E-04   4   0 0  3 0  0 0  0 1
   206  0.2320899628431860E-02   4   2 0  0 1  0 0  0 1
   207  0.4815139010367082E-02   4   1 1  0 1  0 0  0 1
   208  0.2517936121647633E-02   4   0 2  0 1  0 0  0 1
   209  -7.586523812526886       4   1 0  1 1  0 0  0 1
   210  -1.786137908401117       4   0 1  1 1  0 0  0 1
   211  -.3666691290156729E-03   4   0 0  2 1  0 0  0 1
   212  -4.900970768887577       4   1 0  0 2  0 0  0 1
   213  -2.138185355255312       4   0 1  0 2  0 0  0 1
   214  -.4070874337170357E-03   4   0 0  1 2  0 0  0 1
   215  -.1245895816073382E-03   4   0 0  0 3  0 0  0 1
   216  -.1209688721577373       4   2 0  0 0  0 2  0 0
   217  -.4745378208585056       4   1 1  0 0  0 2  0 0
   218  -.3700053688004754       4   0 2  0 0  0 2  0 0
   219  -.3549793983597513E-03   4   1 0  1 0  0 2  0 0
   220  -.2368471195156777E-03   4   0 1  1 0  0 2  0 0
   221  0.4578112661265379E-01   4   0 0  2 0  0 2  0 0
   222  0.4548467488262067E-03   4   1 0  0 1  0 2  0 0
   223  0.5278952542469307E-03   4   0 1  0 1  0 2  0 0
   224  0.2301045239232331       4   0 0  1 1  0 2  0 0
   225  0.1974208952533379       4   0 0  0 2  0 2  0 0
   226  -.1054206646849131       4   2 0  0 0  0 1  1 0
   227  -.5201595014316511       4   1 1  0 0  0 1  1 0
   228  -.4643471726084559       4   0 2  0 0  0 1  1 0
   229  -.5239949209808030E-03   4   1 0  1 0  0 1  1 0
   230  -.3648550682680809E-03   4   0 1  1 0  0 1  1 0
   231  0.2788063146914435E-01   4   0 0  2 0  0 1  1 0
   232  0.4690901596265935E-03   4   1 0  0 1  0 1  1 0
   233  0.6571719408931625E-03   4   0 1  0 1  0 1  1 0
   234  0.2237356330805227       4   0 0  1 1  0 1  1 0
   235  0.2333520436377670       4   0 0  0 2  0 1  1 0
   236  -.1207351428695361       4   2 0  0 0  0 0  2 0
   237  -.4735492071519986       4   1 1  0 0  0 0  2 0
   238  -.3691949847423984       4   0 2  0 0  0 0  2 0
   239  -.3541490999802264E-03   4   1 0  1 0  0 0  2 0
   240  -.2362828794464643E-03   4   0 1  1 0  0 0  2 0
   241  0.4570075631011707E-01   4   0 0  2 0  0 0  2 0
   242  0.4539189977931488E-03   4   1 0  0 1  0 0  2 0
   243  0.5267426421792996E-03   4   0 1  0 1  0 0  2 0
   244  0.2296443136640351       4   0 0  1 1  0 0  2 0
   245  0.1969981984252167       4   0 0  0 2  0 0  2 0
   246  0.2083408630131166       4   2 0  0 0  0 1  0 1
   247  0.6089992999813207       4   1 1  0 0  0 1  0 1
   248  0.3780313312427602       4   0 2  0 0  0 1  0 1
   249  0.9248718348213762E-03   4   1 0  1 0  0 1  0 1
   250  0.9160265636233172E-03   4   0 1  1 0  0 1  0 1
   251  -.5633000693444389E-01   4   0 0  2 0  0 1  0 1
   252  0.1067467991441999E-03   4   1 0  0 1  0 1  0 1
   253  0.2410018965751615E-03   4   0 1  0 1  0 1  0 1
   254  -.2106269792592241       4   0 0  1 1  0 1  0 1
   255  -.1435522458202617       4   0 0  0 2  0 1  0 1
   256  0.2080604876984272       4   2 0  0 0  0 0  1 1
   257  0.6081797374245235       4   1 1  0 0  0 0  1 1
   258  0.3775225944931597       4   0 2  0 0  0 0  1 1
   259  0.9236271858937718E-03   4   1 0  1 0  0 0  1 1
   260  0.9147938182448267E-03   4   0 1  1 0  0 0  1 1
   261  -.5625420066585239E-01   4   0 0  2 0  0 0  1 1
   262  0.1066031443327134E-03   4   1 0  0 1  0 0  1 1
   263  0.2406775675807756E-03   4   0 1  0 1  0 0  1 1
   264  -.2103435273970421       4   0 0  1 1  0 0  1 1
   265  -.1433590599732195       4   0 0  0 2  0 0  1 1
   266  -.7107425009410964E-01   4   2 0  0 0  0 0  0 2
   267  -.1244060448335334       4   1 1  0 0  0 0  0 2
   268  -.5441898432286935E-01   4   0 2  0 0  0 0  0 2
   269  -.7548818038678145E-03   4   1 0  1 0  0 0  0 2
   270  -.7184122523278878E-03   4   0 1  1 0  0 0  0 2
   271  -.7385426694119239E-02   4   0 0  2 0  0 0  0 2
   272  -.6076123142485544E-03   4   1 0  0 1  0 0  0 2
   273  -.5885588106522724E-03   4   0 1  0 1  0 0  0 2
   274  -.1552749545342881E-01   4   0 0  1 1  0 0  0 2
   275  -.7831801873408720E-02   4   0 0  0 2  0 0  0 2
   276  -.3033782833971972       4   1 0  0 0  0 3  0 0
   277  -1.138716484972663       4   0 1  0 0  0 3  0 0
   278  -.1359327859038236E-04   4   0 0  1 0  0 3  0 0
   279  -.2889100699927942E-04   4   0 0  0 1  0 3  0 0
   280  -.2162973198735942       4   1 0  0 0  0 2  1 0
   281  -1.039101309270465       4   0 1  0 0  0 2  1 0
   282  -.9068897957410230E-05   4   0 0  1 0  0 2  1 0
   283  -.2865852109355287E-04   4   0 0  0 1  0 2  1 0
   284  -.2164722799084609       4   1 0  0 0  0 1  2 0
   285  -1.039299301973515       4   0 1  0 0  0 1  2 0
   286  -.9077994077577129E-05   4   0 0  1 0  0 1  2 0
   287  -.2865891191179394E-04   4   0 0  0 1  0 1  2 0
   288  -.3026205299658276       4   1 0  0 0  0 0  3 0
   289  -1.135719594038061       4   0 1  0 0  0 0  3 0
   290  -.1355974478078359E-04   4   0 0  1 0  0 0  3 0
   291  -.2881342910852521E-04   4   0 0  0 1  0 0  3 0
   292  0.4325287807859128       4   1 0  0 0  0 2  0 1
   293  0.8896116460870489       4   0 1  0 0  0 2  0 1
   294  0.1668654625800512E-04   4   0 0  1 0  0 2  0 1
   295  0.3143006096096101E-04   4   0 0  0 1  0 2  0 1
   296  0.3471885071178473       4   1 0  0 0  0 1  1 1
   297  0.9433810097159383       4   0 1  0 0  0 1  1 1
   298  0.1225443526581744E-04   4   0 0  1 0  0 1  1 1
   299  0.3144445721428800E-04   4   0 0  0 1  0 1  1 1
   300  0.4317130889718798       4   1 0  0 0  0 0  2 1
   301  0.8877796698082538       4   0 1  0 0  0 0  2 1
   302  0.1665584456973618E-04   4   0 0  1 0  0 0  2 1
   303  0.3136660563187069E-04   4   0 0  0 1  0 0  2 1
   304  -.8801918161539291E-01   4   1 0  0 0  0 1  0 2
   305  -.1077569808696440       4   0 1  0 0  0 1  0 2
   306  -.9780828483329922E-06   4   0 0  1 0  0 1  0 2
   307  -.1723101733176774E-05   4   0 0  0 1  0 1  0 2
   308  -.8790072954897503E-01   4   1 0  0 0  0 0  1 2
   309  -.1076119666032003       4   0 1  0 0  0 0  1 2
   310  -.9767665905311505E-06   4   0 0  1 0  0 0  1 2
   311  -.1720782864071240E-05   4   0 0  0 1  0 0  1 2
   312  0.3251785001110087E-02   4   1 0  0 0  0 0  0 3
   313  0.2618169955978018E-02   4   0 1  0 0  0 0  0 3
   314  0.2049580947619295E-06   4   0 0  1 0  0 0  0 3
   315  0.1656015449623512E-06   4   0 0  0 1  0 0  0 3
   316  -.3605089755700373E-04   4   0 0  0 0  0 4  0 0
   317  -.2563539844167582E-04   4   0 0  0 0  0 3  1 0
   318  -.2426900020593920E-04   4   0 0  0 0  0 2  2 0
   319  -.2566511685819576E-04   4   0 0  0 0  0 1  3 0
   320  -.3593668380199249E-04   4   0 0  0 0  0 0  4 0
   321  0.1181105911970940E-04   4   0 0  0 0  0 3  0 1
   322  0.1253656420800537E-04   4   0 0  0 0  0 2  1 1
   323  0.1253506759652953E-04   4   0 0  0 0  0 1  2 1
   324  0.1177879277754712E-04   4   0 0  0 0  0 0  3 1
   325  -.1112606246415686E-05   4   0 0  0 0  0 2  0 2
   326  -.1392388131789510E-05   4   0 0  0 0  0 1  1 2
   327  -.1110172048201206E-05   4   0 0  0 0  0 0  2 2
   328  0.3591579653825142E-07   4   0 0  0 0  0 1  0 3
   329  0.3586746275192309E-07   4   0 0  0 0  0 0  1 3
   330  -.9058117464328514E-14   4   0 0  0 0  0 0  0 4
   ----------------------------------------------------
     I  COEFFICIENT            ORDER EXPONENTS
     1  0.5337212815037246E-04   0   0 0  0 0  0 0  0 0
     2   3.767901078049571       1   1 0  0 0  0 0  0 0
     3   4.443354626075542       1   0 1  0 0  0 0  0 0
     4  0.1074374391231269E-03   1   0 0  1 0  0 0  0 0
     5  0.9905614841038478E-04   1   0 0  0 1  0 0  0 0
     6  0.3119026557007405E-05   1   0 0  0 0  0 1  0 0
     7  0.3114829118061853E-05   1   0 0  0 0  0 0  1 0
     8  0.4713827248517454E-04   1   0 0  0 0  0 0  0 1
     9  -1.063000902528304       2   2 0  0 0  0 0  0 0
    10  -1.941529925464868       2   1 1  0 0  0 0  0 0
    11  -.8907745466776094       2   0 2  0 0  0 0  0 0
    12  0.5077930360151695E-02   2   1 0  1 0  0 0  0 0
    13  0.3713317088540991E-02   2   0 1  1 0  0 0  0 0
    14  0.6177117219705370       2   0 0  2 0  0 0  0 0
    15  0.4777462292420676E-02   2   1 0  0 1  0 0  0 0
    16  0.3619373002493944E-02   2   0 1  0 1  0 0  0 0
    17   1.127767926795473       2   0 0  1 1  0 0  0 0
    18  0.5204024894073579       2   0 0  0 2  0 0  0 0
    19  -.2826981500370129       2   1 0  0 0  0 1  0 0
    20  -1.961930984126142       2   0 1  0 0  0 1  0 0
    21  -.7005478026888251E-05   2   0 0  1 0  0 1  0 0
    22  -.5640460155955712E-04   2   0 0  0 1  0 1  0 0
    23  -.2823177081897910       2   1 0  0 0  0 0  1 0
    24  -1.959290709870302       2   0 1  0 0  0 0  1 0
    25  -.6996050384716389E-05   2   0 0  1 0  0 0  1 0
    26  -.5632869490503501E-04   2   0 0  0 1  0 0  1 0
    27   4.332916936484420       2   1 0  0 0  0 0  0 1
    28   3.921221694200860       2   0 1  0 0  0 0  0 1
    29  0.1214388004933997E-03   2   0 0  1 0  0 0  0 1
    30  0.1127331297632131E-03   2   0 0  0 1  0 0  0 1
    31  -.2504427808643454E-05   2   0 0  0 0  0 2  0 0
    32  -.1891472024879913E-05   2   0 0  0 0  0 1  1 0
    33  -.2499784740772521E-05   2   0 0  0 0  0 0  2 0
    34  0.6900329932748516E-05   2   0 0  0 0  0 1  0 1
    35  0.6891043793925575E-05   2   0 0  0 0  0 0  1 1
    36  -.6895686551271313E-05   2   0 0  0 0  0 0  0 2
    37  -23.61564284805857       3   3 0  0 0  0 0  0 0
    38  -68.16383544704679       3   2 1  0 0  0 0  0 0
    39  -67.22824416973739       3   1 2  0 0  0 0  0 0
    40  -20.82984774623598       3   0 3  0 0  0 0  0 0
    41  -.7656382695097901E-01   3   2 0  1 0  0 0  0 0
    42  -.1379910028886305       3   1 1  1 0  0 0  0 0
    43  -.6245800694536555E-01   3   0 2  1 0  0 0  0 0
    44  -23.87329524714115       3   1 0  2 0  0 0  0 0
    45  -18.35580546563958       3   0 1  2 0  0 0  0 0
    46  0.1508383246067398E-01   3   0 0  3 0  0 0  0 0
    47  -.7271554120275789E-01   3   2 0  0 1  0 0  0 0
    48  -.1322946192582780       3   1 1  0 1  0 0  0 0
    49  -.6038954172912073E-01   3   0 2  0 1  0 0  0 0
    50  -52.05748753214482       3   1 0  1 1  0 0  0 0
    51  -42.40705314833613       3   0 1  1 1  0 0  0 0
    52  0.4078436308080742E-01   3   0 0  2 1  0 0  0 0
    53  -25.17244219632964       3   1 0  0 2  0 0  0 0
    54  -19.45044523651161       3   0 1  0 2  0 0  0 0
    55  0.3714365554324014E-01   3   0 0  1 2  0 0  0 0
    56  0.1145067519979631E-01   3   0 0  0 3  0 0  0 0
    57  0.2188096448481403       3   2 0  0 0  0 1  0 0
    58   1.360410251281298       3   1 1  0 0  0 1  0 0
    59   1.064174905826334       3   0 2  0 0  0 1  0 0
    60  -.1776128919137704E-02   3   1 0  1 0  0 1  0 0
    61  -.3125792727444728E-02   3   0 1  1 0  0 1  0 0
    62  0.2370411133367090E-01   3   0 0  2 0  0 1  0 0
    63  -.4379297844663300E-02   3   1 0  0 1  0 1  0 0
    64  -.5163702926964026E-02   3   0 1  0 1  0 1  0 0
    65  -.5121980120519612       3   0 0  1 1  0 1  0 0
    66  -.4936881108050470       3   0 0  0 2  0 1  0 0
    67  0.2185151811402340       3   2 0  0 0  0 0  1 0
    68   1.358579475279007       3   1 1  0 0  0 0  1 0
    69   1.062742789390881       3   0 2  0 0  0 0  1 0
    70  -.1773738688544390E-02   3   1 0  1 0  0 0  1 0
    71  -.3121586182905656E-02   3   0 1  1 0  0 0  1 0
    72  0.2367221145777506E-01   3   0 0  2 0  0 0  1 0
    73  -.4373404392013116E-02   3   1 0  0 1  0 0  1 0
    74  -.5156753858921817E-02   3   0 1  0 1  0 0  1 0
    75  -.5115087201063958       3   0 0  1 1  0 0  1 0
    76  -.4930237286122397       3   0 0  0 2  0 0  1 0
    77  -1.500329177530066       3   2 0  0 0  0 0  0 1
    78  -2.718995559770704       3   1 1  0 0  0 0  0 1
    79  -1.236145617655304       3   0 2  0 0  0 0  0 1
    80  0.8622771541921594E-02   3   1 0  1 0  0 0  0 1
    81  0.6242409586034246E-02   3   0 1  1 0  0 0  0 1
    82  0.5703372331415406       3   0 0  2 0  0 0  0 1
    83  0.8747242640476318E-02   3   1 0  0 1  0 0  0 1
    84  0.6695611262473154E-02   3   0 1  0 1  0 0  0 1
    85   1.023709825040522       3   0 0  1 1  0 0  0 1
    86  0.4663106487481085       3   0 0  0 2  0 0  0 1
    87  0.2192473563458189       3   1 0  0 0  0 2  0 0
    88   1.596665233394718       3   0 1  0 0  0 2  0 0
    89  0.4755565320068194E-05   3   0 0  1 0  0 2  0 0
    90  0.4521068894044243E-04   3   0 0  0 1  0 2  0 0
    91  0.1559662800589763       3   1 0  0 0  0 1  1 0
    92   1.232378606648189       3   0 1  0 0  0 1  1 0
    93  0.2462285770127270E-05   3   0 0  1 0  0 1  1 0
    94  0.3402967700576918E-04   3   0 0  0 1  0 1  1 0
    95  0.2188473575517840       3   1 0  0 0  0 0  2 0
    96   1.593687278047423       3   0 1  0 0  0 0  2 0
    97  0.4747508690312794E-05   3   0 0  1 0  0 0  2 0
    98  0.4512694875819561E-04   3   0 0  0 1  0 0  2 0
    99  -.5944598822697152       3   1 0  0 0  0 1  0 1
   100  -2.463777132973155       3   0 1  0 0  0 1  0 1
   101  -.1207385727703963E-04   3   0 0  1 0  0 1  0 1
   102  -.6817015175586438E-04   3   0 0  0 1  0 1  0 1
   103  -.5936598861760705       3   1 0  0 0  0 0  1 1
   104  -2.460461497821388       3   0 1  0 0  0 0  1 1
   105  -.1205760884893722E-04   3   0 0  1 0  0 0  1 1
   106  -.6807841157837924E-04   3   0 0  0 1  0 0  1 1
   107  0.5940592371364291       3   1 0  0 0  0 0  0 2
   108  0.5015079243066127       3   0 1  0 0  0 0  0 2
   109  0.1207768667855459E-04   3   0 0  1 0  0 0  0 2
   110  0.1182076417171741E-04   3   0 0  0 1  0 0  0 2
   111  0.2198868529050182E-05   3   0 0  0 0  0 3  0 0
   112  0.1590347246842266E-05   3   0 0  0 0  0 2  1 0
   113  0.1591569652343035E-05   3   0 0  0 0  0 1  2 0
   114  0.2193361164188260E-05   3   0 0  0 0  0 0  3 0
   115  -.5687171631147146E-05   3   0 0  0 0  0 2  0 1
   116  -.4478188374060737E-05   3   0 0  0 0  0 1  1 1
   117  -.5676504836161063E-05   3   0 0  0 0  0 0  2 1
   118  0.4478360278158927E-05   3   0 0  0 0  0 1  0 2
   119  0.4472333511954057E-05   3   0 0  0 0  0 0  1 2
   120  -.6852282323696762E-06   3   0 0  0 0  0 0  0 3
   121  -116.9425381356170       4   4 0  0 0  0 0  0 0
   122  -433.6665546577291       4   3 1  0 0  0 0  0 0
   123  -605.3208854934711       4   2 2  0 0  0 0  0 0
   124  -377.7955842032586       4   1 3  0 0  0 0  0 0
   125  -89.14145707832257       4   0 4  0 0  0 0  0 0
   126  -.5373069052718885E-01   4   3 0  1 0  0 0  0 0
   127  -.1394270782673165       4   2 1  1 0  0 0  0 0
   128  -.1209365970684803       4   1 2  1 0  0 0  0 0
   129  -.3309054787887079E-01   4   0 3  1 0  0 0  0 0
   130   422.0614308139981       4   2 0  2 0  0 0  0 0
   131   754.2434261686069       4   1 1  2 0  0 0  0 0
   132   338.5815125772640       4   0 2  2 0  0 0  0 0
   133  0.3925197628002780E-01   4   1 0  3 0  0 0  0 0
   134  0.3801659125066456E-01   4   0 1  3 0  0 0  0 0
   135  -45.86323664362059       4   0 0  4 0  0 0  0 0
   136  -.5083481068101289E-01   4   3 0  0 1  0 0  0 0
   137  -.1340969217082764       4   2 1  0 1  0 0  0 0
   138  -.1162394453743548       4   1 2  0 1  0 0  0 0
   139  -.3151121258563951E-01   4   0 3  0 1  0 0  0 0
   140   795.2066925214503       4   2 0  1 1  0 0  0 0
   141   1432.386684547432       4   1 1  1 1  0 0  0 0
   142   648.6248546832328       4   0 2  1 1  0 0  0 0
   143  0.1144745588173190       4   1 0  2 1  0 0  0 0
   144  0.1110499522014766       4   0 1  2 1  0 0  0 0
   145  -164.3713260890742       4   0 0  3 1  0 0  0 0
   146   377.5602921583830       4   2 0  0 2  0 0  0 0
   147   684.4748740867016       4   1 1  0 2  0 0  0 0
   148   312.1450655629922       4   0 2  0 2  0 0  0 0
   149  0.1112764172101189       4   1 0  1 2  0 0  0 0
   150  0.1096784520925791       4   0 1  1 2  0 0  0 0
   151  -222.9958775567606       4   0 0  2 2  0 0  0 0
   152  0.3820852540470461E-01   4   1 0  0 3  0 0  0 0
   153  0.3822866103411010E-01   4   0 1  0 3  0 0  0 0
   154  -135.2412401944863       4   0 0  1 3  0 0  0 0
   155  -30.82260225606702       4   0 0  0 4  0 0  0 0
   156   19.92266256779525       4   3 0  0 0  0 1  0 0
   157   90.55393290893610       4   2 1  0 0  0 1  0 0
   158   120.6177349340659       4   1 2  0 0  0 1  0 0
   159   47.95596169084333       4   0 3  0 0  0 1  0 0
   160  -.6510955016916776E-02   4   2 0  1 0  0 1  0 0
   161  0.4885435946304642E-01   4   1 1  1 0  0 1  0 0
   162  0.4925540870982278E-01   4   0 2  1 0  0 1  0 0
   163   6.420980903255795       4   1 0  2 0  0 1  0 0
   164   12.88177899239589       4   0 1  2 0  0 1  0 0
   165  0.1301371226522075E-02   4   0 0  3 0  0 1  0 0
   166  0.2384666121611028E-01   4   2 0  0 1  0 1  0 0
   167  0.1006367920938760       4   1 1  0 1  0 1  0 0
   168  0.7180328164232992E-01   4   0 2  0 1  0 1  0 0
   169   43.14830439941765       4   1 0  1 1  0 1  0 0
   170   54.58965055521463       4   0 1  1 1  0 1  0 0
   171  -.1404903613421944E-01   4   0 0  2 1  0 1  0 0
   172   35.02226701250743       4   1 0  0 2  0 1  0 0
   173   36.71225145329371       4   0 1  0 2  0 1  0 0
   174  -.2845353105444090E-01   4   0 0  1 2  0 1  0 0
   175  -.1352181310393293E-01   4   0 0  0 3  0 1  0 0
   176   19.89585158743277       4   3 0  0 0  0 0  1 0
   177   90.43206969368147       4   2 1  0 0  0 0  1 0
   178   120.4554132709031       4   1 2  0 0  0 0  1 0
   179   47.89142481768396       4   0 3  0 0  0 0  1 0
   180  -.6502192880505834E-02   4   2 0  1 0  0 0  1 0
   181  0.4878861356850693E-01   4   1 1  1 0  0 0  1 0
   182  0.4918912310210791E-01   4   0 2  1 0  0 0  1 0
   183   6.412339849766606       4   1 0  2 0  0 0  1 0
   184   12.86444330132524       4   0 1  2 0  0 0  1 0
   185  0.1299619902456924E-02   4   0 0  3 0  0 0  1 0
   186  0.2381456950329970E-01   4   2 0  0 1  0 0  1 0
   187  0.1005013598419233       4   1 1  0 1  0 0  1 0
   188  0.7170665216986684E-01   4   0 2  0 1  0 0  1 0
   189   43.09023744486610       4   1 0  1 1  0 0  1 0
   190   54.51618637621870       4   0 1  1 1  0 0  1 0
   191  -.1403012960349813E-01   4   0 0  2 1  0 0  1 0
   192   34.97513569610428       4   1 0  0 2  0 0  1 0
   193   36.66284583547635       4   0 1  0 2  0 0  1 0
   194  -.2841523963331631E-01   4   0 0  1 2  0 0  1 0
   195  -.1350361608511863E-01   4   0 0  0 3  0 0  1 0
   196  -63.44725477561347       4   3 0  0 0  0 0  0 1
   197  -181.0274884944489       4   2 1  0 0  0 0  0 1
   198  -173.8888708509095       4   1 2  0 0  0 0  0 1
   199  -54.20327171491773       4   0 3  0 0  0 0  0 1
   200  -.1091878398563761E-02   4   2 0  1 0  0 0  0 1
   201  -.1852186390615491E-02   4   1 1  1 0  0 0  0 1
   202  -.7655631675878824E-03   4   0 2  1 0  0 0  0 1
   203  -36.68297488396100       4   1 0  2 0  0 0  0 1
   204  -25.72338234790724       4   0 1  2 0  0 0  0 1
   205  -.1093868918911286E-02   4   0 0  3 0  0 0  0 1
   206  -.5180993047004585E-03   4   2 0  0 1  0 0  0 1
   207  -.1044040603903610E-02   4   1 1  0 1  0 0  0 1
   208  -.4443688129579498E-03   4   0 2  0 1  0 0  0 1
   209  -86.18821510577096       4   1 0  1 1  0 0  0 1
   210  -66.64923722150526       4   0 1  1 1  0 0  0 1
   211  -.3370591574069304E-02   4   0 0  2 1  0 0  0 1
   212  -44.79772968677960       4   1 0  0 2  0 0  0 1
   213  -34.44699960191889       4   0 1  0 2  0 0  0 1
   214  -.3396971822223488E-02   4   0 0  1 2  0 0  0 1
   215  -.1062890189751242E-02   4   0 0  0 3  0 0  0 1
   216  -.1774059229769573       4   2 0  0 0  0 2  0 0
   217  -1.234836280396158       4   1 1  0 0  0 2  0 0
   218  -1.201325616645306       4   0 2  0 0  0 2  0 0
   219  -.1060030167717325E-02   4   1 0  1 0  0 2  0 0
   220  0.9670193745223618E-03   4   0 1  1 0  0 2  0 0
   221  -.1280185248969420E-01   4   0 0  2 0  0 2  0 0
   222  0.1528979525559200E-02   4   1 0  0 1  0 2  0 0
   223  0.3883733074769027E-02   4   0 1  0 1  0 2  0 0
   224  0.3676661308016633       4   0 0  1 1  0 2  0 0
   225  0.4778318578547822       4   0 0  0 2  0 2  0 0
   226  -.1397551970573530       4   2 0  0 0  0 1  1 0
   227  -1.118157132132477       4   1 1  0 0  0 1  1 0
   228  -1.342695261399683       4   0 2  0 0  0 1  1 0
   229  -.1266320430424606E-02   4   1 0  1 0  0 1  1 0
   230  0.9765041678157831E-03   4   0 1  1 0  0 1  1 0
   231  -.1081679975310178E-02   4   0 0  2 0  0 1  1 0
   232  0.1571923876526032E-02   4   1 0  0 1  0 1  1 0
   233  0.5087497114263904E-02   4   0 1  0 1  0 1  1 0
   234  0.2242559001909915       4   0 0  1 1  0 1  1 0
   235  0.4621587505937871       4   0 0  0 2  0 1  1 0
   236  -.1770731404677807       4   2 0  0 0  0 0  2 0
   237  -1.232422114340053       4   1 1  0 0  0 0  2 0
   238  -1.198805461245045       4   0 2  0 0  0 0  2 0
   239  -.1057751551897275E-02   4   1 0  1 0  0 0  2 0
   240  0.9650609387781788E-03   4   0 1  1 0  0 0  2 0
   241  -.1278389652297719E-01   4   0 0  2 0  0 0  2 0
   242  0.1525864186436603E-02   4   1 0  0 1  0 0  2 0
   243  0.3875083272905537E-02   4   0 1  0 1  0 0  2 0
   244  0.3670204465395029       4   0 0  1 1  0 0  2 0
   245  0.4768778385270349       4   0 0  0 2  0 0  2 0
   246  0.4998913763430668       4   2 0  0 0  0 1  0 1
   247   2.242225871744063       4   1 1  0 0  0 1  0 1
   248   1.625789455576765       4   0 2  0 0  0 1  0 1
   249  0.1703755213627711E-02   4   1 0  1 0  0 1  0 1
   250  -.1527574036229735E-02   4   0 1  1 0  0 1  0 1
   251  0.2601595824098923E-01   4   0 0  2 0  0 1  0 1
   252  -.2157638091102818E-02   4   1 0  0 1  0 1  0 1
   253  -.4529543422066261E-02   4   0 1  0 1  0 1  0 1
   254  -.4468298653731367       4   0 0  1 1  0 1  0 1
   255  -.4298866357839897       4   0 0  0 2  0 1  0 1
   256  0.4992186460878082       4   2 0  0 0  0 0  1 1
   257   2.239208389838222       4   1 1  0 0  0 0  1 1
   258   1.623601544748204       4   0 2  0 0  0 0  1 1
   259  0.1701462380156408E-02   4   1 0  1 0  0 0  1 1
   260  -.1525518299083857E-02   4   0 1  1 0  0 0  1 1
   261  0.2598094719047939E-01   4   0 0  2 0  0 0  1 1
   262  -.2154734443445775E-02   4   1 0  0 1  0 0  1 1
   263  -.4523447775998831E-02   4   0 1  0 1  0 0  1 1
   264  -.4462285427986777       4   0 0  1 1  0 0  1 1
   265  -.4293081146094058       4   0 0  0 2  0 0  1 1
   266  -.5048774493507331       4   2 0  0 0  0 0  0 2
   267  -.8934197122876844       4   1 1  0 0  0 0  0 2
   268  -.3950637320045653       4   0 2  0 0  0 0  0 2
   269  -.2264370684660832E-04   4   1 0  1 0  0 0  0 2
   270  -.9140500573183926E-04   4   0 1  1 0  0 0  0 2
   271  -.2532881880344585E-01   4   0 0  2 0  0 0  0 2
   272  -.2050485056563928E-04   4   1 0  0 1  0 0  0 2
   273  -.7512743575786489E-04   4   0 1  0 1  0 0  0 2
   274  -.6516341777925039E-01   4   0 0  1 1  0 0  0 2
   275  -.3695550742196410E-01   4   0 0  0 2  0 0  0 2
   276  -.1876783016745045       4   1 0  0 0  0 3  0 0
   277  -1.417235832063063       4   0 1  0 0  0 3  0 0
   278  -.5876472010502214E-05   4   0 0  1 0  0 3  0 0
   279  -.4615206200589237E-04   4   0 0  0 1  0 3  0 0
   280  -.1244985272010648       4   1 0  0 0  0 2  1 0
   281  -1.058520837591897       4   0 1  0 0  0 2  1 0
   282  -.3085407417576322E-05   4   0 0  1 0  0 2  1 0
   283  -.3249748534090584E-04   4   0 0  0 1  0 2  1 0
   284  -.1246255539030433       4   1 0  0 0  0 1  2 0
   285  -1.059241100163638       4   0 1  0 0  0 1  2 0
   286  -.3091025578478520E-05   4   0 0  1 0  0 1  2 0
   287  -.3252492349394959E-04   4   0 0  0 1  0 1  2 0
   288  -.1872157895944000       4   1 0  0 0  0 0  3 0
   289  -1.413663664793004       4   0 1  0 0  0 0  3 0
   290  -.5862536295006538E-05   4   0 0  1 0  0 0  3 0
   291  -.4603706079235853E-04   4   0 0  0 1  0 0  3 0
   292  0.4681924009074607       4   1 0  0 0  0 2  0 1
   293   2.116784065920254       4   0 1  0 0  0 2  0 1
   294  0.8924192814016196E-05   4   0 0  1 0  0 2  0 1
   295  0.6036465079541220E-04   4   0 0  0 1  0 2  0 1
   296  0.3422008637235644       4   1 0  0 0  0 1  1 1
   297   1.770658805628510       4   0 1  0 0  0 1  1 1
   298  0.5824191958806462E-05   4   0 0  1 0  0 1  1 1
   299  0.4753516637815254E-04   4   0 0  0 1  0 1  1 1
   300  0.4673320707419453       4   1 0  0 0  0 0  2 1
   301   2.112743963098732       4   0 1  0 0  0 0  2 1
   302  0.8908264094383044E-05   4   0 0  1 0  0 0  2 1
   303  0.6025142959993067E-04   4   0 0  0 1  0 0  2 1
   304  -.3419863615411545       4   1 0  0 0  0 1  0 2
   305  -.5382543107610129       4   0 1  0 0  0 1  0 2
   306  -.3840379337491676E-05   4   0 0  1 0  0 1  0 2
   307  -.7877073092954135E-05   4   0 0  0 1  0 1  0 2
   308  -.3415261324130490       4   1 0  0 0  0 0  1 2
   309  -.5375299534766369       4   0 1  0 0  0 0  1 2
   310  -.3835211135970045E-05   4   0 0  1 0  0 0  1 2
   311  -.7866472499219223E-05   4   0 0  0 1  0 0  1 2
   312  0.2980579350940864E-01   4   1 0  0 0  0 0  0 3
   313  0.2424560301732372E-01   4   0 1  0 0  0 0  0 3
   314  0.1846106227027727E-05   4   0 0  1 0  0 0  0 3
   315  0.1511419288836260E-05   4   0 0  0 1  0 0  0 3
   316  -.4785077931883478E-04   4   0 0  0 0  0 4  0 0
   317  -.3154857016447153E-04   4   0 0  0 0  0 3  1 0
   318  -.2939998676928518E-04   4   0 0  0 0  0 2  2 0
   319  -.3159513722789724E-04   4   0 0  0 0  0 1  3 0
   320  -.4770084565929850E-04   4   0 0  0 0  0 0  4 0
   321  0.6003395686666190E-04   4   0 0  0 0  0 3  0 1
   322  0.4395880273736900E-04   4   0 0  0 0  0 2  1 1
   323  0.4399108942779841E-04   4   0 0  0 0  0 1  2 1
   324  0.5988323159835057E-04   4   0 0  0 0  0 0  3 1
   325  -.6203056518824974E-05   4   0 0  0 0  0 2  0 2
   326  -.7530719246377209E-05   4   0 0  0 0  0 1  1 2
   327  -.6189641494176361E-05   4   0 0  0 0  0 0  2 2
   328  0.7475035690474297E-07   4   0 0  0 0  0 1  0 3
   329  0.7464976139728277E-07   4   0 0  0 0  0 0  1 3
   330  0.3672138589883486E-12   4   0 0  0 0  0 0  0 4
   ----------------------------------------------------
     I  COEFFICIENT            ORDER EXPONENTS
     1  0.2459813360380639E-04   0   0 0  0 0  0 0  0 0
     2  0.2332830515893345E-04   1   1 0  0 0  0 0  0 0
     3  0.2068813415648757E-04   1   0 1  0 0  0 0  0 0
     4  0.3581605303310854       1   0 0  1 0  0 0  0 0
     5  0.5694764505531497       1   0 0  0 1  0 0  0 0
     6  -.2491372560388277E-04   1   0 0  0 0  0 1  0 0
     7  -.2488019788610829E-04   1   0 0  0 0  0 0  1 0
     8  0.4979392349018237E-04   1   0 0  0 0  0 0  0 1
     9  0.7718793663062200E-03   2   2 0  0 0  0 0  0 0
    10  0.1506843827835253E-02   2   1 1  0 0  0 0  0 0
    11  0.7797027777203362E-03   2   0 2  0 0  0 0  0 0
    12  0.2731723990552236       2   1 0  1 0  0 0  0 0
    13  0.2426229407878375       2   0 1  1 0  0 0  0 0
    14  0.2077119805308125E-03   2   0 0  2 0  0 0  0 0
    15  0.2507223636268939       2   1 0  0 1  0 0  0 0
    16  0.2241530049193088       2   0 1  0 1  0 0  0 0
    17  0.3273852117437821E-03   2   0 0  1 1  0 0  0 0
    18  0.1815126110344631E-03   2   0 0  0 2  0 0  0 0
    19  -.1303859052378611E-04   2   1 0  0 0  0 1  0 0
    20  -.2200486939505097E-04   2   0 1  0 0  0 1  0 0
    21  0.2871394588137485       2   0 0  1 0  0 1  0 0
    22  -.2524686241695676E-01   2   0 0  0 1  0 1  0 0
    23  -.1302104380314666E-04   2   1 0  0 0  0 0  1 0
    24  -.2197525627887267E-04   2   0 1  0 0  0 0  1 0
    25  0.2867530400624911       2   0 0  1 0  0 0  1 0
    26  -.2521288637935920E-01   2   0 0  0 1  0 0  1 0
    27  0.2605960054509041E-04   2   1 0  0 0  0 0  0 1
    28  0.2329195839857080E-04   2   0 1  0 0  0 0  0 1
    29  -.5738924988997816       2   0 0  1 0  0 0  0 1
    30  -.5190167017806384       2   0 0  0 1  0 0  0 1
    31  0.1739495426578168E-04   2   0 0  0 0  0 2  0 0
    32  0.9896380461018747E-05   2   0 0  0 0  0 1  1 0
    33  0.1736488591491491E-04   2   0 0  0 0  0 0  2 0
    34  -.1977257971513477E-04   2   0 0  0 0  0 1  0 1
    35  -.1974597070920355E-04   2   0 0  0 0  0 0  1 1
    36  -.5137678581084998E-05   2   0 0  0 0  0 0  0 2
    37  -.5636196522337197E-02   3   3 0  0 0  0 0  0 0
    38  -.1522373104656072E-01   3   2 1  0 0  0 0  0 0
    39  -.1375272856208612E-01   3   1 2  0 0  0 0  0 0
    40  -.4144236916435521E-02   3   0 3  0 0  0 0  0 0
    41  -7.618795238027971       3   2 0  1 0  0 0  0 0
    42  -15.70553466479381       3   1 1  1 0  0 0  0 0
    43  -8.504275453129107       3   0 2  1 0  0 0  0 0
    44  0.9975471670380945E-02   3   1 0  2 0  0 0  0 0
    45  0.8756469594671829E-02   3   0 1  2 0  0 0  0 0
    46  -1.515909505217813       3   0 0  3 0  0 0  0 0
    47  -7.927682424700247       3   2 0  0 1  0 0  0 0
    48  -15.61770001616384       3   1 1  0 1  0 0  0 0
    49  -7.854486687930162       3   0 2  0 1  0 0  0 0
    50  0.1808867391079506E-01   3   1 0  1 1  0 0  0 0
    51  0.1598079134768122E-01   3   0 1  1 1  0 0  0 0
    52  -3.455912142776364       3   0 0  2 1  0 0  0 0
    53  0.8320458123240858E-02   3   1 0  0 2  0 0  0 0
    54  0.7411205730767282E-02   3   0 1  0 2  0 0  0 0
    55  -3.154681136760926       3   0 0  1 2  0 0  0 0
    56  -.8736926119458502       3   0 0  0 3  0 0  0 0
    57  -.8115409386953405E-03   3   2 0  0 0  0 1  0 0
    58  -.2354133281109153E-02   3   1 1  0 0  0 1  0 0
    59  -.1580395238560378E-02   3   0 2  0 0  0 1  0 0
    60  -.1186840151274027       3   1 0  1 0  0 1  0 0
    61  -.2256272231259535       3   0 1  1 0  0 1  0 0
    62  -.4352608829977768E-03   3   0 0  2 0  0 1  0 0
    63  -.2376613360617076       3   1 0  0 1  0 1  0 0
    64  -.3235677949637941       3   0 1  0 1  0 1  0 0
    65  -.7784562618717516E-03   3   0 0  1 1  0 1  0 0
    66  -.4023376152973981E-03   3   0 0  0 2  0 1  0 0
    67  -.8104488051466419E-03   3   2 0  0 0  0 0  1 0
    68  -.2350965199485894E-02   3   1 1  0 0  0 0  1 0
    69  -.1578268417129770E-02   3   0 2  0 0  0 0  1 0
    70  -.1185242957732277       3   1 0  1 0  0 0  1 0
    71  -.2253235846425128       3   0 1  1 0  0 0  1 0
    72  -.4346751294145741E-03   3   0 0  2 0  0 0  1 0
    73  -.2373415026362263       3   1 0  0 1  0 0  1 0
    74  -.3231323526745534       3   0 1  0 1  0 0  1 0
    75  -.7774086521218994E-03   3   0 0  1 1  0 0  1 0
    76  -.4017961682962465E-03   3   0 0  0 2  0 0  1 0
    77  0.1621351962675619E-02   3   2 0  0 0  0 0  0 1
    78  0.3196944348346520E-02   3   1 1  0 0  0 0  0 1
    79  0.1598582572095897E-02   3   0 2  0 0  0 0  0 1
    80  0.2372087005980328       3   1 0  1 0  0 0  0 1
    81  0.2083281808884889       3   0 1  1 0  0 0  0 1
    82  0.8702303360237253E-03   3   0 0  2 0  0 0  0 1
    83  0.2242807943769305       3   1 0  0 1  0 0  0 1
    84  0.1983943948156418       3   0 1  0 1  0 0  0 1
    85  0.1229089380857505E-02   3   0 0  1 1  0 0  0 1
    86  0.4414258582095815E-03   3   0 0  0 2  0 0  0 1
    87  0.1049881848810021E-04   3   1 0  0 0  0 2  0 0
    88  0.2297375902328431E-04   3   0 1  0 0  0 2  0 0
    89  -.1989968979865231       3   0 0  1 0  0 2  0 0
    90  -.9730344109208446E-01   3   0 0  0 1  0 2  0 0
    91  0.8031740923559927E-05   3   1 0  0 0  0 1  1 0
    92  0.2402595668937180E-04   3   0 1  0 0  0 1  1 0
    93  -.1110911452553278       3   0 0  1 0  0 1  1 0
    94  -.2195240210461632       3   0 0  0 1  0 1  1 0
    95  0.1047928530376518E-04   3   1 0  0 0  0 0  2 0
    96  0.2292667552103019E-04   3   0 1  0 0  0 0  2 0
    97  -.1986543467257416       3   0 0  1 0  0 0  2 0
    98  -.9702478216595738E-01   3   0 0  0 1  0 0  2 0
    99  -.1613851208306182E-04   3   1 0  0 0  0 1  0 1
   100  -.2617501344599313E-04   3   0 1  0 0  0 1  0 1
   101  0.2219457434984819       3   0 0  1 0  0 1  0 1
   102  0.4646248315066095       3   0 0  0 1  0 1  0 1
   103  -.1611679363408218E-04   3   1 0  0 0  0 0  1 1
   104  -.2613978834648321E-04   3   0 1  0 0  0 0  1 1
   105  0.2216470593768223       3   0 0  1 0  0 0  1 1
   106  0.4639995613053777       3   0 0  0 1  0 0  1 1
   107  0.3196988887128182E-05   3   1 0  0 0  0 0  0 2
   108  0.2993331851326901E-05   3   0 1  0 0  0 0  0 2
   109  0.6514977772412875E-01   3   0 0  1 0  0 0  0 2
   110  0.5470442090347548E-01   3   0 0  0 1  0 0  0 2
   111  -.1366424734802938E-04   3   0 0  0 0  0 3  0 0
   112  -.6206945760958451E-05   3   0 0  0 0  0 2  1 0
   113  -.6221962168527884E-05   3   0 0  0 0  0 1  2 0
   114  -.1363249342752647E-04   3   0 0  0 0  0 0  3 0
   115  0.1240831046870099E-04   3   0 0  0 0  0 2  0 1
   116  0.5063537871969978E-05   3   0 0  0 0  0 1  1 1
   117  0.1238820481393112E-04   3   0 0  0 0  0 0  2 1
   118  0.4833020499202166E-05   3   0 0  0 0  0 1  0 2
   119  0.4826516447986701E-05   3   0 0  0 0  0 0  1 2
   120  0.2053683978999184E-06   3   0 0  0 0  0 0  0 3
   121  -.8108359718883413E-03   4   4 0  0 0  0 0  0 0
   122  -.9316233506595738E-03   4   3 1  0 0  0 0  0 0
   123  0.1980838532328241E-02   4   2 2  0 0  0 0  0 0
   124  0.4228119765390154E-02   4   1 3  0 0  0 0  0 0
   125  0.2122502665658237E-02   4   0 4  0 0  0 0  0 0
   126   66.27009470269472       4   3 0  1 0  0 0  0 0
   127   180.7899517683374       4   2 1  1 0  0 0  0 0
   128   165.2386355234919       4   1 2  1 0  0 0  0 0
   129   50.70454655234832       4   0 3  1 0  0 0  0 0
   130  0.1897128950141376E-01   4   2 0  2 0  0 0  0 0
   131  0.3796975078699424E-01   4   1 1  2 0  0 0  0 0
   132  0.1986587815206700E-01   4   0 2  2 0  0 0  0 0
   133  -39.73598818612557       4   1 0  3 0  0 0  0 0
   134  -34.77671825565747       4   0 1  3 0  0 0  0 0
   135  0.1537998700144989E-02   4   0 0  4 0  0 0  0 0
   136   62.10426402366750       4   3 0  0 1  0 0  0 0
   137   170.4205680864747       4   2 1  0 1  0 0  0 0
   138   156.7823332657788       4   1 2  0 1  0 0  0 0
   139   48.44928671845963       4   0 3  0 1  0 0  0 0
   140  0.2904693748450584E-01   4   2 0  1 1  0 0  0 0
   141  0.5767042490258134E-01   4   1 1  1 1  0 0  0 0
   142  0.2989654882690107E-01   4   0 2  1 1  0 0  0 0
   143  -108.5713387330515       4   1 0  2 1  0 0  0 0
   144  -95.64075180885520       4   0 1  2 1  0 0  0 0
   145  0.3133783405975307E-02   4   0 0  3 1  0 0  0 0
   146  0.1153981183727803E-01   4   2 0  0 2  0 0  0 0
   147  0.2346415778415304E-01   4   1 1  0 2  0 0  0 0
   148  0.1239838978442044E-01   4   0 2  0 2  0 0  0 0
   149  -99.47110232418743       4   1 0  1 2  0 0  0 0
   150  -88.07834791430201       4   0 1  1 2  0 0  0 0
   151  0.1784091025987648E-02   4   0 0  2 2  0 0  0 0
   152  -30.42994763098092       4   1 0  0 3  0 0  0 0
   153  -27.04675629520853       4   0 1  0 3  0 0  0 0
   154  0.2307531797814209E-04   4   0 0  1 3  0 0  0 0
   155  -.1259254860993082E-03   4   0 0  0 4  0 0  0 0
   156  0.5634226799930618E-03   4   3 0  0 0  0 1  0 0
   157  0.8037485979729688E-02   4   2 1  0 0  0 1  0 0
   158  0.1304729829119338E-01   4   1 2  0 0  0 1  0 0
   159  0.5635966339463059E-02   4   0 3  0 0  0 1  0 0
   160   8.953734839449913       4   2 0  1 0  0 1  0 0
   161   25.75264824310757       4   1 1  1 0  0 1  0 0
   162   17.54850421841353       4   0 2  1 0  0 1  0 0
   163  -.6221272500196173E-03   4   1 0  2 0  0 1  0 0
   164  -.4489656437594747E-02   4   0 1  2 0  0 1  0 0
   165   1.994436689495853       4   0 0  3 0  0 1  0 0
   166   12.41655328073783       4   2 0  0 1  0 1  0 0
   167   32.32478886483940       4   1 1  0 1  0 1  0 0
   168   20.28012022806946       4   0 2  0 1  0 1  0 0
   169  -.8884889251773238E-02   4   1 0  1 1  0 1  0 0
   170  -.1493776337516843E-01   4   0 1  1 1  0 1  0 0
   171   6.025492477027547       4   0 0  2 1  0 1  0 0
   172  -.7652258226592528E-02   4   1 0  0 2  0 1  0 0
   173  -.1006804428331071E-01   4   0 1  0 2  0 1  0 0
   174   6.257382918279395       4   0 0  1 2  0 1  0 0
   175   2.215223989252027       4   0 0  0 3  0 1  0 0
   176  0.5626644523035010E-03   4   3 0  0 0  0 0  1 0
   177  0.8026669509891702E-02   4   2 1  0 0  0 0  1 0
   178  0.1302973985205089E-01   4   1 2  0 0  0 0  1 0
   179  0.5628381721577275E-02   4   0 3  0 0  0 0  1 0
   180   8.941685325077872       4   2 0  1 0  0 0  1 0
   181   25.71799154278226       4   1 1  1 0  0 0  1 0
   182   17.52488826846873       4   0 2  1 0  0 0  1 0
   183  -.6212900204863829E-03   4   1 0  2 0  0 0  1 0
   184  -.4483614469551207E-02   4   0 1  2 0  0 0  1 0
   185   1.991752670593679       4   0 0  3 0  0 0  1 0
   186   12.39984366850448       4   2 0  0 1  0 0  1 0
   187   32.28128768739961       4   1 1  0 1  0 0  1 0
   188   20.25282819803547       4   0 2  0 1  0 0  1 0
   189  -.8872932386548522E-02   4   1 0  1 1  0 0  1 0
   190  -.1491766083721053E-01   4   0 1  1 1  0 0  1 0
   191   6.017383653223595       4   0 0  2 1  0 0  1 0
   192  -.7641960178109614E-02   4   1 0  0 2  0 0  1 0
   193  -.1005449518380473E-01   4   0 1  0 2  0 0  1 0
   194   6.248962027248224       4   0 0  1 2  0 0  1 0
   195   2.212242845207184       4   0 0  0 3  0 0  1 0
   196  0.5737146290894475E-03   4   3 0  0 0  0 0  0 1
   197  0.1900729845159284E-02   4   2 1  0 0  0 0  0 1
   198  0.2057763632936728E-02   4   1 2  0 0  0 0  0 1
   199  0.7434274773115908E-03   4   0 3  0 0  0 0  0 1
   200  -17.88957609759808       4   2 0  1 0  0 0  0 1
   201  -35.75321428510989       4   1 1  1 0  0 0  0 1
   202  -18.05876325290345       4   0 2  1 0  0 0  0 1
   203  -.1279010888040680E-02   4   1 0  2 0  0 0  0 1
   204  -.1196294812688133E-02   4   0 1  2 0  0 0  0 1
   205  -3.987155568351191       4   0 0  3 0  0 0  0 1
   206  -16.88235947860624       4   2 0  0 1  0 0  0 1
   207  -33.35764294520216       4   1 1  0 1  0 0  0 1
   208  -16.96277909991148       4   0 2  0 1  0 0  0 1
   209  -.2671591072599453E-02   4   1 0  1 1  0 0  0 1
   210  -.2507799966752558E-02   4   0 1  1 1  0 0  0 1
   211  -8.589935894193237       4   0 0  2 1  0 0  0 1
   212  -.1302882813759551E-02   4   1 0  0 2  0 0  0 1
   213  -.1215096834962753E-02   4   0 1  0 2  0 0  0 1
   214  -6.200054793814860       4   0 0  1 2  0 0  0 1
   215  -1.807453487759921       4   0 0  0 3  0 0  0 1
   216  0.2678957460770333E-03   4   2 0  0 0  0 2  0 0
   217  0.1785371606898297E-02   4   1 1  0 0  0 2  0 0
   218  0.1707717640978804E-02   4   0 2  0 0  0 2  0 0
   219  0.7998697350684529E-01   4   1 0  1 0  0 2  0 0
   220  0.2133174949296048       4   0 1  1 0  0 2  0 0
   221  0.4010902810652677E-03   4   0 0  2 0  0 2  0 0
   222  0.2279166831055932       4   1 0  0 1  0 2  0 0
   223  0.3922340361462371       4   0 1  0 1  0 2  0 0
   224  0.9281203362538999E-03   4   0 0  1 1  0 2  0 0
   225  0.5264808000123908E-03   4   0 0  0 2  0 2  0 0
   226  0.3425396734254082E-03   4   2 0  0 0  0 1  1 0
   227  0.2476382119601534E-02   4   1 1  0 0  0 1  1 0
   228  0.2501710118745221E-02   4   0 2  0 0  0 1  1 0
   229  0.4073829985882551E-01   4   1 0  1 0  0 1  1 0
   230  0.2000517606582891       4   0 1  1 0  0 1  1 0
   231  0.4799932862378998E-03   4   0 0  2 0  0 1  1 0
   232  0.2175313690097985       4   1 0  0 1  0 1  1 0
   233  0.4598194256626307       4   0 1  0 1  0 1  1 0
   234  0.1369836246061415E-02   4   0 0  1 1  0 1  1 0
   235  0.8248828773247520E-03   4   0 0  0 2  0 1  1 0
   236  0.2673047377328747E-03   4   2 0  0 0  0 0  2 0
   237  0.1781302638757082E-02   4   1 1  0 0  0 0  2 0
   238  0.1703736133271377E-02   4   0 2  0 0  0 0  2 0
   239  0.7985191896554500E-01   4   1 0  1 0  0 0  2 0
   240  0.2128958121825431       4   0 1  1 0  0 0  2 0
   241  0.4002275364960860E-03   4   0 0  2 0  0 0  2 0
   242  0.2274635918425532       4   1 0  0 1  0 0  2 0
   243  0.3913967844094818       4   0 1  0 1  0 0  2 0
   244  0.9259495851152498E-03   4   0 0  1 1  0 0  2 0
   245  0.5252172427134573E-03   4   0 0  0 2  0 0  2 0
   246  -.7760002721302476E-03   4   2 0  0 0  0 1  0 1
   247  -.2979636065467077E-02   4   1 1  0 0  0 1  0 1
   248  -.2179555352632219E-02   4   0 2  0 0  0 1  0 1
   249  -.8077238660324354E-01   4   1 0  1 0  0 1  0 1
   250  -.1730573258273062       4   0 1  1 0  0 1  0 1
   251  -.9258053460132904E-03   4   0 0  2 0  0 1  0 1
   252  -.1965896337368769       4   1 0  0 1  0 1  0 1
   253  -.2713941736173049       4   0 1  0 1  0 1  0 1
   254  -.2110989923140409E-02   4   0 0  1 1  0 1  0 1
   255  -.9884563627987255E-03   4   0 0  0 2  0 1  0 1
   256  -.7749559675356401E-03   4   2 0  0 0  0 0  1 1
   257  -.2975626211675553E-02   4   1 1  0 0  0 0  1 1
   258  -.2176622209757531E-02   4   0 2  0 0  0 0  1 1
   259  -.8066368693202244E-01   4   1 0  1 0  0 0  1 1
   260  -.1728244334341160       4   0 1  1 0  0 0  1 1
   261  -.9245594408103199E-03   4   0 0  2 0  0 0  1 1
   262  -.1963250726727412       4   1 0  0 1  0 0  1 1
   263  -.2710289441288140       4   0 1  0 1  0 0  1 1
   264  -.2108149052389355E-02   4   0 0  1 1  0 0  1 1
   265  -.9871261448100054E-03   4   0 0  0 2  0 0  1 1
   266  0.4489684535115567E-03   4   2 0  0 0  0 0  0 2
   267  0.8965023662755815E-03   4   1 1  0 0  0 0  0 2
   268  0.4415453506053192E-03   4   0 2  0 0  0 0  0 2
   269  -.3880153479377849E-01   4   1 0  1 0  0 0  0 2
   270  -.3654790906075264E-01   4   0 1  1 0  0 0  0 2
   271  0.5548368101195732E-03   4   0 0  2 0  0 0  0 2
   272  -.2881249525767902E-01   4   1 0  0 1  0 0  0 2
   273  -.2765207536943905E-01   4   0 1  0 1  0 0  0 2
   274  0.9682096558901491E-03   4   0 0  1 1  0 0  0 2
   275  0.4106967311711645E-03   4   0 0  0 2  0 0  0 2
   276  -.1459202161174336E-04   4   1 0  0 0  0 3  0 0
   277  -.2967576120441822E-04   4   0 1  0 0  0 3  0 0
   278  0.1553011086897839       4   0 0  1 0  0 3  0 0
   279  0.1519668529200557       4   0 0  0 1  0 3  0 0
   280  -.1064689547142182E-04   4   1 0  0 0  0 2  1 0
   281  -.3015974279585519E-04   4   0 1  0 0  0 2  1 0
   282  0.6796077283365512E-01   4   0 0  1 0  0 2  1 0
   283  0.2612291393858422       4   0 0  0 1  0 2  1 0
   284  -.1065481957833183E-04   4   1 0  0 0  0 1  2 0
   285  -.3015868519990192E-04   4   0 1  0 0  0 1  2 0
   286  0.6813665870804311E-01   4   0 0  1 0  0 1  2 0
   287  0.2610081665026496       4   0 0  0 1  0 1  2 0
   288  -.1455541134300186E-04   4   1 0  0 0  0 0  3 0
   289  -.2959559040940654E-04   4   0 1  0 0  0 0  3 0
   290  0.1549419458471618       4   0 0  1 0  0 0  3 0
   291  0.1514845499795582       4   0 0  0 1  0 0  3 0
   292  0.1864041383326586E-04   4   1 0  0 0  0 2  0 1
   293  0.3342268965808161E-04   4   0 1  0 0  0 2  0 1
   294  -.1358597388111092       4   0 0  1 0  0 2  0 1
   295  -.4252053919456476       4   0 0  0 1  0 2  0 1
   296  0.1509595462938396E-04   4   1 0  0 0  0 1  1 1
   297  0.3458283163056106E-04   4   0 1  0 0  0 1  1 1
   298  -.5000278798315255E-01   4   0 0  1 0  0 1  1 1
   299  -.3858884114167785       4   0 0  0 1  0 1  1 1
   300  0.1860517073072784E-04   4   1 0  0 0  0 0  2 1
   301  0.3335444100506289E-04   4   0 1  0 0  0 0  2 1
   302  -.1356432594797063       4   0 0  1 0  0 0  2 1
   303  -.4243735153495064       4   0 0  0 1  0 0  2 1
   304  -.1941300238894703E-05   4   1 0  0 0  0 1  0 2
   305  -.2985254687379055E-05   4   0 1  0 0  0 1  0 2
   306  -.6108810711302083E-01   4   0 0  1 0  0 1  0 2
   307  -.7879254826247070E-01   4   0 0  0 1  0 1  0 2
   308  -.1938687728523506E-05   4   1 0  0 0  0 0  1 2
   309  -.2981237272310965E-05   4   0 1  0 0  0 0  1 2
   310  -.6100589761745077E-01   4   0 0  1 0  0 0  1 2
   311  -.7868651296438318E-01   4   0 0  0 1  0 0  1 2
   312  0.2043017178714925E-06   4   1 0  0 0  0 0  0 3
   313  0.1648547820482479E-06   4   0 1  0 0  0 0  0 3
   314  -.2736259192655123E-02   4   0 0  1 0  0 0  0 3
   315  -.2212386856327480E-02   4   0 0  0 1  0 0  0 3
   316  0.9939470140798468E-05   4   0 0  0 0  0 4  0 0
   317  0.3054379852897554E-05   4   0 0  0 0  0 3  1 0
   318  0.2165435274403742E-05   4   0 0  0 0  0 2  2 0
   319  0.3074068645080465E-05   4   0 0  0 0  0 1  3 0
   320  0.9910675539333086E-05   4   0 0  0 0  0 0  4 0
   321  -.6798074314055117E-06   4   0 0  0 0  0 3  0 1
   322  0.3104832802378441E-05   4   0 0  0 0  0 2  1 1
   323  0.3097194863437356E-05   4   0 0  0 0  0 1  2 1
   324  -.6805215103501033E-06   4   0 0  0 0  0 0  3 1
   325  -.1751132147652230E-05   4   0 0  0 0  0 2  0 2
   326  -.1989508277079865E-05   4   0 0  0 0  0 1  1 2
   327  -.1747436863297406E-05   4   0 0  0 0  0 0  2 2
   328  -.8627134839845605E-07   4   0 0  0 0  0 1  0 3
   329  -.8615524848360919E-07   4   0 0  0 0  0 0  1 3
   330  -.1666125282130601E-12   4   0 0  0 0  0 0  0 4
   ----------------------------------------------------
     I  COEFFICIENT            ORDER EXPONENTS
     1  0.2497014455922662E-03   0   0 0  0 0  0 0  0 0
     2  0.1082373199887018E-03   1   1 0  0 0  0 0  0 0
     3  0.1003739720602672E-03   1   0 1  0 0  0 0  0 0
     4  -2.748128502711019       1   0 0  1 0  0 0  0 0
     5  -1.577489471807604       1   0 0  0 1  0 0  0 0
     6  0.1842417188023412E-04   1   0 0  0 0  0 1  0 0
     7  0.1839937749801883E-04   1   0 0  0 0  0 0  1 0
     8  0.2128778962123773E-03   1   0 0  0 0  0 0  0 1
     9  0.2556272260052102E-02   2   2 0  0 0  0 0  0 0
    10  0.4670102483283027E-02   2   1 1  0 0  0 0  0 0
    11  0.2210641762495598E-02   2   0 2  0 0  0 0  0 0
    12   1.147778408571303       2   1 0  1 0  0 0  0 0
    13   1.048223551073820       2   0 1  1 0  0 0  0 0
    14  0.1047975353921407E-02   2   0 0  2 0  0 0  0 0
    15   1.104370961716693       2   1 0  0 1  0 0  0 0
    16   1.015389694980984       2   0 1  0 1  0 0  0 0
    17  0.2645066970487575E-02   2   0 0  1 1  0 0  0 0
    18  0.1428641519052359E-02   2   0 0  0 2  0 0  0 0
    19  -.1050866017614082E-04   2   1 0  0 0  0 1  0 0
    20  -.6023783375606989E-04   2   0 1  0 0  0 1  0 0
    21  -.2289652550141035       2   0 0  1 0  0 1  0 0
    22   1.094343854078979       2   0 0  0 1  0 1  0 0
    23  -.1049451811653174E-04   2   1 0  0 0  0 0  1 0
    24  -.6015676851831172E-04   2   0 1  0 0  0 0  1 0
    25  -.2286571243646639       2   0 0  1 0  0 0  1 0
    26   1.092871137694798       2   0 0  0 1  0 0  1 0
    27  0.1292402338698208E-03   2   1 0  0 0  0 0  0 1
    28  0.1203943435646395E-03   2   0 1  0 0  0 0  0 1
    29  -2.290506123442037       2   0 0  1 0  0 0  0 1
    30  -2.187214991891573       2   0 0  0 1  0 0  0 1
    31  -.1334343796169067E-04   2   0 0  0 0  0 2  0 0
    32  -.8276323414995644E-05   2   0 0  0 0  0 1  1 0
    33  -.1331991204873021E-04   2   0 0  0 0  0 0  2 0
    34  0.3496313539451072E-04   2   0 0  0 0  0 1  0 1
    35  0.3491608365465226E-04   2   0 0  0 0  0 0  1 1
    36  -.3493958760242237E-04   2   0 0  0 0  0 0  0 2
    37  -.2853448712598363E-01   3   3 0  0 0  0 0  0 0
    38  -.8008554321611451E-01   3   2 1  0 0  0 0  0 0
    39  -.7516619200853716E-01   3   1 2  0 0  0 0  0 0
    40  -.2353744297301812E-01   3   0 3  0 0  0 0  0 0
    41  -40.01649767442347       3   2 0  1 0  0 0  0 0
    42  -76.42041412736947       3   1 1  1 0  0 0  0 0
    43  -37.29099868837237       3   0 2  1 0  0 0  0 0
    44  0.3993649041328094E-01   3   1 0  2 0  0 0  0 0
    45  0.3594677745410063E-01   3   0 1  2 0  0 0  0 0
    46  -4.379798030329698       3   0 0  3 0  0 0  0 0
    47  -36.39329437229846       3   2 0  0 1  0 0  0 0
    48  -70.91994248148777       3   1 1  0 1  0 0  0 0
    49  -36.51436600240295       3   0 2  0 1  0 0  0 0
    50  0.7539160451018545E-01   3   1 0  1 1  0 0  0 0
    51  0.6821482274129444E-01   3   0 1  1 1  0 0  0 0
    52  -14.42690715945638       3   0 0  2 1  0 0  0 0
    53  0.3601265883475569E-01   3   1 0  0 2  0 0  0 0
    54  0.3281314845476541E-01   3   0 1  0 2  0 0  0 0
    55  -13.97547650799056       3   0 0  1 2  0 0  0 0
    56  -5.341325735850207       3   0 0  0 3  0 0  0 0
    57  -.1506584665427677E-02   3   2 0  0 0  0 1  0 0
    58  -.5179814355714510E-02   3   1 1  0 0  0 1  0 0
    59  -.3524383191813941E-02   3   0 2  0 0  0 1  0 0
    60  0.1284665867956087       3   1 0  1 0  0 1  0 0
    61  -.4014265177105112       3   0 1  1 0  0 1  0 0
    62  0.1211565459362928E-03   3   0 0  2 0  0 1  0 0
    63  -.4561590360098585       3   1 0  0 1  0 1  0 0
    64  -.9218799403676918       3   0 1  0 1  0 1  0 0
    65  -.1217206992523450E-02   3   0 0  1 1  0 1  0 0
    66  -.1445836603410558E-02   3   0 0  0 2  0 1  0 0
    67  -.1504557174787813E-02   3   2 0  0 0  0 0  1 0
    68  -.5172843605670770E-02   3   1 1  0 0  0 0  1 0
    69  -.3519640243012820E-02   3   0 2  0 0  0 0  1 0
    70  0.1282937025175213       3   1 0  1 0  0 0  1 0
    71  -.4008862968215510       3   0 1  1 0  0 0  1 0
    72  0.1209934991666770E-03   3   0 0  2 0  0 0  1 0
    73  -.4555451586772256       3   1 0  0 1  0 0  1 0
    74  -.9206393177906399       3   0 1  0 1  0 0  1 0
    75  -.1215568932717899E-02   3   0 0  1 1  0 0  1 0
    76  -.1443890864649609E-02   3   0 0  0 2  0 0  1 0
    77  0.5564269396928075E-02   3   2 0  0 0  0 0  0 1
    78  0.1034596929385212E-01   3   1 1  0 0  0 0  0 1
    79  0.4829821087420713E-02   3   0 2  0 0  0 0  0 1
    80  0.8910222646607547       3   1 0  1 0  0 0  0 1
    81  0.8023163791804406       3   0 1  1 0  0 0  0 1
    82  0.8072250773210378E-03   3   0 0  2 0  0 0  0 1
    83  0.9117079131745826       3   1 0  0 1  0 0  0 1
    84  0.8271327777423992       3   0 1  0 1  0 0  0 1
    85  0.2435818594761657E-02   3   0 0  1 1  0 0  0 1
    86  0.1462765189856054E-02   3   0 0  0 2  0 0  0 1
    87  0.8350331665006126E-05   3   1 0  0 0  0 2  0 0
    88  0.5039567923924014E-04   3   0 1  0 0  0 2  0 0
    89  0.1654912305537655       3   0 0  1 0  0 2  0 0
    90  -.7279371663123326       3   0 0  0 1  0 2  0 0
    91  0.6578605158955554E-05   3   1 0  0 0  0 1  1 0
    92  0.4102474409808665E-04   3   0 1  0 0  0 1  1 0
    93  0.1021874543940957       3   0 0  1 0  0 1  1 0
    94  -.3625149217625236       3   0 0  0 1  0 1  1 0
    95  0.8334667593798808E-05   3   1 0  0 0  0 0  2 0
    96  0.5030025452564931E-04   3   0 1  0 0  0 0  2 0
    97  0.1651997607249194       3   0 0  1 0  0 0  2 0
    98  -.7267136150319140       3   0 0  0 1  0 0  2 0
    99  -.2395013850284122E-04   3   1 0  0 0  0 1  0 1
   100  -.8250313506667302E-04   3   0 1  0 0  0 1  0 1
   101  -.4331695154306691       3   0 0  1 0  0 1  0 1
   102  0.7240460258692966       3   0 0  0 1  0 1  0 1
   103  -.2391790753517499E-04   3   1 0  0 0  0 0  1 1
   104  -.8239210623573838E-04   3   0 1  0 0  0 0  1 1
   105  -.4325865763113745       3   0 0  1 0  0 0  1 1
   106  0.7230716388507891       3   0 0  0 1  0 0  1 1
   107  0.2447845707459563E-04   3   1 0  0 0  0 0  0 2
   108  0.2283492821279707E-04   3   0 1  0 0  0 0  0 2
   109  0.4328778775493392       3   0 0  1 0  0 0  0 2
   110  0.3700484190340635       3   0 0  0 1  0 0  0 2
   111  0.1080939148001332E-04   3   0 0  0 0  0 3  0 0
   112  0.5748346284404603E-05   3   0 0  0 0  0 2  1 0
   113  0.5758533294026867E-05   3   0 0  0 0  0 1  2 0
   114  0.1078370861726115E-04   3   0 0  0 0  0 0  3 0
   115  -.2483778435916936E-04   3   0 0  0 0  0 2  0 1
   116  -.1474107425261766E-04   3   0 0  0 0  0 1  1 1
   117  -.2479443991812983E-04   3   0 0  0 0  0 0  2 1
   118  0.1472851638933699E-04   3   0 0  0 0  0 1  0 2
   119  0.1470869544611110E-04   3   0 0  0 0  0 0  1 2
   120  0.1834768523567594E-05   3   0 0  0 0  0 0  0 3
   121  -.6339707134630158E-02   4   4 0  0 0  0 0  0 0
   122  -.2334778083163247E-01   4   3 1  0 0  0 0  0 0
   123  -.3295776728044313E-01   4   2 2  0 0  0 0  0 0
   124  -.1927575641557005E-01   4   1 3  0 0  0 0  0 0
   125  -.3538339712416148E-02   4   0 4  0 0  0 0  0 0
   126   307.2088213157774       4   3 0  1 0  0 0  0 0
   127   855.3985396643045       4   2 1  1 0  0 0  0 0
   128   796.8121730266613       4   1 2  1 0  0 0  0 0
   129   248.7828294037371       4   0 3  1 0  0 0  0 0
   130  0.5451389778763409E-01   4   2 0  2 0  0 0  0 0
   131  0.1082311042609765       4   1 1  2 0  0 0  0 0
   132  0.5285485421545714E-01   4   0 2  2 0  0 0  0 0
   133  -158.0284975933197       4   1 0  3 0  0 0  0 0
   134  -141.4282993532888       4   0 1  3 0  0 0  0 0
   135  -.9118961443159304E-02   4   0 0  4 0  0 0  0 0
   136   301.6570699915833       4   3 0  0 1  0 0  0 0
   137   845.7340682684451       4   2 1  0 1  0 0  0 0
   138   793.5933202365547       4   1 2  0 1  0 0  0 0
   139   249.6757436350435       4   0 3  0 1  0 0  0 0
   140  0.1192157525507826       4   2 0  1 1  0 0  0 0
   141  0.2370041300834172       4   1 1  1 1  0 0  0 0
   142  0.1177948665437846       4   0 2  1 1  0 0  0 0
   143  -442.7339313567874       4   1 0  2 1  0 0  0 0
   144  -399.4197903340336       4   0 1  2 1  0 0  0 0
   145  -.3096387560394314E-01   4   0 0  3 1  0 0  0 0
   146  0.6156149652167617E-01   4   2 0  0 2  0 0  0 0
   147  0.1242963286177239       4   1 1  0 2  0 0  0 0
   148  0.6351195762158597E-01   4   0 2  0 2  0 0  0 0
   149  -418.1714431268106       4   1 0  1 2  0 0  0 0
   150  -379.7835469776269       4   0 1  1 2  0 0  0 0
   151  -.3921386953609118E-01   4   0 0  2 2  0 0  0 0
   152  -132.6355286761152       4   1 0  0 3  0 0  0 0
   153  -121.0878047774189       4   0 1  0 3  0 0  0 0
   154  -.2111637867068590E-01   4   0 0  1 3  0 0  0 0
   155  -.3532617961290231E-02   4   0 0  0 4  0 0  0 0
   156  -.3868507386294612E-02   4   3 0  0 0  0 1  0 0
   157  0.2290759829540903E-01   4   2 1  0 0  0 1  0 0
   158  0.5295201658729492E-01   4   1 2  0 0  0 1  0 0
   159  0.2632717524947337E-01   4   0 3  0 0  0 1  0 0
   160   21.93855374545539       4   2 0  1 0  0 1  0 0
   161   78.63867685479059       4   1 1  1 0  0 1  0 0
   162   55.58683796925641       4   0 2  1 0  0 1  0 0
   163  0.5612039908086313E-02   4   1 0  2 0  0 1  0 0
   164  -.1061311033928684E-01   4   0 1  2 0  0 1  0 0
   165  -.2876602194749665       4   0 0  3 0  0 1  0 0
   166   39.44256435937740       4   2 0  0 1  0 1  0 0
   167   110.7806966341485       4   1 1  0 1  0 1  0 0
   168   73.04996852923294       4   0 2  0 1  0 1  0 0
   169  -.2026388820177763E-01   4   1 0  1 1  0 1  0 0
   170  -.4747862239844342E-01   4   0 1  1 1  0 1  0 0
   171   7.360443659890915       4   0 0  2 1  0 1  0 0
   172  -.2408367398306386E-01   4   1 0  0 2  0 1  0 0
   173  -.3571435475893132E-01   4   0 1  0 2  0 1  0 0
   174   15.05224448540867       4   0 0  1 2  0 1  0 0
   175   8.560520015754610       4   0 0  0 3  0 1  0 0
   176  -.3863301331370603E-02   4   3 0  0 0  0 0  1 0
   177  0.2287677032922069E-01   4   2 1  0 0  0 0  1 0
   178  0.5288075625891369E-01   4   1 2  0 0  0 0  1 0
   179  0.2629174537777935E-01   4   0 3  0 0  0 0  1 0
   180   21.90902987375285       4   2 0  1 0  0 0  1 0
   181   78.53284862959170       4   1 1  1 0  0 0  1 0
   182   55.51203182243408       4   0 2  1 0  0 0  1 0
   183  0.5604487489264271E-02   4   1 0  2 0  0 0  1 0
   184  -.1059882771557080E-01   4   0 1  2 0  0 0  1 0
   185  -.2872730999085363       4   0 0  3 0  0 0  1 0
   186   39.38948441512614       4   2 0  0 1  0 0  1 0
   187   110.6316131935314       4   1 1  0 1  0 0  1 0
   188   72.95166132431193       4   0 2  0 1  0 0  1 0
   189  -.2023661801603964E-01   4   1 0  1 1  0 0  1 0
   190  -.4741472790600960E-01   4   0 1  1 1  0 0  1 0
   191   7.350538321699168       4   0 0  2 1  0 0  1 0
   192  -.2405126330964168E-01   4   1 0  0 2  0 0  1 0
   193  -.3566629206345600E-01   4   0 1  0 2  0 0  1 0
   194   15.03198788416796       4   0 0  1 2  0 0  1 0
   195   8.548999671360752       4   0 0  0 3  0 0  1 0
   196  0.1929484075685499E-02   4   3 0  0 0  0 0  0 1
   197  0.5427940665355179E-02   4   2 1  0 0  0 0  0 1
   198  0.5135003265061561E-02   4   1 2  0 0  0 0  0 1
   199  0.1697175974608263E-02   4   0 3  0 0  0 0  0 1
   200  -83.83826909904366       4   2 0  1 0  0 0  0 1
   201  -157.1168815949371       4   1 1  1 0  0 0  0 1
   202  -73.77887526843639       4   0 2  1 0  0 0  0 1
   203  -.6359431315599157E-02   4   1 0  2 0  0 0  0 1
   204  -.5719868710696747E-02   4   0 1  2 0  0 0  0 1
   205  -3.809291120249175       4   0 0  3 0  0 0  0 1
   206  -78.80129545184714       4   2 0  0 1  0 0  0 1
   207  -150.4270081947675       4   1 1  0 1  0 0  0 1
   208  -72.93812404134475       4   0 2  0 1  0 0  0 1
   209  -.1238681509114270E-01   4   1 0  1 1  0 0  0 1
   210  -.1140511642531656E-01   4   0 1  1 1  0 0  0 1
   211  -14.72501895428124       4   0 0  2 1  0 0  0 1
   212  -.6026569479927624E-02   4   1 0  0 2  0 0  0 1
   213  -.5597781688312523E-02   4   0 1  0 2  0 0  0 1
   214  -16.12393435452058       4   0 0  1 2  0 0  0 1
   215  -6.432432217721384       4   0 0  0 3  0 0  0 1
   216  -.9246293433807206E-03   4   2 0  0 0  0 2  0 0
   217  0.4911784603147864E-03   4   1 1  0 0  0 2  0 0
   218  0.1691491850040660E-02   4   0 2  0 0  0 2  0 0
   219  -.9865549019223818E-01   4   1 0  1 0  0 2  0 0
   220  0.2387946881790680       4   0 1  1 0  0 2  0 0
   221  -.3165912916598363E-03   4   0 0  2 0  0 2  0 0
   222  0.2931586207764252       4   1 0  0 1  0 2  0 0
   223  0.8523687666335988       4   0 1  0 1  0 2  0 0
   224  0.1826498431839882E-03   4   0 0  1 1  0 2  0 0
   225  0.1023784570510347E-02   4   0 0  0 2  0 2  0 0
   226  -.1016138894990168E-02   4   2 0  0 0  0 1  1 0
   227  0.9301238551604344E-03   4   1 1  0 0  0 1  1 0
   228  0.2703955772127327E-02   4   0 2  0 0  0 1  1 0
   229  -.7194509624393573E-01   4   1 0  1 0  0 1  1 0
   230  0.7320837703973436E-01   4   0 1  1 0  0 1  1 0
   231  -.2342045273036644E-03   4   0 0  2 0  0 1  1 0
   232  0.1268926903745362       4   1 0  0 1  0 1  1 0
   233  0.7787436159795992       4   0 1  0 1  0 1  1 0
   234  -.9313765528720120E-04   4   0 0  1 1  0 1  1 0
   235  0.1035700063993234E-02   4   0 0  0 2  0 1  1 0
   236  -.9227012848687128E-03   4   2 0  0 0  0 0  2 0
   237  0.4898915970668041E-03   4   1 1  0 0  0 0  2 0
   238  0.1687396091903565E-02   4   0 2  0 0  0 0  2 0
   239  -.9847431412307374E-01   4   1 0  1 0  0 0  2 0
   240  0.2384240693499068       4   0 1  1 0  0 0  2 0
   241  -.3160076473123680E-03   4   0 0  2 0  0 0  2 0
   242  0.2926787186194409       4   1 0  0 1  0 0  2 0
   243  0.8506976906894754       4   0 1  0 1  0 0  2 0
   244  0.1824667117665534E-03   4   0 0  1 1  0 0  2 0
   245  0.1021709911317020E-02   4   0 0  0 2  0 0  2 0
   246  0.2146553926239353E-02   4   2 0  0 0  0 1  0 1
   247  0.1976978092660762E-03   4   1 1  0 0  0 1  0 1
   248  -.1630547595927692E-02   4   0 2  0 0  0 1  0 1
   249  0.2735146720420648       4   1 0  1 0  0 1  0 1
   250  -.1436881240771230       4   0 1  1 0  0 1  0 1
   251  0.5265651121660056E-03   4   0 0  2 0  0 1  0 1
   252  -.2507351108310212       4   1 0  0 1  0 1  0 1
   253  -.6310502618459568       4   0 1  0 1  0 1  0 1
   254  0.1863641116899766E-03   4   0 0  1 1  0 1  0 1
   255  -.6276001645847589E-03   4   0 0  0 2  0 1  0 1
   256  0.2143665195128994E-02   4   2 0  0 0  0 0  1 1
   257  0.1974317568715252E-03   4   1 1  0 0  0 0  1 1
   258  -.1628353281818144E-02   4   0 2  0 0  0 0  1 1
   259  0.2731465888867333       4   1 0  1 0  0 0  1 1
   260  -.1434947553715243       4   0 1  1 0  0 0  1 1
   261  0.5258564856542100E-03   4   0 0  2 0  0 0  1 1
   262  -.2503976833355988       4   1 0  0 1  0 0  1 1
   263  -.6302010241439300       4   0 1  0 1  0 0  1 1
   264  0.1861133116514973E-03   4   0 0  1 1  0 0  1 1
   265  -.6267555698610315E-03   4   0 0  0 2  0 0  1 1
   266  -.1427984784083523E-02   4   2 0  0 0  0 0  0 2
   267  -.2643307319439835E-02   4   1 1  0 0  0 0  0 2
   268  -.1216564816488648E-02   4   0 2  0 0  0 0  0 2
   269  -.2775840881982169       4   1 0  1 0  0 0  0 2
   270  -.2619377717566203       4   0 1  1 0  0 0  0 2
   271  -.1852006914428003E-03   4   0 0  2 0  0 0  0 2
   272  -.2105696918820572       4   1 0  0 1  0 0  0 2
   273  -.2021397744245998       4   0 1  0 1  0 0  0 2
   274  -.4751432835879403E-03   4   0 0  1 1  0 0  0 2
   275  -.2697150526148028E-03   4   0 0  0 2  0 0  0 2
   276  -.9487040677598525E-05   4   1 0  0 0  0 3  0 0
   277  -.5183395449792243E-04   4   0 1  0 0  0 3  0 0
   278  -.1338517800771927       4   0 0  1 0  0 3  0 0
   279  0.5473372395336147       4   0 0  0 1  0 3  0 0
   280  -.7269905980482782E-05   4   1 0  0 0  0 2  1 0
   281  -.4107837550421034E-04   4   0 1  0 0  0 2  1 0
   282  -.7063892369464908E-01   4   0 0  1 0  0 2  1 0
   283  0.1863405303183469       4   0 0  0 1  0 2  1 0
   284  -.7274355781291994E-05   4   1 0  0 0  0 1  2 0
   285  -.4109994622039657E-04   4   0 1  0 0  0 1  2 0
   286  -.7076616340059171E-01   4   0 0  1 0  0 1  2 0
   287  0.1870677619721503       4   0 0  0 1  0 1  2 0
   288  -.9463004705465956E-05   4   1 0  0 0  0 0  3 0
   289  -.5170171754812853E-04   4   0 1  0 0  0 0  3 0
   290  -.1335341158123216       4   0 0  1 0  0 0  3 0
   291  0.5461071537920210       4   0 0  0 1  0 0  3 0
   292  0.1519002603619856E-04   4   1 0  0 0  0 2  0 1
   293  0.7262917066134809E-04   4   0 1  0 0  0 2  0 1
   294  0.3067239648253057       4   0 0  1 0  0 2  0 1
   295  -.3724356727063642       4   0 0  0 1  0 2  0 1
   296  0.1329397033531500E-04   4   1 0  0 0  0 1  1 1
   297  0.6484700304077749E-04   4   0 1  0 0  0 1  1 1
   298  0.1806276423329922       4   0 0  1 0  0 1  1 1
   299  -.2175660668466833E-01   4   0 0  0 1  0 1  1 1
   300  0.1516063881562274E-04   4   1 0  0 0  0 0  2 1
   301  0.7248779572617739E-04   4   0 1  0 0  0 0  2 1
   302  0.3061896500846600       4   0 0  1 0  0 0  2 1
   303  -.3719198268223597       4   0 0  0 1  0 0  2 1
   304  -.6035638753675027E-05   4   1 0  0 0  0 1  0 2
   305  -.1464103906589504E-04   4   0 1  0 0  0 1  0 2
   306  -.1804590516417008       4   0 0  1 0  0 1  0 2
   307  -.3407475413449824       4   0 0  0 1  0 1  0 2
   308  -.6027516275490086E-05   4   1 0  0 0  0 0  1 2
   309  -.1462133584552842E-04   4   0 1  0 0  0 0  1 2
   310  -.1802161983547411       4   0 0  1 0  0 0  1 2
   311  -.3402889793627150       4   0 0  0 1  0 0  1 2
   312  0.1787097329616669E-05   4   1 0  0 0  0 0  0 3
   313  0.1457682815778231E-05   4   0 1  0 0  0 0  0 3
   314  -.2407479273828496E-01   4   0 0  1 0  0 0  0 3
   315  -.1969344538816382E-01   4   0 0  0 1  0 0  0 3
   316  -.1134958301800921E-04   4   0 0  0 0  0 4  0 0
   317  -.5250521187267869E-05   4   0 0  0 0  0 3  1 0
   318  -.4445881843283750E-05   4   0 0  0 0  0 2  2 0
   319  -.5267973829101350E-05   4   0 0  0 0  0 1  3 0
   320  -.1131551965832540E-04   4   0 0  0 0  0 0  4 0
   321  0.1140112489726584E-04   4   0 0  0 0  0 3  0 1
   322  0.4566152547227663E-05   4   0 0  0 0  0 2  1 1
   323  0.4579918850704616E-05   4   0 0  0 0  0 1  2 1
   324  0.1137504194461960E-04   4   0 0  0 0  0 0  3 1
   325  0.1777698523741566E-05   4   0 0  0 0  0 2  0 2
   326  0.2101093281405467E-05   4   0 0  0 0  0 1  1 2
   327  0.1773892404689829E-05   4   0 0  0 0  0 0  2 2
   328  0.2664827663045391E-07   4   0 0  0 0  0 1  0 3
   329  0.2661241463565451E-07   4   0 0  0 0  0 0  1 3
   330  -.1212498532649639E-12   4   0 0  0 0  0 0  0 4
   ----------------------------------------------------
     I  COEFFICIENT            ORDER EXPONENTS
     1  0.6715335870650503E-08   0   0 0  0 0  0 0  0 0
     2  -.8926916335239968E-05   1   1 0  0 0  0 0  0 0
     3  -.9698607933010025E-05   1   0 1  0 0  0 0  0 0
     4  0.6186713899531805E-04   1   0 0  1 0  0 0  0 0
     5  0.2880885474768161E-04   1   0 0  0 1  0 0  0 0
     6   1.000000000000000       1   0 0  0 0  1 0  0 0
     7  0.2859789936212878       1   0 0  0 0  0 1  0 0
     8  -.2859789886736314       1   0 0  0 0  0 0  1 0
     9  -.4947663794229142E-08   1   0 0  0 0  0 0  0 1
    10  -.5664955798040788       2   2 0  0 0  0 0  0 0
    11  -1.411125899414372       2   1 1  0 0  0 0  0 0
    12  -1.092394202461435       2   0 2  0 0  0 0  0 0
    13  -.3406458727292722E-04   2   1 0  1 0  0 0  0 0
    14  -.4234594344279221E-04   2   0 1  1 0  0 0  0 0
    15  -.3535459197806483       2   0 0  2 0  0 0  0 0
    16  -.4275915492160640E-04   2   1 0  0 1  0 0  0 0
    17  -.4876950849560847E-04   2   0 1  0 1  0 0  0 0
    18  -.3225709992067382       2   0 0  1 1  0 0  0 0
    19  -.2916890451446299       2   0 0  0 2  0 0  0 0
    20  0.1309390062365846E-04   2   1 0  0 0  0 1  0 0
    21  0.1803112692342432E-04   2   0 1  0 0  0 1  0 0
    22  -.8563465706776379E-04   2   0 0  1 0  0 1  0 0
    23  -.6648191777388436E-04   2   0 0  0 1  0 1  0 0
    24  0.4173397971947140E-05   2   1 0  0 0  0 0  1 0
    25  0.8334377287836283E-05   2   0 1  0 0  0 0  1 0
    26  -.2381870069372107E-04   2   0 0  1 0  0 0  1 0
    27  -.3766110087487610E-04   2   0 0  0 1  0 0  1 0
    28  -.1726738964260888E-04   2   1 0  0 0  0 0  0 1
    29  -.1666704010703952E-04   2   0 1  0 0  0 0  0 1
    30  0.1094533980272566E-03   2   0 0  1 0  0 0  0 1
    31  0.7533420353307059E-04   2   0 0  0 1  0 0  0 1
    32  -.2146286654237515       2   0 0  0 0  0 2  0 0
    33  0.1432783306671467       2   0 0  0 0  0 1  1 0
    34  0.7135032819516311E-01   2   0 0  0 0  0 0  2 0
    35  0.6559333407207334E-08   2   0 0  0 0  0 1  0 1
    36  0.1616226719562382E-08   2   0 0  0 0  0 0  1 1
    37  -.1614023613646415E-08   2   0 0  0 0  0 0  0 2
    38  0.3078515170534200       3   3 0  0 0  0 0  0 0
    39  0.9347616423146559       3   2 1  0 0  0 0  0 0
    40  0.9343205092322957       3   1 2  0 0  0 0  0 0
    41  0.3085496878568010       3   0 3  0 0  0 0  0 0
    42  0.1918248982049133E-02   3   2 0  1 0  0 0  0 0
    43  0.3889213689823882E-02   3   1 1  1 0  0 0  0 0
    44  0.2267843891637160E-02   3   0 2  1 0  0 0  0 0
    45  0.1068323385432814       3   1 0  2 0  0 0  0 0
    46  0.2638266806857539E-01   3   0 1  2 0  0 0  0 0
    47  0.7468696419046152E-03   3   0 0  3 0  0 0  0 0
    48  0.1346708616922290E-02   3   2 0  0 1  0 0  0 0
    49  0.2666362493303601E-02   3   1 1  0 1  0 0  0 0
    50  0.1570766863516394E-02   3   0 2  0 1  0 0  0 0
    51  0.6815544549818828E-01   3   1 0  1 1  0 0  0 0
    52  -.5963793274705977E-01   3   0 1  1 1  0 0  0 0
    53  0.1856582700842352E-02   3   0 0  2 1  0 0  0 0
    54  -.2867126447275688E-01   3   1 0  0 2  0 0  0 0
    55  -.7934730735963311E-01   3   0 1  0 2  0 0  0 0
    56  0.1589490337918100E-02   3   0 0  1 2  0 0  0 0
    57  0.4737464873810046E-03   3   0 0  0 3  0 0  0 0
    58  0.9149071100391514       3   2 0  0 0  0 1  0 0
    59   2.758283650095113       3   1 1  0 0  0 1  0 0
    60   2.335552733641516       3   0 2  0 0  0 1  0 0
    61  0.5144872997892296E-04   3   1 0  1 0  0 1  0 0
    62  0.7958190168960659E-04   3   0 1  1 0  0 1  0 0
    63  0.4875979190026232       3   0 0  2 0  0 1  0 0
    64  0.8101454725372928E-04   3   1 0  0 1  0 1  0 0
    65  0.1132195849510829E-03   3   0 1  0 1  0 1  0 0
    66  0.7477962169960116       3   0 0  1 1  0 1  0 0
    67  0.5680402102193455       3   0 0  0 2  0 1  0 0
    68  0.3487044220727588       3   2 0  0 0  0 0  1 0
    69   1.347242206297542       3   1 1  0 0  0 0  1 0
    70   1.242954196031178       3   0 2  0 0  0 0  1 0
    71  0.1732845970651098E-04   3   1 0  1 0  0 0  1 0
    72  0.3706804776329168E-04   3   0 1  1 0  0 0  1 0
    73  0.1343469327142554       3   0 0  2 0  0 0  1 0
    74  0.3817377399161756E-04   3   1 0  0 1  0 0  1 0
    75  0.6425934018865857E-04   3   0 1  0 1  0 0  1 0
    76  0.4250867777732940       3   0 0  1 1  0 0  1 0
    77  0.2763713994783724       3   0 0  0 2  0 0  1 0
    78  -1.263612490728972       3   2 0  0 0  0 0  0 1
    79  -2.694402314925069       3   1 1  0 0  0 0  0 1
    80  -1.393720086015522       3   0 2  0 0  0 0  0 1
    81  -.6862835422703032E-04   3   1 0  1 0  0 0  0 1
    82  -.7395941117423798E-04   3   0 1  1 0  0 0  0 1
    83  -.6219451765306347       3   0 0  2 0  0 0  0 1
    84  -.7622177090221231E-04   3   1 0  0 1  0 0  0 1
    85  -.7954536964739644E-04   3   0 1  0 1  0 0  0 1
    86  -.8503124615314838       3   0 0  1 1  0 0  0 1
    87  -.2610337288037855       3   0 0  0 2  0 0  0 1
    88  -.1599823309681159E-04   3   1 0  0 0  0 2  0 0
    89  -.2579589058416892E-04   3   0 1  0 0  0 2  0 0
    90  0.1002696318129811E-03   3   0 0  1 0  0 2  0 0
    91  0.1035160550148241E-03   3   0 0  0 1  0 2  0 0
    92  -.5811876850159546E-05   3   1 0  0 0  0 1  1 0
    93  -.1553137745476598E-04   3   0 1  0 0  0 1  1 0
    94  0.2930152792995610E-04   3   0 0  1 0  0 1  1 0
    95  0.7407638605394349E-04   3   0 0  0 1  0 1  1 0
    96  -.2910813588011499E-05   3   1 0  0 0  0 0  2 0
    97  -.7767341515021660E-05   3   0 1  0 0  0 0  2 0
    98  0.1468856109917832E-04   3   0 0  1 0  0 0  2 0
    99  0.3703298543270022E-04   3   0 0  0 1  0 0  2 0
   100  0.2471208262136665E-04   3   1 0  0 0  0 1  0 1
   101  0.3105896317287259E-04   3   0 1  0 0  0 1  0 1
   102  -.1442134437941478E-03   3   0 0  1 0  0 1  0 1
   103  -.1481523404672124E-03   3   0 0  0 1  0 1  0 1
   104  0.7457781168836915E-05   3   1 0  0 0  0 0  1 1
   105  0.1439503530635494E-04   3   0 1  0 0  0 0  1 1
   106  -.3486242227594583E-04   3   0 0  1 0  0 0  1 1
   107  -.7282315968289098E-04   3   0 0  0 1  0 0  1 1
   108  -.7450798258188797E-05   3   1 0  0 0  0 0  0 2
   109  -.6059696509178211E-05   3   0 1  0 0  0 0  0 2
   110  0.3481320491315034E-04   3   0 0  1 0  0 0  0 2
   111  0.3515541482169548E-04   3   0 0  0 1  0 0  0 2
   112  0.1788813515155905       3   0 0  0 0  0 3  0 0
   113  -.1073867931272484       3   0 0  0 0  0 2  1 0
   114  -.3589155586706027E-01   3   0 0  0 0  0 1  2 0
   115  -.3560303962000651E-01   3   0 0  0 0  0 0  3 0
   116  -.5486525550282486E-08   3   0 0  0 0  0 2  0 1
   117  0.5268080279657249E-09   3   0 0  0 0  0 1  1 1
   118  0.2591701203223687E-09   3   0 0  0 0  0 0  2 1
   119  0.4615913965036344E-09   3   0 0  0 0  0 1  0 2
   120  -.2515742461862621E-09   3   0 0  0 0  0 0  1 2
   121  0.3455707291569574E-09   3   0 0  0 0  0 0  0 3
   122  -6.473017507173291       4   4 0  0 0  0 0  0 0
   123  -31.22400813995127       4   3 1  0 0  0 0  0 0
   124  -56.22611226437924       4   2 2  0 0  0 0  0 0
   125  -45.17979669469800       4   1 3  0 0  0 0  0 0
   126  -14.02205716705810       4   0 4  0 0  0 0  0 0
   127  0.3569588341274022E-02   4   3 0  1 0  0 0  0 0
   128  0.1192796017713856E-01   4   2 1  1 0  0 0  0 0
   129  0.1253483246822399E-01   4   1 2  1 0  0 0  0 0
   130  0.4192269329854514E-02   4   0 3  1 0  0 0  0 0
   131  -13.03630672540146       4   2 0  2 0  0 0  0 0
   132  -26.78864912774317       4   1 1  2 0  0 0  0 0
   133  -15.16677277247859       4   0 2  2 0  0 0  0 0
   134  0.5178322759514719E-02   4   1 0  3 0  0 0  0 0
   135  0.3763587522805594E-02   4   0 1  3 0  0 0  0 0
   136  -2.571003817403596       4   0 0  4 0  0 0  0 0
   137  0.4667859601958995E-02   4   3 0  0 1  0 0  0 0
   138  0.1489367374679398E-01   4   2 1  0 1  0 0  0 0
   139  0.1526992362195212E-01   4   1 2  0 1  0 0  0 0
   140  0.5044750061499735E-02   4   0 3  0 1  0 0  0 0
   141  -18.03231447895100       4   2 0  1 1  0 0  0 0
   142  -35.77411126394610       4   1 1  1 1  0 0  0 0
   143  -20.19818298609243       4   0 2  1 1  0 0  0 0
   144  0.1296900608104742E-01   4   1 0  2 1  0 0  0 0
   145  0.9346110442416414E-02   4   0 1  2 1  0 0  0 0
   146  -7.999726067617533       4   0 0  3 1  0 0  0 0
   147  -6.173088101699808       4   2 0  0 2  0 0  0 0
   148  -12.59507749625523       4   1 1  0 2  0 0  0 0
   149  -7.830076231636571       4   0 2  0 2  0 0  0 0
   150  0.1070796415291981E-01   4   1 0  1 2  0 0  0 0
   151  0.7569057415120911E-02   4   0 1  1 2  0 0  0 0
   152  -9.624035336622981       4   0 0  2 2  0 0  0 0
   153  0.2838520731532143E-02   4   1 0  0 3  0 0  0 0
   154  0.1910019501131402E-02   4   0 1  0 3  0 0  0 0
   155  -5.413475392018868       4   0 0  1 3  0 0  0 0
   156  -1.289882318124063       4   0 0  0 4  0 0  0 0
   157  -.5372477291682891       4   3 0  0 0  0 1  0 0
   158  -2.039391772291392       4   2 1  0 0  0 1  0 0
   159  -2.459493639171991       4   1 2  0 0  0 1  0 0
   160  -.9544130902568293       4   0 3  0 0  0 1  0 0
   161  -.1303681905069049E-02   4   2 0  1 0  0 1  0 0
   162  -.4938318947527501E-02   4   1 1  1 0  0 1  0 0
   163  -.3983210896833260E-02   4   0 2  1 0  0 1  0 0
   164  -.1174404019437366       4   1 0  2 0  0 1  0 0
   165  -.5274070959137014E-01   4   0 1  2 0  0 1  0 0
   166  -.9267459296566211E-03   4   0 0  3 0  0 1  0 0
   167  -.1093760693134947E-02   4   2 0  0 1  0 1  0 0
   168  -.3619161172241433E-02   4   1 1  0 1  0 1  0 0
   169  -.2932362123553052E-02   4   0 2  0 1  0 1  0 0
   170  -.1415638724379962       4   1 0  1 1  0 1  0 0
   171  0.7642410898453193E-01   4   0 1  1 1  0 1  0 0
   172  -.2942524952934531E-02   4   0 0  2 1  0 1  0 0
   173  0.3232259677123593E-01   4   1 0  0 2  0 1  0 0
   174  0.1718576421311051       4   0 1  0 2  0 1  0 0
   175  -.3142574001303733E-02   4   0 0  1 2  0 1  0 0
   176  -.1166388469121925E-02   4   0 0  0 3  0 1  0 0
   177  -.2270821028141788       4   3 0  0 0  0 0  1 0
   178  -1.096044602277940       4   2 1  0 0  0 0  1 0
   179  -1.514876377186296       4   1 2  0 0  0 0  1 0
   180  -.6417857830611248       4   0 3  0 0  0 0  1 0
   181  -.8515816879551061E-03   4   2 0  1 0  0 0  1 0
   182  -.3825371318184498E-02   4   1 1  1 0  0 0  1 0
   183  -.3165919593345852E-02   4   0 2  1 0  0 0  1 0
   184  -.1013281423480821E-01   4   1 0  2 0  0 0  1 0
   185  -.2503699396204380E-01   4   0 1  2 0  0 0  1 0
   186  -.5024534680355333E-03   4   0 0  3 0  0 0  1 0
   187  -.1021814830242344E-02   4   2 0  0 1  0 0  1 0
   188  -.3420362516914351E-02   4   1 1  0 1  0 0  1 0
   189  -.2670224133013136E-02   4   0 2  0 1  0 0  1 0
   190  -.7252736568629234E-01   4   1 0  1 1  0 0  1 0
   191  0.1878695817353405E-01   4   0 1  1 1  0 0  1 0
   192  -.1974106461598885E-02   4   0 0  2 1  0 0  1 0
   193  0.4128354465581377E-02   4   1 0  0 2  0 0  1 0
   194  0.9337509518632239E-01   4   0 1  0 2  0 0  1 0
   195  -.2326477666207248E-02   4   0 0  1 2  0 0  1 0
   196  -.9072414604779094E-03   4   0 0  0 3  0 0  1 0
   197  0.7611108783124525       4   3 0  0 0  0 0  0 1
   198   2.187105791334035       4   2 1  0 0  0 0  0 1
   199   2.087614847921516       4   1 2  0 0  0 0  0 1
   200  0.6625393617738001       4   0 3  0 0  0 0  0 1
   201  0.2401578027427284E-02   4   2 0  1 0  0 0  0 1
   202  0.5708151533499345E-02   4   1 1  1 0  0 0  0 1
   203  0.3444067102502184E-02   4   0 2  1 0  0 0  0 1
   204  0.1265063816441063       4   1 0  2 0  0 0  0 1
   205  0.4878138888648445E-01   4   0 1  2 0  0 0  0 1
   206  0.1467186376543002E-02   4   0 0  3 0  0 0  0 1
   207  0.1021990340485848E-02   4   2 0  0 1  0 0  0 1
   208  0.2710668202931597E-02   4   1 1  0 1  0 0  0 1
   209  0.1862921915566316E-02   4   0 2  0 1  0 0  0 1
   210  0.1443028979130981       4   1 0  1 1  0 0  0 1
   211  0.2022842943699264E-01   4   0 1  1 1  0 0  0 1
   212  0.3313292700119570E-02   4   0 0  2 1  0 0  0 1
   213  0.1988399663353546E-01   4   1 0  0 2  0 0  0 1
   214  -.2917840678873201E-01   4   0 1  0 2  0 0  0 1
   215  0.2509331586534895E-02   4   0 0  1 2  0 0  0 1
   216  0.6934157109748551E-03   4   0 0  0 3  0 0  0 1
   217  -1.212366375752917       4   2 0  0 0  0 2  0 0
   218  -4.152605068660787       4   1 1  0 0  0 2  0 0
   219  -3.790987374056507       4   0 2  0 0  0 2  0 0
   220  -.6233643927983922E-04   4   1 0  1 0  0 2  0 0
   221  -.1247452265845118E-03   4   0 1  1 0  0 2  0 0
   222  -.5692094273614671       4   0 0  2 0  0 2  0 0
   223  -.1292740612012445E-03   4   1 0  0 1  0 2  0 0
   224  -.2100257325833969E-03   4   0 1  0 1  0 2  0 0
   225  -1.164698648046381       4   0 0  1 1  0 2  0 0
   226  -.8895236470919776       4   0 0  0 2  0 2  0 0
   227  -.5949825817234611       4   2 0  0 0  0 1  1 0
   228  -2.788380154867725       4   1 1  0 0  0 1  1 0
   229  -2.910234088810538       4   0 2  0 0  0 1  1 0
   230  -.2600465574593976E-04   4   1 0  1 0  0 1  1 0
   231  -.7539505241530101E-04   4   0 1  1 0  0 1  1 0
   232  -.1634043353921013       4   0 0  2 0  0 1  1 0
   233  -.7964598131558417E-04   4   1 0  0 1  0 1  1 0
   234  -.1613455717564993E-03   4   0 1  0 1  0 1  1 0
   235  -.8338984546045738       4   0 0  1 1  0 1  1 0
   236  -.6428787539504049       4   0 0  0 2  0 1  1 0
   237  -.2977054329899224       4   2 0  0 0  0 0  2 0
   238  -1.394166301916541       4   1 1  0 0  0 0  2 0
   239  -1.454727301620042       4   0 2  0 0  0 0  2 0
   240  -.1313980715271215E-04   4   1 0  1 0  0 0  2 0
   241  -.3782324235413057E-04   4   0 1  1 0  0 0  2 0
   242  -.8191969578852598E-01   4   0 0  2 0  0 0  2 0
   243  -.3992474503687708E-04   4   1 0  0 1  0 0  2 0
   244  -.8071778810849128E-04   4   0 1  0 1  0 0  2 0
   245  -.4168902178104498       4   0 0  1 1  0 0  2 0
   246  -.3213882784562136       4   0 0  0 2  0 0  2 0
   247   2.104717003844604       4   2 0  0 0  0 1  0 1
   248   5.576841611214016       4   1 1  0 0  0 1  0 1
   249   3.485459479501940       4   0 2  0 0  0 1  0 1
   250  0.9002605434870289E-04   4   1 0  1 0  0 1  0 1
   251  0.1377843654771811E-03   4   0 1  1 0  0 1  0 1
   252  0.8142619346174720       4   0 0  2 0  0 1  0 1
   253  0.1452331622807099E-03   4   1 0  0 1  0 1  0 1
   254  0.1937452719712015E-03   4   0 1  0 1  0 1  0 1
   255   1.667777517400605       4   0 0  1 1  0 1  0 1
   256  0.7178441298923559       4   0 0  0 2  0 1  0 1
   257  0.8416473688219496       4   2 0  0 0  0 0  1 1
   258   2.882140205060700       4   1 1  0 0  0 0  1 1
   259   2.090779284739994       4   0 2  0 0  0 0  1 1
   260  0.3228779260268701E-04   4   1 0  1 0  0 0  1 1
   261  0.6776158869855325E-04   4   0 1  1 0  0 0  1 1
   262  0.1929067583966287       4   0 0  2 0  0 0  1 1
   263  0.7244629533615198E-04   4   1 0  0 1  0 0  1 1
   264  0.1123599725978018E-03   4   0 1  0 1  0 0  1 1
   265  0.8175295796218784       4   0 0  1 1  0 0  1 1
   266  0.4565558406372150       4   0 0  0 2  0 0  1 1
   267  -.8413406654276000       4   2 0  0 0  0 0  0 2
   268  -1.535022862538920       4   1 1  0 0  0 0  0 2
   269  -.6975084099728605       4   0 2  0 0  0 0  0 2
   270  -.2911763143024132E-04   4   1 0  1 0  0 0  0 2
   271  -.2546140598545454E-04   4   0 1  1 0  0 0  0 2
   272  -.1926230681087872       4   0 0  2 0  0 0  0 2
   273  -.2833561214918175E-04   4   1 0  0 1  0 0  0 2
   274  -.2492235833963065E-04   4   0 1  0 1  0 0  0 2
   275  -.3923615890307348       4   0 0  1 1  0 0  0 2
   276  -.1956590161610153       4   0 0  0 2  0 0  0 2
   277  -.1834905020303370E-03   4   1 0  0 0  0 3  0 0
   278  -.2574343237575507E-03   4   0 1  0 0  0 3  0 0
   279  -.9605401383208143E-04   4   0 0  1 0  0 3  0 0
   280  -.1260131820575516E-03   4   0 0  0 1  0 3  0 0
   281  -.1010434409902143E-03   4   1 0  0 0  0 2  1 0
   282  -.1339305488144544E-03   4   0 1  0 0  0 2  1 0
   283  -.2350720440738401E-04   4   0 0  1 0  0 2  1 0
   284  -.9951714708179788E-04   4   0 0  0 1  0 2  1 0
   285  -.6428469933314125E-04   4   1 0  0 0  0 1  2 0
   286  -.8444963999631317E-04   4   0 1  0 0  0 1  2 0
   287  -.1163421853074105E-04   4   0 0  1 0  0 1  2 0
   288  -.6501705581001322E-04   4   0 0  0 1  0 1  2 0
   289  -.3371548497082072E-04   4   1 0  0 0  0 0  3 0
   290  -.4469916772448788E-04   4   0 1  0 0  0 0  3 0
   291  -.7882228920836656E-05   4   0 0  1 0  0 0  3 0
   292  -.3316939371641457E-04   4   0 0  0 1  0 0  3 0
   293  0.1604036123908966E-03   4   1 0  0 0  0 2  0 1
   294  0.1268555994844146E-03   4   0 1  0 0  0 2  0 1
   295  0.1033933042301439E-03   4   0 0  1 0  0 2  0 1
   296  0.1842399689077165E-03   4   0 0  0 1  0 2  0 1
   297  0.9263483616653192E-04   4   1 0  0 0  0 1  1 1
   298  0.7255538586700157E-04   4   0 1  0 0  0 1  1 1
   299  0.1359194856868722E-04   4   0 0  1 0  0 1  1 1
   300  0.1164818068588716E-03   4   0 0  0 1  0 1  1 1
   301  0.4633146269001091E-04   4   1 0  0 0  0 0  2 1
   302  0.3628945071003583E-04   4   0 1  0 0  0 0  2 1
   303  0.6851986834138847E-05   4   0 0  1 0  0 0  2 1
   304  0.5824778091926186E-04   4   0 0  0 1  0 0  2 1
   305  -.1710782198633441E-05   4   1 0  0 0  0 1  0 2
   306  0.2136115022948714E-05   4   0 1  0 0  0 1  0 2
   307  -.4445278190486335E-05   4   0 0  1 0  0 1  0 2
   308  -.2468959441448055E-04   4   0 0  0 1  0 1  0 2
   309  -.6862314483729131E-05   4   1 0  0 0  0 0  1 2
   310  -.2573044769648801E-05   4   0 1  0 0  0 0  1 2
   311  0.7627121328528558E-05   4   0 0  1 0  0 0  1 2
   312  -.1066936113111263E-04   4   0 0  0 1  0 0  1 2
   313  0.2117271099705480E-06   4   1 0  0 0  0 0  0 3
   314  0.3019552123027259E-06   4   0 1  0 0  0 0  0 3
   315  -.7676460835066753E-05   4   0 0  1 0  0 0  0 3
   316  -.7025913010724385E-05   4   0 0  0 1  0 0  0 3
   317  -.1565302532586769       4   0 0  0 0  0 4  0 0
   318  0.8947684239830994E-01   4   0 0  0 0  0 3  1 0
   319  0.2686485405997735E-01   4   0 0  0 0  0 2  2 0
   320  0.1798162628122114E-01   4   0 0  0 0  0 1  3 0
   321  0.2220686145779338E-01   4   0 0  0 0  0 0  4 0
   322  0.7474759327202538E-08   4   0 0  0 0  0 3  0 1
   323  0.3737898309728560E-08   4   0 0  0 0  0 2  1 1
   324  0.3009634452436138E-08   4   0 0  0 0  0 1  2 1
   325  0.9990625751129764E-09   4   0 0  0 0  0 0  3 1
   326  -.3841948524465981E-09   4   0 0  0 0  0 2  0 2
   327  0.4249838328504607E-09   4   0 0  0 0  0 1  1 2
   328  0.1678695533607263E-09   4   0 0  0 0  0 0  2 2
   329  -.6256542494444707E-09   4   0 0  0 0  0 1  0 3
   330  -.2801710240407607E-09   4   0 0  0 0  0 0  1 3
   331  -.4744688308802384E-10   4   0 0  0 0  0 0  0 4
   ----------------------------------------------------
     I  COEFFICIENT            ORDER EXPONENTS
     1   1.000000000000000       1   0 0  0 0  0 1  0 0
     --------------------------------------------------
     I  COEFFICIENT            ORDER EXPONENTS
     1   1.000000000000000       1   0 0  0 0  0 0  1 0
     --------------------------------------------------
     I  COEFFICIENT            ORDER EXPONENTS
     1   1.000000000000000       1   0 0  0 0  0 0  0 1
     --------------------------------------------------
