 L    0.1145458000000000E+01
 P (  0.0000000000000000E+00,  0.0000000000000000E+00,  0.9555200000000000E-01)
 A (  0.0000000000000000E+00,  0.0000000000000000E+00,  0.0000000000000000E+00)
     I  COEFFICIENT            ORDER EXPONENTS
     1  0.9553953069158084E-04   0   0 0  0 0  0 0  0 0
     2   1.801599592391711       1   1 0  0 0  0 0  0 0
     3   1.855533061494433       1   0 1  0 0  0 0  0 0
     4  0.2408708404278335E-04   1   0 0  1 0  0 0  0 0
     5  0.2124316360601714E-04   1   0 0  0 1  0 0  0 0
     6  -.8807265131502069E-06   1   0 0  0 0  0 1  0 0
     7  -.8795412729157455E-06   1   0 0  0 0  0 0  1 0
     8  0.1760267788206166E-05   1   0 0  0 0  0 0  0 1
     9  -.2110966629241318       2   2 0  0 0  0 0  0 0
    10  -.3768280453544657       2   1 1  0 0  0 0  0 0
    11  -.1689690165365736       2   0 2  0 0  0 0  0 0
    12  0.8110846184572730E-03   2   1 0  1 0  0 0  0 0
    13  0.2223284812616531E-03   2   0 1  1 0  0 0  0 0
    14  0.1409889451782062       2   0 0  2 0  0 0  0 0
    15  0.8650188982440802E-03   2   1 0  0 1  0 0  0 0
    16  0.3892241905184863E-03   2   0 1  0 1  0 0  0 0
    17  0.2509219271993633       2   0 0  1 1  0 0  0 0
    18  0.1126170947505673       2   0 0  0 2  0 0  0 0
    19  -.4422166226010498       2   1 0  0 0  0 1  0 0
    20  -1.317968626901532       2   0 1  0 0  0 1  0 0
    21  -.1331989378102765E-04   2   0 0  1 0  0 1  0 0
    22  -.2245878854717717E-04   2   0 0  0 1  0 1  0 0
    23  -.4416215083113013       2   1 0  0 0  0 0  1 0
    24  -1.316194966837157       2   0 1  0 0  0 0  1 0
    25  -.1330196849572207E-04   2   0 0  1 0  0 0  1 0
    26  -.2242856456799645E-04   2   0 0  0 1  0 0  1 0
    27  0.8838381309515395       2   1 0  0 0  0 0  0 1
    28  0.7786305322829824       2   0 1  0 0  0 0  0 1
    29  0.2662183726826615E-04   2   0 0  1 0  0 0  0 1
    30  0.2364416526991327E-04   2   0 0  0 1  0 0  0 1
    31  0.3191882856767787E-06   2   0 0  0 0  0 2  0 0
    32  -.2408222727894139E-06   2   0 0  0 0  0 1  1 0
    33  0.3189207807585585E-06   2   0 0  0 0  0 0  2 0
    34  0.4831045311965035E-06   2   0 0  0 0  0 1  0 1
    35  0.4824543918862828E-06   2   0 0  0 0  0 0  1 1
    36  -.1362906745562210E-05   2   0 0  0 0  0 0  0 2
    37   4.002058286185617       3   3 0  0 0  0 0  0 0
    38   16.47214161318435       3   2 1  0 0  0 0  0 0
    39   20.84243913966661       3   1 2  0 0  0 0  0 0
    40   9.259650954686308       3   0 3  0 0  0 0  0 0
    41  -.1537033334759949E-01   3   2 0  1 0  0 0  0 0
    42  -.2687508977739746E-01   3   1 1  1 0  0 0  0 0
    43  -.1176122930991930E-01   3   0 2  1 0  0 0  0 0
    44  -1.980983548252268       3   1 0  2 0  0 0  0 0
    45  0.6870564673642156       3   0 1  2 0  0 0  0 0
    46  0.3530031544238112E-02   3   0 0  3 0  0 0  0 0
    47  -.1395001631916522E-01   3   2 0  0 1  0 0  0 0
    48  -.2458050322236956E-01   3   1 1  0 1  0 0  0 0
    49  -.1083212232453912E-01   3   0 2  0 1  0 0  0 0
    50  -6.333136175352260       3   1 0  1 1  0 0  0 0
    51  -2.015955156219339       3   0 1  1 1  0 0  0 0
    52  0.9343149888640136E-02   3   0 0  2 1  0 0  0 0
    53  -3.198180915366927       3   1 0  0 2  0 0  0 0
    54  -.6311527442036602       3   0 1  0 2  0 0  0 0
    55  0.8326353980933572E-02   3   0 0  1 2  0 0  0 0
    56  0.2510591683543230E-02   3   0 0  0 3  0 0  0 0
    57  0.1375923099308127       3   2 0  0 0  0 1  0 0
    58  0.4331998384632753       3   1 1  0 0  0 1  0 0
    59  0.2782410726987772       3   0 2  0 0  0 1  0 0
    60  -.3821936933914362E-03   3   1 0  1 0  0 1  0 0
    61  -.1287346149984343E-03   3   0 1  1 0  0 1  0 0
    62  -.6526618844361071E-01   3   0 0  2 0  0 1  0 0
    63  -.9626976525473872E-03   3   1 0  0 1  0 1  0 0
    64  -.6107295127283761E-03   3   0 1  0 1  0 1  0 0
    65  -.2405063745931298       3   0 0  1 1  0 1  0 0
    66  -.1638694890105827       3   0 0  0 2  0 1  0 0
    67  0.1374071446846101       3   2 0  0 0  0 0  1 0
    68  0.4326168585366756       3   1 1  0 0  0 0  1 0
    69  0.2778666289761883       3   0 2  0 0  0 0  1 0
    70  -.3816793551310305E-03   3   1 0  1 0  0 0  1 0
    71  -.1285613700206186E-03   3   0 1  1 0  0 0  1 0
    72  -.6517835628309174E-01   3   0 0  2 0  0 0  1 0
    73  -.9614020994169531E-03   3   1 0  0 1  0 0  1 0
    74  -.6099076217328276E-03   3   0 1  0 1  0 0  1 0
    75  -.2401827124488744       3   0 0  1 1  0 0  1 0
    76  -.1636489611751735       3   0 0  0 2  0 0  1 0
    77  -.2749998740000383       3   2 0  0 0  0 0  0 1
    78  -.4889893508816467       3   1 1  0 0  0 0  0 1
    79  -.2181699601478442       3   0 2  0 0  0 0  0 1
    80  0.7628684837987850E-03   3   1 0  1 0  0 0  0 1
    81  0.3396114368214569E-04   3   0 1  1 0  0 0  0 1
    82  0.1304447400966308       3   0 0  2 0  0 0  0 1
    83  0.1058030037973124E-02   3   1 0  0 1  0 0  0 1
    84  0.4411307066247734E-03   3   0 1  0 1  0 0  0 1
    85  0.2297674658273308       3   0 0  1 1  0 0  0 1
    86  0.1022843790527641       3   0 0  0 2  0 0  0 1
    87  0.3530070723108045       3   1 0  0 0  0 2  0 0
    88   1.201006654574000       3   0 1  0 0  0 2  0 0
    89  0.1061886047599093E-04   3   0 0  1 0  0 2  0 0
    90  0.2336057429166128E-04   3   0 0  0 1  0 2  0 0
    91  0.2640369570873581       3   1 0  0 0  0 1  1 0
    92   1.084357332691039       3   0 1  0 0  0 1  1 0
    93  0.7829750062195362E-05   3   0 0  1 0  0 1  1 0
    94  0.2417036280040722E-04   3   0 0  0 1  0 1  1 0
    95  0.3523543477829265       3   1 0  0 0  0 0  2 0
    96   1.198660757922585       3   0 1  0 0  0 0  2 0
    97  0.1059930165969691E-04   3   0 0  1 0  0 0  2 0
    98  0.2331287306419775E-04   3   0 0  0 1  0 0  2 0
    99  -.5278350668831120       3   1 0  0 0  0 1  0 1
   100  -.8504343997347517       3   0 1  0 0  0 1  0 1
   101  -.1559307175232243E-04   3   0 0  1 0  0 1  0 1
   102  -.2578724812743970E-04   3   0 0  0 1  0 1  0 1
   103  -.5271247313261052       3   1 0  0 0  0 0  1 1
   104  -.8492899251991733       3   0 1  0 0  0 0  1 1
   105  -.1557208733123428E-04   3   0 0  1 0  0 0  1 1
   106  -.2575254486422078E-04   3   0 0  0 1  0 0  1 1
   107  0.8556099298700100E-01   3   1 0  0 0  0 0  0 2
   108  0.7123180885349333E-01   3   0 1  0 0  0 0  0 2
   109  0.2182329395379828E-05   3   0 0  1 0  0 0  0 2
   110  0.2064607950696033E-05   3   0 0  0 1  0 0  0 2
   111  -.2759428918248085E-07   3   0 0  0 0  0 3  0 0
   112  0.5550723788693254E-06   3   0 0  0 0  0 2  1 0
   113  0.5538962658184655E-06   3   0 0  0 0  0 1  2 0
   114  -.2791157906712625E-07   3   0 0  0 0  0 0  3 0
   115  -.1111042408074779E-05   3   0 0  0 0  0 2  0 1
   116  -.1737162258728438E-05   3   0 0  0 0  0 1  1 1
   117  -.1108378324013979E-05   3   0 0  0 0  0 0  2 1
   118  0.1496570793997370E-05   3   0 0  0 0  0 1  0 2
   119  0.1494556779553661E-05   3   0 0  0 0  0 0  1 2
   120  -.8848777076523299E-07   3   0 0  0 0  0 0  0 3
   121  -27.42179633361479       4   4 0  0 0  0 0  0 0
   122  -102.0494031536734       4   3 1  0 0  0 0  0 0
   123  -143.0864699913755       4   2 2  0 0  0 0  0 0
   124  -89.73693555257901       4   1 3  0 0  0 0  0 0
   125  -21.26694818993209       4   0 4  0 0  0 0  0 0
   126  -.1189978416510987E-01   4   3 0  1 0  0 0  0 0
   127  -.3429816808397997E-01   4   2 1  1 0  0 0  0 0
   128  -.3550567237677651E-01   4   1 2  1 0  0 0  0 0
   129  -.1297514706408748E-01   4   0 3  1 0  0 0  0 0
   130   91.79357895145239       4   2 0  2 0  0 0  0 0
   131   161.7812838418088       4   1 1  2 0  0 0  0 0
   132   71.83114527164813       4   0 2  2 0  0 0  0 0
   133  0.7223932474905287E-02   4   1 0  3 0  0 0  0 0
   134  0.5500898475939365E-02   4   0 1  3 0  0 0  0 0
   135  -10.50596645074979       4   0 0  4 0  0 0  0 0
   136  -.9115648625919816E-02   4   3 0  0 1  0 0  0 0
   137  -.2445849601245206E-01   4   2 1  0 1  0 0  0 0
   138  -.2315632887096761E-01   4   1 2  0 1  0 0  0 0
   139  -.7820737207324482E-02   4   0 3  0 1  0 0  0 0
   140   168.6036177280903       4   2 0  1 1  0 0  0 0
   141   299.3968626876651       4   1 1  1 1  0 0  0 0
   142   134.0277979070485       4   0 2  1 1  0 0  0 0
   143  0.1983572957334292E-01   4   1 0  2 1  0 0  0 0
   144  0.1581617609261349E-01   4   0 1  2 1  0 0  0 0
   145  -36.94585154582303       4   0 0  3 1  0 0  0 0
   146   77.84260143862585       4   2 0  0 2  0 0  0 0
   147   139.0900244500258       4   1 1  0 2  0 0  0 0
   148   62.69081706489116       4   0 2  0 2  0 0  0 0
   149  0.1734772971136067E-01   4   1 0  1 2  0 0  0 0
   150  0.1428402965029826E-01   4   0 1  1 2  0 0  0 0
   151  -49.04447875665511       4   0 0  2 2  0 0  0 0
   152  0.5432892810358839E-02   4   1 0  0 3  0 0  0 0
   153  0.4545866767429402E-02   4   0 1  0 3  0 0  0 0
   154  -29.01099016795051       4   0 0  1 3  0 0  0 0
   155  -6.425374138752427       4   0 0  0 4  0 0  0 0
   156  -6.704641116282837       4   3 0  0 0  0 1  0 0
   157  -31.66142200415072       4   2 1  0 0  0 1  0 0
   158  -47.20886952035949       4   1 2  0 0  0 1  0 0
   159  -23.72334974463776       4   0 3  0 0  0 1  0 0
   160  0.1347843744410057E-02   4   2 0  1 0  0 1  0 0
   161  0.1403038471667568E-01   4   1 1  1 0  0 1  0 0
   162  0.1112272212690749E-01   4   0 2  1 0  0 1  0 0
   163  0.5006879655080121       4   1 0  2 0  0 1  0 0
   164  -1.560170633907496       4   0 1  2 0  0 1  0 0
   165  -.5124596426315832E-03   4   0 0  3 0  0 1  0 0
   166  0.7110282183344399E-02   4   2 0  0 1  0 1  0 0
   167  0.2301778350709333E-01   4   1 1  0 1  0 1  0 0
   168  0.1464164210092266E-01   4   0 2  0 1  0 1  0 0
   169   6.972205257505964       4   1 0  1 1  0 1  0 0
   170   2.862578354056775       4   0 1  1 1  0 1  0 0
   171  -.5536604409623179E-02   4   0 0  2 1  0 1  0 0
   172   5.684566228647345       4   1 0  0 2  0 1  0 0
   173   2.021132295716203       4   0 1  0 2  0 1  0 0
   174  -.8624264697704401E-02   4   0 0  1 2  0 1  0 0
   175  -.3712968593915609E-02   4   0 0  0 3  0 1  0 0
   176  -6.695618326248139       4   3 0  0 0  0 0  1 0
   177  -31.61881355457049       4   2 1  0 0  0 0  1 0
   178  -47.14533804863730       4   1 2  0 0  0 0  1 0
   179  -23.69142397859450       4   0 3  0 0  0 0  1 0
   180  0.1346029879820426E-02   4   2 0  1 0  0 0  1 0
   181  0.1401150328615300E-01   4   1 1  1 0  0 0  1 0
   182  0.1110775369166479E-01   4   0 2  1 0  0 0  1 0
   183  0.5000141632406181       4   1 0  2 0  0 0  1 0
   184  -1.558071029796693       4   0 1  2 0  0 0  1 0
   185  -.5117699985959170E-03   4   0 0  3 0  0 0  1 0
   186  0.7100713500677985E-02   4   2 0  0 1  0 0  1 0
   187  0.2298680725883995E-01   4   1 1  0 1  0 0  1 0
   188  0.1462193806901990E-01   4   0 2  0 1  0 0  1 0
   189   6.962822392259027       4   1 0  1 1  0 0  1 0
   190   2.858726031016502       4   0 1  1 1  0 0  1 0
   191  -.5529153508339837E-02   4   0 0  2 1  0 0  1 0
   192   5.676916207321140       4   1 0  0 2  0 0  1 0
   193   2.018412351125276       4   0 1  0 2  0 0  1 0
   194  -.8612658568721749E-02   4   0 0  1 2  0 0  1 0
   195  -.3707971855768067E-02   4   0 0  0 3  0 0  1 0
   196   13.39666425072084       4   3 0  0 0  0 0  0 1
   197   46.79695062699427       4   2 1  0 0  0 0  0 1
   198   52.65779744187640       4   1 2  0 0  0 0  0 1
   199   19.63183508189665       4   0 3  0 0  0 0  0 1
   200  0.2195161884984680E-02   4   2 0  1 0  0 0  0 1
   201  0.4679579191895299E-02   4   1 1  1 0  0 0  0 1
   202  0.2491468395427590E-02   4   0 2  1 0  0 0  0 1
   203  -.9958249396404517       4   1 0  2 0  0 0  0 1
   204   2.436035407795077       4   0 1  2 0  0 0  0 1
   205  -.9437208347176200E-04   4   0 0  3 0  0 0  0 1
   206  0.2406049656332787E-02   4   2 0  0 1  0 0  0 1
   207  0.4986653541533537E-02   4   1 1  0 1  0 0  0 1
   208  0.2604177570058837E-02   4   0 2  0 1  0 0  0 1
   209  -7.591774911757598       4   1 0  1 1  0 0  0 1
   210  -1.679273502483649       4   0 1  1 1  0 0  0 1
   211  -.3711434907473088E-03   4   0 0  2 1  0 0  0 1
   212  -4.959837995169870       4   1 0  0 2  0 0  0 1
   213  -2.140773916980282       4   0 1  0 2  0 0  0 1
   214  -.4147003105952332E-03   4   0 0  1 2  0 0  0 1
   215  -.1276713488523677E-03   4   0 0  0 3  0 0  0 1
   216  -.1237886160079202       4   2 0  0 0  0 2  0 0
   217  -.4846040725594591       4   1 1  0 0  0 2  0 0
   218  -.3774841578892464       4   0 2  0 0  0 2  0 0
   219  -.3736801209669213E-03   4   1 0  1 0  0 2  0 0
   220  -.2581652921513467E-03   4   0 1  1 0  0 2  0 0
   221  0.4634767007667180E-01   4   0 0  2 0  0 2  0 0
   222  0.4480351352072991E-03   4   1 0  0 1  0 2  0 0
   223  0.5184912494367691E-03   4   0 1  0 1  0 2  0 0
   224  0.2329415601503750       4   0 0  1 1  0 2  0 0
   225  0.1998455654517574       4   0 0  0 2  0 2  0 0
   226  -.1081298382834225       4   2 0  0 0  0 1  1 0
   227  -.5317291937051264       4   1 1  0 0  0 1  1 0
   228  -.4739884783634967       4   0 2  0 0  0 1  1 0
   229  -.5482502664655787E-03   4   1 0  1 0  0 1  1 0
   230  -.3944225468392749E-03   4   0 1  1 0  0 1  1 0
   231  0.2822707062526846E-01   4   0 0  2 0  0 1  1 0
   232  0.4571694137844748E-03   4   1 0  0 1  0 1  1 0
   233  0.6419737341424416E-03   4   0 1  0 1  0 1  1 0
   234  0.2264671731775217       4   0 0  1 1  0 1  1 0
   235  0.2361949068432825       4   0 0  0 2  0 1  1 0
   236  -.1235492691022672       4   2 0  0 0  0 0  2 0
   237  -.4835941271925385       4   1 1  0 0  0 0  2 0
   238  -.3766572218218381       4   0 2  0 0  0 0  2 0
   239  -.3728083351858290E-03   4   1 0  1 0  0 0  2 0
   240  -.2575524678304994E-03   4   0 1  1 0  0 0  2 0
   241  0.4626630423589662E-01   4   0 0  2 0  0 0  2 0
   242  0.4471245721117996E-03   4   1 0  0 1  0 0  2 0
   243  0.5173615193507967E-03   4   0 1  0 1  0 0  2 0
   244  0.2324756939525624       4   0 0  1 1  0 0  2 0
   245  0.1994176927210926       4   0 0  0 2  0 0  2 0
   246  0.2136869121248396       4   2 0  0 0  0 1  0 1
   247  0.6235090797337823       4   1 1  0 0  0 1  0 1
   248  0.3866983127823524       4   0 2  0 0  0 1  0 1
   249  0.9672841628351871E-03   4   1 0  1 0  0 1  0 1
   250  0.9639716395852040E-03   4   0 1  1 0  0 1  0 1
   251  -.5703289430971251E-01   4   0 0  2 0  0 1  0 1
   252  0.1377659884581908E-03   4   1 0  0 1  0 1  0 1
   253  0.2777795057385402E-03   4   0 1  0 1  0 1  0 1
   254  -.2131374500379280       4   0 0  1 1  0 1  0 1
   255  -.1452166173001327       4   0 0  0 2  0 1  0 1
   256  0.2133993423492334       4   2 0  0 0  0 0  1 1
   257  0.6226699905992780       4   1 1  0 0  0 0  1 1
   258  0.3861779124174892       4   0 2  0 0  0 0  1 1
   259  0.9659824373953686E-03   4   1 0  1 0  0 0  1 1
   260  0.9626743719830616E-03   4   0 1  1 0  0 0  1 1
   261  -.5695614212841700E-01   4   0 0  2 0  0 0  1 1
   262  0.1375805894836113E-03   4   1 0  0 1  0 0  1 1
   263  0.2774056831710131E-03   4   0 1  0 1  0 0  1 1
   264  -.2128506197024859       4   0 0  1 1  0 0  1 1
   265  -.1450211916203918       4   0 0  0 2  0 0  1 1
   266  -.7346458883615029E-01   4   2 0  0 0  0 0  0 2
   267  -.1285730503460059       4   1 1  0 0  0 0  0 2
   268  -.5623433842484270E-01   4   0 2  0 0  0 0  0 2
   269  -.7820860486347658E-03   4   1 0  1 0  0 0  0 2
   270  -.7431196282505015E-03   4   0 1  1 0  0 0  0 2
   271  -.7468383089628786E-02   4   0 0  2 0  0 0  0 2
   272  -.6307358712165702E-03   4   1 0  0 1  0 0  0 2
   273  -.6097780528182490E-03   4   0 1  0 1  0 0  0 2
   274  -.1574715408296773E-01   4   0 0  1 1  0 0  0 2
   275  -.7957810654921594E-02   4   0 0  0 2  0 0  0 2
   276  -.3088658269624767       4   1 0  0 0  0 3  0 0
   277  -1.151838122175990       4   0 1  0 0  0 3  0 0
   278  -.1379496715057172E-04   4   0 0  1 0  0 3  0 0
   279  -.2933560805813819E-04   4   0 0  0 1  0 3  0 0
   280  -.2206260403005753       4   1 0  0 0  0 2  1 0
   281  -1.053526052655726       4   0 1  0 0  0 2  1 0
   282  -.9206503071388403E-05   4   0 0  1 0  0 2  1 0
   283  -.2911276114542897E-04   4   0 0  0 1  0 2  1 0
   284  -.2208033246624669       4   1 0  0 0  0 1  2 0
   285  -1.053721379224524       4   0 1  0 0  0 1  2 0
   286  -.9215728004375807E-05   4   0 0  1 0  0 1  2 0
   287  -.2911313129832381E-04   4   0 0  0 1  0 1  2 0
   288  -.3080940874473274       4   1 0  0 0  0 0  3 0
   289  -1.148805050528021       4   0 1  0 0  0 0  3 0
   290  -.1376093374014666E-04   4   0 0  1 0  0 0  3 0
   291  -.2925682744709730E-04   4   0 0  0 1  0 0  3 0
   292  0.4411853252030669       4   1 0  0 0  0 2  0 1
   293  0.9059934259035274       4   0 1  0 0  0 2  0 1
   294  0.1694756828351969E-04   4   0 0  1 0  0 2  0 1
   295  0.3193267627303348E-04   4   0 0  0 1  0 2  0 1
   296  0.3547588815871917       4   1 0  0 0  0 1  1 1
   297  0.9613925731087771       4   0 1  0 0  0 1  1 1
   298  0.1245324705474162E-04   4   0 0  1 0  0 1  1 1
   299  0.3196189348951278E-04   4   0 0  0 1  0 1  1 1
   300  0.4403528898929391       4   1 0  0 0  0 0  2 1
   301  0.9041272842409279       4   0 1  0 0  0 0  2 1
   302  0.1691638154834256E-04   4   0 0  1 0  0 0  2 1
   303  0.3186819637726718E-04   4   0 0  0 1  0 0  2 1
   304  -.9071515896528895E-01   4   1 0  0 0  0 1  0 2
   305  -.1110231353292880       4   0 1  0 0  0 1  0 2
   306  -.1012538526046036E-05   4   0 0  1 0  0 1  0 2
   307  -.1771980975341849E-05   4   0 0  0 1  0 1  0 2
   308  -.9059307877961212E-01   4   1 0  0 0  0 0  1 2
   309  -.1108737256261023       4   0 1  0 0  0 0  1 2
   310  -.1011175899417020E-05   4   0 0  1 0  0 0  1 2
   311  -.1769596326855855E-05   4   0 0  0 1  0 0  1 2
   312  0.3394156790635170E-02   4   1 0  0 0  0 0  0 3
   313  0.2732724146574953E-02   4   0 1  0 0  0 0  0 3
   314  0.2136958236219045E-06   4   0 0  1 0  0 0  0 3
   315  0.1726652834947814E-06   4   0 0  0 1  0 0  0 3
   316  -.3621991980743009E-04   4   0 0  0 0  0 4  0 0
   317  -.2581516033050392E-04   4   0 0  0 0  0 3  1 0
   318  -.2445080677138290E-04   4   0 0  0 0  0 2  2 0
   319  -.2584484631460180E-04   4   0 0  0 0  0 1  3 0
   320  -.3610513056893124E-04   4   0 0  0 0  0 0  4 0
   321  0.1201281493974593E-04   4   0 0  0 0  0 3  0 1
   322  0.1275840187015465E-04   4   0 0  0 0  0 2  1 1
   323  0.1275686417279889E-04   4   0 0  0 0  0 1  2 1
   324  0.1197999225916261E-04   4   0 0  0 0  0 0  3 1
   325  -.1146657018013704E-05   4   0 0  0 0  0 2  0 2
   326  -.1435477431528503E-05   4   0 0  0 0  0 1  1 2
   327  -.1144148002101171E-05   4   0 0  0 0  0 0  2 2
   328  0.3749975853269951E-07   4   0 0  0 0  0 1  0 3
   329  0.3744929312496861E-07   4   0 0  0 0  0 0  1 3
   330  -.9188829084669193E-14   4   0 0  0 0  0 0  0 4
   ----------------------------------------------------
     I  COEFFICIENT            ORDER EXPONENTS
     1  0.5403005411332326E-04   0   0 0  0 0  0 0  0 0
     2   3.828617598007023       1   1 0  0 0  0 0  0 0
     3   4.498295052183430       1   0 1  0 0  0 0  0 0
     4  0.1091381915670096E-03   1   0 0  1 0  0 0  0 0
     5  0.1006351055088814E-03   1   0 0  0 1  0 0  0 0
     6  0.3216412548487601E-05   1   0 0  0 0  0 1  0 0
     7  0.3212084052064495E-05   1   0 0  0 0  0 0  1 0
     8  0.4760155752272762E-04   1   0 0  0 0  0 0  0 1
     9  -1.084084219029527       2   2 0  0 0  0 0  0 0
    10  -1.979734323664246       2   1 1  0 0  0 0  0 0
    11  -.9081413706363792       2   0 2  0 0  0 0  0 0
    12  0.5198852960780397E-02   2   1 0  1 0  0 0  0 0
    13  0.3800754680365025E-02   2   0 1  1 0  0 0  0 0
    14  0.6256839037181772       2   0 0  2 0  0 0  0 0
    15  0.4900268558991942E-02   2   1 0  0 1  0 0  0 0
    16  0.3713310043720607E-02   2   0 1  0 1  0 0  0 0
    17   1.142073420874753       2   0 0  1 1  0 0  0 0
    18  0.5269173285227479       2   0 0  0 2  0 0  0 0
    19  -.2910792398234915       2   1 0  0 0  0 1  0 0
    20  -1.996494782119814       2   0 1  0 0  0 1  0 0
    21  -.7171497052944990E-05   2   0 0  1 0  0 1  0 0
    22  -.5735793365433268E-04   2   0 0  0 1  0 1  0 0
    23  -.2906875191006250       2   1 0  0 0  0 0  1 0
    24  -1.993807993533574       2   0 1  0 0  0 0  1 0
    25  -.7161845990192216E-05   2   0 0  1 0  0 0  1 0
    26  -.5728074405040647E-04   2   0 0  0 1  0 0  1 0
    27   4.410384357142038       2   1 0  0 0  0 0  0 1
    28   3.990302775860321       2   0 1  0 0  0 0  0 1
    29  0.1234713664948190E-03   2   0 0  1 0  0 0  0 1
    30  0.1146385098079193E-03   2   0 0  0 1  0 0  0 1
    31  -.2584754941860678E-05   2   0 0  0 0  0 2  0 0
    32  -.1954785903865459E-05   2   0 0  0 0  0 1  1 0
    33  -.2579961171101789E-05   2   0 0  0 0  0 0  2 0
    34  0.7124298279867322E-05   2   0 0  0 0  0 1  0 1
    35  0.7114710734998501E-05   2   0 0  0 0  0 0  1 1
    36  -.7119504161960359E-05   2   0 0  0 0  0 0  0 2
    37  -24.51514342053030       3   3 0  0 0  0 0  0 0
    38  -70.72967945893576       3   2 1  0 0  0 0  0 0
    39  -69.69203036576818       3   1 2  0 0  0 0  0 0
    40  -21.59779001894993       3   0 3  0 0  0 0  0 0
    41  -.7773863748667499E-01   3   2 0  1 0  0 0  0 0
    42  -.1400467012131479       3   1 1  1 0  0 0  0 0
    43  -.6335873265967217E-01   3   0 2  1 0  0 0  0 0
    44  -24.38652954583499       3   1 0  2 0  0 0  0 0
    45  -18.71477427739292       3   0 1  2 0  0 0  0 0
    46  0.1524071147453757E-01   3   0 0  3 0  0 0  0 0
    47  -.7385238911508370E-01   3   2 0  0 1  0 0  0 0
    48  -.1343067605783593       3   1 1  0 1  0 0  0 0
    49  -.6128075278308297E-01   3   0 2  0 1  0 0  0 0
    50  -53.26568115776988       3   1 0  1 1  0 0  0 0
    51  -43.34012048354002       3   0 1  1 1  0 0  0 0
    52  0.4118743403475712E-01   3   0 0  2 1  0 0  0 0
    53  -25.80118095361319       3   1 0  0 2  0 0  0 0
    54  -19.93351923446674       3   0 1  0 2  0 0  0 0
    55  0.3749202041579015E-01   3   0 0  1 2  0 0  0 0
    56  0.1155298662684740E-01   3   0 0  0 3  0 0  0 0
    57  0.2260034294309599       3   2 0  0 0  0 1  0 0
    58   1.392260303860445       3   1 1  0 0  0 1  0 0
    59   1.087186863744537       3   0 2  0 0  0 1  0 0
    60  -.1799324114830875E-02   3   1 0  1 0  0 1  0 0
    61  -.3178931996680785E-02   3   0 1  1 0  0 1  0 0
    62  0.2402925566136774E-01   3   0 0  2 0  0 1  0 0
    63  -.4474835980756237E-02   3   1 0  0 1  0 1  0 0
    64  -.5279239682888749E-02   3   0 1  0 1  0 1  0 0
    65  -.5184882427082067       3   0 0  1 1  0 1  0 0
    66  -.4997066247828140       3   0 0  0 2  0 1  0 0
    67  0.2256992846668065       3   2 0  0 0  0 0  1 0
    68   1.390386665558471       3   1 1  0 0  0 0  1 0
    69   1.085723778900653       3   0 2  0 0  0 0  1 0
    70  -.1796902669236329E-02   3   1 0  1 0  0 0  1 0
    71  -.3174653939817515E-02   3   0 1  1 0  0 0  1 0
    72  0.2399691822155962E-01   3   0 0  2 0  0 0  1 0
    73  -.4468813957385034E-02   3   1 0  0 1  0 0  1 0
    74  -.5272135130925451E-02   3   0 1  0 1  0 0  1 0
    75  -.5177904856666725       3   0 0  1 1  0 0  1 0
    76  -.4990341431575381       3   0 0  0 2  0 0  1 0
    77  -1.535790440921235       3   2 0  0 0  0 0  0 1
    78  -2.782652904166704       3   1 1  0 0  0 0  0 1
    79  -1.264771785435310       3   0 2  0 0  0 0  0 1
    80  0.8789980710974516E-02   3   1 0  1 0  0 0  0 1
    81  0.6348551395470626E-02   3   0 1  1 0  0 0  0 1
    82  0.5776595801934340       3   0 0  2 0  0 0  0 1
    83  0.8938110808567479E-02   3   1 0  0 1  0 0  0 1
    84  0.6832519068948513E-02   3   0 1  0 1  0 0  0 1
    85   1.036281849021477       3   0 0  1 1  0 0  0 1
    86  0.4718247501633112       3   0 0  0 2  0 0  0 1
    87  0.2258494922155172       3   1 0  0 0  0 2  0 0
    88   1.626380657224364       3   0 1  0 0  0 2  0 0
    89  0.4864618269541072E-05   3   0 0  1 0  0 2  0 0
    90  0.4599107173446833E-04   3   0 0  0 1  0 2  0 0
    91  0.1607942226773917       3   1 0  0 0  0 1  1 0
    92   1.257258633124310       3   0 1  0 0  0 1  1 0
    93  0.2511015514942735E-05   3   0 0  1 0  0 1  1 0
    94  0.3463567222447932E-04   3   0 0  0 1  0 1  1 0
    95  0.2254373599693559       3   1 0  0 0  0 0  2 0
    96   1.623345971076583       3   0 1  0 0  0 0  2 0
    97  0.4856382092368920E-05   3   0 0  1 0  0 0  2 0
    98  0.4590587358993279E-04   3   0 0  0 1  0 0  2 0
    99  -.6124920682756592       3   1 0  0 0  0 1  0 1
   100  -2.513524183372577       3   0 1  0 0  0 1  0 1
   101  -.1234015691346935E-04   3   0 0  1 0  0 1  0 1
   102  -.6938564321304760E-04   3   0 0  0 1  0 1  0 1
   103  -.6116678053159199       3   1 0  0 0  0 0  1 1
   104  -2.510141600984882       3   0 1  0 0  0 0  1 1
   105  -.1232355011186693E-04   3   0 0  1 0  0 0  1 1
   106  -.6929226728444379E-04   3   0 0  0 1  0 0  1 1
   107  0.6120792729473472       3   1 0  0 0  0 0  0 2
   108  0.5166809458257650       3   0 1  0 0  0 0  0 2
   109  0.1234104886709396E-04   3   0 0  1 0  0 0  0 2
   110  0.1208213000741743E-04   3   0 0  0 1  0 0  0 2
   111  0.2270816920016592E-05   3   0 0  0 0  0 3  0 0
   112  0.1645588560323769E-05   3   0 0  0 0  0 2  1 0
   113  0.1646844495766657E-05   3   0 0  0 0  0 1  2 0
   114  0.2265127197554773E-05   3   0 0  0 0  0 0  3 0
   115  -.5878015688009770E-05   3   0 0  0 0  0 2  0 1
   116  -.4636012572933205E-05   3   0 0  0 0  0 1  1 1
   117  -.5866985867900002E-05   3   0 0  0 0  0 0  2 1
   118  0.4636175082953468E-05   3   0 0  0 0  0 1  0 2
   119  0.4629935937022115E-05   3   0 0  0 0  0 0  1 2
   120  -.7157645205969956E-06   3   0 0  0 0  0 0  0 3
   121  -119.5998993603294       4   4 0  0 0  0 0  0 0
   122  -443.5292847543139       4   3 1  0 0  0 0  0 0
   123  -619.0848106339841       4   2 2  0 0  0 0  0 0
   124  -386.3721718492582       4   1 3  0 0  0 0  0 0
   125  -91.15821769718939       4   0 4  0 0  0 0  0 0
   126  -.5466546718358860E-01   4   3 0  1 0  0 0  0 0
   127  -.1416592948120546       4   2 1  1 0  0 0  0 0
   128  -.1226835157480906       4   1 2  1 0  0 0  0 0
   129  -.3348836255635645E-01   4   0 3  1 0  0 0  0 0
   130   428.2489048840377       4   2 0  2 0  0 0  0 0
   131   764.9322959566748       4   1 1  2 0  0 0  0 0
   132   343.2047929768779       4   0 2  2 0  0 0  0 0
   133  0.3977159041104067E-01   4   1 0  3 0  0 0  0 0
   134  0.3852760894156021E-01   4   0 1  3 0  0 0  0 0
   135  -46.38972230266077       4   0 0  4 0  0 0  0 0
   136  -.5173676420627737E-01   4   3 0  0 1  0 0  0 0
   137  -.1363228024797978       4   2 1  0 1  0 0  0 0
   138  -.1180071601374223       4   1 2  0 1  0 0  0 0
   139  -.3191657276929008E-01   4   0 3  0 1  0 0  0 0
   140   807.0931061298692       4   2 0  1 1  0 0  0 0
   141   1453.137973679110       4   1 1  1 1  0 0  0 0
   142   657.7052927137759       4   0 2  1 1  0 0  0 0
   143  0.1160355091678832       4   1 0  2 1  0 0  0 0
   144  0.1125834512852034       4   0 1  2 1  0 0  0 0
   145  -166.1892455467275       4   0 0  3 1  0 0  0 0
   146   383.3337761467202       4   2 0  0 2  0 0  0 0
   147   694.6412462990781       4   1 1  0 2  0 0  0 0
   148   316.6354192193268       4   0 2  0 2  0 0  0 0
   149  0.1128369905643301       4   1 0  1 2  0 0  0 0
   150  0.1112509792422255       4   0 1  1 2  0 0  0 0
   151  -225.3677071823421       4   0 0  2 2  0 0  0 0
   152  0.3877625409020977E-01   4   1 0  0 3  0 0  0 0
   153  0.3881601871576073E-01   4   0 1  0 3  0 0  0 0
   154  -136.6220090156397       4   0 0  1 3  0 0  0 0
   155  -31.12402427042657       4   0 0  0 4  0 0  0 0
   156   20.78428608317110       4   3 0  0 0  0 1  0 0
   157   94.25113310133453       4   2 1  0 0  0 1  0 0
   158   125.3374494537171       4   1 2  0 0  0 1  0 0
   159   49.80717729291455       4   0 3  0 0  0 1  0 0
   160  -.6568247606252529E-02   4   2 0  1 0  0 1  0 0
   161  0.4969101279095210E-01   4   1 1  1 0  0 1  0 0
   162  0.5003085851646331E-01   4   0 2  1 0  0 1  0 0
   163   6.429145626527750       4   1 0  2 0  0 1  0 0
   164   12.99971430293738       4   0 1  2 0  0 1  0 0
   165  0.1311708886236148E-02   4   0 0  3 0  0 1  0 0
   166  0.2424148684854990E-01   4   2 0  0 1  0 1  0 0
   167  0.1022336322515103       4   1 1  0 1  0 1  0 0
   168  0.7290623119030742E-01   4   0 2  0 1  0 1  0 0
   169   43.94847433705105       4   1 0  1 1  0 1  0 0
   170   55.58683841782953       4   0 1  1 1  0 1  0 0
   171  -.1419987524229240E-01   4   0 0  2 1  0 1  0 0
   172   35.81115380823344       4   1 0  0 2  0 1  0 0
   173   37.53265071823142       4   0 1  0 2  0 1  0 0
   174  -.2873305454038044E-01   4   0 0  1 2  0 1  0 0
   175  -.1364663057150938E-01   4   0 0  0 3  0 1  0 0
   176   20.75631557048797       4   3 0  0 0  0 0  1 0
   177   94.12429436830467       4   2 1  0 0  0 0  1 0
   178   125.1687762211888       4   1 2  0 0  0 0  1 0
   179   49.74014914104399       4   0 3  0 0  0 0  1 0
   180  -.6559408368175001E-02   4   2 0  1 0  0 0  1 0
   181  0.4962414096779415E-01   4   1 1  1 0  0 0  1 0
   182  0.4996352934494450E-01   4   0 2  1 0  0 0  1 0
   183   6.420493585338630       4   1 0  2 0  0 0  1 0
   184   12.98221990008373       4   0 1  2 0  0 0  1 0
   185  0.1309943650235742E-02   4   0 0  3 0  0 0  1 0
   186  0.2420886379801069E-01   4   2 0  0 1  0 0  1 0
   187  0.1020960510473302       4   1 1  0 1  0 0  1 0
   188  0.7280811742032309E-01   4   0 2  0 1  0 0  1 0
   189   43.88933055150797       4   1 0  1 1  0 0  1 0
   190   55.51203227040362       4   0 1  1 1  0 0  1 0
   191  -.1418076571940827E-01   4   0 0  2 1  0 0  1 0
   192   35.76296084515948       4   1 0  0 2  0 0  1 0
   193   37.48214104574729       4   0 1  0 2  0 0  1 0
   194  -.2869438694972197E-01   4   0 0  1 2  0 0  1 0
   195  -.1362826557922967E-01   4   0 0  0 3  0 0  1 0
   196  -66.06914038180815       4   3 0  0 0  0 0  0 1
   197  -188.4178476505178       4   2 1  0 0  0 0  0 1
   198  -180.8591393274435       4   1 2  0 0  0 0  0 1
   199  -56.36766749914720       4   0 3  0 0  0 0  0 1
   200  -.1236647196716912E-02   4   2 0  1 0  0 0  0 1
   201  -.2117355965356068E-02   4   1 1  1 0  0 0  0 1
   202  -.8868492349785266E-03   4   0 2  1 0  0 0  0 1
   203  -37.21218111301926       4   1 0  2 0  0 0  0 1
   204  -25.95879329256252       4   0 1  2 0  0 0  0 1
   205  -.1113547300218736E-02   4   0 0  3 0  0 0  0 1
   206  -.6297777605925953E-03   4   2 0  0 1  0 0  0 1
   207  -.1252079653277302E-02   4   1 1  0 1  0 0  0 1
   208  -.5400088306600462E-03   4   0 2  0 1  0 0  0 1
   209  -87.78674922214871       4   1 0  1 1  0 0  0 1
   210  -67.70855292947617       4   0 1  1 1  0 0  0 1
   211  -.3435752251279506E-02   4   0 0  2 1  0 0  0 1
   212  -45.74530659840966       4   1 0  0 2  0 0  0 1
   213  -35.12018340910276       4   0 1  0 2  0 0  0 1
   214  -.3466217325845272E-02   4   0 0  1 2  0 0  0 1
   215  -.1085811170319831E-02   4   0 0  0 3  0 0  0 1
   216  -.1834582215340079       4   2 0  0 0  0 2  0 0
   217  -1.266150985129149       4   1 1  0 0  0 2  0 0
   218  -1.228989312931608       4   0 2  0 0  0 2  0 0
   219  -.1089227230328293E-02   4   1 0  1 0  0 2  0 0
   220  0.9802900659048495E-03   4   0 1  1 0  0 2  0 0
   221  -.1285632329449558E-01   4   0 0  2 0  0 2  0 0
   222  0.1551435107998422E-02   4   1 0  0 1  0 2  0 0
   223  0.3961467477229492E-02   4   0 1  0 1  0 2  0 0
   224  0.3723043108830251       4   0 0  1 1  0 2  0 0
   225  0.4836387633074717       4   0 0  0 2  0 2  0 0
   226  -.1447996872361137       4   2 0  0 0  0 1  1 0
   227  -1.149214160246233       4   1 1  0 0  0 1  1 0
   228  -1.375138614329676       4   0 2  0 0  0 1  1 0
   229  -.1300749252731154E-02   4   1 0  1 0  0 1  1 0
   230  0.9816963304996845E-03   4   0 1  1 0  0 1  1 0
   231  -.8312874093761240E-03   4   0 0  2 0  0 1  1 0
   232  0.1586651192457820E-02   4   1 0  0 1  0 1  1 0
   233  0.5179441154670544E-02   4   0 1  0 1  0 1  1 0
   234  0.2272887592537174       4   0 0  1 1  0 1  1 0
   235  0.4677664980812137       4   0 0  0 2  0 1  1 0
   236  -.1831138998081122       4   2 0  0 0  0 0  2 0
   237  -1.263673779676884       4   1 1  0 0  0 0  2 0
   238  -1.226410098664978       4   0 2  0 0  0 0  2 0
   239  -.1086886156134149E-02   4   1 0  1 0  0 0  2 0
   240  0.9783102774057000E-03   4   0 1  1 0  0 0  2 0
   241  -.1283846250679464E-01   4   0 0  2 0  0 0  2 0
   242  0.1548279639547412E-02   4   1 0  0 1  0 0  2 0
   243  0.3952651197092446E-02   4   0 1  0 1  0 0  2 0
   244  0.3716503440373035       4   0 0  1 1  0 0  2 0
   245  0.4826731559988938       4   0 0  0 2  0 0  2 0
   246  0.5172437888008793       4   2 0  0 0  0 1  0 1
   247   2.304553356765393       4   1 1  0 0  0 1  0 1
   248   1.667811921234873       4   0 2  0 0  0 1  0 1
   249  0.1750602386209677E-02   4   1 0  1 0  0 1  0 1
   250  -.1544946533933726E-02   4   0 1  1 0  0 1  0 1
   251  0.2583972453842208E-01   4   0 0  2 0  0 1  0 1
   252  -.2185904426421419E-02   4   1 0  0 1  0 1  0 1
   253  -.4607609592852664E-02   4   0 1  0 1  0 1  0 1
   254  -.4528667662943167       4   0 0  1 1  0 1  0 1
   255  -.4350644736861524       4   0 0  0 2  0 1  0 1
   256  0.5165477064868157       4   2 0  0 0  0 0  1 1
   257   2.301451997467805       4   1 1  0 0  0 0  1 1
   258   1.665567458552587       4   0 2  0 0  0 0  1 1
   259  0.1748246508021350E-02   4   1 0  1 0  0 0  1 1
   260  -.1542867417699165E-02   4   0 1  1 0  0 0  1 1
   261  0.2580495065492493E-01   4   0 0  2 0  0 0  1 1
   262  -.2182962739262446E-02   4   1 0  0 1  0 0  1 1
   263  -.4601408889011719E-02   4   0 1  0 1  0 0  1 1
   264  -.4522573195431044       4   0 0  1 1  0 0  1 1
   265  -.4344789844213420       4   0 0  0 2  0 0  1 1
   266  -.5224214115054442       4   2 0  0 0  0 0  0 2
   267  -.9243040906376618       4   1 1  0 0  0 0  0 2
   268  -.4086496443277312       4   0 2  0 0  0 0  0 2
   269  -.2353584969473685E-04   4   1 0  1 0  0 0  0 2
   270  -.9436017360987779E-04   4   0 1  1 0  0 0  0 2
   271  -.2511794040674389E-01   4   0 0  2 0  0 0  0 2
   272  -.2130113623864520E-04   4   1 0  0 1  0 0  0 2
   273  -.7756099220522785E-04   4   0 1  0 1  0 0  0 2
   274  -.6538051186921051E-01   4   0 0  1 1  0 0  0 2
   275  -.3728922306919830E-01   4   0 0  0 2  0 0  0 2
   276  -.1933979848544468       4   1 0  0 0  0 3  0 0
   277  -1.444663323790436       4   0 1  0 0  0 3  0 0
   278  -.5982647212691908E-05   4   0 0  1 0  0 3  0 0
   279  -.4690064696012625E-04   4   0 0  0 1  0 3  0 0
   280  -.1284527345370882       4   1 0  0 0  0 2  1 0
   281  -1.081373408357689       4   0 1  0 0  0 2  1 0
   282  -.3152544865912055E-05   4   0 0  1 0  0 2  1 0
   283  -.3305374447100306E-04   4   0 0  0 1  0 2  1 0
   284  -.1285833095424077       4   1 0  0 0  0 1  2 0
   285  -1.082102831490107       4   0 1  0 0  0 1  2 0
   286  -.3158241541135798E-05   4   0 0  1 0  0 1  2 0
   287  -.3308156882500454E-04   4   0 0  0 1  0 1  2 0
   288  -.1929212697489285       4   1 0  0 0  0 0  3 0
   289  -1.441020434352409       4   0 1  0 0  0 0  3 0
   290  -.5968452054539001E-05   4   0 0  1 0  0 0  3 0
   291  -.4678376084202347E-04   4   0 0  0 1  0 0  3 0
   292  0.4827014422239519       4   1 0  0 0  0 2  0 1
   293   2.162485920158830       4   0 1  0 0  0 2  0 1
   294  0.9159125722105650E-05   4   0 0  1 0  0 2  0 1
   295  0.6143423631639375E-04   4   0 0  0 1  0 2  0 1
   296  0.3531948592916527       4   1 0  0 0  0 1  1 1
   297   1.812324984262876       4   0 1  0 0  0 1  1 1
   298  0.6012828113541462E-05   4   0 0  1 0  0 1  1 1
   299  0.4842793105661444E-04   4   0 0  0 1  0 1  1 1
   300  0.4818141888738781       4   1 0  0 0  0 0  2 1
   301   2.158356277745971       4   0 1  0 0  0 0  2 1
   302  0.9142753912013657E-05   4   0 0  1 0  0 0  2 1
   303  0.6131897500281168E-04   4   0 0  0 1  0 0  2 1
   304  -.3529744776442134       4   1 0  0 0  0 1  0 2
   305  -.5550403518402067       4   0 1  0 0  0 1  0 2
   306  -.4036554227442319E-05   4   0 0  1 0  0 1  0 2
   307  -.8141297206488941E-05   4   0 0  0 1  0 1  0 2
   308  -.3524994612273132       4   1 0  0 0  0 0  1 2
   309  -.5542934046928477       4   0 1  0 0  0 0  1 2
   310  -.4031122022999338E-05   4   0 0  1 0  0 0  1 2
   311  -.8130341032394587E-05   4   0 0  0 1  0 0  1 2
   312  0.3111922128962217E-01   4   1 0  0 0  0 0  0 3
   313  0.2531309250047323E-01   4   0 1  0 0  0 0  0 3
   314  0.1924355852889903E-05   4   0 0  1 0  0 0  0 3
   315  0.1575448987928951E-05   4   0 0  0 1  0 0  0 3
   316  -.4862204405226201E-04   4   0 0  0 0  0 4  0 0
   317  -.3211076334811062E-04   4   0 0  0 0  0 3  1 0
   318  -.2993516786156378E-04   4   0 0  0 0  0 2  2 0
   319  -.3215792617773499E-04   4   0 0  0 0  0 1  3 0
   320  -.4846965769362273E-04   4   0 0  0 0  0 0  4 0
   321  0.6107004980911622E-04   4   0 0  0 0  0 3  0 1
   322  0.4481092957993381E-04   4   0 0  0 0  0 2  1 1
   323  0.4484358481509964E-04   4   0 0  0 0  0 1  2 1
   324  0.6091666045003932E-04   4   0 0  0 0  0 0  3 1
   325  -.6383340194088805E-05   4   0 0  0 0  0 2  0 2
   326  -.7750726938716979E-05   4   0 0  0 0  0 1  1 2
   327  -.6369534514174564E-05   4   0 0  0 0  0 0  2 2
   328  0.7787362772512573E-07   4   0 0  0 0  0 1  0 3
   329  0.7776882906699028E-07   4   0 0  0 0  0 0  1 3
   330  0.3863221739200947E-12   4   0 0  0 0  0 0  0 4
   ----------------------------------------------------
     I  COEFFICIENT            ORDER EXPONENTS
     1  0.2529354767135650E-04   0   0 0  0 0  0 0  0 0
     2  0.2369340669363948E-04   1   1 0  0 0  0 0  0 0
     3  0.2101448509110054E-04   1   0 1  0 0  0 0  0 0
     4  0.3501467986345660       1   0 0  1 0  0 0  0 0
     5  0.5622281706435170       1   0 0  0 1  0 0  0 0
     6  -.2518932072396591E-04   1   0 0  0 0  0 1  0 0
     7  -.2515542212326717E-04   1   0 0  0 0  0 0  1 0
     8  0.5034474284743017E-04   1   0 0  0 0  0 0  0 1
     9  0.7947675524679116E-03   2   2 0  0 0  0 0  0 0
    10  0.1551961384017407E-02   2   1 1  0 0  0 0  0 0
    11  0.8022507204910614E-03   2   0 2  0 0  0 0  0 0
    12  0.2764823680332686       2   1 0  1 0  0 0  0 0
    13  0.2455294528917614       2   0 1  1 0  0 0  0 0
    14  0.2200363322763631E-03   2   0 0  2 0  0 0  0 0
    15  0.2538534616816573       2   1 0  0 1  0 0  0 0
    16  0.2269223075236116       2   0 1  0 1  0 0  0 0
    17  0.3448166170421990E-03   2   0 0  1 1  0 0  0 0
    18  0.1877763361788040E-03   2   0 0  0 2  0 0  0 0
    19  -.1326680179646159E-04   2   1 0  0 0  0 1  0 0
    20  -.2237392123122085E-04   2   0 1  0 0  0 1  0 0
    21  0.2902316576366942       2   0 0  1 0  0 1  0 0
    22  -.1876401270154671E-01   2   0 0  0 1  0 1  0 0
    23  -.1324894795984661E-04   2   1 0  0 0  0 0  1 0
    24  -.2234381146247423E-04   2   0 1  0 0  0 0  1 0
    25  0.2898410775499913       2   0 0  1 0  0 0  1 0
    26  -.1873876097757010E-01   2   0 0  0 1  0 0  1 0
    27  0.2651571552669614E-04   2   1 0  0 0  0 0  0 1
    28  0.2370321405277153E-04   2   0 1  0 0  0 0  0 1
    29  -.5800727352104146       2   0 0  1 0  0 0  0 1
    30  -.5247253969883894       2   0 0  0 1  0 0  0 1
    31  0.1756759287811018E-04   2   0 0  0 0  0 2  0 0
    32  0.9966339264419180E-05   2   0 0  0 0  0 1  1 0
    33  0.1753724512470487E-04   2   0 0  0 0  0 0  2 0
    34  -.1991222094850803E-04   2   0 0  0 0  0 1  0 1
    35  -.1988542401998601E-04   2   0 0  0 0  0 0  1 1
    36  -.5273540932322515E-05   2   0 0  0 0  0 0  0 2
    37  -.5729437860310886E-02   3   3 0  0 0  0 0  0 0
    38  -.1547488018069547E-01   3   2 1  0 0  0 0  0 0
    39  -.1397849349634301E-01   3   1 2  0 0  0 0  0 0
    40  -.4211791986599776E-02   3   0 3  0 0  0 0  0 0
    41  -7.871461968899824       3   2 0  1 0  0 0  0 0
    42  -16.21022045125045       3   1 1  1 0  0 0  0 0
    43  -8.758995318583626       3   0 2  1 0  0 0  0 0
    44  0.1005929066240352E-01   3   1 0  2 0  0 0  0 0
    45  0.8826588756633237E-02   3   0 1  2 0  0 0  0 0
    46  -1.572229647657510       3   0 0  3 0  0 0  0 0
    47  -8.166014013353388       3   2 0  0 1  0 0  0 0
    48  -16.08846014528107       3   1 1  0 1  0 0  0 0
    49  -8.093698226876860       3   0 2  0 1  0 0  0 0
    50  0.1824053530614076E-01   3   1 0  1 1  0 0  0 0
    51  0.1610840919669433E-01   3   0 1  1 1  0 0  0 0
    52  -3.577380718483134       3   0 0  2 1  0 0  0 0
    53  0.8391068561748675E-02   3   1 0  0 2  0 0  0 0
    54  0.7471114656992279E-02   3   0 1  0 2  0 0  0 0
    55  -3.242399233082689       3   0 0  1 2  0 0  0 0
    56  -.8991990578109808       3   0 0  0 3  0 0  0 0
    57  -.8386026213627487E-03   3   2 0  0 0  0 1  0 0
    58  -.2429112999476042E-02   3   1 1  0 0  0 1  0 0
    59  -.1628248661944729E-02   3   0 2  0 0  0 1  0 0
    60  -.1197903458098799       3   1 0  1 0  0 1  0 0
    61  -.2280195121276765       3   0 1  1 0  0 1  0 0
    62  -.4525343842509186E-03   3   0 0  2 0  0 1  0 0
    63  -.2403844548013223       3   1 0  0 1  0 1  0 0
    64  -.3273325982520866       3   0 1  0 1  0 1  0 0
    65  -.8133800228881938E-03   3   0 0  1 1  0 1  0 0
    66  -.4182509543070018E-03   3   0 0  0 2  0 1  0 0
    67  -.8374740694768916E-03   3   2 0  0 0  0 0  1 0
    68  -.2425844013681478E-02   3   1 1  0 0  0 0  1 0
    69  -.1626057441632185E-02   3   0 2  0 0  0 0  1 0
    70  -.1196291376080126       3   1 0  1 0  0 0  1 0
    71  -.2277126542144425       3   0 1  1 0  0 0  1 0
    72  -.4519253848038019E-03   3   0 0  2 0  0 0  1 0
    73  -.2400609567309778       3   1 0  0 1  0 0  1 0
    74  -.3268920894680102       3   0 1  0 1  0 0  1 0
    75  -.8122854143866650E-03   3   0 0  1 1  0 0  1 0
    76  -.4176880918841809E-03   3   0 0  0 2  0 0  1 0
    77  0.1675427550732200E-02   3   2 0  0 0  0 0  0 1
    78  0.3301662684917761E-02   3   1 1  0 0  0 0  0 1
    79  0.1649117851826851E-02   3   0 2  0 0  0 0  0 1
    80  0.2394198767580573       3   1 0  1 0  0 0  0 1
    81  0.2102030303383650       3   0 1  1 0  0 0  0 1
    82  0.9047564279823340E-03   3   0 0  2 0  0 0  0 1
    83  0.2265922725346132       3   1 0  0 1  0 0  0 1
    84  0.2003803325442235       3   0 1  0 1  0 0  0 1
    85  0.1281463377965376E-02   3   0 0  1 1  0 0  0 1
    86  0.4607062560409723E-03   3   0 0  0 2  0 0  0 1
    87  0.1069524359632386E-04   3   1 0  0 0  0 2  0 0
    88  0.2337591614919641E-04   3   0 1  0 0  0 2  0 0
    89  -.2008856609848209       3   0 0  1 0  0 2  0 0
    90  -.1032317200326916       3   0 0  0 1  0 2  0 0
    91  0.8198203582735527E-05   3   1 0  0 0  0 1  1 0
    92  0.2446310881091683E-04   3   0 1  0 0  0 1  1 0
    93  -.1117797067653160       3   0 0  1 0  0 1  1 0
    94  -.2248992110960523       3   0 0  0 1  0 1  1 0
    95  0.1067533406353457E-04   3   1 0  0 0  0 0  2 0
    96  0.2332799729347603E-04   3   0 1  0 0  0 0  2 0
    97  -.2005401045989963       3   0 0  1 0  0 0  2 0
    98  -.1029414662694341       3   0 0  0 1  0 0  2 0
    99  -.1647373623283096E-04   3   1 0  0 0  0 1  0 1
   100  -.2668371843913286E-04   3   0 1  0 0  0 1  0 1
   101  0.2233196345907835       3   0 0  1 0  0 1  0 1
   102  0.4688908832170089       3   0 0  0 1  0 1  0 1
   103  -.1645156665498907E-04   3   1 0  0 0  0 0  1 1
   104  -.2664780874841752E-04   3   0 1  0 0  0 0  1 1
   105  0.2230191015512412       3   0 0  1 0  0 0  1 1
   106  0.4682598719644375       3   0 0  0 1  0 0  1 1
   107  0.3306561081925614E-05   3   1 0  0 0  0 0  0 2
   108  0.3093058163907256E-05   3   0 1  0 0  0 0  0 2
   109  0.6686692879609726E-01   3   0 0  1 0  0 0  0 2
   110  0.5614993443665132E-01   3   0 0  0 1  0 0  0 2
   111  -.1378650830713388E-04   3   0 0  0 0  0 3  0 0
   112  -.6228509213507623E-05   3   0 0  0 0  0 2  1 0
   113  -.6243728559883759E-05   3   0 0  0 0  0 1  2 0
   114  -.1375449309721192E-04   3   0 0  0 0  0 0  3 0
   115  0.1245136541329072E-04   3   0 0  0 0  0 2  0 1
   116  0.5010265837153636E-05   3   0 0  0 0  0 1  1 1
   117  0.1243123766270294E-04   3   0 0  0 0  0 0  2 1
   118  0.4956244632879251E-05   3   0 0  0 0  0 1  0 2
   119  0.4949574752432029E-05   3   0 0  0 0  0 0  1 2
   120  0.2138516299666385E-06   3   0 0  0 0  0 0  0 3
   121  -.7182110394332475E-03   4   4 0  0 0  0 0  0 0
   122  -.4785702020058324E-03   4   3 1  0 0  0 0  0 0
   123  0.2783788260471135E-02   4   2 2  0 0  0 0  0 0
   124  0.4865084358549209E-02   4   1 3  0 0  0 0  0 0
   125  0.2316624987551291E-02   4   0 4  0 0  0 0  0 0
   126   67.40111098580377       4   3 0  1 0  0 0  0 0
   127   183.8848442534493       4   2 1  1 0  0 0  0 0
   128   168.0689589525344       4   1 2  1 0  0 0  0 0
   129   51.57082105700032       4   0 3  1 0  0 0  0 0
   130  0.1967088194473315E-01   4   2 0  2 0  0 0  0 0
   131  0.3945809636206019E-01   4   1 1  2 0  0 0  0 0
   132  0.2067837717110237E-01   4   0 2  2 0  0 0  0 0
   133  -40.10144718981655       4   1 0  3 0  0 0  0 0
   134  -35.08905865721131       4   0 1  3 0  0 0  0 0
   135  0.1719198125950515E-02   4   0 0  4 0  0 0  0 0
   136   63.20486882401366       4   3 0  0 1  0 0  0 0
   137   173.4512198166306       4   2 1  0 1  0 0  0 0
   138   159.5725762370136       4   1 2  0 1  0 0  0 0
   139   49.30930018449870       4   0 3  0 1  0 0  0 0
   140  0.3000440202734705E-01   4   2 0  1 1  0 0  0 0
   141  0.5971793254720354E-01   4   1 1  1 1  0 0  0 0
   142  0.3103483733713742E-01   4   0 2  1 1  0 0  0 0
   143  -109.5882145289349       4   1 0  2 1  0 0  0 0
   144  -96.51526572122111       4   0 1  2 1  0 0  0 0
   145  0.3673846061534564E-02   4   0 0  3 1  0 0  0 0
   146  0.1186978736938842E-01   4   2 0  0 2  0 0  0 0
   147  0.2419052160506340E-01   4   1 1  0 2  0 0  0 0
   148  0.1281630412525001E-01   4   0 2  0 2  0 0  0 0
   149  -100.4241812135458       4   1 0  1 2  0 0  0 0
   150  -88.90199846164502       4   0 1  1 2  0 0  0 0
   151  0.2385510538947788E-02   4   0 0  2 2  0 0  0 0
   152  -30.72909364704904       4   1 0  0 3  0 0  0 0
   153  -27.30612589346425       4   0 1  0 3  0 0  0 0
   154  0.3302107243823883E-03   4   0 0  1 3  0 0  0 0
   155  -.6425823826146349E-04   4   0 0  0 4  0 0  0 0
   156  0.5675660892938481E-03   4   3 0  0 0  0 1  0 0
   157  0.8153460841269257E-02   4   2 1  0 0  0 1  0 0
   158  0.1324437858488330E-01   4   1 2  0 0  0 1  0 0
   159  0.5722135079429433E-02   4   0 3  0 0  0 1  0 0
   160   9.260394733095096       4   2 0  1 0  0 1  0 0
   161   26.59736183840413       4   1 1  1 0  0 1  0 0
   162   18.08825877846714       4   0 2  1 0  0 1  0 0
   163  -.6119889038862646E-03   4   1 0  2 0  0 1  0 0
   164  -.4511854883568216E-02   4   0 1  2 0  0 1  0 0
   165   2.062965844764217       4   0 0  3 0  0 1  0 0
   166   12.81793648930993       4   2 0  0 1  0 1  0 0
   167   33.34176703181296       4   1 1  0 1  0 1  0 0
   168   20.90381283855396       4   0 2  0 1  0 1  0 0
   169  -.8923604138650856E-02   4   1 0  1 1  0 1  0 0
   170  -.1502417206764900E-01   4   0 1  1 1  0 1  0 0
   171   6.243570006625118       4   0 0  2 1  0 1  0 0
   172  -.7697146540069982E-02   4   1 0  0 2  0 1  0 0
   173  -.1013087277211331E-01   4   0 1  0 2  0 1  0 0
   174   6.461943063753238       4   0 0  1 2  0 1  0 0
   175   2.282786165418116       4   0 0  0 3  0 1  0 0
   176  0.5668022855993130E-03   4   3 0  0 0  0 0  1 0
   177  0.8142488297928310E-02   4   2 1  0 0  0 0  1 0
   178  0.1322655492436967E-01   4   1 2  0 0  0 0  1 0
   179  0.5714434499714417E-02   4   0 3  0 0  0 0  1 0
   180   9.247932530290587       4   2 0  1 0  0 0  1 0
   181   26.56156836233223       4   1 1  1 0  0 0  1 0
   182   18.06391645227318       4   0 2  1 0  0 0  1 0
   183  -.6111653180614538E-03   4   1 0  2 0  0 0  1 0
   184  -.4505783041902266E-02   4   0 1  2 0  0 0  1 0
   185   2.060189602554551       4   0 0  3 0  0 0  1 0
   186   12.80068671447104       4   2 0  0 1  0 0  1 0
   187   33.29689725308459       4   1 1  0 1  0 0  1 0
   188   20.87568147239842       4   0 2  0 1  0 0  1 0
   189  -.8911595172755955E-02   4   1 0  1 1  0 0  1 0
   190  -.1500395324494505E-01   4   0 1  1 1  0 0  1 0
   191   6.235167704359479       4   0 0  2 1  0 0  1 0
   192  -.7686788083010303E-02   4   1 0  0 2  0 0  1 0
   193  -.1011723912098809E-01   4   0 1  0 2  0 0  1 0
   194   6.453246885318875       4   0 0  1 2  0 0  1 0
   195   2.279714099380684       4   0 0  0 3  0 0  1 0
   196  0.5926867440760246E-03   4   3 0  0 0  0 0  0 1
   197  0.1960971696400168E-02   4   2 1  0 0  0 0  0 1
   198  0.2120601522072596E-02   4   1 2  0 0  0 0  0 1
   199  0.7652247067195677E-03   4   0 3  0 0  0 0  0 1
   200  -18.50238708747645       4   2 0  1 0  0 0  0 1
   201  -36.93662965418331       4   1 1  1 0  0 0  0 1
   202  -18.62801302864680       4   0 2  1 0  0 0  0 1
   203  -.1314479627758005E-02   4   1 0  2 0  0 0  0 1
   204  -.1229048748997992E-02   4   0 1  2 0  0 0  0 1
   205  -4.124129369194514       4   0 0  3 0  0 0  0 1
   206  -17.44614251051251       4   2 0  0 1  0 0  0 1
   207  -34.44848836871326       4   1 1  0 1  0 0  0 1
   208  -17.49157991962426       4   0 2  0 1  0 0  0 1
   209  -.2748139390588449E-02   4   1 0  1 1  0 0  0 1
   210  -.2578954351818800E-02   4   0 1  1 1  0 0  0 1
   211  -8.904352506796398       4   0 0  2 1  0 0  0 1
   212  -.1342013174865890E-02   4   1 0  0 2  0 0  0 1
   213  -.1251427850901164E-02   4   0 1  0 2  0 0  0 1
   214  -6.433488155233431       4   0 0  1 2  0 0  0 1
   215  -1.865976222978402       4   0 0  0 3  0 0  0 1
   216  0.2825616526825302E-03   4   2 0  0 0  0 2  0 0
   217  0.1853065053826959E-02   4   1 1  0 0  0 2  0 0
   218  0.1765101100131010E-02   4   0 2  0 0  0 2  0 0
   219  0.8052652703461158E-01   4   1 0  1 0  0 2  0 0
   220  0.2153167557116693       4   0 1  1 0  0 2  0 0
   221  0.4142209152770199E-03   4   0 0  2 0  0 2  0 0
   222  0.2303257923231986       4   1 0  0 1  0 2  0 0
   223  0.3965513133751885       4   0 1  0 1  0 2  0 0
   224  0.9711172175987501E-03   4   0 0  1 1  0 2  0 0
   225  0.5518594071072173E-03   4   0 0  0 2  0 2  0 0
   226  0.3608252416975106E-03   4   2 0  0 0  0 1  1 0
   227  0.2569495294038242E-02   4   1 1  0 0  0 1  1 0
   228  0.2585582896440956E-02   4   0 2  0 0  0 1  1 0
   229  0.4069774828482094E-01   4   1 0  1 0  0 1  1 0
   230  0.2016424113986112       4   0 1  1 0  0 1  1 0
   231  0.4932191838426769E-03   4   0 0  2 0  0 1  1 0
   232  0.2196101966522949       4   1 0  0 1  0 1  1 0
   233  0.4646682526391209       4   0 1  0 1  0 1  1 0
   234  0.1425966091715187E-02   4   0 0  1 1  0 1  1 0
   235  0.8615996482358511E-03   4   0 0  0 2  0 1  1 0
   236  0.2819386037244367E-03   4   2 0  0 0  0 0  2 0
   237  0.1848842333374208E-02   4   1 1  0 0  0 0  2 0
   238  0.1760985932452928E-02   4   0 2  0 0  0 0  2 0
   239  0.8039077367380069E-01   4   1 0  1 0  0 0  2 0
   240  0.2148913121422689       4   0 1  1 0  0 0  2 0
   241  0.4133316007243014E-03   4   0 0  2 0  0 0  2 0
   242  0.2298680602003765       4   1 0  0 1  0 0  2 0
   243  0.3957049889887917       4   0 1  0 1  0 0  2 0
   244  0.9688508348330729E-03   4   0 0  1 1  0 0  2 0
   245  0.5505369906249626E-03   4   0 0  0 2  0 0  2 0
   246  -.8126745544905792E-03   4   2 0  0 0  0 1  0 1
   247  -.3097537572345512E-02   4   1 1  0 0  0 1  0 1
   248  -.2259081997338091E-02   4   0 2  0 0  0 1  0 1
   249  -.8067455897273901E-01   4   1 0  1 0  0 1  0 1
   250  -.1738227123790102       4   0 1  1 0  0 1  0 1
   251  -.9514554961839424E-03   4   0 0  2 0  0 1  0 1
   252  -.1980008723182793       4   1 0  0 1  0 1  0 1
   253  -.2735318136519986       4   0 1  0 1  0 1  0 1
   254  -.2184976437483173E-02   4   0 0  1 1  0 1  0 1
   255  -.1029364923019709E-02   4   0 0  0 2  0 1  0 1
   256  -.8115808953751701E-03   4   2 0  0 0  0 0  1 1
   257  -.3093369052262535E-02   4   1 1  0 0  0 0  1 1
   258  -.2256041831252919E-02   4   0 2  0 0  0 0  1 1
   259  -.8056599095333397E-01   4   1 0  1 0  0 0  1 1
   260  -.1735887899646716       4   0 1  1 0  0 0  1 1
   261  -.9501750722177225E-03   4   0 0  2 0  0 0  1 1
   262  -.1977344120757715       4   1 0  0 1  0 0  1 1
   263  -.2731637074282940       4   0 1  0 1  0 0  1 1
   264  -.2182035999167981E-02   4   0 0  1 1  0 0  1 1
   265  -.1027979652218598E-02   4   0 0  0 2  0 0  1 1
   266  0.4709487809445466E-03   4   2 0  0 0  0 0  0 2
   267  0.9383770842963082E-03   4   1 1  0 0  0 0  0 2
   268  0.4613510081095008E-03   4   0 2  0 0  0 0  0 2
   269  -.4002617406970657E-01   4   1 0  1 0  0 0  0 2
   270  -.3767832037995934E-01   4   0 1  1 0  0 0  0 2
   271  0.5679766912884092E-03   4   0 0  2 0  0 0  0 2
   272  -.2973935191893308E-01   4   1 0  0 1  0 0  0 2
   273  -.2852018455899064E-01   4   0 1  0 1  0 0  0 2
   274  0.9935612651152149E-03   4   0 0  1 1  0 0  0 2
   275  0.4225968996389338E-03   4   0 0  0 2  0 0  0 2
   276  -.1483034070251090E-04   4   1 0  0 0  0 3  0 0
   277  -.3016630660230444E-04   4   0 1  0 0  0 3  0 0
   278  0.1566027150184665       4   0 0  1 0  0 3  0 0
   279  0.1574484519819788       4   0 0  0 1  0 3  0 0
   280  -.1084064836879234E-04   4   1 0  0 0  0 2  1 0
   281  -.3069520742730443E-04   4   0 1  0 0  0 2  1 0
   282  0.6808877749803413E-01   4   0 0  1 0  0 2  1 0
   283  0.2658183691464878       4   0 0  0 1  0 2  1 0
   284  -.1084866179091469E-04   4   1 0  0 0  0 1  2 0
   285  -.3069405782346743E-04   4   0 1  0 0  0 1  2 0
   286  0.6826702890322411E-01   4   0 0  1 0  0 1  2 0
   287  0.2655991827349385       4   0 0  0 1  0 1  2 0
   288  -.1479311915984803E-04   4   1 0  0 0  0 0  3 0
   289  -.3008478576190990E-04   4   0 1  0 0  0 0  3 0
   290  0.1562408387013378       4   0 0  1 0  0 0  3 0
   291  0.1569519999027429       4   0 0  0 1  0 0  3 0
   292  0.1897423530715462E-04   4   1 0  0 0  0 2  0 1
   293  0.3402722138076372E-04   4   0 1  0 0  0 2  0 1
   294  -.1361149629516056       4   0 0  1 0  0 2  0 1
   295  -.4284544534418521       4   0 0  0 1  0 2  0 1
   296  0.1539887730798674E-04   4   1 0  0 0  0 1  1 1
   297  0.3525601965534474E-04   4   0 1  0 0  0 1  1 1
   298  -.4914236260461122E-01   4   0 0  1 0  0 1  1 1
   299  -.3881232106866345       4   0 0  0 1  0 1  1 1
   300  0.1893833913387631E-04   4   1 0  0 0  0 0  2 1
   301  0.3395770620508505E-04   4   0 1  0 0  0 0  2 1
   302  -.1358987191115446       4   0 0  1 0  0 0  2 1
   303  -.4276167006681050       4   0 0  0 1  0 0  2 1
   304  -.2012370520331203E-05   4   1 0  0 0  0 1  0 2
   305  -.3090216421380356E-05   4   0 1  0 0  0 1  0 2
   306  -.6263697500783730E-01   4   0 0  1 0  0 1  0 2
   307  -.8082517694485439E-01   4   0 0  0 1  0 1  0 2
   308  -.2009662366924727E-05   4   1 0  0 0  0 0  1 2
   309  -.3086057753757368E-05   4   0 1  0 0  0 0  1 2
   310  -.6255268111884998E-01   4   0 0  1 0  0 0  1 2
   311  -.8071640623088051E-01   4   0 0  0 1  0 0  1 2
   312  0.2129681400576971E-06   4   1 0  0 0  0 0  0 3
   313  0.1718416960550966E-06   4   0 1  0 0  0 0  0 3
   314  -.2849170373537051E-02   4   0 0  1 0  0 0  0 3
   315  -.2303752041508476E-02   4   0 0  0 1  0 0  0 3
   316  0.9932719088429934E-05   4   0 0  0 0  0 4  0 0
   317  0.2999920104158203E-05   4   0 0  0 0  0 3  1 0
   318  0.2105665627334340E-05   4   0 0  0 0  0 2  2 0
   319  0.3019744524150008E-05   4   0 0  0 0  0 1  3 0
   320  0.9903979219628191E-05   4   0 0  0 0  0 0  4 0
   321  -.6382733830463793E-06   4   0 0  0 0  0 3  0 1
   322  0.3202223035303506E-05   4   0 0  0 0  0 2  1 1
   323  0.3194472230600625E-05   4   0 0  0 0  0 1  2 1
   324  -.6391367471913409E-06   4   0 0  0 0  0 0  3 1
   325  -.1794128881649289E-05   4   0 0  0 0  0 2  0 2
   326  -.2036616808455404E-05   4   0 0  0 0  0 1  1 2
   327  -.1790344036095532E-05   4   0 0  0 0  0 0  2 2
   328  -.8980437692797965E-07   4   0 0  0 0  0 1  0 3
   329  -.8968352242984366E-07   4   0 0  0 0  0 0  1 3
   330  -.1727851959746174E-12   4   0 0  0 0  0 0  0 4
   ----------------------------------------------------
     I  COEFFICIENT            ORDER EXPONENTS
     1  0.2526719293418980E-03   0   0 0  0 0  0 0  0 0
     2  0.1100496991570417E-03   1   1 0  0 0  0 0  0 0
     3  0.1020622987159519E-03   1   0 1  0 0  0 0  0 0
     4  -2.780078943998167       1   0 0  1 0  0 0  0 0
     5  -1.608007560211425       1   0 0  0 1  0 0  0 0
     6  0.1891604267915128E-04   1   0 0  0 0  0 1  0 0
     7  0.1889058636039580E-04   1   0 0  0 0  0 0  1 0
     8  0.2148653003007126E-03   1   0 0  0 0  0 0  0 1
     9  0.2634679354915820E-02   2   2 0  0 0  0 0  0 0
    10  0.4815860763082225E-02   2   1 1  0 0  0 0  0 0
    11  0.2278661651473093E-02   2   0 2  0 0  0 0  0 0
    12   1.160185776042393       2   1 0  1 0  0 0  0 0
    13   1.059393451662108       2   0 1  1 0  0 0  0 0
    14  0.1059053773467548E-02   2   0 0  2 0  0 0  0 0
    15   1.117080630463166       2   1 0  0 1  0 0  0 0
    16   1.026918261313799       2   0 1  0 1  0 0  0 0
    17  0.2678775684022265E-02   2   0 0  1 1  0 0  0 0
    18  0.1448952949517936E-02   2   0 0  0 2  0 0  0 0
    19  -.1085650503684841E-04   2   1 0  0 0  0 1  0 0
    20  -.6140629531107750E-04   2   0 1  0 0  0 1  0 0
    21  -.2350588046254266       2   0 0  1 0  0 1  0 0
    22   1.104403800258007       2   0 0  0 1  0 1  0 0
    23  -.1084189486401911E-04   2   1 0  0 0  0 0  1 0
    24  -.6132365761282625E-04   2   0 1  0 0  0 0  1 0
    25  -.2347424735640986       2   0 0  1 0  0 0  1 0
    26   1.102917545672368       2   0 0  0 1  0 0  1 0
    27  0.1317478310976886E-03   2   1 0  0 0  0 0  0 1
    28  0.1227296907941617E-03   2   0 1  0 0  0 0  0 1
    29  -2.310277665919092       2   0 0  1 0  0 0  0 1
    30  -2.207321346048786       2   0 0  0 1  0 0  0 1
    31  -.1369273148682781E-04   2   0 0  0 0  0 2  0 0
    32  -.8483422329035330E-05   2   0 0  0 0  0 1  1 0
    33  -.1366859615912370E-04   2   0 0  0 0  0 0  2 0
    34  0.3586882053677609E-04   2   0 0  0 0  0 1  0 1
    35  0.3582054996853656E-04   2   0 0  0 0  0 0  1 1
    36  -.3584466316165918E-04   2   0 0  0 0  0 0  0 2
    37  -.2904401631765981E-01   3   3 0  0 0  0 0  0 0
    38  -.8151134521390917E-01   3   2 1  0 0  0 0  0 0
    39  -.7649698274566126E-01   3   1 2  0 0  0 0  0 0
    40  -.2395085677013940E-01   3   0 3  0 0  0 0  0 0
    41  -41.19753018887305       3   2 0  1 0  0 0  0 0
    42  -78.63291268503295       3   1 1  1 0  0 0  0 0
    43  -38.32944993958710       3   0 2  1 0  0 0  0 0
    44  0.4018126993298753E-01   3   1 0  2 0  0 0  0 0
    45  0.3615322390619798E-01   3   0 1  2 0  0 0  0 0
    46  -4.432284459159258       3   0 0  3 0  0 0  0 0
    47  -37.50413846204454       3   2 0  0 1  0 0  0 0
    48  -73.03965807460392       3   1 1  0 1  0 0  0 0
    49  -37.54152357014536       3   0 2  0 1  0 0  0 0
    50  0.7586340898390005E-01   3   1 0  1 1  0 0  0 0
    51  0.6861332274902518E-01   3   0 1  1 1  0 0  0 0
    52  -14.63095421898982       3   0 0  2 1  0 0  0 0
    53  0.3624595517996770E-01   3   1 0  0 2  0 0  0 0
    54  0.3301192618056979E-01   3   0 1  0 2  0 0  0 0
    55  -14.19952763947436       3   0 0  1 2  0 0  0 0
    56  -5.430904178219955       3   0 0  0 3  0 0  0 0
    57  -.1551159077848732E-02   3   2 0  0 0  0 1  0 0
    58  -.5333629664767583E-02   3   1 1  0 0  0 1  0 0
    59  -.3628462255014017E-02   3   0 2  0 0  0 1  0 0
    60  0.1323919306486812       3   1 0  1 0  0 1  0 0
    61  -.4033188353964400       3   0 1  1 0  0 1  0 0
    62  0.1363014174284782E-03   3   0 0  2 0  0 1  0 0
    63  -.4595288624815465       3   1 0  0 1  0 1  0 0
    64  -.9305544228437653       3   0 1  0 1  0 1  0 0
    65  -.1208270309212419E-02   3   0 0  1 1  0 1  0 0
    66  -.1455533795076391E-02   3   0 0  0 2  0 1  0 0
    67  -.1549071601065357E-02   3   2 0  0 0  0 0  1 0
    68  -.5326451917329981E-02   3   1 1  0 0  0 0  1 0
    69  -.3623579241514720E-02   3   0 2  0 0  0 0  1 0
    70  0.1322137638278299       3   1 0  1 0  0 0  1 0
    71  -.4027760679155210       3   0 1  1 0  0 0  1 0
    72  0.1361179894045610E-03   3   0 0  2 0  0 0  1 0
    73  -.4589104501952641       3   1 0  0 1  0 0  1 0
    74  -.9293021265570133       3   0 1  0 1  0 0  1 0
    75  -.1206644275974095E-02   3   0 0  1 1  0 0  1 0
    76  -.1453575006291914E-02   3   0 0  0 2  0 0  1 0
    77  0.5731706742703502E-02   3   2 0  0 0  0 0  0 1
    78  0.1065327271180693E-01   3   1 1  0 0  0 0  0 1
    79  0.4969757814855984E-02   3   0 2  0 0  0 0  0 1
    80  0.8955842676237252       3   1 0  1 0  0 0  0 1
    81  0.8060985035396363       3   0 1  1 0  0 0  0 1
    82  0.7880438245687616E-03   3   0 0  2 0  0 0  0 1
    83  0.9184430728742761       3   1 0  0 1  0 0  0 1
    84  0.8329415401038150       3   0 1  0 1  0 0  0 1
    85  0.2417977283023492E-02   3   0 0  1 1  0 0  0 1
    86  0.1461846000431749E-02   3   0 0  0 2  0 0  0 1
    87  0.8638353173202754E-05   3   1 0  0 0  0 2  0 0
    88  0.5145309313431529E-04   3   0 1  0 0  0 2  0 0
    89  0.1698041515056209       3   0 0  1 0  0 2  0 0
    90  -.7330835886834293       3   0 0  0 1  0 2  0 0
    91  0.6816391602531669E-05   3   1 0  0 0  0 1  1 0
    92  0.4198065768273218E-04   3   0 1  0 0  0 1  1 0
    93  0.1047245278662812       3   0 0  1 0  0 1  1 0
    94  -.3627610287030885       3   0 0  0 1  0 1  1 0
    95  0.8622141495329061E-05   3   1 0  0 0  0 0  2 0
    96  0.5135560219121419E-04   3   0 1  0 0  0 0  2 0
    97  0.1695051704140640       3   0 0  1 0  0 0  2 0
    98  -.7318529459907648       3   0 0  0 1  0 0  2 0
    99  -.2478213620731651E-04   3   1 0  0 0  0 1  0 1
   100  -.8442552855874727E-04   3   0 1  0 0  0 1  0 1
   101  -.4443324270691382       3   0 0  1 0  0 1  0 1
   102  0.7245250395427892       3   0 0  0 1  0 1  0 1
   103  -.2474878557635014E-04   3   1 0  0 0  0 0  1 1
   104  -.8431191266125004E-04   3   0 1  0 0  0 0  1 1
   105  -.4437344654294495       3   0 0  1 0  0 0  1 1
   106  0.7235500078902559       3   0 0  0 1  0 0  1 1
   107  0.2532423980615996E-04   3   1 0  0 0  0 0  0 2
   108  0.2360161884930382E-04   3   0 1  0 0  0 0  0 2
   109  0.4440332775018553       3   0 0  1 0  0 0  0 2
   110  0.3796229026607216       3   0 0  0 1  0 0  0 2
   111  0.1108778387575496E-04   3   0 0  0 0  0 3  0 0
   112  0.5885053740104894E-05   3   0 0  0 0  0 2  1 0
   113  0.5895526002825416E-05   3   0 0  0 0  0 1  2 0
   114  0.1106144717885960E-04   3   0 0  0 0  0 0  3 0
   115  -.2546040706919538E-04   3   0 0  0 0  0 2  0 1
   116  -.1508139097959072E-04   3   0 0  0 0  0 1  1 1
   117  -.2541599574074474E-04   3   0 0  0 0  0 0  2 1
   118  0.1506844850787305E-04   3   0 0  0 0  0 1  0 2
   119  0.1504817010002251E-04   3   0 0  0 0  0 0  1 2
   120  0.1910008113652132E-05   3   0 0  0 0  0 0  0 3
   121  -.6208489842494207E-02   4   4 0  0 0  0 0  0 0
   122  -.2288016584460340E-01   4   3 1  0 0  0 0  0 0
   123  -.3235207214949938E-01   4   2 2  0 0  0 0  0 0
   124  -.1888294773070556E-01   4   1 3  0 0  0 0  0 0
   125  -.3419428383267351E-02   4   0 4  0 0  0 0  0 0
   126   312.3547108107816       4   3 0  1 0  0 0  0 0
   127   869.6704069439907       4   2 1  1 0  0 0  0 0
   128   810.0210005507327       4   1 2  1 0  0 0  0 0
   129   252.8672968363679       4   0 3  1 0  0 0  0 0
   130  0.5502650846528760E-01   4   2 0  2 0  0 0  0 0
   131  0.1093275154630104       4   1 1  2 0  0 0  0 0
   132  0.5340952889500787E-01   4   0 2  2 0  0 0  0 0
   133  -159.2453513083378       4   1 0  3 0  0 0  0 0
   134  -142.4637195546843       4   0 1  3 0  0 0  0 0
   135  -.9253467375012396E-02   4   0 0  4 0  0 0  0 0
   136   307.0480981538690       4   3 0  0 1  0 0  0 0
   137   860.7974621652954       4   2 1  0 1  0 0  0 0
   138   807.6435544778601       4   1 2  0 1  0 0  0 0
   139   254.0554597941000       4   0 3  0 1  0 0  0 0
   140  0.1207999695142831       4   2 0  1 1  0 0  0 0
   141  0.2402651430415756       4   1 1  1 1  0 0  0 0
   142  0.1194371705681910       4   0 2  1 1  0 0  0 0
   143  -446.1801354811401       4   1 0  2 1  0 0  0 0
   144  -402.3723082929504       4   0 1  2 1  0 0  0 0
   145  -.3141842161722443E-01   4   0 0  3 1  0 0  0 0
   146  0.6251610047258385E-01   4   2 0  0 2  0 0  0 0
   147  0.1262942570360536       4   1 1  0 2  0 0  0 0
   148  0.6454807389895469E-01   4   0 2  0 2  0 0  0 0
   149  -421.4861791583066       4   1 0  1 2  0 0  0 0
   150  -382.6403118352325       4   0 1  1 2  0 0  0 0
   151  -.3977624193195558E-01   4   0 0  2 2  0 0  0 0
   152  -133.7134453174074       4   1 0  0 3  0 0  0 0
   153  -122.0209634606932       4   0 1  0 3  0 0  0 0
   154  -.2141007595975311E-01   4   0 0  1 3  0 0  0 0
   155  -.3579145332740050E-02   4   0 0  0 4  0 0  0 0
   156  -.3954478031446559E-02   4   3 0  0 0  0 1  0 0
   157  0.2326851304058871E-01   4   2 1  0 0  0 1  0 0
   158  0.5384850739371701E-01   4   1 2  0 0  0 1  0 0
   159  0.2677843330448347E-01   4   0 3  0 0  0 1  0 0
   160   22.56831180054125       4   2 0  1 0  0 1  0 0
   161   80.86726432279941       4   1 1  1 0  0 1  0 0
   162   57.11711276804811       4   0 2  1 0  0 1  0 0
   163  0.5695234112339210E-02   4   1 0  2 0  0 1  0 0
   164  -.1063581277625560E-01   4   0 1  2 0  0 1  0 0
   165  -.3440379229467137       4   0 0  3 0  0 1  0 0
   166   40.65103835922230       4   2 0  0 1  0 1  0 0
   167   114.0880606067291       4   1 1  0 1  0 1  0 0
   168   75.12041404703618       4   0 2  0 1  0 1  0 0
   169  -.2027574990257472E-01   4   1 0  1 1  0 1  0 0
   170  -.4766120400088864E-01   4   0 1  1 1  0 1  0 0
   171   7.326811861779422       4   0 0  2 1  0 1  0 0
   172  -.2417152480713046E-01   4   1 0  0 2  0 1  0 0
   173  -.3587256144679649E-01   4   0 1  0 2  0 1  0 0
   174   15.17163627470313       4   0 0  1 2  0 1  0 0
   175   8.667050615630439       4   0 0  0 3  0 1  0 0
   176  -.3949156281279990E-02   4   3 0  0 0  0 0  1 0
   177  0.2323719937234556E-01   4   2 1  0 0  0 0  1 0
   178  0.5377604061025872E-01   4   1 2  0 0  0 0  1 0
   179  0.2674239615096614E-01   4   0 3  0 0  0 0  1 0
   180   22.53794043012775       4   2 0  1 0  0 0  1 0
   181   80.75843696961573       4   1 1  1 0  0 0  1 0
   182   57.04024724952107       4   0 2  1 0  0 0  1 0
   183  0.5687569734677888E-02   4   1 0  2 0  0 0  1 0
   184  -.1062149960066982E-01   4   0 1  2 0  0 0  1 0
   185  -.3435749329239374       4   0 0  3 0  0 0  1 0
   186   40.59633210761549       4   2 0  0 1  0 0  1 0
   187   113.9345262715485       4   1 1  0 1  0 0  1 0
   188   75.01932053411416       4   0 2  0 1  0 0  1 0
   189  -.2024846375391883E-01   4   1 0  1 1  0 0  1 0
   190  -.4759706379873901E-01   4   0 1  1 1  0 0  1 0
   191   7.316951783676586       4   0 0  2 1  0 0  1 0
   192  -.2413899590820952E-01   4   1 0  0 2  0 0  1 0
   193  -.3582428584421663E-01   4   0 1  0 2  0 0  1 0
   194   15.15121900161914       4   0 0  1 2  0 0  1 0
   195   8.655386907375886       4   0 0  0 3  0 0  1 0
   196  0.1972552095260634E-02   4   3 0  0 0  0 0  0 1
   197  0.5548436192668494E-02   4   2 1  0 0  0 0  0 1
   198  0.5248674846768941E-02   4   1 2  0 0  0 0  0 1
   199  0.1734455237138798E-02   4   0 3  0 0  0 0  0 1
   200  -86.27753788419788       4   2 0  1 0  0 0  0 1
   201  -161.5701775113107       4   1 1  1 0  0 0  0 1
   202  -75.79846806791804       4   0 2  1 0  0 0  0 1
   203  -.6551026269019390E-02   4   1 0  2 0  0 0  0 1
   204  -.5884800513265663E-02   4   0 1  2 0  0 0  0 1
   205  -3.749132098599828       4   0 0  3 0  0 0  0 1
   206  -81.21605363465432       4   2 0  0 1  0 0  0 1
   207  -154.9164149279873       4   1 1  0 1  0 0  0 1
   208  -75.02132407340312       4   0 2  0 1  0 0  0 1
   209  -.1276164149607806E-01   4   1 0  1 1  0 0  0 1
   210  -.1173351610439342E-01   4   0 1  1 1  0 0  0 1
   211  -14.65789979339513       4   0 0  2 1  0 0  0 1
   212  -.6210076576107109E-02   4   1 0  0 2  0 0  0 1
   213  -.5759797369996060E-02   4   0 1  0 2  0 0  0 1
   214  -16.13860735785497       4   0 0  1 2  0 0  0 1
   215  -6.466229480308479       4   0 0  0 3  0 0  0 1
   216  -.9600286894810067E-03   4   2 0  0 0  0 2  0 0
   217  0.4956465088566432E-03   4   1 1  0 0  0 2  0 0
   218  0.1741201124751000E-02   4   0 2  0 0  0 2  0 0
   219  -.1017556484412630       4   1 0  1 0  0 2  0 0
   220  0.2382560894160635       4   0 1  1 0  0 2  0 0
   221  -.3208771672400991E-03   4   0 0  2 0  0 2  0 0
   222  0.2940924265443957       4   1 0  0 1  0 2  0 0
   223  0.8588435483802510       4   0 1  0 1  0 2  0 0
   224  0.1690609514328767E-03   4   0 0  1 1  0 2  0 0
   225  0.1024224984564222E-02   4   0 0  0 2  0 2  0 0
   226  -.1056584664463032E-02   4   2 0  0 0  0 1  1 0
   227  0.9419604280498867E-03   4   1 1  0 0  0 1  1 0
   228  0.2780375210273084E-02   4   0 2  0 0  0 1  1 0
   229  -.7428884126945628E-01   4   1 0  1 0  0 1  1 0
   230  0.7018416941019856E-01   4   0 1  1 0  0 1  1 0
   231  -.2354316832192218E-03   4   0 0  2 0  0 1  1 0
   232  0.1253069379459912       4   1 0  0 1  0 1  1 0
   233  0.7829370004857614       4   0 1  0 1  0 1  1 0
   234  -.1174940155762724E-03   4   0 0  1 1  0 1  1 0
   235  0.1027992994465342E-02   4   0 0  0 2  0 1  1 0
   236  -.9580257771921248E-03   4   2 0  0 0  0 0  2 0
   237  0.4943456681685138E-03   4   1 1  0 0  0 0  2 0
   238  0.1736987049375549E-02   4   0 2  0 0  0 0  2 0
   239  -.1015687232744343       4   1 0  1 0  0 0  2 0
   240  0.2378882303257853       4   0 1  1 0  0 0  2 0
   241  -.3202869294389613E-03   4   0 0  2 0  0 0  2 0
   242  0.2936123347310602       4   1 0  0 1  0 0  2 0
   243  0.8571609373503796       4   0 1  0 1  0 0  2 0
   244  0.1689124961264390E-03   4   0 0  1 1  0 0  2 0
   245  0.1022154918587892E-02   4   0 0  0 2  0 0  2 0
   246  0.2229435068729431E-02   4   2 0  0 0  0 1  0 1
   247  0.2320123711892670E-03   4   1 1  0 0  0 1  0 1
   248  -.1668606556046702E-02   4   0 2  0 0  0 1  0 1
   249  0.2821607548189836       4   1 0  1 0  0 1  0 1
   250  -.1375890601340959       4   0 1  1 0  0 1  0 1
   251  0.5316460599079043E-03   4   0 0  2 0  0 1  0 1
   252  -.2474786519891009       4   1 0  0 1  0 1  0 1
   253  -.6306591894107444       4   0 1  0 1  0 1  0 1
   254  0.2144878030654048E-03   4   0 0  1 1  0 1  0 1
   255  -.6128057241048716E-03   4   0 0  0 2  0 1  0 1
   256  0.2226434800083565E-02   4   2 0  0 0  0 0  1 1
   257  0.2317001398744918E-03   4   1 1  0 0  0 0  1 1
   258  -.1666361023982286E-02   4   0 2  0 0  0 0  1 1
   259  0.2817810361729239       4   1 0  1 0  0 0  1 1
   260  -.1374038992613159       4   0 1  1 0  0 0  1 1
   261  0.5309305956960969E-03   4   0 0  2 0  0 0  1 1
   262  -.2471456068825191       4   1 0  0 1  0 0  1 1
   263  -.6298104779955742       4   0 1  0 1  0 0  1 1
   264  0.2141991554885008E-03   4   0 0  1 1  0 0  1 1
   265  -.6119810390419071E-03   4   0 0  0 2  0 0  1 1
   266  -.1482492532447695E-02   4   2 0  0 0  0 0  0 2
   267  -.2742891877548210E-02   4   1 1  0 0  0 0  0 2
   268  -.1261860770647350E-02   4   0 2  0 0  0 0  0 2
   269  -.2863262730632750       4   1 0  1 0  0 0  0 2
   270  -.2700110299217874       4   0 1  1 0  0 0  0 2
   271  -.1855613087808711E-03   4   0 0  2 0  0 0  0 2
   272  -.2173287420731643       4   1 0  0 1  0 0  0 2
   273  -.2084648511960837       4   0 1  0 1  0 0  0 2
   274  -.4794615273130135E-03   4   0 0  1 1  0 0  0 2
   275  -.2731232103020791E-03   4   0 0  0 2  0 0  0 2
   276  -.9682483667851900E-05   4   1 0  0 0  0 3  0 0
   277  -.5281069282517482E-04   4   0 1  0 0  0 3  0 0
   278  -.1372797536225740       4   0 0  1 0  0 3  0 0
   279  0.5501297069929417       4   0 0  0 1  0 3  0 0
   280  -.7438080761643561E-05   4   1 0  0 0  0 2  1 0
   281  -.4197493108164483E-04   4   0 1  0 0  0 2  1 0
   282  -.7229820087327254E-01   4   0 0  1 0  0 2  1 0
   283  0.1844278108280620       4   0 0  0 1  0 2  1 0
   284  -.7442585075923518E-05   4   1 0  0 0  0 1  2 0
   285  -.4199666100369829E-04   4   0 1  0 0  0 1  2 0
   286  -.7242900160918588E-01   4   0 0  1 0  0 1  2 0
   287  0.1851645329241882       4   0 0  0 1  0 1  2 0
   288  -.9657940160449145E-05   4   1 0  0 0  0 0  3 0
   289  -.5267588174459348E-04   4   0 1  0 0  0 0  3 0
   290  -.1369540545680202       4   0 0  1 0  0 0  3 0
   291  0.5488952695899549       4   0 0  0 1  0 0  3 0
   292  0.1557397607994286E-04   4   1 0  0 0  0 2  0 1
   293  0.7419006216652557E-04   4   0 1  0 0  0 2  0 1
   294  0.3143541713764476       4   0 0  1 0  0 2  0 1
   295  -.3686072694651903       4   0 0  0 1  0 2  0 1
   296  0.1365743761693664E-04   4   1 0  0 0  0 1  1 1
   297  0.6643087314740851E-04   4   0 1  0 0  0 1  1 1
   298  0.1847345014315999       4   0 0  1 0  0 1  1 1
   299  -.1363243532864263E-01   4   0 0  0 1  0 1  1 1
   300  0.1554382758892659E-04   4   1 0  0 0  0 0  2 1
   301  0.7404552090825970E-04   4   0 1  0 0  0 0  2 1
   302  0.3138068248547135       4   0 0  1 0  0 0  2 1
   303  -.3681020422293080       4   0 0  0 1  0 0  2 1
   304  -.6277768756230117E-05   4   1 0  0 0  0 1  0 2
   305  -.1517526517655150E-04   4   0 1  0 0  0 1  0 2
   306  -.1845609801477686       4   0 0  1 0  0 1  0 2
   307  -.3491169421846768       4   0 0  0 1  0 1  0 2
   308  -.6269320430899079E-05   4   1 0  0 0  0 0  1 2
   309  -.1515484301986246E-04   4   0 1  0 0  0 0  1 2
   310  -.1843126066787429       4   0 0  1 0  0 0  1 2
   311  -.3486471170571958       4   0 0  0 1  0 0  1 2
   312  0.1863400734932382E-05   4   1 0  0 0  0 0  0 3
   313  0.1519915896938642E-05   4   0 1  0 0  0 0  0 3
   314  -.2506066533035679E-01   4   0 0  1 0  0 0  0 3
   315  -.2050076056458549E-01   4   0 0  0 1  0 0  0 3
   316  -.1147893229547873E-04   4   0 0  0 0  0 4  0 0
   317  -.5290716267065525E-05   4   0 0  0 0  0 3  1 0
   318  -.4474503789655942E-05   4   0 0  0 0  0 2  2 0
   319  -.5308423937597738E-05   4   0 0  0 0  0 1  3 0
   320  -.1144449391180526E-04   4   0 0  0 0  0 0  4 0
   321  0.1150618646885225E-04   4   0 0  0 0  0 3  0 1
   322  0.4567602360420007E-05   4   0 0  0 0  0 2  1 1
   323  0.4581577532221339E-05   4   0 0  0 0  0 1  2 1
   324  0.1147989046173428E-04   4   0 0  0 0  0 0  3 1
   325  0.1825744516186457E-05   4   0 0  0 0  0 2  0 2
   326  0.2157372575989562E-05   4   0 0  0 0  0 1  1 2
   327  0.1821835870091284E-05   4   0 0  0 0  0 0  2 2
   328  0.2779215307054340E-07   4   0 0  0 0  0 1  0 3
   329  0.2775475170073952E-07   4   0 0  0 0  0 0  1 3
   330  -.1275592022312523E-12   4   0 0  0 0  0 0  0 4
   ----------------------------------------------------
     I  COEFFICIENT            ORDER EXPONENTS
     1  0.6645823388127183E-08   0   0 0  0 0  0 0  0 0
     2  -.9169872806799538E-05   1   1 0  0 0  0 0  0 0
     3  -.9932895912659870E-05   1   0 1  0 0  0 0  0 0
     4  0.6340473479887405E-04   1   0 0  1 0  0 0  0 0
     5  0.2986932916095567E-04   1   0 0  0 1  0 0  0 0
     6   1.000000000000000       1   0 0  0 0  1 0  0 0
     7  0.2859789937133536       1   0 0  0 0  0 1  0 0
     8  -.2859789886510148       1   0 0  0 0  0 0  1 0
     9  -.5062346117167548E-08   1   0 0  0 0  0 0  0 1
    10  -.5843335000667069       2   2 0  0 0  0 0  0 0
    11  -1.449110888755980       2   1 1  0 0  0 0  0 0
    12  -1.112023568829343       2   0 2  0 0  0 0  0 0
    13  -.3502886823332163E-04   2   1 0  1 0  0 0  0 0
    14  -.4338249635764142E-04   2   0 1  1 0  0 0  0 0
    15  -.3622819524017955       2   0 0  2 0  0 0  0 0
    16  -.4382972862854398E-04   2   1 0  0 1  0 0  0 0
    17  -.4988473898927989E-04   2   0 1  0 1  0 0  0 0
    18  -.3345399065832543       2   0 0  1 1  0 0  0 0
    19  -.2953779940571183       2   0 0  0 2  0 0  0 0
    20  0.1344133018808980E-04   2   1 0  0 0  0 1  0 0
    21  0.1846751859597736E-04   2   0 1  0 0  0 1  0 0
    22  -.8765848934605380E-04   2   0 0  1 0  0 1  0 0
    23  -.6856472018173626E-04   2   0 0  0 1  0 1  0 0
    24  0.4278057446544736E-05   2   1 0  0 0  0 0  1 0
    25  0.8536524362744924E-05   2   0 1  0 0  0 0  1 0
    26  -.2430634965098331E-04   2   0 0  1 0  0 0  1 0
    27  -.3868347859455425E-04   2   0 0  0 1  0 0  1 0
    28  -.1771948053574603E-04   2   1 0  0 0  0 0  0 1
    29  -.1707129286093920E-04   2   0 1  0 0  0 0  0 1
    30  0.1119648800132639E-03   2   0 0  1 0  0 0  0 1
    31  0.7737890982288748E-04   2   0 0  0 1  0 0  0 1
    32  -.2146286655274823       2   0 0  0 0  0 2  0 0
    33  0.1432783306437846       2   0 0  0 0  0 1  1 0
    34  0.7135032818343590E-01   2   0 0  0 0  0 0  2 0
    35  0.6698093732357335E-08   2   0 0  0 0  0 1  0 1
    36  0.1640427218941178E-08   2   0 0  0 0  0 0  1 1
    37  -.1638163432181563E-08   2   0 0  0 0  0 0  0 2
    38  0.3185190532191935       3   3 0  0 0  0 0  0 0
    39  0.9653696230053935       3   2 1  0 0  0 0  0 0
    40  0.9634920042216477       3   1 2  0 0  0 0  0 0
    41  0.3177936174028000       3   0 3  0 0  0 0  0 0
    42  0.1991636406779427E-02   3   2 0  1 0  0 0  0 0
    43  0.4045559174921474E-02   3   1 1  1 0  0 0  0 0
    44  0.2354997717296280E-02   3   0 2  1 0  0 0  0 0
    45  0.1085692831902771       3   1 0  2 0  0 0  0 0
    46  0.2702364999210699E-01   3   0 1  2 0  0 0  0 0
    47  0.7772847674269242E-03   3   0 0  3 0  0 0  0 0
    48  0.1397855056816186E-02   3   2 0  0 1  0 0  0 0
    49  0.2775036696775641E-02   3   1 1  0 1  0 0  0 0
    50  0.1632439694844744E-02   3   0 2  0 1  0 0  0 0
    51  0.7013216128848869E-01   3   1 0  1 1  0 0  0 0
    52  -.5941069220381981E-01   3   0 1  1 1  0 0  0 0
    53  0.1926615856498159E-02   3   0 0  2 1  0 0  0 0
    54  -.2840765404739271E-01   3   1 0  0 2  0 0  0 0
    55  -.7977509668958381E-01   3   0 1  0 2  0 0  0 0
    56  0.1644604796324658E-02   3   0 0  1 2  0 0  0 0
    57  0.4892740235769046E-03   3   0 0  0 3  0 0  0 0
    58  0.9446373272860933       3   2 0  0 0  0 1  0 0
    59   2.836963755274125       3   1 1  0 0  0 1  0 0
    60   2.384677213780057       3   0 2  0 0  0 1  0 0
    61  0.5290933002203499E-04   3   1 0  1 0  0 1  0 0
    62  0.8158288904644423E-04   3   0 1  1 0  0 1  0 0
    63  0.4990229407365748       3   0 0  2 0  0 1  0 0
    64  0.8311003976382562E-04   3   1 0  0 1  0 1  0 0
    65  0.1158919041972640E-03   3   0 1  0 1  0 1  0 0
    66  0.7712395971090478       3   0 0  1 1  0 1  0 0
    67  0.5781596539614487       3   0 0  0 2  0 1  0 0
    68  0.3606046997631861       3   2 0  0 0  0 0  1 0
    69   1.387933629757145       3   1 1  0 0  0 0  1 0
    70   1.272436009296470       3   0 2  0 0  0 0  1 0
    71  0.1782302364759123E-04   3   1 0  1 0  0 0  1 0
    72  0.3802865466533454E-04   3   0 1  1 0  0 0  1 0
    73  0.1370440472801185       3   0 0  2 0  0 0  1 0
    74  0.3919655804616266E-04   3   1 0  0 1  0 0  1 0
    75  0.6581251309395635E-04   3   0 1  0 1  0 0  1 0
    76  0.4365618997558993       3   0 0  1 1  0 0  1 0
    77  0.2827982004106400       3   0 0  0 2  0 0  1 0
    78  -1.305243014528455       3   2 0  0 0  0 0  0 1
    79  -2.775788918501251       3   1 1  0 0  0 0  0 1
    80  -1.433067681943695       3   0 2  0 0  0 0  0 1
    81  -.7057928839024479E-04   3   1 0  1 0  0 0  0 1
    82  -.7587678010144692E-04   3   0 1  1 0  0 0  0 1
    83  -.6360673181287200       3   0 0  2 0  0 0  0 1
    84  -.7826472903167882E-04   3   1 0  0 1  0 0  0 1
    85  -.8153326653347480E-04   3   0 1  0 1  0 0  0 1
    86  -.8732620647161058       3   0 0  1 1  0 0  0 1
    87  -.2702020790297266       3   0 0  0 2  0 0  0 1
    88  -.1641094067612430E-04   3   1 0  0 0  0 2  0 0
    89  -.2641349997816882E-04   3   0 1  0 0  0 2  0 0
    90  0.1025378767101700E-03   3   0 0  1 0  0 2  0 0
    91  0.1065037271689718E-03   3   0 0  0 1  0 2  0 0
    92  -.5942516743157305E-05   3   1 0  0 0  0 1  1 0
    93  -.1589385498104680E-04   3   0 1  0 0  0 1  1 0
    94  0.2979108523206057E-04   3   0 0  1 0  0 1  1 0
    95  0.7588651231115687E-04   3   0 0  0 1  0 1  1 0
    96  -.2976278724614079E-05   3   1 0  0 0  0 0  2 0
    97  -.7948629243209385E-05   3   0 1  0 0  0 0  2 0
    98  0.1493436969386148E-04   3   0 0  1 0  0 0  2 0
    99  0.3793822915293907E-04   3   0 0  0 1  0 0  2 0
   100  0.2532064664106578E-04   3   1 0  0 0  0 1  0 1
   101  0.3178382236846947E-04   3   0 1  0 0  0 1  0 1
   102  -.1472157344297340E-03   3   0 0  1 0  0 1  0 1
   103  -.1517722845063593E-03   3   0 0  0 1  0 1  0 1
   104  0.7614641921713776E-05   3   1 0  0 0  0 0  1 1
   105  0.1471574698525496E-04   3   0 1  0 0  0 0  1 1
   106  -.3535596844213358E-04   3   0 0  1 0  0 0  1 1
   107  -.7439904403545751E-04   3   0 0  0 1  0 0  1 1
   108  -.7607450608079828E-05   3   1 0  0 0  0 0  0 2
   109  -.6178217007962262E-05   3   0 1  0 0  0 0  0 2
   110  0.3530540053262689E-04   3   0 0  1 0  0 0  0 2
   111  0.3570863845865985E-04   3   0 0  0 1  0 0  0 2
   112  0.1788813515811654       3   0 0  0 0  0 3  0 0
   113  -.1073867931607109       3   0 0  0 0  0 2  1 0
   114  -.3589155589672483E-01   3   0 0  0 0  0 1  2 0
   115  -.3560303963108117E-01   3   0 0  0 0  0 0  3 0
   116  -.5563790178797995E-08   3   0 0  0 0  0 2  0 1
   117  0.5586131318961216E-09   3   0 0  0 0  0 1  1 1
   118  0.2749884175743938E-09   3   0 0  0 0  0 0  2 1
   119  0.4501666618010270E-09   3   0 0  0 0  0 1  0 2
   120  -.2682426988390776E-09   3   0 0  0 0  0 0  1 2
   121  0.3575497007029121E-09   3   0 0  0 0  0 0  0 3
   122  -6.832066229424920       4   4 0  0 0  0 0  0 0
   123  -32.86658454082635       4   3 1  0 0  0 0  0 0
   124  -59.00803539616007       4   2 2  0 0  0 0  0 0
   125  -47.26564660143309       4   1 3  0 0  0 0  0 0
   126  -14.61035718257020       4   0 4  0 0  0 0  0 0
   127  0.3698262577400763E-02   4   3 0  1 0  0 0  0 0
   128  0.1226355342107324E-01   4   2 1  1 0  0 0  0 0
   129  0.1281656331323558E-01   4   1 2  1 0  0 0  0 0
   130  0.4267094604350138E-02   4   0 3  1 0  0 0  0 0
   131  -13.53489622730493       4   2 0  2 0  0 0  0 0
   132  -27.83115022194826       4   1 1  2 0  0 0  0 0
   133  -15.73190455653637       4   0 2  2 0  0 0  0 0
   134  0.5226099153574758E-02   4   1 0  3 0  0 0  0 0
   135  0.3792730968097353E-02   4   0 1  3 0  0 0  0 0
   136  -2.669206398885064       4   0 0  4 0  0 0  0 0
   137  0.4808839243206553E-02   4   3 0  0 1  0 0  0 0
   138  0.1526859812436369E-01   4   2 1  0 1  0 0  0 0
   139  0.1559365121356888E-01   4   1 2  0 1  0 0  0 0
   140  0.5134371086494046E-02   4   0 3  0 1  0 0  0 0
   141  -18.70444958974198       4   2 0  1 1  0 0  0 0
   142  -37.17183000321823       4   1 1  1 1  0 0  0 0
   143  -20.96721081850284       4   0 2  1 1  0 0  0 0
   144  0.1311168853495044E-01   4   1 0  2 1  0 0  0 0
   145  0.9440832298969113E-02   4   0 1  2 1  0 0  0 0
   146  -8.296644648128881       4   0 0  3 1  0 0  0 0
   147  -6.403736505778177       4   2 0  0 2  0 0  0 0
   148  -13.08715483738895       4   1 1  0 2  0 0  0 0
   149  -8.111924966764221       4   0 2  0 2  0 0  0 0
   150  0.1085038819793198E-01   4   1 0  1 2  0 0  0 0
   151  0.7669770103707985E-02   4   0 1  1 2  0 0  0 0
   152  -9.966396066979733       4   0 0  2 2  0 0  0 0
   153  0.2884793128690004E-02   4   1 0  0 3  0 0  0 0
   154  0.1943933970100144E-02   4   0 1  0 3  0 0  0 0
   155  -5.600120914177010       4   0 0  1 3  0 0  0 0
   156  -1.330768719980497       4   0 0  0 4  0 0  0 0
   157  -.5568821462829960       4   3 0  0 0  0 1  0 0
   158  -2.109962773595200       4   2 1  0 0  0 1  0 0
   159  -2.540453011418238       4   1 2  0 0  0 1  0 0
   160  -.9844409899751427       4   0 3  0 0  0 1  0 0
   161  -.1396246809764794E-02   4   2 0  1 0  0 1  0 0
   162  -.5220335641548638E-02   4   1 1  1 0  0 1  0 0
   163  -.4180486129593848E-02   4   0 2  1 0  0 1  0 0
   164  -.1181985226718409       4   1 0  2 0  0 1  0 0
   165  -.5287389905815189E-01   4   0 1  2 0  0 1  0 0
   166  -.9681518923603675E-03   4   0 0  3 0  0 1  0 0
   167  -.1166762377717416E-02   4   2 0  0 1  0 1  0 0
   168  -.3838102933018482E-02   4   1 1  0 1  0 1  0 0
   169  -.3088216178762680E-02   4   0 2  0 1  0 1  0 0
   170  -.1434997868196269       4   1 0  1 1  0 1  0 0
   171  0.7677400370881428E-01   4   0 1  1 1  0 1  0 0
   172  -.3074256314206871E-02   4   0 0  2 1  0 1  0 0
   173  0.3198551911352727E-01   4   1 0  0 2  0 1  0 0
   174  0.1730297077251740       4   0 1  0 2  0 1  0 0
   175  -.3271212325250962E-02   4   0 0  1 2  0 1  0 0
   176  -.1208970115753624E-02   4   0 0  0 3  0 1  0 0
   177  -.2359522178158728       4   3 0  0 0  0 0  1 0
   178  -1.135681227060322       4   2 1  0 0  0 0  1 0
   179  -1.566304408022535       4   1 2  0 0  0 0  1 0
   180  -.6624396633176560       4   0 3  0 0  0 0  1 0
   181  -.9097145721713943E-03   4   2 0  1 0  0 0  1 0
   182  -.4025612646534668E-02   4   1 1  1 0  0 0  1 0
   183  -.3313938150259855E-02   4   0 2  1 0  0 0  1 0
   184  -.9139244609122035E-02   4   1 0  2 0  0 0  1 0
   185  -.2450172913351582E-01   4   0 1  2 0  0 0  1 0
   186  -.5230574111344902E-03   4   0 0  3 0  0 0  1 0
   187  -.1079961126920159E-02   4   2 0  0 1  0 0  1 0
   188  -.3600039309568402E-02   4   1 1  0 1  0 0  1 0
   189  -.2799233789323128E-02   4   0 2  0 1  0 0  1 0
   190  -.7246262155662278E-01   4   1 0  1 1  0 0  1 0
   191  0.1940639228790867E-01   4   0 1  1 1  0 0  1 0
   192  -.2058754673420693E-02   4   0 0  2 1  0 0  1 0
   193  0.4066201166868811E-02   4   1 0  0 2  0 0  1 0
   194  0.9413674238469379E-01   4   0 1  0 2  0 0  1 0
   195  -.2419389330002325E-02   4   0 0  1 2  0 0  1 0
   196  -.9399469994944308E-03   4   0 0  0 3  0 0  1 0
   197  0.7894766367090545       4   3 0  0 0  0 0  0 1
   198   2.266188319204304       4   2 1  0 0  0 0  0 1
   199   2.161037499452161       4   1 2  0 0  0 0  0 1
   200  0.6852465785450403       4   0 3  0 0  0 0  0 1
   201  0.2557738823324255E-02   4   2 0  1 0  0 0  0 1
   202  0.6055060434033460E-02   4   1 1  1 0  0 0  0 1
   203  0.3634611140183730E-02   4   0 2  1 0  0 0  0 1
   204  0.1262398187472840       4   1 0  2 0  0 0  0 1
   205  0.4768240753931728E-01   4   0 1  2 0  0 0  0 1
   206  0.1528187843206424E-02   4   0 0  3 0  0 0  0 1
   207  0.1113369860707064E-02   4   2 0  0 1  0 0  0 1
   208  0.2924684564651416E-02   4   1 1  0 1  0 0  0 1
   209  0.1986742009472399E-02   4   0 2  0 1  0 0  0 1
   210  0.1441506357741768       4   1 0  1 1  0 0  0 1
   211  0.1872008291056649E-01   4   0 1  1 1  0 0  0 1
   212  0.3458928957806995E-02   4   0 0  2 1  0 0  0 1
   213  0.1973204589491754E-01   4   1 0  0 2  0 0  0 1
   214  -.2986616667171766E-01   4   0 1  0 2  0 0  0 1
   215  0.2623740157757020E-02   4   0 0  1 2  0 0  0 1
   216  0.7241551622002931E-03   4   0 0  0 3  0 0  0 1
   217  -1.252710267789618       4   2 0  0 0  0 2  0 0
   218  -4.275607445136515       4   1 1  0 0  0 2  0 0
   219  -3.878286188271314       4   0 2  0 0  0 2  0 0
   220  -.6397157164712369E-04   4   1 0  1 0  0 2  0 0
   221  -.1276308922784852E-03   4   0 1  1 0  0 2  0 0
   222  -.5819418454092946       4   0 0  2 0  0 2  0 0
   223  -.1323482084672674E-03   4   1 0  0 1  0 2  0 0
   224  -.2146616018705015E-03   4   0 1  0 1  0 2  0 0
   225  -1.198214850267212       4   0 0  1 1  0 2  0 0
   226  -.9075575192475982       4   0 0  0 2  0 2  0 0
   227  -.6162119789206234       4   2 0  0 0  0 1  1 0
   228  -2.877012346337062       4   1 1  0 0  0 1  1 0
   229  -2.986558178120202       4   0 2  0 0  0 1  1 0
   230  -.2673902058189656E-04   4   1 0  1 0  0 1  1 0
   231  -.7729059514937791E-04   4   0 1  1 0  0 1  1 0
   232  -.1660233359654075       4   0 0  2 0  0 1  1 0
   233  -.8170823860666459E-04   4   1 0  0 1  0 1  1 0
   234  -.1651711994767020E-03   4   0 1  0 1  0 1  1 0
   235  -.8540486906996150       4   0 0  1 1  0 1  1 0
   236  -.6587039758371858       4   0 0  0 2  0 1  1 0
   237  -.3083258140313264       4   2 0  0 0  0 0  2 0
   238  -1.438475597540884       4   1 1  0 0  0 0  2 0
   239  -1.492870977514332       4   0 2  0 0  0 0  2 0
   240  -.1351111090777760E-04   4   1 0  1 0  0 0  2 0
   241  -.3877443160578944E-04   4   0 1  1 0  0 0  2 0
   242  -.8323510782077748E-01   4   0 0  2 0  0 0  2 0
   243  -.4095892685648500E-04   4   1 0  0 1  0 0  2 0
   244  -.8263226725895571E-04   4   0 1  0 1  0 0  2 0
   245  -.4269675198554855       4   0 0  1 1  0 0  2 0
   246  -.3292970354557944       4   0 0  0 2  0 0  2 0
   247   2.176901978808183       4   2 0  0 0  0 1  0 1
   248   5.754114489412043       4   1 1  0 0  0 1  0 1
   249   3.589005880893841       4   0 2  0 0  0 1  0 1
   250  0.9266911884343888E-04   4   1 0  1 0  0 1  0 1
   251  0.1413281430707928E-03   4   0 1  1 0  0 1  0 1
   252  0.8309211599712699       4   0 0  2 0  0 1  0 1
   253  0.1490813377187882E-03   4   1 0  0 1  0 1  0 1
   254  0.1984601535888008E-03   4   0 1  0 1  0 1  0 1
   255   1.708074180606866       4   0 0  1 1  0 1  0 1
   256  0.7393791622449855       4   0 0  0 2  0 1  0 1
   257  0.8722162340684276       4   2 0  0 0  0 0  1 1
   258   2.978006092480054       4   1 1  0 0  0 0  1 1
   259   2.154944256096389       4   0 2  0 0  0 0  1 1
   260  0.3329790582066212E-04   4   1 0  1 0  0 0  1 1
   261  0.6960387323377457E-04   4   0 1  1 0  0 0  1 1
   262  0.1954595606571777       4   0 0  2 0  0 0  1 1
   263  0.7447278877745266E-04   4   1 0  0 1  0 0  1 1
   264  0.1152293813497645E-03   4   0 1  0 1  0 0  1 1
   265  0.8348843834454016       4   0 0  1 1  0 0  1 1
   266  0.4689183016430856       4   0 0  0 2  0 0  1 1
   267  -.8719015108549404       4   2 0  0 0  0 0  0 2
   268  -1.590204153168768       4   1 1  0 0  0 0  0 2
   269  -.7223420183288457       4   0 2  0 0  0 0  0 2
   270  -.3011295158406617E-04   4   1 0  1 0  0 0  0 2
   271  -.2631380537748877E-04   4   0 1  1 0  0 0  0 2
   272  -.1951681321912934       4   0 0  2 0  0 0  0 2
   273  -.2930056087836808E-04   4   1 0  0 1  0 0  0 2
   274  -.2575166986154770E-04   4   0 1  0 1  0 0  0 2
   275  -.3982379156724163       4   0 0  1 1  0 0  0 2
   276  -.1988553209648574       4   0 0  0 2  0 0  0 2
   277  -.1863708897464296E-03   4   1 0  0 0  0 3  0 0
   278  -.2597185402679817E-03   4   0 1  0 0  0 3  0 0
   279  -.9751141699122906E-04   4   0 0  1 0  0 3  0 0
   280  -.1293179166590201E-03   4   0 0  0 1  0 3  0 0
   281  -.1029471124401616E-03   4   1 0  0 0  0 2  1 0
   282  -.1354581856357953E-03   4   0 1  0 0  0 2  1 0
   283  -.2354533496342191E-04   4   0 0  1 0  0 2  1 0
   284  -.1016848100230300E-03   4   0 0  0 1  0 2  1 0
   285  -.6553852059177425E-04   4   1 0  0 0  0 1  2 0
   286  -.8546867326329127E-04   4   0 1  0 0  0 1  2 0
   287  -.1157970831115573E-04   4   0 0  1 0  0 1  2 0
   288  -.6636979570142530E-04   4   0 0  0 1  0 1  2 0
   289  -.3435026944400866E-04   4   1 0  0 0  0 0  3 0
   290  -.4520853420207890E-04   4   0 1  0 0  0 0  3 0
   291  -.7895943772780383E-05   4   0 0  1 0  0 0  3 0
   292  -.3389229700815775E-04   4   0 0  0 1  0 0  3 0
   293  0.1630038053502736E-03   4   1 0  0 0  0 2  0 1
   294  0.1287481320362499E-03   4   0 1  0 0  0 2  0 1
   295  0.1046547192502176E-03   4   0 0  1 0  0 2  0 1
   296  0.1876124332207681E-03   4   0 0  0 1  0 2  0 1
   297  0.9454509166091005E-04   4   1 0  0 0  0 1  1 1
   298  0.7392543272131364E-04   4   0 1  0 0  0 1  1 1
   299  0.1317606932258533E-04   4   0 0  1 0  0 1  1 1
   300  0.1183222924515543E-03   4   0 0  0 1  0 1  1 1
   301  0.4728640413714161E-04   4   1 0  0 0  0 0  2 1
   302  0.3697435914926906E-04   4   0 1  0 0  0 0  2 1
   303  0.6645317381389983E-05   4   0 0  1 0  0 0  2 1
   304  0.5916844041252677E-04   4   0 0  0 1  0 0  2 1
   305  -.1816280083678466E-05   4   1 0  0 0  0 1  0 2
   306  0.2113472891020633E-05   4   0 1  0 0  0 1  0 2
   307  -.4017840894664041E-05   4   0 0  1 0  0 1  0 2
   308  -.2465891634702943E-04   4   0 0  0 1  0 1  0 2
   309  -.7103406400038471E-05   4   1 0  0 0  0 0  1 2
   310  -.2714940513419639E-05   4   0 1  0 0  0 0  1 2
   311  0.8064980478921250E-05   4   0 0  1 0  0 0  1 2
   312  -.1054582458150748E-04   4   0 0  0 1  0 0  1 2
   313  0.2366599749685678E-06   4   1 0  0 0  0 0  0 3
   314  0.3289571804264233E-06   4   0 1  0 0  0 0  0 3
   315  -.7935898307988163E-05   4   0 0  1 0  0 0  0 3
   316  -.7266640533901804E-05   4   0 0  0 1  0 0  0 3
   317  -.1565302533706960       4   0 0  0 0  0 4  0 0
   318  0.8947684232357858E-01   4   0 0  0 0  0 3  1 0
   319  0.2686485399036249E-01   4   0 0  0 0  0 2  2 0
   320  0.1798162623781287E-01   4   0 0  0 0  0 1  3 0
   321  0.2220686144509757E-01   4   0 0  0 0  0 0  4 0
   322  0.7579442948340811E-08   4   0 0  0 0  0 3  0 1
   323  0.3770236309787280E-08   4   0 0  0 0  0 2  1 1
   324  0.3037446871094190E-08   4   0 0  0 0  0 1  2 1
   325  0.1006097239493579E-08   4   0 0  0 0  0 0  3 1
   326  -.3617647472934908E-09   4   0 0  0 0  0 2  0 2
   327  0.4545154208623773E-09   4   0 0  0 0  0 1  1 2
   328  0.1802174516625361E-09   4   0 0  0 0  0 0  2 2
   329  -.6461454321300129E-09   4   0 0  0 0  0 1  0 3
   330  -.2886878788885954E-09   4   0 0  0 0  0 0  1 3
   331  -.4991582529921357E-10   4   0 0  0 0  0 0  0 4
   ----------------------------------------------------
     I  COEFFICIENT            ORDER EXPONENTS
     1   1.000000000000000       1   0 0  0 0  0 1  0 0
     --------------------------------------------------
     I  COEFFICIENT            ORDER EXPONENTS
     1   1.000000000000000       1   0 0  0 0  0 0  1 0
     --------------------------------------------------
     I  COEFFICIENT            ORDER EXPONENTS
     1   1.000000000000000       1   0 0  0 0  0 0  0 1
     --------------------------------------------------
