   0.0000000000000000        0.0000000000000000
   5.0000000000000003E-002   4.2197520384024693E-004
  0.10000000000000001        1.6142421092676139E-003
  0.15000000000000002        3.6159174218983090E-003
  0.20000000000000001        6.4198481510630342E-003
  0.25000000000000000        1.0023652338332639E-002
  0.30000000000000004        1.4424990210009411E-002
  0.35000000000000003        1.9621028827926330E-002
  0.40000000000000002        2.5608191454752856E-002
  0.45000000000000001        3.2381959396379500E-002
  0.50000000000000000        3.9936678162264865E-002
  0.55000000000000004        4.8265354333651797E-002
  0.60000000000000009        5.7359440661625516E-002
  0.65000000000000002        6.7208610537203464E-002
  0.70000000000000007        7.7800524618630490E-002
  0.75000000000000000        8.9120593408745272E-002
  0.80000000000000004       0.10115174034792250     
  0.85000000000000009       0.11387417065038682     
  0.90000000000000002       0.12726515169334415     
  0.95000000000000007       0.14129881126056640     
   1.0000000000000000       0.15594596031772945     
   1.0500000000000000       0.17117394721929607     
   1.1000000000000001       0.18694655027483556     
   1.1500000000000001       0.20322391539476328     
   1.2000000000000002       0.21996254505382096     
   1.2500000000000000       0.23711534402604348     
   1.3000000000000000       0.25463172624189595     
   1.3500000000000001       0.27245778569952778     
   1.4000000000000001       0.29053653265296520     
   1.4500000000000002       0.30880819435088241     
   1.5000000000000000       0.32721057748605920     
   1.5500000000000000       0.34567948733641701     
   1.6000000000000001       0.36414919644978577     
   1.6500000000000001       0.38255295377164594     
   1.7000000000000002       0.40082352346212297     
   1.7500000000000000       0.41889374140687097     
   1.8000000000000000       0.43669707668374547     
   1.8500000000000001       0.45416818505793838     
   1.9000000000000001       0.47124344195821344     
   1.9500000000000002       0.48786144331086517     
   2.0000000000000000       0.50396346401264458     
   2.0500000000000003       0.51949386561348843     
   2.1000000000000001       0.53440044683692334     
   2.1499999999999999       0.54863473276271324     
   2.2000000000000002       0.56215220070047045     
   2.2500000000000000       0.57491244288172072     
   2.3000000000000003       0.58687926798860968     
   2.3500000000000001       0.59802074514685388     
   2.4000000000000004       0.60830919529120675     
   2.4500000000000002       0.61772113574252585     
   2.5000000000000000       0.62623718441997978     
   2.5500000000000003       0.63384193037360370     
   2.6000000000000001       0.64052377730021059     
   2.6500000000000004       0.64627476644859838     
   2.7000000000000002       0.65109038488226634     
   2.7500000000000000       0.65496936450459753     
   2.8000000000000003       0.65791347661520350     
   2.8500000000000001       0.65992732610417648     
   2.9000000000000004       0.66101814874367260     
   2.9500000000000002       0.66119561443577446     
   3.0000000000000000       0.66047163874562820     
   3.0500000000000003       0.65886020460446260     
   3.1000000000000001       0.65637719571501663     
   3.1500000000000004       0.65304024293097929     
   3.2000000000000002       0.64886858470393949     
   3.2500000000000000       0.64388294258116752     
   3.3000000000000003       0.63810541267469478     
   3.3500000000000001       0.63155937398118878     
   3.4000000000000004       0.62426941438375538     
   3.4500000000000002       0.61626127507915496     
   3.5000000000000000       0.60756181401390341     
   3.5500000000000003       0.59819898864781951     
   3.6000000000000001       0.58820185796394442     
   3.6500000000000004       0.57760060308481198     
   3.7000000000000002       0.56642656512043399     
   3.7500000000000000       0.55471229795844412     
   3.8000000000000003       0.54249163262231248     
   3.8500000000000001       0.52979974859934442     
   3.9000000000000004       0.51667324622885302     
   3.9500000000000002       0.50315021292022011     
   4.0000000000000000       0.48927027474440266     
   4.0499999999999998       0.47507462393900074     
   4.1000000000000005       0.46060601223350311     
   4.1500000000000004       0.44590869979408793     
   4.2000000000000002       0.43102835015677593     
   4.2500000000000000       0.41601186288844394     
   4.2999999999999998       0.40090713796242633     
   4.3500000000000005       0.38576276896022699     
   4.4000000000000004       0.37062766611850739     
   4.4500000000000002       0.35555061472660449     
   4.5000000000000000       0.34057977913024950     
   4.5499999999999998       0.32576216720574253     
   4.6000000000000005       0.31114307417501802     
   4.6500000000000004       0.29676552757617058     
   4.7000000000000002       0.28266975669340211     
   4.7500000000000000       0.26889270952504990     
   4.8000000000000007       0.25546763835289621     
   4.8500000000000005       0.24242377130494247     
   4.9000000000000004       0.22978608231297784     
   4.9500000000000002       0.21757516604862312     
   5.0000000000000000       0.20580721835607824     
   5.0500000000000007       0.19449411696684371     
   5.1000000000000005       0.18364359238187525     
   5.1500000000000004       0.17325947509922549     
   5.2000000000000002       0.16334200303561322     
   5.2500000000000000       0.15388817204919697     
   5.3000000000000007       0.14489211278053488     
   5.3500000000000005       0.13634547834741609     
   5.4000000000000004       0.12823782946143827     
   5.4500000000000002       0.12055700597765036     
   5.5000000000000000       0.11328947647099237     
   5.5500000000000007       0.10642065993535170     
   5.6000000000000005        9.9935215966358085E-002
   5.6500000000000004        9.3817301722883495E-002
   5.7000000000000002        8.8050795523479497E-002
   5.7500000000000000        8.2619488123015297E-002
   5.8000000000000007        7.7507243560545100E-002
   5.8500000000000005        7.2698132017735131E-002
   5.9000000000000004        6.8176537431160839E-002
   5.9500000000000002        6.3927242714933580E-002
   6.0000000000000000        5.9935495421783218E-002
   6.0500000000000007        5.6187056543601774E-002
   6.1000000000000005        5.2668234961627848E-002
   6.1500000000000004        4.9365909829459848E-002
   6.2000000000000002        4.6267542929604881E-002
   6.2500000000000000        4.3361182801123617E-002
   6.3000000000000007        4.0635462202166385E-002
   6.3500000000000005        3.8079590253142136E-002
   6.4000000000000004        3.5683340407443934E-002
   6.4500000000000002        3.3437035218579117E-002
   6.5000000000000000        3.1331528715322264E-002
   6.5500000000000007        2.9358187059308819E-002
   6.6000000000000005        2.7508868040943584E-002
   6.6500000000000004        2.5775899867934174E-002
   6.7000000000000002        2.4152059614384210E-002
   6.7500000000000000        2.2630551625404245E-002
   6.8000000000000007        2.1204986110912132E-002
   6.8500000000000005        1.9869358111115523E-002
   6.9000000000000004        1.8618026973664065E-002
   6.9500000000000002        1.7445696447347982E-002
   7.0000000000000000        1.6347395468379908E-002
   7.0500000000000007        1.5318459691747357E-002
   7.1000000000000005        1.4354513801018869E-002
   7.1500000000000004        1.3451454614601855E-002
   7.2000000000000002        1.2605434994165264E-002
   7.2500000000000000        1.1812848551230194E-002
   7.3000000000000007        1.1070315140351979E-002
   7.3500000000000005        1.0374667121494157E-002
   7.4000000000000004        9.7229363698133689E-003
   7.4500000000000002        9.1123420078718376E-003
   7.5000000000000000        8.5402788330504863E-003
   7.5500000000000007        8.0043064114686396E-003
   7.6000000000000005        7.5021388088723096E-003
   7.6500000000000004        7.0316349286075564E-003
   7.7000000000000002        6.5907894268431534E-003
   7.7500000000000000        6.1777241755623649E-003
   7.8000000000000007        5.7906802444361903E-003
   7.8500000000000005        5.4280103734623553E-003
   7.9000000000000004        5.0881719091580560E-003
   7.9500000000000002        4.7697201780920245E-003
   8.0000000000000000        4.4713022726014431E-003
   8.0500000000000007        4.1916512246369239E-003
   8.0999999999999996        3.9295805447940764E-003
   8.1500000000000004        3.6839791047073951E-003
   8.2000000000000011        3.4538063420889819E-003
   8.2500000000000000        3.2380877687811951E-003
   8.3000000000000007        3.0359107632517866E-003
   8.3499999999999996        2.8464206299867135E-003
   8.4000000000000004        2.6688169092259012E-003
   8.4500000000000011        2.5023499214381329E-003
   8.5000000000000000        2.3463175318413233E-003
   8.5500000000000007        2.2000621211427786E-003
   8.5999999999999996        2.0629677495005504E-003
   8.6500000000000004        1.9344575014918755E-003
   8.7000000000000011        1.8139910006186228E-003
   8.7500000000000000        1.7010620825836397E-003
   8.8000000000000007        1.5951966172370684E-003
   8.8499999999999996        1.4959504697194005E-003
   8.9000000000000004        1.4029075919197700E-003
   8.9500000000000011        1.3156782359251950E-003
   9.0000000000000000        1.2338972816607968E-003
   9.0500000000000007        1.1572226714139573E-003
   9.0999999999999996        1.0853339443985606E-003
   9.1500000000000004        1.0179308649503694E-003
   9.2000000000000011        9.5473213835278758E-004
   9.2500000000000000        8.9547420867518851E-004
   9.3000000000000007        8.3991013336507324E-004
   9.3499999999999996        7.8780852967193129E-004
   9.4000000000000004        7.3895258829611470E-004
   9.4500000000000011        6.9313914995155709E-004
   9.5000000000000000        6.5017784080796020E-004
   9.5500000000000007        6.0989026303727521E-004
   9.6000000000000014        5.7210923693197285E-004
   9.6500000000000004        5.3667809128978288E-004
   9.7000000000000011        5.0344999897220140E-004
   9.7500000000000000        4.7228735474307156E-004
   9.8000000000000007        4.4306119267975097E-004
   9.8500000000000014        4.1565064062362445E-004
   9.9000000000000004        3.8994240929974622E-004
   9.9500000000000011        3.6583031388791592E-004
   10.000000000000000        3.4321482597018087E-004
   10.050000000000001        3.2200265391324468E-004
   10.100000000000001        3.0210634986912451E-004
   10.150000000000000        2.8344394169421005E-004
   10.200000000000001        2.6593858819614068E-004
   10.250000000000000        2.4951825622012065E-004
   10.300000000000001        2.3411541818190118E-004
   10.350000000000001        2.1966676874408657E-004
   10.400000000000000        2.0611295941607414E-004
   10.450000000000001        1.9339834993619309E-004
   10.500000000000000        1.8147077536780551E-004
   10.550000000000001        1.7028132790960715E-004
   10.600000000000001        1.5978415248442409E-004
   10.650000000000000        1.4993625523072263E-004
   10.700000000000001        1.4069732407711143E-004
   10.750000000000000        1.3202956063255896E-004
   10.800000000000001        1.2389752267411708E-004
   10.850000000000001        1.1626797655984478E-004
   10.900000000000000        1.0910975893757881E-004
   10.950000000000001        1.0239364716038185E-004
   11.000000000000000        9.6092237857100729E-005
   11.050000000000001        9.0179833141650726E-005
   11.100000000000001        8.4632333977564244E-005
   11.150000000000000        7.9427140245150329E-005
   11.200000000000001        7.4543057087441282E-005
   11.250000000000000        6.9960207138083583E-005
   11.300000000000001        6.5659948259579517E-005
   11.350000000000001        6.1624796443918308E-005
   11.400000000000000        5.7838353549752677E-005
   11.450000000000001        5.4285239570978337E-005
   11.500000000000000        5.0951029150951185E-005
   11.550000000000001        4.7822192074713479E-005
   11.600000000000001        4.4886037488579058E-005
   11.650000000000000        4.2130661612320131E-005
   11.700000000000001        3.9544898724076861E-005
   11.750000000000000        3.7118275212039491E-005
   11.800000000000001        3.4840966499992775E-005
   11.850000000000001        3.2703756666021427E-005
   11.900000000000000        3.0698000585105853E-005
   11.950000000000001        2.8815588437040184E-005
   12.000000000000000        2.7048912431126245E-005
   12.050000000000001        2.5390835608480548E-005
   12.100000000000001        2.3834662591578751E-005
   12.150000000000000        2.2374112158890397E-005
   12.200000000000001        2.1003291530162795E-005
   12.250000000000000        1.9716672255129001E-005
   12.300000000000001        1.8509067605174004E-005
   12.350000000000001        1.7375611373822545E-005
   12.400000000000000        1.6311737997840617E-005
   12.450000000000001        1.5313163916295722E-005
   12.500000000000000        1.4375870090121656E-005
   12.550000000000001        1.3496085609605795E-005
   12.600000000000001        1.2670272321779991E-005
   12.650000000000000        1.1895110413971298E-005
   12.700000000000001        1.1167484893773190E-005
   12.750000000000000        1.0484472909449527E-005
   12.800000000000001        9.8433318582979934E-006
   12.850000000000001        9.2414882337925437E-006
   12.900000000000000        8.6765271654090627E-006
   12.950000000000001        8.1461826079288794E-006
   13.000000000000000        7.6483281397227069E-006
   13.050000000000001        7.1809683320549278E-006
   13.100000000000001        6.7422306538257137E-006
   13.150000000000000        6.3303578783962093E-006
   13.200000000000001        5.9437009612294849E-006
   13.250000000000000        5.5807123590363253E-006
   13.300000000000001        5.2399397629479277E-006
   13.350000000000001        4.9200202199555778E-006
   13.400000000000000        4.6196746184673437E-006
   13.450000000000001        4.3377025153405791E-006
   13.500000000000000        4.0729772831631551E-006
   13.550000000000001        3.8244415578816334E-006
   13.600000000000001        3.5911029681167427E-006
   13.650000000000000        3.3720301286707884E-006
   13.700000000000001        3.1663488818228153E-006
   13.750000000000000        2.9732387710302737E-006
   13.800000000000001        2.7919297326146509E-006
   13.850000000000001        2.6216989919072710E-006
   13.900000000000000        2.4618681511739131E-006
   13.950000000000001        2.3118004574266690E-006
   14.000000000000000        2.1708982389717145E-006
   14.050000000000001        2.0386005002357733E-006
   14.100000000000001        1.9143806650646175E-006
   14.150000000000000        1.7977444592969752E-006
   14.200000000000001        1.6882279239890452E-006
   14.250000000000000        1.5853955512009888E-006
   14.300000000000001        1.4888385347594172E-006
   14.350000000000001        1.3981731288812380E-006
   14.400000000000000        1.3130391079860608E-006
   14.450000000000001        1.2330983214387496E-006
   14.500000000000000        1.1580333373521691E-006
   14.550000000000001        1.0875461699444725E-006
   14.600000000000001        1.0213570852868540E-006
   14.650000000000000        9.5920348059799254E-007
   14.700000000000001        9.0083883254176721E-007
   14.750000000000000        8.4603171026648511E-007
   14.800000000000001        7.9456484918798515E-007
   14.850000000000001        7.4623428176668139E-007
   14.900000000000000        7.0084852176088140E-007
   14.950000000000001        6.5822779865657922E-007
   15.000000000000000        6.1820333917819710E-007
   15.050000000000001        5.8061669297637571E-007
   15.100000000000001        5.4531909976859773E-007
   15.150000000000000        5.1217089537697257E-007
   15.200000000000001        4.8104095426557780E-007
   15.250000000000000        4.5180616632802223E-007
   15.300000000000001        4.2435094581493998E-007
   15.350000000000001        3.9856677042156696E-007
   15.400000000000000        3.7435174867788444E-007
   15.450000000000001        3.5161021389857166E-007
   15.500000000000000        3.3025234305764648E-007
   15.550000000000001        3.1019379905364394E-007
   15.600000000000001        2.9135539492589024E-007
   15.650000000000000        2.7366277867127890E-007
   15.700000000000001        2.5704613739429479E-007
   15.750000000000000        2.4143991960121498E-007
   15.800000000000001        2.2678257452275654E-007
   15.850000000000001        2.1301630741824759E-007
   15.900000000000000        2.0008684987894035E-007
   15.950000000000001        1.8794324420864236E-007
   16.000000000000000        1.7653764101664895E-007
   16.050000000000001        1.6582510921125731E-007
   16.100000000000001        1.5576345763214353E-007
   16.150000000000002        1.4631306760679852E-007
   16.199999999999999        1.3743673576022806E-007
   16.250000000000000        1.2909952644842135E-007
   16.300000000000001        1.2126863322483223E-007
   16.350000000000001        1.1391324878547268E-007
   16.400000000000002        1.0700444287232334E-007
   16.449999999999999        1.0051504764676982E-007
   16.500000000000000        9.4419550074800953E-008
   16.550000000000001        8.8693990893879286E-008
   16.600000000000001        8.3315869757832653E-008
   16.650000000000002        7.8264056180921311E-008
   16.699999999999999        7.3518705925511860E-008
   16.750000000000000        6.9061182499632082E-008
   16.800000000000001        6.4873983451175137E-008
   16.850000000000001        6.0940671164754857E-008
   16.900000000000002        5.7245807885260421E-008
   16.949999999999999        5.3774894709094190E-008
   17.000000000000000        5.0514314299968267E-008
   17.050000000000001        4.7451277101048607E-008
   17.100000000000001        4.4573770829229756E-008
   17.150000000000002        4.1870513050455706E-008
   17.199999999999999        3.9330906647327135E-008
   17.250000000000000        3.6944998001799512E-008
   17.300000000000001        3.4703437726629755E-008
   17.350000000000001        3.2597443789414129E-008
   17.400000000000002        3.0618766882617856E-008
   17.449999999999999        2.8759657901965235E-008
   17.500000000000000        2.7012837403977038E-008
   17.550000000000001        2.5371466921339818E-008
   17.600000000000001        2.3829122022204201E-008
   17.650000000000002        2.2379767006464573E-008
   17.699999999999999        2.1017731138599955E-008
   17.750000000000000        1.9737686322780159E-008
   17.800000000000001        1.8534626131688649E-008
   17.850000000000001        1.7403846105906785E-008
   17.900000000000002        1.6340925245763254E-008
   17.949999999999999        1.5341708622300947E-008
   18.000000000000000        1.4402291038467484E-008
   18.050000000000001        1.3519001675814628E-008
   18.100000000000001        1.2688389665912194E-008
   18.150000000000002        1.1907210529359980E-008
   18.199999999999999        1.1172413428730042E-008
   18.250000000000000        1.0481129185007670E-008
   18.300000000000001        9.8306590101328774E-009
   18.350000000000001        9.2184639110896838E-009
   18.400000000000002        8.6421547236573227E-009
   18.449999999999999        8.0994827364383551E-009
   18.500000000000000        7.5883308681218599E-009
   18.550000000000001        7.1067053631357745E-009
   18.600000000000001        6.6527279728998370E-009
   18.650000000000002        6.2246285918170564E-009
   18.699999999999999        5.8207383189456246E-009
   18.750000000000000        5.4394829179815011E-009
   18.800000000000001        5.0793766497614457E-009
   18.850000000000001        4.7390164529732028E-009
   18.900000000000002        4.4170764501401868E-009
   18.949999999999999        4.1123027572372145E-009
   19.000000000000000        3.8235085764975775E-009
   19.050000000000001        3.5495695530939467E-009
   19.100000000000001        3.2894193774216596E-009
   19.150000000000002        3.0420456156862119E-009
   19.200000000000003        2.8064857524018618E-009
   19.250000000000000        2.5818234292481101E-009
   19.300000000000001        2.3671848655094992E-009
   19.350000000000001        2.1617354460440896E-009
   19.400000000000002        1.9646764633906909E-009
   19.450000000000003        1.7752420012364284E-009
   19.500000000000000        1.5926959470276231E-009
   19.550000000000001        1.4163291220199463E-009
   19.600000000000001        1.2454565175308369E-009
   19.650000000000002        1.0794146265798653E-009
   19.700000000000003        9.1755886048294896E-010
   19.750000000000000        7.5926104030548525E-010
   19.800000000000001        6.0390695337904324E-010
   19.850000000000001        4.5089396534737503E-010
   19.900000000000002        2.9962867843125248E-010
   19.950000000000003        1.4952462678888661E-010
   20.000000000000000        0.0000000000000000     
