   0.0000000000000000        0.0000000000000000     
   5.0000000000000003E-002   2.4025659167563773E-002
  0.10000000000000001        4.8034210646444198E-002
  0.15000000000000002        7.2013323409790927E-002
  0.20000000000000001        9.5944591868831156E-002
  0.25000000000000000       0.11981170786338388     
  0.30000000000000004       0.14359633986341913     
  0.35000000000000003       0.16727853069467877     
  0.40000000000000002       0.19083650803944824     
  0.45000000000000001       0.21424644982779908     
  0.50000000000000000       0.23748228028420298     
  0.55000000000000004       0.26051550373345655     
  0.60000000000000009       0.28331508242612807     
  0.65000000000000002       0.30584736437439541     
  0.70000000000000007       0.32807606702403569     
  0.75000000000000000       0.34996232217082229     
  0.80000000000000004       0.37146478681656836     
  0.85000000000000009       0.39253982361417095     
  0.90000000000000002       0.41314175315206442     
  0.95000000000000007       0.43322317857729747     
   1.0000000000000000       0.45273538097974103     
   1.0500000000000000       0.47162878161408706     
   1.1000000000000001       0.48985346450880157     
   1.1500000000000001       0.50735975041942183     
   1.2000000000000002       0.52409881056995644     
   1.2500000000000000       0.54002330634978779     
   1.3000000000000000       0.55508803925832273     
   1.3500000000000001       0.56925059407024270     
   1.4000000000000001       0.58247195756017967     
   1.4500000000000002       0.59471709526711047     
   1.5000000000000000       0.60595546973441416     
   1.5500000000000000       0.61616148541133398     
   1.6000000000000001       0.62531484786551683     
   1.6500000000000001       0.63340082799961106     
   1.7000000000000002       0.64041042540931503     
   1.7500000000000000       0.64634042866025287     
   1.8000000000000000       0.65119337388242116     
   1.8500000000000001       0.65497740647998515     
   1.9000000000000001       0.65770605375459767     
   1.9500000000000002       0.65939791870597508     
   2.0000000000000000       0.66007630711590681     
   2.0500000000000003       0.65976880120066639     
   2.1000000000000001       0.65850679366037923     
   2.1499999999999999       0.65632499584003556     
   2.2000000000000002       0.65326093316660239     
   2.2500000000000000       0.64935443996193887     
   2.3000000000000003       0.64464716439979819     
   2.3500000000000001       0.63918209281656546     
   2.4000000000000004       0.63300310091927769     
   2.4500000000000002       0.62615453774763918     
   2.5000000000000000       0.61868084661258427     
   2.5500000000000003       0.61062622570965963     
   2.6000000000000001       0.60203432973218518     
   2.6500000000000004       0.59294801261321328     
   2.7000000000000002       0.58340911052029965     
   2.7500000000000000       0.57345826341607875     
   2.8000000000000003       0.56313477287532931     
   2.8500000000000001       0.55247649340413008     
   2.9000000000000004       0.54151975422300458     
   2.9500000000000002       0.53029930833491634     
   3.0000000000000000       0.51884830568022322     
   3.0500000000000003       0.50719828726309690     
   3.1000000000000001       0.49537919729622720     
   3.1500000000000004       0.48341941063200472     
   3.2000000000000002       0.47134577300863040     
   3.2500000000000000       0.45918365191953414     
   3.3000000000000003       0.44695699619606366     
   3.3500000000000001       0.43468840265996483     
   3.4000000000000004       0.42239918843878366     
   3.4500000000000002       0.41010946773098000     
   3.5000000000000000       0.39783823194779022     
   3.5500000000000003       0.38560343223810184     
   3.6000000000000001       0.37342206341681777     
   3.6500000000000004       0.36131024826654912     
   3.7000000000000002       0.34928332107199955     
   3.7500000000000000       0.33735590908654289     
   3.8000000000000003       0.32554201043756048     
   3.8500000000000001       0.31385506677340003     
   3.9000000000000004       0.30230802876827068     
   3.9500000000000002       0.29091341246456093     
   4.0000000000000000       0.27968334438028780     
   4.0499999999999998       0.26862959337787851     
   4.1000000000000005       0.25776358751057515     
   4.1500000000000004       0.24709641445702840     
   4.2000000000000002       0.23663880473187177     
   4.2500000000000000       0.22640109761010752     
   4.2999999999999998       0.21639319059327855     
   4.3500000000000005       0.20662447421892619     
   4.4000000000000004       0.19710375499317864     
   4.4500000000000002       0.18783917011547274     
   4.5000000000000000       0.17883809836559503     
   4.5499999999999998       0.17010707194686078     
   4.6000000000000005       0.16165169415996258     
   4.6500000000000004       0.15347656749185837     
   4.7000000000000002       0.14558523606042309     
   4.7500000000000000       0.13798014542152834     
   4.8000000000000007       0.13066262162112319     
   4.8500000000000005       0.12363287018267861     
   4.9000000000000004       0.11688999458348948     
   4.9500000000000002       0.11043203279714382     
   5.0000000000000000       0.10425600973623682     
   5.0500000000000007        9.8358002951121043E-002
   5.1000000000000005        9.2733218720289196E-002
   5.1500000000000004        8.7376075668672934E-002
   5.2000000000000002        8.2280293216738201E-002
   5.2500000000000000        7.7438982436085116E-002
   5.3000000000000007        7.2844737212539493E-002
   5.3500000000000005        6.8489723954054213E-002
   5.4000000000000004        6.4365768401241835E-002
   5.4500000000000002        6.0464438389339223E-002
   5.5000000000000000        5.6777121667988151E-002
   5.5500000000000007        5.3295098111410255E-002
   5.6000000000000005        5.0009605850767330E-002
   5.6500000000000004        4.6911901037130381E-002
   5.7000000000000002        4.3993311100649385E-002
   5.7500000000000000        4.1245281510754427E-002
   5.8000000000000007        3.8659416163771033E-002
   5.8500000000000005        3.6227511627738296E-002
   5.9000000000000004        3.3941585558904801E-002
   5.9500000000000002        3.1793899670117511E-002
   6.0000000000000000        2.9776977678489309E-002
   6.0500000000000007        2.7883618689384999E-002
   6.1000000000000005        2.6106906487558978E-002
   6.1500000000000004        2.4440215206314193E-002
   6.2000000000000002        2.2877211834186596E-002
   6.2500000000000000        2.1411855998321516E-002
   6.3000000000000007        2.0038397436735269E-002
   6.3500000000000005        1.8751371540188501E-002
   6.4000000000000004        1.7545593310300266E-002
   6.4500000000000002        1.6416150045362315E-002
   6.5000000000000000        1.5358393030314697E-002
   6.5500000000000007        1.4367928473465378E-002
   6.6000000000000005        1.3440607900461414E-002
   6.6500000000000004        1.2572518186202485E-002
   6.7000000000000002        1.1759971378097525E-002
   6.7500000000000000        1.0999494439420734E-002
   6.8000000000000007        1.0287819019529274E-002
   6.8500000000000005        9.6218713382834452E-003
   6.9000000000000004        8.9987622550249963E-003
   6.9500000000000002        8.4157775777479234E-003
   7.0000000000000000        7.8703686554449474E-003
   7.0500000000000007        7.3601432858305333E-003
   7.1000000000000005        6.8828569615263348E-003
   7.1500000000000004        6.4364044701542243E-003
   7.2000000000000002        6.0188118574323610E-003
   7.2500000000000000        5.6282287571429567E-003
   7.3000000000000007        5.2629210875825760E-003
   7.3500000000000005        4.9212641106790214E-003
   7.4000000000000004        4.6017358472402407E-003
   7.4500000000000002        4.3029108396817001E-003
   7.5000000000000000        4.0234542519645483E-003
   7.5500000000000007        3.7621162952852041E-003
   7.6000000000000005        3.5177269672162495E-003
   7.6500000000000004        3.2891910914477616E-003
   7.7000000000000002        3.0754836449649286E-003
   7.7500000000000000        2.8756453593773816E-003
   7.8000000000000007        2.6887785831506885E-003
   7.8500000000000005        2.5140433916487803E-003
   7.9000000000000004        2.3506539321512163E-003
   7.9500000000000002        2.1978749913388351E-003
   8.0000000000000000        2.0550187731268829E-003
   8.0500000000000007        1.9214418751508531E-003
   8.0999999999999996        1.7965424526644321E-003
   8.1500000000000004        1.6797575590807600E-003
   8.2000000000000011        1.5705606528693518E-003
   8.2500000000000000        1.4684592610047030E-003
   8.3000000000000007        1.3729927896435077E-003
   8.3499999999999996        1.2837304731812653E-003
   8.4000000000000004        1.2002694533025647E-003
   8.4500000000000011        1.1222329800900641E-003
   8.5000000000000000        1.0492687276932231E-003
   8.5500000000000007        9.8104721747790187E-004
   8.5999999999999996        9.1726034198116554E-004
   8.6500000000000004        8.5761998338144615E-004
   8.7000000000000011        8.0185672056241723E-004
   8.7500000000000000        7.4971861919951200E-004
   8.8000000000000007        7.0097009963110066E-004
   8.8499999999999996        6.5539087759230649E-004
   8.9000000000000004        6.1277497318862134E-004
   8.9500000000000011        5.7292978376946276E-004
   9.0000000000000000        5.3567521662908392E-004
   9.0500000000000007        5.0084287771445346E-004
   9.0999999999999996        4.6827531275744964E-004
   9.1500000000000004        4.3782529747264990E-004
   9.2000000000000011        4.0935517367273030E-004
   9.2500000000000000        3.8273622835171997E-004
   9.3000000000000007        3.5784811297266797E-004
   9.3499999999999996        3.3457830037133255E-004
   9.4000000000000004        3.1282157685187136E-004
   9.4500000000000011        2.9247956720480109E-004
   9.5000000000000000        2.7346029052225534E-004
   9.5500000000000007        2.5567774482135270E-004
   9.6000000000000014        2.3905151861380115E-004
   9.6500000000000004        2.2350642767921016E-004
   9.7000000000000011        2.0897217541143308E-004
   9.7500000000000000        1.9538303521205431E-004
   9.8000000000000007        1.8267755350330798E-004
   9.8500000000000014        1.7079827202465923E-004
   9.9000000000000004        1.5969146816338184E-004
   9.9500000000000011        1.4930691215008193E-004
   10.000000000000000        1.3959764002558964E-004
   10.050000000000001        1.3051974135629000E-004
   10.100000000000001        1.2203216074108396E-004
   10.150000000000000        1.1409651221505517E-004
   10.200000000000001        1.0667690571282664E-004
   10.250000000000000        9.9739784808776955E-005
   10.300000000000001        9.3253775001985801E-005
   10.350000000000001        8.7189541861210668E-005
   10.400000000000000        8.1519658389571272E-005
   10.450000000000001        7.6218481010130782E-005
   10.500000000000000        7.1262033612393166E-005
   10.550000000000001        6.6627899136058614E-005
   10.600000000000001        6.2295118202352541E-005
   10.650000000000000        5.8244094335020589E-005
   10.700000000000001        5.4456505342801460E-005
   10.750000000000000        5.0915220462985517E-005
   10.800000000000001        4.7604222891662213E-005
   10.850000000000001        4.4508537350571064E-005
   10.900000000000000        4.1614162363205737E-005
   10.950000000000001        3.8908006934082859E-005
   11.000000000000000        3.6377831344969191E-005
   11.050000000000001        3.4012191800454282E-005
   11.100000000000001        3.1800388672641977E-005
   11.150000000000000        2.9732418110992700E-005
   11.200000000000001        2.7798926798551296E-005
   11.250000000000000        2.5991169650011472E-005
   11.300000000000001        2.4300970260361138E-005
   11.350000000000001        2.2720683925282601E-005
   11.400000000000000        2.1243163066104493E-005
   11.450000000000001        1.9861724902970019E-005
   11.500000000000000        1.8570121230048037E-005
   11.550000000000001        1.7362510156114961E-005
   11.600000000000001        1.6233429682720125E-005
   11.650000000000000        1.5177773000454091E-005
   11.700000000000001        1.4190765391606912E-005
   11.750000000000000        1.3267942634765710E-005
   11.800000000000001        1.2405130813691729E-005
   11.850000000000001        1.1598427439166103E-005
   11.900000000000000        1.0844183798430228E-005
   11.950000000000001        1.0138988452397430E-005
   12.000000000000000        9.4796518060023420E-006
   12.050000000000001        8.8631916819071798E-006
   12.100000000000001        8.2868198323211203E-006
   12.150000000000000        7.7479293279311248E-006
   12.200000000000001        7.2440827669090935E-006
   12.250000000000000        6.7730012506685541E-006
   12.300000000000001        6.3325540765117595E-006
   12.350000000000001        5.9207491005498977E-006
   12.400000000000000        5.5357237273104100E-006
   12.450000000000001        5.1757364852795678E-006
   12.500000000000000        4.8391591502783219E-006
   12.550000000000001        4.5244693810469970E-006
   12.600000000000001        4.2302438337309495E-006
   12.650000000000000        3.9551517241251352E-006
   12.700000000000001        3.6979488085605865E-006
   12.750000000000000        3.4574717562092387E-006
   12.800000000000001        3.2326328873536669E-006
   12.850000000000001        3.0224152538236212E-006
   12.900000000000000        2.8258680393486389E-006
   12.950000000000001        2.6421022590229897E-006
   13.000000000000000        2.4702867384320142E-006
   13.050000000000001        2.3096443542537427E-006
   13.100000000000001        2.1594485193323333E-006
   13.150000000000000        2.0190198963255281E-006
   13.200000000000001        1.8877233250621518E-006
   13.250000000000000        1.7649649497122626E-006
   13.300000000000001        1.6501895327762829E-006
   13.350000000000001        1.5428779437443857E-006
   13.400000000000000        1.4425448110674670E-006
   13.450000000000001        1.3487363268196225E-006
   13.500000000000000        1.2610281941227080E-006
   13.550000000000001        1.1790237080492290E-006
   13.600000000000001        1.1023519613235341E-006
   13.650000000000000        1.0306661667057415E-006
   13.700000000000001        9.6364208847056086E-007
   13.750000000000000        9.0097657588663182E-007
   13.800000000000001        8.4238619206331240E-007
   13.850000000000001        7.8760593196321400E-007
   13.900000000000000        7.3638802378206692E-007
   13.950000000000001        6.8850080827456681E-007
   14.000000000000000        6.4372769095739757E-007
   14.050000000000001        6.0186616245025463E-007
   14.100000000000001        5.6272688252386990E-007
   14.150000000000000        5.2613282371219481E-007
   14.200000000000001        4.9191847061529562E-007
   14.250000000000000        4.5992907127141088E-007
   14.300000000000001        4.3001993721212550E-007
   14.350000000000001        4.0205578903480857E-007
   14.400000000000000        3.7591014453233821E-007
   14.450000000000001        3.5146474661262284E-007
   14.500000000000000        3.2860902842039277E-007
   14.550000000000001        3.0723961324201104E-007
   14.600000000000001        2.8725984693136399E-007
   14.650000000000000        2.6857936074199509E-007
   14.700000000000001        2.5111366258816732E-007
   14.750000000000000        2.3478375488612487E-007
   14.800000000000001        2.1951577724704775E-007
   14.850000000000001        2.0524067240559538E-007
   14.900000000000000        1.9189387387303313E-007
   14.950000000000001        1.7941501390219164E-007
   15.000000000000000        1.6774765044338406E-007
   15.050000000000001        1.5683901185629846E-007
   15.100000000000001        1.4663975822319548E-007
   15.150000000000000        1.3710375818382865E-007
   15.200000000000001        1.2818788028270876E-007
   15.250000000000000        1.1985179788497442E-007
   15.300000000000001        1.1205780677850015E-007
   15.350000000000001        1.0477065463725593E-007
   15.400000000000000        9.7957381574577137E-008
   15.450000000000001        9.1587171065167231E-008
   15.500000000000000        8.5631210561550539E-008
   15.550000000000001        8.0062561174542206E-008
   15.600000000000001        7.4856035828298392E-008
   15.650000000000000        6.9988085338840756E-008
   15.700000000000001        6.5436691900786806E-008
   15.750000000000000        6.1181269500525262E-008
   15.800000000000001        5.7202570805404211E-008
   15.850000000000001        5.3482600107790582E-008
   15.900000000000000        5.0004531930245910E-008
   15.950000000000001        4.6752634923668363E-008
   16.000000000000000        4.3712200714191783E-008
   16.050000000000001        4.0869477377014792E-008
   16.100000000000001        3.8211607236261962E-008
   16.150000000000002        3.5726568709544274E-008
   16.199999999999999        3.3403121934181653E-008
   16.250000000000000        3.1230757929154031E-008
   16.300000000000001        2.9199651062839761E-008
   16.350000000000001        2.7300614611552454E-008
   16.400000000000002        2.5525059207866836E-008
   16.449999999999999        2.3864953990794989E-008
   16.500000000000000        2.2312790282094475E-008
   16.550000000000001        2.0861547624416098E-008
   16.600000000000001        1.9504662027681245E-008
   16.650000000000002        1.8235996280066693E-008
   16.699999999999999        1.7049812189313270E-008
   16.750000000000000        1.5940744628805230E-008
   16.800000000000001        1.4903777271030566E-008
   16.850000000000001        1.3934219898664338E-008
   16.900000000000002        1.3027687190652701E-008
   16.949999999999999        1.2180078887346880E-008
   17.000000000000000        1.1387561244973697E-008
   17.050000000000001        1.0646549695560922E-008
   17.100000000000001        9.9536926338881957E-009
   17.150000000000002        9.3058562581315117E-009
   17.199999999999999        8.7001103956354483E-009
   17.250000000000000        8.1337152497028515E-009
   17.300000000000001        7.6041090074574764E-009
   17.350000000000001        7.1088962527299253E-009
   17.400000000000002        6.6458371315580527E-009
   17.449999999999999        6.2128372212973466E-009
   17.500000000000000        5.8079380575191618E-009
   17.550000000000001        5.4293082758497010E-009
   17.600000000000001        5.0752353286843229E-009
   17.650000000000002        4.7441177393116689E-009
   17.699999999999999        4.4344578584129254E-009
   17.750000000000000        4.1448550901738059E-009
   17.800000000000001        3.8739995573708074E-009
   17.850000000000001        3.6206661767788925E-009
   17.900000000000002        3.3837091181035610E-009
   17.949999999999999        3.1620566213750078E-009
   18.000000000000000        2.9547061493633290E-009
   18.050000000000001        2.7607198530891320E-009
   18.100000000000001        2.5792203299199692E-009
   18.150000000000002        2.4093866550664133E-009
   18.199999999999999        2.2504506685281708E-009
   18.250000000000000        2.1016935006960550E-009
   18.300000000000001        1.9624423208950563E-009
   18.350000000000001        1.8320672941621406E-009
   18.400000000000002        1.7099787324942131E-009
   18.449999999999999        1.5956244276813441E-009
   18.500000000000000        1.4884871536615954E-009
   18.550000000000001        1.3880823271005674E-009
   18.600000000000001        1.2939558156144492E-009
   18.650000000000002        1.2056818837231319E-009
   18.699999999999999        1.1228612672428867E-009
   18.750000000000000        1.0451193674090907E-009
   18.800000000000001        9.7210455656095631E-010
   18.850000000000001        9.0348658772489335E-010
   18.900000000000002        8.3895510090298764E-010
   18.949999999999999        7.7821821931055577E-010
   19.000000000000000        7.2100122921350891E-010
   19.050000000000001        6.6704533739443206E-010
   19.100000000000001        6.1610650062737677E-010
   19.150000000000002        5.6795432186705645E-010
   19.200000000000003        5.2237100815991013E-010
   19.250000000000000        4.7915038556363570E-010
   19.300000000000001        4.3809696661966988E-010
   19.350000000000001        3.9902506616077930E-010
   19.400000000000002        3.6175796145454661E-010
   19.450000000000003        3.2612709288406923E-010
   19.500000000000000        2.9197130155054042E-010
   19.550000000000001        2.5913610034937792E-010
   19.600000000000001        2.2747297522296760E-010
   19.650000000000002        1.9683871342957923E-010
   19.700000000000003        1.6709475579020600E-010
   19.750000000000000        1.3810656998352887E-010
   19.800000000000001        1.0974304205441535E-010
   19.850000000000001        8.1875883383732396E-011
   19.900000000000002        5.4379050437193399E-011
   19.950000000000003        2.7128174668753379E-011
   20.000000000000000        0.0000000000000000     
