   0.0000000000000000        0.0000000000000000     
   5.0000000000000003E-002   9.5132217206827702E-006
  0.10000000000000001        7.6062352756782977E-005
  0.15000000000000002        2.5648377573466851E-004
  0.20000000000000001        6.0717194350352855E-004
  0.25000000000000000        1.1838937358687541E-003
  0.30000000000000004        2.0415305850185429E-003
  0.35000000000000003        3.2338408837906149E-003
  0.40000000000000002        4.8131984579038228E-003
  0.45000000000000001        6.8303126331410819E-003
  0.50000000000000000        9.3339290090236823E-003
  0.55000000000000004        1.2370510368698857E-002
  0.60000000000000009        1.5983898241393749E-002
  0.65000000000000002        2.0214956750807658E-002
  0.70000000000000007        2.5101201597845221E-002
  0.75000000000000000        3.0676418319439652E-002
  0.80000000000000004        3.6970275296638495E-002
  0.85000000000000009        4.4007938300903222E-002
  0.90000000000000002        5.1809694601658053E-002
  0.95000000000000007        6.0390595734392309E-002
   1.0000000000000000        6.9760128864690768E-002
   1.0500000000000000        7.9921927196247258E-002
   1.1000000000000001        9.0873529983114099E-002
   1.1500000000000001       0.10260620235508866     
   1.2000000000000002       0.11510482430936436     
   1.2500000000000000       0.12834785685020736     
   1.3000000000000000       0.14230739139566231     
   1.3500000000000001       0.15694928627856086     
   1.4000000000000001       0.17223339154815015     
   1.4500000000000002       0.18811386046049791     
   1.5000000000000000       0.20453954318573311     
   1.5500000000000000       0.22145445552425030     
   1.6000000000000001       0.23879831297489323     
   1.6500000000000001       0.25650711848042207     
   1.7000000000000002       0.27451379070272397     
   1.7500000000000000       0.29274881882483728     
   1.8000000000000000       0.31114092966522439     
   1.8500000000000001       0.32961775330145487     
   1.9000000000000001       0.34810647437283054     
   1.9500000000000002       0.36653445766768578     
   2.0000000000000000       0.38482983838106627     
   2.0500000000000003       0.40292206942205439     
   2.1000000000000001       0.42074242021914787     
   2.1499999999999999       0.43822442352005786     
   2.2000000000000002       0.45530426855914369     
   2.2500000000000000       0.47192114065116286     
   2.3000000000000003       0.48801750866078014     
   2.3500000000000001       0.50353936288816259     
   2.4000000000000004       0.51843640668698943     
   2.4500000000000002       0.53266220560538535     
   2.5000000000000000       0.54617429803988438     
   2.5500000000000003       0.55893427135608176     
   2.6000000000000001       0.57090780720286005     
   2.6500000000000004       0.58206469937933680     
   2.7000000000000002       0.59237884715488398     
   2.7500000000000000       0.60182822644073752     
   2.8000000000000003       0.61039484071102068     
   2.8500000000000001       0.61806465311033387     
   2.9000000000000004       0.62482750079697746     
   2.9500000000000002       0.63067699228088658     
   3.0000000000000000       0.63561038834143435     
   3.0500000000000003       0.63962846706260235     
   3.1000000000000001       0.64273537360389255     
   3.1500000000000004       0.64493845552922635     
   3.2000000000000002       0.64624808482969942     
   3.2500000000000000       0.64667746817899308     
   3.3000000000000003       0.64624244742528836     
   3.3500000000000001       0.64496129281759773     
   3.4000000000000004       0.64285449194958355     
   3.4500000000000002       0.63994453783869842     
   3.5000000000000000       0.63625571989953678     
   3.5500000000000003       0.63181392177452000     
   3.6000000000000001       0.62664643001187403     
   3.6500000000000004       0.62078175739522179     
   3.7000000000000002       0.61424948430447257     
   3.7500000000000000       0.60708012080968932     
   3.8000000000000003       0.59930499126964742     
   3.8500000000000001       0.59095614204565805     
   3.9000000000000004       0.58206627159205759     
   3.9500000000000002       0.57266868071512000     
   4.0000000000000000       0.56279723929403447     
   4.0499999999999998       0.55248636434499887     
   4.1000000000000005       0.54177100311238913     
   4.1500000000000004       0.53068661402530026     
   4.2000000000000002       0.51926913799131913     
   4.2500000000000000       0.50755495271438966     
   4.2999999999999998       0.49558080357777301     
   4.3500000000000005       0.48338370612204201     
   4.4000000000000004       0.47100081719326925     
   4.4500000000000002       0.45846927428253464     
   4.5000000000000000       0.44582600520196486     
   4.5499999999999998       0.43310751277875958     
   4.6000000000000005       0.42034964142344416     
   4.6500000000000004       0.40758733400296510     
   4.7000000000000002       0.39485438825903835     
   4.7500000000000000       0.38218322199726806     
   4.8000000000000007       0.36960465548674831     
   4.8500000000000005       0.35714771810861362     
   4.9000000000000004       0.34483948449989338     
   4.9500000000000002       0.33270494350515895     
   5.0000000000000000       0.32076690140068131     
   5.0500000000000007       0.30904591926482550     
   5.1000000000000005       0.29756028312899885     
   5.1500000000000004       0.28632600467502872     
   5.2000000000000002       0.27535684970743013     
   5.2500000000000000       0.26466439134814268     
   5.3000000000000007       0.25425808479335876     
   5.3500000000000005       0.24414536046428484     
   5.4000000000000004       0.23433173242536215     
   5.4500000000000002       0.22482091900831019     
   5.5000000000000000       0.21561497266217605     
   5.5500000000000007       0.20671441615470212     
   5.6000000000000005       0.19811838238949483     
   5.6500000000000004       0.18982475528550366     
   5.7000000000000002       0.18183030939331771     
   5.7500000000000000       0.17413084619313018     
   5.8000000000000007       0.16672132532238146     
   5.8500000000000005       0.15959598930367869     
   5.9000000000000004       0.15274848067071778     
   5.9500000000000002       0.14617195070731545     
   6.0000000000000000       0.13985915931016160     
   6.0500000000000007       0.13380256575043911     
   6.1000000000000005       0.12799441033725711     
   6.1500000000000004       0.12242678717427632     
   6.2000000000000002       0.11709170835001476     
   6.2500000000000000       0.11198116001420845     
   6.3000000000000007       0.10708715087077264     
   6.3500000000000005       0.10240175366671940     
   6.4000000000000004        9.7917140280524881E-002
   6.4500000000000002        9.3625611017578950E-002
   6.5000000000000000        8.9519618708877910E-002
   6.5500000000000007        8.5591788185980316E-002
   6.6000000000000005        8.1834931673852265E-002
   6.6500000000000004        7.8242060606443689E-002
   6.7000000000000002        7.4806394329989909E-002
   6.7500000000000000        7.1521366117956606E-002
   6.8000000000000007        6.8380626880644002E-002
   6.8500000000000005        6.5378046912768578E-002
   6.9000000000000004        6.2507715984565726E-002
   6.9500000000000002        5.9763942046580747E-002
   7.0000000000000000        5.7141248785611665E-002
   7.0500000000000007        5.4634372239359880E-002
   7.1000000000000005        5.2238256650245347E-002
   7.1500000000000004        4.9948049714481864E-002
   7.2000000000000002        4.7759097360758472E-002
   7.2500000000000000        4.5666938173573271E-002
   7.3000000000000007        4.3667297559232564E-002
   7.3500000000000005        4.1756081737567487E-002
   7.4000000000000004        3.9929371629340640E-002
   7.4500000000000002        3.8183416697924633E-002
   7.5000000000000000        3.6514628793955554E-002
   7.5500000000000007        3.4919576043126122E-002
   7.6000000000000005        3.3394976809931733E-002
   7.6500000000000004        3.1937693763873669E-002
   7.7000000000000002        3.0544728069229761E-002
   7.7500000000000000        2.9213213714906056E-002
   7.8000000000000007        2.7940411996982561E-002
   7.8500000000000005        2.6723706163267427E-002
   7.9000000000000004        2.5560596226397149E-002
   7.9500000000000002        2.4448693949693952E-002
   8.0000000000000000        2.3385718008052499E-002
   8.0500000000000007        2.2369489324521357E-002
   8.0999999999999996        2.1397926581923191E-002
   8.1500000000000004        2.0469041907779564E-002
   8.2000000000000011        1.9580936729935289E-002
   8.2500000000000000        1.8731797799582790E-002
   8.3000000000000007        1.7919893377841781E-002
   8.3499999999999996        1.7143569581630626E-002
   8.4000000000000004        1.6401246884252992E-002
   8.4500000000000011        1.5691416765899854E-002
   8.5000000000000000        1.5012638509117991E-002
   8.5500000000000007        1.4363536134208916E-002
   8.5999999999999996        1.3742795469486266E-002
   8.6500000000000004        1.3149161351326159E-002
   8.7000000000000011        1.2581434948985292E-002
   8.7500000000000000        1.2038471209230165E-002
   8.8000000000000007        1.1519176415910935E-002
   8.8499999999999996        1.1022505859721612E-002
   8.9000000000000004        1.0547461613509349E-002
   8.9500000000000011        1.0093090408627143E-002
   9.0000000000000000        9.6584816079628277E-003
   9.0500000000000007        9.2427652714210384E-003
   9.0999999999999996        8.8451103097813323E-003
   9.1500000000000004        8.4647227230038070E-003
   9.2000000000000011        8.1008439192017164E-003
   9.2500000000000000        7.7527491106476722E-003
   9.3000000000000007        7.4197457833254541E-003
   9.3499999999999996        7.1011722366821203E-003
   9.4000000000000004        6.7963961903748371E-003
   9.4500000000000011        6.5048134549430259E-003
   9.5000000000000000        6.2258466634686604E-003
   9.5500000000000007        5.9589440614159599E-003
   9.6000000000000014        5.7035783519656146E-003
   9.6500000000000004        5.4592455942784734E-003
   9.7000000000000011        5.2254641522389506E-003
   9.7500000000000000        5.0017736913393566E-003
   9.8000000000000007        4.7877342214730050E-003
   9.8500000000000014        4.5829251835061632E-003
   9.9000000000000004        4.3869445775971275E-003
   9.9500000000000011        4.1994081313245016E-003
   10.000000000000000        4.0199485057767440E-003
   10.050000000000001        3.8482145378410377E-003
   10.100000000000001        3.6838705170116441E-003
   10.150000000000000        3.5265954951165168E-003
   10.200000000000001        3.3760826274358232E-003
   10.250000000000000        3.2320385437576335E-003
   10.300000000000001        3.0941827479842791E-003
   10.350000000000001        2.9622470449680110E-003
   10.400000000000000        2.8359749933166553E-003
   10.450000000000001        2.7151213829691941E-003
   10.500000000000000        2.5994517363975831E-003
   10.550000000000001        2.4887418323449144E-003
   10.600000000000001        2.3827772510612317E-003
   10.650000000000000        2.2813529400471486E-003
   10.700000000000001        2.1842727993618806E-003
   10.750000000000000        2.0913492855966186E-003
   10.800000000000001        2.0024030336563245E-003
   10.850000000000001        1.9172624955332473E-003
   10.900000000000000        1.8357635952936725E-003
   10.950000000000001        1.7577493995358968E-003
   11.000000000000000        1.6830698026121030E-003
   11.050000000000001        1.6115812259398659E-003
   11.100000000000001        1.5431463307604950E-003
   11.150000000000000        1.4776337437313904E-003
   11.200000000000001        1.4149177947681412E-003
   11.250000000000000        1.3548782665792796E-003
   11.300000000000001        1.2974001553624980E-003
   11.350000000000001        1.2423734421558059E-003
   11.400000000000000        1.1896928743605809E-003
   11.450000000000001        1.1392577569758647E-003
   11.500000000000000        1.0909717531045469E-003
   11.550000000000001        1.0447426933124075E-003
   11.600000000000001        1.0004823934403162E-003
   11.650000000000000        9.5810648048831875E-004
   11.700000000000001        9.1753422620791212E-004
   11.750000000000000        8.7868838805552324E-004
   11.800000000000001        8.4149505717616153E-004
   11.850000000000001        8.0588351310140508E-004
   11.900000000000000        7.7178608486034976E-004
   11.950000000000001        7.3913801821596798E-004
   12.000000000000000        7.0787734875244976E-004
   12.050000000000001        6.7794478055166181E-004
   12.100000000000001        6.4928357020878889E-004
   12.150000000000000        6.2183941594862061E-004
   12.200000000000001        5.9556035161481297E-004
   12.250000000000000        5.7039664531479697E-004
   12.300000000000001        5.4630070251288749E-004
   12.350000000000001        5.2322697337355679E-004
   12.400000000000000        5.0113186416581056E-004
   12.450000000000001        4.7997365254817193E-004
   12.500000000000000        4.5971240656193904E-004
   12.550000000000001        4.4030990716816741E-004
   12.600000000000001        4.2172957417126346E-004
   12.650000000000000        4.0393639537915029E-004
   12.700000000000001        3.8689685885673418E-004
   12.750000000000000        3.7057888813584676E-004
   12.800000000000001        3.5495178025098242E-004
   12.850000000000001        3.3998614647603266E-004
   12.900000000000000        3.2565385564280614E-004
   12.950000000000001        3.1192797992747861E-004
   13.000000000000000        2.9878274299620827E-004
   13.050000000000001        2.8619347040602410E-004
   13.100000000000001        2.7413654216173729E-004
   13.150000000000000        2.6258934733406058E-004
   13.200000000000001        2.5153024064834904E-004
   13.250000000000000        2.4093850095741824E-004
   13.300000000000001        2.3079429151575025E-004
   13.350000000000001        2.2107862197607653E-004
   13.400000000000000        2.1177331203284423E-004
   13.450000000000001        2.0286095664042464E-004
   13.500000000000000        1.9432489273712707E-004
   13.550000000000001        1.8614916740913938E-004
   13.600000000000001        1.7831850743143718E-004
   13.650000000000000        1.7081829012549277E-004
   13.700000000000001        1.6363451547627599E-004
   13.750000000000000        1.5675377945358746E-004
   13.800000000000001        1.5016324848518708E-004
   13.850000000000001        1.4385063503150695E-004
   13.900000000000000        1.3780417421394947E-004
   13.950000000000001        1.3201260145089013E-004
   14.000000000000000        1.2646513105752584E-004
   14.050000000000001        1.2115143576764071E-004
   14.100000000000001        1.1606162713720622E-004
   14.150000000000000        1.1118623679149612E-004
   14.200000000000001        1.0651619847907941E-004
   14.250000000000000        1.0204283089766401E-004
   14.300000000000001        9.7757821258301456E-005
   14.350000000000001        9.3653209555930923E-005
   14.400000000000000        8.9721373515644850E-005
   14.450000000000001        8.5955014185399775E-005
   14.500000000000000        8.2347142147176858E-005
   14.550000000000001        7.8891064319822039E-005
   14.600000000000001        7.5580371327965722E-005
   14.650000000000000        7.2408925412540532E-005
   14.700000000000001        6.9370848859485112E-005
   14.750000000000000        6.6460512924242844E-005
   14.800000000000001        6.3672527230642401E-005
   14.850000000000001        6.1001729623678418E-005
   14.900000000000000        5.8443176456605488E-005
   14.950000000000001        5.5992133293608940E-005
   15.000000000000000        5.3644066010133174E-005
   15.050000000000001        5.1394632273726725E-005
   15.100000000000001        4.9239673389008461E-005
   15.150000000000000        4.7175206491071998E-005
   15.200000000000001        4.5197417072325909E-005
   15.250000000000000        4.3302651828418979E-005
   15.300000000000001        4.1487411809521431E-005
   15.350000000000001        3.9748345863829268E-005
   15.400000000000000        3.8082244360726998E-005
   15.450000000000001        3.6486033181588732E-005
   15.500000000000000        3.4956767966717720E-005
   15.550000000000001        3.3491628607421956E-005
   15.600000000000001        3.2087913972699111E-005
   15.650000000000000        3.0743036860459441E-005
   15.700000000000001        2.9454519163649533E-005
   15.750000000000000        2.8219987242056729E-005
   15.800000000000001        2.7037167490971361E-005
   15.850000000000001        2.5903882098264552E-005
   15.900000000000000        2.4818044981803457E-005
   15.950000000000001        2.3777657899473533E-005
   16.000000000000000        2.2780806724410603E-005
   16.050000000000001        2.1825657878363641E-005
   16.100000000000001        2.0910454916413894E-005
   16.150000000000002        2.0033515256566912E-005
   16.199999999999999        1.9193227048013007E-005
   16.250000000000000        1.8388046172117786E-005
   16.300000000000001        1.7616493370459401E-005
   16.350000000000001        1.6877151494473001E-005
   16.400000000000002        1.6168662871495898E-005
   16.449999999999999        1.5489726782230176E-005
   16.500000000000000        1.4839097044852636E-005
   16.550000000000001        1.4215579701206324E-005
   16.600000000000001        1.3618030800702845E-005
   16.650000000000002        1.3045354277751566E-005
   16.699999999999999        1.2496499918710468E-005
   16.750000000000000        1.1970461414524169E-005
   16.800000000000001        1.1466274495378222E-005
   16.850000000000001        1.0983015143855154E-005
   16.900000000000002        1.0519797883227126E-005
   16.949999999999999        1.0075774137663442E-005
   17.000000000000000        9.6501306612677627E-006
   17.050000000000001        9.2420880329909216E-006
   17.100000000000001        8.8508992145904753E-006
   17.150000000000002        8.4758481689277895E-006
   17.199999999999999        8.1162485360082664E-006
   17.250000000000000        7.7714423642796291E-006
   17.300000000000001        7.4407988948081893E-006
   17.350000000000001        7.1237133960533080E-006
   17.400000000000002        6.8196060470558774E-006
   17.449999999999999        6.5279208669487039E-006
   17.500000000000000        6.2481246887841307E-006
   17.550000000000001        5.9797061757580637E-006
   17.600000000000001        5.7221748779899683E-006
   17.650000000000002        5.4750603280948469E-006
   17.699999999999999        5.2379111738565901E-006
   17.750000000000000        5.0102943463822352E-006
   17.800000000000001        4.7917942621834912E-006
   17.850000000000001        4.5820120576960615E-006
   17.900000000000002        4.3805648548083979E-006
   17.949999999999999        4.1870850560300173E-006
   18.000000000000000        4.0012196679853282E-006
   18.050000000000001        3.8226296519723825E-006
   18.100000000000001        3.6509893003768149E-006
   18.150000000000002        3.4859856377800170E-006
   18.199999999999999        3.3273178456469694E-006
   18.250000000000000        3.1746967095236312E-006
   18.300000000000001        3.0278440877159999E-006
   18.350000000000001        2.8864924004634602E-006
   18.400000000000002        2.7503841386574562E-006
   18.449999999999999        2.6192713911933668E-006
   18.500000000000000        2.4929153900783734E-006
   18.550000000000001        2.3710860724515028E-006
   18.600000000000001        2.2535616587038085E-006
   18.650000000000002        2.1401282459168644E-006
   18.699999999999999        2.0305794158664754E-006
   18.750000000000000        1.9247158568659365E-006
   18.800000000000001        1.8223449987490400E-006
   18.850000000000001        1.7232806603178140E-006
   18.900000000000002        1.6273427086032389E-006
   18.949999999999999        1.5343567293095142E-006
   19.000000000000000        1.4441537078332926E-006
   19.050000000000001        1.3565697202692675E-006
   19.100000000000001        1.2714456338322070E-006
   19.150000000000002        1.1886268161431950E-006
   19.200000000000003        1.1079628528445657E-006
   19.250000000000000        1.0293072730235923E-006
   19.300000000000001        9.5251728193974864E-007
   19.350000000000001        8.7745350056407466E-007
   19.400000000000002        8.0397971145201695E-007
   19.450000000000003        7.3196261048306696E-007
   19.500000000000000        6.6127156401158561E-007
   19.550000000000001        5.9177837098344886E-007
   19.600000000000001        5.2335702958253899E-007
   19.650000000000002        4.5588350797972229E-007
   19.700000000000003        3.8923551876475429E-007
   19.750000000000000        3.2329229664858186E-007
   19.800000000000001        2.5793437902980527E-007
   19.850000000000001        1.9304338902456234E-007
   19.900000000000002        1.2850182056390142E-007
   19.950000000000003        6.4192825166758802E-008
   20.000000000000000        0.0000000000000000     
