   0.0000000000000000        0.0000000000000000     
   5.0000000000000003E-002   1.8629913935812818E-002
  0.10000000000000001        3.7257176098955437E-002
  0.15000000000000002        5.5884529656835678E-002
  0.20000000000000001        7.4508823885815811E-002
  0.25000000000000000        9.3128740064429866E-002
  0.30000000000000004       0.11174160866606314     
  0.35000000000000003       0.13034362664560079     
  0.40000000000000002       0.14892971338651148     
  0.45000000000000001       0.16749332457907098     
  0.50000000000000000       0.18602627831248877     
  0.55000000000000004       0.20451859618425386     
  0.60000000000000009       0.22295836223546800     
  0.65000000000000002       0.24133160247684457     
  0.70000000000000007       0.25962218791669683     
  0.75000000000000000       0.27781176410373026     
  0.80000000000000004       0.29587971024128101     
  0.85000000000000009       0.31380313089543238     
  0.90000000000000002       0.33155688318660764     
  0.95000000000000007       0.34911364210168921     
   1.0000000000000000       0.36644400617115092     
   1.0500000000000000       0.38351664520530521     
   1.1000000000000001       0.40029849106245818     
   1.1500000000000001       0.41675497152376068     
   1.2000000000000002       0.43285028627927846     
   1.2500000000000000       0.44854772280463256     
   1.3000000000000000       0.46381000856012561     
   1.3500000000000001       0.47859969452366796     
   1.4000000000000001       0.49287956364038632     
   1.4500000000000002       0.50661305641481857     
   1.5000000000000000       0.51976470467487612     
   1.5500000000000000       0.53230056359202549     
   1.6000000000000001       0.54418863143581064     
   1.6500000000000001       0.55539924634503657     
   1.7000000000000002       0.56590544966165490     
   1.7500000000000000       0.57568330611557716     
   1.8000000000000000       0.58471217235360429     
   1.8500000000000001       0.59297490692257870     
   1.9000000000000001       0.60045801676275579     
   1.9500000000000002       0.60715173743408790     
   2.0000000000000000       0.61305004656191264     
   2.0500000000000003       0.61815061222267609     
   2.1000000000000001       0.62245468005967841     
   2.1499999999999999       0.62596690476903494     
   2.2000000000000002       0.62869513304487523     
   2.2500000000000000       0.63065014619661452     
   2.3000000000000003       0.63184537132637453     
   2.3500000000000001       0.63229657023804398     
   2.4000000000000004       0.63202151515785576     
   2.4500000000000002       0.63103965993010591     
   2.5000000000000000       0.62937181467190784     
   2.5500000000000003       0.62703983099455007     
   2.6000000000000001       0.62406630389337847     
   2.6500000000000004       0.62047429533625009     
   2.7000000000000002       0.61628708349821992     
   2.7500000000000000       0.61152794054355120     
   2.8000000000000003       0.60621994088141029     
   2.8500000000000001       0.60038580094443050     
   2.9000000000000004       0.59404775077574701     
   2.9500000000000002       0.58722743706757830     
   3.0000000000000000       0.57994585677305865     
   3.0500000000000003       0.57222332000693410     
   3.1000000000000001       0.56407944064931193     
   3.1500000000000004       0.55553315285565519     
   3.2000000000000002       0.54660275153882232     
   3.2500000000000000       0.53730595480648380     
   3.3000000000000003       0.52765998628994992     
   3.3500000000000001       0.51768167526807485     
   3.4000000000000004       0.50738757245230315     
   3.4500000000000002       0.49679407923674612     
   3.5000000000000000       0.48591758811253799     
   3.5500000000000003       0.47477463178321139     
   3.6000000000000001       0.46338203828554708     
   3.6500000000000004       0.45175708911132539     
   3.7000000000000002       0.43991767693911410     
   3.7500000000000000       0.42788245912941097     
   3.8000000000000003       0.41567100262887735     
   3.8500000000000001       0.40330391539960170     
   3.9000000000000004       0.39080295897990930     
   3.9500000000000002       0.37819113635035728     
   4.0000000000000000       0.36549274899122935     
   4.0499999999999998       0.35273341695534755     
   4.1000000000000005       0.33994005602696897     
   4.1500000000000004       0.32714080667633855     
   4.2000000000000002       0.31436491061970812     
   4.2500000000000000       0.30164253240032207     
   4.2999999999999998       0.28900452552119810     
   4.3500000000000005       0.27648214523632852     
   4.4000000000000004       0.26410671303062738     
   4.4500000000000002       0.25190924091095124     
   4.5000000000000000       0.23992002665046025     
   4.5499999999999998       0.22816823379319948     
   4.6000000000000005       0.21668147223882553     
   4.6500000000000004       0.20548539631875853     
   4.7000000000000002       0.19460333724360881     
   4.7500000000000000       0.18405598555415600     
   4.8000000000000007       0.17386113678472706     
   4.8500000000000005       0.16403351012843315     
   4.9000000000000004       0.15458464578038034     
   4.9500000000000002       0.14552288221252932     
   5.0000000000000000       0.13685341031597495     
   5.0500000000000007       0.12857839751710629     
   5.1000000000000005       0.12069717193682768     
   5.1500000000000004       0.11320645460522445     
   5.2000000000000002       0.10610062672866678     
   5.2500000000000000        9.9372018974710208E-002
   5.3000000000000007        9.3011210541852310E-002
   5.3500000000000005        8.7007327208146190E-002
   5.4000000000000004        8.1348329375665843E-002
   5.4500000000000002        7.6021283128085732E-002
   5.5000000000000000        7.1012609310403291E-002
   5.5500000000000007        6.6308307482684223E-002
   5.6000000000000005        6.1894153201725671E-002
   5.6500000000000004        5.7755868398415906E-002
   5.7000000000000002        5.3879265633536948E-002
   5.7500000000000000        5.0250367746660238E-002
   5.8000000000000007        4.6855504894412203E-002
   5.8500000000000005        4.3681391247126139E-002
   5.9000000000000004        4.0715183720333878E-002
   5.9500000000000002        3.7944525101068265E-002
   6.0000000000000000        3.5357573825101525E-002
   6.0500000000000007        3.2943022500536996E-002
   6.1000000000000005        3.0690107079827916E-002
   6.1500000000000004        2.8588608374678453E-002
   6.2000000000000002        2.6628847399634482E-002
   6.2500000000000000        2.4801675829530880E-002
   6.3000000000000007        2.3098462669029943E-002
   6.3500000000000005        2.1511078062452425E-002
   6.4000000000000004        2.0031875020326884E-002
   6.4500000000000002        1.8653669705655948E-002
   6.5000000000000000        1.7369720807077726E-002
   6.5500000000000007        1.6173708426637647E-002
   6.6000000000000005        1.5059712825265355E-002
   6.6500000000000004        1.4022193297651548E-002
   6.7000000000000002        1.3055967388431072E-002
   6.7500000000000000        1.2156190611866288E-002
   6.8000000000000007        1.1318336796174664E-002
   6.8500000000000005        1.0538179139978995E-002
   6.9000000000000004        9.8117720409458282E-003
   6.9500000000000002        9.1354337345253347E-003
   7.0000000000000000        8.5057297629561254E-003
   7.0500000000000007        7.9194572806132960E-003
   7.1000000000000005        7.3736301907294226E-003
   7.1500000000000004        6.8654650999733268E-003
   7.2000000000000002        6.3923680708813319E-003
   7.2500000000000000        5.9519221473238937E-003
   7.3000000000000007        5.5418756247415640E-003
   7.3500000000000005        5.1601310345366662E-003
   7.4000000000000004        4.8047348105425703E-003
   7.4500000000000002        4.4738676047316921E-003
   7.5000000000000000        4.1658352191174296E-003
   7.5500000000000007        3.8790601210326923E-003
   7.6000000000000005        3.6120735095283019E-003
   7.6500000000000004        3.3635079014472198E-003
   7.7000000000000002        3.1320902067288529E-003
   7.7500000000000000        2.9166352636282931E-003
   7.8000000000000007        2.7160398057551262E-003
   7.8500000000000005        2.5292768341109643E-003
   7.9000000000000004        2.3553903686068527E-003
   7.9500000000000002        2.1934905548496551E-003
   8.0000000000000000        2.0427491032836893E-003
   8.0500000000000007        1.9023950390475405E-003
   8.0999999999999996        1.7717107421463150E-003
   8.1500000000000004        1.6500282587396829E-003
   8.2000000000000011        1.5367258655008056E-003
   8.2500000000000000        1.4312248701072584E-003
   8.3000000000000007        1.3329866319804532E-003
   8.3499999999999996        1.2415097883937485E-003
   8.4000000000000004        1.1563276720213062E-003
   8.4500000000000011        1.0770059069003513E-003
   8.5000000000000000        1.0031401706297482E-003
   8.5500000000000007        9.3435411142911418E-004
   8.5999999999999996        8.7029740943666320E-004
   8.6500000000000004        8.1064397233246216E-004
   8.7000000000000011        7.5509025603865440E-004
   8.7500000000000000        7.0335370187157972E-004
   8.8000000000000007        6.5517128210455626E-004
   8.8499999999999996        6.1029814644649263E-004
   8.9000000000000004        5.6850636245248771E-004
   8.9500000000000011        5.2958374336012489E-004
   9.0000000000000000        4.9333275729122818E-004
   9.0500000000000007        4.5956951217527426E-004
   9.0999999999999996        4.2812281113925404E-004
   9.1500000000000004        3.9883327347124784E-004
   9.2000000000000011        3.7155251660298086E-004
   9.2500000000000000        3.4614239487169499E-004
   9.3000000000000007        3.2247429111529458E-004
   9.3499999999999996        3.0042845742828708E-004
   9.4000000000000004        2.7989340166086318E-004
   9.4500000000000011        2.6076531648077853E-004
   9.5000000000000000        2.4294754803868106E-004
   9.5500000000000007        2.2635010148326626E-004
   9.6000000000000014        2.1088918076416250E-004
   9.6500000000000004        1.9648676033871639E-004
   9.7000000000000011        1.8307018656475721E-004
   9.7500000000000000        1.7057180671582389E-004
   9.8000000000000007        1.5892862369901273E-004
   9.8500000000000014        1.4808197468929547E-004
   9.9000000000000004        1.3797723201854770E-004
   9.9500000000000011        1.2856352477325829E-004
   10.000000000000000        1.1979347966256266E-004
   10.050000000000001        1.1162297981841299E-004
   10.100000000000001        1.0401094028288437E-004
   10.150000000000000        9.6919099024307551E-005
   10.200000000000001        9.0311822404563703E-005
   10.250000000000000        8.4155924094896141E-005
   10.300000000000001        7.8420496507381404E-005
   10.350000000000001        7.3076753874120413E-005
   10.400000000000000        6.8097886166599528E-005
   10.450000000000001        6.3458923103848909E-005
   10.500000000000000        5.9136607550282067E-005
   10.550000000000001        5.5109277652714246E-005
   10.600000000000001        5.1356757111278538E-005
   10.650000000000000        4.7860253021026757E-005
   10.700000000000001        4.4602260760137649E-005
   10.750000000000000        4.1566475437060674E-005
   10.800000000000001        3.8737709442793200E-005
   10.850000000000001        3.6101815685996719E-005
   10.900000000000000        3.3645616117971272E-005
   10.950000000000001        3.1356835181778136E-005
   11.000000000000000        2.9224037845172617E-005
   11.050000000000001        2.7236571900614368E-005
   11.100000000000001        2.5384514237584135E-005
   11.150000000000000        2.3658620812870200E-005
   11.200000000000001        2.2050280063499089E-005
   11.250000000000000        2.0551469524675403E-005
   11.300000000000001        1.9154715431554561E-005
   11.350000000000001        1.7853055098987991E-005
   11.400000000000000        1.6640001887630890E-005
   11.450000000000001        1.5509512578063558E-005
   11.500000000000000        1.4455956986917086E-005
   11.550000000000001        1.3474089670476685E-005
   11.600000000000001        1.2559023571921941E-005
   11.650000000000000        1.1706205478307052E-005
   11.700000000000001        1.0911393162638450E-005
   11.750000000000000        1.0170634095019404E-005
   11.800000000000001        9.4802456148462706E-006
   11.850000000000001        8.8367964635004951E-006
   11.900000000000000        8.2370895839231239E-006
   11.950000000000001        7.6781460999198581E-006
   12.000000000000000        7.1571903940589479E-006
   12.050000000000001        6.6716362086215314E-006
   12.100000000000001        6.2190736992742370E-006
   12.150000000000000        5.7972573759833218E-006
   12.200000000000001        5.4040948702036402E-006
   12.250000000000000        5.0376364715774788E-006
   12.300000000000001        4.6960653812895679E-006
   12.350000000000001        4.3776886328654363E-006
   12.400000000000000        4.0809286345894575E-006
   12.450000000000001        3.8043152908741142E-006
   12.500000000000000        3.5464786628490393E-006
   12.550000000000001        3.3061421311727825E-006
   12.600000000000001        3.0821160266157747E-006
   12.650000000000000        2.8732916963328247E-006
   12.700000000000001        2.6786359759498071E-006
   12.750000000000000        2.4971860396433578E-006
   12.800000000000001        2.3280446023048508E-006
   12.850000000000001        2.1703754496605296E-006
   12.900000000000000        2.0233992738775534E-006
   12.950000000000001        1.8863897937293161E-006
   13.000000000000000        1.7586701398306795E-006
   13.050000000000001        1.6396094867920087E-006
   13.100000000000001        1.5286199153870119E-006
   13.150000000000000        1.4251534889897156E-006
   13.200000000000001        1.3286995296163215E-006
   13.250000000000000        1.2387820799138232E-006
   13.300000000000001        1.1549575383741131E-006
   13.350000000000001        1.0768124559247548E-006
   13.400000000000000        1.0039614828600358E-006
   13.450000000000001        9.3604545583250003E-007
   13.500000000000000        8.7272961532972408E-007
   13.550000000000001        8.1370194471727279E-007
   13.600000000000001        7.5867162253983507E-007
   13.650000000000000        7.0736758034164208E-007
   13.700000000000001        6.5953715879727823E-007
   13.750000000000000        6.1494485543762657E-007
   13.800000000000001        5.7337115771541871E-007
   13.850000000000001        5.3461145558304325E-007
   13.900000000000000        4.9847502815406440E-007
   13.950000000000001        4.6478409939135247E-007
   14.000000000000000        4.3337295811067529E-007
   14.050000000000001        4.0408713791085355E-007
   14.100000000000001        3.7678265294171323E-007
   14.150000000000000        3.5132528570064581E-007
   14.200000000000001        3.2758992330898949E-007
   14.250000000000000        3.0545993896201335E-007
   14.300000000000001        2.8482661547222499E-007
   14.350000000000001        2.6558860803620019E-007
   14.400000000000000        2.4765144355117918E-007
   14.450000000000001        2.3092705399031201E-007
   14.500000000000000        2.1533334151555982E-007
   14.550000000000001        2.0079377316574385E-007
   14.600000000000001        1.8723700310487187E-007
   14.650000000000000        1.7459652055340817E-007
   14.700000000000001        1.6281032165327992E-007
   14.750000000000000        1.5182060363677871E-007
   14.800000000000001        1.4157347978071528E-007
   14.850000000000001        1.3201871373078581E-007
   14.900000000000000        1.2310947187762180E-007
   14.950000000000001        1.1480209255591826E-007
   15.000000000000000        1.0705587092180509E-007
   15.050000000000001        9.9832858441680849E-008
   15.100000000000001        9.3097675998444219E-008
   15.150000000000000        8.6817339688810463E-008
   15.200000000000001        8.0961098448524861E-008
   15.250000000000000        7.5500282701099320E-008
   15.300000000000001        7.0408163280497634E-008
   15.350000000000001        6.5659819929252555E-008
   15.400000000000000        6.1232018721072743E-008
   15.450000000000001        5.7103097801324071E-008
   15.500000000000000        5.3252860880073647E-008
   15.550000000000001        4.9662477950869917E-008
   15.600000000000001        4.6314392744293085E-008
   15.650000000000000        4.3192236458724751E-008
   15.700000000000001        4.0280747341922853E-008
   15.750000000000000        3.7565695726001017E-008
   15.800000000000001        3.5033814145448013E-008
   15.850000000000001        3.2672732193016288E-008
   15.900000000000000        3.0470915791784990E-008
   15.950000000000001        2.8417610583579835E-008
   16.000000000000000        2.6502789154318889E-008
   16.050000000000001        2.4717101835850936E-008
   16.100000000000001        2.3051830841557265E-008
   16.150000000000002        2.1498847509485947E-008
   16.199999999999999        2.0050572442162671E-008
   16.250000000000000        1.8699938346550499E-008
   16.300000000000001        1.7440355390983695E-008
   16.350000000000001        1.6265678908345015E-008
   16.400000000000002        1.5170179286352922E-008
   16.449999999999999        1.4148513896633362E-008
   16.500000000000000        1.3195700924323408E-008
   16.550000000000001        1.2307094969341572E-008
   16.600000000000001        1.1478364299208670E-008
   16.650000000000002        1.0705469641456932E-008
   16.699999999999999        9.9846444112644667E-009
   16.750000000000000        9.3123762770350427E-009
   16.800000000000001        8.6853899732440969E-009
   16.850000000000001        8.1006312760244090E-009
   16.900000000000002        7.5552520626989750E-009
   16.949999999999999        7.0465963818130931E-009
   17.000000000000000        6.5721874651988658E-009
   17.050000000000001        6.1297156182480225E-009
   17.100000000000001        5.7170269288962307E-009
   17.150000000000002        5.3321127398551738E-009
   17.199999999999999        4.9730998323880431E-009
   17.250000000000000        4.6382412734276739E-009
   17.300000000000001        4.3259078811024672E-009
   17.350000000000001        4.0345802667791085E-009
   17.400000000000002        3.7628414145682547E-009
   17.449999999999999        3.5093697618837198E-009
   17.500000000000000        3.2729327471105202E-009
   17.550000000000001        3.0523807927344661E-009
   17.600000000000001        2.8466416944272322E-009
   17.650000000000002        2.6547153885766290E-009
   17.699999999999999        2.4756690726120124E-009
   17.750000000000000        2.3086326542084531E-009
   17.800000000000001        2.1527945070692701E-009
   17.850000000000001        2.0073975124925948E-009
   17.900000000000002        1.8717353673312282E-009
   17.949999999999999        1.7451491402632701E-009
   18.000000000000000        1.6270240595101423E-009
   18.050000000000001        1.5167865162747256E-009
   18.100000000000001        1.4139012692311235E-009
   18.150000000000002        1.3178688363841616E-009
   18.199999999999999        1.2282230615359496E-009
   18.250000000000000        1.1445288434534313E-009
   18.300000000000001        1.0663800166287626E-009
   18.350000000000001        9.9339737326779125E-010
   18.400000000000002        9.2522681683429017E-010
   18.449999999999999        8.6153763812256040E-010
   18.500000000000000        8.0202090543155252E-010
   18.550000000000001        7.4638796097282856E-010
   18.600000000000001        6.9436901616525172E-010
   18.650000000000002        6.4571183895374212E-010
   18.699999999999999        6.0018052674023400E-010
   18.750000000000000        5.5755435893429823E-010
   18.800000000000001        5.1762672352082290E-010
   18.850000000000001        4.8020411240458185E-010
   18.900000000000002        4.4510518062829399E-010
   18.949999999999999        4.1215986487347054E-010
   19.000000000000000        3.8120855694358497E-010
   19.050000000000001        3.5210132819822850E-010
   19.100000000000001        3.2469720115632897E-010
   19.150000000000002        2.9886346471738001E-010
   19.200000000000003        2.7447502966313809E-010
   19.250000000000000        2.5141382129939271E-010
   19.300000000000001        2.2956820627923743E-010
   19.350000000000001        2.0883245081658347E-010
   19.400000000000002        1.8910620765236726E-010
   19.450000000000003        1.7029402927668605E-010
   19.500000000000000        1.5230490503872008E-010
   19.550000000000001        1.3505181989333302E-010
   19.600000000000001        1.1845133263931276E-010
   19.650000000000002        1.0242317159980935E-010
   19.700000000000003        8.6889845781142820E-011
   19.750000000000000        7.1776269622191629E-011
   19.800000000000001        5.7009399513429921E-011
   19.850000000000001        4.2517880322672310E-011
   19.900000000000002        2.8231700214004554E-011
   19.950000000000003        1.4081852087466817E-011
   20.000000000000000        0.0000000000000000     
