   0.0000000000000000        0.0000000000000000     
   5.0000000000000003E-002   7.5666156527278708E-006
  0.10000000000000001        6.0514498073135114E-005
  0.15000000000000002        2.0414878835756721E-004
  0.20000000000000001        4.8358671630661720E-004
  0.25000000000000000        9.4369210775372965E-004
  0.30000000000000004        1.6289538202990796E-003
  0.35000000000000003        2.5833784341433696E-003
  0.40000000000000002        3.8503641250502278E-003
  0.45000000000000001        5.4725587789576828E-003
  0.50000000000000000        7.4917007143974774E-003
  0.55000000000000004        9.9484402970206748E-003
  0.60000000000000009        1.2882141215905717E-002
  0.65000000000000002        1.6330660688100171E-002
  0.70000000000000007        2.0330108433817155E-002
  0.75000000000000000        2.4914584927936356E-002
  0.80000000000000004        3.0115900183079348E-002
  0.85000000000000009        3.5963275149164829E-002
  0.90000000000000002        4.2483028711368095E-002
  0.95000000000000007        4.9698254212943341E-002
   1.0000000000000000        5.7628490393528943E-002
   1.0500000000000000        6.6289392581054193E-002
   1.1000000000000001        7.5692410861744205E-002
   1.1500000000000001        8.5844482726425919E-002
   1.2000000000000002        9.6747748295822000E-002
   1.2500000000000000       0.10839929660442703     
   1.3000000000000000       0.12079095151608370     
   1.3500000000000001       0.13390910560645575     
   1.4000000000000001       0.14773460974369323     
   1.4500000000000002       0.16224272511333096     
   1.5000000000000000       0.17740314307545629     
   1.5500000000000000       0.19318007654713770     
   1.6000000000000001       0.20953242463453364     
   1.6500000000000001       0.22641401008609097     
   1.7000000000000002       0.24377388691011689     
   1.7500000000000000       0.26155671331825220     
   1.8000000000000000       0.27970318314451165     
   1.8500000000000001       0.29815050716230634     
   1.9000000000000001       0.31683293437471571     
   1.9500000000000002       0.33568230245405684     
   2.0000000000000000       0.35462860609018160     
   2.0500000000000003       0.37360057206784292     
   2.1000000000000001       0.39252623043309209     
   2.1499999999999999       0.41133347194326597     
   2.2000000000000002       0.42995058328349717     
   2.2500000000000000       0.44830675287745747     
   2.3000000000000003       0.46633254166456872     
   2.3500000000000001       0.48396031474545465     
   2.4000000000000004       0.50112463126515439     
   2.4500000000000002       0.51776259123954149     
   2.5000000000000000       0.53381413918783838     
   2.5500000000000003       0.54922232538574134     
   2.6000000000000001       0.56393352629035087     
   2.6500000000000004       0.57789762621669161     
   2.7000000000000002       0.59106816268574058     
   2.7500000000000000       0.60340243804464699     
   2.8000000000000003       0.61486160001618040     
   2.8500000000000001       0.62541069380402436     
   2.9000000000000004       0.63501868830074204     
   2.9500000000000002       0.64365847885076710     
   3.0000000000000000       0.65130686894168566     
   3.0500000000000003       0.65794453315714030     
   3.1000000000000001       0.66355596374036852     
   3.1500000000000004       0.66812940319686931     
   3.2000000000000002       0.67165676550759790     
   3.2500000000000000       0.67413354872103526     
   3.3000000000000003       0.67555874192541054     
   3.3500000000000001       0.67593472984473424     
   3.4000000000000004       0.67526719851992290     
   3.4500000000000002       0.67356504568838971     
   3.5000000000000000       0.67084029951624724     
   3.5500000000000003       0.66710804921804612     
   3.6000000000000001       0.66238639077099182     
   3.6500000000000004       0.65669639034850491     
   3.7000000000000002       0.65006206722418935     
   3.7500000000000000       0.64251039670711085     
   3.8000000000000003       0.63407133215681954     
   3.8500000000000001       0.62477784331112185     
   3.9000000000000004       0.61466596609208413     
   3.9500000000000002       0.60377485682438681     
   4.0000000000000000       0.59214684153444563     
   4.0499999999999998       0.57982744887028825     
   4.1000000000000005       0.56686541340078367     
   4.1500000000000004       0.55331263485612903     
   4.2000000000000002       0.53922407850695786     
   4.2500000000000000       0.52465760257834659     
   4.2999999999999998       0.50967370053894534     
   4.3500000000000005       0.49433514938869061     
   4.4000000000000004       0.47870655966086162     
   4.4500000000000002       0.46285382857171586     
   4.5000000000000000       0.44684350424278524     
   4.5499999999999998       0.43074207568007494     
   4.6000000000000005       0.41461520959681253     
   4.6500000000000004       0.39852696053878550     
   4.7000000000000002       0.38253898448051382     
   4.7500000000000000       0.36670978761051992     
   4.8000000000000007       0.35109404114221465     
   4.8500000000000005       0.33574198968087959     
   4.9000000000000004       0.32069897524636792     
   4.9500000000000002       0.30600509204931808     
   5.0000000000000000       0.29169497927218535     
   5.0500000000000007       0.27779775120465161     
   5.1000000000000005       0.26433705686377501     
   5.1500000000000004       0.25133125528155764     
   5.2000000000000002       0.23879368834377057     
   5.2500000000000000       0.22673303055860985     
   5.3000000000000007       0.21515369435279322     
   5.3500000000000005       0.20405627020036624     
   5.4000000000000004       0.19343798274638793     
   5.4500000000000002       0.18329314671421529     
   5.5000000000000000       0.17361360941533374     
   5.5500000000000007       0.16438916980016596     
   5.6000000000000005       0.15560796695488646     
   5.6500000000000004       0.14725683359855707     
   5.7000000000000002       0.13932161237443899     
   5.7500000000000000       0.13178743452610500     
   5.8000000000000007       0.12463896191405296     
   5.8500000000000005       0.11786059430201647     
   5.9000000000000004       0.11143664448014400     
   5.9500000000000002       0.10535148415661094     
   6.0000000000000000        9.9589663700700271E-002
   6.0500000000000007        9.4136008813946390E-002
   6.1000000000000005        8.8975697088650690E-002
   6.1500000000000004        8.4094317223359361E-002
   6.2000000000000002        7.9477913432801764E-002
   6.2500000000000000        7.5113017337902807E-002
   6.3000000000000007        7.0986669366059907E-002
   6.3500000000000005        6.7086431444046565E-002
   6.4000000000000004        6.3400392532808159E-002
   6.4500000000000002        5.9917168339186387E-002
   6.5000000000000000        5.6625896346198655E-002
   6.5500000000000007        5.3516227131332597E-002
   6.6000000000000005        5.0578312790808419E-002
   6.6500000000000004        4.7802793155684482E-002
   6.7000000000000002        4.5180780371453795E-002
   6.7500000000000000        4.2703842314653954E-002
   6.8000000000000007        4.0363985236214366E-002
   6.8500000000000005        3.8153635950070097E-002
   6.9000000000000004        3.6065623825370603E-002
   6.9500000000000002        3.4093162789923713E-002
   7.0000000000000000        3.2229833510015682E-002
   7.0500000000000007        3.0469565876252963E-002
   7.1000000000000005        2.8806621895548216E-002
   7.1500000000000004        2.7235579064916349E-002
   7.2000000000000002        2.5751314282577372E-002
   7.2500000000000000        2.4348988335308238E-002
   7.3000000000000007        2.3024030987470637E-002
   7.3500000000000005        2.1772126686176136E-002
   7.4000000000000004        2.0589200888215177E-002
   7.4500000000000002        1.9471407007320467E-002
   7.5000000000000000        1.8415113974757324E-002
   7.5500000000000007        1.7416894401883373E-002
   7.6000000000000005        1.6473513329982797E-002
   7.6500000000000004        1.5581917550180019E-002
   7.7000000000000002        1.4739225474422527E-002
   7.7500000000000000        1.3942717537268771E-002
   7.8000000000000007        1.3189827107418511E-002
   7.8500000000000005        1.2478131887493374E-002
   7.9000000000000004        1.1805345780441175E-002
   7.9500000000000002        1.1169311201038734E-002
   8.0000000000000000        1.0567991811253901E-002
   8.0500000000000007        9.9994656586574245E-003
   8.0999999999999996        9.4619186976141988E-003
   8.1500000000000004        8.9536386736040023E-003
   8.2000000000000011        8.4730093517004727E-003
   8.2500000000000000        8.0185050709552091E-003
   8.3000000000000007        7.5886856071764970E-003
   8.3499999999999996        7.1821913273466291E-003
   8.4000000000000004        6.7977386196785535E-003
   8.4500000000000011        6.4341155840637668E-003
   8.5000000000000000        6.0901779684029399E-003
   8.5500000000000007        5.7648453370339331E-003
   8.5999999999999996        5.4570974581750449E-003
   8.6500000000000004        5.1659708979822300E-003
   8.7000000000000011        4.8905558094751653E-003
   8.7500000000000000        4.6299929052179460E-003
   8.8000000000000007        4.3834706032444912E-003
   8.8499999999999996        4.1502223362965447E-003
   8.9000000000000004        3.9295240149933384E-003
   8.9500000000000011        3.7206916360766648E-003
   9.0000000000000000        3.5230790273741448E-003
   9.0500000000000007        3.3360757215970291E-003
   9.0999999999999996        3.1591049515380170E-003
   9.1500000000000004        2.9916217596600227E-003
   9.2000000000000011        2.8331112154693964E-003
   9.2500000000000000        2.6830867344478254E-003
   9.3000000000000007        2.5410884926768988E-003
   9.3499999999999996        2.4066819316290130E-003
   9.4000000000000004        2.2794563479189792E-003
   9.4500000000000011        2.1590235631131871E-003
   9.5000000000000000        2.0450166689784418E-003
   9.5500000000000007        1.9370888438215415E-003
   9.6000000000000014        1.8349122358240592E-003
   9.6500000000000004        1.7381769095156068E-003
   9.7000000000000011        1.6465898517537265E-003
   9.7500000000000000        1.5598740337904114E-003
   9.8000000000000007        1.4777675262046630E-003
   9.8500000000000014        1.4000226636682836E-003
   9.9000000000000004        1.3264052566888684E-003
   9.9500000000000011        1.2566938476403309E-003
   10.000000000000000        1.1906790085479139E-003
   10.050000000000001        1.1281626782420279E-003
   10.100000000000001        1.0689575366339711E-003
   10.150000000000000        1.0128864139971351E-003
   10.200000000000001        9.5978173326015717E-004
   10.250000000000000        9.0948498343409990E-004
   10.300000000000001        8.6184622240455277E-004
   10.350000000000001        8.1672360742195507E-004
   10.400000000000000        7.7398295171981113E-004
   10.450000000000001        7.3349730578118623E-004
   10.500000000000000        6.9514656185923969E-004
   10.550000000000001        6.5881708043791253E-004
   10.600000000000001        6.2440133739453290E-004
   10.650000000000000        5.9179759069730273E-004
   10.700000000000001        5.6090956553766526E-004
   10.750000000000000        5.3164615686065737E-004
   10.800000000000001        5.0392114831577443E-004
   10.850000000000001        4.7765294670681224E-004
   10.900000000000000        4.5276433107183876E-004
   10.950000000000001        4.2918221557405574E-004
   11.000000000000000        4.0683742543102695E-004
   11.050000000000001        3.8566448515376143E-004
   11.100000000000001        3.6560141840858020E-004
   11.150000000000000        3.4658955885374113E-004
   11.200000000000001        3.2857337133957581E-004
   11.250000000000000        3.1150028289554372E-004
   11.300000000000001        2.9532052296025617E-004
   11.350000000000001        2.7998697234128802E-004
   11.400000000000000        2.6545502042058254E-004
   11.450000000000001        2.5168243014857424E-004
   11.500000000000000        2.3862921039590707E-004
   11.550000000000001        2.2625749525588971E-004
   11.600000000000001        2.1453142991371076E-004
   11.650000000000000        2.0341706272000140E-004
   11.700000000000001        1.9288224312666506E-004
   11.750000000000000        1.8289652516206517E-004
   11.800000000000001        1.7343107614073671E-004
   11.850000000000001        1.6445859031983206E-004
   11.900000000000000        1.5595320723058877E-004
   11.950000000000001        1.4789043442826365E-004
   12.000000000000000        1.4024707441828160E-004
   12.050000000000001        1.3300115552983006E-004
   12.100000000000001        1.2613186652085990E-004
   12.150000000000000        1.1961949471045139E-004
   12.200000000000001        1.1344536744583362E-004
   12.250000000000000        1.0759179672202816E-004
   12.300000000000001        1.0204202678217274E-004
   12.350000000000001        9.6780184536094323E-005
   12.400000000000000        9.1791232643681557E-005
   12.450000000000001        8.7060925118081123E-005
   12.500000000000000        8.2575765311740875E-005
   12.550000000000001        7.8322966155874759E-005
   12.600000000000001        7.4290412531050629E-005
   12.650000000000000        7.0466625653331741E-005
   12.700000000000001        6.6840729366754862E-005
   12.750000000000000        6.3402418238926389E-005
   12.800000000000001        6.0141927362180990E-005
   12.850000000000001        5.7050003768095202E-005
   12.900000000000000        5.4117879368198908E-005
   12.950000000000001        5.1337245338496982E-005
   13.000000000000000        4.8700227869917994E-005
   13.050000000000001        4.6199365211061225E-005
   13.100000000000001        4.3827585933632430E-005
   13.150000000000000        4.1578188354754957E-005
   13.200000000000001        3.9444821053928619E-005
   13.250000000000000        3.7421464425797434E-005
   13.300000000000001        3.5502413213087722E-005
   13.350000000000001        3.3682259967102682E-005
   13.400000000000000        3.1955879386017315E-005
   13.450000000000001        3.0318413483917858E-005
   13.500000000000000        2.8765257546081555E-005
   13.550000000000001        2.7292046828404604E-005
   13.600000000000001        2.5894643961164618E-005
   13.650000000000000        2.4569127019458863E-005
   13.700000000000001        2.3311778224694794E-005
   13.750000000000000        2.2119073243434524E-005
   13.800000000000001        2.0987671051713834E-005
   13.850000000000001        1.9914404334676298E-005
   13.900000000000000        1.8896270392988588E-005
   13.950000000000001        1.7930422529040686E-005
   14.000000000000000        1.7014161887387444E-005
   14.050000000000001        1.6144929725262492E-005
   14.100000000000001        1.5320300090294461E-005
   14.150000000000000        1.4537972883784201E-005
   14.200000000000001        1.3795767289063641E-005
   14.250000000000000        1.3091615545555388E-005
   14.300000000000001        1.2423557050191376E-005
   14.350000000000001        1.1789732768831775E-005
   14.400000000000000        1.1188379941254453E-005
   14.450000000000001        1.0617827064164867E-005
   14.500000000000000        1.0076489137507531E-005
   14.550000000000001        9.5628631601469642E-006
   14.600000000000001        9.0755238617301083E-006
   14.650000000000000        8.6131196582461415E-006
   14.700000000000001        8.1743688194655756E-006
   14.750000000000000        7.7580558370705791E-006
   14.800000000000001        7.3630279828845630E-006
   14.850000000000001        6.9881920471731318E-006
   14.900000000000000        6.6325112475221114E-006
   14.950000000000001        6.2950022993033622E-006
   15.000000000000000        5.9747326392169566E-006
   15.050000000000001        5.6708177938504359E-006
   15.100000000000001        5.3824188856238246E-006
   15.150000000000000        5.1087402688940330E-006
   15.200000000000001        4.8490272893755378E-006
   15.250000000000000        4.6025641603970088E-006
   15.300000000000001        4.3686719498568348E-006
   15.350000000000001        4.1467066720655045E-006
   15.400000000000000        3.9360574789703504E-006
   15.450000000000001        3.7361449455493563E-006
   15.500000000000000        3.5464194444363180E-006
   15.550000000000001        3.3663596051005470E-006
   15.600000000000001        3.1954708531513311E-006
   15.650000000000000        3.0332840255711410E-006
   15.700000000000001        2.8793540579029871E-006
   15.750000000000000        2.7332587396268824E-006
   15.800000000000001        2.5945975341588122E-006
   15.850000000000001        2.4629904600934994E-006
   15.900000000000000        2.3380770304901191E-006
   15.950000000000001        2.2195152471685880E-006
   16.000000000000000        2.1069806471435353E-006
   16.050000000000001        2.0001653984740941E-006
   16.100000000000001        1.8987774429506956E-006
   16.150000000000002        1.8025396831754541E-006
   16.199999999999999        1.7111892117210306E-006
   16.250000000000000        1.6244765801743088E-006
   16.300000000000001        1.5421651059862640E-006
   16.350000000000001        1.4640302151583639E-006
   16.400000000000002        1.3898588188990183E-006
   16.449999999999999        1.3194487224813349E-006
   16.500000000000000        1.2526080646260212E-006
   16.550000000000001        1.1891547858209170E-006
   16.600000000000001        1.1289161240717411E-006
   16.650000000000002        1.0717281366572565E-006
   16.699999999999999        1.0174352465366051E-006
   16.750000000000000        9.6588981212713714E-007
   16.800000000000001        9.1695171923792462E-007
   16.850000000000001        8.7048799400749744E-007
   16.900000000000002        8.2637243575432688E-007
   16.949999999999999        7.8448526870544355E-007
   17.000000000000000        7.4471281162240715E-007
   17.050000000000001        7.0694716439487209E-007
   17.100000000000001        6.7108591072031348E-007
   17.150000000000002        6.3703183603426055E-007
   17.199999999999999        6.0469265989877211E-007
   17.250000000000000        5.7398078209796273E-007
   17.300000000000001        5.4481304172833201E-007
   17.350000000000001        5.1711048860852480E-007
   17.400000000000002        4.9079816636809833E-007
   17.449999999999999        4.6580490660796130E-007
   17.500000000000000        4.4206313355652199E-007
   17.550000000000001        4.1950867867528743E-007
   17.600000000000001        3.9808060469579870E-007
   17.650000000000002        3.7772103859644776E-007
   17.699999999999999        3.5837501305298453E-007
   17.750000000000000        3.3999031592043772E-007
   17.800000000000001        3.2251734732683996E-007
   17.850000000000001        3.0590898398061553E-007
   17.900000000000002        2.9012045031381056E-007
   17.949999999999999        2.7510919610260595E-007
   18.000000000000000        2.6083478022478821E-007
   18.050000000000001        2.4725876023111152E-007
   18.100000000000001        2.3434458742383896E-007
   18.150000000000002        2.2205750715123077E-007
   18.199999999999999        2.1036446404138773E-007
   18.250000000000000        1.9923401191273929E-007
   18.300000000000001        1.8863622811157777E-007
   18.350000000000001        1.7854263203946724E-007
   18.400000000000002        1.6892610764509265E-007
   18.449999999999999        1.5976082966623502E-007
   18.500000000000000        1.5102219341805716E-007
   18.550000000000001        1.4268674793381576E-007
   18.600000000000001        1.3473213227350413E-007
   18.650000000000002        1.2713701482479058E-007
   18.699999999999999        1.1988103542899067E-007
   18.750000000000000        1.1294475017271390E-007
   18.800000000000001        1.0630957869327796E-007
   18.850000000000001        9.9957753853011761E-008
   18.900000000000002        9.3872273644193603E-008
   18.949999999999999        8.8036855192602097E-008
   19.000000000000000        8.2435890733528861E-008
   19.050000000000001        7.7054405439612081E-008
   19.100000000000001        7.1878016985031378E-008
   19.150000000000002        6.6892896735458017E-008
   19.200000000000003        6.2085732457706282E-008
   19.250000000000000        5.7443692447282149E-008
   19.300000000000001        5.2954390976000904E-008
   19.350000000000001        4.8605854965542080E-008
   19.400000000000002        4.4386491796253883E-008
   19.450000000000003        4.0285058163705183E-008
   19.500000000000000        3.6290629898434389E-008
   19.550000000000001        3.2392572667057776E-008
   19.600000000000001        2.8580513475391302E-008
   19.650000000000002        2.4844312896511716E-008
   19.700000000000003        2.1174037948745054E-008
   19.750000000000000        1.7559935550425530E-008
   19.800000000000001        1.3992406479925406E-008
   19.850000000000001        1.0461979770917221E-008
   19.900000000000002        6.9592874741005675E-009
   19.950000000000003        3.4750397177082684E-009
   20.000000000000000        0.0000000000000000     
