   0.0000000000000000        0.0000000000000000     
   5.0000000000000003E-002  -3.0132196220536520E-002
  0.10000000000000001       -6.0180988570323349E-002
  0.15000000000000002       -9.0071920152180102E-002
  0.20000000000000001      -0.11972144318432157     
  0.25000000000000000      -0.14904962689352272     
  0.30000000000000004      -0.17797525970187447     
  0.35000000000000003      -0.20641644674633369     
  0.40000000000000002      -0.23429064233918159     
  0.45000000000000001      -0.26151463243729856     
  0.50000000000000000      -0.28800455655836010     
  0.55000000000000004      -0.31367597477837955     
  0.60000000000000009      -0.33844398478995374     
  0.65000000000000002      -0.36222339315077817     
  0.70000000000000007      -0.38492894422298429     
  0.75000000000000000      -0.40647560952357215     
  0.80000000000000004      -0.42677893926705679     
  0.85000000000000009      -0.44575547676872068     
  0.90000000000000002      -0.46332323508210982     
  0.95000000000000007      -0.47940223376580965     
   1.0000000000000000      -0.49391509201941813     
   1.0500000000000000      -0.50678767261627700     
   1.1000000000000001      -0.51794976912490065     
   1.1500000000000001      -0.52733582690336478     
   1.2000000000000002      -0.53488568634127120     
   1.2500000000000000      -0.54054533490156076     
   1.3000000000000000      -0.54426765278606615     
   1.3500000000000001      -0.54601313563404408     
   1.4000000000000001      -0.54575057668762350     
   1.4500000000000002      -0.54345769044366266     
   1.5000000000000000      -0.53912166006321594     
   1.5500000000000000      -0.53273959180354369     
   1.6000000000000001      -0.52431886150738072     
   1.6500000000000001      -0.51387734071223012     
   1.7000000000000002      -0.50144349315366765     
   1.7500000000000000      -0.48705633619900734     
   1.8000000000000000      -0.47076526587907519     
   1.8500000000000001      -0.45262974846728055     
   1.9000000000000001      -0.43271888574871503     
   1.9500000000000002      -0.41111086499159544     
   2.0000000000000000      -0.38789230796565483     
   2.0500000000000003      -0.36315753597290584     
   2.1000000000000001      -0.33700776965976009     
   2.1499999999999999      -0.30955028326742567     
   2.2000000000000002      -0.28089753303854159     
   2.2500000000000000      -0.25116627869076358     
   2.3000000000000003      -0.22047671538445612     
   2.3500000000000001      -0.18895163155085129     
   2.4000000000000004      -0.15671560548101657     
   2.4500000000000002      -0.12389425086656389     
   2.5000000000000000       -9.0613518685777689E-002
   2.5500000000000003       -5.6999060081691526E-002
   2.6000000000000001       -2.3175652295750082E-002
   2.6500000000000004        1.0733312610841842E-002
   2.7000000000000002        4.4606278536635485E-002
   2.7500000000000000        7.8323919585091620E-002
   2.8000000000000003       0.11176948306125782     
   2.8500000000000001       0.14482908748005704     
   2.9000000000000004       0.17739198249622867     
   2.9500000000000002       0.20935077802441585     
   3.0000000000000000       0.24060164992357136     
   3.0500000000000003       0.27104452951378338     
   3.1000000000000001       0.30058328391599531     
   3.1500000000000004       0.32912589379261475     
   3.2000000000000002       0.35658463455078787     
   3.2500000000000000       0.38287626647400980     
   3.3000000000000003       0.40792223858709808     
   3.3500000000000001       0.43164891034050801     
   3.4000000000000004       0.45398779441901865     
   3.4500000000000002       0.47487582312418281     
   3.5000000000000000       0.49425563982831394     
   3.5500000000000003       0.51207591592203883     
   3.6000000000000001       0.52829169244516139     
   3.6500000000000004       0.54286474416867458     
   3.7000000000000002       0.55576396225531011     
   3.7500000000000000       0.56696574974840053     
   3.8000000000000003       0.57645442202294273     
   3.8500000000000001       0.58422260200326437     
   3.9000000000000004       0.59027159746767366     
   3.9500000000000002       0.59461174522346516     
   4.0000000000000000       0.59726270449604846     
   4.0499999999999998       0.59825367973574861     
   4.1000000000000005       0.59762355145561341     
   4.1500000000000004       0.59542089296188383     
   4.2000000000000002       0.59170385123125024     
   4.2500000000000000       0.58653987201678492     
   4.2999999999999998       0.58000525276214010     
   4.3500000000000005       0.57218451219990374     
   4.4000000000000004       0.56316957257708344     
   4.4500000000000002       0.55305875906088553     
   4.5000000000000000       0.54195563057955154     
   4.5499999999999998       0.52996766647534421     
   4.6000000000000005       0.51720484304362624     
   4.6500000000000004       0.50377814236478147     
   4.7000000000000002       0.48979804189024545     
   4.7500000000000000       0.47537303626369720     
   4.8000000000000007       0.46060824237119419     
   4.8500000000000005       0.44560413452407016     
   4.9000000000000004       0.43045544930260504     
   4.9500000000000002       0.41525028962388033     
   5.0000000000000000       0.40006944602384120     
   5.0500000000000007       0.38498594108077888     
   5.1000000000000005       0.37006479145336257     
   5.1500000000000004       0.35536297209187223     
   5.2000000000000002       0.34092955946518727     
   5.2500000000000000       0.32680602546576321     
   5.3000000000000007       0.31302665103372168     
   5.3500000000000005       0.29961902824154835     
   5.4000000000000004       0.28660462118430313     
   5.4500000000000002       0.27399935901573463     
   5.5000000000000000       0.26181423833479972     
   5.5500000000000007       0.25005591638486152     
   5.6000000000000005       0.23872728079100966     
   5.6500000000000004       0.22782798554415162     
   5.7000000000000002       0.21735494646024778     
   5.7500000000000000       0.20730279230482235     
   5.8000000000000007       0.19766427015256960     
   5.8500000000000005       0.18843060537549311     
   5.9000000000000004       0.17959181797809401     
   5.9500000000000002       0.17113699789836737     
   6.0000000000000000       0.16305454244716752     
   6.0500000000000007       0.15533235934116413     
   6.1000000000000005       0.14795803886368550     
   6.1500000000000004       0.14091899862079579     
   6.2000000000000002       0.13420260419398972     
   6.2500000000000000       0.12779626876290998     
   6.3000000000000007       0.12168753450958861     
   6.3500000000000005       0.11586413834046411     
   6.4000000000000004       0.11031406418830859     
   6.4500000000000002       0.10502558389290031     
   6.5000000000000000        9.9987288412843947E-002
   6.5500000000000007        9.5188110894725647E-002
   6.6000000000000005        9.0617342921233413E-002
   6.6500000000000004        8.6264645077074140E-002
   6.7000000000000002        8.2120052809719735E-002
   6.7500000000000000        7.8173978419909959E-002
   6.8000000000000007        7.4417209892832389E-002
   6.8500000000000005        7.0840907173261719E-002
   6.9000000000000004        6.7436596394934420E-002
   6.9500000000000002        6.4196162494378539E-002
   7.0000000000000000        6.1111840570739699E-002
   7.0500000000000007        5.8176206294394545E-002
   7.1000000000000005        5.5382165617020987E-002
   7.1500000000000004        5.2722943993128137E-002
   7.2000000000000002        5.0192075286812618E-002
   7.2500000000000000        4.7783390506792811E-002
   7.3000000000000007        4.5491006486789859E-002
   7.3500000000000005        4.3309314606389412E-002
   7.4000000000000004        4.1232969629036789E-002
   7.4500000000000002        3.9256878718280194E-002
   7.5000000000000000        3.7376190680342564E-002
   7.5500000000000007        3.5586285470197113E-002
   7.6000000000000005        3.3882763989219709E-002
   7.6500000000000004        3.2261438194921152E-002
   7.7000000000000002        3.0718321536986535E-002
   7.7500000000000000        2.9249619728667856E-002
   7.8000000000000007        2.7851721858320595E-002
   7.8500000000000005        2.6521191842398106E-002
   7.9000000000000004        2.5254760218398009E-002
   7.9500000000000002        2.4049316273987025E-002
   8.0000000000000000        2.2901900506725855E-002
   8.0500000000000007        2.1809697407399475E-002
   8.0999999999999996        2.0770028558865734E-002
   8.1500000000000004        1.9780346041513255E-002
   8.2000000000000011        1.8838226135822912E-002
   8.2500000000000000        1.7941363312115419E-002
   8.3000000000000007        1.7087564497310741E-002
   8.3499999999999996        1.6274743608393257E-002
   8.4000000000000004        1.5500916342248140E-002
   8.4500000000000011        1.4764195211589271E-002
   8.5000000000000000        1.4062784816821005E-002
   8.5500000000000007        1.3394977343850901E-002
   8.5999999999999996        1.2759148278087662E-002
   8.6500000000000004        1.2153752325107290E-002
   8.7000000000000011        1.1577319528743593E-002
   8.7500000000000000        1.1028451577649416E-002
   8.8000000000000007        1.0505818291677575E-002
   8.8499999999999996        1.0008154279739775E-002
   8.9000000000000004        9.5342557611153237E-003
   8.9500000000000011        9.0829775424949976E-003
   9.0000000000000000        8.6532301433573846E-003
   9.0500000000000007        8.2439770625828621E-003
   9.0999999999999996        7.8542321795127892E-003
   9.1500000000000004        7.4830572829572336E-003
   9.2000000000000011        7.1295597219424257E-003
   9.2500000000000000        6.7928901722688886E-003
   9.3000000000000007        6.4722405132217938E-003
   9.3499999999999996        6.1668418090366165E-003
   9.4000000000000004        5.8759623899752008E-003
   9.4500000000000011        5.5989060281097444E-003
   9.5000000000000000        5.3350102031452214E-003
   9.5500000000000007        5.0836444538341005E-003
   9.6000000000000014        4.8442088107513055E-003
   9.6500000000000004        4.6161323064022822E-003
   9.7000000000000011        4.3988715588327999E-003
   9.7500000000000000        4.1919094250964109E-003
   9.8000000000000007        3.9947537211139994E-003
   9.8500000000000014        3.8069360046303767E-003
   9.9000000000000004        3.6280104181353745E-003
   9.9500000000000011        3.4575525887717358E-003
   10.000000000000000        3.2951585823996366E-003
   10.050000000000001        3.1404439091281492E-003
   10.100000000000001        2.9930425777576217E-003
   10.150000000000000        2.8526061967042026E-003
   10.200000000000001        2.7188031190987327E-003
   10.250000000000000        2.5913176298673190E-003
   10.300000000000001        2.4698491727103513E-003
   10.350000000000001        2.3541116150007325E-003
   10.400000000000000        2.2438325487209717E-003
   10.450000000000001        2.1387526256527833E-003
   10.500000000000000        2.0386249251220802E-003
   10.550000000000001        1.9432143526871273E-003
   10.600000000000001        1.8522970682381982E-003
   10.650000000000000        1.7656599420536264E-003
   10.700000000000001        1.6831000374299095E-003
   10.750000000000000        1.6044241185725495E-003
   10.800000000000001        1.5294481824999658E-003
   10.850000000000001        1.4579970137750988E-003
   10.900000000000000        1.3899037609385121E-003
   10.950000000000001        1.3250095335730053E-003
   11.000000000000000        1.2631630189831118E-003
   11.050000000000001        1.2042201175235577E-003
   11.100000000000001        1.1480435956588819E-003
   11.150000000000000        1.0945027558821345E-003
   11.200000000000001        1.0434731226639908E-003
   11.250000000000000        9.9483614364483477E-004
   11.300000000000001        9.4847890532152456E-004
   11.350000000000001        9.0429386251774659E-004
   11.400000000000000        8.6217858096216445E-004
   11.450000000000001        8.2203549233211847E-004
   11.500000000000000        7.8377166115249023E-004
   11.550000000000001        7.4729856296959409E-004
   11.600000000000001        7.1253187324870054E-004
   11.650000000000000        6.7939126647109291E-004
   11.700000000000001        6.4780022493248065E-004
   11.750000000000000        6.1768585676922998E-004
   11.800000000000001        5.8897872276225964E-004
   11.850000000000001        5.6161267149067661E-004
   11.900000000000000        5.3552468242834431E-004
   11.950000000000001        5.1065471659662300E-004
   12.000000000000000        4.8694557440559125E-004
   12.050000000000001        4.6434276033414945E-004
   12.100000000000001        4.4279435411662029E-004
   12.150000000000000        4.2225088811979195E-004
   12.200000000000001        4.0266523060989432E-004
   12.250000000000000        3.8399247462374432E-004
   12.300000000000001        3.6618983217232655E-004
   12.350000000000001        3.4921653351839977E-004
   12.400000000000000        3.3303373128238078E-004
   12.450000000000001        3.1760440914280181E-004
   12.500000000000000        3.0289329490906493E-004
   12.550000000000001        2.8886677775509837E-004
   12.600000000000001        2.7549282941284912E-004
   12.650000000000000        2.6274092913436832E-004
   12.700000000000001        2.5058199224058217E-004
   12.750000000000000        2.3898830208371802E-004
   12.800000000000001        2.2793344525878911E-004
   12.850000000000001        2.1739224990756481E-004
   12.900000000000000        2.0734072696607404E-004
   12.950000000000001        1.9775601421394311E-004
   13.000000000000000        1.8861632299075731E-004
   13.050000000000001        1.7990088745119080E-004
   13.100000000000001        1.7158991623687900E-004
   13.150000000000000        1.6366454644893189E-004
   13.200000000000001        1.5610679981062069E-004
   13.250000000000000        1.4889954091512698E-004
   13.300000000000001        1.4202643745833704E-004
   13.350000000000001        1.3547192236150954E-004
   13.400000000000000        1.2922115769325139E-004
   13.450000000000001        1.2326000030461845E-004
   13.500000000000000        1.1757496909532499E-004
   13.550000000000001        1.1215321383300955E-004
   13.600000000000001        1.0698248545127477E-004
   13.650000000000000        1.0205110775580515E-004
   13.700000000000001        9.7347950471276488E-005
   13.750000000000000        9.2862403565017212E-005
   13.800000000000001        8.8584352786466467E-005
   13.850000000000001        8.4504156364411331E-005
   13.900000000000000        8.0612622806778176E-005
   13.950000000000001        7.6900989750411239E-005
   14.000000000000000        7.3360903810798937E-005
   14.050000000000001        6.9984401384114598E-005
   14.100000000000001        6.6763890356226352E-005
   14.150000000000000        6.3692132675508925E-005
   14.200000000000001        6.0762227748361815E-005
   14.250000000000000        5.7967596618310077E-005
   14.300000000000001        5.5301966891439280E-005
   14.350000000000001        5.2759358372702784E-005
   14.400000000000000        5.0334069379336589E-005
   14.450000000000001        4.8020663699235061E-005
   14.500000000000000        4.5813958163678686E-005
   14.550000000000001        4.3709010805269342E-005
   14.600000000000001        4.1701109573321993E-005
   14.650000000000000        3.9785761580288294E-005
   14.700000000000001        3.7958682854049359E-005
   14.750000000000000        3.6215788572116871E-005
   14.800000000000001        3.4553183754925006E-005
   14.850000000000001        3.2967154396484270E-005
   14.900000000000000        3.1454159011704222E-005
   14.950000000000001        3.0010820580678658E-005
   15.000000000000000        2.8633918871165275E-005
   15.050000000000001        2.7320383121385886E-005
   15.100000000000001        2.6067285066123816E-005
   15.150000000000000        2.4871832289905153E-005
   15.200000000000001        2.3731361891821449E-005
   15.250000000000000        2.2643334447285824E-005
   15.300000000000001        2.1605328252713030E-005
   15.350000000000001        2.0615033839779545E-005
   15.400000000000000        1.9670248746553245E-005
   15.450000000000001        1.8768872533385564E-005
   15.500000000000000        1.7908902032032980E-005
   15.550000000000001        1.7088426817022030E-005
   15.600000000000001        1.6305624888792235E-005
   15.650000000000000        1.5558758558647576E-005
   15.700000000000001        1.4846170526018920E-005
   15.750000000000000        1.4166280138989688E-005
   15.800000000000001        1.3517579829464808E-005
   15.850000000000001        1.2898631714771169E-005
   15.900000000000000        1.2308064357865469E-005
   15.950000000000001        1.1744569678695570E-005
   16.000000000000000        1.1206900009613259E-005
   16.050000000000001        1.0693865288071774E-005
   16.100000000000001        1.0204330380160815E-005
   16.150000000000002        9.7372125288358507E-006
   16.199999999999999        9.2914789209882601E-006
   16.250000000000000        8.8661443677787378E-006
   16.300000000000001        8.4602690929190632E-006
   16.350000000000001        8.0729566238377939E-006
   16.400000000000002        7.7033517809036323E-006
   16.449999999999999        7.3506387601073517E-006
   16.500000000000000        7.0140393048194370E-006
   16.550000000000001        6.6928109624464917E-006
   16.600000000000001        6.3862454220058155E-006
   16.650000000000002        6.0936669288242767E-006
   16.699999999999999        5.8144307727456922E-006
   16.750000000000000        5.5479218464005582E-006
   16.800000000000001        5.2935532702533261E-006
   16.850000000000001        5.0507650812964461E-006
   16.900000000000002        4.8190229824067957E-006
   16.949999999999999        4.5978171495198145E-006
   17.000000000000000        4.3866610939095881E-006
   17.050000000000001        4.1850905769897814E-006
   17.100000000000001        3.9926625751710001E-006
   17.150000000000002        3.8089542924250179E-006
   17.199999999999999        3.6335622183158876E-006
   17.250000000000000        3.4661012293620891E-006
   17.300000000000001        3.3062037316932815E-006
   17.350000000000001        3.1535188430597698E-006
   17.400000000000002        3.0077116123429503E-006
   17.449999999999999        2.8684622748007365E-006
   17.500000000000000        2.7354655413637792E-006
   17.550000000000001        2.6084299203760746E-006
   17.600000000000001        2.4870770702477232E-006
   17.650000000000002        2.3711411815581615E-006
   17.699999999999999        2.2603683872154595E-006
   17.750000000000000        2.1545161993412254E-006
   17.800000000000001        2.0533529716116369E-006
   17.850000000000001        1.9566573858431727E-006
   17.900000000000002        1.8642179616667751E-006
   17.949999999999999        1.7758325881868327E-006
   18.000000000000000        1.6913080765713763E-006
   18.050000000000001        1.6104597325675141E-006
   18.100000000000001        1.5331109479814393E-006
   18.150000000000002        1.4590928102055153E-006
   18.199999999999999        1.3882437289158729E-006
   18.250000000000000        1.3204090791030442E-006
   18.300000000000001        1.2554408596351991E-006
   18.350000000000001        1.1931973665888567E-006
   18.400000000000002        1.1335428806154172E-006
   18.449999999999999        1.0763473676437518E-006
   18.500000000000000        1.0214861922493241E-006
   18.550000000000001        9.6883984304902494E-007
   18.600000000000001        9.1829366950821275E-007
   18.650000000000002        8.6973762957229128E-007
   18.699999999999999        8.2306604755970696E-007
   18.750000000000000        7.7817738177651081E-007
   18.800000000000001        7.3497400133466481E-007
   18.850000000000001        6.9336197167711910E-007
   18.900000000000002        6.5325084833244991E-007
   18.949999999999999        6.1455347844047272E-007
   19.000000000000000        5.7718580960789674E-007
   19.050000000000001        5.4106670566968005E-007
   19.100000000000001        5.0611776894744202E-007
   19.150000000000002        4.7226316861100909E-007
   19.200000000000003        4.3942947476305965E-007
   19.250000000000000        4.0754549787980724E-007
   19.300000000000001        3.7654213325287821E-007
   19.350000000000001        3.4635221008889436E-007
   19.400000000000002        3.1691034493392018E-007
   19.450000000000003        2.8815279909977840E-007
   19.500000000000000        2.6001733977841651E-007
   19.550000000000001        2.3244310453893876E-007
   19.600000000000001        2.0537046890970623E-007
   19.650000000000002        1.7874091675500855E-007
   19.700000000000003        1.5249691316228539E-007
   19.750000000000000        1.2658177956170567E-007
   19.800000000000001        1.0093957080513782E-007
   19.850000000000001        7.5514953936160957E-008
   19.900000000000002        5.0253088386787042E-008
   19.950000000000003        2.5099507339996135E-008
   20.000000000000000        0.0000000000000000     
