   0.0000000000000000        0.0000000000000000     
   5.0000000000000003E-002   9.0839477585383870E-006
  0.10000000000000001        7.2614500794336602E-005
  0.15000000000000002        2.4475033949114154E-004
  0.20000000000000001        5.7907889432581914E-004
  0.25000000000000000        1.1283291443595646E-003
  0.30000000000000004        1.9440816655653739E-003
  0.35000000000000003        3.0764749779351600E-003
  0.40000000000000002        4.5739091995914373E-003
  0.45000000000000001        6.4827468761082209E-003
  0.50000000000000000        8.8470113705170564E-003
  0.55000000000000004        1.1708084068633185E-002
  0.60000000000000009        1.5104402149302048E-002
  0.65000000000000002        1.9071159308222226E-002
  0.70000000000000007        2.3640012504381563E-002
  0.75000000000000000        2.8838798490531049E-002
  0.80000000000000004        3.4691264561290784E-002
  0.85000000000000009        4.1216818565400715E-002
  0.90000000000000002        4.8430303737352624E-002
  0.95000000000000007        5.6341804259385807E-002
   1.0000000000000000        6.4956487618087047E-002
   1.0500000000000000        7.4274489724441214E-002
   1.1000000000000001        8.4290848384122763E-002
   1.1500000000000001        9.4995490011382105E-002
   1.2000000000000002       0.10637327346851333     
   1.2500000000000000       0.11840409359916941     
   1.3000000000000000       0.13106304544768815     
   1.3500000000000001       0.14432064838248518     
   1.4000000000000001       0.15814312745553627     
   1.4500000000000002       0.17249274743434664     
   1.5000000000000000       0.18732819314834734     
   1.5500000000000000       0.20260498820808603     
   1.6000000000000001       0.21827594288159505     
   1.6500000000000001       0.23429162102640771     
   1.7000000000000002       0.25060081552886365     
   1.7500000000000000       0.26715102171385519     
   1.8000000000000000       0.28388889864468914     
   1.8500000000000001       0.30076070909096264     
   1.9000000000000001       0.31771273013459161     
   1.9500000000000002       0.33469162782588413     
   2.0000000000000000       0.35164479089999312     
   2.0500000000000003       0.36852062022364585     
   2.1000000000000001       0.38526877230131429     
   2.1499999999999999       0.40184035667071061     
   2.2000000000000002       0.41818808847386768     
   2.2500000000000000       0.43426639864855021     
   2.3000000000000003       0.45003150519265944     
   2.3500000000000001       0.46544144971886975     
   2.4000000000000004       0.48045610406590344     
   2.4500000000000002       0.49503715207727111     
   2.5000000000000000       0.50914805181781053     
   2.5500000000000003       0.52275398349660651     
   2.6000000000000001       0.53582178822713256     
   2.6500000000000004       0.54831990250689278     
   2.7000000000000002       0.56021829296337333     
   2.7500000000000000       0.57148839551264630     
   2.8000000000000003       0.58210306263093237     
   2.8500000000000001       0.59203652196466872     
   2.9000000000000004       0.60126434901524617     
   2.9500000000000002       0.60976345614211946     
   3.0000000000000000       0.61751209964133091     
   3.0500000000000003       0.62448990618200928     
   3.1000000000000001       0.63067791942492324     
   3.1500000000000004       0.63605866720594006     
   3.2000000000000002       0.64061624924194560     
   3.2500000000000000       0.64433644490351905     
   3.3000000000000003       0.64720684019104269     
   3.3500000000000001       0.64921697264033662     
   3.4000000000000004       0.65035849245991006     
   3.4500000000000002       0.65062533775295228     
   3.5000000000000000       0.65001392119170764     
   3.5500000000000003       0.64852332497963561     
   3.6000000000000001       0.64615550035079850     
   3.6500000000000004       0.64291546721466897     
   3.7000000000000002       0.63881150886444971     
   3.7500000000000000       0.63385535594514530     
   3.8000000000000003       0.62806235315440684     
   3.8500000000000001       0.62145160147036116     
   3.9000000000000004       0.61404606812852580     
   3.9500000000000002       0.60587265618279562     
   4.0000000000000000       0.59696222537479171     
   4.0499999999999998       0.58734955630026242     
   4.1000000000000005       0.57707325059726167     
   4.1500000000000004       0.56617556116989554     
   4.2000000000000002       0.55470214835391563     
   4.2500000000000000       0.54270176042840002     
   4.2999999999999998       0.53022583991895833     
   4.3500000000000005       0.51732806058460701     
   4.4000000000000004       0.50406380361726189     
   4.4500000000000002       0.49048958512695912     
   4.5000000000000000       0.47666245011230113     
   4.5499999999999998       0.46263935049544191     
   4.6000000000000005       0.44847652614957162     
   4.6500000000000004       0.43422890797286906     
   4.7000000000000002       0.41994956090716301     
   4.7500000000000000       0.40568918245506097     
   4.8000000000000007       0.39149566895392957     
   4.8500000000000005       0.37741375796715382     
   4.9000000000000004       0.36348475105555156     
   4.9500000000000002       0.34974631728754213     
   5.0000000000000000       0.33623237445920334     
   5.0500000000000007       0.32297304233792690     
   5.1000000000000005       0.30999466040371665     
   5.1500000000000004       0.29731986151287099     
   5.2000000000000002       0.28496769253697329     
   5.2500000000000000       0.27295377317631037     
   5.3000000000000007       0.26129048464239713     
   5.3500000000000005       0.24998718060004119     
   5.4000000000000004       0.23905041354164622     
   5.4500000000000002       0.22848417056102685     
   5.5000000000000000       0.21829011326112513     
   5.5500000000000007       0.20846781725472519     
   5.6000000000000005       0.19901500739871653     
   5.6500000000000004       0.18992778554519785     
   5.7000000000000002       0.18120084820074311     
   5.7500000000000000       0.17282769205922699     
   5.8000000000000007       0.16480080591081786     
   5.8500000000000005       0.15711184792461230     
   5.9000000000000004       0.14975180774851488     
   5.9500000000000002       0.14271115326163406     
   6.0000000000000000       0.13597996214778565     
   6.0500000000000007       0.12954803873221493     
   6.1000000000000005       0.12340501673847122     
   6.1500000000000004       0.11754044878183421     
   6.2000000000000002       0.11194388352490245     
   6.2500000000000000       0.10660493148616709     
   6.3000000000000007       0.10151332052042018     
   6.3500000000000005        9.6658941987594754E-002
   6.4000000000000004        9.2031888600674697E-002
   6.4500000000000002        8.7622484899656086E-002
   6.5000000000000000        8.3421311242448518E-002
   6.5500000000000007        7.9419222139536810E-002
   6.6000000000000005        7.5607359690834097E-002
   6.6500000000000004        7.1977162813345402E-002
   6.7000000000000002        6.8520372879239400E-002
   6.7500000000000000        6.5229036317327030E-002
   6.8000000000000007        6.2095504667893126E-002
   6.8500000000000005        5.9112432522057168E-002
   6.9000000000000004        5.6272773722750032E-002
   6.9500000000000002        5.3569776155157518E-002
   7.0000000000000000        5.0996975410067723E-002
   7.0500000000000007        4.8548187563823016E-002
   7.1000000000000005        4.6217501283270554E-002
   7.1500000000000004        4.3999269432934036E-002
   7.2000000000000002        4.1888100334261401E-002
   7.2500000000000000        3.9878848802896619E-002
   7.3000000000000007        3.7966607069141629E-002
   7.3500000000000005        3.6146695668783549E-002
   7.4000000000000004        3.4414654375956207E-002
   7.4500000000000002        3.2766233236391031E-002
   7.5000000000000000        3.1197383748026851E-002
   7.5500000000000007        2.9704250226248730E-002
   7.6000000000000005        2.8283161382796743E-002
   7.6500000000000004        2.6930622140430481E-002
   7.7000000000000002        2.5643305699584760E-002
   7.7500000000000000        2.4418045868351401E-002
   7.8000000000000007        2.3251829663039871E-002
   7.8500000000000005        2.2141790183188081E-002
   7.9000000000000004        2.1085199762111363E-002
   7.9500000000000002        2.0079463391806225E-002
   8.0000000000000000        1.9122112419186418E-002
   8.0500000000000007        1.8210798509158358E-002
   8.0999999999999996        1.7343287868882742E-002
   8.1500000000000004        1.6517455726670668E-002
   8.2000000000000011        1.5731281058283662E-002
   8.2500000000000000        1.4982841552911510E-002
   8.3000000000000007        1.4270308810759557E-002
   8.3499999999999996        1.3591943763961147E-002
   8.4000000000000004        1.2946092312419612E-002
   8.4500000000000011        1.2331181166158341E-002
   8.5000000000000000        1.1745713885801017E-002
   8.5500000000000007        1.1188267112903740E-002
   8.5999999999999996        1.0657486982004680E-002
   8.6500000000000004        1.0152085706436074E-002
   8.7000000000000011        9.6708383301490636E-003
   8.7500000000000000        9.2125796380280109E-003
   8.8000000000000007        8.7762012174112686E-003
   8.8499999999999996        8.3606486637860158E-003
   8.9000000000000004        7.9649189238809974E-003
   8.9500000000000011        7.5880577696404716E-003
   9.0000000000000000        7.2291573968221896E-003
   9.0500000000000007        6.8873541422202764E-003
   9.0999999999999996        6.5618263137680686E-003
   9.1500000000000004        6.2517921280258858E-003
   9.2000000000000011        5.9565077498023467E-003
   9.2500000000000000        5.6752654288953911E-003
   9.3000000000000007        5.4073917291690629E-003
   9.3499999999999996        5.1522458454048613E-003
   9.4000000000000004        4.9092180035810564E-003
   9.4500000000000011        4.6777279404401533E-003
   9.5000000000000000        4.4572234584032326E-003
   9.5500000000000007        4.2471790520805129E-003
   9.6000000000000014        4.0470946028100026E-003
   9.6500000000000004        3.8564941378308099E-003
   9.7000000000000011        3.6749246508646569E-003
   9.7500000000000000        3.5019549810385697E-003
   9.8000000000000007        3.3371747472339028E-003
   9.8500000000000014        3.1801933350918362E-003
   9.9000000000000004        3.0306389340438028E-003
   9.9500000000000011        2.8881576218668182E-003
   10.000000000000000        2.7524124943890515E-003
   10.050000000000001        2.6230828380901473E-003
   10.100000000000001        2.4998633434541572E-003
   10.150000000000000        2.3824633570407416E-003
   10.200000000000001        2.2706061703427417E-003
   10.250000000000000        2.1640283435955480E-003
   10.300000000000001        2.0624790627961861E-003
   10.350000000000001        1.9657195282778788E-003
   10.400000000000000        1.8735223732692387E-003
   10.450000000000001        1.7856711109464961E-003
   10.500000000000000        1.7019596085623213E-003
   10.550000000000001        1.6221915873062571E-003
   10.600000000000001        1.5461801466194896E-003
   10.650000000000000        1.4737473117510764E-003
   10.700000000000001        1.4047236034037689E-003
   10.750000000000000        1.3389476283755506E-003
   10.800000000000001        1.2762656901580062E-003
   10.850000000000001        1.2165314185048478E-003
   10.900000000000000        1.1596054170334726E-003
   10.950000000000001        1.1053549279694550E-003
   11.000000000000000        1.0536535131884942E-003
   11.050000000000001        1.0043807507527168E-003
   11.100000000000001        9.5742194617842139E-004
   11.150000000000000        9.1266785771052308E-004
   11.200000000000001        8.7001443491516455E-004
   11.250000000000000        8.2936256993635033E-004
   11.300000000000001        7.9061786079508600E-004
   11.350000000000001        7.5369038614048678E-004
   11.400000000000000        7.1849449089172513E-004
   11.450000000000001        6.8494858223760709E-004
   11.500000000000000        6.5297493548706798E-004
   11.550000000000001        6.2249950928904571E-004
   11.600000000000001        5.9345176976408455E-004
   11.650000000000000        5.6576452311269960E-004
   11.700000000000001        5.3937375628708829E-004
   11.750000000000000        5.1421848533322087E-004
   11.800000000000001        4.9024061102977536E-004
   11.850000000000001        4.6738478146883257E-004
   11.900000000000000        4.4559826124076601E-004
   11.950000000000001        4.2483080690241442E-004
   12.000000000000000        4.0503454842342166E-004
   12.050000000000001        3.8616387632066167E-004
   12.100000000000001        3.6817533420491856E-004
   12.150000000000000        3.5102751647755410E-004
   12.200000000000001        3.3468097092776930E-004
   12.250000000000000        3.1909810599329734E-004
   12.300000000000001        3.0424310245899549E-004
   12.350000000000001        2.9008182937884433E-004
   12.400000000000000        2.7658176401735998E-004
   12.450000000000001        2.6371191561640227E-004
   12.500000000000000        2.5144275280283759E-004
   12.550000000000001        2.3974613446152651E-004
   12.600000000000001        2.2859524390666998E-004
   12.650000000000000        2.1796452619268354E-004
   12.700000000000001        2.0782962841350911E-004
   12.750000000000000        1.9816734284662797E-004
   12.800000000000001        1.8895555280502551E-004
   12.850000000000001        1.8017318106701010E-004
   12.900000000000000        1.7180014076010480E-004
   12.950000000000001        1.6381728858123708E-004
   13.000000000000000        1.5620638024116705E-004
   13.050000000000001        1.4895002802652318E-004
   13.100000000000001        1.4203166037798218E-004
   13.150000000000000        1.3543548338803798E-004
   13.200000000000001        1.2914644412647780E-004
   13.250000000000000        1.2315019570612414E-004
   13.300000000000001        1.1743306400562551E-004
   13.350000000000001        1.1198201597009736E-004
   13.400000000000000        1.0678462941423545E-004
   13.450000000000001        1.0182906425615934E-004
   13.500000000000000        9.7104035113700451E-005
   13.550000000000001        9.2598785198138764E-005
   13.600000000000001        8.8303061443520680E-005
   13.650000000000000        8.4207090812666782E-005
   13.700000000000001        8.0301557723809697E-005
   13.750000000000000        7.6577582544497323E-005
   13.800000000000001        7.3026701101957606E-005
   13.850000000000001        6.9640845161562145E-005
   13.900000000000000        6.6412323827344213E-005
   13.950000000000001        6.3333805820735997E-005
   14.000000000000000        6.0398302595789768E-005
   14.050000000000001        5.7599152251147828E-005
   14.100000000000001        5.4930004200927425E-005
   14.150000000000000        5.2384804568498358E-005
   14.200000000000001        4.9957782268853159E-005
   14.250000000000000        4.7643435746909825E-005
   14.300000000000001        4.5436520340647865E-005
   14.350000000000001        4.3332036239463224E-005
   14.400000000000000        4.1325217009542031E-005
   14.450000000000001        3.9411518659398368E-005
   14.500000000000000        3.7586609220002037E-005
   14.550000000000001        3.5846358815141846E-005
   14.600000000000001        3.4186830198830100E-005
   14.650000000000000        3.2604269737659043E-005
   14.700000000000001        3.1095098817071665E-005
   14.750000000000000        2.9655905651510240E-005
   14.800000000000001        2.8283437479359481E-005
   14.850000000000001        2.6974593124508244E-005
   14.900000000000000        2.5726415907218005E-005
   14.950000000000001        2.4536086887808556E-005
   15.000000000000000        2.3400918427454659E-005
   15.050000000000001        2.2318348051132998E-005
   15.100000000000001        2.1285932598468696E-005
   15.150000000000000        2.0301342648906774E-005
   15.200000000000001        1.9362357208277472E-005
   15.250000000000000        1.8466858644437384E-005
   15.300000000000001        1.7612827860251983E-005
   15.350000000000001        1.6798339692741008E-005
   15.400000000000000        1.6021558527737228E-005
   15.450000000000001        1.5280734119913337E-005
   15.500000000000000        1.4574197608511685E-005
   15.550000000000001        1.3900357719568599E-005
   15.600000000000001        1.3257697145860415E-005
   15.650000000000000        1.2644769096213066E-005
   15.700000000000001        1.2060194006211695E-005
   15.750000000000000        1.1502656402723126E-005
   15.800000000000001        1.0970901915002047E-005
   15.850000000000001        1.0463734425492897E-005
   15.900000000000000        9.9800133537645741E-006
   15.950000000000001        9.5186510673243608E-006
   16.000000000000000        9.0786104133524125E-006
   16.050000000000001        8.6589023656788988E-006
   16.100000000000001        8.2585837815933834E-006
   16.150000000000002        7.8767552633307449E-006
   16.199999999999999        7.5125591193207319E-006
   16.250000000000000        7.1651774205193001E-006
   16.300000000000001        6.8338301473601879E-006
   16.350000000000001        6.5177734230749204E-006
   16.400000000000002        6.2162978293292542E-006
   16.449999999999999        5.9287268003144757E-006
   16.500000000000000        5.6544150916132284E-006
   16.550000000000001        5.3927473203323992E-006
   16.600000000000001        5.1431365731600794E-006
   16.650000000000002        4.9050230791604179E-006
   16.699999999999999        4.6778729442695621E-006
   16.750000000000000        4.4611769445981009E-006
   16.800000000000001        4.2544493757810401E-006
   16.850000000000001        4.0572269557454080E-006
   16.900000000000002        3.8690677783886184E-006
   16.949999999999999        3.6895503157779439E-006
   17.000000000000000        3.5182724665930257E-006
   17.050000000000001        3.3548506486397432E-006
   17.100000000000001        3.1989189333651021E-006
   17.150000000000002        3.0501282203992322E-006
   17.199999999999999        2.9081454502426428E-006
   17.250000000000000        2.7726528533043738E-006
   17.300000000000001        2.6433472335801463E-006
   17.350000000000001        2.5199392853391379E-006
   17.400000000000002        2.4021529412636000E-006
   17.449999999999999        2.2897247505577581E-006
   17.500000000000000        2.1824032856110572E-006
   17.550000000000001        2.0799485758662037E-006
   17.600000000000001        1.9821315676048276E-006
   17.650000000000002        1.8887336084228543E-006
   17.699999999999999        1.7995459552242063E-006
   17.750000000000000        1.7143693046152514E-006
   17.800000000000001        1.6330133446336351E-006
   17.850000000000001        1.5552963267939148E-006
   17.900000000000002        1.4810446574788468E-006
   17.949999999999999        1.4100925077493689E-006
   18.000000000000000        1.3422814406883810E-006
   18.050000000000001        1.2774600554334881E-006
   18.100000000000001        1.2154836470919371E-006
   18.150000000000002        1.1562138817672366E-006
   18.199999999999999        1.0995184859614140E-006
   18.250000000000000        1.0452709496496676E-006
   18.300000000000001        9.9335024235532504E-007
   18.350000000000001        9.4364054158268005E-007
   18.400000000000002        8.9603097299341569E-007
   18.449999999999999        8.5041536173911753E-007
   18.500000000000000        8.0669199438775888E-007
   18.550000000000001        7.6476339090619242E-007
   18.600000000000001        7.2453608618357908E-007
   18.650000000000002        6.8592042060241018E-007
   18.699999999999999        6.4883033918436464E-007
   18.750000000000000        6.1318319885778735E-007
   18.800000000000001        5.7889958341202991E-007
   18.850000000000001        5.4590312572142288E-007
   18.900000000000002        5.1412033683815832E-007
   18.949999999999999        4.8348044156902974E-007
   19.000000000000000        4.5391522016569939E-007
   19.050000000000001        4.2535885577210136E-007
   19.100000000000001        3.9774778728568419E-007
   19.150000000000002        3.7102056730151201E-007
   19.200000000000003        3.4511772481983828E-007
   19.250000000000000        3.1998163240859051E-007
   19.300000000000001        2.9555637752237037E-007
   19.350000000000001        2.7178763768904212E-007
   19.400000000000002        2.4862255928379847E-007
   19.450000000000003        2.2600963961878228E-007
   19.500000000000000        2.0389861208391231E-007
   19.550000000000001        1.8224033408153602E-007
   19.600000000000001        1.6098667750392277E-007
   19.650000000000002        1.4009042150844161E-007
   19.700000000000003        1.1950514735053997E-007
   19.750000000000000        9.9185135039373252E-008
   19.800000000000001        7.9085261585145028E-008
   19.850000000000001        5.9160900610897947E-008
   19.900000000000002        3.9367823104677138E-008
   19.950000000000003        1.9662099090656678E-008
   20.000000000000000        0.0000000000000000     
