   0.0000000000000000        0.0000000000000000     
   5.0000000000000003E-002   7.2650840644812696E-006
  0.10000000000000001        5.8084221287837360E-005
  0.15000000000000002        1.9582942111801688E-004
  0.20000000000000001        4.6350962938496740E-004
  0.25000000000000000        9.0358862752930097E-004
  0.30000000000000004        1.5577991752203917E-003
  0.35000000000000003        2.4669544175066750E-003
  0.40000000000000002        3.6707562042454750E-003
  0.45000000000000001        5.2076001550736915E-003
  0.50000000000000000        7.1143774259499106E-003
  0.55000000000000004        9.4262736734784264E-003
  0.60000000000000009        1.2176565982722954E-002
  0.65000000000000002        1.5396418874447412E-002
  0.70000000000000007        1.9114680877504606E-002
  0.75000000000000000        2.3357683529185446E-002
  0.80000000000000004        2.8149045040599459E-002
  0.85000000000000009        3.3509481223838428E-002
  0.90000000000000002        3.9456626609273557E-002
  0.95000000000000007        4.6004868969514313E-002
   1.0000000000000000        5.3165200694188411E-002
   1.0500000000000000        6.0945090608110333E-002
   1.1000000000000001        6.9348379874845781E-002
   1.1500000000000001        7.8375205558195535E-002
   1.2000000000000002        8.8021955206797925E-002
   1.2500000000000000        9.8281255465718309E-002
   1.3000000000000000       0.10914199719225202     
   1.3500000000000001       0.12058939885712773     
   1.4000000000000001       0.13260510915238974     
   1.4500000000000002       0.14516734872064832     
   1.5000000000000000       0.15825108979728186     
   1.5500000000000000       0.17182827136087625     
   1.6000000000000001       0.18586804617286296     
   1.6500000000000001       0.20033705491908924     
   1.7000000000000002       0.21519972161255102     
   1.7500000000000000       0.23041856354531443     
   1.8000000000000000       0.24595450844911915     
   1.8500000000000001       0.26176721118562846     
   1.9000000000000001       0.27781536226818115     
   1.9500000000000002       0.29405698082563692     
   2.0000000000000000       0.31044968524205030     
   2.0500000000000003       0.32695093560963778     
   2.1000000000000001       0.34351824326274077     
   2.1499999999999999       0.36010934396552441     
   2.2000000000000002       0.37668233271261492     
   2.2500000000000000       0.39319575953019636     
   2.3000000000000003       0.40960868704634640     
   2.3500000000000001       0.42588071188965126     
   2.4000000000000004       0.44197195312761656     
   2.4500000000000002       0.45784301194078381     
   2.5000000000000000       0.47345490752740310     
   2.5500000000000003       0.48876899484140440     
   2.6000000000000001       0.50374687018759856     
   2.6500000000000004       0.51835027094432040     
   2.7000000000000002       0.53254097577187276     
   2.7500000000000000       0.54628071161456271     
   2.8000000000000003       0.55953107363476784     
   2.8500000000000001       0.57225346394825394     
   2.9000000000000004       0.58440905467745974     
   2.9500000000000002       0.59595878041721129     
   3.0000000000000000       0.60686336472530433     
   3.0500000000000003       0.61708338471488700     
   3.1000000000000001       0.62657937723923696     
   3.1500000000000004       0.63531198952150014     
   3.2000000000000002       0.64324217638827452     
   3.2500000000000000       0.65033144550977595     
   3.3000000000000003       0.65654215122158543     
   3.3500000000000001       0.66183783659277351     
   3.4000000000000004       0.66618362240053652     
   3.4500000000000002       0.66954664056030344     
   3.5000000000000000       0.67189650833158954     
   3.5500000000000003       0.67320583826540314     
   3.6000000000000001       0.67345077737531778     
   3.6500000000000004       0.67261156740533079     
   3.7000000000000002       0.67067311634789806     
   3.7500000000000000       0.66762556956388985     
   3.8000000000000003       0.66346486701977692     
   3.8500000000000001       0.65819327135565986     
   3.9000000000000004       0.65181984982635488     
   3.9500000000000002       0.64436089174059452     
   4.0000000000000000       0.63584024201306966     
   4.0499999999999998       0.62628953101846707     
   4.1000000000000005       0.61574828129101267     
   4.1500000000000004       0.60426387294574946     
   4.2000000000000002       0.59189135218949773     
   4.2500000000000000       0.57869307107550438     
   4.2999999999999998       0.56473815179353271     
   4.3500000000000005       0.55010177522151960     
   4.4000000000000004       0.53486430099829907     
   4.4500000000000002       0.51911023464976436     
   4.5000000000000000       0.50292706579211333     
   4.5499999999999998       0.48640400948898516     
   4.6000000000000005       0.46963068971821043     
   4.6500000000000004       0.45269580887585220     
   4.7000000000000002       0.43568584968179203     
   4.7500000000000000       0.41868385533077479     
   4.8000000000000007       0.40176833012473595     
   4.8500000000000005       0.38501229633171585     
   4.9000000000000004       0.36848253417808036     
   4.9500000000000002       0.35223902149509007     
   5.0000000000000000       0.33633457856712606     
   5.0500000000000007       0.32081471315027638     
   5.1000000000000005       0.30571765132092849     
   5.1500000000000004       0.29107453243335624     
   5.2000000000000002       0.27690974139376273     
   5.2500000000000000       0.26324134878629779     
   5.3000000000000007       0.25008162894797348     
   5.3500000000000005       0.23743762752666142     
   5.4000000000000004       0.22531175290093644     
   5.4500000000000002       0.21370236959097866     
   5.5000000000000000       0.20260437597589223     
   5.5500000000000007       0.19200975285934188     
   5.6000000000000005       0.18190807339412998     
   5.6500000000000004       0.17228696838982183     
   5.7000000000000002       0.16313254397974114     
   5.7500000000000000       0.15442975098270606     
   5.8000000000000007       0.14616270708310911     
   5.8500000000000005       0.13831497422767727     
   5.9000000000000004       0.13086979447442912     
   5.9500000000000002       0.12381028801101158     
   6.0000000000000000       0.11711961726516670     
   6.0500000000000007       0.11078112103103524     
   6.1000000000000005       0.10477842239225145     
   6.1500000000000004        9.9095513985892586E-002
   6.2000000000000002        9.3716823859038539E-002
   6.2500000000000000        8.8627264851069934E-002
   6.3000000000000007        8.3812270110823581E-002
   6.3500000000000005        7.9257817042718476E-002
   6.4000000000000004        7.4950441679203422E-002
   6.4500000000000002        7.0877245203762804E-002
   6.5000000000000000        6.7025894101834071E-002
   6.5500000000000007        6.3384615196971611E-002
   6.6000000000000005        5.9942186635754305E-002
   6.6500000000000004        5.6687925715766620E-002
   6.7000000000000002        5.3611674304513059E-002
   6.7500000000000000        5.0703782471154965E-002
   6.8000000000000007        4.7955090845246504E-002
   6.8500000000000005        4.5356912125013353E-002
   6.9000000000000004        4.2901012080119962E-002
   6.9500000000000002        4.0579590328429796E-002
   7.0000000000000000        3.8385261111292056E-002
   7.0500000000000007        3.6311034245881071E-002
   7.1000000000000005        3.4350296394756050E-002
   7.1500000000000004        3.2496792760942951E-002
   7.2000000000000002        3.0744609290474584E-002
   7.2500000000000000        2.9088155442599802E-002
   7.3000000000000007        2.7522147570053033E-002
   7.3500000000000005        2.6041592937236107E-002
   7.4000000000000004        2.4641774392369808E-002
   7.4500000000000002        2.3318235700172642E-002
   7.5000000000000000        2.2066767534034974E-002
   7.5500000000000007        2.0883394120656078E-002
   7.6000000000000005        1.9764360525427592E-002
   7.6500000000000004        1.8706120563250123E-002
   7.7000000000000002        1.7705325316769719E-002
   7.7500000000000000        1.6758812242055564E-002
   7.8000000000000007        1.5863594840375923E-002
   7.8500000000000005        1.5016852873853377E-002
   7.9000000000000004        1.4215923102299202E-002
   7.9500000000000002        1.3458290518362614E-002
   8.0000000000000000        1.2741580058218469E-002
   8.0500000000000007        1.2063548765303727E-002
   8.0999999999999996        1.1422078385053805E-002
   8.1500000000000004        1.0815168369148568E-002
   8.2000000000000011        1.0240929268424202E-002
   8.2500000000000000        9.6975764943165177E-003
   8.3000000000000007        9.1834244294539159E-003
   8.3499999999999996        8.6968808687977843E-003
   8.4000000000000004        8.2364417735209770E-003
   8.4500000000000011        7.8006863206115983E-003
   8.5000000000000000        7.3882722319804205E-003
   8.5500000000000007        6.9979313676299410E-003
   8.5999999999999996        6.6284655682058878E-003
   8.6500000000000004        6.2787427329944441E-003
   8.7000000000000011        5.9476931201474280E-003
   8.7500000000000000        5.6343058566112967E-003
   8.8000000000000007        5.3376256459028958E-003
   8.8499999999999996        5.0567496625141782E-003
   8.9000000000000004        4.7908246223398159E-003
   8.9500000000000011        4.5390440191052286E-003
   9.0000000000000000        4.3006455173286396E-003
   9.0500000000000007        4.0749084928796159E-003
   9.0999999999999996        3.8611517126988875E-003
   9.1500000000000004        3.6587311457208210E-003
   9.2000000000000011        3.4670378974915083E-003
   9.2500000000000000        3.2854962614030812E-003
   9.3000000000000007        3.1135618798693596E-003
   9.3499999999999996        2.9507200091504209E-003
   9.4000000000000004        2.7964838818950264E-003
   9.4500000000000011        2.6503931618110104E-003
   9.5000000000000000        2.5120124851958753E-003
   9.5500000000000007        2.3809300843636513E-003
   9.6000000000000014        2.2567564882906830E-003
   9.6500000000000004        2.1391232960732459E-003
   9.7000000000000011        2.0276820190445743E-003
   9.7500000000000000        1.9221029876389706E-003
   9.8000000000000007        1.8220743193168021E-003
   9.8500000000000014        1.7273009440773109E-003
   9.9000000000000004        1.6375036842868440E-003
   9.9500000000000011        1.5524183857391714E-003
   10.000000000000000        1.4717950970425840E-003
   10.050000000000001        1.3953972945961186E-003
   10.100000000000001        1.3230011505751399E-003
   10.150000000000000        1.2543948414951507E-003
   10.200000000000001        1.1893778950626979E-003
   10.250000000000000        1.1277605731540216E-003
   10.300000000000001        1.0693632888862143E-003
   10.350000000000001        1.0140160558625010E-003
   10.400000000000000        9.6155796778328822E-004
   10.450000000000001        9.1183670671823739E-004
   10.500000000000000        8.6470807843219211E-004
   10.550000000000001        8.2003557324966583E-004
   10.600000000000001        7.7768995102912679E-004
   10.650000000000000        7.3754884889981023E-004
   10.700000000000001        6.9949641049054539E-004
   10.750000000000000        6.6342293545237820E-004
   10.800000000000001        6.2922454814487200E-004
   10.850000000000001        5.9680288442011821E-004
   10.900000000000000        5.6606479549893205E-004
   10.950000000000001        5.3692206799064188E-004
   11.000000000000000        5.0929115916153360E-004
   11.050000000000001        4.8309294660757115E-004
   11.100000000000001        4.5825249153464337E-004
   11.150000000000000        4.3469881489449641E-004
   11.200000000000001        4.1236468566681594E-004
   11.250000000000000        3.9118642061781881E-004
   11.300000000000001        3.7110369490330001E-004
   11.350000000000001        3.5205936291953692E-004
   11.400000000000000        3.3399928883885802E-004
   11.450000000000001        3.1687218629819578E-004
   11.500000000000000        3.0062946673865197E-004
   11.550000000000001        2.8522509592211618E-004
   11.600000000000001        2.7061545817740214E-004
   11.650000000000000        2.5675922795328473E-004
   11.700000000000001        2.4361724827932384E-004
   11.750000000000000        2.3115241575753516E-004
   11.800000000000001        2.1932957172888297E-004
   11.850000000000001        2.0811539927830227E-004
   11.900000000000000        1.9747832576057925E-004
   11.950000000000001        1.8738843054698422E-004
   12.000000000000000        1.7781735770913370E-004
   12.050000000000001        1.6873823337219929E-004
   12.100000000000001        1.6012558748435213E-004
   12.150000000000000        1.5195527976326654E-004
   12.200000000000001        1.4420442959366337E-004
   12.250000000000000        1.3685134966229321E-004
   12.300000000000001        1.2987548312848505E-004
   12.350000000000001        1.2325734413945512E-004
   12.400000000000000        1.1697846151002290E-004
   12.450000000000001        1.1102132539625280E-004
   12.500000000000000        1.0536933680185789E-004
   12.550000000000001        1.0000675976500624E-004
   12.600000000000001        9.4918676081483212E-005
   12.650000000000000        9.0090942428014696E-005
   12.700000000000001        8.5510149756974047E-005
   12.750000000000000        8.1163584840701484E-005
   12.800000000000001        7.7039193850284178E-005
   12.850000000000001        7.3125547859898753E-005
   12.900000000000000        6.9411810173725894E-005
   12.950000000000001        6.5887705378030577E-005
   13.000000000000000        6.2543490026276298E-005
   13.050000000000001        5.9369924870127010E-005
   13.100000000000001        5.6358248553902529E-005
   13.150000000000000        5.3500152694505653E-005
   13.200000000000001        5.0787758273047766E-005
   13.250000000000000        4.8213593268378875E-005
   13.300000000000001        4.5770571466487240E-005
   13.350000000000001        4.3451972383289985E-005
   13.400000000000000        4.1251422241695894E-005
   13.450000000000001        3.9162875946999873E-005
   13.500000000000000        3.7180600007672304E-005
   13.550000000000001        3.5299156351447220E-005
   13.600000000000001        3.3513386989299556E-005
   13.650000000000000        3.1818399482441761E-005
   13.700000000000001        3.0209553169871910E-005
   13.750000000000000        2.8682446116277801E-005
   13.800000000000001        2.7232902742249791E-005
   13.850000000000001        2.5856962100787437E-005
   13.900000000000000        2.4550866766007510E-005
   13.950000000000001        2.3311052301779248E-005
   14.000000000000000        2.2134137279732743E-005
   14.050000000000001        2.1016913817713821E-005
   14.100000000000001        1.9956338611298180E-005
   14.150000000000000        1.8949524432434224E-005
   14.200000000000001        1.7993732070662095E-005
   14.250000000000000        1.7086362693660592E-005
   14.300000000000001        1.6224950605107179E-005
   14.350000000000001        1.5407156379004557E-005
   14.400000000000000        1.4630760350731489E-005
   14.450000000000001        1.3893656446121935E-005
   14.500000000000000        1.3193846330865816E-005
   14.550000000000001        1.2529433863461584E-005
   14.600000000000001        1.1898619835837205E-005
   14.650000000000000        1.1299696986595549E-005
   14.700000000000001        1.0731045272634189E-005
   14.750000000000000        1.0191127385641802E-005
   14.800000000000001        9.6784845006849869E-006
   14.850000000000001        9.1917322447732971E-006
   14.900000000000000        8.7295568739281033E-006
   14.950000000000001        8.2907116478850271E-006
   15.000000000000000        7.8740133921314127E-006
   15.050000000000001        7.4783392375219290E-006
   15.100000000000001        7.1026235282278461E-006
   15.150000000000000        6.7458548892612709E-006
   15.200000000000001        6.4070734452750826E-006
   15.250000000000000        6.0853681827748304E-006
   15.300000000000001        5.7798744482910498E-006
   15.350000000000001        5.4897715754508615E-006
   15.400000000000000        5.2142806342575328E-006
   15.450000000000001        4.9526622962369054E-006
   15.500000000000000        4.7042148094412657E-006
   15.550000000000001        4.4682720776154256E-006
   15.600000000000001        4.2442018381274065E-006
   15.650000000000000        4.0314039335479692E-006
   15.700000000000001        3.8293086720303204E-006
   15.750000000000000        3.6373752718942274E-006
   15.800000000000001        3.4550903860584531E-006
   15.850000000000001        3.2819667021924342E-006
   15.900000000000000        3.1175416146731911E-006
   15.950000000000001        2.9613759646372434E-006
   16.000000000000000        2.8130528446103709E-006
   16.050000000000001        2.6721764643809630E-006
   16.100000000000001        2.5383710749560270E-006
   16.150000000000002        2.4112799476031682E-006
   16.199999999999999        2.2905644051374295E-006
   16.250000000000000        2.1759029027593785E-006
   16.300000000000001        2.0669901558905207E-006
   16.350000000000001        1.9635363125845619E-006
   16.400000000000002        1.8652661682185026E-006
   16.449999999999999        1.7719184202864825E-006
   16.500000000000000        1.6832449612319826E-006
   16.550000000000001        1.5990102073607951E-006
   16.600000000000001        1.5189904619784177E-006
   16.650000000000002        1.4429733109914510E-006
   16.699999999999999        1.3707570493035050E-006
   16.750000000000000        1.3021501364223340E-006
   16.800000000000001        1.2369706797765687E-006
   16.850000000000001        1.1750459443178802E-006
   16.900000000000002        1.1162118870577660E-006
   16.949999999999999        1.0603127152577450E-006
   17.000000000000000        1.0072004670576681E-006
   17.050000000000001        9.5673461338935709E-007
   17.100000000000001        9.0878168008205136E-007
   17.150000000000002        8.6321488912227202E-007
   17.199999999999999        8.1991381808399128E-007
   17.250000000000000        7.7876407679542374E-007
   17.300000000000001        7.3965700035661820E-007
   17.350000000000001        7.0248935766736496E-007
   17.400000000000002        6.6716307466793199E-007
   17.449999999999999        6.3358497153586933E-007
   17.500000000000000        6.0166651312076823E-007
   17.550000000000001        5.7132357193546286E-007
   17.600000000000001        5.4247620305686679E-007
   17.650000000000002        5.1504843032253592E-007
   17.699999999999999        4.8896804324022703E-007
   17.750000000000000        4.6416640405727079E-007
   17.800000000000001        4.4057826446458618E-007
   17.850000000000001        4.1814159143671188E-007
   17.900000000000002        3.9679740173437910E-007
   17.949999999999999        3.7648960461998830E-007
   18.000000000000000        3.5716485235894358E-007
   18.050000000000001        3.3877239810118928E-007
   18.100000000000001        3.2126396075757253E-007
   18.150000000000002        3.0459359650486401E-007
   18.199999999999999        2.8871757657144448E-007
   18.250000000000000        2.7359427097290695E-007
   18.300000000000001        2.5918403788311983E-007
   18.350000000000001        2.4544911834175185E-007
   18.400000000000002        2.3235353601385908E-007
   18.449999999999999        2.1986300173097955E-007
   18.500000000000000        2.0794482255625587E-007
   18.550000000000001        1.9656781512848254E-007
   18.600000000000001        1.8570222305167970E-007
   18.650000000000002        1.7531963810784881E-007
   18.699999999999999        1.6539292508101520E-007
   18.750000000000000        1.5589614999053059E-007
   18.800000000000001        1.4680451154091950E-007
   18.850000000000001        1.3809427560433729E-007
   18.900000000000002        1.2974271255999385E-007
   18.949999999999999        1.2172803732269165E-007
   19.000000000000000        1.1402935189997780E-007
   19.050000000000001        1.0662659032430942E-007
   19.100000000000001        9.9500465813123151E-008
   19.150000000000002        9.2632420015785194E-008
   19.200000000000003        8.6004574212104407E-008
   19.250000000000000        7.9599682332425633E-008
   19.300000000000001        7.3401085674309298E-008
   19.350000000000001        6.7392669195446212E-008
   19.400000000000002        6.1558819266783688E-008
   19.450000000000003        5.5884382773842712E-008
   19.500000000000000        5.0354627457918161E-008
   19.550000000000001        4.4955203392267638E-008
   19.600000000000001        3.9672105491530589E-008
   19.650000000000002        3.4491636955481472E-008
   19.700000000000003        2.9400373550818976E-008
   19.750000000000000        2.4385128637033393E-008
   19.800000000000001        1.9432918844485548E-008
   19.850000000000001        1.4530930314676653E-008
   19.900000000000002        9.6664854142947327E-009
   19.950000000000003        4.8270098359945524E-009
   20.000000000000000        0.0000000000000000     
