   0.0000000000000000        0.0000000000000000     
   5.0000000000000003E-002   1.2597869242816696E-007
  0.10000000000000001        2.0137648898521483E-006
  0.15000000000000002        1.0179699400390437E-005
  0.20000000000000001        3.2107502682656882E-005
  0.25000000000000000        7.8182814786162223E-005
  0.30000000000000004        1.6160210829454838E-004
  0.35000000000000003        2.9825536841334360E-004
  0.40000000000000002        5.0658310342638943E-004
  0.45000000000000001        8.0740789722424434E-004
  0.50000000000000000        1.2237409114830061E-003
  0.55000000000000004        1.7805639724750039E-003
  0.60000000000000009        2.5045881163535222E-003
  0.65000000000000002        3.4239897709481973E-003
  0.70000000000000007        4.5681261146099748E-003
  0.75000000000000000        5.9672315710080411E-003
  0.80000000000000004        7.6520978664212005E-003
  0.85000000000000009        9.6537405812648549E-003
  0.90000000000000002        1.2003055652899037E-002
  0.95000000000000007        1.4730469808824850E-002
   1.0000000000000000        1.7865589399347480E-002
   1.0500000000000000        2.1436852523397280E-002
   1.1000000000000001        2.5471189664614549E-002
   1.1500000000000001        2.9993698241182750E-002
   1.2000000000000002        3.5027336489597417E-002
   1.2500000000000000        4.0592641923659779E-002
   1.3000000000000000        4.6707479219757229E-002
   1.3500000000000001        5.3386821775376347E-002
   1.4000000000000001        6.0642570382368644E-002
   1.4500000000000002        6.8483411478057032E-002
   1.5000000000000000        7.6914716328766328E-002
   1.5500000000000000        8.5938481316573334E-002
   1.6000000000000001        9.5553308303388471E-002
   1.6500000000000001       0.10575442290163843     
   1.7000000000000002       0.11653372744928636     
   1.7500000000000000       0.12787988462166180     
   1.8000000000000000       0.13977842695379822     
   1.8500000000000001       0.15221188711947459     
   1.9000000000000001       0.16515994362533776     
   1.9500000000000002       0.17859957662318132     
   2.0000000000000000       0.19250522880013665     
   2.0500000000000003       0.20684896674075412     
   2.1000000000000001       0.22160063876158331     
   2.1499999999999999       0.23672802584644570     
   2.2000000000000002       0.25219698314414402     
   2.2500000000000000       0.26797157021393320     
   2.3000000000000003       0.28401416901020554     
   2.3500000000000001       0.30028558934931893     
   2.4000000000000004       0.31674516231016153     
   2.4500000000000002       0.33335082266752186     
   2.5000000000000000       0.35005918203376202     
   2.5500000000000003       0.36682559488361804     
   2.6000000000000001       0.38360422005602873     
   2.6500000000000004       0.40034808066461675     
   2.7000000000000002       0.41700912560509501     
   2.7500000000000000       0.43353829602456556     
   2.8000000000000003       0.44988560021594975     
   2.8500000000000001       0.46600020042232942     
   2.9000000000000004       0.48183051498243690     
   2.9500000000000002       0.49732433912136459     
   3.0000000000000000       0.51242898749093013     
   3.0500000000000003       0.52709146129276629     
   3.1000000000000001       0.54125864247430655     
   3.1500000000000004       0.55487751707290878     
   3.2000000000000002       0.56789542929509118     
   3.2500000000000000       0.58026036735404218     
   3.3000000000000003       0.59192128144601253     
   3.3500000000000001       0.60282843352097115     
   3.4000000000000004       0.61293377769047963     
   3.4500000000000002       0.62219136921177642     
   3.5000000000000000       0.63055779898828446     
   3.5500000000000003       0.63799264943237233     
   3.6000000000000001       0.64445896634984001     
   3.6500000000000004       0.64992374023770971     
   3.7000000000000002       0.65435838905752897     
   3.7500000000000000       0.65773923318838901     
   3.8000000000000003       0.66004795192600496     
   3.8500000000000001       0.66127200964391186     
   3.9000000000000004       0.66140503865788580     
   3.9500000000000002       0.66044716504307288     
   4.0000000000000000       0.65840526327031001     
   4.0499999999999998       0.65529312568966891     
   4.1000000000000005       0.65113153373085408     
   4.1500000000000004       0.64594821933070445     
   4.2000000000000002       0.63977770761984343     
   4.2500000000000000       0.63266103532569606     
   4.2999999999999998       0.62464534361726010     
   4.3500000000000005       0.61578334906727039     
   4.4000000000000004       0.60613270177092038     
   4.4500000000000002       0.59575524506842459     
   4.5000000000000000       0.58471619633031147     
   4.5499999999999998       0.57308327241307710     
   4.6000000000000005       0.56092578624906864     
   4.6500000000000004       0.54831374227315133     
   4.7000000000000002       0.53531695784866029     
   4.7500000000000000       0.52200423557639541     
   4.8000000000000007       0.50844260759761384     
   4.8500000000000005       0.49469666815052754     
   4.9000000000000004       0.48082800522981145     
   4.9500000000000002       0.46689473677073173     
   5.0000000000000000       0.45295115181167611     
   5.0500000000000007       0.43904745293209796     
   5.1000000000000005       0.42522959310836034     
   5.1500000000000004       0.41153919801070771     
   5.2000000000000002       0.39801356358574880     
   5.2500000000000000       0.38468571835463122     
   5.3000000000000007       0.37158454000059105     
   5.3500000000000005       0.35873491632416782     
   5.4000000000000004       0.34615794135033479     
   5.4500000000000002       0.33387113816690528     
   5.5000000000000000       0.32188870089090005     
   5.5500000000000007       0.31022174896722587     
   5.6000000000000005       0.29887858779221027     
   5.6500000000000004       0.28786497042367465     
   5.7000000000000002       0.27718435589128371     
   5.7500000000000000       0.26683816035474589     
   5.8000000000000007       0.25682599806732931     
   5.8500000000000005       0.24714590977861461     
   5.9000000000000004       0.23779457684213598     
   5.9500000000000002       0.22876751986954286     
   6.0000000000000000       0.22005928128418681     
   6.0500000000000007       0.21166359156772238     
   6.1000000000000005       0.20357351936108378     
   6.1500000000000004       0.19578160587708815     
   6.2000000000000002       0.18827998430979520     
   6.2500000000000000       0.18106048509165032     
   6.3000000000000007       0.17411472796071689     
   6.3500000000000005       0.16743420186502458     
   6.4000000000000004       0.16101033375733498     
   6.4500000000000002       0.15483454732922977     
   6.5000000000000000       0.14889831270544954     
   6.5500000000000007       0.14319318807411832     
   6.6000000000000005       0.13771085417122589     
   6.6500000000000004       0.13244314247293637     
   6.7000000000000002       0.12738205788051288     
   6.7500000000000000       0.12251979661269108     
   6.8000000000000007       0.11784875995129269     
   6.8500000000000005       0.11336156441929376     
   6.9000000000000004       0.10905104890748879     
   6.9500000000000002       0.10491027920701498     
   7.0000000000000000       0.10093255035067962     
   7.0500000000000007        9.7111387116428055E-002
   7.1000000000000005        9.3440543001365034E-002
   7.1500000000000004        8.9913997934363513E-002
   7.2000000000000002        8.6525954959227117E-002
   7.2500000000000000        8.3270836088339226E-002
   7.3000000000000007        8.0143277498425342E-002
   7.3500000000000005        7.7138124215148055E-002
   7.4000000000000004        7.4250424411435284E-002
   7.4500000000000002        7.1475423425391635E-002
   7.5000000000000000        6.8808557587072924E-002
   7.5500000000000007        6.6245447929034279E-002
   7.6000000000000005        6.3781893843140869E-002
   7.6500000000000004        6.1413866735424226E-002
   7.7000000000000002        5.9137503721567487E-002
   7.7500000000000000        5.6949101397718249E-002
   7.8000000000000007        5.4845109714592326E-002
   7.8500000000000005        5.2822125977095340E-002
   7.9000000000000004        5.0876888986816055E-002
   7.9500000000000002        4.9006273340624407E-002
   8.0000000000000000        4.7207283895131319E-002
   8.0500000000000007        4.5477050403848897E-002
   8.0999999999999996        4.3812822331450181E-002
   8.1500000000000004        4.2211963847499361E-002
   8.2000000000000011        4.0671949000346139E-002
   8.2500000000000000        3.9190357070501038E-002
   8.3000000000000007        3.7764868101688817E-002
   8.3499999999999996        3.6393258606872904E-002
   8.4000000000000004        3.5073397445826847E-002
   8.4500000000000011        3.3803241870265496E-002
   8.5000000000000000        3.2580833732119299E-002
   8.5500000000000007        3.1404295850214627E-002
   8.5999999999999996        3.0271828530396793E-002
   8.6500000000000004        2.9181706233982602E-002
   8.7000000000000011        2.8132274389344139E-002
   8.7500000000000000        2.7121946341393324E-002
   8.8000000000000007        2.6149200433747608E-002
   8.8499999999999996        2.5212577218404385E-002
   8.9000000000000004        2.4310676787825978E-002
   8.9500000000000011        2.3442156224435323E-002
   9.0000000000000000        2.2605727162637528E-002
   9.0500000000000007        2.1800153458611759E-002
   9.0999999999999996        2.1024248963256623E-002
   9.1500000000000004        2.0276875393819060E-002
   9.2000000000000011        1.9556940299887370E-002
   9.2500000000000000        1.8863395119583459E-002
   9.3000000000000007        1.8195233321943848E-002
   9.3499999999999996        1.7551488631634398E-002
   9.4000000000000004        1.6931233332296777E-002
   9.4500000000000011        1.6333576644976366E-002
   9.5000000000000000        1.5757663178229374E-002
   9.5500000000000007        1.5202671446652233E-002
   9.6000000000000014        1.4667812454717127E-002
   9.6500000000000004        1.4152328342934544E-002
   9.7000000000000011        1.3655491093496168E-002
   9.7500000000000000        1.3176601292679313E-002
   9.8000000000000007        1.2714986947417418E-002
   9.8500000000000014        1.2270002353559529E-002
   9.9000000000000004        1.1841027013455775E-002
   9.9500000000000011        1.1427464600614945E-002
   10.000000000000000        1.1028741969284998E-002
   10.050000000000001        1.0644308206907555E-002
   10.100000000000001        1.0273633727493217E-002
   10.150000000000000        9.9162094040561345E-003
   10.200000000000001        9.5715457383336710E-003
   10.250000000000000        9.2391720661005438E-003
   10.300000000000001        8.9186357964663246E-003
   10.350000000000001        8.6095016836211982E-003
   10.400000000000000        8.3113511295671329E-003
   10.450000000000001        8.0237815164406305E-003
   10.500000000000000        7.7464055670988310E-003
   10.550000000000001        7.4788507327032891E-003
   10.600000000000001        7.2207586060952312E-003
   10.650000000000000        6.9717843598128973E-003
   10.700000000000001        6.7315962076553064E-003
   10.750000000000000        6.4998748887483155E-003
   10.800000000000001        6.2763131731175190E-003
   10.850000000000001        6.0606153878191502E-003
   10.900000000000000        5.8524969627242662E-003
   10.950000000000001        5.6516839950936596E-003
   11.000000000000000        5.4579128321208996E-003
   11.050000000000001        5.2709296706590783E-003
   11.100000000000001        5.0904901733830115E-003
   11.150000000000000        4.9163591006732002E-003
   11.200000000000001        4.7483099575406414E-003
   11.250000000000000        4.5861246549428096E-003
   11.300000000000001        4.4295931848709119E-003
   11.350000000000001        4.2785133086167297E-003
   11.400000000000000        4.1326902576543601E-003
   11.450000000000001        3.9919364465977880E-003
   11.500000000000000        3.8560711977196193E-003
   11.550000000000001        3.7249204765395570E-003
   11.600000000000001        3.5983166380133421E-003
   11.650000000000000        3.4760981828739226E-003
   11.700000000000001        3.3581095236967528E-003
   11.750000000000000        3.2442007602801674E-003
   11.800000000000001        3.1342274639500766E-003
   11.850000000000001        3.0280504704155186E-003
   11.900000000000000        2.9255356808181848E-003
   11.950000000000001        2.8265538706348085E-003
   12.000000000000000        2.7309805061062793E-003
   12.050000000000001        2.6386955678817398E-003
   12.100000000000001        2.5495833815795412E-003
   12.150000000000000        2.4635324549799483E-003
   12.200000000000001        2.3804353215769515E-003
   12.250000000000000        2.3001883902283296E-003
   12.300000000000001        2.2226918006544652E-003
   12.350000000000001        2.1478492845471570E-003
   12.400000000000000        2.0755680320599826E-003
   12.450000000000001        2.0057585634615767E-003
   12.500000000000000        1.9383346057425591E-003
   12.550000000000001        1.8732129739758034E-003
   12.600000000000001        1.8103134572382701E-003
   12.650000000000000        1.7495587089107686E-003
   12.700000000000001        1.6908741411798345E-003
   12.750000000000000        1.6341878235733248E-003
   12.800000000000001        1.5794303853684231E-003
   12.850000000000001        1.5265349217175796E-003
   12.900000000000000        1.4754369033443504E-003
   12.950000000000001        1.4260740896673268E-003
   13.000000000000000        1.3783864452162559E-003
   13.050000000000001        1.3323160592101230E-003
   13.100000000000001        1.2878070681723679E-003
   13.150000000000000        1.2448055814635976E-003
   13.200000000000001        1.2032596096170915E-003
   13.250000000000000        1.1631189953671319E-003
   13.300000000000001        1.1243353472647252E-003
   13.350000000000001        1.0868619757795962E-003
   13.400000000000000        1.0506538317914937E-003
   13.450000000000001        1.0156674473777918E-003
   13.500000000000000        9.8186087880818202E-004
   13.550000000000001        9.4919365166086229E-004
   13.600000000000001        9.1762670797811868E-004
   13.650000000000000        8.8712235538250799E-004
   13.700000000000001        8.5764421807803509E-004
   13.750000000000000        8.2915718966377889E-004
   13.800000000000001        8.0162738769031839E-004
   13.850000000000001        7.7502210989212220E-004
   13.900000000000000        7.4930979203173369E-004
   13.950000000000001        7.2445996729415243E-004
   14.000000000000000        7.0044322717226280E-004
   14.050000000000001        6.7723118378652195E-004
   14.100000000000001        6.5479643358436841E-004
   14.150000000000000        6.3311252236697793E-004
   14.200000000000001        6.1215391159305781E-004
   14.250000000000000        5.9189594591136806E-004
   14.300000000000001        5.7231482187554482E-004
   14.350000000000001        5.5338755779664082E-004
   14.400000000000000        5.3509196469053526E-004
   14.450000000000001        5.1740661827905251E-004
   14.500000000000000        5.0031083200522645E-004
   14.550000000000001        4.8378463102470229E-004
   14.600000000000001        4.6780872713673532E-004
   14.650000000000000        4.5236449461967374E-004
   14.700000000000001        4.3743394693716918E-004
   14.750000000000000        4.2299971428266819E-004
   14.800000000000001        4.0904502193098884E-004
   14.850000000000001        3.9555366936698836E-004
   14.900000000000000        3.8251001016248741E-004
   14.950000000000001        3.6989893257371575E-004
   15.000000000000000        3.5770584083261528E-004
   15.050000000000001        3.4591663710635204E-004
   15.100000000000001        3.3451770410036899E-004
   15.150000000000000        3.2349588828125501E-004
   15.200000000000001        3.1283848369660525E-004
   15.250000000000000        3.0253321636991722E-004
   15.300000000000001        2.9256822924939675E-004
   15.350000000000001        2.8293206769035382E-004
   15.400000000000000        2.7361366545162948E-004
   15.450000000000001        2.6460233118723645E-004
   15.500000000000000        2.5588773541510511E-004
   15.550000000000001        2.4745989794550599E-004
   15.600000000000001        2.3930917575237321E-004
   15.650000000000000        2.3142625127138593E-004
   15.700000000000001        2.2380212110926218E-004
   15.750000000000000        2.1642808514930594E-004
   15.800000000000001        2.0929573603880195E-004
   15.850000000000001        2.0239694904439044E-004
   15.900000000000000        1.9572387226206837E-004
   15.950000000000001        1.8926891716895895E-004
   16.000000000000000        1.8302474950446693E-004
   16.050000000000001        1.7698428046889454E-004
   16.100000000000001        1.7114065822803373E-004
   16.150000000000002        1.6548725971267072E-004
   16.199999999999999        1.6001768270234833E-004
   16.250000000000000        1.5472573818311989E-004
   16.300000000000001        1.4960544296940543E-004
   16.350000000000001        1.4465101258042179E-004
   16.400000000000002        1.3985685436200689E-004
   16.449999999999999        1.3521756084499062E-004
   16.500000000000000        1.3072790333158707E-004
   16.550000000000001        1.2638282570159265E-004
   16.600000000000001        1.2217743843047121E-004
   16.650000000000002        1.1810701281169191E-004
   16.699999999999999        1.1416697537596365E-004
   16.750000000000000        1.1035290250027089E-004
   16.800000000000001        1.0666051519987264E-004
   16.850000000000001        1.0308567409667021E-004
   16.900000000000002        9.9624374557584215E-005
   16.949999999999999        9.6272741996808995E-005
   17.000000000000000        9.3027027336029831E-005
   17.050000000000001        8.9883602616896901E-005
   17.100000000000001        8.6838956760254069E-005
   17.150000000000002        8.3889691466811458E-005
   17.199999999999999        8.1032517254140269E-005
   17.250000000000000        7.8264249625045388E-005
   17.300000000000001        7.5581805362545228E-005
   17.350000000000001        7.2982198946854718E-005
   17.400000000000002        7.0462539089925183E-005
   17.449999999999999        6.8020025383250992E-005
   17.500000000000000        6.5651945054799498E-005
   17.550000000000001        6.3355669831061771E-005
   17.600000000000001        6.1128652900360893E-005
   17.650000000000002        5.8968425973684076E-005
   17.699999999999999        5.6872596439432010E-005
   17.750000000000000        5.4838844608600899E-005
   17.800000000000001        5.2864921047028313E-005
   17.850000000000001        5.0948643991447863E-005
   17.900000000000002        4.9087896846204905E-005
   17.949999999999999        4.7280625757589484E-005
   18.000000000000000        4.5524837262842234E-005
   18.050000000000001        4.3818596010985899E-005
   18.100000000000001        4.2160022552726162E-005
   18.150000000000002        4.0547291196754565E-005
   18.199999999999999        3.8978627929871164E-005
   18.250000000000000        3.7452308398426466E-005
   18.300000000000001        3.5966655948659966E-005
   18.350000000000001        3.4520039723588698E-005
   18.400000000000002        3.3110872814170270E-005
   18.449999999999999        3.1737610462535412E-005
   18.500000000000000        3.0398748315150147E-005
   18.550000000000001        2.9092820723832061E-005
   18.600000000000001        2.7818399092605965E-005
   18.650000000000002        2.6574090268442657E-005
   18.699999999999999        2.5358534973979951E-005
   18.750000000000000        2.4170406280379399E-005
   18.800000000000001        2.3008408118522210E-005
   18.850000000000001        2.1871273826798002E-005
   18.900000000000002        2.0757764733785131E-005
   18.949999999999999        1.9666668774167445E-005
   19.000000000000000        1.8596799136273420E-005
   19.050000000000001        1.7546992939664848E-005
   19.100000000000001        1.6516109941240518E-005
   19.150000000000002        1.5503031268356662E-005
   19.200000000000003        1.4506658177501082E-005
   19.250000000000000        1.3525910837090328E-005
   19.300000000000001        1.2559727132990820E-005
   19.350000000000001        1.1607061495394080E-005
   19.400000000000002        1.0666883745704032E-005
   19.450000000000003        9.7381779621205198E-006
   19.500000000000000        8.8199413626277428E-006
   19.550000000000001        7.9111832041193548E-006
   19.600000000000001        7.0109236964133178E-006
   19.650000000000002        6.1181929299298391E-006
   19.700000000000003        5.2320298158240406E-006
   19.750000000000000        4.3514810373821833E-006
   19.800000000000001        3.4756000115060780E-006
   19.850000000000001        2.6034458591244384E-006
   19.900000000000002        1.7340823833830577E-006
   19.950000000000003        8.6657705447720341E-007
   20.000000000000000        0.0000000000000000     
