 L    0.1145458000000000E+01
 P (  0.0000000000000000E+00,  0.0000000000000000E+00,  0.9555200000000000E-01)
 A (  0.0000000000000000E+00,  0.0000000000000000E+00,  0.0000000000000000E+00)
     I  COEFFICIENT            ORDER EXPONENTS
     1  0.9482875285005139E-04   0   0 0  0 0  0 0  0 0
     2   1.523988849422004       1   1 0  0 0  0 0  0 0
     3   1.610540942749078       1   0 1  0 0  0 0  0 0
     4  0.1569398261064632E-04   1   0 0  1 0  0 0  0 0
     5  0.1380297245409114E-04   1   0 0  0 1  0 0  0 0
     6  -.8847067516110421E-06   1   0 0  0 0  0 1  0 0
     7  -.8835161549596372E-06   1   0 0  0 0  0 0  1 0
     8  0.1768222908295608E-05   1   0 0  0 0  0 0  0 1
     9  -.1292696117463327       2   2 0  0 0  0 0  0 0
    10  -.2311336895601042       2   1 1  0 0  0 0  0 0
    11  -.1038577023500135       2   0 2  0 0  0 0  0 0
    12  0.5241222047536520E-03   2   1 0  1 0  0 0  0 0
    13  0.1601605137302329E-03   2   0 1  1 0  0 0  0 0
    14  0.9784299371020487E-01   2   0 0  2 0  0 0  0 0
    15  0.5126338567816410E-03   2   1 0  0 1  0 0  0 0
    16  0.2245400767332596E-03   2   0 1  0 1  0 0  0 0
    17  0.1746472557781113       2   0 0  1 1  0 0  0 0
    18  0.7856141355099347E-01   2   0 0  0 2  0 0  0 0
    19  -.2804792213469217       2   1 0  0 0  0 1  0 0
    20  -1.053786507103122       2   0 1  0 0  0 1  0 0
    21  -.8498247454416227E-05   2   0 0  1 0  0 1  0 0
    22  -.1442411408999720E-04   2   0 0  0 1  0 1  0 0
    23  -.2801017656293613       2   1 0  0 0  0 0  1 0
    24  -1.052368370885101       2   0 1  0 0  0 0  1 0
    25  -.8486810913500619E-05   2   0 0  1 0  0 0  1 0
    26  -.1440470279703984E-04   2   0 0  0 1  0 0  1 0
    27  0.5605809870028553       2   1 0  0 0  0 0  0 1
    28  0.4956139352659841       2   0 1  0 0  0 0  0 1
    29  0.1698503922545515E-04   2   0 0  1 0  0 0  0 1
    30  0.1502582605646890E-04   2   0 0  0 1  0 0  0 1
    31  0.5171763164643051E-06   2   0 0  0 0  0 2  0 0
    32  0.1506489850575697E-06   2   0 0  0 0  0 1  1 0
    33  0.5163789567205871E-06   2   0 0  0 0  0 0  2 0
    34  -.3003546636693628E-06   2   0 0  0 0  0 1  0 1
    35  -.2999504605184402E-06   2   0 0  0 0  0 0  1 1
    36  -.5839543355568289E-06   2   0 0  0 0  0 0  0 2
    37   1.111597829694914       3   3 0  0 0  0 0  0 0
    38   5.811086617730851       3   2 1  0 0  0 0  0 0
    39   8.361541768008847       3   1 2  0 0  0 0  0 0
    40   4.434996759752675       3   0 3  0 0  0 0  0 0
    41  -.1030899600633235E-01   3   2 0  1 0  0 0  0 0
    42  -.1821591228337870E-01   3   1 1  1 0  0 0  0 0
    43  -.8063872504057280E-02   3   0 2  1 0  0 0  0 0
    44  -1.346403964070185       3   1 0  2 0  0 0  0 0
    45  0.2687093415626161       3   0 1  2 0  0 0  0 0
    46  0.2589081881947022E-02   3   0 0  3 0  0 0  0 0
    47  -.9326284323996493E-02   3   2 0  0 1  0 0  0 0
    48  -.1660185061004907E-01   3   1 1  0 1  0 0  0 0
    49  -.7397991658340068E-02   3   0 2  0 1  0 0  0 0
    50  -3.645980042924165       3   1 0  1 1  0 0  0 0
    51  -1.110711824601799       3   0 1  1 1  0 0  0 0
    52  0.6913126437770644E-02   3   0 0  2 1  0 0  0 0
    53  -1.622028230383781       3   1 0  0 2  0 0  0 0
    54  0.1050330477189167       3   0 1  0 2  0 0  0 0
    55  0.6212718794404532E-02   3   0 0  1 2  0 0  0 0
    56  0.1886668391038580E-02   3   0 0  0 3  0 0  0 0
    57  0.7805390346229940E-01   3   2 0  0 0  0 1  0 0
    58  0.2548191661212731       3   1 1  0 0  0 1  0 0
    59  0.1662366073909471       3   0 2  0 0  0 1  0 0
    60  -.3239877721894950E-03   3   1 0  1 0  0 1  0 0
    61  -.1833817912071651E-03   3   0 1  1 0  0 1  0 0
    62  -.4602863870510163E-01   3   0 0  2 0  0 1  0 0
    63  -.6195604105156038E-03   3   1 0  0 1  0 1  0 0
    64  -.4061883090944696E-03   3   0 1  0 1  0 1  0 0
    65  -.1690331139462487       3   0 0  1 1  0 1  0 0
    66  -.1151707424419198       3   0 0  0 2  0 1  0 0
    67  0.7794886219757280E-01   3   2 0  0 0  0 0  1 0
    68  0.2544762424967183       3   1 1  0 0  0 0  1 0
    69  0.1660128939991803       3   0 2  0 0  0 0  1 0
    70  -.3235517647146970E-03   3   1 0  1 0  0 0  1 0
    71  -.1831350046350421E-03   3   0 1  1 0  0 0  1 0
    72  -.4596669553238691E-01   3   0 0  2 0  0 0  1 0
    73  -.6187266353140032E-03   3   1 0  0 1  0 0  1 0
    74  -.4056416800110815E-03   3   0 1  0 1  0 0  1 0
    75  -.1688056371477546       3   0 0  1 1  0 0  1 0
    76  -.1150157510845506       3   0 0  0 2  0 0  1 0
    77  -.1560030136534817       3   2 0  0 0  0 0  0 1
    78  -.2781621250507484       3   1 1  0 0  0 0  0 1
    79  -.1245342617957620       3   0 2  0 0  0 0  0 1
    80  0.6468702656512010E-03   3   1 0  1 0  0 0  0 1
    81  0.2056722163332631E-03   3   0 1  1 0  0 0  0 1
    82  0.9199548114073153E-01   3   0 0  2 0  0 0  0 1
    83  0.7249563624803632E-03   3   1 0  0 1  0 0  0 1
    84  0.3620344602244877E-03   3   0 1  0 1  0 0  0 1
    85  0.1631917254133217       3   0 0  1 1  0 0  0 1
    86  0.7306375500627996E-01   3   0 0  0 2  0 0  0 1
    87  0.2197239758448777       3   1 0  0 0  0 2  0 0
    88  0.9220787632927616       3   0 1  0 0  0 2  0 0
    89  0.6711076497745642E-05   3   0 0  1 0  0 2  0 0
    90  0.1490993422071920E-04   3   0 0  0 1  0 2  0 0
    91  0.1591318298576254       3   1 0  0 0  0 1  1 0
    92  0.7907237853325109       3   0 1  0 0  0 1  1 0
    93  0.4869499356975848E-05   3   0 0  1 0  0 1  1 0
    94  0.1533034253854312E-04   3   0 0  0 1  0 1  1 0
    95  0.2193212056149182       3   1 0  0 0  0 0  2 0
    96  0.9203058137467992       3   0 1  0 0  0 0  2 0
    97  0.6698768475999094E-05   3   0 0  1 0  0 0  2 0
    98  0.1487955370770731E-04   3   0 0  0 1  0 0  2 0
    99  -.3181009195517649       3   1 0  0 0  0 1  0 1
   100  -.5273090527628618       3   0 1  0 0  0 1  0 1
   101  -.9691277944985713E-05   3   0 0  1 0  0 1  0 1
   102  -.1614756795085276E-04   3   0 0  0 1  0 1  0 1
   103  -.3176728343258091       3   1 0  0 0  0 0  1 1
   104  -.5265994250908689       3   0 1  0 0  0 0  1 1
   105  -.9678235879861438E-05   3   0 0  1 0  0 0  1 1
   106  -.1612583731491301E-04   3   0 0  0 1  0 0  1 1
   107  0.3759648302814489E-01   3   1 0  0 0  0 0  0 2
   108  0.3134041813277040E-01   3   0 1  0 0  0 0  0 2
   109  0.1137939907337732E-05   3   0 0  1 0  0 0  0 2
   110  0.1071043585437774E-05   3   0 0  0 1  0 0  0 2
   111  -.3302665396709955E-06   3   0 0  0 0  0 3  0 0
   112  0.4319464521932988E-07   3   0 0  0 0  0 2  1 0
   113  0.4244166272037531E-07   3   0 0  0 0  0 1  2 0
   114  -.3296288799025224E-06   3   0 0  0 0  0 0  3 0
   115  -.8696438597440262E-07   3   0 0  0 0  0 2  0 1
   116  -.4731313182854540E-06   3   0 0  0 0  0 1  1 1
   117  -.8652899456664140E-07   3   0 0  0 0  0 0  2 1
   118  0.6238810235341152E-06   3   0 0  0 0  0 1  0 2
   119  0.6230414338550347E-06   3   0 0  0 0  0 0  1 2
   120  -.2636616890539863E-07   3   0 0  0 0  0 0  0 3
   121  -14.33921571433329       4   4 0  0 0  0 0  0 0
   122  -53.00858649843086       4   3 1  0 0  0 0  0 0
   123  -73.93872712595052       4   2 2  0 0  0 0  0 0
   124  -46.21516016053451       4   1 3  0 0  0 0  0 0
   125  -10.93971056572318       4   0 4  0 0  0 0  0 0
   126  -.7126199900358884E-02   4   3 0  1 0  0 0  0 0
   127  -.1896881450317420E-01   4   2 1  1 0  0 0  0 0
   128  -.1773044249748654E-01   4   1 2  1 0  0 0  0 0
   129  -.5829100744854685E-02   4   0 3  1 0  0 0  0 0
   130   60.56851891748835       4   2 0  2 0  0 0  0 0
   131   107.3051286155484       4   1 1  2 0  0 0  0 0
   132   47.92369028602339       4   0 2  2 0  0 0  0 0
   133  0.5365945652751438E-02   4   1 0  3 0  0 0  0 0
   134  0.4738904863424324E-02   4   0 1  3 0  0 0  0 0
   135  -7.682513894763963       4   0 0  4 0  0 0  0 0
   136  -.6434690916007881E-02   4   3 0  0 1  0 0  0 0
   137  -.1664091707331804E-01   4   2 1  0 1  0 0  0 0
   138  -.1452287657753946E-01   4   1 2  0 1  0 0  0 0
   139  -.4333906814540579E-02   4   0 3  0 1  0 0  0 0
   140   110.5326131468721       4   2 0  1 1  0 0  0 0
   141   197.2745892216880       4   1 1  1 1  0 0  0 0
   142   88.82730709362690       4   0 2  1 1  0 0  0 0
   143  0.1393977459070790E-01   4   1 0  2 1  0 0  0 0
   144  0.1233275528632050E-01   4   0 1  2 1  0 0  0 0
   145  -27.13990369546703       4   0 0  3 1  0 0  0 0
   146   50.66424761502307       4   2 0  0 2  0 0  0 0
   147   90.98106491662622       4   1 1  0 2  0 0  0 0
   148   41.24818723706824       4   0 2  0 2  0 0  0 0
   149  0.1194600102843811E-01   4   1 0  1 2  0 0  0 0
   150  0.1056579701488203E-01   4   0 1  1 2  0 0  0 0
   151  -36.18451447392113       4   0 0  2 2  0 0  0 0
   152  0.3759822039921255E-02   4   1 0  0 3  0 0  0 0
   153  0.3287567676046449E-02   4   0 1  0 3  0 0  0 0
   154  -21.49599930184192       4   0 0  1 3  0 0  0 0
   155  -4.781897399761015       4   0 0  0 4  0 0  0 0
   156  -1.781055281558777       4   3 0  0 0  0 1  0 0
   157  -10.11754228469028       4   2 1  0 0  0 1  0 0
   158  -17.34136202025717       4   1 2  0 0  0 1  0 0
   159  -10.31452934730111       4   0 3  0 0  0 1  0 0
   160  0.1237135111814844E-02   4   2 0  1 0  0 1  0 0
   161  0.1018907607818834E-01   4   1 1  1 0  0 1  0 0
   162  0.7971513750111474E-02   4   0 2  1 0  0 1  0 0
   163  0.8862456829174018       4   1 0  2 0  0 1  0 0
   164  -.2732222668714544       4   0 1  2 0  0 1  0 0
   165  -.3712404818500129E-03   4   0 0  3 0  0 1  0 0
   166  0.5136867581152420E-02   4   2 0  0 1  0 1  0 0
   167  0.1632360732643641E-01   4   1 1  0 1  0 1  0 0
   168  0.1039312691949525E-01   4   0 2  0 1  0 1  0 0
   169   4.689664100038357       4   1 0  1 1  0 1  0 0
   170   2.276754882679987       4   0 1  1 1  0 1  0 0
   171  -.4102088765759539E-02   4   0 0  2 1  0 1  0 0
   172   3.160055709448988       4   1 0  0 2  0 1  0 0
   173  0.5873116676699421       4   0 1  0 2  0 1  0 0
   174  -.6461145797810411E-02   4   0 0  1 2  0 1  0 0
   175  -.2805262880006193E-02   4   0 0  0 3  0 1  0 0
   176  -1.778658421299058       4   3 0  0 0  0 0  1 0
   177  -10.10392657310680       4   2 1  0 0  0 0  1 0
   178  -17.31802483252045       4   1 2  0 0  0 0  1 0
   179  -10.30064853981248       4   0 3  0 0  0 0  1 0
   180  0.1235470233685523E-02   4   2 0  1 0  0 0  1 0
   181  0.1017536409979684E-01   4   1 1  1 0  0 0  1 0
   182  0.7960786062590996E-02   4   0 2  1 0  0 0  1 0
   183  0.8850530152446396       4   1 0  2 0  0 0  1 0
   184  -.2728545772212251       4   0 1  2 0  0 0  1 0
   185  -.3707408839054970E-03   4   0 0  3 0  0 0  1 0
   186  0.5129954626853887E-02   4   2 0  0 1  0 0  1 0
   187  0.1630163978500146E-01   4   1 1  0 1  0 0  1 0
   188  0.1037914033909809E-01   4   0 2  0 1  0 0  1 0
   189   4.683352971108734       4   1 0  1 1  0 0  1 0
   190   2.273690933258609       4   0 1  1 1  0 0  1 0
   191  -.4096568368023325E-02   4   0 0  2 1  0 0  1 0
   192   3.155803055403479       4   1 0  0 2  0 0  1 0
   193  0.5865212913066289       4   0 1  0 2  0 0  1 0
   194  -.6452450692298970E-02   4   0 0  1 2  0 0  1 0
   195  -.2801487689429741E-02   4   0 0  0 3  0 0  1 0
   196   3.557816131289013       4   3 0  0 0  0 0  0 1
   197   14.40445676889771       4   2 1  0 0  0 0  0 1
   198   17.93011463915636       4   1 2  0 0  0 0  0 1
   199   7.308025507251993       4   0 3  0 0  0 0  0 1
   200  0.7897210856891326E-03   4   2 0  1 0  0 0  0 1
   201  0.1755449731280982E-02   4   1 1  1 0  0 0  0 1
   202  0.9801208635727430E-03   4   0 2  1 0  0 0  0 1
   203  -1.768042459432057       4   1 0  2 0  0 0  0 1
   204  0.2806740704799483       4   0 1  2 0  0 0  0 1
   205  -.6468191798354275E-04   4   0 0  3 0  0 0  0 1
   206  0.9025784508565075E-03   4   2 0  0 1  0 0  0 1
   207  0.1922661533086471E-02   4   1 1  0 1  0 0  0 1
   208  0.1043416220139756E-02   4   0 2  0 1  0 0  0 1
   209  -5.720294363996488       4   1 0  1 1  0 0  0 1
   210  -2.322139010000511       4   0 1  1 1  0 0  0 1
   211  -.2097774150647320E-03   4   0 0  2 1  0 0  0 1
   212  -3.068295931096862       4   1 0  0 2  0 0  0 1
   213  -1.485336244171734       4   0 1  0 2  0 0  0 1
   214  -.2024186026835541E-03   4   0 0  1 2  0 0  0 1
   215  -.5054634715216418E-04   4   0 0  0 3  0 0  0 1
   216  -.6700330251962958E-01   4   2 0  0 0  0 2  0 0
   217  -.2763483491303957       4   1 1  0 0  0 2  0 0
   218  -.2205614365003550       4   0 2  0 0  0 2  0 0
   219  -.6236667941658393E-04   4   1 0  1 0  0 2  0 0
   220  0.5898373021361535E-04   4   0 1  1 0  0 2  0 0
   221  0.3286661960500124E-01   4   0 0  2 0  0 2  0 0
   222  0.4532497551961360E-03   4   1 0  0 1  0 2  0 0
   223  0.5398353083162243E-03   4   0 1  0 1  0 2  0 0
   224  0.1645708793993857       4   0 0  1 1  0 2  0 0
   225  0.1411055390554719       4   0 0  0 2  0 2  0 0
   226  -.5503493899513447E-01   4   2 0  0 0  0 1  1 0
   227  -.2956469922701505       4   1 1  0 0  0 1  1 0
   228  -.2732949903365880       4   0 2  0 0  0 1  1 0
   229  -.1350717151533954E-03   4   1 0  1 0  0 1  1 0
   230  0.4865333983751635E-04   4   0 1  1 0  0 1  1 0
   231  0.2019257611785036E-01   4   0 0  2 0  0 1  1 0
   232  0.5208392112965867E-03   4   1 0  0 1  0 1  1 0
   233  0.7043638828611756E-03   4   0 1  0 1  0 1  1 0
   234  0.1607807746272744       4   0 0  1 1  0 1  1 0
   235  0.1672967179303529       4   0 0  0 2  0 1  1 0
   236  -.6687610091925789E-01   4   2 0  0 0  0 0  2 0
   237  -.2757775186515626       4   1 1  0 0  0 0  2 0
   238  -.2200807215547886       4   0 2  0 0  0 0  2 0
   239  -.6219186270439513E-04   4   1 0  1 0  0 0  2 0
   240  0.5887161500343724E-04   4   0 1  1 0  0 0  2 0
   241  0.3280880214863868E-01   4   0 0  2 0  0 0  2 0
   242  0.4522893326043912E-03   4   1 0  0 1  0 0  2 0
   243  0.5386348735408374E-03   4   0 1  0 1  0 0  2 0
   244  0.1642412220712677       4   0 0  1 1  0 0  2 0
   245  0.1408030758517999       4   0 0  0 2  0 0  2 0
   246  0.1088638115770688       4   2 0  0 0  0 1  0 1
   247  0.3330353675431771       4   1 1  0 0  0 1  0 1
   248  0.2112415184981855       4   0 2  0 0  0 1  0 1
   249  0.2389325152279770E-03   4   1 0  1 0  0 1  0 1
   250  0.1744051984488261E-03   4   0 1  1 0  0 1  0 1
   251  -.4075220075121291E-01   4   0 0  2 0  0 1  0 1
   252  -.2811137279513171E-03   4   1 0  0 1  0 1  0 1
   253  -.2292407041878854E-03   4   0 1  0 1  0 1  0 1
   254  -.1530246894010483       4   0 0  1 1  0 1  0 1
   255  -.1047411328446937       4   0 0  0 2  0 1  0 1
   256  0.1087173077900218       4   2 0  0 0  0 0  1 1
   257  0.3325871842409501       4   1 1  0 0  0 0  1 1
   258  0.2109572396180586       4   0 2  0 0  0 0  1 1
   259  0.2386109711094831E-03   4   1 0  1 0  0 0  1 1
   260  0.1741704921521864E-03   4   0 1  1 0  0 0  1 1
   261  -.4069735836002675E-01   4   0 0  2 0  0 0  1 1
   262  -.2807354183446710E-03   4   1 0  0 1  0 0  1 1
   263  -.2289322028519292E-03   4   0 1  0 1  0 0  1 1
   264  -.1528187559858564       4   0 0  1 1  0 0  1 1
   265  -.1046001771643901       4   0 0  0 2  0 0  1 1
   266  -.2957818966725202E-01   4   2 0  0 0  0 0  0 2
   267  -.5193241712246421E-01   4   1 1  0 0  0 0  0 2
   268  -.2278692657147346E-01   4   0 2  0 0  0 0  0 2
   269  -.2820247095987962E-03   4   1 0  1 0  0 0  0 2
   270  -.2813646490284140E-03   4   0 1  1 0  0 0  0 2
   271  -.4825951438071793E-02   4   0 0  2 0  0 0  0 2
   272  -.2138993148393945E-03   4   1 0  0 1  0 0  0 2
   273  -.2201023567912867E-03   4   0 1  0 1  0 0  0 2
   274  -.9651889379506477E-02   4   0 0  1 1  0 0  0 2
   275  -.4701911186046166E-02   4   0 0  0 2  0 0  0 2
   276  -.1894994285755424       4   1 0  0 0  0 3  0 0
   277  -.8603028491690983       4   0 1  0 0  0 3  0 0
   278  -.9147746532668449E-05   4   0 0  1 0  0 3  0 0
   279  -.1915600588826823E-04   4   0 0  0 1  0 3  0 0
   280  -.1290812163329577       4   1 0  0 0  0 2  1 0
   281  -.7368134020915407       4   0 1  0 0  0 2  1 0
   282  -.6057944896508071E-05   4   0 0  1 0  0 2  1 0
   283  -.1877708620630410E-04   4   0 0  0 1  0 2  1 0
   284  -.1292026635172591       4   1 0  0 0  0 1  2 0
   285  -.7370603444303381       4   0 1  0 0  0 1  2 0
   286  -.6064157210094707E-05   4   0 0  1 0  0 1  2 0
   287  -.1877779906592982E-04   4   0 0  0 1  0 1  2 0
   288  -.1890301608837442       4   1 0  0 0  0 0  3 0
   289  -.8580711005002477       4   0 1  0 0  0 0  3 0
   290  -.9125209871820819E-05   4   0 0  1 0  0 0  3 0
   291  -.1910471938099920E-04   4   0 0  0 1  0 0  3 0
   292  0.2581170773759097       4   1 0  0 0  0 2  0 1
   293  0.5514689325106231       4   0 1  0 0  0 2  0 1
   294  0.1104632971790464E-04   4   0 0  1 0  0 2  0 1
   295  0.2055085606481594E-04   4   0 0  0 1  0 2  0 1
   296  0.1982887803590372       4   1 0  0 0  0 1  1 1
   297  0.5755575149480957       4   0 1  0 0  0 1  1 1
   298  0.8009248294670593E-05   4   0 0  1 0  0 1  1 1
   299  0.2030877240221261E-04   4   0 0  0 1  0 1  1 1
   300  0.2576362917300219       4   1 0  0 0  0 0  2 1
   301  0.5503395125218138       4   0 1  0 0  0 0  2 1
   302  0.1102607485361354E-04   4   0 0  1 0  0 0  2 1
   303  0.2050953439686236E-04   4   0 0  0 1  0 0  2 1
   304  -.3915219980371795E-01   4   1 0  0 0  0 1  0 2
   305  -.4827531475033278E-01   4   0 1  0 0  0 1  0 2
   306  -.3925895539434123E-06   4   0 0  1 0  0 1  0 2
   307  -.8139569645165906E-06   4   0 0  0 1  0 1  0 2
   308  -.3909951061840202E-01   4   1 0  0 0  0 0  1 2
   309  -.4821034810687939E-01   4   0 1  0 0  0 0  1 2
   310  -.3920612254238407E-06   4   0 0  1 0  0 0  1 2
   311  -.8128615795942346E-06   4   0 0  0 1  0 0  1 2
   312  0.1019030889689034E-02   4   1 0  0 0  0 0  0 3
   313  0.8209908311025643E-03   4   0 1  0 0  0 0  0 3
   314  0.6582592833729346E-07   4   0 0  1 0  0 0  0 3
   315  0.5315524833741988E-07   4   0 0  0 1  0 0  0 3
   316  -.3239130243546466E-04   4   0 0  0 0  0 4  0 0
   317  -.2177273088963954E-04   4   0 0  0 0  0 3  1 0
   318  -.2036862469646691E-04   4   0 0  0 0  0 2  2 0
   319  -.2180306337553346E-04   4   0 0  0 0  0 1  3 0
   320  -.3228952901653567E-04   4   0 0  0 0  0 0  4 0
   321  0.7556033978722056E-05   4   0 0  0 0  0 3  0 1
   322  0.7911404253272749E-05   4   0 0  0 0  0 2  1 1
   323  0.7910666365879475E-05   4   0 0  0 0  0 1  2 1
   324  0.7535464922773626E-05   4   0 0  0 0  0 0  3 1
   325  -.4952977654606986E-06   4   0 0  0 0  0 2  0 2
   326  -.6151438520373945E-06   4   0 0  0 0  0 1  1 2
   327  -.4942173012678872E-06   4   0 0  0 0  0 0  2 2
   328  0.1117760692151154E-07   4   0 0  0 0  0 1  0 3
   329  0.1116256462489893E-07   4   0 0  0 0  0 0  1 3
   330  -.3943389307956621E-14   4   0 0  0 0  0 0  0 4
   ----------------------------------------------------
     I  COEFFICIENT            ORDER EXPONENTS
     1  0.3787666551996305E-04   0   0 0  0 0  0 0  0 0
     2   2.462302327757117       1   1 0  0 0  0 0  0 0
     3   3.258316958238707       1   0 1  0 0  0 0  0 0
     4  0.7045345596504915E-04   1   0 0  1 0  0 0  0 0
     5  0.6478816053928163E-04   1   0 0  0 1  0 0  0 0
     6  0.1368601494680735E-05   1   0 0  0 0  0 1  0 0
     7  0.1366759695288926E-05   1   0 0  0 0  0 0  1 0
     8  0.3514130433774790E-04   1   0 0  0 0  0 0  0 1
     9  -.6388951215176012       2   2 0  0 0  0 0  0 0
    10  -1.171039924041413       2   1 1  0 0  0 0  0 0
    11  -.5394918221712757       2   0 2  0 0  0 0  0 0
    12  0.2592690914021266E-02   2   1 0  1 0  0 0  0 0
    13  0.1877543489798088E-02   2   0 1  1 0  0 0  0 0
    14  0.4352078933063506       2   0 0  2 0  0 0  0 0
    15  0.2318485469923380E-02   2   1 0  0 1  0 0  0 0
    16  0.1716383962330624E-02   2   0 1  0 1  0 0  0 0
    17  0.7982258847554786       2   0 0  1 1  0 0  0 0
    18  0.3695739003089075       2   0 0  0 2  0 0  0 0
    19  -.1285286057577334       2   1 0  0 0  0 1  0 0
    20  -1.238756667153387       2   0 1  0 0  0 1  0 0
    21  -.3637139700899302E-05   2   0 0  1 0  0 1  0 0
    22  -.3595912456365927E-04   2   0 0  0 1  0 1  0 0
    23  -.1283556380174498       2   1 0  0 0  0 0  1 0
    24  -1.237089606811313       2   0 1  0 0  0 0  1 0
    25  -.3632245009702358E-05   2   0 0  1 0  0 0  1 0
    26  -.3591073246851640E-04   2   0 0  0 1  0 0  1 0
    27   2.719186571674643       2   1 0  0 0  0 0  0 1
    28   2.475846274109137       2   0 1  0 0  0 0  0 1
    29  0.7772270636478539E-04   2   0 0  1 0  0 0  0 1
    30  0.7186972516594408E-04   2   0 0  0 1  0 0  0 1
    31  -.1077801596597896E-05   2   0 0  0 0  0 2  0 0
    32  -.7877784885541359E-06   2   0 0  0 0  0 1  1 0
    33  -.1075821064421849E-05   2   0 0  0 0  0 0  2 0
    34  0.2943379924871422E-05   2   0 0  0 0  0 1  0 1
    35  0.2939418862884851E-05   2   0 0  0 0  0 0  1 1
    36  -.2941398932015501E-05   2   0 0  0 0  0 0  0 2
    37  -8.892884077171480       3   3 0  0 0  0 0  0 0
    38  -25.93958698568535       3   2 1  0 0  0 0  0 0
    39  -26.33172427054887       3   1 2  0 0  0 0  0 0
    40  -8.070511316740156       3   0 3  0 0  0 0  0 0
    41  -.5067376349028522E-01   3   2 0  1 0  0 0  0 0
    42  -.9225027542357117E-01   3   1 1  1 0  0 0  0 0
    43  -.4220545595493654E-01   3   0 2  1 0  0 0  0 0
    44  -12.80004956463809       3   1 0  2 0  0 0  0 0
    45  -10.21696084796025       3   0 1  2 0  0 0  0 0
    46  0.1133276528923058E-01   3   0 0  3 0  0 0  0 0
    47  -.4781906680663105E-01   3   2 0  0 1  0 0  0 0
    48  -.8783596985653257E-01   3   1 1  0 1  0 0  0 0
    49  -.4050771328459212E-01   3   0 2  0 1  0 0  0 0
    50  -27.00297910782360       3   1 0  1 1  0 0  0 0
    51  -22.54112941301390       3   0 1  1 1  0 0  0 0
    52  0.3099419141981866E-01   3   0 0  2 1  0 0  0 0
    53  -12.48552863212653       3   1 0  0 2  0 0  0 0
    54  -9.559400291088160       3   0 1  0 2  0 0  0 0
    55  0.2853620644730124E-01   3   0 0  1 2  0 0  0 0
    56  0.8879407636393614E-02   3   0 0  0 3  0 0  0 0
    57  0.9262641131540857E-01   3   2 0  0 0  0 1  0 0
    58  0.7510924659367229       3   1 1  0 0  0 1  0 0
    59  0.6134578829332578       3   0 2  0 0  0 1  0 0
    60  -.1098770779820757E-02   3   1 0  1 0  0 1  0 0
    61  -.1798975408099231E-02   3   0 1  1 0  0 1  0 0
    62  0.1480948177106051E-01   3   0 0  2 0  0 1  0 0
    63  -.2308130788816242E-02   3   1 0  0 1  0 1  0 0
    64  -.2659675148983429E-02   3   0 1  0 1  0 1  0 0
    65  -.3685048297362835       3   0 0  1 1  0 1  0 0
    66  -.3543101878453851       3   0 0  0 2  0 1  0 0
    67  0.9250175905639162E-01   3   2 0  0 0  0 0  1 0
    68  0.7500816810938267       3   1 1  0 0  0 0  1 0
    69  0.6126323202256748       3   0 2  0 0  0 0  1 0
    70  -.1097292105888546E-02   3   1 0  1 0  0 0  1 0
    71  -.1796554431777784E-02   3   0 1  1 0  0 0  1 0
    72  0.1478955186843998E-01   3   0 0  2 0  0 0  1 0
    73  -.2305024615179090E-02   3   1 0  0 1  0 0  1 0
    74  -.2656095883514073E-02   3   0 1  0 1  0 0  1 0
    75  -.3680089133034551       3   0 0  1 1  0 0  1 0
    76  -.3538333738926434       3   0 0  0 2  0 0  1 0
    77  -.8240254911621462       3   2 0  0 0  0 0  0 1
    78  -1.501177837469751       3   1 1  0 0  0 0  0 1
    79  -.6865999241565560       3   0 2  0 0  0 0  0 1
    80  0.4785371804417791E-02   3   1 0  1 0  0 0  0 1
    81  0.3592082396755754E-02   3   0 1  1 0  0 0  0 1
    82  0.4056102705484447       3   0 0  2 0  0 0  0 1
    83  0.4609490266051581E-02   3   1 0  0 1  0 0  0 1
    84  0.3595609665364762E-02   3   0 1  0 1  0 0  0 1
    85  0.7365161164137003       3   0 0  1 1  0 0  0 1
    86  0.3385706502960476       3   0 0  0 2  0 0  0 1
    87  0.9865783982787633E-01   3   1 0  0 0  0 2  0 0
    88  0.9851746008073898       3   0 1  0 0  0 2  0 0
    89  0.2517431455108796E-05   3   0 0  1 0  0 2  0 0
    90  0.2852627332035678E-04   3   0 0  0 1  0 2  0 0
    91  0.6886693443249775E-01   3   1 0  0 0  0 1  1 0
    92  0.7322725717356873       3   0 1  0 0  0 1  1 0
    93  0.1400866154729167E-05   3   0 0  1 0  0 1  1 0
    94  0.2111823305968215E-04   3   0 0  0 1  0 1  1 0
    95  0.9847873181923091E-01   3   1 0  0 0  0 0  2 0
    96  0.9833560703011777       3   0 1  0 0  0 0  2 0
    97  0.2513101004675712E-05   3   0 0  1 0  0 0  2 0
    98  0.2847367404472644E-04   3   0 0  0 1  0 0  2 0
    99  -.2661820344062771       3   1 0  0 0  0 1  0 1
   100  -1.463864628794518       3   0 1  0 0  0 1  0 1
   101  -.6518912359695321E-05   3   0 0  1 0  0 1  0 1
   102  -.4227569072012787E-04   3   0 0  0 1  0 1  0 1
   103  -.2658238191690978       3   1 0  0 0  0 0  1 1
   104  -1.461894628766637       3   0 1  0 0  0 0  1 1
   105  -.6510139514667310E-05   3   0 0  1 0  0 0  1 1
   106  -.4221879808794098E-04   3   0 0  0 1  0 0  1 1
   107  0.2660025942479111       3   1 0  0 0  0 0  0 2
   108  0.2249562191215576       3   0 1  0 0  0 0  0 2
   109  0.6553336070701830E-05   3   0 0  1 0  0 0  0 2
   110  0.6364783034740669E-05   3   0 0  0 1  0 0  0 2
   111  0.9322772546508553E-06   3   0 0  0 0  0 3  0 0
   112  0.6427631935629671E-06   3   0 0  0 0  0 2  1 0
   113  0.6433450825286774E-06   3   0 0  0 0  0 1  2 0
   114  0.9299634154302893E-06   3   0 0  0 0  0 0  3 0
   115  -.2364659363637347E-05   3   0 0  0 0  0 2  0 1
   116  -.1788043846701446E-05   3   0 0  0 0  0 1  1 1
   117  -.2360273983938037E-05   3   0 0  0 0  0 0  2 1
   118  0.1788342539028174E-05   3   0 0  0 0  0 1  0 2
   119  0.1785935871920476E-05   3   0 0  0 0  0 0  1 2
   120  -.2111006665715525E-06   3   0 0  0 0  0 0  0 3
   121  -65.90832730532928       4   4 0  0 0  0 0  0 0
   122  -244.2824581455662       4   3 1  0 0  0 0  0 0
   123  -340.9699886722428       4   2 2  0 0  0 0  0 0
   124  -212.9599711245885       4   1 3  0 0  0 0  0 0
   125  -50.33148075620871       4   0 4  0 0  0 0  0 0
   126  -.3403980482753901E-01   4   3 0  1 0  0 0  0 0
   127  -.9076193367811942E-01   4   2 1  1 0  0 0  0 0
   128  -.8110831472902560E-01   4   1 2  1 0  0 0  0 0
   129  -.2328837650183525E-01   4   0 3  1 0  0 0  0 0
   130   282.5988121276069       4   2 0  2 0  0 0  0 0
   131   510.4880907773683       4   1 1  2 0  0 0  0 0
   132   231.7986378260709       4   0 2  2 0  0 0  0 0
   133  0.2728988227375958E-01   4   1 0  3 0  0 0  0 0
   134  0.2622285727206616E-01   4   0 1  3 0  0 0  0 0
   135  -33.57816171549806       4   0 0  4 0  0 0  0 0
   136  -.3196834675916227E-01   4   3 0  0 1  0 0  0 0
   137  -.8625552672351874E-01   4   2 1  0 1  0 0  0 0
   138  -.7688750126006207E-01   4   1 2  0 1  0 0  0 0
   139  -.2190556664870796E-01   4   0 3  0 1  0 0  0 0
   140   529.1505411448870       4   2 0  1 1  0 0  0 0
   141   962.9277721481582       4   1 1  1 1  0 0  0 0
   142   440.8141065521737       4   0 2  1 1  0 0  0 0
   143  0.7871084238475716E-01   4   1 0  2 1  0 0  0 0
   144  0.7584721520023707E-01   4   0 1  2 1  0 0  0 0
   145  -121.5346756517727       4   0 0  3 1  0 0  0 0
   146   249.4117481120502       4   2 0  0 2  0 0  0 0
   147   456.5976392749747       4   1 1  0 2  0 0  0 0
   148   210.4223188932914       4   0 2  0 2  0 0  0 0
   149  0.7574107234860748E-01   4   1 0  1 2  0 0  0 0
   150  0.7391312988008392E-01   4   0 1  1 2  0 0  0 0
   151  -166.4954611819173       4   0 0  2 2  0 0  0 0
   152  0.2545792141330155E-01   4   1 0  0 3  0 0  0 0
   153  0.2509509999794108E-01   4   0 1  0 3  0 0  0 0
   154  -101.9504217936493       4   0 0  1 3  0 0  0 0
   155  -23.45777951939829       4   0 0  0 4  0 0  0 0
   156   6.630185992212704       4   3 0  0 0  0 1  0 0
   157   31.99503614167315       4   2 1  0 0  0 1  0 0
   158   44.53926502530885       4   1 2  0 0  0 1  0 0
   159   17.86075194706427       4   0 3  0 0  0 1  0 0
   160  -.4697323590908351E-02   4   2 0  1 0  0 1  0 0
   161  0.3151240897291555E-01   4   1 1  1 0  0 1  0 0
   162  0.3253510432533521E-01   4   0 2  1 0  0 1  0 0
   163   4.738797173199067       4   1 0  2 0  0 1  0 0
   164   8.527750632920901       4   0 1  2 0  0 1  0 0
   165  0.1004164991640139E-02   4   0 0  3 0  0 1  0 0
   166  0.1556308414999657E-01   4   2 0  0 1  0 1  0 0
   167  0.6623638111492801E-01   4   1 1  0 1  0 1  0 0
   168  0.4771007820403273E-01   4   0 2  0 1  0 1  0 0
   169   24.37111636178764       4   1 0  1 1  0 1  0 0
   170   31.06836946689756       4   0 1  1 1  0 1  0 0
   171  -.1054326663129498E-01   4   0 0  2 1  0 1  0 0
   172   18.25953224422326       4   1 0  0 2  0 1  0 0
   173   19.04096027787282       4   0 1  0 2  0 1  0 0
   174  -.2170655783483715E-01   4   0 0  1 2  0 1  0 0
   175  -.1043627034498723E-01   4   0 0  0 3  0 1  0 0
   176   6.621263400374265       4   3 0  0 0  0 0  1 0
   177   31.95197872990746       4   2 1  0 0  0 0  1 0
   178   44.47932618150051       4   1 2  0 0  0 0  1 0
   179   17.83671578884189       4   0 3  0 0  0 0  1 0
   180  -.4691002154196900E-02   4   2 0  1 0  0 0  1 0
   181  0.3147000105804818E-01   4   1 1  1 0  0 0  1 0
   182  0.3249132011526050E-01   4   0 2  1 0  0 0  1 0
   183   4.732419923295142       4   1 0  2 0  0 0  1 0
   184   8.516274388018068       4   0 1  2 0  0 0  1 0
   185  0.1002813633719046E-02   4   0 0  3 0  0 0  1 0
   186  0.1554214008481025E-01   4   2 0  0 1  0 0  1 0
   187  0.6614724331483605E-01   4   1 1  0 1  0 0  1 0
   188  0.4764587222928383E-01   4   0 2  0 1  0 0  1 0
   189   24.33831886195886       4   1 0  1 1  0 0  1 0
   190   31.02655911947053       4   0 1  1 1  0 0  1 0
   191  -.1052907799994953E-01   4   0 0  2 1  0 0  1 0
   192   18.23495942627092       4   1 0  0 2  0 0  1 0
   193   19.01533585090023       4   0 1  0 2  0 0  1 0
   194  -.2167734617229764E-01   4   0 0  1 2  0 0  1 0
   195  -.1042222570420133E-01   4   0 0  0 3  0 0  1 0
   196  -22.15171636584311       4   3 0  0 0  0 0  0 1
   197  -63.97049311312125       4   2 1  0 0  0 0  0 1
   198  -62.71190863269994       4   1 2  0 0  0 0  0 1
   199  -19.56539433383830       4   0 3  0 0  0 0  0 1
   200  0.5362813056533325E-03   4   2 0  1 0  0 0  0 1
   201  0.1113870719938026E-02   4   1 1  1 0  0 0  0 1
   202  0.5810574284973428E-03   4   0 2  1 0  0 0  0 1
   203  -22.25543666976921       4   1 0  2 0  0 0  0 1
   204  -17.02819882776098       4   0 1  2 0  0 0  0 1
   205  -.6135553562433453E-03   4   0 0  3 0  0 0  0 1
   206  0.6460815662240586E-03   4   2 0  0 1  0 0  0 1
   207  0.1148212840238512E-02   4   1 1  0 1  0 0  0 1
   208  0.5599696108678622E-03   4   0 2  0 1  0 0  0 1
   209  -48.67560293693144       4   1 0  1 1  0 0  0 1
   210  -39.51943382714632       4   0 1  1 1  0 0  0 1
   211  -.1860964183870395E-02   4   0 0  2 1  0 0  0 1
   212  -23.99067782014462       4   1 0  0 2  0 0  0 1
   213  -18.91869965462342       4   0 1  0 2  0 0  0 1
   214  -.1850473211691206E-02   4   0 0  1 2  0 0  0 1
   215  -.5648601944239420E-03   4   0 0  0 3  0 0  0 1
   216  -.7302626532137590E-01   4   2 0  0 0  0 2  0 0
   217  -.6504884821486392       4   1 1  0 0  0 2  0 0
   218  -.6700903120371112       4   0 2  0 0  0 2  0 0
   219  -.5018836703848133E-03   4   1 0  1 0  0 2  0 0
   220  0.5787362556885707E-03   4   0 1  1 0  0 2  0 0
   221  -.9332617022931115E-02   4   0 0  2 0  0 2  0 0
   222  0.9389885271720387E-03   4   1 0  0 1  0 2  0 0
   223  0.2113515997265959E-02   4   0 1  0 1  0 2  0 0
   224  0.2644471186190572       4   0 0  1 1  0 2  0 0
   225  0.3443066400162311       4   0 0  0 2  0 2  0 0
   226  -.5491893870669189E-01   4   2 0  0 0  0 1  1 0
   227  -.5539266033303610       4   1 1  0 0  0 1  1 0
   228  -.7286868875328161       4   0 2  0 0  0 1  1 0
   229  -.6034747994976073E-03   4   1 0  1 0  0 1  1 0
   230  0.6709309963375723E-03   4   0 1  1 0  0 1  1 0
   231  -.3595508640798138E-02   4   0 0  2 0  0 1  1 0
   232  0.1053253936552240E-02   4   1 0  0 1  0 1  1 0
   233  0.2877610138699461E-02   4   0 1  0 1  0 1  1 0
   234  0.1607745446321346       4   0 0  1 1  0 1  1 0
   235  0.3343197329255680       4   0 0  0 2  0 1  1 0
   236  -.7289103635537779E-01   4   2 0  0 0  0 0  2 0
   237  -.6492403612472674       4   1 1  0 0  0 0  2 0
   238  -.6686982198397232       4   0 2  0 0  0 0  2 0
   239  -.5008021950219761E-03   4   1 0  1 0  0 0  2 0
   240  0.5775059660530647E-03   4   0 1  1 0  0 0  2 0
   241  -.9317638293733829E-02   4   0 0  2 0  0 0  2 0
   242  0.9370161709103299E-03   4   1 0  0 1  0 0  2 0
   243  0.2108735450989692E-02   4   0 1  0 1  0 0  2 0
   244  0.2639830567472177       4   0 0  1 1  0 0  2 0
   245  0.3436183324963927       4   0 0  0 2  0 0  2 0
   246  0.2029719975615215       4   2 0  0 0  0 1  0 1
   247   1.110260877971400       4   1 1  0 0  0 1  0 1
   248  0.8459625337180813       4   0 2  0 0  0 1  0 1
   249  0.8071614432625488E-03   4   1 0  1 0  0 1  0 1
   250  -.9535106022981832E-03   4   0 1  1 0  0 1  0 1
   251  0.2211797545724782E-01   4   0 0  2 0  0 1  0 1
   252  -.1348112984825394E-02   4   1 0  0 1  0 1  0 1
   253  -.2591747693344144E-02   4   0 1  0 1  0 1  0 1
   254  -.3205399501379677       4   0 0  1 1  0 1  0 1
   255  -.3139907579456391       4   0 0  0 2  0 1  0 1
   256  0.2026988474129417       4   2 0  0 0  0 0  1 1
   257   1.108766741206608       4   1 1  0 0  0 0  1 1
   258  0.8448240772090377       4   0 2  0 0  0 0  1 1
   259  0.8060752034324087E-03   4   1 0  1 0  0 0  1 1
   260  -.9522274126670082E-03   4   0 1  1 0  0 0  1 1
   261  0.2208821012826143E-01   4   0 0  2 0  0 0  1 1
   262  -.1346298757904780E-02   4   1 0  0 1  0 0  1 1
   263  -.2588259841443279E-02   4   0 1  0 1  0 0  1 1
   264  -.3201085825795967       4   0 0  1 1  0 0  1 1
   265  -.3135682039814679       4   0 0  0 2  0 0  1 1
   266  -.2048355662704063       4   2 0  0 0  0 0  0 2
   267  -.3639623966819834       4   1 1  0 0  0 0  0 2
   268  -.1616005428994479       4   0 2  0 0  0 0  0 2
   269  -.8115636303436442E-05   4   1 0  1 0  0 0  0 2
   270  -.3912490762453989E-04   4   0 1  1 0  0 0  0 2
   271  -.2195989254081455E-01   4   0 0  2 0  0 0  0 2
   272  -.7460907573387171E-05   4   1 0  0 1  0 0  0 2
   273  -.3210962413362372E-04   4   0 1  0 1  0 0  0 2
   274  -.4819580663876475E-01   4   0 0  1 1  0 0  0 2
   275  -.2503104752819197E-01   4   0 0  0 2  0 0  0 2
   276  -.8377547726202325E-01   4   1 0  0 0  0 3  0 0
   277  -.8594410107548104       4   0 1  0 0  0 3  0 0
   278  -.3828443590260791E-05   4   0 0  1 0  0 3  0 0
   279  -.3008505820791104E-04   4   0 0  0 1  0 3  0 0
   280  -.5398162467001553E-01   4   1 0  0 0  0 2  1 0
   281  -.6080869208921340       4   0 1  0 0  0 2  1 0
   282  -.1925158634416300E-05   4   0 0  1 0  0 2  1 0
   283  -.2072125810915480E-04   4   0 0  0 1  0 2  1 0
   284  -.5404153983157297E-01   4   1 0  0 0  0 1  2 0
   285  -.6085919768874927       4   0 1  0 0  0 1  2 0
   286  -.1928990260949747E-05   4   0 0  1 0  0 1  2 0
   287  -.2074007842211051E-04   4   0 0  0 1  0 1  2 0
   288  -.8357009164899082E-01   4   1 0  0 0  0 0  3 0
   289  -.8572975022679580       4   0 1  0 0  0 0  3 0
   290  -.3819421735893101E-05   4   0 0  1 0  0 0  3 0
   291  -.3001040358168181E-04   4   0 0  0 1  0 0  3 0
   292  0.2065971299452667       4   1 0  0 0  0 2  0 1
   293   1.215993694251127       4   0 1  0 0  0 2  0 1
   294  0.4906711929014806E-05   4   0 0  1 0  0 2  0 1
   295  0.3809827571630270E-04   4   0 0  0 1  0 2  0 1
   296  0.1471361047550373       4   1 0  0 0  0 1  1 1
   297  0.9687512081107928       4   0 1  0 0  0 1  1 1
   298  0.2843090409639403E-05   4   0 0  1 0  0 1  1 1
   299  0.2921635606797531E-04   4   0 0  0 1  0 1  1 1
   300  0.2062200968466200       4   1 0  0 0  0 0  2 1
   301   1.213705417385090       4   0 1  0 0  0 0  2 1
   302  0.4898195658804382E-05   4   0 0  1 0  0 0  2 1
   303  0.3802734585481455E-04   4   0 0  0 1  0 0  2 1
   304  -.1470326312880714       4   1 0  0 0  0 1  0 2
   305  -.2364586454334042       4   0 1  0 0  0 1  0 2
   306  -.8940731328070283E-06   4   0 0  1 0  0 1  0 2
   307  -.3296243971542627E-05   4   0 0  0 1  0 1  0 2
   308  -.1468347617022933       4   1 0  0 0  0 0  1 2
   309  -.2361404305322919       4   0 1  0 0  0 0  1 2
   310  -.8928699313211489E-06   4   0 0  1 0  0 0  1 2
   311  -.3291808041752390E-05   4   0 0  0 1  0 0  1 2
   312  0.9283041545389465E-02   4   1 0  0 0  0 0  0 3
   313  0.7557573891844375E-02   4   0 1  0 0  0 0  0 3
   314  0.5967554366315919E-06   4   0 0  1 0  0 0  0 3
   315  0.4887970375721318E-06   4   0 0  0 1  0 0  0 3
   316  -.3125673793208559E-04   4   0 0  0 0  0 4  0 0
   317  -.1980503494011470E-04   4   0 0  0 0  0 3  1 0
   318  -.1828869702424914E-04   4   0 0  0 0  0 2  2 0
   319  -.1983776673155086E-04   4   0 0  0 0  0 1  3 0
   320  -.3115933846339968E-04   4   0 0  0 0  0 0  4 0
   321  0.3819167787554350E-04   4   0 0  0 0  0 3  0 1
   322  0.2657258275901163E-04   4   0 0  0 0  0 2  1 1
   323  0.2659593365433692E-04   4   0 0  0 0  0 1  2 1
   324  0.3809672707919522E-04   4   0 0  0 0  0 0  3 1
   325  -.2855519855306352E-05   4   0 0  0 0  0 2  0 2
   326  -.3454770295043427E-05   4   0 0  0 0  0 1  1 2
   327  -.2849352397738563E-05   4   0 0  0 0  0 0  2 2
   328  0.2443993411525093E-07   4   0 0  0 0  0 1  0 3
   329  0.2440704400373282E-07   4   0 0  0 0  0 0  1 3
   330  0.9026159734163503E-13   4   0 0  0 0  0 0  0 4
   ----------------------------------------------------
     I  COEFFICIENT            ORDER EXPONENTS
     1  0.8413507287837424E-05   0   0 0  0 0  0 0  0 0
     2  0.1543302461120513E-04   1   1 0  0 0  0 0  0 0
     3  0.1364542718434574E-04   1   0 1  0 0  0 0  0 0
     4  0.5452934957030084       1   0 0  1 0  0 0  0 0
     5  0.7382899900940373       1   0 0  0 1  0 0  0 0
     6  -.1820357938076417E-04   1   0 0  0 0  0 1  0 0
     7  -.1817908186153852E-04   1   0 0  0 0  0 0  1 0
     8  0.3638266124240333E-04   1   0 0  0 0  0 0  0 1
     9  0.3631972963360538E-03   2   2 0  0 0  0 0  0 0
    10  0.6970765991354091E-03   2   1 1  0 0  0 0  0 0
    11  0.3696596193305580E-03   2   0 2  0 0  0 0  0 0
    12  0.1947606665879300       2   1 0  1 0  0 0  0 0
    13  0.1735124427326490       2   0 1  1 0  0 0  0 0
    14  0.1070694928206832E-04   2   0 0  2 0  0 0  0 0
    15  0.1773481657875646       2   1 0  0 1  0 0  0 0
    16  0.1590327981946690       2   0 1  0 1  0 0  0 0
    17  0.5786298366278523E-04   2   0 0  1 1  0 0  0 0
    18  0.8432900382677982E-04   2   0 0  0 2  0 0  0 0
    19  -.8285275666371003E-05   2   1 0  0 0  0 1  0 0
    20  -.1420042450202983E-04   2   0 1  0 0  0 1  0 0
    21  0.2111217615053921       2   0 0  1 0  0 1  0 0
    22  -.1793961017313973       2   0 0  0 1  0 1  0 0
    23  -.8274125732850730E-05   2   1 0  0 0  0 0  1 0
    24  -.1418131423997782E-04   2   0 1  0 0  0 0  1 0
    25  0.2108376437885823       2   0 0  1 0  0 0  1 0
    26  -.1791546789123324       2   0 0  0 1  0 0  1 0
    27  0.1655937796176517E-04   2   1 0  0 0  0 0  0 1
    28  0.1473628846395234E-04   2   0 1  0 0  0 0  0 1
    29  -.4219594053123781       2   0 0  1 0  0 0  0 1
    30  -.3797392094689948       2   0 0  0 1  0 0  0 1
    31  0.1302247449083830E-04   2   0 0  0 0  0 2  0 0
    32  0.7855285175996877E-05   2   0 0  0 0  0 1  1 0
    33  0.1299966382203600E-04   2   0 0  0 0  0 0  2 0
    34  -.1569666313910752E-04   2   0 0  0 0  0 1  0 1
    35  -.1567553930961305E-04   2   0 0  0 0  0 0  1 1
    36  -.2505223037556610E-05   2   0 0  0 0  0 0  0 2
    37  -.3647722760588176E-02   3   3 0  0 0  0 0  0 0
    38  -.9856879610428332E-02   3   2 1  0 0  0 0  0 0
    39  -.8915385624770957E-02   3   1 2  0 0  0 0  0 0
    40  -.2691950906861046E-02   3   0 3  0 0  0 0  0 0
    41  -3.178969532259416       3   2 0  1 0  0 0  0 0
    42  -6.719625368673633       3   1 1  1 0  0 0  0 0
    43  -3.879899263303035       3   0 2  1 0  0 0  0 0
    44  0.7710738571109790E-02   3   1 0  2 0  0 0  0 0
    45  0.6829748392768842E-02   3   0 1  2 0  0 0  0 0
    46  -.5429467646294134       3   0 0  3 0  0 0  0 0
    47  -3.677956722730364       3   2 0  0 1  0 0  0 0
    48  -7.168314479735962       3   1 1  0 1  0 0  0 0
    49  -3.481289541626355       3   0 2  0 1  0 0  0 0
    50  0.1397285538315708E-01   3   1 0  1 1  0 0  0 0
    51  0.1245954123967290E-01   3   0 1  1 1  0 0  0 0
    52  -1.406427338859544       3   0 0  2 1  0 0  0 0
    53  0.6410555755073201E-02   3   1 0  0 2  0 0  0 0
    54  0.5762235351401190E-02   3   0 1  0 2  0 0  0 0
    55  -1.675965695601740       3   0 0  1 2  0 0  0 0
    56  -.4037233727835422       3   0 0  0 3  0 0  0 0
    57  -.3435762659091314E-03   3   2 0  0 0  0 1  0 0
    58  -.1032060243653866E-02   3   1 1  0 0  0 1  0 0
    59  -.7214849525311305E-03   3   0 2  0 0  0 1  0 0
    60  -.8944236389062607E-01   3   1 0  1 0  0 1  0 0
    61  -.1659137215795158       3   0 1  1 0  0 1  0 0
    62  -.1333154891690328E-03   3   0 0  2 0  0 1  0 0
    63  -.1716436056247104       3   1 0  0 1  0 1  0 0
    64  -.2329583484304261       3   0 1  0 1  0 1  0 0
    65  -.2027178481743117E-03   3   0 0  1 1  0 1  0 0
    66  -.1499212450116192E-03   3   0 0  0 2  0 1  0 0
    67  -.3431138971626596E-03   3   2 0  0 0  0 0  1 0
    68  -.1030671345617271E-02   3   1 1  0 0  0 0  1 0
    69  -.7205140120844222E-03   3   0 2  0 0  0 0  1 0
    70  -.8932199657257472E-01   3   1 0  1 0  0 0  1 0
    71  -.1656904427122569       3   0 1  1 0  0 0  1 0
    72  -.1331360794666507E-03   3   0 0  2 0  0 0  1 0
    73  -.1714126157495437       3   1 0  0 1  0 0  1 0
    74  -.2326448440640553       3   0 1  0 1  0 0  1 0
    75  -.2024450400480009E-03   3   0 0  1 1  0 0  1 0
    76  -.1497194880656268E-03   3   0 0  0 2  0 0  1 0
    77  0.6862897710430344E-03   3   2 0  0 0  0 0  0 1
    78  0.1364822856013757E-02   3   1 1  0 0  0 0  0 1
    79  0.7022452033281208E-03   3   0 2  0 0  0 0  0 1
    80  0.1787646556610819       3   1 0  1 0  0 0  0 1
    81  0.1580919583603695       3   0 1  1 0  0 0  0 1
    82  0.2666814777339599E-03   3   0 0  2 0  0 0  0 1
    83  0.1657082917178093       3   1 0  0 1  0 0  0 1
    84  0.1475377837996742       3   0 1  0 1  0 0  0 1
    85  0.3477754956434376E-03   3   0 0  1 1  0 0  0 1
    86  0.1312294877729768E-03   3   0 0  0 2  0 0  0 1
    87  0.6501181108408780E-05   3   1 0  0 0  0 2  0 0
    88  0.1459464049453177E-04   3   0 1  0 0  0 2  0 0
    89  -.1503380576568259       3   0 0  1 0  0 2  0 0
    90  0.4613494214161776E-01   3   0 0  0 1  0 2  0 0
    91  0.4753150928865780E-05   3   1 0  0 0  0 1  1 0
    92  0.1503181973133879E-04   3   0 1  0 0  0 1  1 0
    93  -.8971764180000041E-01   3   0 0  1 0  0 1  1 0
    94  -.8676792006800077E-01   3   0 0  0 1  0 1  1 0
    95  0.6489233842007351E-05   3   1 0  0 0  0 0  2 0
    96  0.1456488515786920E-04   3   0 1  0 0  0 0  2 0
    97  -.1500753708969745       3   0 0  1 0  0 0  2 0
    98  0.4613123999954644E-01   3   0 0  0 1  0 0  2 0
    99  -.9538190064339249E-05   3   1 0  0 0  0 1  0 1
   100  -.1591972868621832E-04   3   0 1  0 0  0 1  0 1
   101  0.1792721961208905       3   0 0  1 0  0 1  0 1
   102  0.3532903624340592       3   0 0  0 1  0 1  0 1
   103  -.9525354017670001E-05   3   1 0  0 0  0 0  1 1
   104  -.1589830466562326E-04   3   0 1  0 0  0 0  1 1
   105  0.1790309400481573       3   0 0  1 0  0 0  1 1
   106  0.3528149209142938       3   0 0  0 1  0 0  1 1
   107  0.1299288352239610E-05   3   1 0  0 0  0 0  0 2
   108  0.1245998385528105E-05   3   0 1  0 0  0 0  0 2
   109  0.3182807615948654E-01   3   0 0  1 0  0 0  0 2
   110  0.2668649702481807E-01   3   0 0  0 1  0 0  0 2
   111  -.1044249939952513E-04   3   0 0  0 0  0 3  0 0
   112  -.5285351987367293E-05   3   0 0  0 0  0 2  1 0
   113  -.5295733988431317E-05   3   0 0  0 0  0 1  2 0
   114  -.1041786827413302E-04   3   0 0  0 0  0 0  3 0
   115  0.1056679824114859E-04   3   0 0  0 0  0 2  0 1
   116  0.5450456530109633E-05   3   0 0  0 0  0 1  1 1
   117  0.1054891045830807E-04   3   0 0  0 0  0 0  2 1
   118  0.2405077909635829E-05   3   0 0  0 0  0 1  0 2
   119  0.2401841269132436E-05   3   0 0  0 0  0 0  1 2
   120  0.6788891885316581E-07   3   0 0  0 0  0 0  0 3
   121  -.1460315829153395E-02   4   4 0  0 0  0 0  0 0
   122  -.4853794949990575E-02   4   3 1  0 0  0 0  0 0
   123  -.5905335989377253E-02   4   2 2  0 0  0 0  0 0
   124  -.2735767514096250E-02   4   1 3  0 0  0 0  0 0
   125  -.2237846411319887E-03   4   0 4  0 0  0 0  0 0
   126   42.46392860120076       4   3 0  1 0  0 0  0 0
   127   115.6336396285682       4   2 1  1 0  0 0  0 0
   128   105.5975451468362       4   1 2  1 0  0 0  0 0
   129   32.41714195265155       4   0 3  1 0  0 0  0 0
   130  0.8991070323212429E-02   4   2 0  2 0  0 0  0 0
   131  0.1685874465787305E-01   4   1 1  2 0  0 0  0 0
   132  0.8241791013054264E-02   4   0 2  2 0  0 0  0 0
   133  -30.25783379942860       4   1 0  3 0  0 0  0 0
   134  -26.61841750334249       4   0 1  3 0  0 0  0 0
   135  -.8067187681947169E-03   4   0 0  4 0  0 0  0 0
   136   39.26671343058695       4   3 0  0 1  0 0  0 0
   137   107.5307404202746       4   2 1  0 1  0 0  0 0
   138   98.83279643030241       4   1 2  0 1  0 0  0 0
   139   30.55605486830271       4   0 3  0 1  0 0  0 0
   140  0.1526989637084993E-01   4   2 0  1 1  0 0  0 0
   141  0.2859604533353066E-01   4   1 1  1 1  0 0  0 0
   142  0.1368129812324619E-01   4   0 2  1 1  0 0  0 0
   143  -82.31664046712149       4   1 0  2 1  0 0  0 0
   144  -72.89618079150829       4   0 1  2 1  0 0  0 0
   145  -.3477476403042448E-02   4   0 0  3 1  0 0  0 0
   146  0.6654209949902345E-02   4   2 0  0 2  0 0  0 0
   147  0.1287953061825213E-01   4   1 1  0 2  0 0  0 0
   148  0.6319336124275182E-02   4   0 2  0 2  0 0  0 0
   149  -75.02026495589629       4   1 0  1 2  0 0  0 0
   150  -66.78949064918898       4   0 1  1 2  0 0  0 0
   151  -.5157884332961301E-02   4   0 0  2 2  0 0  0 0
   152  -22.81424581417591       4   1 0  0 3  0 0  0 0
   153  -20.39275651414082       4   0 1  0 3  0 0  0 0
   154  -.3349676079568285E-02   4   0 0  1 3  0 0  0 0
   155  -.7756223367896675E-03   4   0 0  0 4  0 0  0 0
   156  0.4325634201618099E-03   4   3 0  0 0  0 1  0 0
   157  0.5425840785216536E-02   4   2 1  0 0  0 1  0 0
   158  0.8688598485255168E-02   4   1 2  0 0  0 1  0 0
   159  0.3738116052433910E-02   4   0 3  0 0  0 1  0 0
   160   3.626495755186594       4   2 0  1 0  0 1  0 0
   161   10.82295188157662       4   1 1  1 0  0 1  0 0
   162   7.823267786077054       4   0 2  1 0  0 1  0 0
   163  -.7441900727312542E-03   4   1 0  2 0  0 1  0 0
   164  -.3740352025511949E-02   4   0 1  2 0  0 1  0 0
   165  0.7594934850298051       4   0 0  3 0  0 1  0 0
   166   5.402084012883049       4   2 0  0 1  0 1  0 0
   167   14.29645740189451       4   1 1  0 1  0 1  0 0
   168   9.000335284156089       4   0 2  0 1  0 1  0 0
   169  -.7460146878968413E-02   4   1 0  1 1  0 1  0 0
   170  -.1219774988646439E-01   4   0 1  1 1  0 1  0 0
   171   2.262436057536529       4   0 0  2 1  0 1  0 0
   172  -.6222362479071326E-02   4   1 0  0 2  0 1  0 0
   173  -.8132069469870374E-02   4   0 1  0 2  0 1  0 0
   174   2.826136221628395       4   0 0  1 2  0 1  0 0
   175   1.031639056078403       4   0 0  0 3  0 1  0 0
   176  0.4319812966969647E-03   4   3 0  0 0  0 0  1 0
   177  0.5418538944398809E-02   4   2 1  0 0  0 0  1 0
   178  0.8676905778893171E-02   4   1 2  0 0  0 0  1 0
   179  0.3733085472021851E-02   4   0 3  0 0  0 0  1 0
   180   3.621615388110089       4   2 0  1 0  0 0  1 0
   181   10.80838686300245       4   1 1  1 0  0 0  1 0
   182   7.812739600988390       4   0 2  1 0  0 0  1 0
   183  -.7431885768038359E-03   4   1 0  2 0  0 0  1 0
   184  -.3735318436032700E-02   4   0 1  2 0  0 0  1 0
   185  0.7584713944913399       4   0 0  3 0  0 0  1 0
   186   5.394814142809914       4   2 0  0 1  0 0  1 0
   187   14.27721790329174       4   1 1  0 1  0 0  1 0
   188   8.988223057101781       4   0 2  0 1  0 0  1 0
   189  -.7450107364883240E-02   4   1 0  1 1  0 0  1 0
   190  -.1218133472952723E-01   4   0 1  1 1  0 0  1 0
   191   2.259391377715214       4   0 0  2 1  0 0  1 0
   192  -.6213988716896779E-02   4   1 0  0 2  0 0  1 0
   193  -.8121125714028978E-02   4   0 1  0 2  0 0  1 0
   194   2.822332940692517       4   0 0  1 2  0 0  1 0
   195   1.030250724856199       4   0 0  0 3  0 0  1 0
   196  0.2413449415343960E-03   4   3 0  0 0  0 0  0 1
   197  0.8352180332800595E-03   4   2 1  0 0  0 0  0 1
   198  0.9366544172606234E-03   4   1 2  0 0  0 0  0 1
   199  0.3507490780064694E-03   4   0 3  0 0  0 0  0 1
   200  -7.244334839117407       4   2 0  1 0  0 0  0 1
   201  -14.90394267174757       4   1 1  1 0  0 0  0 1
   202  -7.872186246075873       4   0 2  1 0  0 0  0 1
   203  -.5776947254368276E-03   4   1 0  2 0  0 0  0 1
   204  -.5408245990032679E-03   4   0 1  2 0  0 0  0 1
   205  -1.518718712673233       4   0 0  3 0  0 0  0 1
   206  -7.114930916075993       4   2 0  0 1  0 0  0 1
   207  -14.22872652548189       4   1 1  0 1  0 0  0 1
   208  -7.540352169332666       4   0 2  0 1  0 0  0 1
   209  -.1190518314673784E-02   4   1 0  1 1  0 0  0 1
   210  -.1117721816888009E-02   4   0 1  1 1  0 0  0 1
   211  -3.117721061489236       4   0 0  2 1  0 0  0 1
   212  -.5603856218321390E-03   4   1 0  0 2  0 0  0 1
   213  -.5203186546533678E-03   4   0 1  0 2  0 0  0 1
   214  -2.298934770906627       4   0 0  1 2  0 0  0 1
   215  -.8515480295017674       4   0 0  0 3  0 0  0 1
   216  0.4579878655261156E-04   4   2 0  0 0  0 2  0 0
   217  0.6577789650400721E-03   4   1 1  0 0  0 2  0 0
   218  0.7169544627803025E-03   4   0 2  0 0  0 2  0 0
   219  0.6321509190928902E-01   4   1 0  1 0  0 2  0 0
   220  0.1606612082071549       4   0 1  1 0  0 2  0 0
   221  0.1420019050447857E-03   4   0 0  2 0  0 2  0 0
   222  0.1674711068994149       4   1 0  0 1  0 2  0 0
   223  0.2859238763740229       4   0 1  0 1  0 2  0 0
   224  0.1684712237374812E-03   4   0 0  1 1  0 2  0 0
   225  0.1123052722130128E-03   4   0 0  0 2  0 2  0 0
   226  0.6409111220707156E-04   4   2 0  0 0  0 1  1 0
   227  0.9211366338353396E-03   4   1 1  0 0  0 1  1 0
   228  0.1050681052258970E-02   4   0 2  0 0  0 1  1 0
   229  0.3671418193833982E-01   4   1 0  1 0  0 1  1 0
   230  0.1548043646524951       4   0 1  1 0  0 1  1 0
   231  0.2013333425030336E-03   4   0 0  2 0  0 1  1 0
   232  0.1629867605638837       4   1 0  0 1  0 1  1 0
   233  0.3382658911915064       4   0 1  0 1  0 1  1 0
   234  0.3508616737308146E-03   4   0 0  1 1  0 1  1 0
   235  0.2127256516087316E-03   4   0 0  0 2  0 1  1 0
   236  0.4569402730494283E-04   4   2 0  0 0  0 0  2 0
   237  0.6562739459739305E-03   4   1 1  0 0  0 0  2 0
   238  0.7152826407315655E-03   4   0 2  0 0  0 0  2 0
   239  0.6310531590993491E-01   4   1 0  1 0  0 0  2 0
   240  0.1603408337157141       4   0 1  1 0  0 0  2 0
   241  0.1416753331113823E-03   4   0 0  2 0  0 0  2 0
   242  0.1671360622258560       4   1 0  0 1  0 0  2 0
   243  0.2853114823491013       4   0 1  0 1  0 0  2 0
   244  0.1680084165518542E-03   4   0 0  1 1  0 0  2 0
   245  0.1120109989922449E-03   4   0 0  0 2  0 0  2 0
   246  -.2115152878598237E-03   4   2 0  0 0  0 1  0 1
   247  -.1055383502097631E-02   4   1 1  0 0  0 1  0 1
   248  -.8409012985826148E-03   4   0 2  0 0  0 1  0 1
   249  -.7306054948036958E-01   4   1 0  1 0  0 1  0 1
   250  -.1427917244306050       4   0 1  1 0  0 1  0 1
   251  -.3950595724681396E-03   4   0 0  2 0  0 1  0 1
   252  -.1539613843565884       4   1 0  0 1  0 1  0 1
   253  -.2101319885127427       4   0 1  0 1  0 1  0 1
   254  -.7164286966724296E-03   4   0 0  1 1  0 1  0 1
   255  -.2643845420212588E-03   4   0 0  0 2  0 1  0 1
   256  -.2112306405537923E-03   4   2 0  0 0  0 0  1 1
   257  -.1053963216719009E-02   4   1 1  0 0  0 0  1 1
   258  -.8397696532452877E-03   4   0 2  0 0  0 0  1 1
   259  -.7296222803610328E-01   4   1 0  1 0  0 0  1 1
   260  -.1425995620574072       4   0 1  1 0  0 0  1 1
   261  -.3945279199140249E-03   4   0 0  2 0  0 0  1 1
   262  -.1537541903814700       4   1 0  0 1  0 0  1 1
   263  -.2098492027857798       4   0 1  0 1  0 0  1 1
   264  -.7154645606965630E-03   4   0 0  1 1  0 0  1 1
   265  -.2640287457646185E-03   4   0 0  0 2  0 0  1 1
   266  0.1215129544690549E-03   4   2 0  0 0  0 0  0 2
   267  0.2609904255823812E-03   4   1 1  0 0  0 0  0 2
   268  0.1360289242236393E-03   4   0 2  0 0  0 0  0 2
   269  -.1684422680118841E-01   4   1 0  1 0  0 0  0 2
   270  -.1610457850167519E-01   4   0 1  1 0  0 0  0 2
   271  0.2669216071202357E-03   4   0 0  2 0  0 0  0 2
   272  -.1232872889403645E-01   4   1 0  0 1  0 0  0 2
   273  -.1205327192017194E-01   4   0 1  0 1  0 0  0 2
   274  0.4365230519734492E-03   4   0 0  1 1  0 0  0 2
   275  0.1710030453370047E-03   4   0 0  0 2  0 0  0 2
   276  -.9523564734737727E-05   4   1 0  0 0  0 3  0 0
   277  -.1927198802839027E-04   4   0 1  0 0  0 3  0 0
   278  0.1200826517913950       4   0 0  1 0  0 3  0 0
   279  0.1720327414781214E-01   4   0 0  0 1  0 3  0 0
   280  -.6673264979761315E-05   4   1 0  0 0  0 2  1 0
   281  -.1906714192118418E-04   4   0 1  0 0  0 2  1 0
   282  0.5960687843089411E-01   4   0 0  1 0  0 2  1 0
   283  0.1437963985178453       4   0 0  0 1  0 2  1 0
   284  -.6678992806892613E-05   4   1 0  0 0  0 1  2 0
   285  -.1906750307572230E-04   4   0 1  0 0  0 1  2 0
   286  0.5972863038571795E-01   4   0 0  1 0  0 1  2 0
   287  0.1435408071928656       4   0 0  0 1  0 1  2 0
   288  -.9499855959514537E-05   4   1 0  0 0  0 0  3 0
   289  -.1922027248731814E-04   4   0 1  0 0  0 0  3 0
   290  0.1198001954891406       4   0 0  1 0  0 0  3 0
   291  0.1707192013857038E-01   4   0 0  0 1  0 0  3 0
   292  0.1177074490216188E-04   4   1 0  0 0  0 2  0 1
   293  0.2099161222113667E-04   4   0 1  0 0  0 2  0 1
   294  -.1191703270504289       4   0 0  1 0  0 2  0 1
   295  -.3338004446681401       4   0 0  0 1  0 2  0 1
   296  0.9084090759880556E-05   4   1 0  0 0  0 1  1 1
   297  0.2105749252326604E-04   4   0 1  0 0  0 1  1 1
   298  -.5922771171514749E-01   4   0 0  1 0  0 1  1 1
   299  -.3143598291881079       4   0 0  0 1  0 1  1 1
   300  0.1174879191786064E-04   4   1 0  0 0  0 0  2 1
   301  0.2094919360823522E-04   4   0 1  0 0  0 0  2 1
   302  -.1189701003090272       4   0 0  1 0  0 0  2 1
   303  -.3331397064397481       4   0 0  0 1  0 0  2 1
   304  -.7420955301333277E-06   4   1 0  0 0  0 1  0 2
   305  -.1185762541553758E-05   4   0 1  0 0  0 1  0 2
   306  -.3049135983690693E-01   4   0 0  1 0  0 1  0 2
   307  -.3895941814460400E-01   4   0 0  0 1  0 1  0 2
   308  -.7410968529426467E-06   4   1 0  0 0  0 0  1 2
   309  -.1184166798208415E-05   4   0 1  0 0  0 0  1 2
   310  -.3045032600184644E-01   4   0 0  1 0  0 0  1 2
   311  -.3890698839575878E-01   4   0 0  0 1  0 0  1 2
   312  0.6592886432073056E-07   4   1 0  0 0  0 0  0 3
   313  0.5324180886262774E-07   4   0 1  0 0  0 0  0 3
   314  -.9053547387206890E-03   4   0 0  1 0  0 0  0 3
   315  -.7315131714171623E-03   4   0 0  0 1  0 0  0 3
   316  0.9898207832871004E-05   4   0 0  0 0  0 4  0 0
   317  0.4085120321849915E-05   4   0 0  0 0  0 3  1 0
   318  0.3321613271710406E-05   4   0 0  0 0  0 2  2 0
   319  0.4101754220582680E-05   4   0 0  0 0  0 1  3 0
   320  0.9868832147906935E-05   4   0 0  0 0  0 0  4 0
   321  -.1284165540913658E-05   4   0 0  0 0  0 3  0 1
   322  0.1244219055246274E-05   4   0 0  0 0  0 2  1 1
   323  0.1239118672533493E-05   4   0 0  0 0  0 1  2 1
   324  -.1282409367293372E-05   4   0 0  0 0  0 0  3 1
   325  -.8890130114884907E-06   4   0 0  0 0  0 2  0 2
   326  -.1028561618378856E-05   4   0 0  0 0  0 1  1 2
   327  -.8871245247995696E-06   4   0 0  0 0  0 0  2 2
   328  -.2873630451789542E-07   4   0 0  0 0  0 1  0 3
   329  -.2869763255357035E-07   4   0 0  0 0  0 0  1 3
   330  -.5463277245359112E-13   4   0 0  0 0  0 0  0 4
   ----------------------------------------------------
     I  COEFFICIENT            ORDER EXPONENTS
     1  0.1791942923288974E-03   0   0 0  0 0  0 0  0 0
     2  0.6989300772615629E-04   1   1 0  0 0  0 0  0 0
     3  0.6466892394292347E-04   1   0 1  0 0  0 0  0 0
     4  -1.983716660658043       1   0 0  1 0  0 0  0 0
     5  -.8519414910511182       1   0 0  0 1  0 0  0 0
     6  0.8935114126055918E-05   1   0 0  0 0  0 1  0 0
     7  0.8923089670562421E-05   1   0 0  0 0  0 0  1 0
     8  0.1613360885309414E-03   1   0 0  0 0  0 0  0 1
     9  0.1119478113491773E-02   2   2 0  0 0  0 0  0 0
    10  0.1991611431825073E-02   2   1 1  0 0  0 0  0 0
    11  0.9508333074364210E-03   2   0 2  0 0  0 0  0 0
    12  0.8404940442134651       2   1 0  1 0  0 0  0 0
    13  0.7702893507602073       2   0 1  1 0  0 0  0 0
    14  0.7069666023892228E-03   2   0 0  2 0  0 0  0 0
    15  0.7970836366610404       2   1 0  0 1  0 0  0 0
    16  0.7354633102238939       2   0 1  0 1  0 0  0 0
    17  0.1735699639203268E-02   2   0 0  1 1  0 0  0 0
    18  0.9126721147782273E-03   2   0 0  0 2  0 0  0 0
    19  -.4398377993253094E-05   2   1 0  0 0  0 1  0 0
    20  -.3662431388427731E-04   2   0 1  0 0  0 1  0 0
    21  -.1112416268754081       2   0 0  1 0  0 1  0 0
    22  0.8318563272167042       2   0 0  0 1  0 1  0 0
    23  -.4392458863438162E-05   2   1 0  0 0  0 0  1 0
    24  -.3657502660869603E-04   2   0 1  0 0  0 0  1 0
    25  -.1110919231365955       2   0 0  1 0  0 0  1 0
    26  0.8307368541755661       2   0 0  0 1  0 0  1 0
    27  0.7868366182707664E-04   2   1 0  0 0  0 0  0 1
    28  0.7319916103151550E-04   2   0 1  0 0  0 0  0 1
    29  -1.761383110736172       2   0 0  1 0  0 0  0 1
    30  -1.662593181490498       2   0 0  0 1  0 0  0 1
    31  -.6544270933589806E-05   2   0 0  0 0  0 2  0 0
    32  -.4159829937569974E-05   2   0 0  0 0  0 1  1 0
    33  -.6532664910642293E-05   2   0 0  0 0  0 0  2 0
    34  0.1724832749663005E-04   2   0 0  0 0  0 1  0 1
    35  0.1722511551037059E-04   2   0 0  0 0  0 0  1 1
    36  -.1723670481384176E-04   2   0 0  0 0  0 0  0 2
    37  -.1795167339219778E-01   3   3 0  0 0  0 0  0 0
    38  -.5040347115642171E-01   3   2 1  0 0  0 0  0 0
    39  -.4737894047606512E-01   3   1 2  0 0  0 0  0 0
    40  -.1487394219229856E-01   3   0 3  0 0  0 0  0 0
    41  -18.10592024900790       3   2 0  1 0  0 0  0 0
    42  -35.03079457674496       3   1 1  1 0  0 0  0 0
    43  -17.63901619914330       3   0 2  1 0  0 0  0 0
    44  0.3243725282587896E-01   3   1 0  2 0  0 0  0 0
    45  0.2947037393934274E-01   3   0 1  2 0  0 0  0 0
    46  -2.866236914120015       3   0 0  3 0  0 0  0 0
    47  -16.11218857318022       3   2 0  0 1  0 0  0 0
    48  -31.87086267450445       3   1 1  0 1  0 0  0 0
    49  -17.28862367206549       3   0 2  0 1  0 0  0 0
    50  0.6102375269405551E-01   3   1 0  1 1  0 0  0 0
    51  0.5576342055152004E-01   3   0 1  1 1  0 0  0 0
    52  -9.078141616795815       3   0 0  2 1  0 0  0 0
    53  0.2899604061566749E-01   3   1 0  0 2  0 0  0 0
    54  0.2668412574606083E-01   3   0 1  0 2  0 0  0 0
    55  -8.398767710800399       3   0 0  1 2  0 0  0 0
    56  -3.196812499087389       3   0 0  0 3  0 0  0 0
    57  -.6680809675636494E-03   3   2 0  0 0  0 1  0 0
    58  -.2291870387325285E-02   3   1 1  0 0  0 1  0 0
    59  -.1563298862273529E-02   3   0 2  0 0  0 1  0 0
    60  0.5711650184305504E-01   3   1 0  1 0  0 1  0 0
    61  -.3300465403138120       3   0 1  1 0  0 1  0 0
    62  -.8896531145885841E-04   3   0 0  2 0  0 1  0 0
    63  -.3564018631759785       3   1 0  0 1  0 1  0 0
    64  -.6939079429346796       3   0 1  0 1  0 1  0 0
    65  -.1099796451332480E-02   3   0 0  1 1  0 1  0 0
    66  -.1056434353141049E-02   3   0 0  0 2  0 1  0 0
    67  -.6671818956830694E-03   3   2 0  0 0  0 0  1 0
    68  -.2288786096170136E-02   3   1 1  0 0  0 0  1 0
    69  -.1561195048340408E-02   3   0 2  0 0  0 0  1 0
    70  0.5703963714668165E-01   3   1 0  1 0  0 0  1 0
    71  -.3296023792344123       3   0 1  1 0  0 0  1 0
    72  -.8884558613548732E-04   3   0 0  2 0  0 0  1 0
    73  -.3559222343451545       3   1 0  0 1  0 0  1 0
    74  -.6929741143278272       3   0 1  0 1  0 0  1 0
    75  -.1098316397099889E-02   3   0 0  1 1  0 0  1 0
    76  -.1055012653576619E-02   3   0 0  0 2  0 0  1 0
    77  0.2452801180604249E-02   3   2 0  0 0  0 0  0 1
    78  0.4576472848880381E-02   3   1 1  0 0  0 0  0 1
    79  0.2171398486335338E-02   3   0 2  0 0  0 0  0 1
    80  0.7263410145048695       3   1 0  1 0  0 0  0 1
    81  0.6596515790786818       3   0 1  1 0  0 0  0 1
    82  0.8859008831590371E-03   3   0 0  2 0  0 0  0 1
    83  0.7123268061893756       3   1 0  0 1  0 0  0 1
    84  0.6514210621834412       3   0 1  0 1  0 0  0 1
    85  0.2200571976851311E-02   3   0 0  1 1  0 0  0 1
    86  0.1200134139971268E-02   3   0 0  0 2  0 0  0 1
    87  0.3375111251992414E-05   3   1 0  0 0  0 2  0 0
    88  0.2955400883419277E-04   3   0 1  0 0  0 2  0 0
    89  0.8136739233081459E-01   3   0 0  1 0  0 2  0 0
    90  -.5780222234753551       3   0 0  0 1  0 2  0 0
    91  0.2545916281813436E-05   3   1 0  0 0  0 1  1 0
    92  0.2275457536821266E-04   3   0 1  0 0  0 1  1 0
    93  0.5157321515578157E-01   3   0 0  1 0  0 1  1 0
    94  -.3248699896450772       3   0 0  0 1  0 1  1 0
    95  0.3368856099260974E-05   3   1 0  0 0  0 0  2 0
    96  0.2949892542439032E-04   3   0 1  0 0  0 0  2 0
    97  0.8122318952773015E-01   3   0 0  1 0  0 0  2 0
    98  -.5770257510475107       3   0 0  0 1  0 0  2 0
    99  -.9616865341203210E-05   3   1 0  0 0  0 1  0 1
   100  -.4575590163014330E-04   3   0 1  0 0  0 1  0 1
   101  -.2143077057785021       3   0 0  1 0  0 1  0 1
   102  0.6490585371413309       3   0 0  0 1  0 1  0 1
   103  -.9603923417054198E-05   3   1 0  0 0  0 0  1 1
   104  -.4569432549413041E-04   3   0 1  0 0  0 0  1 1
   105  -.2140193005680376       3   0 0  1 0  0 0  1 1
   106  0.6481850647511157       3   0 0  0 1  0 0  1 1
   107  0.9874431617798365E-05   3   1 0  0 0  0 0  0 2
   108  0.9441354314217180E-05   3   0 1  0 0  0 0  0 2
   109  0.2141633647434977       3   0 0  1 0  0 0  0 2
   110  0.1826746094261698       3   0 0  0 1  0 0  0 2
   111  0.5349743971141245E-05   3   0 0  0 0  0 3  0 0
   112  0.2965241341205268E-05   3   0 0  0 0  0 2  1 0
   113  0.2970040235110442E-05   3   0 0  0 0  0 1  2 0
   114  0.5336952271768663E-05   3   0 0  0 0  0 0  3 0
   115  -.1247395300908918E-04   3   0 0  0 0  0 2  0 1
   116  -.7713777327393131E-05   3   0 0  0 0  0 1  1 1
   117  -.1245197573201181E-04   3   0 0  0 0  0 0  2 1
   118  0.7708370717715489E-05   3   0 0  0 0  0 1  0 2
   119  0.7697997155686514E-05   3   0 0  0 0  0 0  1 2
   120  0.6104291914092575E-06   3   0 0  0 0  0 0  0 3
   121  -.6634508416766089E-02   4   4 0  0 0  0 0  0 0
   122  -.2433319342592366E-01   4   3 1  0 0  0 0  0 0
   123  -.3384003307780219E-01   4   2 2  0 0  0 0  0 0
   124  -.2035422724883815E-01   4   1 3  0 0  0 0  0 0
   125  -.4340825066017545E-02   4   0 4  0 0  0 0  0 0
   126   197.1686425411790       4   3 0  1 0  0 0  0 0
   127   549.4036972646543       4   2 1  1 0  0 0  0 0
   128   512.6734628458418       4   1 2  1 0  0 0  0 0
   129   160.5553855487896       4   0 3  1 0  0 0  0 0
   130  0.4008587654614228E-01   4   2 0  2 0  0 0  0 0
   131  0.7824064321104522E-01   4   1 1  2 0  0 0  0 0
   132  0.3784868497847629E-01   4   0 2  2 0  0 0  0 0
   133  -124.6738546043882       4   1 0  3 0  0 0  0 0
   134  -112.5973645509853       4   0 1  3 0  0 0  0 0
   135  -.6184850183395282E-02   4   0 0  4 0  0 0  0 0
   136   189.2923119145339       4   3 0  0 1  0 0  0 0
   137   531.0348602560400       4   2 1  0 1  0 0  0 0
   138   499.1736796581552       4   1 2  0 1  0 0  0 0
   139   157.5441590117014       4   0 3  0 1  0 0  0 0
   140  0.8158721721575501E-01   4   2 0  1 1  0 0  0 0
   141  0.1601481622804014       4   1 1  1 1  0 0  0 0
   142  0.7909277970157695E-01   4   0 2  1 1  0 0  0 0
   143  -348.4984862915634       4   1 0  2 1  0 0  0 0
   144  -317.3537085758346       4   0 1  2 1  0 0  0 0
   145  -.2119677721727203E-01   4   0 0  3 1  0 0  0 0
   146  0.4036527429201762E-01   4   2 0  0 2  0 0  0 0
   147  0.8025668276733337E-01   4   1 1  0 2  0 0  0 0
   148  0.4066867652855394E-01   4   0 2  0 2  0 0  0 0
   149  -327.9922612060624       4   1 0  1 2  0 0  0 0
   150  -300.7523050407355       4   0 1  1 2  0 0  0 0
   151  -.2727075616281981E-01   4   0 0  2 2  0 0  0 0
   152  -103.5376020465615       4   1 0  0 3  0 0  0 0
   153  -95.46452066237704       4   0 1  0 3  0 0  0 0
   154  -.1502507873443806E-01   4   0 0  1 3  0 0  0 0
   155  -.2645232642953503E-02   4   0 0  0 4  0 0  0 0
   156  -.2175202906934071E-02   4   3 0  0 0  0 1  0 0
   157  0.1515458566155225E-01   4   2 1  0 0  0 1  0 0
   158  0.3403927236840867E-01   4   1 2  0 0  0 1  0 0
   159  0.1682309439421513E-01   4   0 3  0 0  0 1  0 0
   160   9.958457030032267       4   2 0  1 0  0 1  0 0
   161   36.26885699018343       4   1 1  1 0  0 1  0 0
   162   26.29331064293221       4   0 2  1 0  0 1  0 0
   163  0.3776781347546534E-02   4   1 0  2 0  0 1  0 0
   164  -.9303837547397609E-02   4   0 1  2 0  0 1  0 0
   165  0.4608634791378616       4   0 0  3 0  0 1  0 0
   166   17.30677555278885       4   2 0  0 1  0 1  0 0
   167   49.62240431012003       4   1 1  0 1  0 1  0 0
   168   34.22838524564511       4   0 2  0 1  0 1  0 0
   169  -.1823056015328577E-01   4   1 0  1 1  0 1  0 0
   170  -.4030316479949574E-01   4   0 1  1 1  0 1  0 0
   171   6.322119526845224       4   0 0  2 1  0 1  0 0
   172  -.2046953887389827E-01   4   1 0  0 2  0 1  0 0
   173  -.2995673382581601E-01   4   0 1  0 2  0 1  0 0
   174   10.54775209234797       4   0 0  1 2  0 1  0 0
   175   5.576273131877156       4   0 0  0 3  0 1  0 0
   176  -.2172275621375681E-02   4   3 0  0 0  0 0  1 0
   177  0.1513419133437981E-01   4   2 1  0 0  0 0  1 0
   178  0.3399346391987058E-01   4   1 2  0 0  0 0  1 0
   179  0.1680045466662437E-01   4   0 3  0 0  0 0  1 0
   180   9.945055407887120       4   2 0  1 0  0 0  1 0
   181   36.22004807173813       4   1 1  1 0  0 0  1 0
   182   26.25792634462979       4   0 2  1 0  0 0  1 0
   183  0.3771698733202542E-02   4   1 0  2 0  0 0  1 0
   184  -.9291316881300995E-02   4   0 1  2 0  0 0  1 0
   185  0.4602432707873816       4   0 0  3 0  0 0  1 0
   186   17.28348490989001       4   2 0  0 1  0 0  1 0
   187   49.55562481702236       4   1 1  0 1  0 0  1 0
   188   34.18232229790948       4   0 2  0 1  0 0  1 0
   189  -.1820602632460800E-01   4   1 0  1 1  0 0  1 0
   190  -.4024892669973096E-01   4   0 1  1 1  0 0  1 0
   191   6.313611516337170       4   0 0  2 1  0 0  1 0
   192  -.2044199193317775E-01   4   1 0  0 2  0 0  1 0
   193  -.2991641946524518E-01   4   0 1  0 2  0 0  1 0
   194   10.53355742468043       4   0 0  1 2  0 0  1 0
   195   5.568768846296925       4   0 0  0 3  0 0  1 0
   196  0.9854905428177665E-03   4   3 0  0 0  0 0  0 1
   197  0.2791915068372880E-02   4   2 1  0 0  0 0  0 1
   198  0.2657384246082547E-02   4   1 2  0 0  0 0  0 1
   199  0.8899358371786369E-03   4   0 3  0 0  0 0  0 1
   200  -37.99286585047357       4   2 0  1 0  0 0  0 1
   201  -72.45336843356787       4   1 1  1 0  0 0  0 1
   202  -34.89307385011945       4   0 2  1 0  0 0  0 1
   203  -.2786854639113569E-02   4   1 0  2 0  0 0  0 1
   204  -.2601017424493634E-02   4   0 1  2 0  0 0  0 1
   205  -3.790835777749943       4   0 0  3 0  0 0  0 1
   206  -34.57116500283704       4   2 0  0 1  0 0  0 1
   207  -67.26602153990521       4   1 1  0 1  0 0  0 1
   208  -33.81122670066741       4   0 2  0 1  0 0  0 1
   209  -.5448785024840991E-02   4   1 0  1 1  0 0  0 1
   210  -.5239037932597989E-02   4   0 1  1 1  0 0  0 1
   211  -12.64696125790249       4   0 0  2 1  0 0  0 1
   212  -.2653290819107249E-02   4   1 0  0 2  0 0  0 1
   213  -.2577484803541160E-02   4   0 1  0 2  0 0  0 1
   214  -12.69478702117318       4   0 0  1 2  0 0  0 1
   215  -4.755918085565379       4   0 0  0 3  0 0  0 1
   216  -.3425565149511335E-03   4   2 0  0 0  0 2  0 0
   217  0.2853772923444003E-03   4   1 1  0 0  0 2  0 0
   218  0.7149613108068096E-03   4   0 2  0 0  0 2  0 0
   219  -.4296541432780917E-01   4   1 0  1 0  0 2  0 0
   220  0.2205007377160907       4   0 1  1 0  0 2  0 0
   221  -.2016998832450195E-03   4   0 0  2 0  0 2  0 0
   222  0.2465386565152019       4   1 0  0 1  0 2  0 0
   223  0.6638944544799703       4   0 1  0 1  0 2  0 0
   224  0.3421273858230110E-03   4   0 0  1 1  0 2  0 0
   225  0.8524196203778630E-03   4   0 0  0 2  0 2  0 0
   226  -.3616726387266125E-03   4   2 0  0 0  0 1  1 0
   227  0.5329299278054162E-03   4   1 1  0 0  0 1  1 0
   228  0.1193763977868959E-02   4   0 2  0 0  0 1  1 0
   229  -.3045186357584706E-01   4   1 0  1 0  0 1  1 0
   230  0.1092280665782999       4   0 1  1 0  0 1  1 0
   231  -.1726200706189684E-03   4   0 0  2 0  0 1  1 0
   232  0.1350939356949520       4   1 0  0 1  0 1  1 0
   233  0.6315062390221321       4   0 1  0 1  0 1  1 0
   234  0.2510574949117962E-03   4   0 0  1 1  0 1  1 0
   235  0.9625098027356098E-03   4   0 0  0 2  0 1  1 0
   236  -.3418521575413631E-03   4   2 0  0 0  0 0  2 0
   237  0.2846346490433720E-03   4   1 1  0 0  0 0  2 0
   238  0.7131958939190536E-03   4   0 2  0 0  0 0  2 0
   239  -.4288710315666961E-01   4   1 0  1 0  0 0  2 0
   240  0.2201305012229826       4   0 1  1 0  0 0  2 0
   241  -.2013122930700656E-03   4   0 0  2 0  0 0  2 0
   242  0.2461159748842772       4   1 0  0 1  0 0  2 0
   243  0.6625760909440851       4   0 1  0 1  0 0  2 0
   244  0.3414980362387141E-03   4   0 0  1 1  0 0  2 0
   245  0.8506248240604012E-03   4   0 0  0 2  0 0  2 0
   246  0.7904828571903904E-03   4   2 0  0 0  0 1  0 1
   247  -.1260348970473888E-03   4   1 1  0 0  0 1  0 1
   248  -.7711238676175909E-03   4   0 2  0 0  0 1  0 1
   249  0.1185450327443264       4   1 0  1 0  0 1  0 1
   250  -.2168034388118730       4   0 1  1 0  0 1  0 1
   251  0.3594088470286681E-03   4   0 0  2 0  0 1  0 1
   252  -.2687259568835179       4   1 0  0 1  0 1  0 1
   253  -.5665881355579491       4   0 1  0 1  0 1  0 1
   254  -.2289678246818652E-03   4   0 0  1 1  0 1  0 1
   255  -.7215849727839302E-03   4   0 0  0 2  0 1  0 1
   256  0.7894190626153502E-03   4   2 0  0 0  0 0  1 1
   257  -.1258652852227544E-03   4   1 1  0 0  0 0  1 1
   258  -.7700861254583587E-03   4   0 2  0 0  0 0  1 1
   259  0.1183855004260929       4   1 0  1 0  0 0  1 1
   260  -.2165116749615124       4   0 1  1 0  0 0  1 1
   261  0.3589251715406882E-03   4   0 0  2 0  0 0  1 1
   262  -.2683643181553595       4   1 0  0 1  0 0  1 1
   263  -.5658256479474887       4   0 1  0 1  0 0  1 1
   264  -.2286596905742891E-03   4   0 0  1 1  0 0  1 1
   265  -.7206138977346803E-03   4   0 0  0 2  0 0  1 1
   266  -.5345347852054032E-03   4   2 0  0 0  0 0  0 2
   267  -.1001399225237593E-02   4   1 1  0 0  0 0  0 2
   268  -.4657772444216261E-03   4   0 2  0 0  0 0  0 2
   269  -.1206246270206616       4   1 0  1 0  0 0  0 2
   270  -.1156548006460683       4   0 1  1 0  0 0  0 2
   271  -.1423534051350964E-03   4   0 0  2 0  0 0  0 2
   272  -.9019872517807376E-01   4   1 0  0 1  0 0  0 2
   273  -.8828196543650098E-01   4   0 1  0 1  0 0  0 2
   274  -.3258316322756325E-03   4   0 0  1 1  0 0  0 2
   275  -.1738510836852047E-03   4   0 0  0 2  0 0  0 2
   276  -.5655075034629513E-05   4   1 0  0 0  0 3  0 0
   277  -.3202534130891056E-04   4   0 1  0 0  0 3  0 0
   278  -.6645138421892317E-01   4   0 0  1 0  0 3  0 0
   279  0.4520231068147766       4   0 0  0 1  0 3  0 0
   280  -.4066876778521776E-05   4   1 0  0 0  0 2  1 0
   281  -.2370258407005413E-04   4   0 1  0 0  0 2  1 0
   282  -.3666053591419087E-01   4   0 0  1 0  0 2  1 0
   283  0.2001648417260813       4   0 0  0 1  0 2  1 0
   284  -.4070067399625283E-05   4   1 0  0 0  0 1  2 0
   285  -.2371929763250674E-04   4   0 1  0 0  0 1  2 0
   286  -.3672049207342466E-01   4   0 0  1 0  0 1  2 0
   287  0.2006720222461042       4   0 0  0 1  0 1  2 0
   288  -.5640926718429039E-05   4   1 0  0 0  0 0  3 0
   289  -.3194476660844400E-04   4   0 1  0 0  0 0  3 0
   290  -.6629260877450271E-01   4   0 0  1 0  0 0  3 0
   291  0.4509761353236290       4   0 0  0 1  0 0  3 0
   292  0.8140046663115673E-05   4   1 0  0 0  0 2  0 1
   293  0.4229661710510163E-04   4   0 1  0 0  0 2  0 1
   294  0.1546672948848819       4   0 0  1 0  0 2  0 1
   295  -.4001553486564595       4   0 0  0 1  0 2  0 1
   296  0.6725296779791436E-05   4   1 0  0 0  0 1  1 1
   297  0.3516811782680142E-04   4   0 1  0 0  0 1  1 1
   298  0.9519794224222068E-01   4   0 0  1 0  0 1  1 1
   299  -.1519074947398327       4   0 0  0 1  0 1  1 1
   300  0.8124566878129457E-05   4   1 0  0 0  0 0  2 1
   301  0.4221603251344288E-04   4   0 1  0 0  0 0  2 1
   302  0.1543950944765698       4   0 0  1 0  0 0  2 1
   303  -.3995146234732715       4   0 0  0 1  0 0  2 1
   304  -.2094859843268698E-05   4   1 0  0 0  0 1  0 2
   305  -.5619040600773632E-05   4   0 1  0 0  0 1  0 2
   306  -.9512182907470976E-01   4   0 0  1 0  0 1  0 2
   307  -.1729650418300241       4   0 0  0 1  0 1  0 2
   308  -.2092040679619000E-05   4   1 0  0 0  0 0  1 2
   309  -.5611478760749388E-05   4   0 1  0 0  0 0  1 2
   310  -.9499381860007748E-01   4   0 0  1 0  0 0  1 2
   311  -.1727322736282893       4   0 0  0 1  0 0  1 2
   312  0.5736296180074362E-06   4   1 0  0 0  0 0  0 3
   313  0.4679215112094307E-06   4   0 1  0 0  0 0  0 3
   314  -.8019507499665079E-02   4   0 0  1 0  0 0  0 3
   315  -.6553927488008818E-02   4   0 0  0 1  0 0  0 3
   316  -.8230453341445537E-05   4   0 0  0 0  0 4  0 0
   317  -.4112425046262863E-05   4   0 0  0 0  0 3  1 0
   318  -.3566760500331150E-05   4   0 0  0 0  0 2  2 0
   319  -.4124209537258286E-05   4   0 0  0 0  0 1  3 0
   320  -.8205546678068039E-05   4   0 0  0 0  0 0  4 0
   321  0.8654124210409824E-05   4   0 0  0 0  0 3  0 1
   322  0.4099197478034551E-05   4   0 0  0 0  0 2  1 1
   323  0.4108368677042078E-05   4   0 0  0 0  0 1  2 1
   324  0.8633900210733129E-05   4   0 0  0 0  0 0  3 1
   325  0.8556372649258565E-06   4   0 0  0 0  0 2  0 2
   326  0.1016467969055916E-05   4   0 0  0 0  0 1  1 2
   327  0.8538018312753659E-06   4   0 0  0 0  0 0  2 2
   328  0.8502669244056801E-08   4   0 0  0 0  0 1  0 3
   329  0.8491226752505050E-08   4   0 0  0 0  0 0  1 3
   330  -.2980335617856309E-13   4   0 0  0 0  0 0  0 4
   ----------------------------------------------------
     I  COEFFICIENT            ORDER EXPONENTS
     1  0.8096473964707043E-08   0   0 0  0 0  0 0  0 0
     2  -.4265559118670604E-05   1   1 0  0 0  0 0  0 0
     3  -.5088142890058545E-05   1   0 1  0 0  0 0  0 0
     4  0.3123840028345126E-04   1   0 0  1 0  0 0  0 0
     5  0.8911603041342531E-05   1   0 0  0 1  0 0  0 0
     6   1.000000000000000       1   0 0  0 0  1 0  0 0
     7  0.2859789917519374       1   0 0  0 0  0 1  0 0
     8  -.2859789891630432       1   0 0  0 0  0 0  1 0
     9  -.2588900341147380E-08   1   0 0  0 0  0 0  0 1
    10  -.2473735205488691       2   2 0  0 0  0 0  0 0
    11  -.7068883121322276       2   1 1  0 0  0 0  0 0
    12  -.7192504593836193       2   0 2  0 0  0 0  0 0
    13  -.1595283794999079E-04   2   1 0  1 0  0 0  0 0
    14  -.2223557735607832E-04   2   0 1  1 0  0 0  0 0
    15  -.1790737423017953       2   0 0  2 0  0 0  0 0
    16  -.2218902841051049E-04   2   1 0  0 1  0 0  0 0
    17  -.2684800686404828E-04   2   0 1  0 1  0 0  0 0
    18  -.9773578665566979E-01   2   0 0  1 1  0 0  0 0
    19  -.2306585607426598       2   0 0  0 2  0 0  0 0
    20  0.6331803583747970E-05   2   1 0  0 0  0 1  0 0
    21  0.9382790713712723E-05   2   0 1  0 0  0 1  0 0
    22  -.4438999234138040E-04   2   0 0  1 0  0 1  0 0
    23  -.2606533138999249E-04   2   0 0  0 1  0 1  0 0
    24  0.2069211215894797E-05   2   1 0  0 0  0 0  1 0
    25  0.4295733601378710E-05   2   0 1  0 0  0 0  1 0
    26  -.1317588938660629E-04   2   0 0  1 0  0 0  1 0
    27  -.1714263285651585E-04   2   0 0  0 1  0 0  1 0
    28  -.8401068573172441E-05   2   1 0  0 0  0 0  0 1
    29  -.8590484758190036E-05   2   0 1  0 0  0 0  0 1
    30  0.5756590593786617E-04   2   0 0  1 0  0 0  0 1
    31  0.3429638880532469E-04   2   0 0  0 1  0 0  0 1
    32  -.2146286632773626       2   0 0  0 0  0 2  0 0
    33  0.1432783312218651       2   0 0  0 0  0 1  1 0
    34  0.7135032847340460E-01   2   0 0  0 0  0 0  2 0
    35  0.3581122943522394E-08   2   0 0  0 0  0 1  0 1
    36  0.9944242368454806E-09   2   0 0  0 0  0 0  1 1
    37  -.9933835682195613E-09   2   0 0  0 0  0 0  0 2
    38  0.1254048876835530       3   3 0  0 0  0 0  0 0
    39  0.4039066992406021       3   2 1  0 0  0 0  0 0
    40  0.4221424214061776       3   1 2  0 0  0 0  0 0
    41  0.1444554246274848       3   0 3  0 0  0 0  0 0
    42  0.7394644446291542E-03   3   2 0  1 0  0 0  0 0
    43  0.1396791477153939E-02   3   1 1  1 0  0 0  0 0
    44  0.8544398262884973E-03   3   0 2  1 0  0 0  0 0
    45  0.6321907599269450E-01   3   1 0  2 0  0 0  0 0
    46  0.8107957746488249E-02   3   0 1  2 0  0 0  0 0
    47  0.2586805288985763E-03   3   0 0  3 0  0 0  0 0
    48  0.5232504402189266E-03   3   2 0  0 1  0 0  0 0
    49  0.9460425155022047E-03   3   1 1  0 1  0 0  0 0
    50  0.5794544011042802E-03   3   0 2  0 1  0 0  0 0
    51  0.2063075038754671E-01   3   1 0  1 1  0 0  0 0
    52  -.6681140877150597E-01   3   0 1  1 1  0 0  0 0
    53  0.7217618296752007E-03   3   0 0  2 1  0 0  0 0
    54  -.3412947261482127E-01   3   1 0  0 2  0 0  0 0
    55  -.6885546615748667E-01   3   0 1  0 2  0 0  0 0
    56  0.6752204090518124E-03   3   0 0  1 2  0 0  0 0
    57  0.2062870865398576E-03   3   0 0  0 3  0 0  0 0
    58  0.3906726512554244       3   2 0  0 0  0 1  0 0
    59   1.326077638132621       3   1 1  0 0  0 1  0 0
    60   1.417759830500207       3   0 2  0 0  0 1  0 0
    61  0.2406178503055449E-04   3   1 0  1 0  0 1  0 0
    62  0.4099255193358573E-04   3   0 1  1 0  0 1  0 0
    63  0.2538597315642347       3   0 0  2 0  0 1  0 0
    64  0.4107278816534456E-04   3   1 0  0 1  0 1  0 0
    65  0.6109184047241844E-04   3   0 1  0 1  0 1  0 0
    66  0.2916814764137503       3   0 0  1 1  0 1  0 0
    67  0.3874448578346129       3   0 0  0 2  0 1  0 0
    68  0.1434389548686869       3   2 0  0 0  0 0  1 0
    69  0.6193065478909023       3   1 1  0 0  0 0  1 0
    70  0.6985362875494677       3   0 2  0 0  0 0  1 0
    71  0.8084834274261066E-05   3   1 0  1 0  0 0  1 0
    72  0.1866442243614069E-04   3   0 1  1 0  0 0  1 0
    73  0.7492612814059227E-01   3   0 0  2 0  0 0  1 0
    74  0.1884233927871494E-04   3   1 0  0 1  0 0  1 0
    75  0.3413053610899694E-04   3   0 1  0 1  0 0  1 0
    76  0.1938162133970302       3   0 0  1 1  0 0  1 0
    77  0.1568853681479292       3   0 0  0 2  0 0  1 0
    78  -.5341120535000823       3   2 0  0 0  0 0  0 1
    79  -1.238497060234828       3   1 1  0 0  0 0  0 1
    80  -.6777961022783756       3   0 2  0 0  0 0  0 1
    81  -.3207744737112452E-04   3   1 0  1 0  0 0  0 1
    82  -.3723022260563433E-04   3   0 1  1 0  0 0  0 1
    83  -.3287860673563699       3   0 0  2 0  0 0  0 1
    84  -.3761250775788950E-04   3   1 0  0 1  0 0  0 1
    85  -.4127554793700680E-04   3   0 1  0 1  0 0  0 1
    86  -.3877621827526262       3   0 0  1 1  0 0  0 1
    87  -.8301324132963270E-01   3   0 0  0 2  0 0  0 1
    88  -.7834438514204534E-05   3   1 0  0 0  0 2  0 0
    89  -.1342734865141041E-04   3   0 1  0 0  0 2  0 0
    90  0.5311405706822468E-04   3   0 0  1 0  0 2  0 0
    91  0.4426068027011923E-04   3   0 0  0 1  0 2  0 0
    92  -.3006990068626170E-05   3   1 0  0 0  0 1  1 0
    93  -.8090330308909138E-05   3   0 1  0 0  0 1  1 0
    94  0.1746512277132319E-04   3   0 0  1 0  0 1  1 0
    95  0.3639258501546753E-04   3   0 0  0 1  0 1  1 0
    96  -.1505720492986531E-05   3   1 0  0 0  0 0  2 0
    97  -.4046020478268321E-05   3   0 1  0 0  0 0  2 0
    98  0.8750620978477184E-05   3   0 0  1 0  0 0  2 0
    99  0.1818930291110318E-04   3   0 0  0 1  0 0  2 0
   100  0.1234290537593199E-04   3   1 0  0 0  0 1  0 1
   101  0.1617853742721406E-04   3   0 1  0 0  0 1  0 1
   102  -.7930869834279966E-04   3   0 0  1 0  0 1  0 1
   103  -.7278902307017275E-04   3   0 0  0 1  0 1  0 1
   104  0.3947905048292769E-05   3   1 0  0 0  0 0  1 1
   105  0.7589585872049332E-05   3   0 1  0 0  0 0  1 1
   106  -.2179240926598744E-04   3   0 0  1 0  0 0  1 1
   107  -.3848824650072764E-04   3   0 0  0 1  0 0  1 1
   108  -.3944719772795315E-05   3   1 0  0 0  0 0  0 2
   109  -.3293547935860019E-05   3   0 1  0 0  0 0  0 2
   110  0.2176911614110623E-04   3   0 0  1 0  0 0  0 2
   111  0.2134370454519316E-04   3   0 0  0 1  0 0  0 2
   112  0.1788813500203471       3   0 0  0 0  0 3  0 0
   113  -.1073867925155776       3   0 0  0 0  0 2  1 0
   114  -.3589155530157022E-01   3   0 0  0 0  0 1  2 0
   115  -.3560303941778586E-01   3   0 0  0 0  0 0  3 0
   116  -.3585566909203618E-08   3   0 0  0 0  0 2  0 1
   117  0.6082973854255074E-10   3   0 0  0 0  0 1  1 1
   118  0.2793467854278925E-10   3   0 0  0 0  0 0  2 1
   119  0.5011006766310688E-09   3   0 0  0 0  0 1  0 2
   120  -.5711558713466924E-12   3   0 0  0 0  0 0  1 2
   121  0.1313128258790540E-09   3   0 0  0 0  0 0  0 3
   122  -1.667137849648314       4   4 0  0 0  0 0  0 0
   123  -8.542359099111138       4   3 1  0 0  0 0  0 0
   124  -16.63563565199276       4   2 2  0 0  0 0  0 0
   125  -14.57826967454809       4   1 3  0 0  0 0  0 0
   126  -5.110847632067489       4   0 4  0 0  0 0  0 0
   127  0.1165192613042391E-02   4   3 0  1 0  0 0  0 0
   128  0.5227007176975123E-02   4   2 1  1 0  0 0  0 0
   129  0.6489895268646965E-02   4   1 2  1 0  0 0  0 0
   130  0.2440955116570378E-02   4   0 3  1 0  0 0  0 0
   131  -4.988958196385415       4   2 0  2 0  0 0  0 0
   132  -9.990372182818639       4   1 1  2 0  0 0  0 0
   133  -5.918444236063973       4   0 2  2 0  0 0  0 0
   134  0.3641411558389316E-02   4   1 0  3 0  0 0  0 0
   135  0.2669553294144103E-02   4   0 1  3 0  0 0  0 0
   136  -.9505274173762199       4   0 0  4 0  0 0  0 0
   137  0.1963888619615183E-02   4   3 0  0 1  0 0  0 0
   138  0.7302959312533803E-02   4   2 1  0 1  0 0  0 0
   139  0.8327111252551278E-02   4   1 2  0 1  0 0  0 0
   140  0.2990140075109993E-02   4   0 3  0 1  0 0  0 0
   141  -7.159214260358917       4   2 0  1 1  0 0  0 0
   142  -13.43651612432687       4   1 1  1 1  0 0  0 0
   143  -7.758827472393844       4   0 2  1 1  0 0  0 0
   144  0.8676671434846780E-02   4   1 0  2 1  0 0  0 0
   145  0.6185789693363276E-02   4   0 1  2 1  0 0  0 0
   146  -3.103771923171511       4   0 0  3 1  0 0  0 0
   147  -2.424475855491338       4   2 0  0 2  0 0  0 0
   148  -4.732303271818624       4   1 1  0 2  0 0  0 0
   149  -3.272320717448909       4   0 2  0 2  0 0  0 0
   150  0.6696779687729397E-02   4   1 0  1 2  0 0  0 0
   151  0.4534485775982908E-02   4   0 1  1 2  0 0  0 0
   152  -3.917142828139562       4   0 0  2 2  0 0  0 0
   153  0.1609748745511879E-02   4   1 0  0 3  0 0  0 0
   154  0.9680661994341923E-03   4   0 1  0 3  0 0  0 0
   155  -2.220411201952348       4   0 0  1 3  0 0  0 0
   156  -.5752627659974940       4   0 0  0 4  0 0  0 0
   157  -.2097265809535588       4   3 0  0 0  0 1  0 0
   158  -.8423962561447137       4   2 1  0 0  0 1  0 0
   159  -1.065943702033811       4   1 2  0 0  0 1  0 0
   160  -.4307123836551335       4   0 3  0 0  0 1  0 0
   161  -.1371207874150331E-03   4   2 0  1 0  0 1  0 0
   162  -.1032591135347335E-02   4   1 1  1 0  0 1  0 0
   163  -.1085844065269735E-02   4   0 2  1 0  0 1  0 0
   164  -.8129639988136515E-01   4   1 0  2 0  0 1  0 0
   165  -.3079339941807767E-01   4   0 1  2 0  0 1  0 0
   166  -.2454146400297919E-03   4   0 0  3 0  0 1  0 0
   167  -.2042128437654592E-03   4   2 0  0 1  0 1  0 0
   168  -.7087887562098447E-03   4   1 1  0 1  0 1  0 0
   169  -.7083965401573947E-03   4   0 2  0 1  0 1  0 0
   170  -.7127120837233029E-01   4   1 0  1 1  0 1  0 0
   171  0.9269642417238044E-01   4   0 1  1 1  0 1  0 0
   172  -.8481391356310563E-03   4   0 0  2 1  0 1  0 0
   173  0.4736360475827512E-01   4   1 0  0 2  0 1  0 0
   174  0.1508850330007736       4   0 1  0 2  0 1  0 0
   175  -.1116342936330670E-02   4   0 0  1 2  0 1  0 0
   176  -.4772109123410870E-03   4   0 0  0 3  0 1  0 0
   177  -.8353029025722206E-01   4   3 0  0 0  0 0  1 0
   178  -.4352085215677245       4   2 1  0 0  0 0  1 0
   179  -.6395154973136383       4   1 2  0 0  0 0  1 0
   180  -.2844045207464906       4   0 3  0 0  0 0  1 0
   181  -.1079978213703762E-03   4   2 0  1 0  0 0  1 0
   182  -.9725306536763690E-03   4   1 1  1 0  0 0  1 0
   183  -.9477367892879496E-03   4   0 2  1 0  0 0  1 0
   184  -.1786848496693321E-01   4   1 0  2 0  0 0  1 0
   185  -.2191924649494431E-01   4   0 1  2 0  0 0  1 0
   186  -.1482274732348318E-03   4   0 0  3 0  0 0  1 0
   187  -.2590871171413356E-03   4   2 0  0 1  0 0  1 0
   188  -.8985808582035108E-03   4   1 1  0 1  0 0  1 0
   189  -.7656792071568407E-03   4   0 2  0 1  0 0  1 0
   190  -.5021181860934744E-01   4   1 0  1 1  0 0  1 0
   191  0.2702553131825612E-01   4   0 1  1 1  0 0  1 0
   192  -.6005076882190750E-03   4   0 0  2 1  0 0  1 0
   193  0.1348745773280317E-01   4   1 0  0 2  0 0  1 0
   194  0.8253989640638235E-01   4   0 1  0 2  0 0  1 0
   195  -.8398749200646601E-03   4   0 0  1 2  0 0  1 0
   196  -.3716747983790960E-03   4   0 0  0 3  0 0  1 0
   197  0.2921792086873171       4   3 0  0 0  0 0  0 1
   198  0.8684559652046281       4   2 1  0 0  0 0  0 1
   199  0.8534288866106873       4   1 2  0 0  0 0  0 1
   200  0.2779096361651490       4   0 3  0 0  0 0  0 1
   201  0.3743607955211333E-03   4   2 0  1 0  0 0  0 1
   202  0.1021701093842899E-02   4   1 1  1 0  0 0  0 1
   203  0.7640278335656421E-03   4   0 2  1 0  0 0  0 1
   204  0.9867547267289475E-01   4   1 0  2 0  0 0  0 1
   205  0.4311120172836873E-01   4   0 1  2 0  0 0  0 1
   206  0.4382516014046911E-03   4   0 0  3 0  0 0  0 1
   207  -.1455031662813573E-04   4   2 0  0 1  0 0  0 1
   208  0.1018862126875347E-03   4   1 1  0 1  0 0  0 1
   209  0.2439218409050159E-03   4   0 2  0 1  0 0  0 1
   210  0.1000958610083914       4   1 0  1 1  0 0  0 1
   211  0.1175561461530094E-01   4   0 1  1 1  0 0  0 1
   212  0.9271579270418559E-03   4   0 0  2 1  0 0  0 1
   213  0.6869418079463491E-02   4   1 0  0 2  0 0  0 1
   214  -.2809354695353106E-01   4   0 1  0 2  0 0  0 1
   215  0.6878663058410543E-03   4   0 0  1 2  0 0  0 1
   216  0.2112481893907539E-03   4   0 0  0 3  0 0  0 1
   217  -.5087464376162563       4   2 0  0 0  0 2  0 0
   218  -1.941942266654455       4   1 1  0 0  0 2  0 0
   219  -2.180559023342934       4   0 2  0 0  0 2  0 0
   220  -.3197263863243096E-04   4   1 0  1 0  0 2  0 0
   221  -.6881706845529428E-04   4   0 1  1 0  0 2  0 0
   222  -.3031587347897657       4   0 0  2 0  0 2  0 0
   223  -.7025641691896264E-04   4   1 0  0 1  0 2  0 0
   224  -.1188163815710849E-03   4   0 1  0 1  0 2  0 0
   225  -.4975018124831020       4   0 0  1 1  0 2  0 0
   226  -.5551976983903022       4   0 0  0 2  0 2  0 0
   227  -.2361709860431141       4   2 0  0 0  0 1  1 0
   228  -1.231655614851043       4   1 1  0 0  0 1  1 0
   229  -1.525386571292541       4   0 2  0 0  0 1  1 0
   230  -.1282164364877120E-04   4   1 0  1 0  0 1  1 0
   231  -.3942519334031652E-04   4   0 1  1 0  0 1  1 0
   232  -.9869539110147693E-01   4   0 0  2 0  0 1  1 0
   233  -.4088066440372217E-04   4   1 0  0 1  0 1  1 0
   234  -.8730640844546443E-04   4   0 1  0 1  0 1  1 0
   235  -.4116604801719091       4   0 0  1 1  0 1  1 0
   236  -.3355008483875832       4   0 0  0 2  0 1  1 0
   237  -.1181889820187980       4   2 0  0 0  0 0  2 0
   238  -.6158896852946152       4   1 1  0 0  0 0  2 0
   239  -.7626190516192144       4   0 2  0 0  0 0  2 0
   240  -.6472732740367043E-05   4   1 0  1 0  0 0  2 0
   241  -.1977375882395315E-04   4   0 1  1 0  0 0  2 0
   242  -.4945177313331930E-01   4   0 0  2 0  0 0  2 0
   243  -.2048636245658239E-04   4   1 0  0 1  0 0  2 0
   244  -.4366873426308895E-04   4   0 1  0 1  0 0  2 0
   245  -.2057490670073050       4   0 0  1 1  0 0  2 0
   246  -.1677849003268144       4   0 0  0 2  0 0  2 0
   247  0.8629390271438853       4   2 0  0 0  0 1  0 1
   248   2.463279798642647       4   1 1  0 0  0 1  0 1
   249   1.633171437711993       4   0 2  0 0  0 1  0 1
   250  0.4246365489770091E-04   4   1 0  1 0  0 1  0 1
   251  0.7130084330273477E-04   4   0 1  1 0  0 1  0 1
   252  0.4511800564672718       4   0 0  2 0  0 1  0 1
   253  0.7371795486518901E-04   4   1 0  0 1  0 1  0 1
   254  0.1037211086820570E-03   4   0 1  0 1  0 1  0 1
   255  0.8233563265376220       4   0 0  1 1  0 1  0 1
   256  0.2835905790632962       4   0 0  0 2  0 1  0 1
   257  0.3290876693820440       4   2 0  0 0  0 0  1 1
   258   1.224773281876155       4   1 1  0 0  0 0  1 1
   259  0.9549891580695420       4   0 2  0 0  0 0  1 1
   260  0.1461979799516298E-04   4   1 0  1 0  0 0  1 1
   261  0.3366956881200031E-04   4   0 1  1 0  0 0  1 1
   262  0.1226805075775643       4   0 0  2 0  0 0  1 1
   263  0.3526245426606564E-04   4   1 0  0 1  0 0  1 1
   264  0.5810569514013943E-04   4   0 1  0 1  0 0  1 1
   265  0.4355450837432831       4   0 0  1 1  0 0  1 1
   266  0.2004259379919641       4   0 0  0 2  0 0  1 1
   267  -.3289377821654307       4   2 0  0 0  0 0  0 2
   268  -.6054927472007015       4   1 1  0 0  0 0  0 2
   269  -.2773687214526534       4   0 2  0 0  0 0  0 2
   270  -.1199350375796724E-04   4   1 0  1 0  0 0  0 2
   271  -.1070280062667833E-04   4   0 1  1 0  0 0  0 2
   272  -.1225456921195305       4   0 0  2 0  0 0  0 2
   273  -.1167828552123424E-04   4   1 0  0 1  0 0  0 2
   274  -.1049794546566769E-04   4   0 1  0 1  0 0  0 2
   275  -.2417041821478900       4   0 0  1 1  0 0  0 2
   276  -.1174958753023141       4   0 0  0 2  0 0  0 2
   277  -.1211938558053562E-03   4   1 0  0 0  0 3  0 0
   278  -.2071549860108407E-03   4   0 1  0 0  0 3  0 0
   279  -.6211217039806372E-04   4   0 0  1 0  0 3  0 0
   280  -.5577394772347094E-04   4   0 0  0 1  0 3  0 0
   281  -.6211338802967974E-04   4   1 0  0 0  0 2  1 0
   282  -.1020382496390697E-03   4   0 1  0 0  0 2  1 0
   283  -.1944340550554131E-04   4   0 0  1 0  0 2  1 0
   284  -.5143300747253955E-04   4   0 0  0 1  0 2  1 0
   285  -.3890798794905955E-04   4   1 0  0 0  0 1  2 0
   286  -.6343923154156667E-04   4   0 1  0 0  0 1  2 0
   287  -.1062377858769542E-04   4   0 0  1 0  0 1  2 0
   288  -.3449013090399065E-04   4   0 0  0 1  0 1  2 0
   289  -.2073167827606000E-04   4   1 0  0 0  0 0  3 0
   290  -.3406325025062727E-04   4   0 1  0 0  0 0  3 0
   291  -.6507188875543846E-05   4   0 0  1 0  0 0  3 0
   292  -.1713600849484847E-04   4   0 0  0 1  0 0  3 0
   293  0.1050490561751720E-03   4   1 0  0 0  0 2  0 1
   294  0.8601270008574055E-04   4   0 1  0 0  0 2  0 1
   295  0.6977643387281194E-04   4   0 0  1 0  0 2  0 1
   296  0.1077193516317198E-03   4   0 0  0 1  0 2  0 1
   297  0.5479354753175178E-04   4   1 0  0 0  0 1  1 1
   298  0.4539567311288883E-04   4   0 1  0 0  0 1  1 1
   299  0.1670386588737508E-04   4   0 0  1 0  0 1  1 1
   300  0.7142859261470553E-04   4   0 0  0 1  0 1  1 1
   301  0.2741193431723306E-04   4   1 0  0 0  0 0  2 1
   302  0.2270965325019929E-04   4   0 1  0 0  0 0  2 1
   303  0.8382128258372744E-05   4   0 0  1 0  0 0  2 1
   304  0.3571502309805880E-04   4   0 0  0 1  0 0  2 1
   305  -.4129802407692402E-06   4   1 0  0 0  0 1  0 2
   306  0.1634302737744414E-05   4   0 1  0 0  0 1  0 2
   307  -.8582871292013334E-05   4   0 0  1 0  0 1  0 2
   308  -.1993688244095159E-04   4   0 0  0 1  0 1  0 2
   309  -.2855493409918221E-05   4   1 0  0 0  0 0  1 2
   310  -.6483677843499555E-06   4   0 1  0 0  0 0  1 2
   311  0.8250748318575781E-06   4   0 0  1 0  0 0  1 2
   312  -.9944398959363462E-05   4   0 0  0 1  0 0  1 2
   313  -.3205497190860862E-07   4   1 0  0 0  0 0  0 3
   314  0.7703252253054022E-08   4   0 1  0 0  0 0  0 3
   315  -.2968257987411365E-05   4   0 0  1 0  0 0  0 3
   316  -.2691623173347193E-05   4   0 0  0 1  0 0  0 3
   317  -.1565302507404163       4   0 0  0 0  0 4  0 0
   318  0.8947684414610001E-01   4   0 0  0 0  0 3  1 0
   319  0.2686485567382744E-01   4   0 0  0 0  0 2  2 0
   320  0.1798162729639660E-01   4   0 0  0 0  0 1  3 0
   321  0.2220686176778446E-01   4   0 0  0 0  0 0  4 0
   322  0.4910317977342154E-08   4   0 0  0 0  0 3  0 1
   323  0.2742424487193518E-08   4   0 0  0 0  0 2  1 1
   324  0.2208703914587620E-08   4   0 0  0 0  0 1  2 1
   325  0.7621425947763877E-09   4   0 0  0 0  0 0  3 1
   326  -.5736737261745617E-09   4   0 0  0 0  0 2  0 2
   327  -.2114046777183249E-10   4   0 0  0 0  0 1  1 2
   328  -.1784011471145008E-10   4   0 0  0 0  0 0  2 2
   329  -.2470638423317309E-09   4   0 0  0 0  0 1  0 3
   330  -.1157717209882024E-09   4   0 0  0 0  0 0  1 3
   331  -.1166250338699038E-10   4   0 0  0 0  0 0  0 4
   ----------------------------------------------------
     I  COEFFICIENT            ORDER EXPONENTS
     1   1.000000000000000       1   0 0  0 0  0 1  0 0
     --------------------------------------------------
     I  COEFFICIENT            ORDER EXPONENTS
     1   1.000000000000000       1   0 0  0 0  0 0  1 0
     --------------------------------------------------
     I  COEFFICIENT            ORDER EXPONENTS
     1   1.000000000000000       1   0 0  0 0  0 0  0 1
     --------------------------------------------------
