 L    0.1145458000000000E+01
 P (  0.0000000000000000E+00,  0.0000000000000000E+00,  0.9555200000000000E-01)
 A (  0.0000000000000000E+00,  0.0000000000000000E+00,  0.0000000000000000E+00)
     I  COEFFICIENT            ORDER EXPONENTS
     1  0.9398869094950574E-04   0   0 0  0 0  0 0  0 0
     2   1.295966476306837       1   1 0  0 0  0 0  0 0
     3   1.408618058545490       1   0 1  0 0  0 0  0 0
     4  0.8793368429247008E-05   1   0 0  1 0  0 0  0 0
     5  0.7710254745264270E-05   1   0 0  0 1  0 0  0 0
     6  -.6527807456859932E-06   1   0 0  0 0  0 1  0 0
     7  -.6519022641230527E-06   1   0 0  0 0  0 0  1 0
     8  0.1304683010826177E-05   1   0 0  0 0  0 0  0 1
     9  -.6892780295386969E-01   2   2 0  0 0  0 0  0 0
    10  -.1234120880315267       2   1 1  0 0  0 0  0 0
    11  -.5555583145210478E-01   2   0 2  0 0  0 0  0 0
    12  0.2595003737910296E-03   2   1 0  1 0  0 0  0 0
    13  0.6784895176623029E-04   2   0 1  1 0  0 0  0 0
    14  0.5844833680550170E-01   2   0 0  2 0  0 0  0 0
    15  0.2333400859143817E-03   2   1 0  0 1  0 0  0 0
    16  0.8493206400113566E-04   2   0 1  0 1  0 0  0 0
    17  0.1045707115765786       2   0 0  1 1  0 0  0 0
    18  0.4711944469489683E-01   2   0 0  0 2  0 0  0 0
    19  -.1541356072395501       2   1 0  0 0  0 1  0 0
    20  -.8415060235251556       2   0 1  0 0  0 1  0 0
    21  -.4651105892037568E-05   2   0 0  1 0  0 1  0 0
    22  -.7955663140631082E-05   2   0 0  0 1  0 1  0 0
    23  -.1539281788034867       2   1 0  0 0  0 0  1 0
    24  -.8403735643775014       2   0 1  0 0  0 0  1 0
    25  -.4644846652927089E-05   2   0 0  1 0  0 0  1 0
    26  -.7944956784113840E-05   2   0 0  0 1  0 0  1 0
    27  0.3080637860583963       2   1 0  0 0  0 0  0 1
    28  0.2732615293730028       2   0 1  0 0  0 0  0 1
    29  0.9295940185558914E-05   2   0 0  1 0  0 0  0 1
    30  0.8190353423303631E-05   2   0 0  0 1  0 0  0 1
    31  0.4427631603569107E-06   2   0 0  0 0  0 2  0 0
    32  0.2333231409340858E-06   2   0 0  0 0  0 1  1 0
    33  0.4420103128156467E-06   2   0 0  0 0  0 0  2 0
    34  -.4661214665548651E-06   2   0 0  0 0  0 1  0 1
    35  -.4654941822527091E-06   2   0 0  0 0  0 0  1 1
    36  -.1865308751962444E-06   2   0 0  0 0  0 0  0 2
    37  0.2052321278126784       3   3 0  0 0  0 0  0 0
    38   1.733942083790565       3   2 1  0 0  0 0  0 0
    39   2.960471368043600       3   1 2  0 0  0 0  0 0
    40   2.115344449725625       3   0 3  0 0  0 0  0 0
    41  -.5889163361056287E-02   3   2 0  1 0  0 0  0 0
    42  -.1049613541303366E-01   3   1 1  1 0  0 0  0 0
    43  -.4690620208781883E-02   3   0 2  1 0  0 0  0 0
    44  -.5864975443987105       3   1 0  2 0  0 0  0 0
    45  0.2392332480856166       3   0 1  2 0  0 0  0 0
    46  0.1639273111439065E-02   3   0 0  3 0  0 0  0 0
    47  -.5311758426495964E-02   3   2 0  0 1  0 0  0 0
    48  -.9535296484464295E-02   3   1 1  0 1  0 0  0 0
    49  -.4288390409184998E-02   3   0 2  0 1  0 0  0 0
    50  -1.455479280663805       3   1 0  1 1  0 0  0 0
    51  -.2034491840950113       3   0 1  1 1  0 0  0 0
    52  0.4408911958730964E-02   3   0 0  2 1  0 0  0 0
    53  -.5234555518479692       3   1 0  0 2  0 0  0 0
    54  0.6116635155475012       3   0 1  0 2  0 0  0 0
    55  0.3988657687450894E-02   3   0 0  1 2  0 0  0 0
    56  0.1217737062688716E-02   3   0 0  0 3  0 0  0 0
    57  0.3867429378330484E-01   3   2 0  0 0  0 1  0 0
    58  0.1308762958081054       3   1 1  0 0  0 1  0 0
    59  0.8664173920249262E-01   3   0 2  0 0  0 1  0 0
    60  -.1723752352590444E-03   3   1 0  1 0  0 1  0 0
    61  -.9569638171013126E-04   3   0 1  1 0  0 1  0 0
    62  -.2808979903041430E-01   3   0 0  2 0  0 1  0 0
    63  -.2879703650176708E-03   3   1 0  0 1  0 1  0 0
    64  -.1680381618485696E-03   3   0 1  0 1  0 1  0 0
    65  -.1024171143384345       3   0 0  1 1  0 1  0 0
    66  -.6967277725962194E-01   3   0 0  0 2  0 1  0 0
    67  0.3862224774138773E-01   3   2 0  0 0  0 0  1 0
    68  0.1307001686571933       3   1 1  0 0  0 0  1 0
    69  0.8652514083315775E-01   3   0 2  0 0  0 0  1 0
    70  -.1721432607911960E-03   3   1 0  1 0  0 0  1 0
    71  -.9556759802963963E-04   3   0 1  1 0  0 0  1 0
    72  -.2805199710270557E-01   3   0 0  2 0  0 0  1 0
    73  -.2875828280720032E-03   3   1 0  0 1  0 0  1 0
    74  -.1678120240097179E-03   3   0 1  0 1  0 0  1 0
    75  -.1022792862127093       3   0 0  1 1  0 0  1 0
    76  -.6957901491955018E-01   3   0 0  0 2  0 0  1 0
    77  -.7729666890435088E-01   3   2 0  0 0  0 0  0 1
    78  -.1381645811331705       3   1 1  0 0  0 0  0 1
    79  -.6205529812684916E-01   3   0 2  0 0  0 0  0 1
    80  0.3441369778197213E-03   3   1 0  1 0  0 0  0 1
    81  0.1230175006670663E-03   3   0 1  1 0  0 0  0 1
    82  0.5614189076777566E-01   3   0 0  2 0  0 0  0 1
    83  0.3418174778657052E-03   3   1 0  0 1  0 0  0 1
    84  0.1655722440978491E-03   3   0 1  0 1  0 0  0 1
    85  0.1001258369623525       3   0 0  1 1  0 0  0 1
    86  0.4501295941752931E-01   3   0 0  0 2  0 0  0 1
    87  0.1186527251767936       3   1 0  0 0  0 2  0 0
    88  0.7019633919667221       3   0 1  0 0  0 2  0 0
    89  0.3627695128608526E-05   3   0 0  1 0  0 2  0 0
    90  0.8166097288956499E-05   3   0 0  0 1  0 2  0 0
    91  0.8326511499509003E-01   3   1 0  0 0  0 1  1 0
    92  0.5627949554182553       3   0 1  0 0  0 1  1 0
    93  0.2573573863217377E-05   3   0 0  1 0  0 1  1 0
    94  0.8330985026874661E-05   3   0 0  0 1  0 1  1 0
    95  0.1184370207973545       3   1 0  0 0  0 0  2 0
    96  0.7006400312525051       3   0 1  0 0  0 0  2 0
    97  0.3621081450317557E-05   3   0 0  1 0  0 0  2 0
    98  0.8149502016668859E-05   3   0 0  0 1  0 0  2 0
    99  -.1664351490493416       3   1 0  0 0  0 1  0 1
   100  -.2837102499689128       3   0 1  0 0  0 1  0 1
   101  -.5116206413150803E-05   3   0 0  1 0  0 1  0 1
   102  -.8627146875392820E-05   3   0 0  0 1  0 1  0 1
   103  -.1662111684695679       3   1 0  0 0  0 0  1 1
   104  -.2833284460853056       3   0 1  0 0  0 0  1 1
   105  -.5109321263678441E-05   3   0 0  1 0  0 0  1 1
   106  -.8615536867711255E-05   3   0 0  0 1  0 0  1 1
   107  0.1229131974516690E-01   3   1 0  0 0  0 0  0 2
   108  0.1025788244942464E-01   3   0 1  0 0  0 0  0 2
   109  0.4336101570413533E-06   3   0 0  1 0  0 0  0 2
   110  0.4060103408164537E-06   3   0 0  0 1  0 0  0 2
   111  -.3372124110405405E-06   3   0 0  0 0  0 3  0 0
   112  -.1263279535373979E-06   3   0 0  0 0  0 2  1 0
   113  -.1267527349517292E-06   3   0 0  0 0  0 1  2 0
   114  -.3364468158170286E-06   3   0 0  0 0  0 0  3 0
   115  0.2523199635676822E-06   3   0 0  0 0  0 2  0 1
   116  0.3917523811774456E-07   3   0 0  0 0  0 1  1 1
   117  0.2519540431113942E-06   3   0 0  0 0  0 0  2 1
   118  0.1941870377058317E-06   3   0 0  0 0  0 1  0 2
   119  0.1939257099422144E-06   3   0 0  0 0  0 0  1 2
   120  -.5028289819002808E-08   3   0 0  0 0  0 0  0 3
   121  -6.842812358630307       4   4 0  0 0  0 0  0 0
   122  -25.09041694821594       4   3 1  0 0  0 0  0 0
   123  -34.75361087657479       4   2 2  0 0  0 0  0 0
   124  -21.60649173694832       4   1 3  0 0  0 0  0 0
   125  -5.097618560302751       4   0 4  0 0  0 0  0 0
   126  -.4005019176625094E-02   4   3 0  1 0  0 0  0 0
   127  -.1056105868579385E-01   4   2 1  1 0  0 0  0 0
   128  -.9505950539726219E-02   4   1 2  1 0  0 0  0 0
   129  -.2932940297159519E-02   4   0 3  1 0  0 0  0 0
   130   34.26896928567037       4   2 0  2 0  0 0  0 0
   131   60.99416235051854       4   1 1  2 0  0 0  0 0
   132   27.38729079261809       4   0 2  2 0  0 0  0 0
   133  0.3198721519807420E-02   4   1 0  3 0  0 0  0 0
   134  0.2948323385785961E-02   4   0 1  3 0  0 0  0 0
   135  -4.821396349499961       4   0 0  4 0  0 0  0 0
   136  -.3735269236030851E-02   4   3 0  0 1  0 0  0 0
   137  -.9856894306711998E-02   4   2 1  0 1  0 0  0 0
   138  -.8609710211778268E-02   4   1 2  0 1  0 0  0 0
   139  -.2491661987761289E-02   4   0 3  0 1  0 0  0 0
   140   62.17702842154367       4   2 0  1 1  0 0  0 0
   141   111.4728660063791       4   1 1  1 1  0 0  0 0
   142   50.46183137724167       4   0 2  1 1  0 0  0 0
   143  0.8304302491750484E-02   4   1 0  2 1  0 0  0 0
   144  0.7500246192367391E-02   4   0 1  2 1  0 0  0 0
   145  -17.10110901817708       4   0 0  3 1  0 0  0 0
   146   28.32132277774527       4   2 0  0 2  0 0  0 0
   147   51.08452019373401       4   1 1  0 2  0 0  0 0
   148   23.28512847424465       4   0 2  0 2  0 0  0 0
   149  0.7277706294953970E-02   4   1 0  1 2  0 0  0 0
   150  0.6429557305053162E-02   4   0 1  1 2  0 0  0 0
   151  -22.88533554408549       4   0 0  2 2  0 0  0 0
   152  0.2347614739893546E-02   4   1 0  0 3  0 0  0 0
   153  0.2029679228609623E-02   4   0 1  0 3  0 0  0 0
   154  -13.64386542188419       4   0 0  1 3  0 0  0 0
   155  -3.045942449019212       4   0 0  0 4  0 0  0 0
   156  -.3130899370319228       4   3 0  0 0  0 1  0 0
   157  -2.599282377637710       4   2 1  0 0  0 1  0 0
   158  -5.497710747260415       4   1 2  0 0  0 1  0 0
   159  -4.350894074874966       4   0 3  0 0  0 1  0 0
   160  0.8208857507538851E-03   4   2 0  1 0  0 1  0 0
   161  0.6109029036603491E-02   4   1 1  1 0  0 1  0 0
   162  0.4759310064559391E-02   4   0 2  1 0  0 1  0 0
   163  0.4967693138476578       4   1 0  2 0  0 1  0 0
   164  -.1204141312483602       4   0 1  2 0  0 1  0 0
   165  -.2449705762464845E-03   4   0 0  3 0  0 1  0 0
   166  0.3061675995880967E-02   4   2 0  0 1  0 1  0 0
   167  0.9656080651590244E-02   4   1 1  0 1  0 1  0 0
   168  0.6167850945630311E-02   4   0 2  0 1  0 1  0 0
   169   2.032955269780630       4   1 0  1 1  0 1  0 0
   170  0.7190494866563407       4   0 1  1 1  0 1  0 0
   171  -.2652465347495337E-02   4   0 0  2 1  0 1  0 0
   172   1.126297538216698       4   1 0  0 2  0 1  0 0
   173  -.6757595839927100       4   0 1  0 2  0 1  0 0
   174  -.4191956893469167E-02   4   0 0  1 2  0 1  0 0
   175  -.1827442078083716E-02   4   0 0  0 3  0 1  0 0
   176  -.3126685953500701       4   3 0  0 0  0 0  1 0
   177  -2.595784385913778       4   2 1  0 0  0 0  1 0
   178  -5.490312187234838       4   1 2  0 0  0 0  1 0
   179  -4.345038846679518       4   0 3  0 0  0 0  1 0
   180  0.8197810413975273E-03   4   2 0  1 0  0 0  1 0
   181  0.6100807793234599E-02   4   1 1  1 0  0 0  1 0
   182  0.4752905209373022E-02   4   0 2  1 0  0 0  1 0
   183  0.4961007851170084       4   1 0  2 0  0 0  1 0
   184  -.1202520835854477       4   0 1  2 0  0 0  1 0
   185  -.2446409063900354E-03   4   0 0  3 0  0 0  1 0
   186  0.3057555736617502E-02   4   2 0  0 1  0 0  1 0
   187  0.9643085953324651E-02   4   1 1  0 1  0 0  1 0
   188  0.6159550542508427E-02   4   0 2  0 1  0 0  1 0
   189   2.030219414388421       4   1 0  1 1  0 0  1 0
   190  0.7180818237448247       4   0 1  1 1  0 0  1 0
   191  -.2648895784637039E-02   4   0 0  2 1  0 0  1 0
   192   1.124781820070330       4   1 0  0 2  0 0  1 0
   193  -.6748501785920191       4   0 1  0 2  0 0  1 0
   194  -.4186315555442022E-02   4   0 0  1 2  0 0  1 0
   195  -.1824982792659392E-02   4   0 0  0 3  0 0  1 0
   196  0.6248674857100839       4   3 0  0 0  0 0  0 1
   197   3.458328834770879       4   2 1  0 0  0 0  0 1
   198   5.064139718258383       4   1 2  0 0  0 0  0 1
   199   2.348863088279018       4   0 3  0 0  0 0  0 1
   200  0.2031047463034482E-03   4   2 0  1 0  0 0  0 1
   201  0.4838899377490736E-03   4   1 1  1 0  0 0  0 1
   202  0.2938916295436190E-03   4   0 2  1 0  0 0  0 1
   203  -.9910097063728827       4   1 0  2 0  0 0  0 1
   204  0.3360240436608819E-02   4   0 1  2 0  0 0  0 1
   205  -.1931871829046640E-04   4   0 0  3 0  0 0  0 1
   206  0.2568649723586957E-03   4   2 0  0 1  0 0  0 1
   207  0.5659484147463380E-03   4   1 1  0 1  0 0  0 1
   208  0.3263690005527478E-03   4   0 2  0 1  0 0  0 1
   209  -2.603850115104891       4   1 0  1 1  0 0  0 1
   210  -1.026230732653749       4   0 1  1 1  0 0  0 1
   211  -.4962726277606645E-04   4   0 0  2 1  0 0  0 1
   212  -1.202175817291756       4   1 0  0 2  0 0  0 1
   213  -.4822987312111559       4   0 1  0 2  0 0  0 1
   214  -.3114594882282483E-04   4   0 0  1 2  0 0  0 1
   215  0.2980063782080300E-05   4   0 0  0 3  0 0  0 1
   216  -.3167649988098879E-01   4   2 0  0 0  0 2  0 0
   217  -.1378292752725311       4   1 1  0 0  0 2  0 0
   218  -.1126833255514876       4   0 2  0 0  0 2  0 0
   219  0.2776706871816916E-04   4   1 0  1 0  0 2  0 0
   220  0.9569612721452743E-04   4   0 1  1 0  0 2  0 0
   221  0.2029765339335921E-01   4   0 0  2 0  0 2  0 0
   222  0.2772730669593393E-03   4   1 0  0 1  0 2  0 0
   223  0.3374157351192423E-03   4   0 1  0 1  0 2  0 0
   224  0.1004909499276947       4   0 0  1 1  0 2  0 0
   225  0.8585701234471892E-01   4   0 0  0 2  0 2  0 0
   226  -.2429172211849018E-01   4   2 0  0 0  0 1  1 0
   227  -.1437786262727584       4   1 1  0 0  0 1  1 0
   228  -.1378595695448558       4   0 2  0 0  0 1  1 0
   229  0.1573819228509806E-05   4   1 0  1 0  0 1  1 0
   230  0.1086243561813207E-03   4   0 1  1 0  0 1  1 0
   231  0.1277200999971597E-01   4   0 0  2 0  0 1  1 0
   232  0.3234436601849241E-03   4   1 0  0 1  0 1  1 0
   233  0.4345861494706052E-03   4   0 1  0 1  0 1  1 0
   234  0.9893904135247869E-01   4   0 0  1 1  0 1  1 0
   235  0.1022174514215215       4   0 0  0 2  0 1  1 0
   236  -.3161752581291179E-01   4   2 0  0 0  0 0  2 0
   237  -.1375470458799454       4   1 1  0 0  0 0  2 0
   238  -.1124389191867433       4   0 2  0 0  0 0  2 0
   239  0.2772864211990771E-04   4   1 0  1 0  0 0  2 0
   240  0.9549425310691500E-04   4   0 1  1 0  0 0  2 0
   241  0.2026174378345087E-01   4   0 0  2 0  0 0  2 0
   242  0.2766822883160043E-03   4   1 0  0 1  0 0  2 0
   243  0.3366692341453895E-03   4   0 1  0 1  0 0  2 0
   244  0.1002891401937481       4   0 0  1 1  0 0  2 0
   245  0.8567269030941550E-01   4   0 0  0 2  0 0  2 0
   246  0.4809750042967977E-01   4   2 0  0 0  0 1  0 1
   247  0.1551495390098204       4   1 1  0 0  0 1  0 1
   248  0.1007455612299279       4   0 2  0 0  0 1  0 1
   249  -.5882896583983930E-05   4   1 0  1 0  0 1  0 1
   250  -.4795836033543160E-04   4   0 1  1 0  0 1  0 1
   251  -.2575382691603755E-01   4   0 0  2 0  0 1  0 1
   252  -.2479891268862582E-03   4   1 0  0 1  0 1  0 1
   253  -.2207915379316717E-03   4   0 1  0 1  0 1  0 1
   254  -.9577655033983809E-01   4   0 0  1 1  0 1  0 1
   255  -.6549058608908589E-01   4   0 0  0 2  0 1  0 1
   256  0.4803277308035844E-01   4   2 0  0 0  0 0  1 1
   257  0.1549407460721659       4   1 1  0 0  0 0  1 1
   258  0.1006099826015988       4   0 2  0 0  0 0  1 1
   259  -.5874979659012458E-05   4   1 0  1 0  0 0  1 1
   260  -.4789382023429135E-04   4   0 1  1 0  0 0  1 1
   261  -.2571916862950979E-01   4   0 0  2 0  0 0  1 1
   262  -.2476553948066174E-03   4   1 0  0 1  0 0  1 1
   263  -.2204944070854679E-03   4   0 1  0 1  0 0  1 1
   264  -.9564765877218323E-01   4   0 0  1 1  0 0  1 1
   265  -.6540245194479162E-01   4   0 0  0 2  0 0  1 1
   266  -.8935235607170359E-02   4   2 0  0 0  0 0  0 2
   267  -.1573544632342212E-01   4   1 1  0 0  0 0  0 2
   268  -.6925220282584954E-02   4   0 2  0 0  0 0  0 2
   269  -.6646924232833454E-04   4   1 0  1 0  0 0  0 2
   270  -.7204666730989455E-04   4   0 1  1 0  0 0  0 2
   271  -.2093921569084761E-02   4   0 0  2 0  0 0  0 2
   272  -.4477776405688488E-04   4   1 0  0 1  0 0  0 2
   273  -.5212012812550114E-04   4   0 1  0 1  0 0  0 2
   274  -.4065040380230932E-02   4   0 0  1 1  0 0  0 2
   275  -.1936825072185208E-02   4   0 0  0 2  0 0  0 2
   276  -.1009503138608209       4   1 0  0 0  0 3  0 0
   277  -.6335463821242059       4   0 1  0 0  0 3  0 0
   278  -.5237265761099668E-05   4   0 0  1 0  0 3  0 0
   279  -.1076709609034463E-04   4   0 0  0 1  0 3  0 0
   280  -.6556427547738000E-01   4   1 0  0 0  0 2  1 0
   281  -.4967957644904913       4   0 1  0 0  0 2  1 0
   282  -.3442954518553169E-05   4   0 0  1 0  0 2  1 0
   283  -.1040112448123597E-04   4   0 0  0 1  0 2  1 0
   284  -.6563543253231643E-01   4   1 0  0 0  0 1  2 0
   285  -.4970700922180432       4   0 1  0 0  0 1  2 0
   286  -.3446562340464113E-05   4   0 0  1 0  0 1  2 0
   287  -.1040183399261494E-04   4   0 0  0 1  0 1  2 0
   288  -.1007024754358013       4   1 0  0 0  0 0  3 0
   289  -.6319336552995128       4   0 1  0 0  0 0  3 0
   290  -.5224380104124694E-05   4   0 0  1 0  0 0  3 0
   291  -.1073837207465443E-04   4   0 0  0 1  0 0  3 0
   292  0.1311021974907247       4   1 0  0 0  0 2  0 1
   293  0.2915356619187613       4   0 1  0 0  0 2  0 1
   294  0.6243543583082990E-05   4   0 0  1 0  0 2  0 1
   295  0.1138789052449706E-04   4   0 0  0 1  0 2  0 1
   296  0.9586131831282182E-01   4   1 0  0 0  0 1  1 1
   297  0.2993367303672893       4   0 1  0 0  0 1  1 1
   298  0.4471472886605823E-05   4   0 0  1 0  0 1  1 1
   299  0.1107787996053845E-04   4   0 0  0 1  0 1  1 1
   300  0.1308612635097751       4   1 0  0 0  0 0  2 1
   301  0.2909419103323122       4   0 1  0 0  0 0  2 1
   302  0.6232132567692664E-05   4   0 0  1 0  0 0  2 1
   303  0.1136511119373763E-04   4   0 0  0 1  0 0  2 1
   304  -.1259355060904345E-01   4   1 0  0 0  0 1  0 2
   305  -.1563416854295144E-01   4   0 1  0 0  0 1  0 2
   306  -.1147693755892008E-06   4   0 0  1 0  0 1  0 2
   307  -.2817351792902435E-06   4   0 0  0 1  0 1  0 2
   308  -.1257660280214733E-01   4   1 0  0 0  0 0  1 2
   309  -.1561312881573919E-01   4   0 1  0 0  0 0  1 2
   310  -.1146149243724281E-06   4   0 0  1 0  0 0  1 2
   311  -.2813560333636751E-06   4   0 0  0 1  0 0  1 2
   312  0.1956594429410867E-03   4   1 0  0 0  0 0  0 3
   313  0.1577270558185401E-03   4   0 1  0 0  0 0  0 3
   314  0.1291777588598992E-07   4   0 0  1 0  0 0  0 3
   315  0.1042445503336670E-07   4   0 0  0 1  0 0  0 3
   316  -.2928544960858743E-04   4   0 0  0 0  0 4  0 0
   317  -.1854037126376535E-04   4   0 0  0 0  0 3  1 0
   318  -.1711413027608427E-04   4   0 0  0 0  0 2  2 0
   319  -.1857108820809669E-04   4   0 0  0 0  0 1  3 0
   320  -.2919420337130841E-04   4   0 0  0 0  0 0  4 0
   321  0.4126284352127315E-05   4   0 0  0 0  0 3  0 1
   322  0.4266358961602465E-05   4   0 0  0 0  0 2  1 1
   323  0.4266064993524727E-05   4   0 0  0 0  0 1  2 1
   324  0.4115088049515955E-05   4   0 0  0 0  0 0  3 1
   325  -.1595027602560639E-06   4   0 0  0 0  0 2  0 2
   326  -.1966736195274000E-06   4   0 0  0 0  0 1  1 2
   327  -.1591557719772895E-06   4   0 0  0 0  0 0  2 2
   328  0.2132585635500763E-08   4   0 0  0 0  0 1  0 3
   329  0.2129715702257786E-08   4   0 0  0 0  0 0  1 3
   330  -.6208299222577006E-15   4   0 0  0 0  0 0  0 4
   ----------------------------------------------------
     I  COEFFICIENT            ORDER EXPONENTS
     1  0.2267515645241097E-04   0   0 0  0 0  0 0  0 0
     2   1.370567599085985       1   1 0  0 0  0 0  0 0
     3   2.261328764380500       1   0 1  0 0  0 0  0 0
     4  0.3912336989991948E-04   1   0 0  1 0  0 0  0 0
     5  0.3587395806087859E-04   1   0 0  0 1  0 0  0 0
     6  0.4342552670163832E-06   1   0 0  0 0  0 1  0 0
     7  0.4336708667435549E-06   1   0 0  0 0  0 0  1 0
     8  0.2180723032357289E-04   1   0 0  0 0  0 0  0 1
     9  -.3286519861394808       2   2 0  0 0  0 0  0 0
    10  -.6044122446836097       2   1 1  0 0  0 0  0 0
    11  -.2795584433922614       2   0 2  0 0  0 0  0 0
    12  0.9208158372381612E-03   2   1 0  1 0  0 0  0 0
    13  0.6195771563866250E-03   2   0 1  1 0  0 0  0 0
    14  0.2612035662980758       2   0 0  2 0  0 0  0 0
    15  0.7486593728393924E-03   2   1 0  0 1  0 0  0 0
    16  0.4961853435429071E-03   2   0 1  0 1  0 0  0 0
    17  0.4808082081126442       2   0 0  1 1  0 0  0 0
    18  0.2231611541338256       2   0 0  0 2  0 0  0 0
    19  -.4220398110522031E-01   2   1 0  0 0  0 1  0 0
    20  -.6668682514182716       2   0 1  0 0  0 1  0 0
    21  -.1352221479274648E-05   2   0 0  1 0  0 1  0 0
    22  -.1927303882328647E-04   2   0 0  0 1  0 1  0 0
    23  -.4214718497645385E-01   2   1 0  0 0  0 0  1 0
    24  -.6659708115539258       2   0 1  0 0  0 0  1 0
    25  -.1350401723335823E-05   2   0 0  1 0  0 0  1 0
    26  -.1924710207594495E-04   2   0 0  0 1  0 0  1 0
    27   1.454918765249053       2   1 0  0 0  0 0  0 1
    28   1.332839063057423       2   0 1  0 0  0 0  0 1
    29  0.4182590376434005E-04   2   0 0  1 0  0 0  0 1
    30  0.3852005448415827E-04   2   0 0  0 1  0 0  0 1
    31  -.3354624614831164E-06   2   0 0  0 0  0 2  0 0
    32  -.2369325163424131E-06   2   0 0  0 0  0 1  1 0
    33  -.3348515856041903E-06   2   0 0  0 0  0 0  2 0
    34  0.9078538865020438E-06   2   0 0  0 0  0 1  0 1
    35  0.9066321395271508E-06   2   0 0  0 0  0 0  1 1
    36  -.9072418991919849E-06   2   0 0  0 0  0 0  0 2
    37  -2.437803499634866       3   3 0  0 0  0 0  0 0
    38  -7.191398251743839       3   2 1  0 0  0 0  0 0
    39  -7.712731427295077       3   1 2  0 0  0 0  0 0
    40  -2.279654540573219       3   0 3  0 0  0 0  0 0
    41  -.2831022133036485E-01   3   2 0  1 0  0 0  0 0
    42  -.5202290856874756E-01   3   1 1  1 0  0 0  0 0
    43  -.2404326958279492E-01   3   0 2  1 0  0 0  0 0
    44  -4.786285914750701       3   1 0  2 0  0 0  0 0
    45  -3.927166116851529       3   0 1  2 0  0 0  0 0
    46  0.7324725040887674E-02   3   0 0  3 0  0 0  0 0
    47  -.2656270899887253E-01   3   2 0  0 1  0 0  0 0
    48  -.4923239537288853E-01   3   1 1  0 1  0 0  0 0
    49  -.2292679088558430E-01   3   0 2  0 1  0 0  0 0
    50  -9.855633457963879       3   1 0  1 1  0 0  0 0
    51  -8.390100209319462       3   0 1  1 1  0 0  0 0
    52  0.2022927132073303E-01   3   0 0  2 1  0 0  0 0
    53  -4.233631785684735       3   1 0  0 2  0 0  0 0
    54  -3.042439710041789       3   0 1  0 2  0 0  0 0
    55  0.1879129171757095E-01   3   0 0  1 2  0 0  0 0
    56  0.5889095003335158E-02   3   0 0  0 3  0 0  0 0
    57  0.2845375435817911E-01   3   2 0  0 0  0 1  0 0
    58  0.3533009057206308       3   1 1  0 0  0 1  0 0
    59  0.3024904917822575       3   0 2  0 0  0 1  0 0
    60  -.4456572104679002E-03   3   1 0  1 0  0 1  0 0
    61  -.6775739703708603E-03   3   0 1  1 0  0 1  0 0
    62  0.6235565160800750E-02   3   0 0  2 0  0 1  0 0
    63  -.8214368618231639E-03   3   1 0  0 1  0 1  0 0
    64  -.8776472162925615E-03   3   0 1  0 1  0 1  0 0
    65  -.2279838739817464       3   0 0  1 1  0 1  0 0
    66  -.2171338503531918       3   0 0  0 2  0 1  0 0
    67  0.2841546263654319E-01   3   2 0  0 0  0 0  1 0
    68  0.3528254500122076       3   1 1  0 0  0 0  1 0
    69  0.3020834143343000       3   0 2  0 0  0 0  1 0
    70  -.4450574659971488E-03   3   1 0  1 0  0 0  1 0
    71  -.6766621232544894E-03   3   0 1  1 0  0 0  1 0
    72  0.6227173631079271E-02   3   0 0  2 0  0 0  1 0
    73  -.8203314108075001E-03   3   1 0  0 1  0 0  1 0
    74  -.8764661200309559E-03   3   0 1  0 1  0 0  1 0
    75  -.2276770640286497       3   0 0  1 1  0 0  1 0
    76  -.2168416418505504       3   0 0  0 2  0 0  1 0
    77  -.3855223914238987       3   2 0  0 0  0 0  0 1
    78  -.7061283361711826       3   1 1  0 0  0 0  0 1
    79  -.3250162812601051       3   0 2  0 0  0 0  0 1
    80  0.1809622385204889E-02   3   1 0  1 0  0 0  0 1
    81  0.1352230818839144E-02   3   0 1  1 0  0 0  0 1
    82  0.2487417458856563       3   0 0  2 0  0 0  0 1
    83  0.1639703203059832E-02   3   1 0  0 1  0 0  0 1
    84  0.1255739415571107E-02   3   0 1  0 1  0 0  0 1
    85  0.4556624751773437       3   0 0  1 1  0 0  0 1
    86  0.2108149721747024       3   0 0  0 2  0 0  0 1
    87  0.3208507582915817E-01   3   1 0  0 0  0 2  0 0
    88  0.5182988037770195       3   0 1  0 0  0 2  0 0
    89  0.9558424527132878E-06   3   0 0  1 0  0 2  0 0
    90  0.1505652199646030E-04   3   0 0  0 1  0 2  0 0
    91  0.2199319283163448E-01   3   1 0  0 0  0 1  1 0
    92  0.3701279229498759       3   0 1  0 0  0 1  1 0
    93  0.5686867400507788E-06   3   0 0  1 0  0 1  1 0
    94  0.1085337055141616E-04   3   0 0  0 1  0 1  1 0
    95  0.3202709854501984E-01   3   1 0  0 0  0 0  2 0
    96  0.5173522513158834       3   0 1  0 0  0 0  2 0
    97  0.9541734690819988E-06   3   0 0  1 0  0 0  2 0
    98  0.1502895666145298E-04   3   0 0  0 1  0 0  2 0
    99  -.8616309064917148E-01   3   1 0  0 0  0 1  0 1
   100  -.7398570864061029       3   0 1  0 0  0 1  0 1
   101  -.2520419283729396E-05   3   0 0  1 0  0 1  0 1
   102  -.2170331147034418E-04   3   0 0  0 1  0 1  0 1
   103  -.8604713642250185E-01   3   1 0  0 0  0 0  1 1
   104  -.7388614216074746       3   0 1  0 0  0 0  1 1
   105  -.2517027422240584E-05   3   0 0  1 0  0 0  1 1
   106  -.2167410417660902E-04   3   0 0  0 1  0 0  1 1
   107  0.8610497254847996E-01   3   1 0  0 0  0 0  0 2
   108  0.7293961346979327E-01   3   0 1  0 0  0 0  0 2
   109  0.2542858129409143E-05   3   0 0  1 0  0 0  0 2
   110  0.2449739079149288E-05   3   0 0  0 1  0 0  0 2
   111  0.2857401512142249E-06   3   0 0  0 0  0 3  0 0
   112  0.1870268459905577E-06   3   0 0  0 0  0 2  1 0
   113  0.1872253353263747E-06   3   0 0  0 0  0 1  2 0
   114  0.2850376715193934E-06   3   0 0  0 0  0 0  3 0
   115  -.7102643163681226E-06   3   0 0  0 0  0 2  0 1
   116  -.5134454274505873E-06   3   0 0  0 0  0 1  1 1
   117  -.7089629907955403E-06   3   0 0  0 0  0 0  2 1
   118  0.5137145034471932E-06   3   0 0  0 0  0 1  0 2
   119  0.5130231706789874E-06   3   0 0  0 0  0 0  1 2
   120  -.3989095034348232E-07   3   0 0  0 0  0 0  0 3
   121  -31.94447007573160       4   4 0  0 0  0 0  0 0
   122  -118.3198124792844       4   3 1  0 0  0 0  0 0
   123  -165.1185458396225       4   2 2  0 0  0 0  0 0
   124  -103.1796175463396       4   1 3  0 0  0 0  0 0
   125  -24.42046233990666       4   0 4  0 0  0 0  0 0
   126  -.1833386186579103E-01   4   3 0  1 0  0 0  0 0
   127  -.4985331683956330E-01   4   2 1  1 0  0 0  0 0
   128  -.4547723143551290E-01   4   1 2  1 0  0 0  0 0
   129  -.1356111146389325E-01   4   0 3  1 0  0 0  0 0
   130   158.6888219252661       4   2 0  2 0  0 0  0 0
   131   289.4878104902581       4   1 1  2 0  0 0  0 0
   132   132.8437266862476       4   0 2  2 0  0 0  0 0
   133  0.1604808888447666E-01   4   1 0  3 0  0 0  0 0
   134  0.1522712866159073E-01   4   0 1  3 0  0 0  0 0
   135  -21.17010441044313       4   0 0  4 0  0 0  0 0
   136  -.1710999081107271E-01   4   3 0  0 1  0 0  0 0
   137  -.4693858643685834E-01   4   2 1  0 1  0 0  0 0
   138  -.4276222231676354E-01   4   1 2  0 1  0 0  0 0
   139  -.1272862083401369E-01   4   0 3  0 1  0 0  0 0
   140   295.5536242356206       4   2 0  1 1  0 0  0 0
   141   542.9157695989156       4   1 1  1 1  0 0  0 0
   142   251.0782272913296       4   0 2  1 1  0 0  0 0
   143  0.4565404285421741E-01   4   1 0  2 1  0 0  0 0
   144  0.4351758039914570E-01   4   0 1  2 1  0 0  0 0
   145  -77.35082090825671       4   0 0  3 1  0 0  0 0
   146   138.4595968286558       4   2 0  0 2  0 0  0 0
   147   255.7859012211234       4   1 1  0 2  0 0  0 0
   148   119.0516322684555       4   0 2  0 2  0 0  0 0
   149  0.4341545993643309E-01   4   1 0  1 2  0 0  0 0
   150  0.4176176510294412E-01   4   0 1  1 2  0 0  0 0
   151  -106.9180515274693       4   0 0  2 2  0 0  0 0
   152  0.1423695323013867E-01   4   1 0  0 3  0 0  0 0
   153  0.1374750094185720E-01   4   0 1  0 3  0 0  0 0
   154  -66.02697302876325       4   0 0  1 3  0 0  0 0
   155  -15.31615803828300       4   0 0  0 4  0 0  0 0
   156   1.581007354445586       4   3 0  0 0  0 1  0 0
   157   8.200194254012754       4   2 1  0 0  0 1  0 0
   158   12.18392629670799       4   1 2  0 0  0 1  0 0
   159   4.848416494412780       4   0 3  0 0  0 1  0 0
   160  -.2635147191140166E-02   4   2 0  1 0  0 1  0 0
   161  0.1754976943890520E-01   4   1 1  1 0  0 1  0 0
   162  0.1832568475029070E-01   4   0 2  1 0  0 1  0 0
   163   2.096708749136162       4   1 0  2 0  0 1  0 0
   164   3.617479820770441       4   0 1  2 0  0 1  0 0
   165  0.6439075882668593E-03   4   0 0  3 0  0 1  0 0
   166  0.8742607077002902E-02   4   2 0  0 1  0 1  0 0
   167  0.3713918375397169E-01   4   1 1  0 1  0 1  0 0
   168  0.2691914526250642E-01   4   0 2  0 1  0 1  0 0
   169   9.400249574041387       4   1 0  1 1  0 1  0 0
   170   12.09390621467446       4   0 1  1 1  0 1  0 0
   171  -.6856133733005460E-02   4   0 0  2 1  0 1  0 0
   172   6.502550268853458       4   1 0  0 2  0 1  0 0
   173   6.488233944663064       4   0 1  0 2  0 1  0 0
   174  -.1425273075420027E-01   4   0 0  1 2  0 1  0 0
   175  -.6908423134375256E-02   4   0 0  0 3  0 1  0 0
   176   1.578879709258287       4   3 0  0 0  0 0  1 0
   177   8.189158819047536       4   2 1  0 0  0 0  1 0
   178   12.16752974290652       4   1 2  0 0  0 0  1 0
   179   4.841891723992584       4   0 3  0 0  0 0  1 0
   180  -.2631600934240512E-02   4   2 0  1 0  0 0  1 0
   181  0.1752615178628633E-01   4   1 1  1 0  0 0  1 0
   182  0.1830102290741336E-01   4   0 2  1 0  0 0  1 0
   183   2.093887097316035       4   1 0  2 0  0 0  1 0
   184   3.612611586913565       4   0 1  2 0  0 0  1 0
   185  0.6430410477808826E-03   4   0 0  3 0  0 0  1 0
   186  0.8730841688423469E-02   4   2 0  0 1  0 0  1 0
   187  0.3708920359078466E-01   4   1 1  0 1  0 0  1 0
   188  0.2688291874546749E-01   4   0 2  0 1  0 0  1 0
   189   9.387599161183061       4   1 0  1 1  0 0  1 0
   190   12.07763080565681       4   0 1  1 1  0 0  1 0
   191  -.6846907071345972E-02   4   0 0  2 1  0 0  1 0
   192   6.493799443156216       4   1 0  0 2  0 0  1 0
   193   6.479502385200215       4   0 1  0 2  0 0  1 0
   194  -.1423355010085920E-01   4   0 0  1 2  0 0  1 0
   195  -.6899126104103716E-02   4   0 0  0 3  0 0  1 0
   196  -5.601269269248039       4   3 0  0 0  0 0  0 1
   197  -16.40076860640996       4   2 1  0 0  0 0  0 1
   198  -16.65096890347633       4   1 2  0 0  0 0  0 1
   199  -5.135409417886470       4   0 3  0 0  0 0  0 1
   200  0.4411596926360056E-03   4   2 0  1 0  0 0  0 1
   201  0.8925121627542537E-03   4   1 1  1 0  0 0  0 1
   202  0.4533710078928005E-03   4   0 2  1 0  0 0  0 1
   203  -8.967992427523724       4   1 0  2 0  0 0  0 1
   204  -7.220896107157668       4   0 1  2 0  0 0  0 1
   205  -.2284051049081714E-03   4   0 0  3 0  0 0  0 1
   206  0.4364268042539602E-03   4   2 0  0 1  0 0  0 1
   207  0.7858334373019818E-03   4   1 1  0 1  0 0  0 1
   208  0.3809544196528278E-03   4   0 2  0 1  0 0  0 1
   209  -18.76877672256448       4   1 0  1 1  0 0  0 1
   210  -15.76145151193491       4   0 1  1 1  0 0  0 1
   211  -.7052551594602507E-03   4   0 0  2 1  0 0  0 1
   212  -8.752414408573443       4   1 0  0 2  0 0  0 1
   213  -6.871959582402939       4   0 1  0 2  0 0  0 1
   214  -.7085021358577468E-03   4   0 0  1 2  0 0  0 1
   215  -.2105297767703774E-03   4   0 0  0 3  0 0  0 1
   216  -.2182704531615812E-01   4   2 0  0 0  0 2  0 0
   217  -.2905391853127509       4   1 1  0 0  0 2  0 0
   218  -.3193667280850671       4   0 2  0 0  0 2  0 0
   219  -.1693368995378226E-03   4   1 0  1 0  0 2  0 0
   220  0.2108546656581592E-03   4   0 1  1 0  0 2  0 0
   221  -.4284474643877867E-02   4   0 0  2 0  0 2  0 0
   222  0.4022680408805590E-03   4   1 0  0 1  0 2  0 0
   223  0.7613619793657210E-03   4   0 1  0 1  0 2  0 0
   224  0.1655124082438474       4   0 0  1 1  0 2  0 0
   225  0.2128638167682610       4   0 0  0 2  0 2  0 0
   226  -.1563173207483360E-01   4   2 0  0 0  0 1  1 0
   227  -.2292823632819051       4   1 1  0 0  0 1  1 0
   228  -.3370001793941237       4   0 2  0 0  0 1  1 0
   229  -.2045822183532228E-03   4   1 0  1 0  0 1  1 0
   230  0.2736110887839600E-03   4   0 1  1 0  0 1  1 0
   231  -.2289001024626646E-02   4   0 0  2 0  0 1  1 0
   232  0.4745997174655255E-03   4   1 0  0 1  0 1  1 0
   233  0.1080296069798777E-02   4   0 1  0 1  0 1  1 0
   234  0.1031611835368403       4   0 0  1 1  0 1  1 0
   235  0.2085918838794636       4   0 0  0 2  0 1  1 0
   236  -.2178715328308064E-01   4   2 0  0 0  0 0  2 0
   237  -.2899939126703945       4   1 1  0 0  0 0  2 0
   238  -.3187101799140633       4   0 2  0 0  0 0  2 0
   239  -.1689713553650789E-03   4   1 0  1 0  0 0  2 0
   240  0.2103868009321321E-03   4   0 1  1 0  0 0  2 0
   241  -.4277168584971449E-02   4   0 0  2 0  0 0  2 0
   242  0.4014073405430510E-03   4   1 0  0 1  0 0  2 0
   243  0.7596104685266243E-03   4   0 1  0 1  0 0  2 0
   244  0.1652202547156697       4   0 0  1 1  0 0  2 0
   245  0.2124369981122136       4   0 0  0 2  0 0  2 0
   246  0.5983310824139895E-01   4   2 0  0 0  0 1  0 1
   247  0.4593724736972939       4   1 1  0 0  0 1  0 1
   248  0.3722771029765453       4   0 2  0 0  0 1  0 1
   249  0.2723406959377928E-03   4   1 0  1 0  0 1  0 1
   250  -.3624810605859961E-03   4   0 1  1 0  0 1  0 1
   251  0.1086707031243587E-01   4   0 0  2 0  0 1  0 1
   252  -.5663590416618931E-03   4   1 0  0 1  0 1  0 1
   253  -.9689185612090466E-03   4   0 1  0 1  0 1  0 1
   254  -.2058717006311261       4   0 0  1 1  0 1  0 1
   255  -.1999795644319103       4   0 0  0 2  0 1  0 1
   256  0.5975258766416491E-01   4   2 0  0 0  0 0  1 1
   257  0.4587542718716682       4   1 1  0 0  0 0  1 1
   258  0.3717761099961723       4   0 2  0 0  0 0  1 1
   259  0.2719741926641719E-03   4   1 0  1 0  0 0  1 1
   260  -.3619932506578007E-03   4   0 1  1 0  0 0  1 1
   261  0.1085244592135658E-01   4   0 0  2 0  0 0  1 1
   262  -.5655968623552014E-03   4   1 0  0 1  0 0  1 1
   263  -.9676146362729210E-03   4   0 1  0 1  0 0  1 1
   264  -.2055946481988140       4   0 0  1 1  0 0  1 1
   265  -.1997104413588082       4   0 0  0 2  0 0  1 1
   266  -.6034023481421092E-01   4   2 0  0 0  0 0  0 2
   267  -.1076539544929778       4   1 1  0 0  0 0  0 2
   268  -.4799321561838700E-01   4   0 2  0 0  0 0  0 2
   269  -.2017212610356207E-05   4   1 0  1 0  0 0  0 2
   270  -.1211892267719041E-04   4   0 1  1 0  0 0  0 2
   271  -.1086852475470852E-01   4   0 0  2 0  0 0  0 2
   272  -.1895321958005779E-05   4   1 0  0 1  0 0  0 2
   273  -.9929792222434761E-05   4   0 1  0 1  0 0  0 2
   274  -.2229900058277659E-01   4   0 0  1 1  0 0  0 2
   275  -.1107565699662281E-01   4   0 0  0 2  0 0  0 2
   276  -.2704204322228475E-01   4   1 0  0 0  0 3  0 0
   277  -.4442575813862065       4   0 1  0 0  0 3  0 0
   278  -.2284771513241454E-05   4   0 0  1 0  0 3  0 0
   279  -.1668648672823373E-04   4   0 0  0 1  0 3  0 0
   280  -.1693837494366503E-01   4   1 0  0 0  0 2  1 0
   281  -.2962470259475395       4   0 1  0 0  0 2  1 0
   282  -.1192843030805431E-05   4   0 0  1 0  0 2  1 0
   283  -.1119831400220686E-04   4   0 0  0 1  0 2  1 0
   284  -.1695869704279446E-01   4   1 0  0 0  0 1  2 0
   285  -.2965445975329930       4   0 1  0 0  0 1  2 0
   286  -.1195041022885749E-05   4   0 0  1 0  0 1  2 0
   287  -.1120934725840347E-04   4   0 0  0 1  0 1  2 0
   288  -.2697607329902524E-01   4   1 0  0 0  0 0  3 0
   289  -.4431617211700077       4   0 1  0 0  0 0  3 0
   290  -.2279357853471089E-05   4   0 0  1 0  0 0  3 0
   291  -.1664527797616494E-04   4   0 0  0 1  0 0  3 0
   292  0.6595388379436483E-01   4   1 0  0 0  0 2  0 1
   293  0.5923884725191368       4   0 1  0 0  0 2  0 1
   294  0.2670340290645620E-05   4   0 0  1 0  0 2  0 1
   295  0.2053506923746798E-04   4   0 0  0 1  0 2  0 1
   296  0.4578154253760762E-01   4   1 0  0 0  0 1  1 1
   297  0.4452976442812233       4   0 1  0 0  0 1  1 1
   298  0.1519350597650190E-05   4   0 0  1 0  0 1  1 1
   299  0.1525000866834790E-04   4   0 0  0 1  0 1  1 1
   300  0.6583432084468419E-01   4   1 0  0 0  0 0  2 1
   301  0.5912916337393612       4   0 1  0 0  0 0  2 1
   302  0.2665724337316336E-05   4   0 0  1 0  0 0  2 1
   303  0.2049717273759358E-04   4   0 0  0 1  0 0  2 1
   304  -.4574413496505393E-01   4   1 0  0 0  0 1  0 2
   305  -.7515833686584908E-01   4   0 1  0 0  0 1  0 2
   306  -.1864303398539786E-07   4   0 0  1 0  0 1  0 2
   307  -.1009522267058860E-05   4   0 0  0 1  0 1  0 2
   308  -.4568257466406449E-01   4   1 0  0 0  0 0  1 2
   309  -.7505719231818482E-01   4   0 1  0 0  0 0  1 2
   310  -.1861794506887343E-07   4   0 0  1 0  0 0  1 2
   311  -.1008163699568988E-05   4   0 0  0 1  0 0  1 2
   312  0.1772263606912658E-02   4   1 0  0 0  0 0  0 3
   313  0.1443959422913618E-02   4   0 1  0 0  0 0  0 3
   314  0.1180469359895159E-06   4   0 0  1 0  0 0  0 3
   315  0.9673038502869300E-07   4   0 0  0 1  0 0  0 3
   316  -.1738100329151074E-04   4   0 0  0 0  0 4  0 0
   317  -.1058043789712421E-04   4   0 0  0 0  0 3  1 0
   318  -.9677547794873714E-05   4   0 0  0 0  0 2  2 0
   319  -.1059988418827389E-04   4   0 0  0 0  0 1  3 0
   320  -.1732713261981826E-04   4   0 0  0 0  0 0  4 0
   321  0.2068649789028918E-04   4   0 0  0 0  0 3  0 1
   322  0.1362787878551190E-04   4   0 0  0 0  0 2  1 1
   323  0.1364207132445934E-04   4   0 0  0 0  0 1  2 1
   324  0.2063558200647362E-04   4   0 0  0 0  0 0  3 1
   325  -.9478541433487315E-06   4   0 0  0 0  0 2  0 2
   326  -.1142891193673274E-05   4   0 0  0 0  0 1  1 2
   327  -.9458095413605037E-06   4   0 0  0 0  0 0  2 2
   328  0.4871821235905791E-08   4   0 0  0 0  0 1  0 3
   329  0.4865264968487499E-08   4   0 0  0 0  0 0  1 3
   330  0.1139132224823583E-13   4   0 0  0 0  0 0  0 4
   ----------------------------------------------------
     I  COEFFICIENT            ORDER EXPONENTS
     1  -.7251302705175700E-05   0   0 0  0 0  0 0  0 0
     2  0.8724999057552559E-05   1   1 0  0 0  0 0  0 0
     3  0.7691960454146777E-05   1   0 1  0 0  0 0  0 0
     4  0.7274651371727504       1   0 0  1 0  0 0  0 0
     5  0.9018853281094850       1   0 0  0 1  0 0  0 0
     6  -.1120827649153100E-04   1   0 0  0 0  0 1  0 0
     7  -.1119319292125646E-04   1   0 0  0 0  0 0  1 0
     8  0.2240146941267455E-04   1   0 0  0 0  0 0  0 1
     9  0.1412470232897827E-03   2   2 0  0 0  0 0  0 0
    10  0.2574023021284088E-03   2   1 1  0 0  0 0  0 0
    11  0.1400964274731149E-03   2   0 2  0 0  0 0  0 0
    12  0.1170703940018000       2   1 0  1 0  0 0  0 0
    13  0.1045950045148815       2   0 1  1 0  0 0  0 0
    14  -.4622254353073122E-04   2   0 0  2 0  0 0  0 0
    15  0.1058961269023360       2   1 0  0 1  0 0  0 0
    16  0.9522770211812162E-01   2   0 1  0 1  0 0  0 0
    17  -.1512316726985027E-04   2   0 0  1 1  0 0  0 0
    18  0.4920384718775457E-04   2   0 0  0 2  0 0  0 0
    19  -.4520473811260625E-05   2   1 0  0 0  0 1  0 0
    20  -.7848309401415025E-05   2   0 1  0 0  0 1  0 0
    21  0.1306849570999750       2   0 0  1 0  0 1  0 0
    22  -.3341267141128677       2   0 0  0 1  0 1  0 0
    23  -.4514390370647973E-05   2   1 0  0 0  0 0  1 0
    24  -.7837747516500640E-05   2   0 1  0 0  0 0  1 0
    25  0.1305090874436786       2   0 0  1 0  0 0  1 0
    26  -.3336770621278611       2   0 0  0 1  0 0  1 0
    27  0.9034850468930742E-05   2   1 0  0 0  0 0  0 1
    28  0.7994082898745372E-05   2   0 1  0 0  0 0  0 1
    29  -.2611940445556674       2   0 0  1 0  0 0  0 1
    30  -.2340815518809918       2   0 0  0 1  0 0  0 1
    31  0.8184858074918010E-05   2   0 0  0 0  0 2  0 0
    32  0.5169557938875666E-05   2   0 0  0 0  0 1  1 0
    33  0.8170364804916145E-05   2   0 0  0 0  0 0  2 0
    34  -.1033099754913317E-04   2   0 0  0 0  0 1  0 1
    35  -.1031709457951460E-04   2   0 0  0 0  0 0  1 1
    36  -.8766843865620829E-06   2   0 0  0 0  0 0  0 2
    37  -.2015037178023885E-02   3   3 0  0 0  0 0  0 0
    38  -.5441711878842267E-02   3   2 1  0 0  0 0  0 0
    39  -.4922725707569742E-02   3   1 2  0 0  0 0  0 0
    40  -.1487743736944044E-02   3   0 3  0 0  0 0  0 0
    41  -.9486300419228437       3   2 0  1 0  0 0  0 0
    42  -2.062964790773874       3   1 1  1 0  0 0  0 0
    43  -1.344829443358181       3   0 2  1 0  0 0  0 0
    44  0.4968177298048116E-02   3   1 0  2 0  0 0  0 0
    45  0.4438222778202282E-02   3   0 1  2 0  0 0  0 0
    46  -.1130855117930817       3   0 0  3 0  0 0  0 0
    47  -1.390732886982238       3   2 0  0 1  0 0  0 0
    48  -2.597969018619823       3   1 1  0 1  0 0  0 0
    49  -.9977931960936828       3   0 2  0 1  0 0  0 0
    50  0.8987708948472322E-02   3   1 0  1 1  0 0  0 0
    51  0.8084149431188275E-02   3   0 1  1 1  0 0  0 0
    52  -.5193271749221287       3   0 0  2 1  0 0  0 0
    53  0.4110615731360429E-02   3   1 0  0 2  0 0  0 0
    54  0.3726556330154051E-02   3   0 1  0 2  0 0  0 0
    55  -.9501595624115374       3   0 0  1 2  0 0  0 0
    56  -.6983192101156782E-01   3   0 0  0 3  0 0  0 0
    57  -.1135364475267859E-03   3   2 0  0 0  0 1  0 0
    58  -.3508338587226239E-03   3   1 1  0 0  0 1  0 0
    59  -.2583711480727634E-03   3   0 2  0 0  0 1  0 0
    60  -.5600854566036560E-01   3   1 0  1 0  0 1  0 0
    61  -.1021642740244940       3   0 1  1 0  0 1  0 0
    62  -.5316059099841260E-05   3   0 0  2 0  0 1  0 0
    63  -.1041198811267386       3   1 0  0 1  0 1  0 0
    64  -.1410873324283549       3   0 1  0 1  0 1  0 0
    65  -.1398065247990797E-05   3   0 0  1 1  0 1  0 0
    66  -.6464282302479359E-04   3   0 0  0 2  0 1  0 0
    67  -.1133836555264919E-03   3   2 0  0 0  0 0  1 0
    68  -.3503617230497819E-03   3   1 1  0 0  0 0  1 0
    69  -.2580234443582977E-03   3   0 2  0 0  0 0  1 0
    70  -.5593317199920728E-01   3   1 0  1 0  0 0  1 0
    71  -.1020267861593473       3   0 1  1 0  0 0  1 0
    72  -.5308904998041795E-05   3   0 0  2 0  0 0  1 0
    73  -.1039797614977183       3   1 0  0 1  0 0  1 0
    74  -.1408974637455885       3   0 1  0 1  0 0  1 0
    75  -.1396183797668408E-05   3   0 0  1 1  0 0  1 0
    76  -.6455582976007737E-04   3   0 0  0 2  0 0  1 0
    77  0.2267059535604906E-03   3   2 0  0 0  0 0  0 1
    78  0.4433437781675031E-03   3   1 1  0 0  0 0  0 1
    79  0.2359642862036391E-03   3   0 2  0 0  0 0  0 1
    80  0.1119419051586405       3   1 0  1 0  0 0  0 1
    81  0.9959620535604694E-01   3   0 1  1 0  0 0  0 1
    82  0.1077459665005745E-04   3   0 0  2 0  0 0  0 1
    83  0.1022036632453309       3   1 0  0 1  0 0  0 1
    84  0.9152950778331488E-01   3   0 1  0 1  0 0  0 1
    85  0.1822666889869578E-04   3   0 0  1 1  0 0  0 1
    86  0.3095104276658806E-04   3   0 0  0 2  0 0  0 1
    87  0.3472651996623860E-05   3   1 0  0 0  0 2  0 0
    88  0.7963927596914061E-05   3   0 1  0 0  0 2  0 0
    89  -.9519882213616734E-01   3   0 0  1 0  0 2  0 0
    90  0.1942784833810292       3   0 0  0 1  0 2  0 0
    91  0.2437161995434955E-05   3   1 0  0 0  0 1  1 0
    92  0.8091502520454167E-05   3   0 1  0 0  0 1  1 0
    93  -.5980800864984752E-01   3   0 0  1 0  0 1  1 0
    94  0.5480602733814678E-01   3   0 0  0 1  0 1  1 0
    95  0.3466338756436042E-05   3   1 0  0 0  0 0  2 0
    96  0.7947765537038233E-05   3   0 1  0 0  0 0  2 0
    97  -.9503046464820818E-01   3   0 0  1 0  0 0  2 0
    98  0.1939801548697860       3   0 0  0 1  0 0  2 0
    99  -.4882170386699502E-05   3   1 0  0 0  0 1  0 1
   100  -.8337688267636784E-05   3   0 1  0 0  0 1  0 1
   101  0.1195208271913932       3   0 0  1 0  0 1  0 1
   102  0.2248904666790950       3   0 0  0 1  0 1  0 1
   103  -.4875600191881808E-05   3   1 0  0 0  0 0  1 1
   104  -.8326467799707828E-05   3   0 1  0 0  0 0  1 1
   105  0.1193599816949807       3   0 0  1 0  0 0  1 1
   106  0.2245878196877588       3   0 0  0 1  0 0  1 1
   107  0.3763858078352783E-06   3   1 0  0 0  0 0  0 2
   108  0.3714730905709493E-06   3   0 1  0 0  0 0  0 2
   109  0.1115657575906993E-01   3   0 0  1 0  0 0  0 2
   110  0.9342357843690509E-02   3   0 0  0 1  0 0  0 2
   111  -.6676092182714243E-05   3   0 0  0 0  0 3  0 0
   112  -.3660172029727261E-05   3   0 0  0 0  0 2  1 0
   113  -.3666241918377627E-05   3   0 0  0 0  0 1  2 0
   114  -.6660156106333208E-05   3   0 0  0 0  0 0  3 0
   115  0.7318043739192174E-05   3   0 0  0 0  0 2  0 1
   116  0.4312999100187364E-05   3   0 0  0 0  0 1  1 1
   117  0.7305293345306530E-05   3   0 0  0 0  0 0  2 1
   118  0.8567576678494623E-06   3   0 0  0 0  0 1  0 2
   119  0.8556046837576581E-06   3   0 0  0 0  0 0  1 2
   120  0.1368517725859833E-07   3   0 0  0 0  0 0  0 3
   121  -.9477358275459271E-03   4   4 0  0 0  0 0  0 0
   122  -.3376017941626049E-02   4   3 1  0 0  0 0  0 0
   123  -.4539600866698532E-02   4   2 2  0 0  0 0  0 0
   124  -.2596634598551561E-02   4   1 3  0 0  0 0  0 0
   125  -.4830464088514865E-03   4   0 4  0 0  0 0  0 0
   126   23.31206519621693       4   3 0  1 0  0 0  0 0
   127   63.30172025984865       4   2 1  1 0  0 0  0 0
   128   57.69895681660676       4   1 2  1 0  0 0  0 0
   129   17.70215124911619       4   0 3  1 0  0 0  0 0
   130  0.4845027305585394E-02   4   2 0  2 0  0 0  0 0
   131  0.8697971085927771E-02   4   1 1  2 0  0 0  0 0
   132  0.3926437877449725E-02   4   0 2  2 0  0 0  0 0
   133  -19.30003550561472       4   1 0  3 0  0 0  0 0
   134  -17.06755649729608       4   0 1  3 0  0 0  0 0
   135  -.9017467337447767E-03   4   0 0  4 0  0 0  0 0
   136   21.33325700461436       4   3 0  0 1  0 0  0 0
   137   58.24073227984739       4   2 1  0 1  0 0  0 0
   138   53.42315015467311       4   1 2  0 1  0 0  0 0
   139   16.50725082175571       4   0 3  0 1  0 0  0 0
   140  0.8767083599271978E-02   4   2 0  1 1  0 0  0 0
   141  0.1602053295617794E-01   4   1 1  1 1  0 0  0 0
   142  0.7171138909712797E-02   4   0 2  1 1  0 0  0 0
   143  -52.25684738548391       4   1 0  2 1  0 0  0 0
   144  -46.52265422732452       4   0 1  2 1  0 0  0 0
   145  -.3219084273264546E-02   4   0 0  3 1  0 0  0 0
   146  0.3950708095881950E-02   4   2 0  0 2  0 0  0 0
   147  0.7508915336921154E-02   4   1 1  0 2  0 0  0 0
   148  0.3519068088231268E-02   4   0 2  0 2  0 0  0 0
   149  -47.36538772595812       4   1 0  1 2  0 0  0 0
   150  -42.39857376135946       4   0 1  1 2  0 0  0 0
   151  -.4276608179340380E-02   4   0 0  2 2  0 0  0 0
   152  -14.31892907222474       4   1 0  0 3  0 0  0 0
   153  -12.87146766434264       4   0 1  0 3  0 0  0 0
   154  -.2640445340686671E-02   4   0 0  1 3  0 0  0 0
   155  -.5832042428856690E-03   4   0 0  0 4  0 0  0 0
   156  0.2682013178468669E-03   4   3 0  0 0  0 1  0 0
   157  0.3094894954809431E-02   4   2 1  0 0  0 1  0 0
   158  0.4903179953104779E-02   4   1 2  0 0  0 1  0 0
   159  0.2101667861946403E-02   4   0 3  0 0  0 1  0 0
   160   1.039999432354082       4   2 0  1 0  0 1  0 0
   161   3.248189108876536       4   1 1  1 0  0 1  0 0
   162   2.612389171148252       4   0 2  1 0  0 1  0 0
   163  -.6255914976107820E-03   4   1 0  2 0  0 1  0 0
   164  -.2564035774413245E-02   4   0 1  2 0  0 1  0 0
   165  0.1689023338656314       4   0 0  3 0  0 1  0 0
   166   1.852765355587270       4   2 0  0 1  0 1  0 0
   167   4.893635994763035       4   1 1  0 1  0 1  0 0
   168   2.790389559915656       4   0 2  0 1  0 1  0 0
   169  -.5117150127369513E-02   4   1 0  1 1  0 1  0 0
   170  -.8209188792439814E-02   4   0 1  1 1  0 1  0 0
   171  0.6327407649003254       4   0 0  2 1  0 1  0 0
   172  -.4159584248135171E-02   4   1 0  0 2  0 1  0 0
   173  -.5417011065755950E-02   4   0 1  0 2  0 1  0 0
   174   1.342978561970794       4   0 0  1 2  0 1  0 0
   175  0.3398817642452091       4   0 0  0 3  0 1  0 0
   176  0.2678403851531990E-03   4   3 0  0 0  0 0  1 0
   177  0.3090729991036595E-02   4   2 1  0 0  0 0  1 0
   178  0.4896581484602759E-02   4   1 2  0 0  0 0  1 0
   179  0.2098839536385971E-02   4   0 3  0 0  0 0  1 0
   180   1.038599850131496       4   2 0  1 0  0 0  1 0
   181   3.243817849055665       4   1 1  1 0  0 0  1 0
   182   2.608873540919363       4   0 2  1 0  0 0  1 0
   183  -.6247496060564037E-03   4   1 0  2 0  0 0  1 0
   184  -.2560585215906861E-02   4   0 1  2 0  0 0  1 0
   185  0.1686750330648061       4   0 0  3 0  0 0  1 0
   186   1.850271991289528       4   2 0  0 1  0 0  1 0
   187   4.887050370070359       4   1 1  0 1  0 0  1 0
   188   2.786634385152427       4   0 2  0 1  0 0  1 0
   189  -.5110263707891032E-02   4   1 0  1 1  0 0  1 0
   190  -.8198141253048616E-02   4   0 1  1 1  0 0  1 0
   191  0.6318892521989605       4   0 0  2 1  0 0  1 0
   192  -.4153986475688446E-02   4   1 0  0 2  0 0  1 0
   193  -.5409721107558547E-02   4   0 1  0 2  0 0  1 0
   194   1.341171244714480       4   0 0  1 2  0 0  1 0
   195  0.3394243673849598       4   0 0  0 3  0 0  1 0
   196  0.7304653257720160E-04   4   3 0  0 0  0 0  0 1
   197  0.2772102444468480E-03   4   2 1  0 0  0 0  0 1
   198  0.3323099358017287E-03   4   1 2  0 0  0 0  0 1
   199  0.1324465453457536E-03   4   0 3  0 0  0 0  0 1
   200  -2.076529197487146       4   2 0  1 0  0 0  0 1
   201  -4.424742454955560       4   1 1  1 0  0 0  0 1
   202  -2.529353177908561       4   0 2  1 0  0 0  0 1
   203  -.1609628240653410E-03   4   1 0  2 0  0 0  0 1
   204  -.1448916707239204E-03   4   0 1  2 0  0 0  0 1
   205  -.3380672610671107       4   0 0  3 0  0 0  0 1
   206  -2.310149652134844       4   2 0  0 1  0 0  0 1
   207  -4.580234283912816       4   1 1  0 1  0 0  0 1
   208  -2.581263853064451       4   0 2  0 1  0 0  0 1
   209  -.3344975128219033E-03   4   1 0  1 1  0 0  0 1
   210  -.3034592925627889E-03   4   0 1  1 1  0 0  0 1
   211  -.7468129886852877       4   0 0  2 1  0 0  0 1
   212  -.1464380376250832E-03   4   1 0  0 2  0 0  0 1
   213  -.1293212023384772E-03   4   0 1  0 2  0 0  0 1
   214  -.7853895204088371       4   0 0  1 2  0 0  0 1
   215  -.4703480128491794       4   0 0  0 3  0 0  0 1
   216  -.2081592187000742E-04   4   2 0  0 0  0 2  0 0
   217  0.1621273622048885E-03   4   1 1  0 0  0 2  0 0
   218  0.2353869526815751E-03   4   0 2  0 0  0 2  0 0
   219  0.4081302658102080E-01   4   1 0  1 0  0 2  0 0
   220  0.1006212218690842       4   0 1  1 0  0 2  0 0
   221  0.4920085760990202E-06   4   0 0  2 0  0 2  0 0
   222  0.1028260486793142       4   1 0  0 1  0 2  0 0
   223  0.1747052167302951       4   0 1  0 1  0 2  0 0
   224  -.1345673302551226E-03   4   0 0  1 1  0 2  0 0
   225  -.8351932035932687E-05   4   0 0  0 2  0 2  0 0
   226  -.2180399238267589E-04   4   2 0  0 0  0 1  1 0
   227  0.2325732486770293E-03   4   1 1  0 0  0 1  1 0
   228  0.3422978137012125E-03   4   0 2  0 0  0 1  1 0
   229  0.2553136423342385E-01   4   1 0  1 0  0 1  1 0
   230  0.9876974790983867E-01   4   0 1  1 0  0 1  1 0
   231  0.2850741014301131E-04   4   0 0  2 0  0 1  1 0
   232  0.1014329654124721       4   1 0  0 1  0 1  1 0
   233  0.2080711980709574       4   0 1  0 1  0 1  1 0
   234  -.9719550801581502E-04   4   0 0  1 1  0 1  1 0
   235  0.1177694076699472E-04   4   0 0  0 2  0 1  1 0
   236  -.2077323739060355E-04   4   2 0  0 0  0 0  2 0
   237  0.1617526857830124E-03   4   1 1  0 0  0 0  2 0
   238  0.2348398558811966E-03   4   0 2  0 0  0 0  2 0
   239  0.4074092287993247E-01   4   1 0  1 0  0 0  2 0
   240  0.1004193507348667       4   0 1  1 0  0 0  2 0
   241  0.4721644895237998E-06   4   0 0  2 0  0 0  2 0
   242  0.1026194183767844       4   1 0  0 1  0 0  2 0
   243  0.1743301004770373       4   0 1  0 1  0 0  2 0
   244  -.1343208353169984E-03   4   0 0  1 1  0 0  2 0
   245  -.8348616825298828E-05   4   0 0  0 2  0 0  2 0
   246  -.1772174179133257E-04   4   2 0  0 0  0 1  0 1
   247  -.2504938445285367E-03   4   1 1  0 0  0 1  0 1
   248  -.2311537139846565E-03   4   0 2  0 0  0 1  0 1
   249  -.5091768090121008E-01   4   1 0  1 0  0 1  0 1
   250  -.9489623422289856E-01   4   0 1  1 0  0 1  0 1
   251  -.7448118438189626E-04   4   0 0  2 0  0 1  0 1
   252  -.9863545925947728E-01   4   1 0  0 1  0 1  0 1
   253  -.1339445778803638       4   0 1  0 1  0 1  0 1
   254  -.2920317523039427E-04   4   0 0  1 1  0 1  0 1
   255  0.3200971631877618E-04   4   0 0  0 2  0 1  0 1
   256  -.1769789270642656E-04   4   2 0  0 0  0 0  1 1
   257  -.2501567417179362E-03   4   1 1  0 0  0 0  1 1
   258  -.2308426382102731E-03   4   0 2  0 0  0 0  1 1
   259  -.5084915828592041E-01   4   1 0  1 0  0 0  1 1
   260  -.9476852734318605E-01   4   0 1  1 0  0 0  1 1
   261  -.7438095111413179E-04   4   0 0  2 0  0 0  1 1
   262  -.9850272030693402E-01   4   1 0  0 1  0 0  1 1
   263  -.1337643215800418       4   0 1  0 1  0 0  1 1
   264  -.2916387497346740E-04   4   0 0  1 1  0 0  1 1
   265  0.3196663915111993E-04   4   0 0  0 2  0 0  1 1
   266  0.1732426832708292E-04   4   2 0  0 0  0 0  0 2
   267  0.4515291304214924E-04   4   1 1  0 0  0 0  0 2
   268  0.2656510725912091E-04   4   0 2  0 0  0 0  0 2
   269  -.5259513040670186E-02   4   1 0  1 0  0 0  0 2
   270  -.5108931687818332E-02   4   0 1  1 0  0 0  0 2
   271  0.7768938002997576E-04   4   0 0  2 0  0 0  0 2
   272  -.3790110274143639E-02   4   1 0  0 1  0 0  0 2
   273  -.3780817073605938E-02   4   0 1  0 1  0 0  0 2
   274  0.1139653848050703E-03   4   0 0  1 1  0 0  0 2
   275  0.3767402648641374E-04   4   0 0  0 2  0 0  0 2
   276  -.5329901489646205E-05   4   1 0  0 0  0 3  0 0
   277  -.1072900269340928E-04   4   0 1  0 0  0 3  0 0
   278  0.7749234285729754E-01   4   0 0  1 0  0 3  0 0
   279  -.1255508119661680       4   0 0  0 1  0 3  0 0
   280  -.3609072802277666E-05   4   1 0  0 0  0 2  1 0
   281  -.1036484422339754E-04   4   0 1  0 0  0 2  1 0
   282  0.4209956494928423E-01   4   0 0  1 0  0 2  1 0
   283  0.1181059867231715E-01   4   0 0  0 1  0 2  1 0
   284  -.3612532038415657E-05   4   1 0  0 0  0 1  2 0
   285  -.1036555017820679E-04   4   0 1  0 0  0 1  2 0
   286  0.4217079933418798E-01   4   0 0  1 0  0 1  2 0
   287  0.1153365797143600E-01   4   0 0  0 1  0 1  2 0
   288  -.5316717208851845E-05   4   1 0  0 0  0 0  3 0
   289  -.1070037995340012E-04   4   0 1  0 0  0 0  3 0
   290  0.7730762495434892E-01   4   0 0  1 0  0 0  3 0
   291  -.1253053079492992       4   0 0  0 1  0 0  3 0
   292  0.6420486654607930E-05   4   1 0  0 0  0 2  0 1
   293  0.1136361071180261E-04   4   0 1  0 0  0 2  0 1
   294  -.8417343647598212E-01   4   0 0  1 0  0 2  0 1
   295  -.2179869249268168       4   0 0  0 1  0 2  0 1
   296  0.4747804930400527E-05   4   1 0  0 0  0 1  1 1
   297  0.1108295062179909E-04   4   0 1  0 0  0 1  1 1
   298  -.4891932093078368E-01   4   0 0  1 0  0 1  1 1
   299  -.2110997517163578       4   0 0  0 1  0 1  1 1
   300  0.6408651580261724E-05   4   1 0  0 0  0 0  2 1
   301  0.1134086064376916E-04   4   0 1  0 0  0 0  2 1
   302  -.8402724317381891E-01   4   0 0  1 0  0 0  2 1
   303  -.2175515243480817       4   0 0  0 1  0 0  2 1
   304  -.1981056712291821E-06   4   1 0  0 0  0 1  0 2
   305  -.3335376712451425E-06   4   0 1  0 0  0 1  0 2
   306  -.1089020726802301E-01   4   0 0  1 0  0 1  0 2
   307  -.1380184588602326E-01   4   0 0  0 1  0 1  0 2
   308  -.1978390699532407E-06   4   1 0  0 0  0 0  1 2
   309  -.3330888119662681E-06   4   0 1  0 0  0 0  1 2
   310  -.1087555174031939E-01   4   0 0  1 0  0 0  1 2
   311  -.1378327201228829E-01   4   0 0  0 1  0 0  1 2
   312  0.1299973968291281E-07   4   1 0  0 0  0 0  0 3
   313  0.1050558367409202E-07   4   0 1  0 0  0 0  0 3
   314  -.1826525863060948E-03   4   0 0  1 0  0 0  0 3
   315  -.1474891176372949E-03   4   0 0  0 1  0 0  0 3
   316  0.9512593733557346E-05   4   0 0  0 0  0 4  0 0
   317  0.4660218326189483E-05   4   0 0  0 0  0 3  1 0
   318  0.4017254688116772E-05   4   0 0  0 0  0 2  2 0
   319  0.4674105117102308E-05   4   0 0  0 0  0 1  3 0
   320  0.9483869447509045E-05   4   0 0  0 0  0 0  4 0
   321  -.1222809649235231E-05   4   0 0  0 0  0 3  0 1
   322  0.1919225469420863E-06   4   0 0  0 0  0 2  1 1
   323  0.1890700489242734E-06   4   0 0  0 0  0 1  2 1
   324  -.1220470217698585E-05   4   0 0  0 0  0 0  3 1
   325  -.3221590586652125E-06   4   0 0  0 0  0 2  0 2
   326  -.3783602673919995E-06   4   0 0  0 0  0 1  1 2
   327  -.3214709223840269E-06   4   0 0  0 0  0 0  2 2
   328  -.5832260029810457E-08   4   0 0  0 0  0 1  0 3
   329  -.5824411249127231E-08   4   0 0  0 0  0 0  1 3
   330  -.8586178371111576E-14   4   0 0  0 0  0 0  0 4
   ----------------------------------------------------
     I  COEFFICIENT            ORDER EXPONENTS
     1  0.1086345497587118E-03   0   0 0  0 0  0 0  0 0
     2  0.3863342014622678E-04   1   1 0  0 0  0 0  0 0
     3  0.3564109533759216E-04   1   0 1  0 0  0 0  0 0
     4  -1.208734450990197       1   0 0  1 0  0 0  0 0
     5  -.1239095350511632       1   0 0  0 1  0 0  0 0
     6  0.3111732533863129E-05   1   0 0  0 0  0 1  0 0
     7  0.3107544910869901E-05   1   0 0  0 0  0 0  1 0
     8  0.1024152723130494E-03   1   0 0  0 0  0 0  0 1
     9  0.3413828989679090E-03   2   2 0  0 0  0 0  0 0
    10  0.5491809157679870E-03   2   1 1  0 0  0 0  0 0
    11  0.2620227534654983E-03   2   0 2  0 0  0 0  0 0
    12  0.5159014295298606       2   1 0  1 0  0 0  0 0
    13  0.4743907064108843       2   0 1  1 0  0 0  0 0
    14  0.3252954608285355E-03   2   0 0  2 0  0 0  0 0
    15  0.4835829977897992       2   1 0  0 1  0 0  0 0
    16  0.4477208829310516       2   0 1  0 1  0 0  0 0
    17  0.8155456636575087E-03   2   0 0  1 1  0 0  0 0
    18  0.4223047918644691E-03   2   0 0  0 2  0 0  0 0
    19  -.1320038357989617E-05   2   1 0  0 0  0 1  0 0
    20  -.1912851423521164E-04   2   0 1  0 0  0 1  0 0
    21  -.3880328790683799E-01   2   0 0  1 0  0 1  0 0
    22  0.5293277256547090       2   0 0  0 1  0 1  0 0
    23  -.1318261912578686E-05   2   1 0  0 0  0 0  1 0
    24  -.1910277198224954E-04   2   0 1  0 0  0 0  1 0
    25  -.3875106827070806E-01   2   0 0  1 0  0 0  1 0
    26  0.5286153813478744       2   0 0  0 1  0 0  1 0
    27  0.4127161385967347E-04   2   1 0  0 0  0 0  0 1
    28  0.3823118141516777E-04   2   0 1  0 0  0 0  0 1
    29  -1.131180094874693       2   0 0  1 0  0 0  0 1
    30  -1.057943107070866       2   0 0  0 1  0 0  0 1
    31  -.2301981859423663E-05   2   0 0  0 0  0 2  0 0
    32  -.1494394936425282E-05   2   0 0  0 0  0 1  1 0
    33  -.2297878417585002E-05   2   0 0  0 0  0 0  2 0
    34  0.6098333258783096E-05   2   0 0  0 0  0 1  0 1
    35  0.6090126409287902E-05   2   0 0  0 0  0 0  1 1
    36  -.6094219705758825E-05   2   0 0  0 0  0 0  0 2
    37  -.9680877318309741E-02   3   3 0  0 0  0 0  0 0
    38  -.2715208634446313E-01   3   2 1  0 0  0 0  0 0
    39  -.2552552036014325E-01   3   1 2  0 0  0 0  0 0
    40  -.8023238005476691E-02   3   0 3  0 0  0 0  0 0
    41  -5.842891298684022       3   2 0  1 0  0 0  0 0
    42  -11.45672932254717       3   1 1  1 0  0 0  0 0
    43  -6.109071563442674       3   0 2  1 0  0 0  0 0
    44  0.2183410493568350E-01   3   1 0  2 0  0 0  0 0
    45  0.2002815106116311E-01   3   0 1  2 0  0 0  0 0
    46  -1.270550384865496       3   0 0  3 0  0 0  0 0
    47  -5.097311658665915       3   2 0  0 1  0 0  0 0
    48  -10.24331262107631       3   1 1  0 1  0 0  0 0
    49  -6.147244450969048       3   0 2  0 1  0 0  0 0
    50  0.4091659856989491E-01   3   1 0  1 1  0 0  0 0
    51  0.3776397103768629E-01   3   0 1  1 1  0 0  0 0
    52  -3.922603186409182       3   0 0  2 1  0 0  0 0
    53  0.1934005130182613E-01   3   1 0  0 2  0 0  0 0
    54  0.1797697789946376E-01   3   0 1  0 2  0 0  0 0
    55  -3.374826262132951       3   0 0  1 2  0 0  0 0
    56  -1.333203250507359       3   0 0  0 3  0 0  0 0
    57  -.2051344661893473E-03   3   2 0  0 0  0 1  0 0
    58  -.6848660009743298E-03   3   1 1  0 0  0 1  0 0
    59  -.4606506052553235E-03   3   0 2  0 0  0 1  0 0
    60  0.1829371572114963E-01   3   1 0  1 0  0 1  0 0
    61  -.2194080118042707       3   0 1  1 0  0 1  0 0
    62  -.9175334687352993E-04   3   0 0  2 0  0 1  0 0
    63  -.2285185498988550       3   1 0  0 1  0 1  0 0
    64  -.4344953793145963       3   0 1  0 1  0 1  0 0
    65  -.6036911203690587E-03   3   0 0  1 1  0 1  0 0
    66  -.5268450265501484E-03   3   0 0  0 2  0 1  0 0
    67  -.2048584058924027E-03   3   2 0  0 0  0 0  1 0
    68  -.6839443405868353E-03   3   1 1  0 0  0 0  1 0
    69  -.4600306833804818E-03   3   0 2  0 0  0 0  1 0
    70  0.1826909690068511E-01   3   1 0  1 0  0 0  1 0
    71  -.2191127428423259       3   0 1  1 0  0 0  1 0
    72  -.9162986954349313E-04   3   0 0  2 0  0 0  1 0
    73  -.2282110204041073       3   1 0  0 1  0 0  1 0
    74  -.4339106559101728       3   0 1  0 1  0 0  1 0
    75  -.6028787013102434E-03   3   0 0  1 1  0 0  1 0
    76  -.5261360233427638E-03   3   0 0  0 2  0 0  1 0
    77  0.7503528527360470E-03   3   2 0  0 0  0 0  0 1
    78  0.1366579704751814E-02   3   1 1  0 0  0 0  0 1
    79  0.6574358496613491E-03   3   0 2  0 0  0 0  0 1
    80  0.4793405745752937       3   1 0  1 0  0 0  0 1
    81  0.4385224173620905       3   0 1  1 0  0 0  0 1
    82  0.5094331944126124E-03   3   0 0  2 0  0 0  0 1
    83  0.4567312364027288       3   1 0  0 1  0 0  0 1
    84  0.4206865577266816       3   0 1  0 1  0 0  0 1
    85  0.1208230776821502E-02   3   0 0  1 1  0 0  0 1
    86  0.6315950972594998E-03   3   0 0  0 2  0 0  0 1
    87  0.9711510311944864E-06   3   1 0  0 0  0 2  0 0
    88  0.1492177290620205E-04   3   0 1  0 0  0 2  0 0
    89  0.2868417786282517E-01   3   0 0  1 0  0 2  0 0
    90  -.3807292117604624       3   0 0  0 1  0 2  0 0
    91  0.6912648562543383E-06   3   1 0  0 0  0 1  1 0
    92  0.1083871173858006E-04   3   0 1  0 0  0 1  1 0
    93  0.1859214178104878E-01   3   0 0  1 0  0 1  1 0
    94  -.2325297978965667       3   0 0  0 1  0 1  1 0
    95  0.9693789660738927E-06   3   1 0  0 0  0 0  2 0
    96  0.1489439877374995E-04   3   0 1  0 0  0 0  2 0
    97  0.2863306583400000E-01   3   0 0  1 0  0 0  2 0
    98  -.3800603805087918       3   0 0  0 1  0 0  2 0
    99  -.2742835389269533E-05   3   1 0  0 0  0 1  0 1
   100  -.2178788540648747E-04   3   0 1  0 0  0 1  0 1
   101  -.7596032505167880E-01   3   0 0  1 0  0 1  0 1
   102  0.4646607334137067       3   0 0  0 1  0 1  0 1
   103  -.2739144210668017E-05   3   1 0  0 0  0 0  1 1
   104  -.2175856429713488E-04   3   0 1  0 0  0 0  1 1
   105  -.7585810122611018E-01   3   0 0  1 0  0 0  1 1
   106  0.4640354148973802       3   0 0  0 1  0 0  1 1
   107  0.2831889957360971E-05   3   1 0  0 0  0 0  0 2
   108  0.2790720126384584E-05   3   0 1  0 0  0 0  0 2
   109  0.7590912748416477E-01   3   0 0  1 0  0 0  0 2
   110  0.6462337605974890E-01   3   0 0  0 1  0 0  0 2
   111  0.1896657636007812E-05   3   0 0  0 0  0 3  0 0
   112  0.1088516135026940E-05   3   0 0  0 0  0 2  1 0
   113  0.1090142320730277E-05   3   0 0  0 0  0 1  2 0
   114  0.1892097538450224E-05   3   0 0  0 0  0 0  3 0
   115  -.4478977245164829E-05   3   0 0  0 0  0 2  0 1
   116  -.2864993050776590E-05   3   0 0  0 0  0 1  1 1
   117  -.4471021862362528E-05   3   0 0  0 0  0 0  2 1
   118  0.2863560696317565E-05   3   0 0  0 0  0 1  0 2
   119  0.2859707051287410E-05   3   0 0  0 0  0 0  1 2
   120  0.1237622674780546E-06   3   0 0  0 0  0 0  0 3
   121  -.4278680019689193E-02   4   4 0  0 0  0 0  0 0
   122  -.1573442556335043E-01   4   3 1  0 0  0 0  0 0
   123  -.2187006455876237E-01   4   2 2  0 0  0 0  0 0
   124  -.1338037486404315E-01   4   1 3  0 0  0 0  0 0
   125  -.3038957960184838E-02   4   0 4  0 0  0 0  0 0
   126   107.5714151835204       4   3 0  1 0  0 0  0 0
   127   299.5334368944442       4   2 1  1 0  0 0  0 0
   128   279.6196059805295       4   1 2  1 0  0 0  0 0
   129   87.72739718402185       4   0 3  1 0  0 0  0 0
   130  0.2400339953161120E-01   4   2 0  2 0  0 0  0 0
   131  0.4597806116137215E-01   4   1 1  2 0  0 0  0 0
   132  0.2197526773201065E-01   4   0 2  2 0  0 0  0 0
   133  -82.48088858445158       4   1 0  3 0  0 0  0 0
   134  -75.18831477294142       4   0 1  3 0  0 0  0 0
   135  -.3657828236031794E-02   4   0 0  4 0  0 0  0 0
   136   101.5013009908954       4   3 0  0 1  0 0  0 0
   137   284.5169889779773       4   2 1  0 1  0 0  0 0
   138   267.5599883346564       4   1 2  0 1  0 0  0 0
   139   84.61053499279393       4   0 3  0 1  0 0  0 0
   140  0.4656631074388972E-01   4   2 0  1 1  0 0  0 0
   141  0.8987940521047823E-01   4   1 1  1 1  0 0  0 0
   142  0.4389636903532385E-01   4   0 2  1 1  0 0  0 0
   143  -229.9344360250738       4   1 0  2 1  0 0  0 0
   144  -211.3773029704376       4   0 1  2 1  0 0  0 0
   145  -.1283126297833059E-01   4   0 0  3 1  0 0  0 0
   146  0.2235079731474926E-01   4   2 0  0 2  0 0  0 0
   147  0.4354521427810748E-01   4   1 1  0 2  0 0  0 0
   148  0.2173709652510649E-01   4   0 2  0 2  0 0  0 0
   149  -215.5771582306138       4   1 0  1 2  0 0  0 0
   150  -199.5899035594016       4   0 1  1 2  0 0  0 0
   151  -.1698940678254048E-01   4   0 0  2 2  0 0  0 0
   152  -67.72636472812499       4   1 0  0 3  0 0  0 0
   153  -63.06732753776393       4   0 1  0 3  0 0  0 0
   154  -.9770286041572207E-02   4   0 0  1 3  0 0  0 0
   155  -.1895138065229183E-02   4   0 0  0 4  0 0  0 0
   156  -.1030939836509350E-02   4   3 0  0 0  0 1  0 0
   157  0.8588002495083355E-02   4   2 1  0 0  0 1  0 0
   158  0.1873687252077377E-01   4   1 2  0 0  0 1  0 0
   159  0.9191784745821050E-02   4   0 3  0 0  0 1  0 0
   160   3.150010338883822       4   2 0  1 0  0 1  0 0
   161   11.79666048341452       4   1 1  1 0  0 1  0 0
   162   8.964218335152090       4   0 2  1 0  0 1  0 0
   163  0.2183415436853965E-02   4   1 0  2 0  0 1  0 0
   164  -.6579711038482945E-02   4   0 1  2 0  0 1  0 0
   165  0.4057370032949333       4   0 0  3 0  0 1  0 0
   166   5.371732918620376       4   2 0  0 1  0 1  0 0
   167   15.79936285006464       4   1 1  0 1  0 1  0 0
   168   11.87003895328039       4   0 2  0 1  0 1  0 0
   169  -.1307007548016131E-01   4   1 0  1 1  0 1  0 0
   170  -.2794818153639069E-01   4   0 1  1 1  0 1  0 0
   171   3.275280415031744       4   0 0  2 1  0 1  0 0
   172  -.1415585262498447E-01   4   1 0  0 2  0 1  0 0
   173  -.2059171244574028E-01   4   0 1  0 2  0 1  0 0
   174   4.775578532276004       4   0 0  1 2  0 1  0 0
   175   2.476384824039024       4   0 0  0 3  0 1  0 0
   176  -.1029552446263887E-02   4   3 0  0 0  0 0  1 0
   177  0.8576445166064017E-02   4   2 1  0 0  0 0  1 0
   178  0.1871165732077353E-01   4   1 2  0 0  0 0  1 0
   179  0.9179414875103936E-02   4   0 3  0 0  0 0  1 0
   180   3.145771203424594       4   2 0  1 0  0 0  1 0
   181   11.78078509369331       4   1 1  1 0  0 0  1 0
   182   8.952154712585630       4   0 2  1 0  0 0  1 0
   183  0.2180477099259847E-02   4   1 0  2 0  0 0  1 0
   184  -.6570856373458401E-02   4   0 1  2 0  0 0  1 0
   185  0.4051909815576218       4   0 0  3 0  0 0  1 0
   186   5.364503893619498       4   2 0  0 1  0 0  1 0
   187   15.77810081213920       4   1 1  0 1  0 0  1 0
   188   11.85406481427261       4   0 2  0 1  0 0  1 0
   189  -.1305248638855143E-01   4   1 0  1 1  0 0  1 0
   190  -.2791057019083118E-01   4   0 1  1 1  0 0  1 0
   191   3.270872697007814       4   0 0  2 1  0 0  1 0
   192  -.1413680234566399E-01   4   1 0  0 2  0 0  1 0
   193  -.2056400108958461E-01   4   0 1  0 2  0 0  1 0
   194   4.769151783752486       4   0 0  1 2  0 0  1 0
   195   2.473052222050808       4   0 0  0 3  0 0  1 0
   196  0.3394813456914603E-03   4   3 0  0 0  0 0  0 1
   197  0.9794794803047154E-03   4   2 1  0 0  0 0  0 1
   198  0.9490718334952029E-03   4   1 2  0 0  0 0  0 1
   199  0.3305777171691691E-03   4   0 3  0 0  0 0  0 1
   200  -12.12963405879759       4   2 0  1 0  0 0  0 1
   201  -23.55787092344855       4   1 1  1 0  0 0  0 1
   202  -11.79662031433260       4   0 2  1 0  0 0  0 1
   203  -.8394222473579074E-03   4   1 0  2 0  0 0  0 1
   204  -.8418265293725039E-03   4   0 1  2 0  0 0  0 1
   205  -2.083788648564767       4   0 0  3 0  0 0  0 1
   206  -10.72610827776776       4   2 0  0 1  0 0  0 1
   207  -21.31209137110922       4   1 1  0 1  0 0  0 1
   208  -11.41753299074685       4   0 2  0 1  0 0  0 1
   209  -.1690040695190404E-02   4   1 0  1 1  0 0  0 1
   210  -.1768327109911118E-02   4   0 1  1 1  0 0  0 1
   211  -6.553675350799677       4   0 0  2 1  0 0  0 1
   212  -.8387666755876419E-03   4   1 0  0 2  0 0  0 1
   213  -.8879619807869917E-03   4   0 1  0 2  0 0  0 1
   214  -6.178162563207637       4   0 0  1 2  0 0  0 1
   215  -2.286072022567588       4   0 0  0 3  0 0  0 1
   216  -.9002842351004612E-04   4   2 0  0 0  0 2  0 0
   217  0.7941931691837490E-04   4   1 1  0 0  0 2  0 0
   218  0.1557414222271233E-03   4   0 2  0 0  0 2  0 0
   219  -.1346026998851185E-01   4   1 0  1 0  0 2  0 0
   220  0.1562260714073660       4   0 1  1 0  0 2  0 0
   221  -.8796038658855207E-04   4   0 0  2 0  0 2  0 0
   222  0.1650611795038308       4   1 0  0 1  0 2  0 0
   223  0.4253287890706440       4   0 1  0 1  0 2  0 0
   224  0.2689571859716382E-03   4   0 0  1 1  0 2  0 0
   225  0.4940133681629428E-03   4   0 0  0 2  0 2  0 0
   226  -.9006765115618295E-04   4   2 0  0 0  0 1  1 0
   227  0.1749773146252537E-03   4   1 1  0 0  0 1  1 0
   228  0.3097172005502968E-03   4   0 2  0 0  0 1  1 0
   229  -.9231026319447229E-02   4   1 0  1 0  0 1  1 0
   230  0.9228292937512914E-01   4   0 1  1 0  0 1  1 0
   231  -.8230386130720659E-04   4   0 0  2 0  0 1  1 0
   232  0.1011022863852445       4   1 0  0 1  0 1  1 0
   233  0.4150854282040995       4   0 1  0 1  0 1  1 0
   234  0.2518694342686775E-03   4   0 0  1 1  0 1  1 0
   235  0.5749253245380319E-03   4   0 0  0 2  0 1  1 0
   236  -.8984666310048680E-04   4   2 0  0 0  0 0  2 0
   237  0.7919470003275500E-04   4   1 1  0 0  0 0  2 0
   238  0.1553234313549909E-03   4   0 2  0 0  0 0  2 0
   239  -.1343594445143309E-01   4   1 0  1 0  0 0  2 0
   240  0.1559537347145409       4   0 1  1 0  0 0  2 0
   241  -.8778663331686037E-04   4   0 0  2 0  0 0  2 0
   242  0.1647710186014027       4   1 0  0 1  0 0  2 0
   243  0.4244771004278753       4   0 1  0 1  0 0  2 0
   244  0.2684257590590485E-03   4   0 0  1 1  0 0  2 0
   245  0.4929616945508772E-03   4   0 0  0 2  0 0  2 0
   246  0.2071789014498441E-03   4   2 0  0 0  0 1  0 1
   247  -.5374434362043548E-04   4   1 1  0 0  0 1  0 1
   248  -.1930957551293380E-03   4   0 2  0 0  0 1  0 1
   249  0.3692123420259671E-01   4   1 0  1 0  0 1  0 1
   250  -.1837354463620135       4   0 1  1 0  0 1  0 1
   251  0.1635411622406991E-03   4   0 0  2 0  0 1  0 1
   252  -.2016632583137011       4   1 0  0 1  0 1  0 1
   253  -.3945278727989940       4   0 1  0 1  0 1  0 1
   254  -.2648648111733347E-03   4   0 0  1 1  0 1  0 1
   255  -.4758592485187575E-03   4   0 0  0 2  0 1  0 1
   256  0.2069000898482764E-03   4   2 0  0 0  0 0  1 1
   257  -.5367201701567343E-04   4   1 1  0 0  0 0  1 1
   258  -.1928358959623718E-03   4   0 2  0 0  0 0  1 1
   259  0.3687154734564434E-01   4   1 0  1 0  0 0  1 1
   260  -.1834881838574511       4   0 1  1 0  0 0  1 1
   261  0.1633210762519836E-03   4   0 0  2 0  0 0  1 1
   262  -.2013918694047225       4   1 0  0 1  0 0  1 1
   263  -.3939969357812358       4   0 1  0 1  0 0  1 1
   264  -.2645083685931042E-03   4   0 0  1 1  0 0  1 1
   265  -.4752188595685706E-03   4   0 0  0 2  0 0  1 1
   266  -.1444904664740178E-03   4   2 0  0 0  0 0  0 2
   267  -.2743731003282385E-03   4   1 1  0 0  0 0  0 2
   268  -.1291139869066375E-03   4   0 2  0 0  0 0  0 2
   269  -.3766468498785619E-01   4   1 0  1 0  0 0  0 2
   270  -.3673392960031309E-01   4   0 1  1 0  0 0  0 2
   271  -.6856958391718976E-04   4   0 0  2 0  0 0  0 2
   272  -.2773126559011580E-01   4   1 0  0 1  0 0  0 2
   273  -.2772403741692491E-01   4   0 1  0 1  0 0  0 2
   274  -.1476793585563262E-03   4   0 0  1 1  0 0  0 2
   275  -.7586608409626476E-04   4   0 0  0 2  0 0  0 2
   276  -.2944889127833516E-05   4   1 0  0 0  0 3  0 0
   277  -.1709820305655335E-04   4   0 1  0 0  0 3  0 0
   278  -.2362424569113310E-01   4   0 0  1 0  0 3  0 0
   279  0.3066545278444606       4   0 0  0 1  0 3  0 0
   280  -.1973856124535620E-05   4   1 0  0 0  0 2  1 0
   281  -.1186850005398938E-04   4   0 1  0 0  0 2  1 0
   282  -.1352625558387076E-01   4   0 0  1 0  0 2  1 0
   283  0.1585858950040598       4   0 0  0 1  0 2  1 0
   284  -.1975808280198816E-05   4   1 0  0 0  0 1  2 0
   285  -.1187901043718732E-04   4   0 1  0 0  0 1  2 0
   286  -.1354657550558446E-01   4   0 0  1 0  0 1  2 0
   287  0.1588839576354372       4   0 0  0 1  0 1  2 0
   288  -.2937618118024741E-05   4   1 0  0 0  0 0  3 0
   289  -.1705571285682720E-04   4   0 1  0 0  0 0  3 0
   290  -.2356746787492442E-01   4   0 0  1 0  0 0  3 0
   291  0.3059289412927394       4   0 0  0 1  0 0  3 0
   292  0.3858546118519954E-05   4   1 0  0 0  0 2  0 1
   293  0.2143319270111103E-04   4   0 1  0 0  0 2  0 1
   294  0.5572956777310958E-01   4   0 0  1 0  0 2  0 1
   295  -.3170681003758977       4   0 0  0 1  0 2  0 1
   296  0.2953037087905802E-05   4   1 0  0 0  0 1  1 1
   297  0.1654367581432818E-04   4   0 1  0 0  0 1  1 1
   298  0.3556198548061230E-01   4   0 0  1 0  0 1  1 1
   299  -.1698617674420131       4   0 0  0 1  0 1  1 1
   300  0.3851366439930068E-05   4   1 0  0 0  0 0  2 1
   301  0.2139321707088650E-04   4   0 1  0 0  0 0  2 1
   302  0.5563064072520354E-01   4   0 0  1 0  0 0  2 1
   303  -.3165271090886561       4   0 0  0 1  0 0  2 1
   304  -.4811544502041941E-06   4   1 0  0 0  0 1  0 2
   305  -.1510360766070374E-05   4   0 1  0 0  0 1  0 2
   306  -.3553884495723302E-01   4   0 0  1 0  0 1  0 2
   307  -.6267359747924278E-01   4   0 0  0 1  0 1  0 2
   308  -.4805069352211309E-06   4   1 0  0 0  0 0  1 2
   309  -.1508328193732232E-05   4   0 1  0 0  0 0  1 2
   310  -.3549101845457751E-01   4   0 0  1 0  0 0  1 2
   311  -.6258925430545963E-01   4   0 0  0 1  0 0  1 2
   312  0.1126805927491880E-06   4   1 0  0 0  0 0  0 3
   313  0.9191820954615303E-07   4   0 1  0 0  0 0  0 3
   314  -.1627699200968335E-02   4   0 0  1 0  0 0  0 3
   315  -.1329128471114407E-02   4   0 0  0 1  0 0  0 3
   316  -.5032190668022362E-05   4   0 0  0 0  0 4  0 0
   317  -.2672770228395716E-05   4   0 0  0 0  0 3  1 0
   318  -.2359321845306897E-05   4   0 0  0 0  0 2  2 0
   319  -.2679521798755305E-05   4   0 0  0 0  0 1  3 0
   320  -.5016856106030298E-05   4   0 0  0 0  0 0  4 0
   321  0.5492146700197056E-05   4   0 0  0 0  0 3  0 1
   322  0.2918274542240962E-05   4   0 0  0 0  0 2  1 1
   323  0.2923455316177707E-05   4   0 0  0 0  0 1  2 1
   324  0.5479099102999036E-05   4   0 0  0 0  0 0  3 1
   325  0.2957810306563544E-06   4   0 0  0 0  0 2  0 2
   326  0.3529110963431937E-06   4   0 0  0 0  0 1  1 2
   327  0.2951455169243036E-06   4   0 0  0 0  0 0  2 2
   328  0.1658157244349827E-08   4   0 0  0 0  0 1  0 3
   329  0.1655925774476628E-08   4   0 0  0 0  0 0  1 3
   330  -.3761285466996336E-14   4   0 0  0 0  0 0  0 4
   ----------------------------------------------------
     I  COEFFICIENT            ORDER EXPONENTS
     1  0.8991946944101614E-08   0   0 0  0 0  0 0  0 0
     2  -.1457920565803122E-05   1   1 0  0 0  0 0  0 0
     3  -.2088275092529243E-05   1   0 1  0 0  0 0  0 0
     4  0.1128412362409442E-04   1   0 0  1 0  0 0  0 0
     5  -.1417640369327625E-05   1   0 0  0 1  0 0  0 0
     6   1.000000000000000       1   0 0  0 0  1 0  0 0
     7  0.2859789904922829       1   0 0  0 0  0 1  0 0
     8  -.2859789895279384       1   0 0  0 0  0 0  1 0
     9  -.9643496197901795E-09   1   0 0  0 0  0 0  0 1
    10  -.7827892194356928E-01   2   2 0  0 0  0 0  0 0
    11  -.2891015509854993       2   1 1  0 0  0 0  0 0
    12  -.4817793540648251       2   0 2  0 0  0 0  0 0
    13  -.5382257954522510E-05   2   1 0  1 0  0 0  0 0
    14  -.9299728382060208E-05   2   0 1  1 0  0 0  0 0
    15  -.6486788476947945E-01   2   0 0  2 0  0 0  0 0
    16  -.9203675673543757E-05   2   1 0  0 1  0 0  0 0
    17  -.1213712457291233E-04   2   0 1  0 1  0 0  0 0
    18  0.1880263537459389E-01   2   0 0  1 1  0 0  0 0
    19  -.2179958829082263       2   0 0  0 2  0 0  0 0
    20  0.2178376300406605E-05   2   1 0  0 0  0 1  0 0
    21  0.3749169549042272E-05   2   0 1  0 0  0 1  0 0
    22  -.1640911785845234E-04   2   0 0  1 0  0 1  0 0
    23  -.2769206537539012E-05   2   0 0  0 1  0 1  0 0
    24  0.7214531692300615E-06   2   1 0  0 0  0 0  1 0
    25  0.1661485015625238E-05   2   0 1  0 0  0 0  1 0
    26  -.5133269205402893E-05   2   0 0  1 0  0 0  1 0
    27  -.4179314703617838E-05   2   0 0  0 1  0 0  1 0
    28  -.2899856418035386E-05   2   1 0  0 0  0 0  0 1
    29  -.3322452812173036E-05   2   0 1  0 0  0 0  0 1
    30  0.2154239868845960E-04   2   0 0  1 0  0 0  0 1
    31  0.8366180599436492E-05   2   0 0  0 1  0 0  0 1
    32  -.2146286617830190       2   0 0  0 0  0 2  0 0
    33  0.1432783316916684       2   0 0  0 0  0 1  1 0
    34  0.7135032870883601E-01   2   0 0  0 0  0 0  2 0
    35  0.1382211079313470E-08   2   0 0  0 0  0 1  0 1
    36  0.4186318981200011E-09   2   0 0  0 0  0 0  1 1
    37  -.4182871784125632E-09   2   0 0  0 0  0 0  0 2
    38  0.3721047689608456E-01   3   3 0  0 0  0 0  0 0
    39  0.1353320901313797       3   2 1  0 0  0 0  0 0
    40  0.1530520137504125       3   1 2  0 0  0 0  0 0
    41  0.5541247824434803E-01   3   0 3  0 0  0 0  0 0
    42  0.2215991499707168E-03   3   2 0  1 0  0 0  0 0
    43  0.3580374617936494E-03   3   1 1  1 0  0 0  0 0
    44  0.2415135772353276E-03   3   0 2  1 0  0 0  0 0
    45  0.2538645873346745E-01   3   1 0  2 0  0 0  0 0
    46  -.6247083786161833E-02   3   0 1  2 0  0 0  0 0
    47  0.6529030667570464E-04   3   0 0  3 0  0 0  0 0
    48  0.1527631730382632E-03   3   2 0  0 1  0 0  0 0
    49  0.2323333323879103E-03   3   1 1  0 1  0 0  0 0
    50  0.1562616511003030E-03   3   0 2  0 1  0 0  0 0
    51  -.1194240256633187E-01   3   1 0  1 1  0 0  0 0
    52  -.6211746685749417E-01   3   0 1  1 1  0 0  0 0
    53  0.2326732137037726E-03   3   0 0  2 1  0 0  0 0
    54  -.3172211204747032E-01   3   1 0  0 2  0 0  0 0
    55  -.5169509254162782E-01   3   0 1  0 2  0 0  0 0
    56  0.2359523882822116E-03   3   0 0  1 2  0 0  0 0
    57  0.6421250361345091E-04   3   0 0  0 3  0 0  0 0
    58  0.1210401254025146       3   2 0  0 0  0 1  0 0
    59  0.5135069893093860       3   1 1  0 0  0 1  0 0
    60  0.8572846200030352       3   0 2  0 0  0 1  0 0
    61  0.8111101830461736E-05   3   1 0  1 0  0 1  0 0
    62  0.1658470572319159E-04   3   0 1  1 0  0 1  0 0
    63  0.9420364977396808E-01   3   0 0  2 0  0 1  0 0
    64  0.1640436871415129E-04   3   1 0  0 1  0 1  0 0
    65  0.2682481597911636E-04   3   0 1  0 1  0 1  0 0
    66  0.2806308002986883E-01   3   0 0  1 1  0 1  0 0
    67  0.3193015705723647       3   0 0  0 2  0 1  0 0
    68  0.4280894551304447E-01   3   2 0  0 0  0 0  1 0
    69  0.2244921859271769       3   1 1  0 0  0 0  1 0
    70  0.3756475721108229       3   0 2  0 0  0 0  1 0
    71  0.2721423109506451E-05   3   1 0  1 0  0 0  1 0
    72  0.7243140258966754E-05   3   0 1  1 0  0 0  1 0
    73  0.2938352536489775E-01   3   0 0  2 0  0 0  1 0
    74  0.7183618621519466E-05   3   1 0  0 1  0 0  1 0
    75  0.1462690860894554E-04   3   0 1  0 1  0 0  1 0
    76  0.4677745932260856E-01   3   0 0  1 1  0 0  1 0
    77  0.1014623683769454       3   0 0  0 2  0 0  1 0
    78  -.1638492425293498       3   2 0  0 0  0 0  0 1
    79  -.4488981279605659       3   1 1  0 0  0 0  0 1
    80  -.2693739796604732       3   0 2  0 0  0 0  0 1
    81  -.1080960242383637E-04   3   1 0  1 0  0 0  0 1
    82  -.1444226242628831E-04   3   0 1  1 0  0 0  0 1
    83  -.1235872832766988       3   0 0  2 0  0 0  0 1
    84  -.1433349530967606E-04   3   1 0  0 1  0 0  0 1
    85  -.1702657894201680E-04   3   0 1  0 1  0 0  0 1
    86  -.9364330295362709E-01   3   0 0  1 1  0 0  0 1
    87  0.1522774239294969E-01   3   0 0  0 2  0 0  0 1
    88  -.2713285887110197E-05   3   1 0  0 0  0 2  0 0
    89  -.5296471950884859E-05   3   0 1  0 0  0 2  0 0
    90  0.2000608257601617E-04   3   0 0  1 0  0 2  0 0
    91  0.8134920928556481E-05   3   0 0  0 1  0 2  0 0
    92  -.1070650822747484E-05   3   1 0  0 0  0 1  1 0
    93  -.3095425078145653E-05   3   0 1  0 0  0 1  1 0
    94  0.7201171766409262E-05   3   0 0  1 0  0 1  1 0
    95  0.1073117277887032E-04   3   0 0  0 1  0 1  1 0
    96  -.5360667543288685E-06   3   1 0  0 0  0 0  2 0
    97  -.1548147233613401E-05   3   0 1  0 0  0 0  2 0
    98  0.3606759716505958E-05   3   0 0  1 0  0 0  2 0
    99  0.5360222321725379E-05   3   0 0  0 1  0 0  2 0
   100  0.4318438507455113E-05   3   1 0  0 0  0 1  0 1
   101  0.6189719717533048E-05   3   0 1  0 0  0 1  0 1
   102  -.3080767002184092E-04   3   0 0  1 0  0 1  0 1
   103  -.2146622113335657E-04   3   0 0  0 1  0 1  0 1
   104  0.1420725141805942E-05   3   1 0  0 0  0 0  1 1
   105  0.2868091535590589E-05   3   0 1  0 0  0 0  1 1
   106  -.9282700968833129E-05   3   0 0  1 0  0 0  1 1
   107  -.1309449117471056E-04   3   0 0  0 1  0 0  1 1
   108  -.1419663645252997E-05   3   1 0  0 0  0 0  0 2
   109  -.1206535569405316E-05   3   0 1  0 0  0 0  0 2
   110  0.9274977540832025E-05   3   0 0  1 0  0 0  0 2
   111  0.8915138647679606E-05   3   0 0  0 1  0 0  0 2
   112  0.1788813487340284       3   0 0  0 0  0 3  0 0
   113  -.1073867921473355       3   0 0  0 0  0 2  1 0
   114  -.3589155493195922E-01   3   0 0  0 0  0 1  2 0
   115  -.3560303929632421E-01   3   0 0  0 0  0 0  3 0
   116  -.1797535104639918E-08   3   0 0  0 0  0 2  0 1
   117  -.2690961702172124E-10   3   0 0  0 0  0 1  1 1
   118  -.1463945280657901E-10   3   0 0  0 0  0 0  2 1
   119  0.2776935204282983E-09   3   0 0  0 0  0 1  0 2
   120  0.4798836629826742E-10   3   0 0  0 0  0 0  1 2
   121  0.2984645306054781E-10   3   0 0  0 0  0 0  0 3
   122  -.3381843422824089       4   4 0  0 0  0 0  0 0
   123  -1.779254659213868       4   3 1  0 0  0 0  0 0
   124  -3.832570179574499       4   2 2  0 0  0 0  0 0
   125  -3.803477865150029       4   1 3  0 0  0 0  0 0
   126  -1.675568749519733       4   0 4  0 0  0 0  0 0
   127  0.1492821452648706E-05   4   3 0  1 0  0 0  0 0
   128  0.1343545854106152E-02   4   2 1  1 0  0 0  0 0
   129  0.2411690621969208E-02   4   1 2  1 0  0 0  0 0
   130  0.1077308291165800E-02   4   0 3  1 0  0 0  0 0
   131  -1.461417674995884       4   2 0  2 0  0 0  0 0
   132  -2.790795582033551       4   1 1  2 0  0 0  0 0
   133  -1.801257027034087       4   0 2  2 0  0 0  0 0
   134  0.1833632617956222E-02   4   1 0  3 0  0 0  0 0
   135  0.1278779287179119E-02   4   0 1  3 0  0 0  0 0
   136  -.2573232503228238       4   0 0  4 0  0 0  0 0
   137  0.4878741919415426E-03   4   3 0  0 1  0 0  0 0
   138  0.2579099180520328E-02   4   2 1  0 1  0 0  0 0
   139  0.3475211609506954E-02   4   1 2  0 1  0 0  0 0
   140  0.1385351519177658E-02   4   0 3  0 1  0 0  0 0
   141  -2.232175156517846       4   2 0  1 1  0 0  0 0
   142  -3.873971116412187       4   1 1  1 1  0 0  0 0
   143  -2.327235758179822       4   0 2  1 1  0 0  0 0
   144  0.4003630417873036E-02   4   1 0  2 1  0 0  0 0
   145  0.2571942090110936E-02   4   0 1  2 1  0 0  0 0
   146  -.9367471899951076       4   0 0  3 1  0 0  0 0
   147  -.6859853172814130       4   2 0  0 2  0 0  0 0
   148  -1.317884073845790       4   1 1  0 2  0 0  0 0
   149  -1.265216693133452       4   0 2  0 2  0 0  0 0
   150  0.2690798509714685E-02   4   1 0  1 2  0 0  0 0
   151  0.1436885362035346E-02   4   0 1  1 2  0 0  0 0
   152  -1.224863370657835       4   0 0  2 2  0 0  0 0
   153  0.4918849724202377E-03   4   1 0  0 3  0 0  0 0
   154  0.1157028579262327E-03   4   0 1  0 3  0 0  0 0
   155  -.5955532324142266       4   0 0  1 3  0 0  0 0
   156  -.2104411870567368       4   0 0  0 4  0 0  0 0
   157  -.5971149675309724E-01   4   3 0  0 0  0 1  0 0
   158  -.2669282171974887       4   2 1  0 0  0 1  0 0
   159  -.3669195150602427       4   1 2  0 0  0 1  0 0
   160  -.1580781141614369       4   0 3  0 0  0 1  0 0
   161  0.4314864857211031E-04   4   2 0  1 0  0 1  0 0
   162  -.4169168751019932E-04   4   1 1  1 0  0 1  0 0
   163  -.1690331369358874E-03   4   0 2  1 0  0 1  0 0
   164  -.3551136611437917E-01   4   1 0  2 0  0 1  0 0
   165  -.9088906578759589E-03   4   0 1  2 0  0 1  0 0
   166  -.7428952048497395E-05   4   0 0  3 0  0 1  0 0
   167  -.6006176881310650E-04   4   2 0  0 1  0 1  0 0
   168  -.5578590811444964E-04   4   1 1  0 1  0 1  0 0
   169  -.5722296937766390E-04   4   0 2  0 1  0 1  0 0
   170  -.2392133856858193E-02   4   1 0  1 1  0 1  0 0
   171  0.1038203182089746       4   0 1  1 1  0 1  0 0
   172  -.1472040034621388E-03   4   0 0  2 1  0 1  0 0
   173  0.5357566369547648E-01   4   1 0  0 2  0 1  0 0
   174  0.1191967501989671       4   0 1  0 2  0 1  0 0
   175  -.3862828278612284E-03   4   0 0  1 2  0 1  0 0
   176  -.1767983691779416E-03   4   0 0  0 3  0 1  0 0
   177  -.2230907527898887E-01   4   3 0  0 0  0 0  1 0
   178  -.1306209788906919       4   2 1  0 0  0 0  1 0
   179  -.2124126038543706       4   1 2  0 0  0 0  1 0
   180  -.1019325822874050       4   0 3  0 0  0 0  1 0
   181  0.1923137461930752E-04   4   2 0  1 0  0 0  1 0
   182  -.1430285513362113E-03   4   1 1  1 0  0 0  1 0
   183  -.1888242261381356E-03   4   0 2  1 0  0 0  1 0
   184  -.1005912535614577E-01   4   1 0  2 0  0 0  1 0
   185  -.6786724992078687E-02   4   0 1  2 0  0 0  1 0
   186  -.1146958888326573E-04   4   0 0  3 0  0 0  1 0
   187  -.7502844468013762E-04   4   2 0  0 1  0 0  1 0
   188  -.1705252969628869E-03   4   1 1  0 1  0 0  1 0
   189  -.1304714477444312E-03   4   0 2  0 1  0 0  1 0
   190  -.1417579233105906E-01   4   1 0  1 1  0 0  1 0
   191  0.4223115095859986E-01   4   0 1  1 1  0 0  1 0
   192  -.1088777625305397E-03   4   0 0  2 1  0 0  1 0
   193  0.2195960539213638E-01   4   1 0  0 2  0 0  1 0
   194  0.6776356811236707E-01   4   0 1  0 2  0 0  1 0
   195  -.2744623440429452E-03   4   0 0  1 2  0 0  1 0
   196  -.1313467855176999E-03   4   0 0  0 3  0 0  1 0
   197  0.8175997479655404E-01   4   3 0  0 0  0 0  0 1
   198  0.2605861298890312       4   2 1  0 0  0 0  0 1
   199  0.2704429006488498       4   1 2  0 0  0 0  0 1
   200  0.9208848021876906E-01   4   0 3  0 0  0 0  0 1
   201  -.1533750962094861E-04   4   2 0  1 0  0 0  0 1
   202  -.2891835991430457E-04   4   1 1  1 0  0 0  0 1
   203  0.5408508338333043E-04   4   0 2  1 0  0 0  0 1
   204  0.4540923817964554E-01   4   1 0  2 0  0 0  0 1
   205  0.1323551775567344E-01   4   0 1  2 0  0 0  0 1
   206  0.4586556646566701E-04   4   0 0  3 0  0 0  0 1
   207  -.6573727877307053E-04   4   2 0  0 1  0 0  0 1
   208  -.1851149687741468E-03   4   1 1  0 1  0 0  0 1
   209  -.5384686107957946E-04   4   0 2  0 1  0 0  0 1
   210  0.2825998357095989E-01   4   1 0  1 1  0 0  0 1
   211  -.2279415523171457E-01   4   0 1  1 1  0 0  0 1
   212  0.9537722879224774E-04   4   0 0  2 1  0 0  0 1
   213  -.1232339958246965E-01   4   1 0  0 2  0 0  0 1
   214  -.3258764595102623E-01   4   0 1  0 2  0 0  0 1
   215  0.1040256410112160E-03   4   0 0  1 2  0 0  0 1
   216  0.5699199390994055E-04   4   0 0  0 3  0 0  0 1
   217  -.1550324821406227       4   2 0  0 0  0 2  0 0
   218  -.7251416616194117       4   1 1  0 0  0 2  0 0
   219  -1.226315452861483       4   0 2  0 0  0 2  0 0
   220  -.1366214054000743E-04   4   1 0  1 0  0 2  0 0
   221  -.3174528819570838E-04   4   0 1  1 0  0 2  0 0
   222  -.1147301493359888       4   0 0  2 0  0 2  0 0
   223  -.3197673034394988E-04   4   1 0  0 1  0 2  0 0
   224  -.5639628067111902E-04   4   0 1  0 1  0 2  0 0
   225  -.8868247988828626E-01   4   0 0  1 1  0 2  0 0
   226  -.4036819239431422       4   0 0  0 2  0 2  0 0
   227  -.6798533560577516E-01   4   2 0  0 0  0 1  1 0
   228  -.4232610843275438       4   1 1  0 0  0 1  1 0
   229  -.7380592388818130       4   0 2  0 0  0 1  1 0
   230  -.5350518709854853E-05   4   1 0  1 0  0 1  1 0
   231  -.1686164712137119E-04   4   0 1  1 0  0 1  1 0
   232  -.4109427773379791E-01   4   0 0  2 0  0 1  1 0
   233  -.1714697596090621E-04   4   1 0  0 1  0 1  1 0
   234  -.3891620517204288E-04   4   0 1  0 1  0 1  1 0
   235  -.1212337833777198       4   0 0  1 1  0 1  1 0
   236  -.1688218553927035       4   0 0  0 2  0 1  1 0
   237  -.3402822564656006E-01   4   2 0  0 0  0 0  2 0
   238  -.2116906452328323       4   1 1  0 0  0 0  2 0
   239  -.3691087728997307       4   0 2  0 0  0 0  2 0
   240  -.2695645228403345E-05   4   1 0  1 0  0 0  2 0
   241  -.8453705913026543E-05   4   0 1  1 0  0 0  2 0
   242  -.2058274884352294E-01   4   0 0  2 0  0 0  2 0
   243  -.8589116660823930E-05   4   1 0  0 1  0 0  2 0
   244  -.1945975892018885E-04   4   0 1  0 1  0 0  2 0
   245  -.6055413566831216E-01   4   0 0  1 1  0 0  2 0
   246  -.8451181179953654E-01   4   0 0  0 2  0 0  2 0
   247  0.2569847917948620       4   2 0  0 0  0 1  0 1
   248  0.8464786780588219       4   1 1  0 0  0 1  0 1
   249  0.6188093006966202       4   0 2  0 0  0 1  0 1
   250  0.1608299687950434E-04   4   1 0  1 0  0 1  0 1
   251  0.3040357095468364E-04   4   0 1  1 0  0 1  0 1
   252  0.1763677923021676       4   0 0  2 0  0 1  0 1
   253  0.3081790125330784E-04   4   1 0  0 1  0 1  0 1
   254  0.4613208103286093E-04   4   0 1  0 1  0 1  0 1
   255  0.2425074175029388       4   0 0  1 1  0 1  0 1
   256  0.1829923130560437E-01   4   0 0  0 2  0 1  0 1
   257  0.9322279061035205E-01   4   2 0  0 0  0 0  1 1
   258  0.3976353839867552       4   1 1  0 0  0 0  1 1
   259  0.3493211228678775       4   0 2  0 0  0 0  1 1
   260  0.5358176897457759E-05   4   1 0  1 0  0 0  1 1
   261  0.1346842482260605E-04   4   0 1  1 0  0 0  1 1
   262  0.5288134495465819E-01   4   0 0  2 0  0 0  1 1
   263  0.1377552427081552E-04   4   1 0  0 1  0 0  1 1
   264  0.2445940234851478E-04   4   0 1  0 1  0 0  1 1
   265  0.1487996214616699       4   0 0  1 1  0 0  1 1
   266  0.3346578241054716E-01   4   0 0  0 2  0 0  1 1
   267  -.9317003463184331E-01   4   2 0  0 0  0 0  0 2
   268  -.1731415835651738       4   1 1  0 0  0 0  0 2
   269  -.7999593732968963E-01   4   0 2  0 0  0 0  0 2
   270  -.3587695986661561E-05   4   1 0  1 0  0 0  0 2
   271  -.3296087644170536E-05   4   0 1  1 0  0 0  0 2
   272  -.5283633808197293E-01   4   0 0  2 0  0 0  0 2
   273  -.3480482699736241E-05   4   1 0  0 1  0 0  0 2
   274  -.3224828576330510E-05   4   0 1  0 1  0 0  0 2
   275  -.1020204176616748       4   0 0  1 1  0 0  0 2
   276  -.4872904600404684E-01   4   0 0  0 2  0 0  0 2
   277  -.6822634593119812E-04   4   1 0  0 0  0 3  0 0
   278  -.1625195091439748E-03   4   0 1  0 0  0 3  0 0
   279  -.3190781778869118E-04   4   0 0  1 0  0 3  0 0
   280  -.3753453884120177E-05   4   0 0  0 1  0 3  0 0
   281  -.3259503966682542E-04   4   1 0  0 0  0 2  1 0
   282  -.7612704989801718E-04   4   0 1  0 0  0 2  1 0
   283  -.1171816698607608E-04   4   0 0  1 0  0 2  1 0
   284  -.1348656920035882E-04   4   0 0  0 1  0 2  1 0
   285  -.2009327507418125E-04   4   1 0  0 0  0 1  2 0
   286  -.4673154753070730E-04   4   0 1  0 0  0 1  2 0
   287  -.6738856957933201E-05   4   0 0  1 0  0 1  2 0
   288  -.9791466017189868E-05   4   0 0  0 1  0 1  2 0
   289  -.1088265492669616E-04   4   1 0  0 0  0 0  3 0
   290  -.2541918187336284E-04   4   0 1  0 0  0 0  3 0
   291  -.3917780235302889E-05   4   0 0  1 0  0 0  3 0
   292  -.4485659380234746E-05   4   0 0  0 1  0 0  3 0
   293  0.5885411389375088E-04   4   1 0  0 0  0 2  0 1
   294  0.5013523520825547E-04   4   0 1  0 0  0 2  0 1
   295  0.3540702667106246E-04   4   0 0  1 0  0 2  0 1
   296  0.4553157526850423E-04   4   0 0  0 1  0 2  0 1
   297  0.2772813296888256E-04   4   1 0  0 0  0 1  1 1
   298  0.2488353819393931E-04   4   0 1  0 0  0 1  1 1
   299  0.1119708146924727E-04   4   0 0  1 0  0 1  1 1
   300  0.3105072237134836E-04   4   0 0  0 1  0 1  1 1
   301  0.1387558457618103E-04   4   1 0  0 0  0 0  2 1
   302  0.1245025847318303E-04   4   0 1  0 0  0 0  2 1
   303  0.5611104814627940E-05   4   0 0  1 0  0 0  2 1
   304  0.1552485322623523E-04   4   0 0  0 1  0 0  2 1
   305  -.1160183832088696E-06   4   1 0  0 0  0 1  0 2
   306  0.6384565752339323E-06   4   0 1  0 0  0 1  0 2
   307  -.5412178147022160E-05   4   0 0  1 0  0 1  0 2
   308  -.9856768079989200E-05   4   0 0  0 1  0 1  0 2
   309  -.9123343108946673E-06   4   1 0  0 0  0 0  1 2
   310  -.1223364593195585E-06   4   0 1  0 0  0 0  1 2
   311  -.8635834993386985E-06   4   0 0  1 0  0 0  1 2
   312  -.5241284357184302E-05   4   0 0  0 1  0 0  1 2
   313  -.2110343555110489E-07   4   1 0  0 0  0 0  0 3
   314  -.1183346194063862E-07   4   0 1  0 0  0 0  0 3
   315  -.6839824845862423E-06   4   0 0  1 0  0 0  0 3
   316  -.6157615321166716E-06   4   0 0  0 1  0 0  0 3
   317  -.1565302485839984       4   0 0  0 0  0 4  0 0
   318  0.8947684576331742E-01   4   0 0  0 0  0 3  1 0
   319  0.2686485716787447E-01   4   0 0  0 0  0 2  2 0
   320  0.1798162825139318E-01   4   0 0  0 0  0 1  3 0
   321  0.2220686207965673E-01   4   0 0  0 0  0 0  4 0
   322  0.2494791000121703E-08   4   0 0  0 0  0 3  0 1
   323  0.1531210415906502E-08   4   0 0  0 0  0 2  1 1
   324  0.1265714689599289E-08   4   0 0  0 0  0 1  2 1
   325  0.4459522126610341E-09   4   0 0  0 0  0 0  3 1
   326  -.3474387864438209E-09   4   0 0  0 0  0 2  0 2
   327  -.1008635753731540E-09   4   0 0  0 0  0 1  1 2
   328  -.4755835163818312E-10   4   0 0  0 0  0 0  2 2
   329  -.5791042054836639E-10   4   0 0  0 0  0 1  0 3
   330  -.2806631221945433E-10   4   0 0  0 0  0 0  1 3
   331  -.1471848536686874E-11   4   0 0  0 0  0 0  0 4
   ----------------------------------------------------
     I  COEFFICIENT            ORDER EXPONENTS
     1   1.000000000000000       1   0 0  0 0  0 1  0 0
     --------------------------------------------------
     I  COEFFICIENT            ORDER EXPONENTS
     1   1.000000000000000       1   0 0  0 0  0 0  1 0
     --------------------------------------------------
     I  COEFFICIENT            ORDER EXPONENTS
     1   1.000000000000000       1   0 0  0 0  0 0  0 1
     --------------------------------------------------
