 L    0.1145458000000000E+01
 P (  0.0000000000000000E+00,  0.0000000000000000E+00,  0.9555200000000000E-01)
 A (  0.0000000000000000E+00,  0.0000000000000000E+00,  0.0000000000000000E+00)
     I  COEFFICIENT            ORDER EXPONENTS
     1  0.9405684112202829E-04   0   0 0  0 0  0 0  0 0
     2   1.312214434622035       1   1 0  0 0  0 0  0 0
     3   1.423028681255025       1   0 1  0 0  0 0  0 0
     4  0.9283818903164791E-05   1   0 0  1 0  0 0  0 0
     5  0.8142444148246438E-05   1   0 0  0 1  0 0  0 0
     6  -.6767745767419017E-06   1   0 0  0 0  0 1  0 0
     7  -.6758638054118618E-06   1   0 0  0 0  0 0  1 0
     8  0.1352638383220888E-05   1   0 0  0 0  0 0  0 1
     9  -.7302054493057780E-01   2   2 0  0 0  0 0  0 0
    10  -.1307270269120922       2   1 1  0 0  0 0  0 0
    11  -.5884086875333944E-01   2   0 2  0 0  0 0  0 0
    12  0.2777561829984969E-03   2   1 0  1 0  0 0  0 0
    13  0.7439048911939256E-04   2   0 1  1 0  0 0  0 0
    14  0.6139746524792240E-01   2   0 0  2 0  0 0  0 0
    15  0.2515520148962161E-03   2   1 0  0 1  0 0  0 0
    16  0.9379463009001893E-04   2   0 1  0 1  0 0  0 0
    17  0.1098293604311042       2   0 0  1 1  0 0  0 0
    18  0.4948322349447920E-01   2   0 0  0 2  0 0  0 0
    19  -.1629302814135899       2   1 0  0 0  0 1  0 0
    20  -.8564814975432943       2   0 1  0 0  0 1  0 0
    21  -.4919692413794046E-05   2   0 0  1 0  0 1  0 0
    22  -.8409932702591099E-05   2   0 0  0 1  0 1  0 0
    23  -.1627110175195016       2   1 0  0 0  0 0  1 0
    24  -.8553288851084755       2   0 1  0 0  0 0  1 0
    25  -.4913071723600636E-05   2   0 0  1 0  0 0  1 0
    26  -.8398615011506364E-05   2   0 0  0 1  0 0  1 0
    27  0.3256412989492714       2   1 0  0 0  0 0  0 1
    28  0.2887817014133994       2   0 1  0 0  0 0  0 1
    29  0.9832751225269376E-05   2   0 0  1 0  0 0  0 1
    30  0.8666091275336308E-05   2   0 0  0 1  0 0  0 1
    31  0.4554892250051661E-06   2   0 0  0 0  0 2  0 0
    32  0.2348118710696763E-06   2   0 0  0 0  0 1  1 0
    33  0.4547182495857663E-06   2   0 0  0 0  0 0  2 0
    34  -.4690690219121459E-06   2   0 0  0 0  0 1  0 1
    35  -.4684377709289479E-06   2   0 0  0 0  0 0  1 1
    36  -.2075628576087271E-06   2   0 0  0 0  0 0  0 2
    37  0.2399737225632368       3   3 0  0 0  0 0  0 0
    38   1.922756760072526       3   2 1  0 0  0 0  0 0
    39   3.234780804169924       3   1 2  0 0  0 0  0 0
    40   2.241823139140606       3   0 3  0 0  0 0  0 0
    41  -.6209395455654658E-02   3   2 0  1 0  0 0  0 0
    42  -.1106006688627234E-01   3   1 1  1 0  0 0  0 0
    43  -.4939281990213717E-02   3   0 2  1 0  0 0  0 0
    44  -.6392345223602820       3   1 0  2 0  0 0  0 0
    45  0.2392640595961493       3   0 1  2 0  0 0  0 0
    46  0.1714122245894885E-02   3   0 0  3 0  0 0  0 0
    47  -.5601850567742366E-02   3   2 0  0 1  0 0  0 0
    48  -.1005000229250375E-01   3   1 1  0 1  0 0  0 0
    49  -.4516878694997759E-02   3   0 2  0 1  0 0  0 0
    50  -1.594765707427890       3   1 0  1 1  0 0  0 0
    51  -.2588527563146836       3   0 1  1 1  0 0  0 0
    52  0.4607870891536100E-02   3   0 0  2 1  0 0  0 0
    53  -.5882019470890030       3   1 0  0 2  0 0  0 0
    54  0.5852233199660088       3   0 1  0 2  0 0  0 0
    55  0.4166741158742161E-02   3   0 0  1 2  0 0  0 0
    56  0.1271652510568732E-02   3   0 0  0 3  0 0  0 0
    57  0.4120093923752056E-01   3   2 0  0 0  0 1  0 0
    58  0.1390390943605674       3   1 1  0 0  0 1  0 0
    59  0.9194342742366875E-01   3   0 2  0 0  0 1  0 0
    60  -.1843446033729831E-03   3   1 0  1 0  0 1  0 0
    61  -.1036089099717153E-03   3   0 1  1 0  0 1  0 0
    62  -.2945443646532219E-01   3   0 0  2 0  0 1  0 0
    63  -.3105868645279281E-03   3   1 0  0 1  0 1  0 0
    64  -.1843202964527995E-03   3   0 1  0 1  0 1  0 0
    65  -.1074628823110422       3   0 0  1 1  0 1  0 0
    66  -.7311728615461616E-01   3   0 0  0 2  0 1  0 0
    67  0.4114549295522783E-01   3   2 0  0 0  0 0  1 0
    68  0.1388519821000627       3   1 1  0 0  0 0  1 0
    69  0.9181969429218564E-01   3   0 2  0 0  0 0  1 0
    70  -.1840965210936245E-03   3   1 0  1 0  0 0  1 0
    71  -.1034694779835946E-03   3   0 1  1 0  0 0  1 0
    72  -.2941479807286669E-01   3   0 0  2 0  0 0  1 0
    73  -.3101688913630987E-03   3   1 0  0 1  0 0  1 0
    74  -.1840722468845479E-03   3   0 1  0 1  0 0  1 0
    75  -.1073182638285782       3   0 0  1 1  0 0  1 0
    76  -.7301888835680760E-01   3   0 0  0 2  0 0  1 0
    77  -.8234656753891144E-01   3   2 0  0 0  0 0  0 1
    78  -.1471642673661163       3   1 1  0 0  0 0  0 1
    79  -.6608147058672567E-01   3   0 2  0 0  0 0  0 1
    80  0.3680388372636769E-03   3   1 0  1 0  0 0  0 1
    81  0.1322693457099013E-03   3   0 1  1 0  0 0  0 1
    82  0.5886933337798761E-01   3   0 0  2 0  0 0  0 1
    83  0.3687864517099974E-03   3   1 0  0 1  0 0  0 1
    84  0.1803674358430933E-03   3   0 1  0 1  0 0  0 1
    85  0.1049519402971982       3   0 0  1 1  0 0  0 1
    86  0.4716978670515487E-01   3   0 0  0 2  0 0  0 1
    87  0.1255882423208433       3   1 0  0 0  0 2  0 0
    88  0.7173620837459529       3   0 1  0 0  0 2  0 0
    89  0.3841341450013687E-05   3   0 0  1 0  0 2  0 0
    90  0.8637065799224280E-05   3   0 0  0 1  0 2  0 0
    91  0.8834646568905033E-01   3   1 0  0 0  0 1  1 0
    92  0.5786157018615599       3   0 1  0 0  0 1  1 0
    93  0.2730653156377385E-05   3   0 0  1 0  0 1  1 0
    94  0.8817236244318374E-05   3   0 0  0 1  0 1  1 0
    95  0.1253597853281466       3   1 0  0 0  0 0  2 0
    96  0.7160073547905753       3   0 1  0 0  0 0  2 0
    97  0.3834334561620081E-05   3   0 0  1 0  0 0  2 0
    98  0.8619509532731312E-05   3   0 0  0 1  0 0  2 0
    99  -.1765928712599356       3   1 0  0 0  0 1  0 1
   100  -.3003774455965704       3   0 1  0 0  0 1  0 1
   101  -.5429040285944287E-05   3   0 0  1 0  0 1  0 1
   102  -.9144420940219654E-05   3   0 0  0 1  0 1  0 1
   103  -.1763552208963272       3   1 0  0 0  0 0  1 1
   104  -.2999732117865849       3   0 1  0 0  0 0  1 1
   105  -.5421734139389252E-05   3   0 0  1 0  0 0  1 1
   106  -.9132114809479925E-05   3   0 0  0 1  0 0  1 1
   107  0.1365345375559770E-01   3   1 0  0 0  0 0  0 2
   108  0.1139369463154807E-01   3   0 1  0 0  0 0  0 2
   109  0.4762515670764525E-06   3   0 0  1 0  0 0  0 2
   110  0.4461135471063993E-06   3   0 0  0 1  0 0  0 2
   111  -.3442026295396783E-06   3   0 0  0 0  0 3  0 0
   112  -.1218572447819654E-06   3   0 0  0 0  0 2  1 0
   113  -.1223051425668174E-06   3   0 0  0 0  0 1  2 0
   114  -.3434259278472590E-06   3   0 0  0 0  0 0  3 0
   115  0.2433621202556698E-06   3   0 0  0 0  0 2  0 1
   116  0.1834676082214982E-07   3   0 0  0 0  0 1  1 1
   117  0.2430222698318618E-06   3   0 0  0 0  0 0  2 1
   118  0.2165073420505822E-06   3   0 0  0 0  0 1  0 2
   119  0.2162159766732902E-06   3   0 0  0 0  0 0  1 2
   120  -.5878233492762588E-08   3   0 0  0 0  0 0  0 3
   121  -7.301576645703843       4   4 0  0 0  0 0  0 0
   122  -26.79024169047511       4   3 1  0 0  0 0  0 0
   123  -37.12966482228082       4   2 2  0 0  0 0  0 0
   124  -23.09446780920697       4   1 3  0 0  0 0  0 0
   125  -5.450397459630766       4   0 4  0 0  0 0  0 0
   126  -.4228983096224279E-02   4   3 0  1 0  0 0  0 0
   127  -.1114460591515032E-01   4   2 1  1 0  0 0  0 0
   128  -.1004142718012932E-01   4   1 2  1 0  0 0  0 0
   129  -.3106640535960784E-02   4   0 3  1 0  0 0  0 0
   130   36.15406104863906       4   2 0  2 0  0 0  0 0
   131   64.32745028891920       4   1 1  2 0  0 0  0 0
   132   28.87244015624820       4   0 2  2 0  0 0  0 0
   133  0.3358950606339318E-02   4   1 0  3 0  0 0  0 0
   134  0.3092628507535901E-02   4   0 1  3 0  0 0  0 0
   135  -5.045701847786333       4   0 0  4 0  0 0  0 0
   136  -.3943854342778878E-02   4   3 0  0 1  0 0  0 0
   137  -.1038513272735590E-01   4   2 1  0 1  0 0  0 0
   138  -.9058922401000166E-02   4   1 2  0 1  0 0  0 0
   139  -.2622943973730267E-02   4   0 3  0 1  0 0  0 0
   140   65.62520637600828       4   2 0  1 1  0 0  0 0
   141   117.6159025741862       4   1 1  1 1  0 0  0 0
   142   53.22147930590299       4   0 2  1 1  0 0  0 0
   143  0.8710592648832036E-02   4   1 0  2 1  0 0  0 0
   144  0.7870006816547793E-02   4   0 1  2 1  0 0  0 0
   145  -17.89148018633242       4   0 0  3 1  0 0  0 0
   146   29.90560093480658       4   2 0  0 2  0 0  0 0
   147   53.92460812090208       4   1 1  0 2  0 0  0 0
   148   24.56982460598048       4   0 2  0 2  0 0  0 0
   149  0.7614806501114635E-02   4   1 0  1 2  0 0  0 0
   150  0.6739377070242357E-02   4   0 1  1 2  0 0  0 0
   151  -23.93666026708908       4   0 0  2 2  0 0  0 0
   152  0.2451963024194814E-02   4   1 0  0 3  0 0  0 0
   153  0.2123686571554808E-02   4   0 1  0 3  0 0  0 0
   154  -14.26706986765666       4   0 0  1 3  0 0  0 0
   155  -3.184282124167440       4   0 0  0 4  0 0  0 0
   156  -.3676369577995736       4   3 0  0 0  0 1  0 0
   157  -2.923816283765392       4   2 1  0 0  0 1  0 0
   158  -6.064102653582673       4   1 2  0 0  0 1  0 0
   159  -4.660677801595271       4   0 3  0 0  0 1  0 0
   160  0.8581997943296561E-03   4   2 0  1 0  0 1  0 0
   161  0.6421811855040930E-02   4   1 1  1 0  0 1  0 0
   162  0.5003649166317988E-02   4   0 2  1 0  0 1  0 0
   163  0.5344018115095840       4   1 0  2 0  0 1  0 0
   164  -.1174868998661751       4   0 1  2 0  0 1  0 0
   165  -.2550196119418272E-03   4   0 0  3 0  0 1  0 0
   166  0.3219946159659563E-02   4   2 0  0 1  0 1  0 0
   167  0.1015872838197217E-01   4   1 1  0 1  0 1  0 0
   168  0.6486981949756066E-02   4   0 2  0 1  0 1  0 0
   169   2.216382156714138       4   1 0  1 1  0 1  0 0
   170  0.8299046404735876       4   0 1  1 1  0 1  0 0
   171  -.2768411077569837E-02   4   0 0  2 1  0 1  0 0
   172   1.252561959586874       4   1 0  0 2  0 1  0 0
   173  -.6018264478459897       4   0 1  0 2  0 1  0 0
   174  -.4374947432430811E-02   4   0 0  1 2  0 1  0 0
   175  -.1906842885262355E-02   4   0 0  0 3  0 1  0 0
   176  -.3671422093078902       4   3 0  0 0  0 0  1 0
   177  -2.919881549605369       4   2 1  0 0  0 0  1 0
   178  -6.055941870022715       4   1 2  0 0  0 0  1 0
   179  -4.654405681060009       4   0 3  0 0  0 0  1 0
   180  0.8570448694920031E-03   4   2 0  1 0  0 0  1 0
   181  0.6413169683295925E-02   4   1 1  1 0  0 0  1 0
   182  0.4996915491083774E-02   4   0 2  1 0  0 0  1 0
   183  0.5336826387371418       4   1 0  2 0  0 0  1 0
   184  -.1173287915332996       4   0 1  2 0  0 0  1 0
   185  -.2546764185667337E-03   4   0 0  3 0  0 0  1 0
   186  0.3215612907868699E-02   4   2 0  0 1  0 0  1 0
   187  0.1014505724407999E-01   4   1 1  0 1  0 0  1 0
   188  0.6478252075168951E-02   4   0 2  0 1  0 0  1 0
   189   2.213399454062112       4   1 0  1 1  0 0  1 0
   190  0.8287877939204928       4   0 1  1 1  0 0  1 0
   191  -.2764685480412337E-02   4   0 0  2 1  0 0  1 0
   192   1.250876320732865       4   1 0  0 2  0 0  1 0
   193  -.6010165381755758       4   0 1  0 2  0 0  1 0
   194  -.4369059834360374E-02   4   0 0  1 2  0 0  1 0
   195  -.1904276745973762E-02   4   0 0  0 3  0 0  1 0
   196  0.7338265109221067       4   3 0  0 0  0 0  0 1
   197   3.917952772619673       4   2 1  0 0  0 0  0 1
   198   5.647341496082118       4   1 2  0 0  0 0  0 1
   199   2.588507450737311       4   0 3  0 0  0 0  0 1
   200  0.2307315909688006E-03   4   2 0  1 0  0 0  0 1
   201  0.5455199287125713E-03   4   1 1  1 0  0 0  0 1
   202  0.3282310122333804E-03   4   0 2  1 0  0 0  0 1
   203  -1.066123128477998       4   1 0  2 0  0 0  0 1
   204  -.2419627477308284E-02   4   0 1  2 0  0 0  0 1
   205  -.2236501208391530E-04   4   0 0  3 0  0 0  0 1
   206  0.2881420258960456E-03   4   2 0  0 1  0 0  0 1
   207  0.6329114660816069E-03   4   1 1  0 1  0 0  0 1
   208  0.3626865274761890E-03   4   0 2  0 1  0 0  0 1
   209  -2.830961421610572       4   1 0  1 1  0 0  0 1
   210  -1.136773212145480       4   0 1  1 1  0 0  0 1
   211  -.5950327654680766E-04   4   0 0  2 1  0 0  0 1
   212  -1.324932996003397       4   1 0  0 2  0 0  0 1
   213  -.5506342173693336       4   0 1  0 2  0 0  0 1
   214  -.4098144376372429E-04   4   0 0  1 2  0 0  0 1
   215  0.1862528454520964E-06   4   0 0  0 3  0 0  0 1
   216  -.3386967630135893E-01   4   2 0  0 0  0 2  0 0
   217  -.1467520849204187       4   1 1  0 0  0 2  0 0
   218  -.1197518831688605       4   0 2  0 0  0 2  0 0
   219  0.2552825012780105E-04   4   1 0  1 0  0 2  0 0
   220  0.9806065587186354E-04   4   0 1  1 0  0 2  0 0
   221  0.2126061170525335E-01   4   0 0  2 0  0 2  0 0
   222  0.2930347484789861E-03   4   1 0  0 1  0 2  0 0
   223  0.3552482291626053E-03   4   0 1  0 1  0 2  0 0
   224  0.1053714348363888       4   0 0  1 1  0 2  0 0
   225  0.9005964921234789E-01   4   0 0  0 2  0 2  0 0
   226  -.2612052320949135E-01   4   2 0  0 0  0 1  1 0
   227  -.1533873702010816       4   1 1  0 0  0 1  1 0
   228  -.1466496815206516       4   0 2  0 0  0 1  1 0
   229  -.3005358964897784E-05   4   1 0  1 0  0 1  1 0
   230  0.1110190739034248E-03   4   0 1  1 0  0 1  1 0
   231  0.1334832246118947E-01   4   0 0  2 0  0 1  1 0
   232  0.3419623918821805E-03   4   1 0  0 1  0 1  1 0
   233  0.4586612401898977E-03   4   0 1  0 1  0 1  1 0
   234  0.1036746229396281       4   0 0  1 1  0 1  1 0
   235  0.1071837156518681       4   0 0  0 2  0 1  1 0
   236  -.3380652020265618E-01   4   2 0  0 0  0 0  2 0
   237  -.1464513821337589       4   1 1  0 0  0 0  2 0
   238  -.1194920496131873       4   0 2  0 0  0 0  2 0
   239  0.2549591764719195E-04   4   1 0  1 0  0 0  2 0
   240  0.9785398834389605E-04   4   0 1  1 0  0 0  2 0
   241  0.2122301840435657E-01   4   0 0  2 0  0 0  2 0
   242  0.2924102976893044E-03   4   1 0  0 1  0 0  2 0
   243  0.3544615304974461E-03   4   0 1  0 1  0 0  2 0
   244  0.1051598707146016       4   0 0  1 1  0 0  2 0
   245  0.8986632978423682E-01   4   0 0  0 2  0 0  2 0
   246  0.5171459096621771E-01   4   2 0  0 0  0 1  0 1
   247  0.1660905796756517       4   1 1  0 0  0 1  0 1
   248  0.1076489702675443       4   0 2  0 0  0 1  0 1
   249  0.2364620840474130E-05   4   1 0  1 0  0 1  0 1
   250  -.4246267633929693E-04   4   0 1  1 0  0 1  0 1
   251  -.2691749197907806E-01   4   0 0  2 0  0 1  0 1
   252  -.2584034145371054E-03   4   1 0  0 1  0 1  0 1
   253  -.2301668135491391E-03   4   0 1  0 1  0 1  0 1
   254  -.1002158628870425       4   0 0  1 1  0 1  0 1
   255  -.6854165272374563E-01   4   0 0  0 2  0 1  0 1
   256  0.5164499590691905E-01   4   2 0  0 0  0 0  1 1
   257  0.1658670628011008       4   1 1  0 0  0 0  1 1
   258  0.1075041013566777       4   0 2  0 0  0 0  1 1
   259  0.2361438645187823E-05   4   1 0  1 0  0 0  1 1
   260  -.4240553207067610E-04   4   0 1  1 0  0 0  1 1
   261  -.2688126768695013E-01   4   0 0  2 0  0 0  1 1
   262  -.2580556673999525E-03   4   1 0  0 1  0 0  1 1
   263  -.2298570658988509E-03   4   0 1  0 1  0 0  1 1
   264  -.1000809971017791       4   0 0  1 1  0 0  1 1
   265  -.6844941259776624E-01   4   0 0  0 2  0 0  1 1
   266  -.9983930367555823E-02   4   2 0  0 0  0 0  0 2
   267  -.1757826441394597E-01   4   1 1  0 0  0 0  0 2
   268  -.7734492082661627E-02   4   0 2  0 0  0 0  0 2
   269  -.7623576356752905E-04   4   1 0  1 0  0 0  0 2
   270  -.8192126322261331E-04   4   0 1  1 0  0 0  0 2
   271  -.2281110072054502E-02   4   0 0  2 0  0 0  0 2
   272  -.5205221779433108E-04   4   1 0  0 1  0 0  0 2
   273  -.5974383168784974E-04   4   0 1  0 1  0 0  0 2
   274  -.4436610743529091E-02   4   0 0  1 1  0 0  0 2
   275  -.2116843200386642E-02   4   0 0  0 2  0 0  0 2
   276  -.1069611663715316       4   1 0  0 0  0 3  0 0
   277  -.6493023038512268       4   0 1  0 0  0 3  0 0
   278  -.5519214750870975E-05   4   0 0  1 0  0 3  0 0
   279  -.1136412425020848E-04   4   0 0  0 1  0 3  0 0
   280  -.6972673059514463E-01   4   1 0  0 0  0 2  1 0
   281  -.5132649494652686       4   0 1  0 0  0 2  1 0
   282  -.3630400915594184E-05   4   0 0  1 0  0 2  1 0
   283  -.1099139256704082E-04   4   0 0  0 1  0 2  1 0
   284  -.6980160255029139E-01   4   1 0  0 0  0 1  2 0
   285  -.5135377945765621       4   0 1  0 0  0 1  2 0
   286  -.3634198737276861E-05   4   0 0  1 0  0 1  2 0
   287  -.1099211410263090E-04   4   0 0  0 1  0 1  2 0
   288  -.1066983972220406       4   1 0  0 0  0 0  3 0
   289  -.6476467048671479       4   0 1  0 0  0 0  3 0
   290  -.5505633985223869E-05   4   0 0  1 0  0 0  3 0
   291  -.1133379841372189E-04   4   0 0  0 1  0 0  3 0
   292  0.1394257139248196       4   1 0  0 0  0 2  0 1
   293  0.3090760166750509       4   0 1  0 0  0 2  0 1
   294  0.6585454809175872E-05   4   0 0  1 0  0 2  0 1
   295  0.1203259551109270E-04   4   0 0  0 1  0 2  0 1
   296  0.1023553753399484       4   1 0  0 0  0 1  1 1
   297  0.3177476933108553       4   0 1  0 0  0 1  1 1
   298  0.4720840729979855E-05   4   0 0  1 0  0 1  1 1
   299  0.1172075225880043E-04   4   0 0  0 1  0 1  1 1
   300  0.1391692088497804       4   1 0  0 0  0 0  2 1
   301  0.3084462718026936       4   0 1  0 0  0 0  2 1
   302  0.6573415872028428E-05   4   0 0  1 0  0 0  2 1
   303  0.1200851599312546E-04   4   0 0  0 1  0 0  2 1
   304  -.1400610246304326E-01   4   1 0  0 0  0 1  0 2
   305  -.1737892798853146E-01   4   0 1  0 0  0 1  0 2
   306  -.1285340158143358E-06   4   0 0  1 0  0 1  0 2
   307  -.3114680309605401E-06   4   0 0  0 1  0 1  0 2
   308  -.1398725371043335E-01   4   1 0  0 0  0 0  1 2
   309  -.1735554024628510E-01   4   0 1  0 0  0 0  1 2
   310  -.1283610407934527E-06   4   0 0  1 0  0 0  1 2
   311  -.3110488719634546E-06   4   0 0  0 1  0 0  1 2
   312  0.2286177682097412E-03   4   1 0  0 0  0 0  0 3
   313  0.1842878143438324E-03   4   0 1  0 0  0 0  0 3
   314  0.1506998654893219E-07   4   0 0  1 0  0 0  0 3
   315  0.1216189033135161E-07   4   0 0  0 1  0 0  0 3
   316  -.2950563645865157E-04   4   0 0  0 0  0 4  0 0
   317  -.1876809166953485E-04   4   0 0  0 0  0 3  1 0
   318  -.1734312165579504E-04   4   0 0  0 0  0 2  2 0
   319  -.1879878562309511E-04   4   0 0  0 0  0 1  3 0
   320  -.2941364486911379E-04   4   0 0  0 0  0 0  4 0
   321  0.4363591605206657E-05   4   0 0  0 0  0 3  0 1
   322  0.4515892653113852E-05   4   0 0  0 0  0 2  1 1
   323  0.4515573359725935E-05   4   0 0  0 0  0 1  2 1
   324  0.4351748588126704E-05   4   0 0  0 0  0 0  3 1
   325  -.1773753856886885E-06   4   0 0  0 0  0 2  0 2
   326  -.2188287684791784E-06   4   0 0  0 0  0 1  1 2
   327  -.1769894376019019E-06   4   0 0  0 0  0 0  2 2
   328  0.2492975234054141E-08   4   0 0  0 0  0 1  0 3
   329  0.2489620305474002E-08   4   0 0  0 0  0 0  1 3
   330  -.7401423759578625E-15   4   0 0  0 0  0 0  0 4
   ----------------------------------------------------
     I  COEFFICIENT            ORDER EXPONENTS
     1  0.2382038691417225E-04   0   0 0  0 0  0 0  0 0
     2   1.447381045409975       1   1 0  0 0  0 0  0 0
     3   2.331680447654962       1   0 1  0 0  0 0  0 0
     4  0.4133169790557232E-04   1   0 0  1 0  0 0  0 0
     5  0.3790806321560039E-04   1   0 0  0 1  0 0  0 0
     6  0.4834661707905566E-06   1   0 0  0 0  0 1  0 0
     7  0.4828155448027580E-06   1   0 0  0 0  0 0  1 0
     8  0.2285410520372895E-04   1   0 0  0 0  0 0  0 1
     9  -.3491113535322643       2   2 0  0 0  0 0  0 0
    10  -.6418780210682968       2   1 1  0 0  0 0  0 0
    11  -.2967988596785225       2   0 2  0 0  0 0  0 0
    12  0.1018197506034612E-02   2   1 0  1 0  0 0  0 0
    13  0.6924340543725742E-03   2   0 1  1 0  0 0  0 0
    14  0.2742658261601261       2   0 0  2 0  0 0  0 0
    15  0.8371601683151187E-03   2   1 0  0 1  0 0  0 0
    16  0.5640909039625989E-03   2   0 1  0 1  0 0  0 0
    17  0.5047296839754107       2   0 0  1 1  0 0  0 0
    18  0.2342263449329494       2   0 0  0 2  0 0  0 0
    19  -.4686584274615693E-01   2   1 0  0 0  0 1  0 0
    20  -.7060165989272178       2   0 1  0 0  0 1  0 0
    21  -.1487878127116184E-05   2   0 0  1 0  0 1  0 0
    22  -.2042195169712671E-04   2   0 0  0 1  0 1  0 0
    23  -.4680277290369936E-01   2   1 0  0 0  0 0  1 0
    24  -.7050664750617918       2   0 1  0 0  0 0  1 0
    25  -.1485875810853967E-05   2   0 0  1 0  0 0  1 0
    26  -.2039446879698597E-04   2   0 0  0 1  0 0  1 0
    27   1.541049661145659       2   1 0  0 0  0 0  0 1
    28   1.411083074078665       2   0 1  0 0  0 0  0 1
    29  0.4430535869498003E-04   2   0 0  1 0  0 0  0 1
    30  0.4081633029401630E-04   2   0 0  0 1  0 0  0 1
    31  -.3740256158501267E-06   2   0 0  0 0  0 2  0 0
    32  -.2648764105299279E-06   2   0 0  0 0  0 1  1 0
    33  -.3733440407076562E-06   2   0 0  0 0  0 0  2 0
    34  0.1012924124733795E-05   2   0 0  0 0  0 1  0 1
    35  0.1011560979184260E-05   2   0 0  0 0  0 0  1 1
    36  -.1012241470308589E-05   2   0 0  0 0  0 0  0 2
    37  -2.743918129258770       3   3 0  0 0  0 0  0 0
    38  -8.087207484292808       3   2 1  0 0  0 0  0 0
    39  -8.620452444227105       3   1 2  0 0  0 0  0 0
    40  -2.559889023401811       3   0 3  0 0  0 0  0 0
    41  -.2989693598177592E-01   3   2 0  1 0  0 0  0 0
    42  -.5490062237014969E-01   3   1 1  1 0  0 0  0 0
    43  -.2535414683788156E-01   3   0 2  1 0  0 0  0 0
    44  -5.267793587477779       3   1 0  2 0  0 0  0 0
    45  -4.314201392194131       3   0 1  2 0  0 0  0 0
    46  0.7645378190778103E-02   3   0 0  3 0  0 0  0 0
    47  -.2806307439885626E-01   3   2 0  0 1  0 0  0 0
    48  -.5197853311008518E-01   3   1 1  0 1  0 0  0 0
    49  -.2418804786197348E-01   3   0 2  0 1  0 0  0 0
    50  -10.86470632484997       3   1 0  1 1  0 0  0 0
    51  -9.236447434933964       3   0 1  1 1  0 0  0 0
    52  0.2110049121478294E-01   3   0 0  2 1  0 0  0 0
    53  -4.705375917258296       3   1 0  0 2  0 0  0 0
    54  -3.413194298273139       3   0 1  0 2  0 0  0 0
    55  0.1958873268632657E-01   3   0 0  1 2  0 0  0 0
    56  0.6136121321734639E-02   3   0 0  0 3  0 0  0 0
    57  0.3175295613668523E-01   3   2 0  0 0  0 1  0 0
    58  0.3779346549508980       3   1 1  0 0  0 1  0 0
    59  0.3223684451616401       3   0 2  0 0  0 1  0 0
    60  -.4881162132120195E-03   3   1 0  1 0  0 1  0 0
    61  -.7477019060397996E-03   3   0 1  1 0  0 1  0 0
    62  0.6806394757316459E-02   3   0 0  2 0  0 1  0 0
    63  -.9095485368775551E-03   3   1 0  0 1  0 1  0 0
    64  -.9819015949593770E-03   3   0 1  0 1  0 1  0 0
    65  -.2387724554998731       3   0 0  1 1  0 1  0 0
    66  -.2276169598181808       3   0 0  0 2  0 1  0 0
    67  0.3171022450478147E-01   3   2 0  0 0  0 0  1 0
    68  0.3774260483037091       3   1 1  0 0  0 0  1 0
    69  0.3219346169008401       3   0 2  0 0  0 0  1 0
    70  -.4874593294164002E-03   3   1 0  1 0  0 0  1 0
    71  -.7466956840526217E-03   3   0 1  1 0  0 0  1 0
    72  0.6797235032026210E-02   3   0 0  2 0  0 0  1 0
    73  -.9083245093221637E-03   3   1 0  0 1  0 0  1 0
    74  -.9805801980682994E-03   3   0 1  0 1  0 0  1 0
    75  -.2384511267822173       3   0 0  1 1  0 0  1 0
    76  -.2273106436408732       3   0 0  0 2  0 0  1 0
    77  -.4125757921212663       3   2 0  0 0  0 0  0 1
    78  -.7553628008057527       3   1 1  0 0  0 0  0 1
    79  -.3475050700792475       3   0 2  0 0  0 0  0 1
    80  0.1991759115551729E-02   3   1 0  1 0  0 0  0 1
    81  0.1492286053759071E-02   3   0 1  1 0  0 0  0 1
    82  0.2606631548860715       3   0 0  2 0  0 0  0 1
    83  0.1815693299038080E-02   3   1 0  0 1  0 0  0 1
    84  0.1396085715169395E-02   3   0 1  0 1  0 0  0 1
    85  0.4772251873482529       3   0 0  1 1  0 0  0 1
    86  0.2207019211812822       3   0 0  0 2  0 0  0 1
    87  0.3565458924666808E-01   3   1 0  0 0  0 2  0 0
    88  0.5496894409795473       3   0 1  0 0  0 2  0 0
    89  0.1050028983445464E-05   3   0 0  1 0  0 2  0 0
    90  0.1597628661497147E-04   3   0 0  0 1  0 2  0 0
    91  0.2447327929508797E-01   3   1 0  0 0  0 1  1 0
    92  0.3937816506209424       3   0 1  0 0  0 1  1 0
    93  0.6217039286922752E-06   3   0 0  1 0  0 1  1 0
    94  0.1154513427563069E-04   3   0 0  0 1  0 1  1 0
    95  0.3559013948785734E-01   3   1 0  0 0  0 0  2 0
    96  0.5486847284422829       3   0 1  0 0  0 0  2 0
    97  0.1048197574003078E-05   3   0 0  1 0  0 0  2 0
    98  0.1594701803257830E-04   3   0 0  0 1  0 0  2 0
    99  -.9578218459296291E-01   3   1 0  0 0  0 1  0 1
   100  -.7871437245910735       3   0 1  0 0  0 1  0 1
   101  -.2765140463132025E-05   3   0 0  1 0  0 1  0 1
   102  -.2308890776700787E-04   3   0 0  0 1  0 1  0 1
   103  -.9565328544299534E-01   3   1 0  0 0  0 0  1 1
   104  -.7860844236633169       3   0 1  0 0  0 0  1 1
   105  -.2761419267413279E-05   3   0 0  1 0  0 0  1 1
   106  -.2305783580307753E-04   3   0 0  0 1  0 0  1 1
   107  0.9571758279401553E-01   3   1 0  0 0  0 0  0 2
   108  0.8107241864953943E-01   3   0 1  0 0  0 0  0 2
   109  0.2789102178041239E-05   3   0 0  1 0  0 0  0 2
   110  0.2688619812663552E-05   3   0 0  0 1  0 0  0 2
   111  0.3189710474888807E-06   3   0 0  0 0  0 3  0 0
   112  0.2096452387591948E-06   3   0 0  0 0  0 2  1 0
   113  0.2098650605313601E-06   3   0 0  0 0  0 1  2 0
   114  0.3181862880715910E-06   3   0 0  0 0  0 0  3 0
   115  -.7941052165224888E-06   3   0 0  0 0  0 2  0 1
   116  -.5761342630869888E-06   3   0 0  0 0  0 1  1 1
   117  -.7926488799774886E-06   3   0 0  0 0  0 0  2 1
   118  0.5764102352311959E-06   3   0 0  0 0  0 1  0 2
   119  0.5756345295018867E-06   3   0 0  0 0  0 0  1 2
   120  -.4666555231616913E-07   3   0 0  0 0  0 0  0 3
   121  -34.08213546313693       4   4 0  0 0  0 0  0 0
   122  -126.2443879835969       4   3 1  0 0  0 0  0 0
   123  -176.1810203844082       4   2 2  0 0  0 0  0 0
   124  -110.0888664141997       4   1 3  0 0  0 0  0 0
   125  -26.05308855024021       4   0 4  0 0  0 0  0 0
   126  -.1941111743790763E-01   4   3 0  1 0  0 0  0 0
   127  -.5271443506246120E-01   4   2 1  1 0  0 0  0 0
   128  -.4802328068447086E-01   4   1 2  1 0  0 0  0 0
   129  -.1428243660562408E-01   4   0 3  1 0  0 0  0 0
   130   167.5480945463383       4   2 0  2 0  0 0  0 0
   131   305.4285466864433       4   1 1  2 0  0 0  0 0
   132   140.0493968677910       4   0 2  2 0  0 0  0 0
   133  0.1687940552510341E-01   4   1 0  3 0  0 0  0 0
   134  0.1603341848368296E-01   4   0 1  3 0  0 0  0 0
   135  -22.13667506408694       4   0 0  4 0  0 0  0 0
   136  -.1812344131848394E-01   4   3 0  0 1  0 0  0 0
   137  -.4966408707262394E-01   4   2 1  0 1  0 0  0 0
   138  -.4517718391925604E-01   4   1 2  0 1  0 0  0 0
   139  -.1340428941050917E-01   4   0 3  0 1  0 0  0 0
   140   312.1722035930025       4   2 0  1 1  0 0  0 0
   141   573.0458113038969       4   1 1  1 1  0 0  0 0
   142   264.8120986631037       4   0 2  1 1  0 0  0 0
   143  0.4807288653444268E-01   4   1 0  2 1  0 0  0 0
   144  0.4586682413150445E-01   4   0 1  2 1  0 0  0 0
   145  -80.82666929709337       4   0 0  3 1  0 0  0 0
   146   146.3077499193692       4   2 0  0 2  0 0  0 0
   147   270.1032372710855       4   1 1  0 2  0 0  0 0
   148   125.6225767501039       4   0 2  0 2  0 0  0 0
   149  0.4575918220731662E-01   4   1 0  1 2  0 0  0 0
   150  0.4407067396948778E-01   4   0 1  1 2  0 0  0 0
   151  -111.6509717418607       4   0 0  2 2  0 0  0 0
   152  0.1503544007330697E-01   4   1 0  0 3  0 0  0 0
   153  0.1454429874178718E-01   4   0 1  0 3  0 0  0 0
   154  -68.90865742939845       4   0 0  1 3  0 0  0 0
   155  -15.97562175642947       4   0 0  0 4  0 0  0 0
   156   1.799884205732001       4   3 0  0 0  0 1  0 0
   157   9.278986329654002       4   2 1  0 0  0 1  0 0
   158   13.69807738593931       4   1 2  0 0  0 1  0 0
   159   5.461118238793992       4   0 3  0 0  0 1  0 0
   160  -.2787422592330598E-02   4   2 0  1 0  0 1  0 0
   161  0.1852695476164960E-01   4   1 1  1 0  0 1  0 0
   162  0.1933578174214995E-01   4   0 2  1 0  0 1  0 0
   163   2.284796983931293       4   1 0  2 0  0 1  0 0
   164   3.950280246173527       4   0 1  2 0  0 1  0 0
   165  0.6728964371005090E-03   4   0 0  3 0  0 1  0 0
   166  0.9224306700411010E-02   4   2 0  0 1  0 1  0 0
   167  0.3920075334781761E-01   4   1 1  0 1  0 1  0 0
   168  0.2840222885358334E-01   4   0 2  0 1  0 1  0 0
   169   10.32662131831708       4   1 0  1 1  0 1  0 0
   170   13.27588898960795       4   0 1  1 1  0 1  0 0
   171  -.7152223515629427E-02   4   0 0  2 1  0 1  0 0
   172   7.195349348688684       4   1 0  0 2  0 1  0 0
   173   7.226189963211917       4   0 1  0 2  0 1  0 0
   174  -.1485959765226753E-01   4   0 0  1 2  0 1  0 0
   175  -.7198831501699652E-02   4   0 0  0 3  0 1  0 0
   176   1.797462006393538       4   3 0  0 0  0 0  1 0
   177   9.266499107155049       4   2 1  0 0  0 0  1 0
   178   13.67964315896138       4   1 2  0 0  0 0  1 0
   179   5.453768923241834       4   0 3  0 0  0 0  1 0
   180  -.2783671410372513E-02   4   2 0  1 0  0 0  1 0
   181  0.1850202205907651E-01   4   1 1  1 0  0 0  1 0
   182  0.1930976055834518E-01   4   0 2  1 0  0 0  1 0
   183   2.281722211829071       4   1 0  2 0  0 0  1 0
   184   3.944964145188488       4   0 1  2 0  0 0  1 0
   185  0.6719908847879700E-03   4   0 0  3 0  0 0  1 0
   186  0.9211893063180118E-02   4   2 0  0 1  0 0  1 0
   187  0.3914799882142959E-01   4   1 1  0 1  0 0  1 0
   188  0.2836400647254285E-01   4   0 2  0 1  0 0  1 0
   189   10.31272423802370       4   1 0  1 1  0 0  1 0
   190   13.25802292387672       4   0 1  1 1  0 0  1 0
   191  -.7142598390294701E-02   4   0 0  2 1  0 0  1 0
   192   7.185666186640293       4   1 0  0 2  0 0  1 0
   193   7.216465297317958       4   0 1  0 2  0 0  1 0
   194  -.1483960030605567E-01   4   0 0  1 2  0 0  1 0
   195  -.7189143653533843E-02   4   0 0  0 3  0 0  1 0
   196  -6.345082503169839       4   3 0  0 0  0 0  0 1
   197  -18.55766229914228       4   2 1  0 0  0 0  0 1
   198  -18.77032371169421       4   1 2  0 0  0 0  0 1
   199  -5.799808892822520       4   0 3  0 0  0 0  0 1
   200  0.4698742642733638E-03   4   2 0  1 0  0 0  0 1
   201  0.9494230397055725E-03   4   1 1  1 0  0 0  0 1
   202  0.4817606336414667E-03   4   0 2  1 0  0 0  0 1
   203  -9.824927194793453       4   1 0  2 0  0 0  0 1
   204  -7.885561021834864       4   0 1  2 0  0 0  0 1
   205  -.2518060846073452E-03   4   0 0  3 0  0 0  0 1
   206  0.4677846427831022E-03   4   2 0  0 1  0 0  0 1
   207  0.8425108713346288E-03   4   1 1  0 1  0 0  0 1
   208  0.4081664531457390E-03   4   0 2  0 1  0 0  0 1
   209  -20.61921471838403       4   1 0  1 1  0 0  0 1
   210  -17.27641982837712       4   0 1  1 1  0 0  0 1
   211  -.7749821585692163E-03   4   0 0  2 1  0 0  0 1
   212  -9.664763954752647       4   1 0  0 2  0 0  0 1
   213  -7.604789302267014       4   0 1  0 2  0 0  0 1
   214  -.7769558042001308E-03   4   0 0  1 2  0 0  0 1
   215  -.2314427938573477E-03   4   0 0  0 3  0 0  0 1
   216  -.2440832765725445E-01   4   2 0  0 0  0 2  0 0
   217  -.3120922704851380       4   1 1  0 0  0 2  0 0
   218  -.3412536401765799       4   0 2  0 0  0 2  0 0
   219  -.1877331160144522E-03   4   1 0  1 0  0 2  0 0
   220  0.2342412381949497E-03   4   0 1  1 0  0 2  0 0
   221  -.4652018012058563E-02   4   0 0  2 0  0 2  0 0
   222  0.4373047594245827E-03   4   1 0  0 1  0 2  0 0
   223  0.8431622945455938E-03   4   0 1  0 1  0 2  0 0
   224  0.1731350786174328       4   0 0  1 1  0 2  0 0
   225  0.2229622547554415       4   0 0  0 2  0 2  0 0
   226  -.1754733715156251E-01   4   2 0  0 0  0 1  1 0
   227  -.2478917320556383       4   1 1  0 0  0 1  1 0
   228  -.3609622982066178       4   0 2  0 0  0 1  1 0
   229  -.2267225516675355E-03   4   1 0  1 0  0 1  1 0
   230  0.3007561020056942E-03   4   0 1  1 0  0 1  1 0
   231  -.2444719536829253E-02   4   0 0  2 0  0 1  1 0
   232  0.5142530072525909E-03   4   1 0  0 1  0 1  1 0
   233  0.1191531059805742E-02   4   0 1  0 1  0 1  1 0
   234  0.1076284244653979       4   0 0  1 1  0 1  1 0
   235  0.2183046799134452       4   0 0  0 2  0 1  1 0
   236  -.2436367289053715E-01   4   2 0  0 0  0 0  2 0
   237  -.3115054709107839       4   1 1  0 0  0 0  2 0
   238  -.3405515140856755       4   0 2  0 0  0 0  2 0
   239  -.1873279173719902E-03   4   1 0  1 0  0 0  2 0
   240  0.2337236356820265E-03   4   0 1  1 0  0 0  2 0
   241  -.4644112551291480E-02   4   0 0  2 0  0 0  2 0
   242  0.4363702265581803E-03   4   1 0  0 1  0 0  2 0
   243  0.8412258532938328E-03   4   0 1  0 1  0 0  2 0
   244  0.1728296609575562       4   0 0  1 1  0 0  2 0
   245  0.2225153105858966       4   0 0  0 2  0 0  2 0
   246  0.6698009790918066E-01   4   2 0  0 0  0 1  0 1
   247  0.4966714928561581       4   1 1  0 0  0 1  0 1
   248  0.4003919104265257       4   0 2  0 0  0 1  0 1
   249  0.3019286839815335E-03   4   1 0  1 0  0 1  0 1
   250  -.4009275297956107E-03   4   0 1  1 0  0 1  0 1
   251  0.1175403967886341E-01   4   0 0  2 0  0 1  0 1
   252  -.6177298904999604E-03   4   1 0  0 1  0 1  0 1
   253  -.1069947025232867E-02   4   0 1  0 1  0 1  0 1
   254  -.2147699672974311       4   0 0  1 1  0 1  0 1
   255  -.2089073789719706       4   0 0  0 2  0 1  0 1
   256  0.6688995925007613E-01   4   2 0  0 0  0 0  1 1
   257  0.4960030957683862       4   1 1  0 0  0 0  1 1
   258  0.3998530818632888       4   0 2  0 0  0 0  1 1
   259  0.3015223625880373E-03   4   1 0  1 0  0 0  1 1
   260  -.4003879804210719E-03   4   0 1  1 0  0 0  1 1
   261  0.1173822164621216E-01   4   0 0  2 0  0 0  1 1
   262  -.6168985787259269E-03   4   1 0  0 1  0 0  1 1
   263  -.1068507140951166E-02   4   0 1  0 1  0 0  1 1
   264  -.2144809399972002       4   0 0  1 1  0 0  1 1
   265  -.2086262412668138       4   0 0  0 2  0 0  1 1
   266  -.6755122023849007E-01   4   2 0  0 0  0 0  0 2
   267  -.1204817258035000       4   1 1  0 0  0 0  0 2
   268  -.5369535532677263E-01   4   0 2  0 0  0 0  0 2
   269  -.2292632929130271E-05   4   1 0  1 0  0 0  0 2
   270  -.1351688328647887E-04   4   0 1  1 0  0 0  0 2
   271  -.1175104867992230E-01   4   0 0  2 0  0 0  0 2
   272  -.2149762472381738E-05   4   1 0  0 1  0 0  0 2
   273  -.1107665560469418E-04   4   0 1  0 1  0 0  0 2
   274  -.2420039407020444E-01   4   0 0  1 1  0 0  0 2
   275  -.1205163063982321E-01   4   0 0  0 2  0 0  0 2
   276  -.3006701405301266E-01   4   1 0  0 0  0 3  0 0
   277  -.4718033440843695       4   0 1  0 0  0 3  0 0
   278  -.2394909442421400E-05   4   0 0  1 0  0 3  0 0
   279  -.1762763973826342E-04   4   0 0  0 1  0 3  0 0
   280  -.1887339664923078E-01   4   1 0  0 0  0 2  1 0
   281  -.3161064046353914       4   0 1  0 0  0 2  1 0
   282  -.1243973304746835E-05   4   0 0  1 0  0 2  1 0
   283  -.1185558840711872E-04   4   0 0  0 1  0 2  1 0
   284  -.1889591073404423E-01   4   1 0  0 0  0 1  2 0
   285  -.3164194173507134       4   0 1  0 0  0 1  2 0
   286  -.1246290112211317E-05   4   0 0  1 0  0 1  2 0
   287  -.1186719215227351E-04   4   0 0  0 1  0 1  2 0
   288  -.2999363756036878E-01   4   1 0  0 0  0 0  3 0
   289  -.4706385342930822       4   0 1  0 0  0 0  3 0
   290  -.2389239097076808E-05   4   0 0  1 0  0 0  3 0
   291  -.1758408947901244E-04   4   0 0  0 1  0 0  3 0
   292  0.7339256772827041E-01   4   1 0  0 0  0 2  0 1
   293  0.6321016984565045       4   0 1  0 0  0 2  0 1
   294  0.2809250284280085E-05   4   0 0  1 0  0 2  0 1
   295  0.2173866028968041E-04   4   0 0  0 1  0 2  0 1
   296  0.5104448430177021E-01   4   1 0  0 0  0 1  1 1
   297  0.4774565798455677       4   0 1  0 0  0 1  1 1
   298  0.1593253793922872E-05   4   0 0  1 0  0 1  1 1
   299  0.1618782160080871E-04   4   0 0  0 1  0 1  1 1
   300  0.7325945283882819E-01   4   1 0  0 0  0 0  2 1
   301  0.6309297764989389       4   0 1  0 0  0 0  2 1
   302  0.2804397664708645E-05   4   0 0  1 0  0 0  2 1
   303  0.2169851302146770E-04   4   0 0  0 1  0 0  2 1
   304  -.5100336479334396E-01   4   1 0  0 0  0 1  0 2
   305  -.8366288070275212E-01   4   0 1  0 0  0 1  0 2
   306  -.4381150354154129E-07   4   0 0  1 0  0 1  0 2
   307  -.1126449861614784E-05   4   0 0  0 1  0 1  0 2
   308  -.5093472686871064E-01   4   1 0  0 0  0 0  1 2
   309  -.8355029114079759E-01   4   0 1  0 0  0 0  1 2
   310  -.4375254408484531E-07   4   0 0  1 0  0 0  1 2
   311  -.1124933938478772E-05   4   0 0  0 1  0 0  1 2
   312  0.2071666539622329E-02   4   1 0  0 0  0 0  0 3
   313  0.1687803247446530E-02   4   0 1  0 0  0 0  0 3
   314  0.1376241678545203E-06   4   0 0  1 0  0 0  0 3
   315  0.1127691615813628E-06   4   0 0  0 1  0 0  0 3
   316  -.1835680863323070E-04   4   0 0  0 0  0 4  0 0
   317  -.1120880541665275E-04   4   0 0  0 0  0 3  1 0
   318  -.1025992657202260E-04   4   0 0  0 0  0 2  2 0
   319  -.1122924462470961E-04   4   0 0  0 0  0 1  3 0
   320  -.1829989047983897E-04   4   0 0  0 0  0 0  4 0
   321  0.2189161422067161E-04   4   0 0  0 0  0 3  0 1
   322  0.1448398686458375E-04   4   0 0  0 0  0 2  1 1
   323  0.1449888064802551E-04   4   0 0  0 0  0 1  2 1
   324  0.2183769037545583E-04   4   0 0  0 0  0 0  3 1
   325  -.1051737820623409E-05   4   0 0  0 0  0 2  0 2
   326  -.1268475255620748E-05   4   0 0  0 0  0 1  1 2
   327  -.1049468914322185E-05   4   0 0  0 0  0 0  2 2
   328  0.5677080122345609E-08   4   0 0  0 0  0 1  0 3
   329  0.5669440175468468E-08   4   0 0  0 0  0 0  1 3
   330  0.1388628238336307E-13   4   0 0  0 0  0 0  0 4
   ----------------------------------------------------
     I  COEFFICIENT            ORDER EXPONENTS
     1  -.6074704593974872E-05   0   0 0  0 0  0 0  0 0
     2  0.9201585074885269E-05   1   1 0  0 0  0 0  0 0
     3  0.8113748507525003E-05   1   0 1  0 0  0 0  0 0
     4  0.7137489617253950       1   0 0  1 0  0 0  0 0
     5  0.8895911051645752       1   0 0  0 1  0 0  0 0
     6  -.1174964309737135E-04   1   0 0  0 0  0 1  0 0
     7  -.1173383098143239E-04   1   0 0  0 0  0 0  1 0
     8  0.2348347407868696E-04   1   0 0  0 0  0 0  0 1
     9  0.1534591212344047E-03   2   2 0  0 0  0 0  0 0
    10  0.2813225559324788E-03   2   1 1  0 0  0 0  0 0
    11  0.1528100544404847E-03   2   0 2  0 0  0 0  0 0
    12  0.1229472719333613       2   1 0  1 0  0 0  0 0
    13  0.1098226024337848       2   0 1  1 0  0 0  0 0
    14  -.4542373286790584E-04   2   0 0  2 0  0 0  0 0
    15  0.1112645231169651       2   1 0  0 1  0 0  0 0
    16  0.1000343978753173       2   0 1  0 1  0 0  0 0
    17  -.1391353742629266E-04   2   0 0  1 1  0 0  0 0
    18  0.5086427720008682E-04   2   0 0  0 2  0 0  0 0
    19  -.4779801940018844E-05   2   1 0  0 0  0 1  0 0
    20  -.8290843060127355E-05   2   0 1  0 0  0 1  0 0
    21  0.1369454016633789       2   0 0  1 0  0 1  0 0
    22  -.3223285614054187       2   0 0  0 1  0 1  0 0
    23  -.4773369507832239E-05   2   1 0  0 0  0 0  1 0
    24  -.8279685634270939E-05   2   0 1  0 0  0 0  1 0
    25  0.1367611069958335       2   0 0  1 0  0 0  1 0
    26  -.3218947868182982       2   0 0  0 1  0 0  1 0
    27  0.9553157017475666E-05   2   1 0  0 0  0 0  0 1
    28  0.8456765915964547E-05   2   0 1  0 0  0 0  0 1
    29  -.2737065086717542       2   0 0  1 0  0 0  0 1
    30  -.2453677569536295       2   0 0  0 1  0 0  0 1
    31  0.8567681043158494E-05   2   0 0  0 0  0 2  0 0
    32  0.5394263213468885E-05   2   0 0  0 0  0 1  1 0
    33  0.8552521389160979E-05   2   0 0  0 0  0 0  2 0
    34  -.1077998281053584E-04   2   0 0  0 0  0 1  0 1
    35  -.1076547561771242E-04   2   0 0  0 0  0 0  1 1
    36  -.9690033918095525E-06   2   0 0  0 0  0 0  0 2
    37  -.2128977471610801E-02   3   3 0  0 0  0 0  0 0
    38  -.5749851760609558E-02   3   2 1  0 0  0 0  0 0
    39  -.5201577667054027E-02   3   1 2  0 0  0 0  0 0
    40  -.1571960915344454E-02   3   0 3  0 0  0 0  0 0
    41  -1.061510322021895       3   2 0  1 0  0 0  0 0
    42  -2.303137533769269       3   1 1  1 0  0 0  0 0
    43  -1.481532186582711       3   0 2  1 0  0 0  0 0
    44  0.5191985608664022E-02   3   1 0  2 0  0 0  0 0
    45  0.4635216255468462E-02   3   0 1  2 0  0 0  0 0
    46  -.1317652636662884       3   0 0  3 0  0 0  0 0
    47  -1.515312941315589       3   2 0  0 1  0 0  0 0
    48  -2.845254492417905       3   1 1  0 1  0 0  0 0
    49  -1.136743707344921       3   0 2  0 1  0 0  0 0
    50  0.9394028871521297E-02   3   1 0  1 1  0 0  0 0
    51  0.8444185010156695E-02   3   0 1  1 1  0 0  0 0
    52  -.5601227816754011       3   0 0  2 1  0 0  0 0
    53  0.4297509424169669E-02   3   1 0  0 2  0 0  0 0
    54  0.3893519821195359E-02   3   0 1  0 2  0 0  0 0
    55  -.9919424269414955       3   0 0  1 2  0 0  0 0
    56  -.9441872098279003E-01   3   0 0  0 3  0 0  0 0
    57  -.1252434185096593E-03   3   2 0  0 0  0 1  0 0
    58  -.3864672950402181E-03   3   1 1  0 0  0 1  0 0
    59  -.2833261146577594E-03   3   0 2  0 0  0 1  0 0
    60  -.5866014456462056E-01   3   1 0  1 0  0 1  0 0
    61  -.1071162350424411       3   0 1  1 0  0 1  0 0
    62  -.1025631794194033E-04   3   0 0  2 0  0 1  0 0
    63  -.1092822563486929       3   1 0  0 1  0 1  0 0
    64  -.1480945151804497       3   0 1  0 1  0 1  0 0
    65  -.7517358820942078E-05   3   0 0  1 1  0 1  0 0
    66  -.6775417145376169E-04   3   0 0  0 2  0 1  0 0
    67  -.1250748718195469E-03   3   2 0  0 0  0 0  1 0
    68  -.3859472055681257E-03   3   1 1  0 0  0 0  1 0
    69  -.2829448277253500E-03   3   0 2  0 0  0 0  1 0
    70  -.5858120250662223E-01   3   1 0  1 0  0 0  1 0
    71  -.1069720830615341       3   0 1  1 0  0 0  1 0
    72  -.1024251547261761E-04   3   0 0  2 0  0 0  1 0
    73  -.1091351894383931       3   1 0  0 1  0 0  1 0
    74  -.1478952165613726       3   0 1  0 1  0 0  1 0
    75  -.7507242313721654E-05   3   0 0  1 1  0 0  1 0
    76  -.6766299108296261E-04   3   0 0  0 2  0 0  1 0
    77  0.2500914600529102E-03   3   2 0  0 0  0 0  0 1
    78  0.4906161591646866E-03   3   1 1  0 0  0 0  0 1
    79  0.2603997088108326E-03   3   0 2  0 0  0 0  0 1
    80  0.1172415431828801       3   1 0  1 0  0 0  0 1
    81  0.1042658722909310       3   0 1  1 0  0 0  0 1
    82  0.2065508789506022E-04   3   0 0  2 0  0 0  0 1
    83  0.1071530771307231       3   1 0  0 1  0 0  0 1
    84  0.9592105739307408E-01   3   0 1  0 1  0 0  0 1
    85  0.2926109340009849E-04   3   0 0  1 1  0 0  0 1
    86  0.3385581109105414E-04   3   0 0  0 2  0 0  0 1
    87  0.3677168914790077E-05   3   1 0  0 0  0 2  0 0
    88  0.8420121057550561E-05   3   0 1  0 0  0 2  0 0
    89  -.9959936816182074E-01   3   0 0  1 0  0 2  0 0
    90  0.1828527077950553       3   0 0  0 1  0 2  0 0
    91  0.2588225940281382E-05   3   1 0  0 0  0 1  1 0
    92  0.8563376347863683E-05   3   0 1  0 0  0 1  1 0
    93  -.6235365266956304E-01   3   0 0  1 0  0 1  1 0
    94  0.4375164563777624E-01   3   0 0  0 1  0 1  1 0
    95  0.3670478798006889E-05   3   1 0  0 0  0 0  2 0
    96  0.8403027561239106E-05   3   0 1  0 0  0 0  2 0
    97  -.9942337572253578E-01   3   0 0  1 0  0 0  2 0
    98  0.1825771937870766       3   0 0  0 1  0 0  2 0
    99  -.5185542385494150E-05   3   1 0  0 0  0 1  0 1
   100  -.8842413980929008E-05   3   0 1  0 0  0 1  0 1
   101  0.1246071243404280       3   0 0  1 0  0 1  0 1
   102  0.2352001014897708       3   0 0  0 1  0 1  0 1
   103  -.5178563926937885E-05   3   1 0  0 0  0 0  1 1
   104  -.8830514276921990E-05   3   0 1  0 0  0 0  1 1
   105  0.1244394339450211       3   0 0  1 0  0 0  1 1
   106  0.2348835802777827       3   0 0  0 1  0 0  1 1
   107  0.4221969236718918E-06   3   1 0  0 0  0 0  0 2
   108  0.4156884158329728E-06   3   0 1  0 0  0 0  0 2
   109  0.1232993163943345E-01   3   0 0  1 0  0 0  0 2
   110  0.1032586340370877E-01   3   0 0  0 1  0 0  0 2
   111  -.6979988075763770E-05   3   0 0  0 0  0 3  0 0
   112  -.3806300330035717E-05   3   0 0  0 0  0 2  1 0
   113  -.3812687867411124E-05   3   0 0  0 0  0 1  2 0
   114  -.6963340352624873E-05   3   0 0  0 0  0 0  3 0
   115  0.7610180786527224E-05   3   0 0  0 0  0 2  0 1
   116  0.4448702339618672E-05   3   0 0  0 0  0 1  1 1
   117  0.7596945936854025E-05   3   0 0  0 0  0 0  2 1
   118  0.9457665707344978E-06   3   0 0  0 0  0 1  0 2
   119  0.9444938026560418E-06   3   0 0  0 0  0 0  1 2
   120  0.1593356086830084E-07   3   0 0  0 0  0 0  0 3
   121  -.9965196269710052E-03   4   4 0  0 0  0 0  0 0
   122  -.3541548842854726E-02   4   3 1  0 0  0 0  0 0
   123  -.4746020698777702E-02   4   2 2  0 0  0 0  0 0
   124  -.2695990502038100E-02   4   1 3  0 0  0 0  0 0
   125  -.4929399092995138E-03   4   0 4  0 0  0 0  0 0
   126   24.63899822177753       4   3 0  1 0  0 0  0 0
   127   66.92129766286165       4   2 1  1 0  0 0  0 0
   128   61.00884768546945       4   1 2  1 0  0 0  0 0
   129   18.71910496367994       4   0 3  1 0  0 0  0 0
   130  0.5093430552762930E-02   4   2 0  2 0  0 0  0 0
   131  0.9159119059901747E-02   4   1 1  2 0  0 0  0 0
   132  0.4154406417826731E-02   4   0 2  2 0  0 0  0 0
   133  -20.18263052784784       4   1 0  3 0  0 0  0 0
   134  -17.84095379634916       4   0 1  3 0  0 0  0 0
   135  -.9329290174461571E-03   4   0 0  4 0  0 0  0 0
   136   22.56358168761620       4   3 0  0 1  0 0  0 0
   137   61.61591224384864       4   2 1  0 1  0 0  0 0
   138   56.52956792450524       4   1 2  0 1  0 0  0 0
   139   17.46846046094889       4   0 3  0 1  0 0  0 0
   140  0.9194728204721211E-02   4   2 0  1 1  0 0  0 0
   141  0.1681025423533647E-01   4   1 1  1 1  0 0  0 0
   142  0.7550045848956582E-02   4   0 2  1 1  0 0  0 0
   143  -54.66679975592596       4   1 0  2 1  0 0  0 0
   144  -48.64849826315067       4   0 1  2 1  0 0  0 0
   145  -.3347971649635531E-02   4   0 0  3 1  0 0  0 0
   146  0.4141595500862976E-02   4   2 0  0 2  0 0  0 0
   147  0.7875067400228634E-02   4   1 1  0 2  0 0  0 0
   148  0.3696824207546323E-02   4   0 2  0 2  0 0  0 0
   149  -49.57046744213908       4   1 0  1 2  0 0  0 0
   150  -44.35407078651251       4   0 1  1 2  0 0  0 0
   151  -.4459882326060176E-02   4   0 0  2 2  0 0  0 0
   152  -14.99227192203338       4   1 0  0 3  0 0  0 0
   153  -13.47096697773891       4   0 1  0 3  0 0  0 0
   154  -.2753177690634520E-02   4   0 0  1 3  0 0  0 0
   155  -.6100635812608776E-03   4   0 0  0 4  0 0  0 0
   156  0.2812605541500825E-03   4   3 0  0 0  0 1  0 0
   157  0.3262815292088057E-02   4   2 1  0 0  0 1  0 0
   158  0.5173031597935840E-02   4   1 2  0 0  0 1  0 0
   159  0.2217950014100104E-02   4   0 3  0 0  0 1  0 0
   160   1.167726139395953       4   2 0  1 0  0 1  0 0
   161   3.633205749861545       4   1 1  1 0  0 1  0 0
   162   2.888604421453028       4   0 2  1 0  0 1  0 0
   163  -.6430649600894889E-03   4   1 0  2 0  0 1  0 0
   164  -.2668095029528211E-02   4   0 1  2 0  0 1  0 0
   165  0.1956715299535287       4   0 0  3 0  0 1  0 0
   166   2.037128249392486       4   2 0  0 1  0 1  0 0
   167   5.388749690282783       4   1 1  0 1  0 1  0 0
   168   3.130122979360672       4   0 2  0 1  0 1  0 0
   169  -.5325390116234504E-02   4   1 0  1 1  0 1  0 0
   170  -.8553527426177102E-02   4   0 1  1 1  0 1  0 0
   171  0.7029049671608527       4   0 0  2 1  0 1  0 0
   172  -.4336489332280886E-02   4   1 0  0 2  0 1  0 0
   173  -.5648421397816698E-02   4   0 1  0 2  0 1  0 0
   174   1.414603958544741       4   0 0  1 2  0 1  0 0
   175  0.3858444412161927       4   0 0  0 3  0 1  0 0
   176  0.2808820469516580E-03   4   3 0  0 0  0 0  1 0
   177  0.3258424349039124E-02   4   2 1  0 0  0 0  1 0
   178  0.5166069975807871E-02   4   1 2  0 0  0 0  1 0
   179  0.2214965201499490E-02   4   0 3  0 0  0 0  1 0
   180   1.166154668590582       4   2 0  1 0  0 0  1 0
   181   3.628316352790439       4   1 1  1 0  0 0  1 0
   182   2.884717073757848       4   0 2  1 0  0 0  1 0
   183  -.6421995535728023E-03   4   1 0  2 0  0 0  1 0
   184  -.2664504432980435E-02   4   0 1  2 0  0 0  1 0
   185  0.1954082044301972       4   0 0  3 0  0 0  1 0
   186   2.034386778200983       4   2 0  0 1  0 0  1 0
   187   5.381497764912575       4   1 1  0 1  0 0  1 0
   188   3.125910607372633       4   0 2  0 1  0 0  1 0
   189  -.5318223457193016E-02   4   1 0  1 1  0 0  1 0
   190  -.8542016492080733E-02   4   0 1  1 1  0 0  1 0
   191  0.7019590307828110       4   0 0  2 1  0 0  1 0
   192  -.4330653489309165E-02   4   1 0  0 2  0 0  1 0
   193  -.5640820018500396E-02   4   0 1  0 2  0 0  1 0
   194   1.412700251205306       4   0 0  1 2  0 0  1 0
   195  0.3853251899514222       4   0 0  0 3  0 0  1 0
   196  0.8164387541529584E-04   4   3 0  0 0  0 0  0 1
   197  0.3066054094767916E-03   4   2 1  0 0  0 0  0 1
   198  0.3649475734065829E-03   4   1 2  0 0  0 0  0 1
   199  0.1445372203528786E-03   4   0 3  0 0  0 0  0 1
   200  -2.331691996467576       4   2 0  1 0  0 0  0 1
   201  -4.953841195980843       4   1 1  1 0  0 0  0 1
   202  -2.807880825636026       4   0 2  1 0  0 0  0 1
   203  -.1829976009466605E-03   4   1 0  2 0  0 0  0 1
   204  -.1658805381428451E-03   4   0 1  2 0  0 0  0 1
   205  -.3915913730235950       4   0 0  3 0  0 0  0 1
   206  -2.553920431443774       4   2 0  0 1  0 0  0 1
   207  -5.074961981760048       4   1 1  0 1  0 0  0 1
   208  -2.843285649881538       4   0 2  0 1  0 0  0 1
   209  -.3794487832278912E-03   4   1 0  1 1  0 0  0 1
   210  -.3462906705642037E-03   4   0 1  1 1  0 0  0 1
   211  -.8463182306510323       4   0 0  2 1  0 0  0 1
   212  -.1677090479626467E-03   4   1 0  0 2  0 0  0 1
   213  -.1493860821771704E-03   4   0 1  0 2  0 0  0 1
   214  -.8450472537928336       4   0 0  1 2  0 0  0 1
   215  -.4884750033003289       4   0 0  0 3  0 0  0 1
   216  -.1906402013953796E-04   4   2 0  0 0  0 2  0 0
   217  0.1850209144389118E-03   4   1 1  0 0  0 2  0 0
   218  0.2594438599634415E-03   4   0 2  0 0  0 2  0 0
   219  0.4266363912039171E-01   4   1 0  1 0  0 2  0 0
   220  0.1053816328203833       4   0 1  1 0  0 2  0 0
   221  0.6971403389943686E-05   4   0 0  2 0  0 2  0 0
   222  0.1078398044255238       4   1 0  0 1  0 2  0 0
   223  0.1832783399823560       4   0 1  0 1  0 2  0 0
   224  -.1252793954215572E-03   4   0 0  1 1  0 2  0 0
   225  -.6876721823498210E-05   4   0 0  0 2  0 2  0 0
   226  -.1939262790966539E-04   4   2 0  0 0  0 1  1 0
   227  0.2645759091108848E-03   4   1 1  0 0  0 1  1 0
   228  0.3777908070376643E-03   4   0 2  0 0  0 1  1 0
   229  0.2657025865947994E-01   4   1 0  1 0  0 1  1 0
   230  0.1033185288145372       4   0 1  1 0  0 1  1 0
   231  0.3723827742342921E-04   4   0 0  2 0  0 1  1 0
   232  0.1062860788873604       4   1 0  0 1  0 1  1 0
   233  0.2181851927323000       4   0 1  0 1  0 1  1 0
   234  -.8086105693103291E-04   4   0 0  1 1  0 1  1 0
   235  0.1611286434230033E-04   4   0 0  0 2  0 1  1 0
   236  -.1902531583724534E-04   4   2 0  0 0  0 0  2 0
   237  0.1845938951172867E-03   4   1 1  0 0  0 0  2 0
   238  0.2588405061121537E-03   4   0 2  0 0  0 0  2 0
   239  0.4258834590458567E-01   4   1 0  1 0  0 0  2 0
   240  0.1051702945819754       4   0 1  1 0  0 0  2 0
   241  0.6936964844328804E-05   4   0 0  2 0  0 0  2 0
   242  0.1076231613011032       4   1 0  0 1  0 0  2 0
   243  0.1828848809551831       4   0 1  0 1  0 0  2 0
   244  -.1250563908156342E-03   4   0 0  1 1  0 0  2 0
   245  -.6878309422043066E-05   4   0 0  0 2  0 0  2 0
   246  -.2476537245046258E-04   4   2 0  0 0  0 1  0 1
   247  -.2865186574804701E-03   4   1 1  0 0  0 1  0 1
   248  -.2602826200110422E-03   4   0 2  0 0  0 1  0 1
   249  -.5298231378527135E-01   4   1 0  1 0  0 1  0 1
   250  -.9901276923651706E-01   4   0 1  1 0  0 1  0 1
   251  -.9060923437063126E-04   4   0 0  2 0  0 1  0 1
   252  -.1031654065077287       4   1 0  0 1  0 1  0 1
   253  -.1401284568145734       4   0 1  0 1  0 1  0 1
   254  -.5848309588110442E-04   4   0 0  1 1  0 1  0 1
   255  0.2185651108446574E-04   4   0 0  0 2  0 1  0 1
   256  -.2473204437937034E-04   4   2 0  0 0  0 0  1 1
   257  -.2861330741743897E-03   4   1 1  0 0  0 0  1 1
   258  -.2599323439277262E-03   4   0 2  0 0  0 0  1 1
   259  -.5291101268434921E-01   4   1 0  1 0  0 0  1 1
   260  -.9887952251798887E-01   4   0 1  1 0  0 0  1 1
   261  -.9048729673328062E-04   4   0 0  2 0  0 0  1 1
   262  -.1030265713656678       4   1 0  0 1  0 0  1 1
   263  -.1399398785414178       4   0 1  0 1  0 0  1 1
   264  -.5840439208688053E-04   4   0 0  1 1  0 0  1 1
   265  0.2182709762190999E-04   4   0 0  0 2  0 0  1 1
   266  0.2098887536070096E-04   4   2 0  0 0  0 0  0 2
   267  0.5330407249842419E-04   4   1 1  0 0  0 0  0 2
   268  0.3091966650726119E-04   4   0 2  0 0  0 0  0 2
   269  -.5863760604244699E-02   4   1 0  1 0  0 0  0 2
   270  -.5688789498233118E-02   4   0 1  1 0  0 0  0 2
   271  0.8776825107327464E-04   4   0 0  2 0  0 0  0 2
   272  -.4230759344075653E-02   4   1 0  0 1  0 0  0 2
   273  -.4213636175498950E-02   4   0 1  0 1  0 0  0 2
   274  0.1302718161613825E-03   4   0 0  1 1  0 0  0 2
   275  0.4397510474348199E-04   4   0 0  0 2  0 0  0 2
   276  -.5625056922312182E-05   4   1 0  0 0  0 3  0 0
   277  -.1132754283879954E-04   4   0 1  0 0  0 3  0 0
   278  0.8096739511771972E-01   4   0 0  1 0  0 3  0 0
   279  -.1144311588607144       4   0 0  0 1  0 3  0 0
   280  -.3817996058774715E-05   4   1 0  0 0  0 2  1 0
   281  -.1096202098982416E-04   4   0 1  0 0  0 2  1 0
   282  0.4372471268339147E-01   4   0 0  1 0  0 2  1 0
   283  0.2231855527596384E-01   4   0 0  0 1  0 2  1 0
   284  -.3821628563898546E-05   4   1 0  0 0  0 1  2 0
   285  -.1096272807081044E-04   4   0 1  0 0  0 1  2 0
   286  0.4379967189954381E-01   4   0 0  1 0  0 1  2 0
   287  0.2204281915618356E-01   4   0 0  0 1  0 1  2 0
   288  -.5611136442119985E-05   4   1 0  0 0  0 0  3 0
   289  -.1129731058342536E-04   4   0 1  0 0  0 0  3 0
   290  0.8077457032466569E-01   4   0 0  1 0  0 0  3 0
   291  -.1142151623291082       4   0 0  0 1  0 0  3 0
   292  0.6787543021831321E-05   4   1 0  0 0  0 2  0 1
   293  0.1202104578087576E-04   4   0 1  0 0  0 2  0 1
   294  -.8742240820079031E-01   4   0 0  1 0  0 2  0 1
   295  -.2275761999254642       4   0 0  0 1  0 2  0 1
   296  0.5034372806264589E-05   4   1 0  0 0  0 1  1 1
   297  0.1174784465431041E-04   4   0 1  0 0  0 1  1 1
   298  -.5033584646313156E-01   4   0 0  1 0  0 1  1 1
   299  -.2199705192831247       4   0 0  0 1  0 1  1 1
   300  0.6775021155555452E-05   4   1 0  0 0  0 0  2 1
   301  0.1199696357618460E-04   4   0 1  0 0  0 0  2 1
   302  -.8727088943894715E-01   4   0 0  1 0  0 0  2 1
   303  -.2271219256218995       4   0 0  0 1  0 0  2 1
   304  -.2238223265973330E-06   4   1 0  0 0  0 1  0 2
   305  -.3750837516590886E-06   4   0 1  0 0  0 1  0 2
   306  -.1201935853977326E-01   4   0 0  1 0  0 1  0 2
   307  -.1524175647521756E-01   4   0 0  0 1  0 1  0 2
   308  -.2235211170585805E-06   4   1 0  0 0  0 0  1 2
   309  -.3745789816231921E-06   4   0 1  0 0  0 0  1 2
   310  -.1200318345350323E-01   4   0 0  1 0  0 0  1 2
   311  -.1522124483767236E-01   4   0 0  0 1  0 0  1 2
   312  0.1516007091514330E-07   4   1 0  0 0  0 0  0 3
   313  0.1225080258493955E-07   4   0 1  0 0  0 0  0 3
   314  -.2126485390908974E-03   4   0 0  1 0  0 0  0 3
   315  -.1717181140390671E-03   4   0 0  0 1  0 0  0 3
   316  0.9552876968821966E-05   4   0 0  0 0  0 4  0 0
   317  0.4631156840586771E-05   4   0 0  0 0  0 3  1 0
   318  0.3979289855503881E-05   4   0 0  0 0  0 2  2 0
   319  0.4645242135324825E-05   4   0 0  0 0  0 1  3 0
   320  0.9524063808016216E-05   4   0 0  0 0  0 0  4 0
   321  -.1249028132237559E-05   4   0 0  0 0  0 3  0 1
   322  0.2452249068000811E-06   4   0 0  0 0  0 2  1 1
   323  0.2422119569028228E-06   4   0 0  0 0  0 1  2 1
   324  -.1246671592969955E-05   4   0 0  0 0  0 0  3 1
   325  -.3551948300222194E-06   4   0 0  0 0  0 2  0 2
   326  -.4167207296697018E-06   4   0 0  0 0  0 1  1 2
   327  -.3544364240004199E-06   4   0 0  0 0  0 0  2 2
   328  -.6787107623448013E-08   4   0 0  0 0  0 1  0 3
   329  -.6777973853873676E-08   4   0 0  0 0  0 0  1 3
   330  -.1031111571606459E-13   4   0 0  0 0  0 0  0 4
   ----------------------------------------------------
     I  COEFFICIENT            ORDER EXPONENTS
     1  0.1140079638033006E-03   0   0 0  0 0  0 0  0 0
     2  0.4081360368846231E-04   1   1 0  0 0  0 0  0 0
     3  0.3766110594182881E-04   1   0 1  0 0  0 0  0 0
     4  -1.268060206670990       1   0 0  1 0  0 0  0 0
     5  -.1794119326531193       1   0 0  0 1  0 0  0 0
     6  0.3440611113634050E-05   1   0 0  0 0  0 1  0 0
     7  0.3435980901347672E-05   1   0 0  0 0  0 0  1 0
     8  0.1071313717873523E-03   1   0 0  0 0  0 0  0 1
     9  0.3820685107430023E-03   2   2 0  0 0  0 0  0 0
    10  0.6234349877195711E-03   2   1 1  0 0  0 0  0 0
    11  0.2977291195415796E-03   2   0 2  0 0  0 0  0 0
    12  0.5410243010623187       2   1 0  1 0  0 0  0 0
    13  0.4973681934658932       2   0 1  1 0  0 0  0 0
    14  0.3523430270191731E-03   2   0 0  2 0  0 0  0 0
    15  0.5075432951998657       2   1 0  0 1  0 0  0 0
    16  0.4697844573497163       2   0 1  0 1  0 0  0 0
    17  0.8797092949045434E-03   2   0 0  1 1  0 0  0 0
    18  0.4558851379403890E-03   2   0 0  0 2  0 0  0 0
    19  -.1476344036514896E-05   2   1 0  0 0  0 1  0 0
    20  -.2029250326760460E-04   2   0 1  0 0  0 1  0 0
    21  -.4289940321238475E-01   2   0 0  1 0  0 1  0 0
    22  0.5536102397739479       2   0 0  0 1  0 1  0 0
    23  -.1474357242288217E-05   2   1 0  0 0  0 0  1 0
    24  -.2026519457305959E-04   2   0 1  0 0  0 0  1 0
    25  -.4284167121732041E-01   2   0 0  1 0  0 0  1 0
    26  0.5528652172040066       2   0 0  0 1  0 0  1 0
    27  0.4376419280764547E-04   2   1 0  0 0  0 0  0 1
    28  0.4055758753401098E-04   2   0 1  0 0  0 0  0 1
    29  -1.182319132305791       2   0 0  1 0  0 0  0 1
    30  -1.106475457048906       2   0 0  0 1  0 0  0 1
    31  -.2543438172930686E-05   2   0 0  0 0  0 2  0 0
    32  -.1648663172884732E-05   2   0 0  0 0  0 1  1 0
    33  -.2538905987103514E-05   2   0 0  0 0  0 0  2 0
    34  0.6735512733821908E-05   2   0 0  0 0  0 1  0 1
    35  0.6726448398218429E-05   2   0 0  0 0  0 0  1 1
    36  -.6730969919805781E-05   2   0 0  0 0  0 0  0 2
    37  -.1024552947236112E-01   3   3 0  0 0  0 0  0 0
    38  -.2873946041741988E-01   3   2 1  0 0  0 0  0 0
    39  -.2701880404974138E-01   3   1 2  0 0  0 0  0 0
    40  -.8492177515560613E-02   3   0 3  0 0  0 0  0 0
    41  -6.499421813053684       3   2 0  1 0  0 0  0 0
    42  -12.73088722380784       3   1 1  1 0  0 0  0 0
    43  -6.745800113270075       3   0 2  1 0  0 0  0 0
    44  0.2274541942734782E-01   3   1 0  2 0  0 0  0 0
    45  0.2084874392459509E-01   3   0 1  2 0  0 0  0 0
    46  -1.381348607802505       3   0 0  3 0  0 0  0 0
    47  -5.678426977103462       3   2 0  0 1  0 0  0 0
    48  -11.39697301538632       3   1 1  0 1  0 0  0 0
    49  -6.763144605651884       3   0 2  0 1  0 0  0 0
    50  0.4263734448560930E-01   3   1 0  1 1  0 0  0 0
    51  0.3932222011338544E-01   3   0 1  1 1  0 0  0 0
    52  -4.271657316739757       3   0 0  2 1  0 0  0 0
    53  0.2016136141735227E-01   3   1 0  0 2  0 0  0 0
    54  0.1872609899390469E-01   3   0 1  0 2  0 0  0 0
    55  -3.704799723951789       3   0 0  1 2  0 0  0 0
    56  -1.455243553490537       3   0 0  0 3  0 0  0 0
    57  -.2292562641541202E-03   3   2 0  0 0  0 1  0 0
    58  -.7690917577060543E-03   3   1 1  0 0  0 1  0 0
    59  -.5187324706182382E-03   3   0 2  0 0  0 1  0 0
    60  0.2035472252891295E-01   3   1 0  1 0  0 1  0 0
    61  -.2289012377156212       3   0 1  1 0  0 1  0 0
    62  -.9598292554243173E-04   3   0 0  2 0  0 1  0 0
    63  -.2389804454912368       3   1 0  0 1  0 1  0 0
    64  -.4550549544057611       3   0 1  0 1  0 1  0 0
    65  -.6461661283960823E-03   3   0 0  1 1  0 1  0 0
    66  -.5666170211476920E-03   3   0 0  0 2  0 1  0 0
    67  -.2289477418782950E-03   3   2 0  0 0  0 0  1 0
    68  -.7680567502645738E-03   3   1 1  0 0  0 0  1 0
    69  -.5180343849062949E-03   3   0 2  0 0  0 0  1 0
    70  0.2032733010261832E-01   3   1 0  1 0  0 0  1 0
    71  -.2285931932176452       3   0 1  1 0  0 0  1 0
    72  -.9585375624475562E-04   3   0 0  2 0  0 0  1 0
    73  -.2386588368704530       3   1 0  0 1  0 0  1 0
    74  -.4544425628941191       3   0 1  0 1  0 0  1 0
    75  -.6452965484732416E-03   3   0 0  1 1  0 0  1 0
    76  -.5658544946643671E-03   3   0 0  0 2  0 0  1 0
    77  0.8391880061390280E-03   3   2 0  0 0  0 0  0 1
    78  0.1534785302099054E-02   3   1 1  0 0  0 0  0 1
    79  0.7377436411511605E-03   3   0 2  0 0  0 0  0 1
    80  0.5003442973346316       3   1 0  1 0  0 0  0 1
    81  0.4574961721531831       3   0 1  1 0  0 0  0 1
    82  0.5449656421459146E-03   3   0 0  2 0  0 0  0 1
    83  0.4776410289090584       3   1 0  0 1  0 0  0 1
    84  0.4397145347917120       3   0 1  0 1  0 0  0 1
    85  0.1293192117295872E-02   3   0 0  1 1  0 0  0 1
    86  0.6775430567118593E-03   3   0 0  0 2  0 0  0 1
    87  0.1089976597385028E-05   3   1 0  0 0  0 2  0 0
    88  0.1586893698090031E-04   3   0 1  0 0  0 2  0 0
    89  0.3168787850759804E-01   3   0 0  1 0  0 2  0 0
    90  -.3972474407177629       3   0 0  0 1  0 2  0 0
    91  0.7798124456550008E-06   3   1 0  0 0  0 1  1 0
    92  0.1157836314832257E-04   3   0 1  0 0  0 1  1 0
    93  0.2050635582595934E-01   3   0 0  1 0  0 1  1 0
    94  -.2413046012366712       3   0 0  0 1  0 1  1 0
    95  0.1087985040831181E-05   3   1 0  0 0  0 0  2 0
    96  0.1583979050567141E-04   3   0 1  0 0  0 0  2 0
    97  0.3163143621048088E-01   3   0 0  1 0  0 0  2 0
    98  -.3965504756536426       3   0 0  0 1  0 0  2 0
    99  -.3080809355402276E-05   3   1 0  0 0  0 1  0 1
   100  -.2327549121921187E-04   3   0 1  0 0  0 1  0 1
   101  -.8388193107628572E-01   3   0 0  1 0  0 1  0 1
   102  0.4821894943211148       3   0 0  0 1  0 1  0 1
   103  -.3076663347365282E-05   3   1 0  0 0  0 0  1 1
   104  -.2324416816006492E-04   3   0 1  0 0  0 0  1 1
   105  -.8376904672666172E-01   3   0 0  1 0  0 0  1 1
   106  0.4815405864244612       3   0 0  0 1  0 0  1 1
   107  0.3179363571876342E-05   3   1 0  0 0  0 0  0 2
   108  0.3125175445394563E-05   3   0 1  0 0  0 0  0 2
   109  0.8382539885733400E-01   3   0 0  1 0  0 0  0 2
   110  0.7137257894380644E-01   3   0 0  0 1  0 0  0 2
   111  0.2094432389638144E-05   3   0 0  0 0  0 3  0 0
   112  0.1199070223749768E-05   3   0 0  0 0  0 2  1 0
   113  0.1200871938373312E-05   3   0 0  0 0  0 1  2 0
   114  0.2089398769275928E-05   3   0 0  0 0  0 0  3 0
   115  -.4941506787828513E-05   3   0 0  0 0  0 2  0 1
   116  -.3153377805168012E-05   3   0 0  0 0  0 1  1 1
   117  -.4932734907260267E-05   3   0 0  0 0  0 0  2 1
   118  0.3151737745308448E-05   3   0 0  0 0  0 1  0 2
   119  0.3147496285187071E-05   3   0 0  0 0  0 0  1 2
   120  0.1440352830131058E-06   3   0 0  0 0  0 0  0 3
   121  -.4492076595393644E-02   4   4 0  0 0  0 0  0 0
   122  -.1651460984115563E-01   4   3 1  0 0  0 0  0 0
   123  -.2295157691521427E-01   4   2 2  0 0  0 0  0 0
   124  -.1402529083020720E-01   4   1 3  0 0  0 0  0 0
   125  -.3172818491571916E-02   4   0 4  0 0  0 0  0 0
   126   113.7700091436724       4   3 0  1 0  0 0  0 0
   127   316.8252752045657       4   2 1  1 0  0 0  0 0
   128   295.7661252441775       4   1 2  1 0  0 0  0 0
   129   92.78426201475405       4   0 3  1 0  0 0  0 0
   130  0.2523046822571331E-01   4   2 0  2 0  0 0  0 0
   131  0.4840239044846117E-01   4   1 1  2 0  0 0  0 0
   132  0.2315775202471516E-01   4   0 2  2 0  0 0  0 0
   133  -86.00898177292770       4   1 0  3 0  0 0  0 0
   134  -78.34855195867615       4   0 1  3 0  0 0  0 0
   135  -.3840403371843128E-02   4   0 0  4 0  0 0  0 0
   136   107.4764910423810       4   3 0  0 1  0 0  0 0
   137   301.2989730501290       4   2 1  0 1  0 0  0 0
   138   283.3453866528255       4   1 2  0 1  0 0  0 0
   139   89.59262210925044       4   0 3  0 1  0 0  0 0
   140  0.4909755872335046E-01   4   2 0  1 1  0 0  0 0
   141  0.9490216438563402E-01   4   1 1  1 1  0 0  0 0
   142  0.4639792893873987E-01   4   0 2  1 1  0 0  0 0
   143  -239.8220580443580       4   1 0  2 1  0 0  0 0
   144  -220.3075200514598       4   0 1  2 1  0 0  0 0
   145  -.1344211139835136E-01   4   0 0  3 1  0 0  0 0
   146  0.2361222096808276E-01   4   2 0  0 2  0 0  0 0
   147  0.4608295977126130E-01   4   1 1  0 2  0 0  0 0
   148  0.2303668555109003E-01   4   0 2  0 2  0 0  0 0
   149  -224.9142667563783       4   1 0  1 2  0 0  0 0
   150  -208.0814365174010       4   0 1  1 2  0 0  0 0
   151  -.1775332630285914E-01   4   0 0  2 2  0 0  0 0
   152  -70.68538015917292       4   1 0  0 3  0 0  0 0
   153  -65.77318103164023       4   0 1  0 3  0 0  0 0
   154  -.1017166967992194E-01   4   0 0  1 3  0 0  0 0
   155  -.1957027047008350E-02   4   0 0  0 4  0 0  0 0
   156  -.1102362459876255E-02   4   3 0  0 0  0 1  0 0
   157  0.9055586823452861E-02   4   2 1  0 0  0 1  0 0
   158  0.1980002845537163E-01   4   1 2  0 0  0 1  0 0
   159  0.9719148346313300E-02   4   0 3  0 0  0 1  0 0
   160   3.511594793146077       4   2 0  1 0  0 1  0 0
   161   13.11811019602617       4   1 1  1 0  0 1  0 0
   162   9.918164698702524       4   0 2  1 0  0 1  0 0
   163  0.2297870447440984E-02   4   1 0  2 0  0 1  0 0
   164  -.6833671668996625E-02   4   0 1  2 0  0 1  0 0
   165  0.4265934691472927       4   0 0  3 0  0 1  0 0
   166   5.994626624877616       4   2 0  0 1  0 1  0 0
   167   17.59430000405345       4   1 1  0 1  0 1  0 0
   168   13.09490195136345       4   0 2  0 1  0 1  0 0
   169  -.1356386240941289E-01   4   1 0  1 1  0 1  0 0
   170  -.2906013476024009E-01   4   0 1  1 1  0 1  0 0
   171   3.526673163819695       4   0 0  2 1  0 1  0 0
   172  -.1472337735326550E-01   4   1 0  0 2  0 1  0 0
   173  -.2142324838053421E-01   4   0 1  0 2  0 1  0 0
   174   5.195465713824932       4   0 0  1 2  0 1  0 0
   175   2.691657068492022       4   0 0  0 3  0 1  0 0
   176  -.1100878952430297E-02   4   3 0  0 0  0 0  1 0
   177  0.9043400241480889E-02   4   2 1  0 0  0 0  1 0
   178  0.1977338251021938E-01   4   1 2  0 0  0 0  1 0
   179  0.9706068774516420E-02   4   0 3  0 0  0 0  1 0
   180   3.506869054369185       4   2 0  1 0  0 0  1 0
   181   13.10045646155948       4   1 1  1 0  0 0  1 0
   182   9.904817300077926       4   0 2  1 0  0 0  1 0
   183  0.2294778081687696E-02   4   1 0  2 0  0 0  1 0
   184  -.6824475235724282E-02   4   0 1  2 0  0 0  1 0
   185  0.4260193797611692       4   0 0  3 0  0 0  1 0
   186   5.986559338882822       4   2 0  0 1  0 0  1 0
   187   17.57062242429863       4   1 1  0 1  0 0  1 0
   188   13.07727944945865       4   0 2  0 1  0 0  1 0
   189  -.1354560880262498E-01   4   1 0  1 1  0 0  1 0
   190  -.2902102700043646E-01   4   0 1  1 1  0 0  1 0
   191   3.521927133282176       4   0 0  2 1  0 0  1 0
   192  -.1470356332591221E-01   4   1 0  0 2  0 0  1 0
   193  -.2139441798250641E-01   4   0 1  0 2  0 0  1 0
   194   5.188473900921081       4   0 0  1 2  0 0  1 0
   195   2.688034763262649       4   0 0  0 3  0 0  1 0
   196  0.3762490635256746E-03   4   3 0  0 0  0 0  0 1
   197  0.1083284705777827E-02   4   2 1  0 0  0 0  0 1
   198  0.1047478607486770E-02   4   1 2  0 0  0 0  0 1
   199  0.3631636122665857E-03   4   0 3  0 0  0 0  0 1
   200  -13.50832605553924       4   2 0  1 0  0 0  0 1
   201  -26.19787657525550       4   1 1  1 0  0 0  0 1
   202  -13.06590197011579       4   0 2  1 0  0 0  0 1
   203  -.9400396987909107E-03   4   1 0  2 0  0 0  0 1
   204  -.9350748090239627E-03   4   0 1  2 0  0 0  0 1
   205  -2.236370557579690       4   0 0  3 0  0 0  0 1
   206  -11.97045212483378       4   2 0  0 1  0 0  0 1
   207  -23.74458803209523       4   1 1  0 1  0 0  0 1
   208  -12.63310956248500       4   0 2  0 1  0 0  0 1
   209  -.1884893766107636E-02   4   1 0  1 1  0 0  0 1
   210  -.1953798063125222E-02   4   0 1  1 1  0 0  0 1
   211  -7.056437273652969       4   0 0  2 1  0 0  0 1
   212  -.9329581068744419E-03   4   1 0  0 2  0 0  0 1
   213  -.9784861657548549E-03   4   0 1  0 2  0 0  0 1
   214  -6.687739806649524       4   0 0  1 2  0 0  0 1
   215  -2.472371539948968       4   0 0  0 3  0 0  0 1
   216  -.1017696235712688E-03   4   2 0  0 0  0 2  0 0
   217  0.9153062674305832E-04   4   1 1  0 0  0 2  0 0
   218  0.1841685909965430E-03   4   0 2  0 0  0 2  0 0
   219  -.1500282497731628E-01   4   1 0  1 0  0 2  0 0
   220  0.1623697969770328       4   0 1  1 0  0 2  0 0
   221  -.9572969948696187E-04   4   0 0  2 0  0 2  0 0
   222  0.1721678173002572       4   1 0  0 1  0 2  0 0
   223  0.4448042586834509       4   0 1  0 1  0 2  0 0
   224  0.2799161844032854E-03   4   0 0  1 1  0 2  0 0
   225  0.5237971081506965E-03   4   0 0  0 2  0 2  0 0
   226  -.1022939421411475E-03   4   2 0  0 0  0 1  1 0
   227  0.1961449545419934E-03   4   1 1  0 0  0 1  1 0
   228  0.3558188492128819E-03   4   0 2  0 0  0 1  1 0
   229  -.1031654520618109E-01   4   1 0  1 0  0 1  1 0
   230  0.9501566587784281E-01   4   0 1  1 0  0 1  1 0
   231  -.8908100185772102E-04   4   0 0  2 0  0 1  1 0
   232  0.1047928977526579       4   1 0  0 1  0 1  1 0
   233  0.4333945266785932       4   0 1  0 1  0 1  1 0
   234  0.2600651880854151E-03   4   0 0  1 1  0 1  1 0
   235  0.6094358421254251E-03   4   0 0  0 2  0 1  1 0
   236  -.1015638356249093E-03   4   2 0  0 0  0 0  2 0
   237  0.9127546782136095E-04   4   1 1  0 0  0 0  2 0
   238  0.1836813234673735E-03   4   0 2  0 0  0 0  2 0
   239  -.1497569312235231E-01   4   1 0  1 0  0 0  2 0
   240  0.1620873535538820       4   0 1  1 0  0 0  2 0
   241  -.9554093046194782E-04   4   0 0  2 0  0 0  2 0
   242  0.1718656092941840       4   1 0  0 1  0 0  2 0
   243  0.4439140411105997       4   0 1  0 1  0 0  2 0
   244  0.2793644946574697E-03   4   0 0  1 1  0 0  2 0
   245  0.5226821316709420E-03   4   0 0  0 2  0 0  2 0
   246  0.2342120098279620E-03   4   2 0  0 0  0 1  0 1
   247  -.6188054624847684E-04   4   1 1  0 0  0 1  0 1
   248  -.2242304667326792E-03   4   0 2  0 0  0 1  0 1
   249  0.4117232292687056E-01   4   1 0  1 0  0 1  0 1
   250  -.1891469200349922       4   0 1  1 0  0 1  0 1
   251  0.1775175694580154E-03   4   0 0  2 0  0 1  0 1
   252  -.2089932932490965       4   1 0  0 1  0 1  0 1
   253  -.4105022088947557       4   0 1  0 1  0 1  0 1
   254  -.2716558658019404E-03   4   0 0  1 1  0 1  0 1
   255  -.5011797788988699E-03   4   0 0  0 2  0 1  0 1
   256  0.2338968183431652E-03   4   2 0  0 0  0 0  1 1
   257  -.6179727032566609E-04   4   1 1  0 0  0 0  1 1
   258  -.2239287079381659E-03   4   0 2  0 0  0 0  1 1
   259  0.4111691515505991E-01   4   1 0  1 0  0 0  1 1
   260  -.1888923750241947       4   0 1  1 0  0 0  1 1
   261  0.1772786746791520E-03   4   0 0  2 0  0 0  1 1
   262  -.2087120399245544       4   1 0  0 1  0 0  1 1
   263  -.4099497743683242       4   0 1  0 1  0 0  1 1
   264  -.2712902841404415E-03   4   0 0  1 1  0 0  1 1
   265  -.5005053147722122E-03   4   0 0  0 2  0 0  1 1
   266  -.1628587014196859E-03   4   2 0  0 0  0 0  0 2
   267  -.3089141519080914E-03   4   1 1  0 0  0 0  0 2
   268  -.1452325348879124E-03   4   0 2  0 0  0 0  0 2
   269  -.4199327111250692E-01   4   1 0  1 0  0 0  0 2
   270  -.4090053535094144E-01   4   0 1  1 0  0 0  0 2
   271  -.7419335429094923E-04   4   0 0  2 0  0 0  0 2
   272  -.3095627945915688E-01   4   1 0  0 1  0 0  0 2
   273  -.3089590156660845E-01   4   0 1  0 1  0 0  0 2
   274  -.1603736878388831E-03   4   0 0  1 1  0 0  0 2
   275  -.8258304752309456E-04   4   0 0  0 2  0 0  0 2
   276  -.3122854324790117E-05   4   1 0  0 0  0 3  0 0
   277  -.1810471989465395E-04   4   0 1  0 0  0 3  0 0
   278  -.2608240201666179E-01   4   0 0  1 0  0 3  0 0
   279  0.3193208144585181       4   0 0  0 1  0 3  0 0
   280  -.2104703432144849E-05   4   1 0  0 0  0 2  1 0
   281  -.1262571200801398E-04   4   0 1  0 0  0 2  1 0
   282  -.1489463009472215E-01   4   0 0  1 0  0 2  1 0
   283  0.1635526364853228       4   0 0  0 1  0 2  1 0
   284  -.2106750217904381E-05   4   1 0  0 0  0 1  2 0
   285  -.1263672291107966E-04   4   0 1  0 0  0 1  2 0
   286  -.1491714320417660E-01   4   0 0  1 0  0 1  2 0
   287  0.1638662072352265       4   0 0  0 1  0 1  2 0
   288  -.3115136143851512E-05   4   1 0  0 0  0 0  3 0
   289  -.1805968908736225E-04   4   0 1  0 0  0 0  3 0
   290  -.2601974258918142E-01   4   0 0  1 0  0 0  3 0
   291  0.3185663218790616       4   0 0  0 1  0 0  3 0
   292  0.4117988542124309E-05   4   1 0  0 0  0 2  0 1
   293  0.2277798085077517E-04   4   0 1  0 0  0 2  0 1
   294  0.6146924258509177E-01   4   0 0  1 0  0 2  0 1
   295  -.3269962672087858       4   0 0  0 1  0 2  0 1
   296  0.3171873846439833E-05   4   1 0  0 0  0 1  1 1
   297  0.1768113530037493E-04   4   0 1  0 0  0 1  1 1
   298  0.3912585269076441E-01   4   0 0  1 0  0 1  1 1
   299  -.1722094174831334       4   0 0  0 1  0 1  1 1
   300  0.4110312468049718E-05   4   1 0  0 0  0 0  2 1
   301  0.2273543009835345E-04   4   0 1  0 0  0 0  2 1
   302  0.6136019331105907E-01   4   0 0  1 0  0 0  2 1
   303  -.3264403353841264       4   0 0  0 1  0 0  2 1
   304  -.5515743039354587E-06   4   1 0  0 0  0 1  0 2
   305  -.1705306282565469E-05   4   0 1  0 0  0 1  0 2
   306  -.3909986060596312E-01   4   0 0  1 0  0 1  0 2
   307  -.6910077207163597E-01   4   0 0  0 1  0 1  0 2
   308  -.5508320212320243E-06   4   1 0  0 0  0 0  1 2
   309  -.1703011361738701E-05   4   0 1  0 0  0 0  1 2
   310  -.3904724185627230E-01   4   0 0  1 0  0 0  1 2
   311  -.6900777950918859E-01   4   0 0  0 1  0 0  1 2
   312  0.1314377996792495E-06   4   1 0  0 0  0 0  0 3
   313  0.1072191454363897E-06   4   0 1  0 0  0 0  0 3
   314  -.1894176594161176E-02   4   0 0  1 0  0 0  0 3
   315  -.1546818815748374E-02   4   0 0  0 1  0 0  0 3
   316  -.5277985127951330E-05   4   0 0  0 0  0 4  0 0
   317  -.2791528059336087E-05   4   0 0  0 0  0 3  1 0
   318  -.2461250511488296E-05   4   0 0  0 0  0 2  2 0
   319  -.2798643199578316E-05   4   0 0  0 0  0 1  3 0
   320  -.5261909476009248E-05   4   0 0  0 0  0 0  4 0
   321  0.5745441456717391E-05   4   0 0  0 0  0 3  0 1
   322  0.3030058617701287E-05   4   0 0  0 0  0 2  1 1
   323  0.3035524361151631E-05   4   0 0  0 0  0 1  2 1
   324  0.5731807435962144E-05   4   0 0  0 0  0 0  3 1
   325  0.3272253125685926E-06   4   0 0  0 0  0 2  0 2
   326  0.3903080946464811E-06   4   0 0  0 0  0 1  1 2
   327  0.3265223190449349E-06   4   0 0  0 0  0 0  2 2
   328  0.1935320380409002E-08   4   0 0  0 0  0 1  0 3
   329  0.1932715917449557E-08   4   0 0  0 0  0 0  1 3
   330  -.4585093019139165E-14   4   0 0  0 0  0 0  0 4
   ----------------------------------------------------
     I  COEFFICIENT            ORDER EXPONENTS
     1  0.8940038871920286E-08   0   0 0  0 0  0 0  0 0
     2  -.1614473181128487E-05   1   1 0  0 0  0 0  0 0
     3  -.2266478690041363E-05   1   0 1  0 0  0 0  0 0
     4  0.1244348977116666E-04   1   0 0  1 0  0 0  0 0
     5  -.9527404709621554E-06   1   0 0  0 1  0 0  0 0
     6   1.000000000000000       1   0 0  0 0  1 0  0 0
     7  0.2859789905665922       1   0 0  0 0  0 1  0 0
     8  -.2859789895054974       1   0 0  0 0  0 0  1 0
     9  -.1061100024573380E-08   1   0 0  0 0  0 0  0 1
    10  -.8716181623086941E-01   2   2 0  0 0  0 0  0 0
    11  -.3132094236618557       2   1 1  0 0  0 0  0 0
    12  -.4961794205898198       2   0 2  0 0  0 0  0 0
    13  -.5964988805222156E-05   2   1 0  1 0  0 0  0 0
    14  -.1007056233433686E-04   2   0 1  1 0  0 0  0 0
    15  -.7151802424724893E-01   2   0 0  2 0  0 0  0 0
    16  -.9970869330960196E-05   2   1 0  0 1  0 0  0 0
    17  -.1304379676938594E-04   2   0 1  0 1  0 0  0 0
    18  0.1359288327891614E-01   2   0 0  1 1  0 0  0 0
    19  -.2173287654520102       2   0 0  0 2  0 0  0 0
    20  0.2411427921291430E-05   2   1 0  0 0  0 1  0 0
    21  0.4081479734188728E-05   2   0 1  0 0  0 1  0 0
    22  -.1806499954131009E-04   2   0 0  1 0  0 1  0 0
    23  -.3944710181568310E-05   2   0 0  0 1  0 1  0 0
    24  0.7980600968818498E-06   2   1 0  0 0  0 0  1 0
    25  0.1815624243086971E-05   2   0 1  0 0  0 0  1 0
    26  -.5630675132383708E-05   2   0 0  1 0  0 0  1 0
    27  -.4889587276048152E-05   2   0 0  0 1  0 0  1 0
    28  -.3209516708796623E-05   2   1 0  0 0  0 0  0 1
    29  -.3630700602653443E-05   2   0 1  0 0  0 0  0 1
    30  0.2369568712704589E-04   2   0 0  1 0  0 0  0 1
    31  0.9787057439823202E-05   2   0 0  0 1  0 0  0 1
    32  -.2146286618724590       2   0 0  0 0  0 2  0 0
    33  0.1432783316613815       2   0 0  0 0  0 1  1 0
    34  0.7135032869366301E-01   2   0 0  0 0  0 0  2 0
    35  0.1517075030848705E-08   2   0 0  0 0  0 1  0 1
    36  0.4568258431121557E-09   2   0 0  0 0  0 0  1 1
    37  -.4564425944159997E-09   2   0 0  0 0  0 0  0 2
    38  0.4162990769026235E-01   3   3 0  0 0  0 0  0 0
    39  0.1493417277663575       3   2 1  0 0  0 0  0 0
    40  0.1675266514969370       3   1 2  0 0  0 0  0 0
    41  0.6032192732685641E-01   3   0 3  0 0  0 0  0 0
    42  0.2470996736810246E-03   3   2 0  1 0  0 0  0 0
    43  0.4062665938776543E-03   3   1 1  1 0  0 0  0 0
    44  0.2707432858233534E-03   3   0 2  1 0  0 0  0 0
    45  0.2780563899617072E-01   3   1 0  2 0  0 0  0 0
    46  -.5537720450683795E-02   3   0 1  2 0  0 0  0 0
    47  0.7377200867314946E-04   3   0 0  3 0  0 0  0 0
    48  0.1713547892937385E-03   3   2 0  0 1  0 0  0 0
    49  0.2655602543599432E-03   3   1 1  0 1  0 0  0 0
    50  0.1762771352398491E-03   3   0 2  0 1  0 0  0 0
    51  -.1038495982611692E-01   3   1 0  1 1  0 0  0 0
    52  -.6327170191189153E-01   3   0 1  1 1  0 0  0 0
    53  0.2565945606670348E-03   3   0 0  2 1  0 0  0 0
    54  -.3233602942762832E-01   3   1 0  0 2  0 0  0 0
    55  -.5338393684977755E-01   3   0 1  0 2  0 0  0 0
    56  0.2594362686478174E-03   3   0 0  1 2  0 0  0 0
    57  0.7210526500077465E-04   3   0 0  0 3  0 0  0 0
    58  0.1349872735432267       3   2 0  0 0  0 1  0 0
    59  0.5590793207154223       3   1 1  0 0  0 1  0 0
    60  0.8904349305092293       3   0 2  0 0  0 1  0 0
    61  0.8989858107339581E-05   3   1 0  1 0  0 1  0 0
    62  0.1802023062114041E-04   3   0 1  1 0  0 1  0 0
    63  0.1036811257951551       3   0 0  2 0  0 1  0 0
    64  0.1783845849386148E-04   3   1 0  0 1  0 1  0 0
    65  0.2890628782450633E-04   3   0 1  0 1  0 1  0 0
    66  0.4134758206679759E-01   3   0 0  1 1  0 1  0 0
    67  0.3205823110912829       3   0 0  0 2  0 1  0 0
    68  0.4787832955667204E-01   3   2 0  0 0  0 0  1 0
    69  0.2459601746234790       3   1 1  0 0  0 0  1 0
    70  0.3943919446535666       3   0 2  0 0  0 0  1 0
    71  0.3016581873456396E-05   3   1 0  1 0  0 0  1 0
    72  0.7904703824206769E-05   3   0 1  1 0  0 0  1 0
    73  0.3221599834355304E-01   3   0 0  2 0  0 0  1 0
    74  0.7849103593446723E-05   3   1 0  0 1  0 0  1 0
    75  0.1579845800472042E-04   3   0 1  0 1  0 0  1 0
    76  0.5484835043522975E-01   3   0 0  1 1  0 0  1 0
    77  0.1034067107202891       3   0 0  0 2  0 0  1 0
    78  -.1828657898742600       3   2 0  0 0  0 0  0 1
    79  -.4918306149549004       3   1 1  0 0  0 0  0 1
    80  -.2924685541719882       3   0 2  0 0  0 0  0 1
    81  -.1198099105421563E-04   3   1 0  1 0  0 0  0 1
    82  -.1576199946887683E-04   3   0 1  1 0  0 0  0 1
    83  -.1358972391524619       3   0 0  2 0  0 0  0 1
    84  -.1566203647388716E-04   3   1 0  0 1  0 0  0 1
    85  -.1846003481081729E-04   3   0 1  0 1  0 0  0 1
    86  -.1097889539898334       3   0 0  1 1  0 0  0 1
    87  0.1066842156497166E-01   3   0 0  0 2  0 0  0 1
    88  -.3002502774848527E-05   3   1 0  0 0  0 2  0 0
    89  -.5775459104229839E-05   3   0 1  0 0  0 2  0 0
    90  0.2199538260091149E-04   3   0 0  1 0  0 2  0 0
    91  0.1004768503056285E-04   3   0 0  0 1  0 2  0 0
    92  -.1183035840308687E-05   3   1 0  0 0  0 1  1 0
    93  -.3388810124289847E-05   3   0 1  0 0  0 1  1 0
    94  0.7868597496142908E-05   3   0 0  1 0  0 1  1 0
    95  0.1220576019238527E-04   3   0 0  0 1  0 1  1 0
    96  -.5923400302887646E-06   3   1 0  0 0  0 0  2 0
    97  -.1694865430114331E-05   3   0 1  0 0  0 0  2 0
    98  0.3941135550136378E-05   3   0 0  1 0  0 0  2 0
    99  0.6097313011041068E-05   3   0 0  0 1  0 0  2 0
   100  0.4776163067636570E-05   3   1 0  0 0  0 1  0 1
   101  0.6776427305471906E-05   3   0 1  0 0  0 1  0 1
   102  -.3379797274894677E-04   3   0 0  1 0  0 1  0 1
   103  -.2441549784555315E-04   3   0 0  0 1  0 1  0 1
   104  0.1569005349080435E-05   3   1 0  0 0  0 0  1 1
   105  0.3146593656021170E-05   3   0 1  0 0  0 0  1 1
   106  -.1012152691618584E-04   3   0 0  1 0  0 0  1 1
   107  -.1462278214957090E-04   3   0 0  0 1  0 0  1 1
   108  -.1567828287773716E-05   3   1 0  0 0  0 0  0 2
   109  -.1330888696923243E-05   3   0 1  0 0  0 0  0 2
   110  0.1011294055278982E-04   3   0 0  1 0  0 0  0 2
   111  0.9733086785568601E-05   3   0 0  0 1  0 0  0 2
   112  0.1788813488217825       3   0 0  0 0  0 3  0 0
   113  -.1073867921701260       3   0 0  0 0  0 2  1 0
   114  -.3589155495541926E-01   3   0 0  0 0  0 1  2 0
   115  -.3560303930383563E-01   3   0 0  0 0  0 0  3 0
   116  -.1922157236003876E-08   3   0 0  0 0  0 2  0 1
   117  -.2778996359421401E-10   3   0 0  0 0  0 1  1 1
   118  -.1516284085417419E-10   3   0 0  0 0  0 0  2 1
   119  0.2981239357970498E-09   3   0 0  0 0  0 1  0 2
   120  0.4879670914017238E-10   3   0 0  0 0  0 0  1 2
   121  0.3445298061087403E-10   3   0 0  0 0  0 0  0 3
   122  -.3875096546345023       4   4 0  0 0  0 0  0 0
   123  -2.039452551928571       4   3 1  0 0  0 0  0 0
   124  -4.352519290627724       4   2 2  0 0  0 0  0 0
   125  -4.268624797428096       4   1 3  0 0  0 0  0 0
   126  -1.833975900801742       4   0 4  0 0  0 0  0 0
   127  0.5112660027556870E-04   4   3 0  1 0  0 0  0 0
   128  0.1542630709770326E-02   4   2 1  1 0  0 0  0 0
   129  0.2645678013283129E-02   4   1 2  1 0  0 0  0 0
   130  0.1162258433031956E-02   4   0 3  1 0  0 0  0 0
   131  -1.633251466842032       4   2 0  2 0  0 0  0 0
   132  -3.132527601378427       4   1 1  2 0  0 0  0 0
   133  -2.002012444998572       4   0 2  2 0  0 0  0 0
   134  0.1965354041590304E-02   4   1 0  3 0  0 0  0 0
   135  0.1380253642001552E-02   4   0 1  3 0  0 0  0 0
   136  -.2893662132209175       4   0 0  4 0  0 0  0 0
   137  0.5616040205511498E-03   4   3 0  0 1  0 0  0 0
   138  0.2841113370027373E-02   4   2 1  0 1  0 0  0 0
   139  0.3765267200717580E-02   4   1 2  0 1  0 0  0 0
   140  0.1487202749350198E-02   4   0 3  0 1  0 0  0 0
   141  -2.481086751404910       4   2 0  1 1  0 0  0 0
   142  -4.333872532997340       4   1 1  1 1  0 0  0 0
   143  -2.590474904707071       4   0 2  1 1  0 0  0 0
   144  0.4331429987391942E-02   4   1 0  2 1  0 0  0 0
   145  0.2822843756496695E-02   4   0 1  2 1  0 0  0 0
   146  -1.042285448804368       4   0 0  3 1  0 0  0 0
   147  -.7745864865587658       4   2 0  0 2  0 0  0 0
   148  -1.484202162745045       4   1 1  0 2  0 0  0 0
   149  -1.363235980559934       4   0 2  0 2  0 0  0 0
   150  0.2958891576581270E-02   4   1 0  1 2  0 0  0 0
   151  0.1638886156822277E-02   4   0 1  1 2  0 0  0 0
   152  -1.363813394001663       4   0 0  2 2  0 0  0 0
   153  0.5622836461321079E-03   4   1 0  0 3  0 0  0 0
   154  0.1667120553299655E-03   4   0 1  0 3  0 0  0 0
   155  -.6821483752281641       4   0 0  1 3  0 0  0 0
   156  -.2285931536780224       4   0 0  0 4  0 0  0 0
   157  -.6701144246299870E-01   4   3 0  0 0  0 1  0 0
   158  -.2960414660155808       4   2 1  0 0  0 1  0 0
   159  -.4034729240726671       4   1 2  0 0  0 1  0 0
   160  -.1727362649289193       4   0 3  0 0  0 1  0 0
   161  0.4261577929323382E-04   4   2 0  1 0  0 1  0 0
   162  -.6924355228618197E-04   4   1 1  1 0  0 1  0 0
   163  -.2024654850970342E-03   4   0 2  1 0  0 1  0 0
   164  -.3870051486324803E-01   4   1 0  2 0  0 1  0 0
   165  -.2750128337831669E-02   4   0 1  2 0  0 1  0 0
   166  -.1489354867811615E-04   4   0 0  3 0  0 1  0 0
   167  -.6289927535842064E-04   4   2 0  0 1  0 1  0 0
   168  -.7232046447500567E-04   4   1 1  0 1  0 1  0 0
   169  -.7975064049957207E-04   4   0 2  0 1  0 1  0 0
   170  -.6384492588717950E-02   4   1 0  1 1  0 1  0 0
   171  0.1044689612338092       4   0 1  1 1  0 1  0 0
   172  -.1704171927277377E-03   4   0 0  2 1  0 1  0 0
   173  0.5396484609610613E-01   4   1 0  0 2  0 1  0 0
   174  0.1225794150307009       4   0 1  0 2  0 1  0 0
   175  -.4163394224036710E-03   4   0 0  1 2  0 1  0 0
   176  -.1923350600104959E-03   4   0 0  0 3  0 1  0 0
   177  -.2516321745873663E-01   4   3 0  0 0  0 0  1 0
   178  -.1456143920160585       4   2 1  0 0  0 0  1 0
   179  -.2343475364996256       4   1 2  0 0  0 0  1 0
   180  -.1116216732468950       4   0 3  0 0  0 0  1 0
   181  0.1803949492666596E-04   4   2 0  1 0  0 0  1 0
   182  -.1715161901787085E-03   4   1 1  1 0  0 0  1 0
   183  -.2189605767186382E-03   4   0 2  1 0  0 0  1 0
   184  -.1082156922915686E-01   4   1 0  2 0  0 0  1 0
   185  -.7893185796264570E-02   4   0 1  2 0  0 0  1 0
   186  -.1622238429462703E-04   4   0 0  3 0  0 0  1 0
   187  -.8140687020078742E-04   4   2 0  0 1  0 0  1 0
   188  -.1967509600972534E-03   4   1 1  0 1  0 0  1 0
   189  -.1556686655031325E-03   4   0 2  0 1  0 0  1 0
   190  -.1659549784219715E-01   4   1 0  1 1  0 0  1 0
   191  0.4176419742209682E-01   4   0 1  1 1  0 0  1 0
   192  -.1264935802406128E-03   4   0 0  2 1  0 0  1 0
   193  0.2174368240006804E-01   4   1 0  0 2  0 0  1 0
   194  0.6947273340844713E-01   4   0 1  0 2  0 0  1 0
   195  -.2987067570697199E-03   4   0 0  1 2  0 0  1 0
   196  -.1438158957059443E-03   4   0 0  0 3  0 0  1 0
   197  0.9187841998263685E-01   4   3 0  0 0  0 0  0 1
   198  0.2905083893797124       4   2 1  0 0  0 0  0 1
   199  0.2997242084088646       4   1 2  0 0  0 0  0 1
   200  0.1015893592206056       4   0 3  0 0  0 0  0 1
   201  -.8769747825863710E-05   4   2 0  1 0  0 0  0 1
   202  -.5795956746680885E-05   4   1 1  1 0  0 0  0 1
   203  0.7470548379616773E-04   4   0 2  1 0  0 0  0 1
   204  0.4934302223880768E-01   4   1 0  2 0  0 0  0 1
   205  0.1542405960998543E-01   4   0 1  2 0  0 0  0 1
   206  0.5988202290512289E-04   4   0 0  3 0  0 0  0 1
   207  -.7174144087142870E-04   4   2 0  0 1  0 0  0 1
   208  -.1925234012531128E-03   4   1 1  0 1  0 0  0 1
   209  -.5063168099815146E-04   4   0 2  0 1  0 0  0 1
   210  0.3308700617951613E-01   4   1 0  1 1  0 0  0 1
   211  -.2074007196446864E-01   4   0 1  1 1  0 0  0 1
   212  0.1223251768606302E-03   4   0 0  2 1  0 0  0 1
   213  -.1128722299022203E-01   4   1 0  0 2  0 0  0 1
   214  -.3264546905527230E-01   4   0 1  0 2  0 0  0 1
   215  0.1215325804847756E-03   4   0 0  1 2  0 0  0 1
   216  0.6206900030516600E-04   4   0 0  0 3  0 0  0 1
   217  -.1731100809620109       4   2 0  0 0  0 2  0 0
   218  -.7921012886577917       4   1 1  0 0  0 2  0 0
   219  -1.281732672008480       4   0 2  0 0  0 2  0 0
   220  -.1473714511175766E-04   4   1 0  1 0  0 2  0 0
   221  -.3403781273760786E-04   4   0 1  1 0  0 2  0 0
   222  -.1260954851448857       4   0 0  2 0  0 2  0 0
   223  -.3431716827843417E-04   4   1 0  0 1  0 2  0 0
   224  -.6032535255741972E-04   4   0 1  0 1  0 2  0 0
   225  -.1103416782073542       4   0 0  1 1  0 2  0 0
   226  -.4086877135973437       4   0 0  0 2  0 2  0 0
   227  -.7624732188741977E-01   4   2 0  0 0  0 1  1 0
   228  -.4660332293814946       4   1 1  0 0  0 1  1 0
   229  -.7825823315956273       4   0 2  0 0  0 1  1 0
   230  -.5777846695568833E-05   4   1 0  1 0  0 1  1 0
   231  -.1820524709502237E-04   4   0 1  1 0  0 1  1 0
   232  -.4487338106091139E-01   4   0 0  2 0  0 1  1 0
   233  -.1854015120656139E-04   4   1 0  0 1  0 1  1 0
   234  -.4186540486433271E-04   4   0 1  0 1  0 1  1 0
   235  -.1379838958933548       4   0 0  1 1  0 1  1 0
   236  -.1762678806044523       4   0 0  0 2  0 1  1 0
   237  -.3816302736403832E-01   4   2 0  0 0  0 0  2 0
   238  -.2330785447690966       4   1 1  0 0  0 0  2 0
   239  -.3913626231967073       4   0 2  0 0  0 0  2 0
   240  -.2911521321357176E-05   4   1 0  1 0  0 0  2 0
   241  -.9127658967953244E-05   4   0 1  1 0  0 0  2 0
   242  -.2247612255080370E-01   4   0 0  2 0  0 0  2 0
   243  -.9287325518637461E-05   4   1 0  0 1  0 0  2 0
   244  -.2093497951479712E-04   4   0 1  0 1  0 0  2 0
   245  -.6892684040599353E-01   4   0 0  1 1  0 0  2 0
   246  -.8823067354615641E-01   4   0 0  0 2  0 0  2 0
   247  0.2874531262723953       4   2 0  0 0  0 1  0 1
   248  0.9320219981564195       4   1 1  0 0  0 1  0 1
   249  0.6747141713102346       4   0 2  0 0  0 1  0 1
   250  0.1754392030618969E-04   4   1 0  1 0  0 1  0 1
   251  0.3282197773039817E-04   4   0 1  1 0  0 1  0 1
   252  0.1934008773131354       4   0 0  2 0  0 1  0 1
   253  0.3331679952862244E-04   4   1 0  0 1  0 1  0 1
   254  0.4961751477316397E-04   4   0 1  0 1  0 1  0 1
   255  0.2760085287277137       4   0 0  1 1  0 1  0 1
   256  0.3191546016152373E-01   4   0 0  0 2  0 1  0 1
   257  0.1046842535419460       4   2 0  0 0  0 0  1 1
   258  0.4402457453915296       4   1 1  0 0  0 0  1 1
   259  0.3821179351607314       4   0 2  0 0  0 0  1 1
   260  0.5857180339710613E-05   4   1 0  1 0  0 0  1 1
   261  0.1463035914479960E-04   4   0 1  1 0  0 0  1 1
   262  0.5761493773410140E-01   4   0 0  2 0  0 0  1 1
   263  0.1499129766660366E-04   4   1 0  0 1  0 0  1 1
   264  0.2644640951755219E-04   4   0 1  0 1  0 0  1 1
   265  0.1661538930931089       4   0 0  1 1  0 0  1 1
   266  0.4251683211285644E-01   4   0 0  0 2  0 0  1 1
   267  -.1046260151648554       4   2 0  0 0  0 0  0 2
   268  -.1942847271168167       4   1 1  0 0  0 0  0 2
   269  -.8970434417366488E-01   4   0 2  0 0  0 0  0 2
   270  -.4012251406782034E-05   4   1 0  1 0  0 0  0 2
   271  -.3676736443577600E-05   4   0 1  1 0  0 0  0 2
   272  -.5756494056560035E-01   4   0 0  2 0  0 0  0 2
   273  -.3894013517908882E-05   4   1 0  0 1  0 0  0 2
   274  -.3598480201207860E-05   4   0 1  0 1  0 0  0 2
   275  -.1113029022041674       4   0 0  1 1  0 0  0 2
   276  -.5322391511515419E-01   4   0 0  0 2  0 0  0 2
   277  -.7198833943074454E-04   4   1 0  0 0  0 3  0 0
   278  -.1657636321246787E-03   4   0 1  0 0  0 3  0 0
   279  -.3399998341396681E-04   4   0 0  1 0  0 3  0 0
   280  -.6996753267219315E-05   4   0 0  0 1  0 3  0 0
   281  -.3457608297365560E-04   4   1 0  0 0  0 2  1 0
   282  -.7794517657181037E-04   4   0 1  0 0  0 2  1 0
   283  -.1236023567239164E-04   4   0 0  1 0  0 2  1 0
   284  -.1590657140545610E-04   4   0 0  0 1  0 2  1 0
   285  -.2134108343115589E-04   4   1 0  0 0  0 1  2 0
   286  -.4789382157657950E-04   4   0 1  0 0  0 1  2 0
   287  -.7086647772638452E-05   4   0 0  1 0  0 1  2 0
   288  -.1138124534672042E-04   4   0 0  0 1  0 1  2 0
   289  -.1154379589503813E-04   4   1 0  0 0  0 0  3 0
   290  -.2602579869602534E-04   4   0 1  0 0  0 0  3 0
   291  -.4132694108387407E-05   4   0 0  1 0  0 0  3 0
   292  -.5292366325612413E-05   4   0 0  0 1  0 0  3 0
   293  0.6211858615113504E-04   4   1 0  0 0  0 2  0 1
   294  0.5275265791090451E-04   4   0 1  0 0  0 2  0 1
   295  0.3785503841517924E-04   4   0 0  1 0  0 2  0 1
   296  0.4953104442608194E-04   4   0 0  0 1  0 2  0 1
   297  0.2949555188522016E-04   4   1 0  0 0  0 1  1 1
   298  0.2629170262785268E-04   4   0 1  0 0  0 1  1 1
   299  0.1177860627502145E-04   4   0 0  1 0  0 1  1 1
   300  0.3373429200624781E-04   4   0 0  0 1  0 1  1 1
   301  0.1475969909030000E-04   4   1 0  0 0  0 0  2 1
   302  0.1315467294611911E-04   4   0 1  0 0  0 0  2 1
   303  0.5902931754205164E-05   4   0 0  1 0  0 0  2 1
   304  0.1686663142197819E-04   4   0 0  0 1  0 0  2 1
   305  -.1274938290189816E-06   4   1 0  0 0  0 1  0 2
   306  0.7039127654516716E-06   4   0 1  0 0  0 1  0 2
   307  -.5773665926614869E-05   4   0 0  1 0  0 1  0 2
   308  -.1064829162262936E-04   4   0 0  0 1  0 1  0 2
   309  -.1013436271293449E-05   4   1 0  0 0  0 0  1 2
   310  -.1410535645468416E-06   4   0 1  0 0  0 0  1 2
   311  -.8526444590335335E-06   4   0 0  1 0  0 0  1 2
   312  -.5641412220461864E-05   4   0 0  0 1  0 0  1 2
   313  -.2346221944622506E-07   4   1 0  0 0  0 0  0 3
   314  -.1275724080962696E-07   4   0 1  0 0  0 0  0 3
   315  -.7888064582289648E-06   4   0 0  1 0  0 0  0 3
   316  -.7104831711996961E-06   4   0 0  0 1  0 0  0 3
   317  -.1565302487325254       4   0 0  0 0  0 4  0 0
   318  0.8947684564748913E-01   4   0 0  0 0  0 3  1 0
   319  0.2686485706002003E-01   4   0 0  0 0  0 2  2 0
   320  0.1798162818192713E-01   4   0 0  0 0  0 1  3 0
   321  0.2220686205635120E-01   4   0 0  0 0  0 0  4 0
   322  0.2663950128849661E-08   4   0 0  0 0  0 3  0 1
   323  0.1623610390680948E-08   4   0 0  0 0  0 2  1 1
   324  0.1338055922909524E-08   4   0 0  0 0  0 1  2 1
   325  0.4709230840110447E-09   4   0 0  0 0  0 0  3 1
   326  -.3712744926408625E-09   4   0 0  0 0  0 2  0 2
   327  -.1031345016553841E-09   4   0 0  0 0  0 1  1 2
   328  -.4886012985326299E-10   4   0 0  0 0  0 0  2 2
   329  -.6670563324169063E-10   4   0 0  0 0  0 1  0 3
   330  -.3225555133241650E-10   4   0 0  0 0  0 0  1 3
   331  -.1794216955484973E-11   4   0 0  0 0  0 0  0 4
   ----------------------------------------------------
     I  COEFFICIENT            ORDER EXPONENTS
     1   1.000000000000000       1   0 0  0 0  0 1  0 0
     --------------------------------------------------
     I  COEFFICIENT            ORDER EXPONENTS
     1   1.000000000000000       1   0 0  0 0  0 0  1 0
     --------------------------------------------------
     I  COEFFICIENT            ORDER EXPONENTS
     1   1.000000000000000       1   0 0  0 0  0 0  0 1
     --------------------------------------------------
