 L    0.1145458000000000E+01
 P (  0.0000000000000000E+00,  0.0000000000000000E+00,  0.9555200000000000E-01)
 A (  0.0000000000000000E+00,  0.0000000000000000E+00,  0.0000000000000000E+00)
     I  COEFFICIENT            ORDER EXPONENTS
     1  0.9410169806105697E-04   0   0 0  0 0  0 0  0 0
     2   1.323084319636546       1   1 0  0 0  0 0  0 0
     3   1.432667400577585       1   0 1  0 0  0 0  0 0
     4  0.9612103337861982E-05   1   0 0  1 0  0 0  0 0
     5  0.8431808134700924E-05   1   0 0  0 1  0 0  0 0
     6  -.6921693145468718E-06   1   0 0  0 0  0 1  0 0
     7  -.6912378257043250E-06   1   0 0  0 0  0 0  1 0
     8  0.1383407141351286E-05   1   0 0  0 0  0 0  0 1
     9  -.7577639051452936E-01   2   2 0  0 0  0 0  0 0
    10  -.1356517911755299       2   1 1  0 0  0 0  0 0
    11  -.6105206859897465E-01   2   0 2  0 0  0 0  0 0
    12  0.2900834470762950E-03   2   1 0  1 0  0 0  0 0
    13  0.7882527396047584E-04   2   0 1  1 0  0 0  0 0
    14  0.6335726973501810E-01   2   0 0  2 0  0 0  0 0
    15  0.2639400209400952E-03   2   1 0  0 1  0 0  0 0
    16  0.9986983736112888E-04   2   0 1  0 1  0 0  0 0
    17  0.1133228620050785       2   0 0  1 1  0 0  0 0
    18  0.5105320490703855E-01   2   0 0  0 2  0 0  0 0
    19  -.1688322846686267       2   1 0  0 0  0 1  0 0
    20  -.8665134003149983       2   0 1  0 0  0 1  0 0
    21  -.5099947799153130E-05   2   0 0  1 0  0 1  0 0
    22  -.8714528825169068E-05   2   0 0  0 1  0 1  0 0
    23  -.1686050781367097       2   1 0  0 0  0 0  1 0
    24  -.8653472874182169       2   0 1  0 0  0 0  1 0
    25  -.5093084529757245E-05   2   0 0  1 0  0 0  1 0
    26  -.8702801222977693E-05   2   0 0  0 1  0 0  1 0
    27  0.3374373628220640       2   1 0  0 0  0 0  0 1
    28  0.2991932871728314       2   0 1  0 0  0 0  0 1
    29  0.1019301905343607E-04   2   0 0  1 0  0 0  0 1
    30  0.8985509271226032E-05   2   0 0  0 1  0 0  0 1
    31  0.4633535850401883E-06   2   0 0  0 0  0 2  0 0
    32  0.2351661920169354E-06   2   0 0  0 0  0 1  1 0
    33  0.4625717877156210E-06   2   0 0  0 0  0 0  2 0
    34  -.4697576751687377E-06   2   0 0  0 0  0 1  0 1
    35  -.4691254974284180E-06   2   0 0  0 0  0 0  1 1
    36  -.2222589594797674E-06   2   0 0  0 0  0 0  0 2
    37  0.2652938309375594       3   3 0  0 0  0 0  0 0
    38   2.056475207601997       3   2 1  0 0  0 0  0 0
    39   3.426572561784093       3   1 2  0 0  0 0  0 0
    40   2.329402881387365       3   0 3  0 0  0 0  0 0
    41  -.6423279335580004E-02   3   2 0  1 0  0 0  0 0
    42  -.1143632398602628E-01   3   1 1  1 0  0 0  0 0
    43  -.5104997470006432E-02   3   0 2  1 0  0 0  0 0
    44  -.6750004542939166       3   1 0  2 0  0 0  0 0
    45  0.2391446423371843       3   0 1  2 0  0 0  0 0
    46  0.1763503885448007E-02   3   0 0  3 0  0 0  0 0
    47  -.5795672227036041E-02   3   2 0  0 1  0 0  0 0
    48  -.1039354745193985E-01   3   1 1  0 1  0 0  0 0
    49  -.4669213670341709E-02   3   0 2  0 1  0 0  0 0
    50  -1.690081206978090       3   1 0  1 1  0 0  0 0
    51  -.2973219086757073       3   0 1  1 1  0 0  0 0
    52  0.4738994853982950E-02   3   0 0  2 1  0 0  0 0
    53  -.6330038313142277       3   1 0  0 2  0 0  0 0
    54  0.5664151546516112       3   0 1  0 2  0 0  0 0
    55  0.4283989911073193E-02   3   0 0  1 2  0 0  0 0
    56  0.1307120567644352E-02   3   0 0  0 3  0 0  0 0
    57  0.4291501744286857E-01   3   2 0  0 0  0 1  0 0
    58  0.1445571222388401       3   1 1  0 0  0 1  0 0
    59  0.9552193682640150E-01   3   0 2  0 0  0 1  0 0
    60  -.1923347799465997E-03   3   1 0  1 0  0 1  0 0
    61  -.1088596262043417E-03   3   0 1  1 0  0 1  0 0
    62  -.3035901254528337E-01   3   0 0  2 0  0 1  0 0
    63  -.3259101276886555E-03   3   1 0  0 1  0 1  0 0
    64  -.1953926530757287E-03   3   0 1  0 1  0 1  0 0
    65  -.1108102335323428       3   0 0  1 1  0 1  0 0
    66  -.7540270490149997E-01   3   0 0  0 2  0 1  0 0
    67  0.4285726443490871E-01   3   2 0  0 0  0 0  1 0
    68  0.1443625840764723       3   1 1  0 0  0 0  1 0
    69  0.9539338790561347E-01   3   0 2  0 0  0 0  1 0
    70  -.1920759448641719E-03   3   1 0  1 0  0 0  1 0
    71  -.1087131280497722E-03   3   0 1  1 0  0 0  1 0
    72  -.3031815681697062E-01   3   0 0  2 0  0 0  1 0
    73  -.3254715331984247E-03   3   1 0  0 1  0 0  1 0
    74  -.1951297028517560E-03   3   0 1  0 1  0 0  1 0
    75  -.1106611103423604       3   0 0  1 1  0 0  1 0
    76  -.7530123149484991E-01   3   0 0  0 2  0 0  1 0
    77  -.8577242260863294E-01   3   2 0  0 0  0 0  0 1
    78  -.1532681418409761       3   1 1  0 0  0 0  0 1
    79  -.6881127756610492E-01   3   0 2  0 0  0 0  0 1
    80  0.3839945612389235E-03   3   1 0  1 0  0 0  0 1
    81  0.1383149108625665E-03   3   0 1  1 0  0 0  0 1
    82  0.6067727096894672E-01   3   0 0  2 0  0 0  0 1
    83  0.3870098723278287E-03   3   1 0  0 1  0 0  0 1
    84  0.1903321378565900E-03   3   0 1  0 1  0 0  0 1
    85  0.1081486408020539       3   0 0  1 1  0 0  0 1
    86  0.4859758744722534E-01   3   0 0  0 2  0 0  0 1
    87  0.1302515275820188       3   1 0  0 0  0 2  0 0
    88  0.7276889749484002       3   0 1  0 0  0 2  0 0
    89  0.3984893450391161E-05   3   0 0  1 0  0 2  0 0
    90  0.8953126949678208E-05   3   0 0  0 1  0 2  0 0
    91  0.9177435800346323E-01   3   1 0  0 0  0 1  1 0
    92  0.5892367714423571       3   0 1  0 0  0 1  1 0
    93  0.2836410915216448E-05   3   0 0  1 0  0 1  1 0
    94  0.9143817905415867E-05   3   0 0  0 1  0 1  1 0
    95  0.1300144884118282       3   1 0  0 0  0 0  2 0
    96  0.7263132018820886       3   0 1  0 0  0 0  2 0
    97  0.3977622214578933E-05   3   0 0  1 0  0 0  2 0
    98  0.8934925593884335E-05   3   0 0  0 1  0 0  2 0
    99  -.1834453385216335       3   1 0  0 0  0 1  0 1
   100  -.3115885012127255       3   0 1  0 0  0 1  0 1
   101  -.5639684256521886E-05   3   0 0  1 0  0 1  0 1
   102  -.9492373143143029E-05   3   0 0  0 1  0 1  0 1
   103  -.1831984664305307       3   1 0  0 0  0 0  1 1
   104  -.3111691800924511       3   0 1  0 0  0 0  1 1
   105  -.5632094635238574E-05   3   0 0  1 0  0 0  1 1
   106  -.9479598754727038E-05   3   0 0  0 1  0 0  1 1
   107  0.1460328032537596E-01   3   1 0  0 0  0 0  0 2
   108  0.1218562321736778E-01   3   0 1  0 0  0 0  0 2
   109  0.5055637102253305E-06   3   0 0  1 0  0 0  0 2
   110  0.4736948317878985E-06   3   0 0  0 1  0 0  0 2
   111  -.3482275033668513E-06   3   0 0  0 0  0 3  0 0
   112  -.1182102689040541E-06   3   0 0  0 0  0 2  1 0
   113  -.1186736423732530E-06   3   0 0  0 0  0 1  2 0
   114  -.3474451276103601E-06   3   0 0  0 0  0 0  3 0
   115  0.2360571333420613E-06   3   0 0  0 0  0 2  0 1
   116  0.3071395512258704E-08   3   0 0  0 0  0 1  1 1
   117  0.2357373920571301E-06   3   0 0  0 0  0 0  2 1
   118  0.2321392087091850E-06   3   0 0  0 0  0 1  0 2
   119  0.2318268067024488E-06   3   0 0  0 0  0 0  1 2
   120  -.6495799862010469E-08   3   0 0  0 0  0 0  0 3
   121  -7.614263809482502       4   4 0  0 0  0 0  0 0
   122  -27.94969524005075       4   3 1  0 0  0 0  0 0
   123  -38.75139846952501       4   2 2  0 0  0 0  0 0
   124  -24.11053408219355       4   1 3  0 0  0 0  0 0
   125  -5.691357994929368       4   0 4  0 0  0 0  0 0
   126  -.4378525160925541E-02   4   3 0  1 0  0 0  0 0
   127  -.1153477848241186E-01   4   2 1  1 0  0 0  0 0
   128  -.1040135795827321E-01   4   1 2  1 0  0 0  0 0
   129  -.3224400898867365E-02   4   0 3  1 0  0 0  0 0
   130   37.41463794502501       4   2 0  2 0  0 0  0 0
   131   66.55522615105365       4   1 1  2 0  0 0  0 0
   132   29.86439997352505       4   0 2  2 0  0 0  0 0
   133  0.3465777541721963E-02   4   1 0  3 0  0 0  0 0
   134  0.3188118065873422E-02   4   0 1  3 0  0 0  0 0
   135  -5.193840593235263       4   0 0  4 0  0 0  0 0
   136  -.4082475534240728E-02   4   3 0  0 1  0 0  0 0
   137  -.1073517863473311E-01   4   2 1  0 1  0 0  0 0
   138  -.9356579218825848E-02   4   1 2  0 1  0 0  0 0
   139  -.2710263583037059E-02   4   0 3  0 1  0 0  0 0
   140   67.93259391244260       4   2 0  1 1  0 0  0 0
   141   121.7244074674620       4   1 1  1 1  0 0  0 0
   142   55.06599939058115       4   0 2  1 1  0 0  0 0
   143  0.8981725265879491E-02   4   1 0  2 1  0 0  0 0
   144  0.8115646955728393E-02   4   0 1  2 1  0 0  0 0
   145  -18.41317402481918       4   0 0  3 1  0 0  0 0
   146   30.96651431799560       4   2 0  0 2  0 0  0 0
   147   55.82549073641177       4   1 1  0 2  0 0  0 0
   148   25.42914067542604       4   0 2  0 2  0 0  0 0
   149  0.7839201090472300E-02   4   1 0  1 2  0 0  0 0
   150  0.6945297288347824E-02   4   0 1  1 2  0 0  0 0
   151  -24.63023061299013       4   0 0  2 2  0 0  0 0
   152  0.2521132207081499E-02   4   1 0  0 3  0 0  0 0
   153  0.2186098561484189E-02   4   0 1  0 3  0 0  0 0
   154  -14.67799164629588       4   0 0  1 3  0 0  0 0
   155  -3.275451060308461       4   0 0  0 4  0 0  0 0
   156  -.4075439175252178       4   3 0  0 0  0 1  0 0
   157  -3.155950356724917       4   2 1  0 0  0 1  0 0
   158  -6.463387776258611       4   1 2  0 0  0 1  0 0
   159  -4.876575831080959       4   0 3  0 0  0 1  0 0
   160  0.8825830334903086E-03   4   2 0  1 0  0 1  0 0
   161  0.6629386373481825E-02   4   1 1  1 0  0 1  0 0
   162  0.5165912413153584E-02   4   0 2  1 0  0 1  0 0
   163  0.5592128949640468       4   1 0  2 0  0 1  0 0
   164  -.1161370000203016       4   0 1  2 0  0 1  0 0
   165  -.2616184634450251E-03   4   0 0  3 0  0 1  0 0
   166  0.3325056910949462E-02   4   2 0  0 1  0 1  0 0
   167  0.1049292136200331E-01   4   1 1  0 1  0 1  0 0
   168  0.6699085320017879E-02   4   0 2  0 1  0 1  0 0
   169   2.340841731123541       4   1 0  1 1  0 1  0 0
   170  0.9054758986699538       4   0 1  1 1  0 1  0 0
   171  -.2844697563281814E-02   4   0 0  2 1  0 1  0 0
   172   1.339371245610010       4   1 0  0 2  0 1  0 0
   173  -.5501848879358158       4   0 1  0 2  0 1  0 0
   174  -.4495261381333218E-02   4   0 0  1 2  0 1  0 0
   175  -.1959009990528699E-02   4   0 0  0 3  0 1  0 0
   176  -.4069954641278831       4   3 0  0 0  0 0  1 0
   177  -3.151703227469608       4   2 1  0 0  0 0  1 0
   178  -6.454689653598227       4   1 2  0 0  0 0  1 0
   179  -4.870013165152542       4   0 3  0 0  0 0  1 0
   180  0.8813952948385352E-03   4   2 0  1 0  0 0  1 0
   181  0.6620464857732553E-02   4   1 1  1 0  0 0  1 0
   182  0.5158960371688981E-02   4   0 2  1 0  0 0  1 0
   183  0.5584603326047946       4   1 0  2 0  0 0  1 0
   184  -.1159807083190237       4   0 1  2 0  0 0  1 0
   185  -.2612663896465719E-03   4   0 0  3 0  0 0  1 0
   186  0.3320582206063210E-02   4   2 0  0 1  0 0  1 0
   187  0.1047880048294858E-01   4   1 1  0 1  0 0  1 0
   188  0.6690070006711157E-02   4   0 2  0 1  0 0  1 0
   189   2.337691536641846       4   1 0  1 1  0 0  1 0
   190  0.9042573518791234       4   0 1  1 1  0 0  1 0
   191  -.2840869303367102E-02   4   0 0  2 1  0 0  1 0
   192   1.337568782910049       4   1 0  0 2  0 0  1 0
   193  -.5494444750429490       4   0 1  0 2  0 0  1 0
   194  -.4489211870420549E-02   4   0 0  1 2  0 0  1 0
   195  -.1956373647208388E-02   4   0 0  0 3  0 0  1 0
   196  0.8135446964160428       4   3 0  0 0  0 0  0 1
   197   4.248058850478846       4   2 1  0 0  0 0  0 1
   198   6.061653971181714       4   1 2  0 0  0 0  0 1
   199   2.757225993073071       4   0 3  0 0  0 0  0 1
   200  0.2503287631476683E-03   4   2 0  1 0  0 0  0 1
   201  0.5890610284547741E-03   4   1 1  1 0  0 0  0 1
   202  0.3523782416679187E-03   4   0 2  1 0  0 0  0 1
   203  -1.115644488243512       4   1 0  2 0  0 0  0 1
   204  -.4930575665848702E-02   4   0 1  2 0  0 0  0 1
   205  -.2445319367201896E-04   4   0 0  3 0  0 0  0 1
   206  0.3102262969244004E-03   4   2 0  0 1  0 0  0 1
   207  0.6800775719790383E-03   4   1 1  0 1  0 0  0 1
   208  0.3881730007707952E-03   4   0 2  0 1  0 0  0 1
   209  -2.984257817100779       4   1 0  1 1  0 0  0 1
   210  -1.210734741517645       4   0 1  1 1  0 0  0 1
   211  -.6634076037030445E-04   4   0 0  2 1  0 0  0 1
   212  -1.408758154501165       4   1 0  0 2  0 0  0 1
   213  -.5973495151593298       4   0 1  0 2  0 0  0 1
   214  -.4785906890553287E-04   4   0 0  1 2  0 0  0 1
   215  -.1800280651149821E-05   4   0 0  0 3  0 0  0 1
   216  -.3536416574884023E-01   4   2 0  0 0  0 2  0 0
   217  -.1528017328354240       4   1 1  0 0  0 2  0 0
   218  -.1245333956418364       4   0 2  0 0  0 2  0 0
   219  0.2371324376039769E-04   4   1 0  1 0  0 2  0 0
   220  0.9929758424372634E-04   4   0 1  1 0  0 2  0 0
   221  0.2189807329609316E-01   4   0 0  2 0  0 2  0 0
   222  0.3034028217926287E-03   4   1 0  0 1  0 2  0 0
   223  0.3670297453052865E-03   4   0 1  0 1  0 2  0 0
   224  0.1086062120404772       4   0 0  1 1  0 2  0 0
   225  0.9284603177116199E-01   4   0 0  0 2  0 2  0 0
   226  -.2737416664303104E-01   4   2 0  0 0  0 1  1 0
   227  -.1599179531259249       4   1 1  0 0  0 1  1 0
   228  -.1526033371805565       4   0 2  0 0  0 1  1 0
   229  -.6461375074580492E-05   4   1 0  1 0  0 1  1 0
   230  0.1121643835077605E-03   4   0 1  1 0  0 1  1 0
   231  0.1372877870583258E-01   4   0 0  2 0  0 1  1 0
   232  0.3541073425111290E-03   4   1 0  0 1  0 1  1 0
   233  0.4745653312643514E-03   4   0 1  0 1  0 1  1 0
   234  0.1068105068392252       4   0 0  1 1  0 1  1 0
   235  0.1104747466111199       4   0 0  0 2  0 1  1 0
   236  -.3529815488954690E-01   4   2 0  0 0  0 0  2 0
   237  -.1524884944423485       4   1 1  0 0  0 0  2 0
   238  -.1242631212774218       4   0 2  0 0  0 0  2 0
   239  0.2368567930162404E-04   4   1 0  1 0  0 0  2 0
   240  0.9908848146400650E-04   4   0 1  1 0  0 0  2 0
   241  0.2185936612938799E-01   4   0 0  2 0  0 0  2 0
   242  0.3027562460874194E-03   4   1 0  0 1  0 0  2 0
   243  0.3662164901428255E-03   4   0 1  0 1  0 0  2 0
   244  0.1083881846455968       4   0 0  1 1  0 0  2 0
   245  0.9264674810353883E-01   4   0 0  0 2  0 0  2 0
   246  0.5419389505138315E-01   4   2 0  0 0  0 1  0 1
   247  0.1735558472867965       4   1 1  0 0  0 1  0 1
   248  0.1123492176669033       4   0 2  0 0  0 1  0 1
   249  0.8589366675462869E-05   4   1 0  1 0  0 1  0 1
   250  -.3802277899299015E-04   4   0 1  1 0  0 1  0 1
   251  -.2768579077049013E-01   4   0 0  2 0  0 1  0 1
   252  -.2648365242326795E-03   4   1 0  0 1  0 1  0 1
   253  -.2358733701900238E-03   4   0 1  0 1  0 1  0 1
   254  -.1031494641463242       4   0 0  1 1  0 1  0 1
   255  -.7055779859576247E-01   4   0 0  0 2  0 1  0 1
   256  0.5412096346149266E-01   4   2 0  0 0  0 0  1 1
   257  0.1733222840069213       4   1 1  0 0  0 0  1 1
   258  0.1121980233846021       4   0 2  0 0  0 0  1 1
   259  0.8577807510593951E-05   4   1 0  1 0  0 0  1 1
   260  -.3797160972897276E-04   4   0 1  1 0  0 0  1 1
   261  -.2764853253805733E-01   4   0 0  2 0  0 0  1 1
   262  -.2644801197196801E-03   4   1 0  0 1  0 0  1 1
   263  -.2355559429247488E-03   4   0 1  0 1  0 0  1 1
   264  -.1030106504587420       4   0 0  1 1  0 0  1 1
   265  -.7046284523568619E-01   4   0 0  0 2  0 0  1 1
   266  -.1072029665968200E-01   4   2 0  0 0  0 0  0 2
   267  -.1887190743302926E-01   4   1 1  0 0  0 0  0 2
   268  -.8302446316840588E-02   4   0 2  0 0  0 0  0 2
   269  -.8322092236873274E-04   4   1 0  1 0  0 0  0 2
   270  -.8894196088560633E-04   4   0 1  1 0  0 0  0 2
   271  -.2408094047352691E-02   4   0 0  2 0  0 0  0 2
   272  -.5729614115073394E-04   4   1 0  0 1  0 0  0 2
   273  -.6519471659936334E-04   4   0 1  0 1  0 0  0 2
   274  -.4689463074928425E-02   4   0 0  1 1  0 0  0 2
   275  -.2239626020628301E-02   4   0 0  0 2  0 0  0 2
   276  -.1110086154803727       4   1 0  0 0  0 3  0 0
   277  -.6598783137077771       4   0 1  0 0  0 3  0 0
   278  -.5707538413628185E-05   4   0 0  1 0  0 3  0 0
   279  -.1176367344772068E-04   4   0 0  0 1  0 3  0 0
   280  -.7254312490994366E-01   4   1 0  0 0  0 2  1 0
   281  -.5243383698136880       4   0 1  0 0  0 2  1 0
   282  -.3755703277472640E-05   4   0 0  1 0  0 2  1 0
   283  -.1138699372195523E-04   4   0 0  0 1  0 2  1 0
   284  -.7262047091317324E-01   4   1 0  0 0  0 1  2 0
   285  -.5246101821070488       4   0 1  0 0  0 1  2 0
   286  -.3759627804207582E-05   4   0 0  1 0  0 1  2 0
   287  -.1138772214177399E-04   4   0 0  0 1  0 1  2 0
   288  -.1107357835013708       4   1 0  0 0  0 0  3 0
   289  -.6581939246767813       4   0 1  0 0  0 0  3 0
   290  -.5693493293006338E-05   4   0 0  1 0  0 0  3 0
   291  -.1173227523753291E-04   4   0 0  0 1  0 0  3 0
   292  0.1450575733998699       4   1 0  0 0  0 2  0 1
   293  0.3208964428499874       4   0 1  0 0  0 2  0 1
   294  0.6814187485240948E-05   4   0 0  1 0  0 2  0 1
   295  0.1246473715600296E-04   4   0 0  0 1  0 2  0 1
   296  0.1067697836163368       4   1 0  0 0  0 1  1 1
   297  0.3301757144628041       4   0 1  0 0  0 1  1 1
   298  0.4887887595947819E-05   4   0 0  1 0  0 1  1 1
   299  0.1215233553922553E-04   4   0 0  0 1  0 1  1 1
   300  0.1447905188824623       4   1 0  0 0  0 0  2 1
   301  0.3202424280825846       4   0 1  0 0  0 0  2 1
   302  0.6801728328539997E-05   4   0 0  1 0  0 0  2 1
   303  0.1243978567995665E-04   4   0 0  0 1  0 0  2 1
   304  -.1499251517815100E-01   4   1 0  0 0  0 1  0 2
   305  -.1859658966837882E-01   4   0 1  0 0  0 1  0 2
   306  -.1382273910478931E-06   4   0 0  1 0  0 1  0 2
   307  -.3320955682920658E-06   4   0 0  0 1  0 1  0 2
   308  -.1497233895779703E-01   4   1 0  0 0  0 0  1 2
   309  -.1857156325443005E-01   4   0 1  0 0  0 0  1 2
   310  -.1380413711394514E-06   4   0 0  1 0  0 0  1 2
   311  -.3316486497273798E-06   4   0 0  0 1  0 0  1 2
   312  0.2525521407494765E-03   4   1 0  0 0  0 0  0 3
   313  0.2035753572181234E-03   4   0 1  0 0  0 0  0 3
   314  0.1663018259745873E-07   4   0 0  1 0  0 0  0 3
   315  0.1342147164499174E-07   4   0 0  0 1  0 0  0 3
   316  -.2965303625587648E-04   4   0 0  0 0  0 4  0 0
   317  -.1892065884188084E-04   4   0 0  0 0  0 3  1 0
   318  -.1749656505373454E-04   4   0 0  0 0  0 2  2 0
   319  -.1895133703618770E-04   4   0 0  0 0  0 1  3 0
   320  -.2956054562141010E-04   4   0 0  0 0  0 0  4 0
   321  0.4522964153637618E-05   4   0 0  0 0  0 3  0 1
   322  0.4683710444584750E-05   4   0 0  0 0  0 2  1 1
   323  0.4683373670434065E-05   4   0 0  0 0  0 1  2 1
   324  0.4510686653980695E-05   4   0 0  0 0  0 0  3 1
   325  -.1898549099654795E-06   4   0 0  0 0  0 2  0 2
   326  -.2343084663449366E-06   4   0 0  0 0  0 1  1 2
   327  -.1894417516037401E-06   4   0 0  0 0  0 0  2 2
   328  0.2754823925850668E-08   4   0 0  0 0  0 1  0 3
   329  0.2751116613641611E-08   4   0 0  0 0  0 0  1 3
   330  -.8272001420007652E-15   4   0 0  0 0  0 0  0 4
   ----------------------------------------------------
     I  COEFFICIENT            ORDER EXPONENTS
     1  0.2458106168344331E-04   0   0 0  0 0  0 0  0 0
     2   1.498855754330175       1   1 0  0 0  0 0  0 0
     3   2.378806649490437       1   0 1  0 0  0 0  0 0
     4  0.4281161171981321E-04   1   0 0  1 0  0 0  0 0
     5  0.3927157498852525E-04   1   0 0  0 1  0 0  0 0
     6  0.5178725781492489E-06   1   0 0  0 0  0 1  0 0
     7  0.5171756496398648E-06   1   0 0  0 0  0 0  1 0
     8  0.2354601346095447E-04   1   0 0  0 0  0 0  0 1
     9  -.3629395698321687       2   2 0  0 0  0 0  0 0
    10  -.6671918569699702       2   1 1  0 0  0 0  0 0
    11  -.3084425971012382       2   0 2  0 0  0 0  0 0
    12  0.1085542727597331E-02   2   1 0  1 0  0 0  0 0
    13  0.7429302612219116E-03   2   0 1  1 0  0 0  0 0
    14  0.2829417846910358       2   0 0  2 0  0 0  0 0
    15  0.8986711020689063E-03   2   1 0  0 1  0 0  0 0
    16  0.6114437061666820E-03   2   0 1  0 1  0 0  0 0
    17  0.5206106380900112       2   0 0  1 1  0 0  0 0
    18  0.2415697926029453       2   0 0  0 2  0 0  0 0
    19  -.5011531676876294E-01   2   1 0  0 0  0 1  0 0
    20  -.7323477431160504       2   0 1  0 0  0 1  0 0
    21  -.1581353482865197E-05   2   0 0  1 0  0 1  0 0
    22  -.2119460431177382E-04   2   0 0  0 1  0 1  0 0
    23  -.5004787393730870E-01   2   1 0  0 0  0 0  1 0
    24  -.7313621840377189       2   0 1  0 0  0 0  1 0
    25  -.1579225371874543E-05   2   0 0  1 0  0 0  1 0
    26  -.2116608161215812E-04   2   0 0  0 1  0 0  1 0
    27   1.599018945125033       2   1 0  0 0  0 0  0 1
    28   1.463709927246367       2   0 1  0 0  0 0  0 1
    29  0.4597209493277214E-04   2   0 0  1 0  0 0  0 1
    30  0.4236059324165234E-04   2   0 0  0 1  0 0  0 1
    31  -.4010330841919167E-06   2   0 0  0 0  0 2  0 0
    32  -.2845047389144098E-06   2   0 0  0 0  0 1  1 0
    33  -.4003019562318051E-06   2   0 0  0 0  0 0  2 0
    34  0.1086567423599986E-05   2   0 0  0 0  0 1  0 1
    35  0.1085105172369370E-05   2   0 0  0 0  0 0  1 1
    36  -.1085835240571496E-05   2   0 0  0 0  0 0  0 2
    37  -2.960744230148132       3   3 0  0 0  0 0  0 0
    38  -8.721153243552864       3   2 1  0 0  0 0  0 0
    39  -9.260905585661387       3   1 2  0 0  0 0  0 0
    40  -2.757911359117351       3   0 3  0 0  0 0  0 0
    41  -.3095947072724443E-01   3   2 0  1 0  0 0  0 0
    42  -.5682557001571358E-01   3   1 1  1 0  0 0  0 0
    43  -.2622997234782025E-01   3   0 2  1 0  0 0  0 0
    44  -5.599486213759387       3   1 0  2 0  0 0  0 0
    45  -4.580133954832935       3   0 1  2 0  0 0  0 0
    46  0.7856371665821354E-02   3   0 0  3 0  0 0  0 0
    47  -.2906844756750805E-01   3   2 0  0 1  0 0  0 0
    48  -.5381677124547500E-01   3   1 1  0 1  0 0  0 0
    49  -.2503136680617883E-01   3   0 2  0 1  0 0  0 0
    50  -11.56146654839844       3   1 0  1 1  0 0  0 0
    51  -9.819814061830003       3   0 1  1 1  0 0  0 0
    52  0.2167288479118490E-01   3   0 0  2 1  0 0  0 0
    53  -5.032505293704174       3   1 0  0 2  0 0  0 0
    54  -3.670764198662212       3   0 1  0 2  0 0  0 0
    55  0.2011189209064742E-01   3   0 0  1 2  0 0  0 0
    56  0.6297983293433459E-02   3   0 0  0 3  0 0  0 0
    57  0.3406622567164493E-01   3   2 0  0 0  0 1  0 0
    58  0.3947276383295294       3   1 1  0 0  0 1  0 0
    59  0.3358602742074361       3   0 2  0 0  0 1  0 0
    60  -.5171181042753490E-03   3   1 0  1 0  0 1  0 0
    61  -.7958442833202791E-03   3   0 1  1 0  0 1  0 0
    62  0.7194858767731027E-02   3   0 0  2 0  0 1  0 0
    63  -.9703878876826178E-03   3   1 0  0 1  0 1  0 0
    64  -.1054089911901158E-02   3   0 1  0 1  0 1  0 0
    65  -.2459124091125294       3   0 0  1 1  0 1  0 0
    66  -.2345618712801037       3   0 0  0 2  0 1  0 0
    67  0.3402038095062159E-01   3   2 0  0 0  0 0  1 0
    68  0.3941964324767345       3   1 1  0 0  0 0  1 0
    69  0.3354082892789539       3   0 2  0 0  0 0  1 0
    70  -.5164221911015476E-03   3   1 0  1 0  0 0  1 0
    71  -.7947732735906284E-03   3   0 1  1 0  0 0  1 0
    72  0.7185176265883430E-02   3   0 0  2 0  0 0  1 0
    73  -.9690819853961716E-03   3   1 0  0 1  0 0  1 0
    74  -.1052671367375259E-02   3   0 1  0 1  0 0  1 0
    75  -.2455814717817960       3   0 0  1 1  0 0  1 0
    76  -.2342462089682529       3   0 0  0 2  0 0  1 0
    77  -.4310274812366589       3   2 0  0 0  0 0  0 1
    78  -.7889262471674746       3   1 1  0 0  0 0  0 1
    79  -.3628268672082853       3   0 2  0 0  0 0  0 1
    80  0.2116998331959946E-02   3   1 0  1 0  0 0  0 1
    81  0.1588435209459370E-02   3   0 1  1 0  0 0  0 1
    82  0.2685627345415379       3   0 0  2 0  0 0  0 1
    83  0.1937213423112286E-02   3   1 0  0 1  0 0  0 1
    84  0.1492934665274329E-02   3   0 1  0 1  0 0  0 1
    85  0.4914955305988833       3   0 0  1 1  0 0  0 1
    86  0.2272389690964361       3   0 0  0 2  0 0  0 1
    87  0.3814480748288156E-01   3   1 0  0 0  0 2  0 0
    88  0.5708541092725726       3   0 1  0 0  0 2  0 0
    89  0.1114796236587556E-05   3   0 0  1 0  0 2  0 0
    90  0.1659566759449407E-04   3   0 0  0 1  0 2  0 0
    91  0.2620627232755810E-01   3   1 0  0 0  0 1  1 0
    92  0.4097936952754755       3   0 1  0 0  0 1  1 0
    93  0.6579179964251736E-06   3   0 0  1 0  0 1  1 0
    94  0.1201200071840471E-04   3   0 0  0 1  0 1  1 0
    95  0.3807584041555366E-01   3   1 0  0 0  0 0  2 0
    96  0.5698101401946380       3   0 1  0 0  0 0  2 0
    97  0.1112853298835500E-05   3   0 0  1 0  0 0  2 0
    98  0.1656525133494108E-04   3   0 0  0 1  0 0  2 0
    99  -.1024956008188854       3   1 0  0 0  0 1  0 1
   100  -.8191539503411688       3   0 1  0 0  0 1  0 1
   101  -.2933125548528772E-05   3   0 0  1 0  0 1  0 1
   102  -.2402412630377748E-04   3   0 0  0 1  0 1  0 1
   103  -.1023576670697532       3   1 0  0 0  0 0  1 1
   104  -.8180515715601882       3   0 1  0 0  0 0  1 1
   105  -.2929178286398949E-05   3   0 0  1 0  0 0  1 1
   106  -.2399179576681567E-04   3   0 0  0 1  0 0  1 1
   107  0.1024264739945062       3   1 0  0 0  0 0  0 2
   108  0.8674767238332921E-01   3   0 1  0 0  0 0  0 2
   109  0.2958073360314236E-05   3   0 0  1 0  0 0  0 2
   110  0.2852669696227875E-05   3   0 0  0 1  0 0  0 2
   111  0.3422747554609383E-06   3   0 0  0 0  0 3  0 0
   112  0.2255767514837842E-06   3   0 0  0 0  0 2  1 0
   113  0.2258113916789636E-06   3   0 0  0 0  0 1  2 0
   114  0.3414322490110322E-06   3   0 0  0 0  0 0  3 0
   115  -.8530031450987177E-06   3   0 0  0 0  0 2  0 1
   116  -.6203402177552738E-06   3   0 0  0 0  0 1  1 1
   117  -.8514378013518656E-06   3   0 0  0 0  0 0  2 1
   118  0.6206203745128613E-06   3   0 0  0 0  0 1  0 2
   119  0.6197851728616543E-06   3   0 0  0 0  0 0  1 2
   120  -.5159158608785572E-07   3   0 0  0 0  0 0  0 3
   121  -35.53585798424480       4   4 0  0 0  0 0  0 0
   122  -131.6339714962944       4   3 1  0 0  0 0  0 0
   123  -183.7050303943674       4   2 2  0 0  0 0  0 0
   124  -114.7879905889435       4   1 3  0 0  0 0  0 0
   125  -27.16334479520688       4   0 4  0 0  0 0  0 0
   126  -.2013560821108845E-01   4   3 0  1 0  0 0  0 0
   127  -.5463417359574393E-01   4   2 1  1 0  0 0  0 0
   128  -.4972733146352613E-01   4   1 2  1 0  0 0  0 0
   129  -.1476299543348958E-01   4   0 3  1 0  0 0  0 0
   130   173.4762550545386       4   2 0  2 0  0 0  0 0
   131   316.0829520115403       4   1 1  2 0  0 0  0 0
   132   144.8594745819038       4   0 2  2 0  0 0  0 0
   133  0.1743290048925453E-01   4   1 0  3 0  0 0  0 0
   134  0.1657100478381972E-01   4   0 1  3 0  0 0  0 0
   135  -22.77502488396987       4   0 0  4 0  0 0  0 0
   136  -.1880550799455443E-01   4   3 0  0 1  0 0  0 0
   137  -.5149483621185550E-01   4   2 1  0 1  0 0  0 0
   138  -.4679522135174014E-01   4   1 2  0 1  0 0  0 0
   139  -.1385465317138011E-01   4   0 3  0 1  0 0  0 0
   140   323.2994347506255       4   2 0  1 1  0 0  0 0
   141   593.1977843481264       4   1 1  1 1  0 0  0 0
   142   273.9868227706548       4   0 2  1 1  0 0  0 0
   143  0.4968591497102217E-01   4   1 0  2 1  0 0  0 0
   144  0.4743527965228198E-01   4   0 1  2 1  0 0  0 0
   145  -83.11909931885441       4   0 0  3 1  0 0  0 0
   146   151.5663447085286       4   2 0  0 2  0 0  0 0
   147   279.6864164199203       4   1 1  0 2  0 0  0 0
   148   130.0157233213984       4   0 2  0 2  0 0  0 0
   149  0.4732420892807723E-01   4   1 0  1 2  0 0  0 0
   150  0.4561483896056856E-01   4   0 1  1 2  0 0  0 0
   151  -114.7683105592874       4   0 0  2 2  0 0  0 0
   152  0.1557008410634939E-01   4   1 0  0 3  0 0  0 0
   153  0.1507894566429512E-01   4   0 1  0 3  0 0  0 0
   154  -70.80418635090103       4   0 0  1 3  0 0  0 0
   155  -16.40884192167512       4   0 0  0 4  0 0  0 0
   156   1.956618736107343       4   3 0  0 0  0 1  0 0
   157   10.04720377296594       4   2 1  0 0  0 1  0 0
   158   14.77178477569273       4   1 2  0 0  0 1  0 0
   159   5.895452127448641       4   0 3  0 0  0 1  0 0
   160  -.2889180584613388E-02   4   2 0  1 0  0 1  0 0
   161  0.1918189981806600E-01   4   1 1  1 0  0 1  0 0
   162  0.2001171379723966E-01   4   0 2  1 0  0 1  0 0
   163   2.412124219502053       4   1 0  2 0  0 1  0 0
   164   4.176628823285530       4   0 1  2 0  0 1  0 0
   165  0.6919863705533202E-03   4   0 0  3 0  0 1  0 0
   166  0.9546808432826400E-02   4   2 0  0 1  0 1  0 0
   167  0.4058098536215057E-01   4   1 1  0 1  0 1  0 0
   168  0.2939437659126359E-01   4   0 2  0 1  0 1  0 0
   169   10.96271982920536       4   1 0  1 1  0 1  0 0
   170   14.08690067910775       4   0 1  1 1  0 1  0 0
   171  -.7346890914868243E-02   4   0 0  2 1  0 1  0 0
   172   7.673951687102575       4   1 0  0 2  0 1  0 0
   173   7.736624456062681       4   0 1  0 2  0 1  0 0
   174  -.1525794978957011E-01   4   0 0  1 2  0 1  0 0
   175  -.7389195915256357E-02   4   0 0  0 3  0 1  0 0
   176   1.953985610824551       4   3 0  0 0  0 0  1 0
   177   10.03368271963662       4   2 1  0 0  0 0  1 0
   178   14.75190560391173       4   1 2  0 0  0 0  1 0
   179   5.887518305818564       4   0 3  0 0  0 0  1 0
   180  -.2885292461544978E-02   4   2 0  1 0  0 0  1 0
   181  0.1915608572130247E-01   4   1 1  1 0  0 0  1 0
   182  0.1998478297593074E-01   4   0 2  1 0  0 0  1 0
   183   2.408878096406930       4   1 0  2 0  0 0  1 0
   184   4.171008113052856       4   0 1  2 0  0 0  1 0
   185  0.6910551279080185E-03   4   0 0  3 0  0 0  1 0
   186  0.9533960787962991E-02   4   2 0  0 1  0 0  1 0
   187  0.4052637338456574E-01   4   1 1  0 1  0 0  1 0
   188  0.2935481902455606E-01   4   0 2  0 1  0 0  1 0
   189   10.94796671751432       4   1 0  1 1  0 0  1 0
   190   14.06794319206644       4   0 1  1 1  0 0  1 0
   191  -.7337003815321984E-02   4   0 0  2 1  0 0  1 0
   192   7.663624444582889       4   1 0  0 2  0 0  1 0
   193   7.726212871484190       4   0 1  0 2  0 0  1 0
   194  -.1523741635982555E-01   4   0 0  1 2  0 0  1 0
   195  -.7379251883634346E-02   4   0 0  0 3  0 0  1 0
   196  -6.875329579422304       4   3 0  0 0  0 0  0 1
   197  -20.09358097569578       4   2 1  0 0  0 0  0 1
   198  -20.27639175252127       4   1 2  0 0  0 0  0 1
   199  -6.272044088893209       4   0 3  0 0  0 0  0 1
   200  0.4880252057851442E-03   4   2 0  1 0  0 0  0 1
   201  0.9854864113135772E-03   4   1 1  1 0  0 0  0 1
   202  0.4998003714719565E-03   4   0 2  1 0  0 0  0 1
   203  -10.41077087465666       4   1 0  2 0  0 0  0 1
   204  -8.337628266786204       4   0 1  2 0  0 0  0 1
   205  -.2679267636963487E-03   4   0 0  3 0  0 0  0 1
   206  0.4880614754179425E-03   4   2 0  0 1  0 0  0 1
   207  0.8790899129683567E-03   4   1 1  0 1  0 0  0 1
   208  0.4257380666269772E-03   4   0 2  0 1  0 0  0 1
   209  -21.88984753469300       4   1 0  1 1  0 0  0 1
   210  -18.31327920080668       4   0 1  1 1  0 0  0 1
   211  -.8230195390648024E-03   4   0 0  2 1  0 0  0 1
   212  -10.29381249443559       4   1 0  0 2  0 0  0 1
   213  -8.109444894238100       4   0 1  0 2  0 0  0 1
   214  -.8241267006886732E-03   4   0 0  1 2  0 0  0 1
   215  -.2458832025799075E-03   4   0 0  0 3  0 0  0 1
   216  -.2622249632027561E-01   4   2 0  0 0  0 2  0 0
   217  -.3268527880884460       4   1 1  0 0  0 2  0 0
   218  -.3561571827118083       4   0 2  0 0  0 2  0 0
   219  -.2005273690795685E-03   4   1 0  1 0  0 2  0 0
   220  0.2502891871219509E-03   4   0 1  1 0  0 2  0 0
   221  -.4899842737493171E-02   4   0 0  2 0  0 2  0 0
   222  0.4611895062699249E-03   4   1 0  0 1  0 2  0 0
   223  0.8995327506907232E-03   4   0 1  0 1  0 2  0 0
   224  0.1781739226409314       4   0 0  1 1  0 2  0 0
   225  0.2296456718784559       4   0 0  0 2  0 2  0 0
   226  -.1889924466311287E-01   4   2 0  0 0  0 1  1 0
   227  -.2607149696371553       4   1 1  0 0  0 1  1 0
   228  -.3773234907633531       4   0 2  0 0  0 1  1 0
   229  -.2421131147284981E-03   4   1 0  1 0  0 1  1 0
   230  0.3192305392668588E-03   4   0 1  1 0  0 1  1 0
   231  -.2545676571030853E-02   4   0 0  2 0  0 1  1 0
   232  0.5411460959186984E-03   4   1 0  0 1  0 1  1 0
   233  0.1267965035726943E-02   4   0 1  0 1  0 1  1 0
   234  0.1105737313631179       4   0 0  1 1  0 1  1 0
   235  0.2247260661283611       4   0 0  0 2  0 1  1 0
   236  -.2617449046416289E-01   4   2 0  0 0  0 0  2 0
   237  -.3262374960507421       4   1 1  0 0  0 0  2 0
   238  -.3554239910748067       4   0 2  0 0  0 0  2 0
   239  -.2000945965870860E-03   4   1 0  1 0  0 0  2 0
   240  0.2497375570221777E-03   4   0 1  1 0  0 0  2 0
   241  -.4891535834280889E-02   4   0 0  2 0  0 0  2 0
   242  0.4602047347112177E-03   4   1 0  0 1  0 0  2 0
   243  0.8974690181144374E-03   4   0 1  0 1  0 0  2 0
   244  0.1778597421146324       4   0 0  1 1  0 0  2 0
   245  0.2291854126816560       4   0 0  0 2  0 0  2 0
   246  0.7200909295928599E-01   4   2 0  0 0  0 1  0 1
   247  0.5223742627457008       4   1 1  0 0  0 1  0 1
   248  0.4196701046779945       4   0 2  0 0  0 1  0 1
   249  0.3225056942695831E-03   4   1 0  1 0  0 1  0 1
   250  -.4272369887510553E-03   4   0 1  1 0  0 1  0 1
   251  0.1234759175610339E-01   4   0 0  2 0  0 1  0 1
   252  -.6527561035217421E-03   4   1 0  0 1  0 1  0 1
   253  -.1139341954965668E-02   4   0 1  0 1  0 1  0 1
   254  -.2206359156172348       4   0 0  1 1  0 1  0 1
   255  -.2147949531687409       4   0 0  0 2  0 1  0 1
   256  0.7191218651565184E-01   4   2 0  0 0  0 0  1 1
   257  0.5216712760815422       4   1 1  0 0  0 0  1 1
   258  0.4191053324294851       4   0 2  0 0  0 0  1 1
   259  0.3220716813054020E-03   4   1 0  1 0  0 0  1 1
   260  -.4266620333465754E-03   4   0 1  1 0  0 0  1 1
   261  0.1233097494903989E-01   4   0 0  2 0  0 0  1 1
   262  -.6518776551209518E-03   4   1 0  0 1  0 0  1 1
   263  -.1137808682258001E-02   4   0 1  0 1  0 0  1 1
   264  -.2203389942002077       4   0 0  1 1  0 0  1 1
   265  -.2145058922437020       4   0 0  0 2  0 0  1 1
   266  -.7262557001323743E-01   4   2 0  0 0  0 0  0 2
   267  -.1295054473902758       4   1 1  0 0  0 0  0 2
   268  -.5770514404825415E-01   4   0 2  0 0  0 0  0 2
   269  -.2489088804774091E-05   4   1 0  1 0  0 0  0 2
   270  -.1449634440207494E-04   4   0 1  1 0  0 0  0 2
   271  -.1234113897775336E-01   4   0 0  2 0  0 0  0 2
   272  -.2330950837242952E-05   4   1 0  0 1  0 0  0 2
   273  -.1188030219840520E-04   4   0 1  0 1  0 0  0 2
   274  -.2548137066364944E-01   4   0 0  1 1  0 0  0 2
   275  -.1271233923637088E-01   4   0 0  0 2  0 0  0 2
   276  -.3217876041481469E-01   4   1 0  0 0  0 3  0 0
   277  -.4904092630621339       4   0 1  0 0  0 3  0 0
   278  -.2468287779818100E-05   4   0 0  1 0  0 3  0 0
   279  -.1825851270929851E-04   4   0 0  0 1  0 3  0 0
   280  -.2022762573849386E-01   4   1 0  0 0  0 2  1 0
   281  -.3295970403986599       4   0 1  0 0  0 2  1 0
   282  -.1277964250568170E-05   4   0 0  1 0  0 2  1 0
   283  -.1229731023837955E-04   4   0 0  0 1  0 2  1 0
   284  -.2025166323315477E-01   4   1 0  0 0  0 1  2 0
   285  -.3299203284301981       4   0 1  0 0  0 1  2 0
   286  -.1280360367237778E-05   4   0 0  1 0  0 1  2 0
   287  -.1230929409575413E-04   4   0 0  0 1  0 1  2 0
   288  -.3210021108909362E-01   4   1 0  0 0  0 0  3 0
   289  -.4891978295253822       4   0 1  0 0  0 0  3 0
   290  -.2462446469973724E-05   4   0 0  1 0  0 0  3 0
   291  -.1821339212792663E-04   4   0 0  0 1  0 0  3 0
   292  0.7859063633332591E-01   4   1 0  0 0  0 2  0 1
   293  0.6590792869921650       4   0 1  0 0  0 2  0 1
   294  0.2903204475451778E-05   4   0 0  1 0  0 2  0 1
   295  0.2254802749105734E-04   4   0 0  0 1  0 2  0 1
   296  0.5473046726372392E-01   4   1 0  0 0  0 1  1 1
   297  0.4994142205223717       4   0 1  0 0  0 1  1 1
   298  0.1643684644611228E-05   4   0 0  1 0  0 1  1 1
   299  0.1682036884888359E-04   4   0 0  0 1  0 1  1 1
   300  0.7844804591705408E-01   4   1 0  0 0  0 0  2 1
   301  0.6578562850883606       4   0 1  0 0  0 0  2 1
   302  0.2898191483026724E-05   4   0 0  1 0  0 0  2 1
   303  0.2250636538847147E-04   4   0 0  0 1  0 0  2 1
   304  -.5468677523747011E-01   4   1 0  0 0  0 1  0 2
   305  -.8960803449644289E-01   4   0 1  0 0  0 1  0 2
   306  -.6324879380984613E-07   4   0 0  1 0  0 1  0 2
   307  -.1208463766425131E-05   4   0 0  0 1  0 1  0 2
   308  -.5461318035265394E-01   4   1 0  0 0  0 0  1 2
   309  -.8948744422669801E-01   4   0 1  0 0  0 0  1 2
   310  -.6316367656394573E-07   4   0 0  1 0  0 0  1 2
   311  -.1206837472841202E-05   4   0 0  0 1  0 0  1 2
   312  0.2289192844245893E-02   4   1 0  0 0  0 0  0 3
   313  0.1864953017138575E-02   4   0 1  0 0  0 0  0 3
   314  0.1518069285122930E-06   4   0 0  1 0  0 0  0 3
   315  0.1243881016785587E-06   4   0 0  0 1  0 0  0 3
   316  -.1901078151833960E-04   4   0 0  0 0  0 4  0 0
   317  -.1163176229973775E-04   4   0 0  0 0  0 3  1 0
   318  -.1065231685439578E-04   4   0 0  0 0  0 2  2 0
   319  -.1165286167202703E-04   4   0 0  0 0  0 1  3 0
   320  -.1895181974922446E-04   4   0 0  0 0  0 0  4 0
   321  0.2270160276941207E-04   4   0 0  0 0  0 3  0 1
   322  0.1506261321173139E-04   4   0 0  0 0  0 2  1 1
   323  0.1507797182929837E-04   4   0 0  0 0  0 1  2 1
   324  0.2264565503848702E-04   4   0 0  0 0  0 0  3 1
   325  -.1124077370280602E-05   4   0 0  0 0  0 2  0 2
   326  -.1355952542952523E-05   4   0 0  0 0  0 1  1 2
   327  -.1121652251417377E-05   4   0 0  0 0  0 0  2 2
   328  0.6260095883065959E-08   4   0 0  0 0  0 1  0 3
   329  0.6251671341054608E-08   4   0 0  0 0  0 0  1 3
   330  0.1575737488627059E-13   4   0 0  0 0  0 0  0 4
   ----------------------------------------------------
     I  COEFFICIENT            ORDER EXPONENTS
     1  -.5292998454315353E-05   0   0 0  0 0  0 0  0 0
     2  0.9520503852498014E-05   1   1 0  0 0  0 0  0 0
     3  0.8396110516535734E-05   1   0 1  0 0  0 0  0 0
     4  0.7046391058398801       1   0 0  1 0  0 0  0 0
     5  0.8814236492547540       1   0 0  0 1  0 0  0 0
     6  -.1210792595039440E-04   1   0 0  0 0  0 1  0 0
     7  -.1209163167427714E-04   1   0 0  0 0  0 0  1 0
     8  0.2419955762455226E-04   1   0 0  0 0  0 0  0 1
     9  0.1619201821035207E-03   2   2 0  0 0  0 0  0 0
    10  0.2979359875296736E-03   2   1 1  0 0  0 0  0 0
    11  0.1616197949953521E-03   2   0 2  0 0  0 0  0 0
    12  0.1268486964966750       2   1 0  1 0  0 0  0 0
    13  0.1132917335675386       2   0 1  1 0  0 0  0 0
    14  -.4462904518904451E-04   2   0 0  2 0  0 0  0 0
    15  0.1148314751846319       2   1 0  0 1  0 0  0 0
    16  0.1032270007337584       2   0 1  0 1  0 0  0 0
    17  -.1281998208443831E-04   2   0 0  1 1  0 0  0 0
    18  0.5201035513582808E-04   2   0 0  0 2  0 0  0 0
    19  -.4954021206278239E-05   2   1 0  0 0  0 1  0 0
    20  -.8587731000833212E-05   2   0 1  0 0  0 1  0 0
    21  0.1410856301024811       2   0 0  1 0  0 1  0 0
    22  -.3145054810261869       2   0 0  0 1  0 1  0 0
    23  -.4947354318013763E-05   2   1 0  0 0  0 0  1 0
    24  -.8576174037178048E-05   2   0 1  0 0  0 0  1 0
    25  0.1408957637106246       2   0 0  1 0  0 0  1 0
    26  -.3140822343719517       2   0 0  0 1  0 0  1 0
    27  0.9901360615943801E-05   2   1 0  0 0  0 0  0 1
    28  0.8767779780470266E-05   2   0 1  0 0  0 0  0 1
    29  -.2819813938259943       2   0 0  1 0  0 0  0 1
    30  -.2528359338697379       2   0 0  0 1  0 0  0 1
    31  0.8820317177388141E-05   2   0 0  0 0  0 2  0 0
    32  0.5541536462646158E-05   2   0 0  0 0  0 1  1 0
    33  0.8804718440886768E-05   2   0 0  0 0  0 0  2 0
    34  -.1107424590881223E-04   2   0 0  0 0  0 1  0 1
    35  -.1105934271057928E-04   2   0 0  0 0  0 0  1 1
    36  -.1032979952791043E-05   2   0 0  0 0  0 0  0 2
    37  -.2205406414071803E-02   3   3 0  0 0  0 0  0 0
    38  -.5956556682047542E-02   3   2 1  0 0  0 0  0 0
    39  -.5388629544981660E-02   3   1 2  0 0  0 0  0 0
    40  -.1628446606121721E-02   3   0 3  0 0  0 0  0 0
    41  -1.140835644443754       3   2 0  1 0  0 0  0 0
    42  -2.471505427104214       3   1 1  1 0  0 0  0 0
    43  -1.576711868407356       3   0 2  1 0  0 0  0 0
    44  0.5339131369414532E-02   3   1 0  2 0  0 0  0 0
    45  0.4764571910064217E-02   3   0 1  2 0  0 0  0 0
    46  -.1452238949049023       3   0 0  3 0  0 0  0 0
    47  -1.601776494993388       3   2 0  0 1  0 0  0 0
    48  -3.017175833090046       3   1 1  0 1  0 0  0 0
    49  -1.232884755062161       3   0 2  0 1  0 0  0 0
    50  0.9661227958120636E-02   3   1 0  1 1  0 0  0 0
    51  0.8680649449074970E-02   3   0 1  1 1  0 0  0 0
    52  -.5890340168757660       3   0 0  2 1  0 0  0 0
    53  0.4420465402678108E-02   3   1 0  0 2  0 0  0 0
    54  0.4003229122077596E-02   3   0 1  0 2  0 0  0 0
    55  -1.020350031841111       3   0 0  1 2  0 0  0 0
    56  -.1106403112417197       3   0 0  0 3  0 0  0 0
    57  -.1334489227428672E-03   3   2 0  0 0  0 1  0 0
    58  -.4113596175241104E-03   3   1 1  0 0  0 1  0 0
    59  -.3006881356196798E-03   3   0 2  0 0  0 1  0 0
    60  -.6041042825326493E-01   3   1 0  1 0  0 1  0 0
    61  -.1103928989621390       3   0 1  1 0  0 1  0 0
    62  -.1390816322309722E-04   3   0 0  2 0  0 1  0 0
    63  -.1127050413244611       3   1 0  0 1  0 1  0 0
    64  -.1527415972671836       3   0 1  0 1  0 1  0 0
    65  -.1223939513343331E-04   3   0 0  1 1  0 1  0 0
    66  -.7001879421714576E-04   3   0 0  0 2  0 1  0 0
    67  -.1332693334718701E-03   3   2 0  0 0  0 0  1 0
    68  -.4108060291375542E-03   3   1 1  0 0  0 0  1 0
    69  -.3002834836977040E-03   3   0 2  0 0  0 0  1 0
    70  -.6032913074596656E-01   3   1 0  1 0  0 0  1 0
    71  -.1102443374013529       3   0 1  1 0  0 0  1 0
    72  -.1388944627250055E-04   3   0 0  2 0  0 0  1 0
    73  -.1125533681914512       3   1 0  0 1  0 0  1 0
    74  -.1525360448240436       3   0 1  0 1  0 0  1 0
    75  -.1222292393228554E-04   3   0 0  1 1  0 0  1 0
    76  -.6992456622375983E-04   3   0 0  0 2  0 0  1 0
    77  0.2664828909707004E-03   3   2 0  0 0  0 0  0 1
    78  0.5237362019413969E-03   3   1 1  0 0  0 0  0 1
    79  0.2774717230598157E-03   3   0 2  0 0  0 0  0 1
    80  0.1207397607869825       3   1 0  1 0  0 0  0 1
    81  0.1073456639897194       3   0 1  1 0  0 0  0 1
    82  0.2795821146835503E-04   3   0 0  2 0  0 0  0 1
    83  0.1104270933758469       3   1 0  0 1  0 0  0 1
    84  0.9882376570356075E-01   3   0 1  0 1  0 0  0 1
    85  0.3761425328735829E-04   3   0 0  1 1  0 0  0 1
    86  0.3609452908243849E-04   3   0 0  0 2  0 0  0 1
    87  0.3814906488668092E-05   3   1 0  0 0  0 2  0 0
    88  0.8726659774508265E-05   3   0 1  0 0  0 2  0 0
    89  -.1025003183205654       3   0 0  1 0  0 2  0 0
    90  0.1752877677698345       3   0 0  0 1  0 2  0 0
    91  0.2690422664436570E-05   3   1 0  0 0  0 1  1 0
    92  0.8880936646532856E-05   3   0 1  0 0  0 1  1 0
    93  -.6401865384699237E-01   3   0 0  1 0  0 1  1 0
    94  0.3644416381053807E-01   3   0 0  0 1  0 1  1 0
    95  0.3807962245384073E-05   3   1 0  0 0  0 0  2 0
    96  0.8708940073998436E-05   3   0 1  0 0  0 0  2 0
    97  -.1023193015792159       3   0 0  1 0  0 0  2 0
    98  0.1750273513339451       3   0 0  0 1  0 0  2 0
    99  -.5390810850343478E-05   3   1 0  0 0  0 1  0 1
   100  -.9183023919814212E-05   3   0 1  0 0  0 1  0 1
   101  0.1279338010996959       3   0 0  1 0  0 1  0 1
   102  0.2419913074403771       3   0 0  0 1  0 1  0 1
   103  -.5383556151161212E-05   3   1 0  0 0  0 0  1 1
   104  -.9170665839003857E-05   3   0 1  0 0  0 0  1 1
   105  0.1277616338194871       3   0 0  1 0  0 0  1 1
   106  0.2416656469434790       3   0 0  0 1  0 0  1 1
   107  0.4544751676313412E-06   3   1 0  0 0  0 0  0 2
   108  0.4467675260719733E-06   3   0 1  0 0  0 0  0 2
   109  0.1314293494414801E-01   3   0 0  1 0  0 0  0 2
   110  0.1100740284008495E-01   3   0 0  0 1  0 0  0 2
   111  -.7180046529260322E-05   3   0 0  0 0  0 3  0 0
   112  -.3901261200951207E-05   3   0 0  0 0  0 2  1 0
   113  -.3907860347909383E-05   3   0 0  0 0  0 1  2 0
   114  -.7162931151561360E-05   3   0 0  0 0  0 0  3 0
   115  0.7800022990401761E-05   3   0 0  0 0  0 2  0 1
   116  0.4534399678136894E-05   3   0 0  0 0  0 1  1 1
   117  0.7786474996314244E-05   3   0 0  0 0  0 0  2 1
   118  0.1007346803444476E-05   3   0 0  0 0  0 1  0 2
   119  0.1005991163591013E-05   3   0 0  0 0  0 0  1 2
   120  0.1755992902643135E-07   3   0 0  0 0  0 0  0 3
   121  -.1028573519796026E-02   4   4 0  0 0  0 0  0 0
   122  -.3649244002901227E-02   4   3 1  0 0  0 0  0 0
   123  -.4878284864277662E-02   4   2 2  0 0  0 0  0 0
   124  -.2757362367172814E-02   4   1 3  0 0  0 0  0 0
   125  -.4978206382691637E-03   4   0 4  0 0  0 0  0 0
   126   25.52978111817804       4   3 0  1 0  0 0  0 0
   127   69.35185497469786       4   2 1  1 0  0 0  0 0
   128   63.23185452900155       4   1 2  1 0  0 0  0 0
   129   19.40214598722852       4   0 3  1 0  0 0  0 0
   130  0.5261138480888407E-02   4   2 0  2 0  0 0  0 0
   131  0.9472490871491112E-02   4   1 1  2 0  0 0  0 0
   132  0.4310860410204734E-02   4   0 2  2 0  0 0  0 0
   133  -20.76378407884272       4   1 0  3 0  0 0  0 0
   134  -18.34983283205385       4   0 1  3 0  0 0  0 0
   135  -.9514204833715099E-03   4   0 0  4 0  0 0  0 0
   136   23.39052092017337       4   3 0  0 1  0 0  0 0
   137   63.88518462229673       4   2 1  0 1  0 0  0 0
   138   58.61854366772645       4   1 2  0 1  0 0  0 0
   139   18.11487187273022       4   0 3  0 1  0 0  0 0
   140  0.9480575888087525E-02   4   2 0  1 1  0 0  0 0
   141  0.1734022689915878E-01   4   1 1  1 1  0 0  0 0
   142  0.7806740724476979E-02   4   0 2  1 1  0 0  0 0
   143  -56.25469320487623       4   1 0  2 1  0 0  0 0
   144  -50.04816562766636       4   0 1  2 1  0 0  0 0
   145  -.3427595615025991E-02   4   0 0  3 1  0 0  0 0
   146  0.4268446830739882E-02   4   2 0  0 2  0 0  0 0
   147  0.8119048690314344E-02   4   1 1  0 2  0 0  0 0
   148  0.3816225135596569E-02   4   0 2  0 2  0 0  0 0
   149  -51.02446290735768       4   1 0  1 2  0 0  0 0
   150  -45.64253392493082       4   0 1  1 2  0 0  0 0
   151  -.4575545015353177E-02   4   0 0  2 2  0 0  0 0
   152  -15.43662385327680       4   1 0  0 3  0 0  0 0
   153  -13.86628570921664       4   0 1  0 3  0 0  0 0
   154  -.2824989495433879E-02   4   0 0  1 3  0 0  0 0
   155  -.6272423545851660E-03   4   0 0  0 4  0 0  0 0
   156  0.2898917325652553E-03   4   3 0  0 0  0 1  0 0
   157  0.3375025951550241E-02   4   2 1  0 0  0 1  0 0
   158  0.5353589153996651E-02   4   1 2  0 0  0 1  0 0
   159  0.2295788161873531E-02   4   0 3  0 0  0 1  0 0
   160   1.257789769776640       4   2 0  1 0  0 1  0 0
   161   3.903653127183089       4   1 1  1 0  0 1  0 0
   162   3.081408603415166       4   0 2  1 0  0 1  0 0
   163  -.6539007875161265E-03   4   1 0  2 0  0 1  0 0
   164  -.2735827595243976E-02   4   0 1  2 0  0 1  0 0
   165  0.2148629564246137       4   0 0  3 0  0 1  0 0
   166   2.165981474553548       4   2 0  0 1  0 1  0 0
   167   5.734347012548878       4   1 1  0 1  0 1  0 0
   168   3.365962977583105       4   0 2  0 1  0 1  0 0
   169  -.5460904305451896E-02   4   1 0  1 1  0 1  0 0
   170  -.8778356935353268E-02   4   0 1  1 1  0 1  0 0
   171  0.7533977545646876       4   0 0  2 1  0 1  0 0
   172  -.4452113792564881E-02   4   1 0  0 2  0 1  0 0
   173  -.5799767570262460E-02   4   0 1  0 2  0 1  0 0
   174   1.464689063572174       4   0 0  1 2  0 1  0 0
   175  0.4164893149374160       4   0 0  0 3  0 1  0 0
   176  0.2895016099336936E-03   4   3 0  0 0  0 0  1 0
   177  0.3370484000684108E-02   4   2 1  0 0  0 0  1 0
   178  0.5346384546019120E-02   4   1 2  0 0  0 0  1 0
   179  0.2292698598362031E-02   4   0 3  0 0  0 0  1 0
   180   1.256097095582059       4   2 0  1 0  0 0  1 0
   181   3.898399774777332       4   1 1  1 0  0 0  1 0
   182   3.077261788938450       4   0 2  1 0  0 0  1 0
   183  -.6530207986535641E-03   4   1 0  2 0  0 0  1 0
   184  -.2732145847401384E-02   4   0 1  2 0  0 0  1 0
   185  0.2145738039839974       4   0 0  3 0  0 0  1 0
   186   2.163066598764269       4   2 0  0 1  0 0  1 0
   187   5.726629998589807       4   1 1  0 1  0 0  1 0
   188   3.361433223240216       4   0 2  0 1  0 0  1 0
   189  -.5453555277801123E-02   4   1 0  1 1  0 0  1 0
   190  -.8766543436299300E-02   4   0 1  1 1  0 0  1 0
   191  0.7523838673729999       4   0 0  2 1  0 0  1 0
   192  -.4446122347643701E-02   4   1 0  0 2  0 0  1 0
   193  -.5791962516399976E-02   4   0 1  0 2  0 0  1 0
   194   1.462717954058822       4   0 0  1 2  0 0  1 0
   195  0.4159288232458347       4   0 0  0 3  0 0  1 0
   196  0.8767794007674896E-04   4   3 0  0 0  0 0  0 1
   197  0.3271350581132536E-03   4   2 1  0 0  0 0  0 1
   198  0.3876528610833122E-03   4   1 2  0 0  0 0  0 1
   199  0.1529156197940407E-03   4   0 3  0 0  0 0  0 1
   200  -2.511618368404376       4   2 0  1 0  0 0  0 1
   201  -5.325840739287193       4   1 1  1 0  0 0  0 1
   202  -3.002786223441089       4   0 2  1 0  0 0  0 1
   203  -.1984531817370256E-03   4   1 0  2 0  0 0  0 1
   204  -.1806070045242233E-03   4   0 1  2 0  0 0  0 1
   205  -.4299626777096494       4   0 0  3 0  0 0  0 1
   206  -2.724904591142537       4   2 0  0 1  0 0  0 1
   207  -5.421672494621708       4   1 1  0 1  0 0  0 1
   208  -3.026133635060169       4   0 2  0 1  0 0  0 1
   209  -.4109895589573345E-03   4   1 0  1 1  0 0  0 1
   210  -.3763545256619485E-03   4   0 1  1 1  0 0  0 1
   211  -.9183685217574494       4   0 0  2 1  0 0  0 1
   212  -.1826814251125977E-03   4   1 0  0 2  0 0  0 1
   213  -.1635213541273820E-03   4   0 1  0 2  0 0  0 1
   214  -.8883801972383019       4   0 0  1 2  0 0  0 1
   215  -.5010744314537039       4   0 0  0 3  0 0  0 1
   216  -.1766791208629327E-04   4   2 0  0 0  0 2  0 0
   217  0.2013116388452594E-03   4   1 1  0 0  0 2  0 0
   218  0.2763670132516689E-03   4   0 2  0 0  0 2  0 0
   219  0.4387955990963539E-01   4   1 0  1 0  0 2  0 0
   220  0.1085239045897000       4   0 1  1 0  0 2  0 0
   221  0.1165095757359491E-04   4   0 0  2 0  0 2  0 0
   222  0.1111584188255929       4   1 0  0 1  0 2  0 0
   223  0.1889566926473152       4   0 1  0 1  0 2  0 0
   224  -.1179907097380938E-03   4   0 0  1 1  0 2  0 0
   225  -.5319366841305076E-05   4   0 0  0 2  0 2  0 0
   226  -.1750114060368724E-04   4   2 0  0 0  0 1  1 0
   227  0.2873264929989567E-03   4   1 1  0 0  0 1  1 0
   228  0.4027483042517258E-03   4   0 2  0 0  0 1  1 0
   229  0.2724437008866439E-01   4   1 0  1 0  0 1  1 0
   230  0.1063128571231434       4   0 1  1 0  0 1  1 0
   231  0.4343959845793355E-04   4   0 0  2 0  0 1  1 0
   232  0.1094921737077055       4   1 0  0 1  0 1  1 0
   233  0.2248778954812896       4   0 1  0 1  0 1  1 0
   234  -.6855412702545403E-04   4   0 0  1 1  0 1  1 0
   235  0.1981709811887258E-04   4   0 0  0 2  0 1  1 0
   236  -.1763235933765568E-04   4   2 0  0 0  0 0  2 0
   237  0.2008473879026851E-03   4   1 1  0 0  0 0  2 0
   238  0.2757240917064742E-03   4   0 2  0 0  0 0  2 0
   239  0.4380217677123972E-01   4   1 0  1 0  0 0  2 0
   240  0.1083063228170753       4   0 1  1 0  0 0  2 0
   241  0.1160604878170079E-04   4   0 0  2 0  0 0  2 0
   242  0.1109351523606579       4   1 0  0 1  0 0  2 0
   243  0.1885510885987655       4   0 1  0 1  0 0  2 0
   244  -.1177857949449907E-03   4   0 0  1 1  0 0  2 0
   245  -.5325542746408913E-05   4   0 0  0 2  0 0  2 0
   246  -.2997318615214820E-04   4   2 0  0 0  0 1  0 1
   247  -.3122551108388523E-03   4   1 1  0 0  0 1  0 1
   248  -.2809007562559395E-03   4   0 2  0 0  0 1  0 1
   249  -.5432147631468513E-01   4   1 0  1 0  0 1  0 1
   250  -.1017051949740198       4   0 1  1 0  0 1  0 1
   251  -.1020535823042244E-03   4   0 0  2 0  0 1  0 1
   252  -.1061450997353184       4   1 0  0 1  0 1  0 1
   253  -.1441995169143382       4   0 1  0 1  0 1  0 1
   254  -.7983714569763422E-04   4   0 0  1 1  0 1  0 1
   255  0.1414286588506561E-04   4   0 0  0 2  0 1  0 1
   256  -.2993284965081200E-04   4   2 0  0 0  0 0  1 1
   257  -.3118348926267591E-03   4   1 1  0 0  0 0  1 1
   258  -.2805227332565641E-03   4   0 2  0 0  0 0  1 1
   259  -.5424837303194339E-01   4   1 0  1 0  0 0  1 1
   260  -.1015683249158236       4   0 1  1 0  0 0  1 1
   261  -.1019162434027781E-03   4   0 0  2 0  0 0  1 1
   262  -.1060022546625399       4   1 0  0 1  0 0  1 1
   263  -.1440054600003628       4   0 1  0 1  0 0  1 1
   264  -.7972970462954881E-04   4   0 0  1 1  0 0  1 1
   265  0.1412383308268766E-04   4   0 0  0 2  0 0  1 1
   266  0.2370047351469785E-04   4   2 0  0 0  0 0  0 2
   267  0.5926796181475331E-04   4   1 1  0 0  0 0  0 2
   268  0.3408088734756348E-04   4   0 2  0 0  0 0  0 2
   269  -.6286809455195871E-02   4   1 0  1 0  0 0  0 2
   270  -.6094201513353137E-02   4   0 1  1 0  0 0  0 2
   271  0.9484845838818767E-04   4   0 0  2 0  0 0  0 2
   272  -.4539684177610824E-02   4   1 0  0 1  0 0  0 2
   273  -.4516543527762119E-02   4   0 1  0 1  0 0  0 2
   274  0.1418150678868709E-03   4   0 0  1 1  0 0  0 2
   275  0.4848289572135213E-04   4   0 0  0 2  0 0  0 2
   276  -.5822775451482020E-05   4   1 0  0 0  0 3  0 0
   277  -.1172875675860066E-04   4   0 1  0 0  0 3  0 0
   278  0.8325188793641744E-01   4   0 0  1 0  0 3  0 0
   279  -.1070783108261258       4   0 0  0 1  0 3  0 0
   280  -.3958514553182353E-05   4   1 0  0 0  0 2  1 0
   281  -.1136338616697709E-04   4   0 1  0 0  0 2  1 0
   282  0.4477701347338461E-01   4   0 0  1 0  0 2  1 0
   283  0.2924760580910744E-01   4   0 0  0 1  0 2  1 0
   284  -.3962261986855307E-05   4   1 0  0 0  0 1  2 0
   285  -.1136409185270285E-04   4   0 1  0 0  0 1  2 0
   286  0.4485445382247976E-01   4   0 0  1 0  0 1  2 0
   287  0.2897270520481222E-01   4   0 0  0 1  0 1  2 0
   288  -.5808361426772541E-05   4   1 0  0 0  0 0  3 0
   289  -.1169744489581499E-04   4   0 1  0 0  0 0  3 0
   290  0.8305374448647077E-01   4   0 0  1 0  0 0  3 0
   291  -.1068818130804903       4   0 0  0 1  0 0  3 0
   292  0.7034198831122361E-05   4   1 0  0 0  0 2  0 1
   293  0.1246316112841439E-04   4   0 1  0 0  0 2  0 1
   294  -.8952612931824677E-01   4   0 0  1 0  0 2  0 1
   295  -.2338687675048743       4   0 0  0 1  0 2  0 1
   296  0.5227873937783446E-05   4   1 0  0 0  0 1  1 1
   297  0.1219638122736687E-04   4   0 1  0 0  0 1  1 1
   298  -.5121986125373024E-01   4   0 0  1 0  0 1  1 1
   299  -.2257657345151398       4   0 0  0 1  0 1  1 1
   300  0.7021214824732043E-05   4   1 0  0 0  0 0  2 1
   301  0.1243818213603488E-04   4   0 1  0 0  0 0  2 1
   302  -.8937118463494707E-01   4   0 0  1 0  0 0  2 1
   303  -.2334021254966495       4   0 0  0 1  0 0  2 1
   304  -.2420618454102499E-06   4   1 0  0 0  0 1  0 2
   305  -.4044275289825072E-06   4   0 1  0 0  0 1  0 2
   306  -.1280036362171092E-01   4   0 0  1 0  0 1  0 2
   307  -.1623846625786727E-01   4   0 0  0 1  0 1  0 2
   308  -.2417360899866759E-06   4   1 0  0 0  0 0  1 2
   309  -.4038832694740112E-06   4   0 1  0 0  0 0  1 2
   310  -.1278313749560912E-01   4   0 0  1 0  0 0  1 2
   311  -.1621661329526986E-01   4   0 0  0 1  0 0  1 2
   312  0.1672554884662997E-07   4   1 0  0 0  0 0  0 3
   313  0.1351539797503939E-07   4   0 1  0 0  0 0  0 3
   314  -.2343446681982917E-03   4   0 0  1 0  0 0  0 3
   315  -.1892438745255304E-03   4   0 0  0 1  0 0  0 3
   316  0.9578641977987924E-05   4   0 0  0 0  0 4  0 0
   317  0.4610591393206015E-05   4   0 0  0 0  0 3  1 0
   318  0.3952791354396871E-05   4   0 0  0 0  0 2  2 0
   319  0.4624809296357096E-05   4   0 0  0 0  0 1  3 0
   320  0.9549773301252896E-05   4   0 0  0 0  0 0  4 0
   321  -.1264524745965041E-05   4   0 0  0 0  0 3  0 1
   322  0.2829531296320889E-06   4   0 0  0 0  0 2  1 1
   323  0.2798327806175935E-06   4   0 0  0 0  0 1  2 1
   324  -.1262162277065938E-05   4   0 0  0 0  0 0  3 1
   325  -.3780135392919113E-06   4   0 0  0 0  0 2  0 2
   326  -.4431795232449292E-06   4   0 0  0 0  0 1  1 2
   327  -.3772066214278684E-06   4   0 0  0 0  0 0  2 2
   328  -.7477414583099980E-08   4   0 0  0 0  0 1  0 3
   329  -.7467351830952388E-08   4   0 0  0 0  0 0  1 3
   330  -.1158322147547889E-13   4   0 0  0 0  0 0  0 4
   ----------------------------------------------------
     I  COEFFICIENT            ORDER EXPONENTS
     1  0.1175715330254534E-03   0   0 0  0 0  0 0  0 0
     2  0.4227599672205411E-04   1   1 0  0 0  0 0  0 0
     3  0.3901653577785676E-04   1   0 1  0 0  0 0  0 0
     4  -1.307377748397357       1   0 0  1 0  0 0  0 0
     5  -.2162151726942831       1   0 0  0 1  0 0  0 0
     6  0.3668624075283068E-05   1   0 0  0 0  0 1  0 0
     7  0.3663687013898802E-05   1   0 0  0 0  0 0  1 0
     8  0.1102392219352805E-03   1   0 0  0 0  0 0  0 1
     9  0.4105451963295549E-03   2   2 0  0 0  0 0  0 0
    10  0.6755709231079798E-03   2   1 1  0 0  0 0  0 0
    11  0.3227797990799883E-03   2   0 2  0 0  0 0  0 0
    12  0.5576552788281800       2   1 0  1 0  0 0  0 0
    13  0.5125722776917202       2   0 1  1 0  0 0  0 0
    14  0.3705915152884203E-03   2   0 0  2 0  0 0  0 0
    15  0.5234297183689138       2   1 0  0 1  0 0  0 0
    16  0.4844068889396397       2   0 1  0 1  0 0  0 0
    17  0.9230262110529775E-03   2   0 0  1 1  0 0  0 0
    18  0.4785978723627326E-03   2   0 0  0 2  0 0  0 0
    19  -.1586150041316729E-05   2   1 0  0 0  0 1  0 0
    20  -.2107815439096518E-04   2   0 1  0 0  0 1  0 0
    21  -.4573883431282597E-01   2   0 0  1 0  0 1  0 0
    22  0.5696065233215679       2   0 0  0 1  0 1  0 0
    23  -.1584015475343767E-05   2   1 0  0 0  0 0  1 0
    24  -.2104978840416479E-04   2   0 1  0 0  0 0  1 0
    25  -.4567728114520447E-01   2   0 0  1 0  0 0  1 0
    26  0.5688399737071070       2   0 0  0 1  0 0  1 0
    27  0.4544604634334591E-04   2   1 0  0 0  0 0  0 1
    28  0.4212782881873502E-04   2   0 1  0 0  0 0  0 1
    29  -1.215961633005432       2   0 0  1 0  0 0  0 1
    30  -1.138446497101357       2   0 0  0 1  0 0  0 1
    31  -.2710685642736017E-05   2   0 0  0 0  0 2  0 0
    32  -.1755307949320401E-05   2   0 0  0 0  0 1  1 0
    33  -.2705856624388940E-05   2   0 0  0 0  0 0  2 0
    34  0.7176651523913779E-05   2   0 0  0 0  0 1  0 1
    35  0.7166993524516823E-05   2   0 0  0 0  0 0  1 1
    36  -.7171811535316722E-05   2   0 0  0 0  0 0  0 2
    37  -.1062540883349080E-01   3   3 0  0 0  0 0  0 0
    38  -.2980750041357149E-01   3   2 1  0 0  0 0  0 0
    39  -.2802351286866052E-01   3   1 2  0 0  0 0  0 0
    40  -.8807644737594574E-02   3   0 3  0 0  0 0  0 0
    41  -6.957526883588764       3   2 0  1 0  0 0  0 0
    42  -13.61886142188573       3   1 1  1 0  0 0  0 0
    43  -7.188090584669011       3   0 2  1 0  0 0  0 0
    44  0.2334056878986759E-01   3   1 0  2 0  0 0  0 0
    45  0.2138383718005895E-01   3   0 1  2 0  0 0  0 0
    46  -1.456315264772599       3   0 0  3 0  0 0  0 0
    47  -6.084572184600491       3   2 0  0 1  0 0  0 0
    48  -12.20212783734505       3   1 1  0 1  0 0  0 0
    49  -7.190607910375021       3   0 2  0 1  0 0  0 0
    50  0.4376177371581749E-01   3   1 0  1 1  0 0  0 0
    51  0.4033887689894509E-01   3   0 1  1 1  0 0  0 0
    52  -4.508467350356280       3   0 0  2 1  0 0  0 0
    53  0.2069848451455169E-01   3   1 0  0 2  0 0  0 0
    54  0.1921525363736711E-01   3   0 1  0 2  0 0  0 0
    55  -3.929621709633607       3   0 0  1 2  0 0  0 0
    56  -1.538340019680708       3   0 0  0 3  0 0  0 0
    57  -.2461651224820598E-03   3   2 0  0 0  0 1  0 0
    58  -.8280892532829037E-03   3   1 1  0 0  0 1  0 0
    59  -.5593944437272754E-03   3   0 2  0 0  0 1  0 0
    60  0.2179447956961625E-01   3   1 0  1 0  0 1  0 0
    61  -.2351104874652843       3   0 1  1 0  0 1  0 0
    62  -.9851398936498178E-04   3   0 0  2 0  0 1  0 0
    63  -.2458617460777954       3   1 0  0 1  0 1  0 0
    64  -.4686266120154105       3   0 1  0 1  0 1  0 0
    65  -.6742693404171503E-03   3   0 0  1 1  0 1  0 0
    66  -.5932622291135161E-03   3   0 0  0 2  0 1  0 0
    67  -.2458338450615846E-03   3   2 0  0 0  0 0  1 0
    68  -.8269748497923312E-03   3   1 1  0 0  0 0  1 0
    69  -.5586416370482548E-03   3   0 2  0 0  0 0  1 0
    70  0.2176514958614939E-01   3   1 0  1 0  0 0  1 0
    71  -.2347940868516272       3   0 1  1 0  0 0  1 0
    72  -.9838141388089767E-04   3   0 0  2 0  0 0  1 0
    73  -.2455308769269867       3   1 0  0 1  0 0  1 0
    74  -.4679959564065672       3   0 1  0 1  0 0  1 0
    75  -.6733619405160301E-03   3   0 0  1 1  0 0  1 0
    76  -.5924638447650556E-03   3   0 0  0 2  0 0  1 0
    77  0.9014181170997682E-03   3   2 0  0 0  0 0  0 1
    78  0.1652611602550131E-02   3   1 1  0 0  0 0  0 1
    79  0.7939141574505091E-03   3   0 2  0 0  0 0  0 1
    80  0.5140977587910015       3   1 0  1 0  0 0  0 1
    81  0.4699063674012562       3   0 1  1 0  0 0  0 1
    82  0.5682933812600769E-03   3   0 0  2 0  0 0  0 1
    83  0.4913944228288836       3   1 0  0 1  0 0  0 1
    84  0.4522172003724860       3   0 1  0 1  0 0  0 1
    85  0.1349405432011425E-02   3   0 0  1 1  0 0  0 1
    86  0.7081095797452230E-03   3   0 0  0 2  0 0  0 1
    87  0.1173749239414667E-05   3   1 0  0 0  0 2  0 0
    88  0.1651054175535542E-04   3   0 1  0 0  0 2  0 0
    89  0.3376800122358990E-01   3   0 0  1 0  0 2  0 0
    90  -.4080722825040565       3   0 0  0 1  0 2  0 0
    91  0.8425326205326485E-06   3   1 0  0 0  0 1  1 0
    92  0.1208226572817482E-04   3   0 1  0 0  0 1  1 0
    93  0.2182920556477550E-01   3   0 0  1 0  0 1  1 0
    94  -.2469718951745136       3   0 0  0 1  0 1  1 0
    95  0.1171602742659579E-05   3   1 0  0 0  0 0  2 0
    96  0.1648019277448762E-04   3   0 1  0 0  0 0  2 0
    97  0.3370786948093686E-01   3   0 0  1 0  0 0  2 0
    98  -.4073569364894711       3   0 0  0 1  0 0  2 0
    99  -.3319250902474404E-05   3   1 0  0 0  0 1  0 1
   100  -.2428897334654800E-04   3   0 1  0 0  0 1  0 1
   101  -.8936502006313783E-01   3   0 0  1 0  0 1  0 1
   102  0.4935101974924895       3   0 0  0 1  0 1  0 1
   103  -.3314784011040732E-05   3   1 0  0 0  0 0  1 1
   104  -.2425628639091787E-04   3   0 1  0 0  0 0  1 1
   105  -.8924475683076456E-01   3   0 0  1 0  0 0  1 1
   106  0.4928460547270337       3   0 0  0 1  0 0  1 1
   107  0.3424392678706571E-05   3   1 0  0 0  0 0  0 2
   108  0.3360433847010534E-05   3   0 1  0 0  0 0  0 2
   109  0.8930479551094052E-01   3   0 0  1 0  0 0  0 2
   110  0.7604500931595017E-01   3   0 0  0 1  0 0  0 2
   111  0.2231321421551932E-05   3   0 0  0 0  0 3  0 0
   112  0.1275337961801766E-05   3   0 0  0 0  0 2  1 0
   113  0.1277261676476277E-05   3   0 0  0 0  0 1  2 0
   114  0.2225960223443461E-05   3   0 0  0 0  0 0  3 0
   115  -.5261264597379761E-05   3   0 0  0 0  0 2  0 1
   116  -.3352103755769959E-05   3   0 0  0 0  0 1  1 1
   117  -.5251928683811725E-05   3   0 0  0 0  0 0  2 1
   118  0.3350317908522096E-05   3   0 0  0 0  0 1  0 2
   119  0.3345809208575820E-05   3   0 0  0 0  0 0  1 2
   120  0.1586928993248458E-06   3   0 0  0 0  0 0  0 3
   121  -.4632047497768724E-02   4   4 0  0 0  0 0  0 0
   122  -.1702615629649769E-01   4   3 1  0 0  0 0  0 0
   123  -.2366077208321420E-01   4   2 2  0 0  0 0  0 0
   124  -.1444714793320041E-01   4   1 3  0 0  0 0  0 0
   125  -.3259520189105062E-02   4   0 4  0 0  0 0  0 0
   126   117.9339323185819       4   3 0  1 0  0 0  0 0
   127   328.4417055202154       4   2 1  1 0  0 0  0 0
   128   306.6124329330710       4   1 2  1 0  0 0  0 0
   129   96.18044728611000       4   0 3  1 0  0 0  0 0
   130  0.2604541715396906E-01   4   2 0  2 0  0 0  0 0
   131  0.5001596307752326E-01   4   1 1  2 0  0 0  0 0
   132  0.2394580171777401E-01   4   0 2  2 0  0 0  0 0
   133  -88.32001236423247       4   1 0  3 0  0 0  0 0
   134  -80.41571022577919       4   0 1  3 0  0 0  0 0
   135  -.3962137166733426E-02   4   0 0  4 0  0 0  0 0
   136   111.4984663733053       4   3 0  0 1  0 0  0 0
   137   312.5958514477701       4   2 1  0 1  0 0  0 0
   138   293.9707190053931       4   1 2  0 1  0 0  0 0
   139   92.94537080328536       4   0 3  0 1  0 0  0 0
   140  0.5078919895307716E-01   4   2 0  1 1  0 0  0 0
   141  0.9826462429951473E-01   4   1 1  1 1  0 0  0 0
   142  0.4807424154054436E-01   4   0 2  1 1  0 0  0 0
   143  -246.3013016503407       4   1 0  2 1  0 0  0 0
   144  -226.1510475012334       4   0 1  2 1  0 0  0 0
   145  -.1384846487434701E-01   4   0 0  3 1  0 0  0 0
   146  0.2445839408068871E-01   4   2 0  0 2  0 0  0 0
   147  0.4778865666761420E-01   4   1 1  0 2  0 0  0 0
   148  0.2391125031687683E-01   4   0 2  0 2  0 0  0 0
   149  -231.0361677420103       4   1 0  1 2  0 0  0 0
   150  -213.6409007009845       4   0 1  1 2  0 0  0 0
   151  -.1825985052004086E-01   4   0 0  2 2  0 0  0 0
   152  -72.62682369263814       4   1 0  0 3  0 0  0 0
   153  -67.54591440963402       4   0 1  0 3  0 0  0 0
   154  -.1043640468752809E-01   4   0 0  1 3  0 0  0 0
   155  -.1997238783955160E-02   4   0 0  0 4  0 0  0 0
   156  -.1151029341199825E-02   4   3 0  0 0  0 1  0 0
   157  0.9368374659546862E-02   4   2 1  0 0  0 1  0 0
   158  0.2051364672923421E-01   4   1 2  0 0  0 1  0 0
   159  0.1007342378126359E-01   4   0 3  0 0  0 1  0 0
   160   3.764427916138467       4   2 0  1 0  0 1  0 0
   161   14.03969158701686       4   1 1  1 0  0 1  0 0
   162   10.58145300223648       4   0 2  1 0  0 1  0 0
   163  0.2374304044535276E-02   4   1 0  2 0  0 1  0 0
   164  -.6998034129221686E-02   4   0 1  2 0  0 1  0 0
   165  0.4394316220816776       4   0 0  3 0  0 1  0 0
   166   6.430800318840406       4   2 0  0 1  0 1  0 0
   167   18.84828004763427       4   1 1  0 1  0 1  0 0
   168   13.94641019890944       4   0 2  0 1  0 1  0 0
   169  -.1388259287655831E-01   4   1 0  1 1  0 1  0 0
   170  -.2978251300187991E-01   4   0 1  1 1  0 1  0 0
   171   3.693783961710081       4   0 0  2 1  0 1  0 0
   172  -.1509221076301725E-01   4   1 0  0 2  0 1  0 0
   173  -.2196430249053408E-01   4   0 1  0 2  0 1  0 0
   174   5.478305608852599       4   0 0  1 2  0 1  0 0
   175   2.837279030753102       4   0 0  0 3  0 1  0 0
   176  -.1149480340158568E-02   4   3 0  0 0  0 0  1 0
   177  0.9355767142446257E-02   4   2 1  0 0  0 0  1 0
   178  0.2048604043024068E-01   4   1 2  0 0  0 0  1 0
   179  0.1005986744228279E-01   4   0 3  0 0  0 0  1 0
   180   3.759361926460275       4   2 0  1 0  0 0  1 0
   181   14.02079763174679       4   1 1  1 0  0 0  1 0
   182   10.56721298147269       4   0 2  1 0  0 0  1 0
   183  0.2371108818049210E-02   4   1 0  2 0  0 0  1 0
   184  -.6988616504696496E-02   4   0 1  2 0  0 0  1 0
   185  0.4388402557143740       4   0 0  3 0  0 0  1 0
   186   6.422146050844440       4   2 0  0 1  0 0  1 0
   187   18.82291492063483       4   1 1  0 1  0 0  1 0
   188   13.92764177733529       4   0 2  0 1  0 0  1 0
   189  -.1386391033732895E-01   4   1 0  1 1  0 0  1 0
   190  -.2974243309948321E-01   4   0 1  1 1  0 0  1 0
   191   3.688813041336418       4   0 0  2 1  0 0  1 0
   192  -.1507190037704364E-01   4   1 0  0 2  0 0  1 0
   193  -.2193474396738403E-01   4   0 1  0 2  0 0  1 0
   194   5.470933163347800       4   0 0  1 2  0 0  1 0
   195   2.833460754349842       4   0 0  0 3  0 0  1 0
   196  0.4017512850740194E-03   4   3 0  0 0  0 0  0 1
   197  0.1155204631287288E-02   4   2 1  0 0  0 0  0 1
   198  0.1115585831905869E-02   4   1 2  0 0  0 0  0 1
   199  0.3856693194822866E-03   4   0 3  0 0  0 0  0 1
   200  -14.47140725791503       4   2 0  1 0  0 0  0 1
   201  -28.03905066214659       4   1 1  1 0  0 0  0 1
   202  -13.94889428193798       4   0 2  1 0  0 0  0 1
   203  -.1010662867499809E-02   4   1 0  2 0  0 0  0 1
   204  -.1000268023201447E-02   4   0 1  2 0  0 0  0 1
   205  -2.337060975541522       4   0 0  3 0  0 0  0 1
   206  -12.84180459598861       4   2 0  0 1  0 0  0 1
   207  -25.44482950898071       4   1 1  0 1  0 0  0 1
   208  -13.47958250097148       4   0 2  0 1  0 0  0 1
   209  -.2021524880881384E-02   4   1 0  1 1  0 0  0 1
   210  -.2083234639661378E-02   4   0 1  1 1  0 0  0 1
   211  -7.390639740399941       4   0 0  2 1  0 0  0 1
   212  -.9989652897351090E-03   4   1 0  0 2  0 0  0 1
   213  -.1041610111851485E-02   4   0 1  0 2  0 0  0 1
   214  -7.028439920965930       4   0 0  1 2  0 0  0 1
   215  -2.597308379696827       4   0 0  0 3  0 0  0 1
   216  -.1101056228688732E-03   4   2 0  0 0  0 2  0 0
   217  0.9995125196789412E-04   4   1 1  0 0  0 2  0 0
   218  0.2042325002634712E-03   4   0 2  0 0  0 2  0 0
   219  -.1608250850251112E-01   4   1 0  1 0  0 2  0 0
   220  0.1663431197616660       4   0 1  1 0  0 2  0 0
   221  -.1009964882931867E-03   4   0 0  2 0  0 2  0 0
   222  0.1768096833725736       4   1 0  0 1  0 2  0 0
   223  0.4576163392205556       4   0 1  0 1  0 2  0 0
   224  0.2868156929445661E-03   4   0 0  1 1  0 2  0 0
   225  0.5434895509614043E-03   4   0 0  0 2  0 2  0 0
   226  -.1110126773625328E-03   4   2 0  0 0  0 1  1 0
   227  0.2108164386627193E-03   4   1 1  0 0  0 1  1 0
   228  0.3882104556935135E-03   4   0 2  0 0  0 1  1 0
   229  -.1107848389577113E-01   4   1 0  1 0  0 1  1 0
   230  0.9671113605671301E-01   4   0 1  1 0  0 1  1 0
   231  -.9363028048162673E-04   4   0 0  2 0  0 1  1 0
   232  0.1071531167124898       4   1 0  0 1  0 1  1 0
   233  0.4453909790015975       4   0 1  0 1  0 1  1 0
   234  0.2649239963938859E-03   4   0 0  1 1  0 1  1 0
   235  0.6321240089912950E-03   4   0 0  0 2  0 1  1 0
   236  -.1098827500960407E-03   4   2 0  0 0  0 0  2 0
   237  0.9967488886967649E-04   4   1 1  0 0  0 0  2 0
   238  0.2036964361220719E-03   4   0 2  0 0  0 0  2 0
   239  -.1605341096975292E-01   4   1 0  1 0  0 0  2 0
   240  0.1660541883860369       4   0 1  1 0  0 0  2 0
   241  -.1007975703696266E-03   4   0 0  2 0  0 0  2 0
   242  0.1764996404261825       4   1 0  0 1  0 0  2 0
   243  0.4567008076234480       4   0 1  0 1  0 0  2 0
   244  0.2862514487877011E-03   4   0 0  1 1  0 0  2 0
   245  0.5423328069873315E-03   4   0 0  0 2  0 0  2 0
   246  0.2534133697951150E-03   4   2 0  0 0  0 1  0 1
   247  -.6730112699241677E-04   4   1 1  0 0  0 1  0 1
   248  -.2460589892133837E-03   4   0 2  0 0  0 1  0 1
   249  0.4414927791881913E-01   4   1 0  1 0  0 1  0 1
   250  -.1925013061946478       4   0 1  1 0  0 1  0 1
   251  0.1869489440581871E-03   4   0 0  2 0  0 1  0 1
   252  -.2136782480831946       4   1 0  0 1  0 1  0 1
   253  -.4208659115234147       4   0 1  0 1  0 1  0 1
   254  -.2754668570240280E-03   4   0 0  1 1  0 1  0 1
   255  -.5176001100482561E-03   4   0 0  0 2  0 1  0 1
   256  0.2530723380250030E-03   4   2 0  0 0  0 0  1 1
   257  -.6721055630750392E-04   4   1 1  0 0  0 0  1 1
   258  -.2457278546220582E-03   4   0 2  0 0  0 0  1 1
   259  0.4408986390127936E-01   4   1 0  1 0  0 0  1 1
   260  -.1922422470090434       4   0 1  1 0  0 0  1 1
   261  0.1866973569798722E-03   4   0 0  2 0  0 0  1 1
   262  -.2133906899672310       4   1 0  0 1  0 0  1 1
   263  -.4202995300144102       4   0 1  0 1  0 0  1 1
   264  -.2750961467101488E-03   4   0 0  1 1  0 0  1 1
   265  -.5169035482138013E-03   4   0 0  0 2  0 0  1 1
   266  -.1758775852625754E-03   4   2 0  0 0  0 0  0 2
   267  -.3333686919554224E-03   4   1 1  0 0  0 0  0 2
   268  -.1566332317392196E-03   4   0 2  0 0  0 0  0 2
   269  -.4502380274152491E-01   4   1 0  1 0  0 0  0 2
   270  -.4381333141306060E-01   4   0 1  1 0  0 0  0 2
   271  -.7796454034231896E-04   4   0 0  2 0  0 0  0 2
   272  -.3321719914175607E-01   4   1 0  0 1  0 0  0 2
   273  -.3311548739505193E-01   4   0 1  0 1  0 0  0 2
   274  -.1689444521762194E-03   4   0 0  1 1  0 0  0 2
   275  -.8713676102283813E-04   4   0 0  0 2  0 0  0 2
   276  -.3243096404538081E-05   4   1 0  0 0  0 3  0 0
   277  -.1878266765282956E-04   4   0 1  0 0  0 3  0 0
   278  -.2778337274398930E-01   4   0 0  1 0  0 3  0 0
   279  0.3275815975160111       4   0 0  0 1  0 3  0 0
   280  -.2193722469639107E-05   4   1 0  0 0  0 2  1 0
   281  -.1313926384179068E-04   4   0 1  0 0  0 2  1 0
   282  -.1583817707778997E-01   4   0 0  1 0  0 2  1 0
   283  0.1666881965852909       4   0 0  0 1  0 2  1 0
   284  -.2195831956500027E-05   4   1 0  0 0  0 1  2 0
   285  -.1315060475759196E-04   4   0 1  0 0  0 1  2 0
   286  -.1586221452419610E-01   4   0 0  1 0  0 1  2 0
   287  0.1670120908194181       4   0 0  0 1  0 1  2 0
   288  -.3235075681356176E-05   4   1 0  0 0  0 0  3 0
   289  -.1873592322925848E-04   4   0 1  0 0  0 0  3 0
   290  -.2771664565309526E-01   4   0 0  1 0  0 0  3 0
   291  0.3268083224826642       4   0 0  0 1  0 0  3 0
   292  0.4295089172070258E-05   4   1 0  0 0  0 2  0 1
   293  0.2368902804126083E-04   4   0 1  0 0  0 2  0 1
   294  0.6543592046096991E-01   4   0 0  1 0  0 2  0 1
   295  -.3332638544425885       4   0 0  0 1  0 2  0 1
   296  0.3322232923141766E-05   4   1 0  0 0  0 1  1 1
   297  0.1845740372443516E-04   4   0 1  0 0  0 1  1 1
   298  0.4158035735217638E-01   4   0 0  1 0  0 1  1 1
   299  -.1734372463857054       4   0 0  0 1  0 1  1 1
   300  0.4287073591234752E-05   4   1 0  0 0  0 0  2 1
   301  0.2364472891173718E-04   4   0 1  0 0  0 0  2 1
   302  0.6531988144044652E-01   4   0 0  1 0  0 0  2 1
   303  -.3326986618172756       4   0 0  0 1  0 0  2 1
   304  -.6020852485323311E-06   4   1 0  0 0  0 1  0 2
   305  -.1843497452492221E-05   4   0 1  0 0  0 1  0 2
   306  -.4155237395785963E-01   4   0 0  1 0  0 1  0 2
   307  -.7354023219359979E-01   4   0 0  0 1  0 1  0 2
   308  -.6012749905801499E-06   4   1 0  0 0  0 0  1 2
   309  -.1841016560501683E-05   4   0 1  0 0  0 0  1 2
   310  -.4149645473128280E-01   4   0 0  1 0  0 0  1 2
   311  -.7344126521494465E-01   4   0 0  0 1  0 0  1 2
   312  0.1450342269000586E-06   4   1 0  0 0  0 0  0 3
   313  0.1183102242555700E-06   4   0 1  0 0  0 0  0 3
   314  -.2086825651063525E-02   4   0 0  1 0  0 0  0 3
   315  -.1704208053262706E-02   4   0 0  0 1  0 0  0 3
   316  -.5440805383367349E-05   4   0 0  0 0  0 4  0 0
   317  -.2869507904044152E-05   4   0 0  0 0  0 3  1 0
   318  -.2527995139022844E-05   4   0 0  0 0  0 2  2 0
   319  -.2876865852200622E-05   4   0 0  0 0  0 1  3 0
   320  -.5424239277464961E-05   4   0 0  0 0  0 0  4 0
   321  0.5912357262191525E-05   4   0 0  0 0  0 3  0 1
   322  0.3102319522036199E-05   4   0 0  0 0  0 2  1 1
   323  0.3107975885204585E-05   4   0 0  0 0  0 1  2 1
   324  0.5898337743277175E-05   4   0 0  0 0  0 0  3 1
   325  0.3490406386674786E-06   4   0 0  0 0  0 2  0 2
   326  0.4162428249046870E-06   4   0 0  0 0  0 1  1 2
   327  0.3482908362372154E-06   4   0 0  0 0  0 0  2 2
   328  0.2136345005041276E-08   4   0 0  0 0  0 1  0 3
   329  0.2133470012615945E-08   4   0 0  0 0  0 0  1 3
   330  -.5202906551688548E-14   4   0 0  0 0  0 0  0 4
   ----------------------------------------------------
     I  COEFFICIENT            ORDER EXPONENTS
     1  0.8904163446775767E-08   0   0 0  0 0  0 0  0 0
     2  -.1723197850446228E-05   1   1 0  0 0  0 0  0 0
     3  -.2388979340962268E-05   1   0 1  0 0  0 0  0 0
     4  0.1324454235916302E-04   1   0 0  1 0  0 0  0 0
     5  -.6157262759094692E-06   1   0 0  0 1  0 0  0 0
     6   1.000000000000000       1   0 0  0 0  1 0  0 0
     7  0.2859789906178428       1   0 0  0 0  0 1  0 0
     8  -.2859789894900948       1   0 0  0 0  0 0  1 0
     9  -.1127753113373102E-08   1   0 0  0 0  0 0  0 1
    10  -.9337394089809897E-01   2   2 0  0 0  0 0  0 0
    11  -.3298202580243540       2   1 1  0 0  0 0  0 0
    12  -.5060283099373263       2   0 2  0 0  0 0  0 0
    13  -.6370173524731746E-05   2   1 0  1 0  0 0  0 0
    14  -.1059993782505312E-04   2   0 1  1 0  0 0  0 0
    15  -.7611165410003026E-01   2   0 0  2 0  0 0  0 0
    16  -.1049826168363379E-04   2   1 0  0 1  0 0  0 0
    17  -.1366312941263225E-04   2   0 1  0 1  0 0  0 0
    18  0.9810006067077407E-02   2   0 0  1 1  0 0  0 0
    19  -.2170321014691030       2   0 0  0 2  0 0  0 0
    20  0.2573181892786178E-05   2   1 0  0 0  0 1  0 0
    21  0.4310248309132548E-05   2   0 1  0 0  0 1  0 0
    22  -.1920660570253445E-04   2   0 0  1 0  0 1  0 0
    23  -.4778541761872329E-05   2   0 0  0 1  0 1  0 0
    24  0.8511644739638792E-06   2   1 0  0 0  0 0  1 0
    25  0.1921914150715527E-05   2   0 1  0 0  0 0  1 0
    26  -.5971847281908491E-05   2   0 0  1 0  0 0  1 0
    27  -.5386189216699299E-05   2   0 0  0 1  0 0  1 0
    28  -.3424376237776903E-05   2   1 0  0 0  0 0  0 1
    29  -.3843259770281354E-05   2   0 1  0 0  0 0  0 1
    30  0.2517846599962276E-04   2   0 0  1 0  0 0  0 1
    31  0.1078047712487487E-04   2   0 0  0 1  0 0  0 1
    32  -.2146286619340389       2   0 0  0 0  0 2  0 0
    33  0.1432783316407054       2   0 0  0 0  0 1  1 0
    34  0.7135032868330449E-01   2   0 0  0 0  0 0  2 0
    35  0.1609664171849776E-08   2   0 0  0 0  0 1  0 1
    36  0.4828176650424687E-09   2   0 0  0 0  0 0  1 1
    37  -.4824076226287489E-09   2   0 0  0 0  0 0  0 2
    38  0.4473795224108071E-01   3   3 0  0 0  0 0  0 0
    39  0.1591316381585682       3   2 1  0 0  0 0  0 0
    40  0.1775937422624576       3   1 2  0 0  0 0  0 0
    41  0.6372378872283081E-01   3   0 3  0 0  0 0  0 0
    42  0.2650255518089201E-03   3   2 0  1 0  0 0  0 0
    43  0.4404822045110518E-03   3   1 1  1 0  0 0  0 0
    44  0.2913988803633108E-03   3   0 2  1 0  0 0  0 0
    45  0.2945994155451964E-01   3   1 0  2 0  0 0  0 0
    46  -.5024714190014492E-02   3   0 1  2 0  0 0  0 0
    47  0.7983088932898830E-04   3   0 0  3 0  0 0  0 0
    48  0.1843981560249263E-03   3   2 0  0 1  0 0  0 0
    49  0.2891252149321091E-03   3   1 1  0 1  0 0  0 0
    50  0.1904382243160805E-03   3   0 2  0 1  0 0  0 0
    51  -.9256098300252126E-02   3   1 0  1 1  0 0  0 0
    52  -.6395301520194464E-01   3   0 1  1 1  0 0  0 0
    53  0.2733851041352435E-03   3   0 0  2 1  0 0  0 0
    54  -.3269939869996506E-01   3   1 0  0 2  0 0  0 0
    55  -.5446470684285776E-01   3   0 1  0 2  0 0  0 0
    56  0.2757333915362489E-03   3   0 0  1 2  0 0  0 0
    57  0.7757353501149474E-04   3   0 0  0 3  0 0  0 0
    58  0.1447591339890016       3   2 0  0 0  0 1  0 0
    59  0.5906063280699878       3   1 1  0 0  0 1  0 0
    60  0.9131868990667635       3   0 2  0 0  0 1  0 0
    61  0.9600919051308106E-05   3   1 0  1 0  0 1  0 0
    62  0.1900815200464842E-04   3   0 1  1 0  0 1  0 0
    63  0.1102127209116212       3   0 0  2 0  0 1  0 0
    64  0.1882676116080099E-04   3   1 0  0 1  0 1  0 0
    65  0.3033126992030454E-04   3   0 1  0 1  0 1  0 0
    66  0.5077543461288706E-01   3   0 0  1 1  0 1  0 0
    67  0.3217851931516593       3   0 0  0 2  0 1  0 0
    68  0.5144162860270179E-01   3   2 0  0 0  0 0  1 0
    69  0.2608786092823981       3   1 1  0 0  0 0  1 0
    70  0.4072909019322996       3   0 2  0 0  0 0  1 0
    71  0.3221850414693300E-05   3   1 0  1 0  0 0  1 0
    72  0.8361113182058000E-05   3   0 1  1 0  0 0  1 0
    73  0.3415753180284695E-01   3   0 0  2 0  0 0  1 0
    74  0.8309041614618450E-05   3   1 0  0 1  0 0  1 0
    75  0.1660188810780789E-04   3   0 1  0 1  0 0  1 0
    76  0.6049081717861612E-01   3   0 0  1 1  0 0  1 0
    77  0.1049038415971237       3   0 0  0 2  0 0  1 0
    78  -.1962009598740453       3   2 0  0 0  0 0  0 1
    79  -.5216652498231356       3   1 1  0 0  0 0  0 1
    80  -.3084217180863045       3   0 2  0 0  0 0  0 1
    81  -.1279556084027473E-04   3   1 0  1 0  0 0  0 1
    82  -.1667250230237337E-04   3   0 1  1 0  0 0  0 1
    83  -.1443703723566745       3   0 0  2 0  0 0  0 1
    84  -.1658025827097881E-04   3   1 0  0 1  0 0  0 1
    85  -.1944553536302746E-04   3   0 1  0 1  0 0  0 1
    86  -.1210764028433483       3   0 0  1 1  0 0  0 1
    87  0.7375078541872268E-02   3   0 0  0 2  0 0  0 1
    88  -.3203115098858834E-05   3   1 0  0 0  0 2  0 0
    89  -.6105386000846557E-05   3   0 1  0 0  0 2  0 0
    90  0.2336437501965805E-04   3   0 0  1 0  0 2  0 0
    91  0.1139328048245844E-04   3   0 0  0 1  0 2  0 0
    92  -.1260789649033636E-05   3   1 0  0 0  0 1  1 0
    93  -.3591147059194444E-05   3   0 1  0 0  0 1  1 0
    94  0.8323773928241851E-05   3   0 0  1 0  0 1  1 0
    95  0.1322933907923411E-04   3   0 0  0 1  0 1  1 0
    96  -.6312731599284920E-06   3   1 0  0 0  0 0  2 0
    97  -.1796051323782864E-05   3   0 1  0 0  0 0  2 0
    98  0.4169184176610867E-05   3   0 0  1 0  0 0  2 0
    99  0.6608973528845080E-05   3   0 0  0 1  0 0  2 0
   100  0.5093358028353779E-05   3   1 0  0 0  0 1  0 1
   101  0.7181058819886481E-05   3   0 1  0 0  0 1  0 1
   102  -.3584963247208893E-04   3   0 0  1 0  0 1  0 1
   103  -.2646271550154007E-04   3   0 0  0 1  0 1  0 1
   104  0.1671490746912246E-05   3   1 0  0 0  0 0  1 1
   105  0.3338694642786419E-05   3   0 1  0 0  0 0  1 1
   106  -.1069166414519063E-04   3   0 0  1 0  0 0  1 1
   107  -.1567652237685688E-04   3   0 0  0 1  0 0  1 1
   108  -.1670233237886549E-05   3   1 0  0 0  0 0  0 2
   109  -.1416692749741306E-05   3   0 1  0 0  0 0  0 2
   110  0.1068247774723889E-04   3   0 0  1 0  0 0  0 2
   111  0.1029017300022788E-04   3   0 0  0 1  0 0  0 2
   112  0.1788813488810151       3   0 0  0 0  0 3  0 0
   113  -.1073867921855884       3   0 0  0 0  0 2  1 0
   114  -.3589155497131604E-01   3   0 0  0 0  0 1  2 0
   115  -.3560303930893197E-01   3   0 0  0 0  0 0  3 0
   116  -.2006145862668620E-08   3   0 0  0 0  0 2  0 1
   117  -.2791941080514917E-10   3   0 0  0 0  0 1  1 1
   118  -.1528411757138087E-10   3   0 0  0 0  0 0  2 1
   119  0.3115954914778509E-09   3   0 0  0 0  0 1  0 2
   120  0.4903476657495522E-10   3   0 0  0 0  0 0  1 2
   121  0.3775234524309781E-10   3   0 0  0 0  0 0  0 3
   122  -.4233356592465248       4   4 0  0 0  0 0  0 0
   123  -2.227910781901405       4   3 1  0 0  0 0  0 0
   124  -4.726672604284521       4   2 2  0 0  0 0  0 0
   125  -4.600696872558626       4   1 3  0 0  0 0  0 0
   126  -1.946069997061110       4   0 4  0 0  0 0  0 0
   127  0.8728335754896522E-04   4   3 0  1 0  0 0  0 0
   128  0.1682934167987834E-02   4   2 1  1 0  0 0  0 0
   129  0.2807649809026365E-02   4   1 2  1 0  0 0  0 0
   130  0.1220358049508962E-02   4   0 3  1 0  0 0  0 0
   131  -1.754278820473505       4   2 0  2 0  0 0  0 0
   132  -3.374154927410049       4   1 1  2 0  0 0  0 0
   133  -2.143396141306908       4   0 2  2 0  0 0  0 0
   134  0.2053839226819563E-02   4   1 0  3 0  0 0  0 0
   135  0.1448529193457427E-02   4   0 1  3 0  0 0  0 0
   136  -.3121105499456276       4   0 0  4 0  0 0  0 0
   137  0.6137222658357920E-03   4   3 0  0 1  0 0  0 0
   138  0.3023240902913728E-02   4   2 1  0 1  0 0  0 0
   139  0.3964645885807873E-02   4   1 2  0 1  0 0  0 0
   140  0.1556624416018327E-02   4   0 3  0 1  0 0  0 0
   141  -2.655460755299940       4   2 0  1 1  0 0  0 0
   142  -4.658232118528780       4   1 1  1 1  0 0  0 0
   143  -2.775946066883155       4   0 2  1 1  0 0  0 0
   144  0.4552938064793552E-02   4   1 0  2 1  0 0  0 0
   145  0.2992994989851267E-02   4   0 1  2 1  0 0  0 0
   146  -1.116550367180501       4   0 0  3 1  0 0  0 0
   147  -.8366756422878023       4   2 0  0 2  0 0  0 0
   148  -1.601356590320104       4   1 1  0 2  0 0  0 0
   149  -1.432245443500787       4   0 2  0 2  0 0  0 0
   150  0.3141425407282374E-02   4   1 0  1 2  0 0  0 0
   151  0.1777309919168349E-02   4   0 1  1 2  0 0  0 0
   152  -1.460843241130658       4   0 0  2 2  0 0  0 0
   153  0.6107121615214417E-03   4   1 0  0 3  0 0  0 0
   154  0.2022123307797662E-03   4   0 1  0 3  0 0  0 0
   155  -.7425326235363823       4   0 0  1 3  0 0  0 0
   156  -.2414705664807916       4   0 0  0 4  0 0  0 0
   157  -.7216336385349222E-01   4   3 0  0 0  0 1  0 0
   158  -.3164676417423722       4   2 1  0 0  0 1  0 0
   159  -.4289923185946145       4   1 2  0 0  0 1  0 0
   160  -.1829277511444860       4   0 3  0 0  0 1  0 0
   161  0.4161895710022003E-04   4   2 0  1 0  0 1  0 0
   162  -.9037656185110267E-04   4   1 1  1 0  0 1  0 0
   163  -.2269957898417451E-03   4   0 2  1 0  0 1  0 0
   164  -.4086258757317245E-01   4   1 0  2 0  0 1  0 0
   165  -.4033339572055576E-02   4   0 1  2 0  0 1  0 0
   166  -.2059966402126718E-04   4   0 0  3 0  0 1  0 0
   167  -.6508675985524446E-04   4   2 0  0 1  0 1  0 0
   168  -.8509799065617880E-04   4   1 1  0 1  0 1  0 0
   169  -.9637007082809456E-04   4   0 2  0 1  0 1  0 0
   170  -.9183444005889952E-02   4   1 0  1 1  0 1  0 0
   171  0.1047219107689412       4   0 1  1 1  0 1  0 0
   172  -.1878191300903828E-03   4   0 0  2 1  0 1  0 0
   173  0.5412763737224734E-01   4   1 0  0 2  0 1  0 0
   174  0.1247162076112735       4   0 1  0 2  0 1  0 0
   175  -.4378695380429440E-03   4   0 0  1 2  0 1  0 0
   176  -.2030950664315981E-03   4   0 0  0 3  0 1  0 0
   177  -.2718823837814806E-01   4   3 0  0 0  0 0  1 0
   178  -.1561728209385895       4   2 1  0 0  0 0  1 0
   179  -.2496991335784274       4   1 2  0 0  0 0  1 0
   180  -.1183698380413995       4   0 3  0 0  0 0  1 0
   181  0.1681869218215051E-04   4   2 0  1 0  0 0  1 0
   182  -.1925632453070988E-03   4   1 1  1 0  0 0  1 0
   183  -.2407859316762542E-03   4   0 2  1 0  0 0  1 0
   184  -.1132407417591005E-01   4   1 0  2 0  0 0  1 0
   185  -.8646123171221912E-02   4   0 1  2 0  0 0  1 0
   186  -.1979024749608100E-04   4   0 0  3 0  0 0  1 0
   187  -.8601995072729036E-04   4   2 0  0 1  0 0  1 0
   188  -.2159085636742831E-03   4   1 1  0 1  0 0  1 0
   189  -.1738905165420086E-03   4   0 2  0 1  0 0  1 0
   190  -.1825505033927668E-01   4   1 0  1 1  0 0  1 0
   191  0.4136215912668890E-01   4   0 1  1 1  0 0  1 0
   192  -.1395326568859103E-03   4   0 0  2 1  0 0  1 0
   193  0.2154915673076250E-01   4   1 0  0 2  0 0  1 0
   194  0.7053925142673692E-01   4   0 1  0 2  0 0  1 0
   195  -.3160084583775449E-03   4   0 0  1 2  0 0  1 0
   196  -.1524677111686370E-03   4   0 0  0 3  0 0  1 0
   197  0.9902986829445903E-01   4   3 0  0 0  0 0  0 1
   198  0.3115799531841199       4   2 1  0 0  0 0  0 1
   199  0.3202812247286140       4   1 2  0 0  0 0  0 1
   200  0.1082416932619926       4   0 3  0 0  0 0  0 1
   201  -.3208676100730686E-05   4   2 0  1 0  0 0  0 1
   202  0.1278129250672930E-04   4   1 1  1 0  0 0  0 1
   203  0.9041304454386747E-04   4   0 2  1 0  0 0  0 1
   204  0.5199518942564170E-01   4   1 0  2 0  0 0  0 1
   205  0.1691331769661657E-01   4   0 1  2 0  0 0  0 1
   206  0.7032762066826106E-04   4   0 0  3 0  0 0  0 1
   207  -.7542188962948924E-04   4   2 0  0 1  0 0  0 1
   208  -.1961304606709399E-03   4   1 1  0 1  0 0  0 1
   209  -.4746205205860542E-04   4   0 2  0 1  0 0  0 1
   210  0.3639742291457623E-01   4   1 0  1 1  0 0  0 1
   211  -.1927796851183556E-01   4   0 1  1 1  0 0  0 1
   212  0.1427226312083997E-03   4   0 0  2 1  0 0  0 1
   213  -.1054136867007299E-01   4   1 0  0 2  0 0  0 1
   214  -.3262867037621622E-01   4   0 1  0 2  0 0  0 1
   215  0.1349122025314519E-03   4   0 0  1 2  0 0  0 1
   216  0.6585049805588725E-04   4   0 0  0 3  0 0  0 1
   217  -.1857941949297141       4   2 0  0 0  0 2  0 0
   218  -.8385465368391471       4   1 1  0 0  0 2  0 0
   219  -1.319863673458852       4   0 2  0 0  0 2  0 0
   220  -.1547572227660476E-04   4   1 0  1 0  0 2  0 0
   221  -.3560207324120243E-04   4   0 1  1 0  0 2  0 0
   222  -.1339132709016325       4   0 0  2 0  0 2  0 0
   223  -.3591640791797156E-04   4   1 0  0 1  0 2  0 0
   224  -.6299970702206767E-04   4   0 1  0 1  0 2  0 0
   225  -.1255807243221833       4   0 0  1 1  0 2  0 0
   226  -.4126049165026353       4   0 0  0 2  0 2  0 0
   227  -.8207260681534441E-01   4   2 0  0 0  0 1  1 0
   228  -.4958679128069990       4   1 1  0 0  0 1  1 0
   229  -.8133328828218740       4   0 2  0 0  0 1  1 0
   230  -.6072273249709408E-05   4   1 0  1 0  0 1  1 0
   231  -.1912725566365877E-04   4   0 1  1 0  0 1  1 0
   232  -.4744808338634456E-01   4   0 0  2 0  0 1  1 0
   233  -.1949797650846949E-04   4   1 0  0 1  0 1  1 0
   234  -.4388264569032235E-04   4   0 1  0 1  0 1  1 0
   235  -.1496068461558448       4   0 0  1 1  0 1  1 0
   236  -.1816937219954706       4   0 0  0 2  0 1  1 0
   237  -.4107831356778255E-01   4   2 0  0 0  0 0  2 0
   238  -.2479969855690679       4   1 1  0 0  0 0  2 0
   239  -.4067324868003301       4   0 2  0 0  0 0  2 0
   240  -.3060278824939485E-05   4   1 0  1 0  0 0  2 0
   241  -.9590154075784471E-05   4   0 1  1 0  0 0  2 0
   242  -.2376612778567658E-01   4   0 0  2 0  0 0  2 0
   243  -.9767369021439626E-05   4   1 0  0 1  0 0  2 0
   244  -.2194404661507448E-04   4   0 1  0 1  0 0  2 0
   245  -.7473682466692740E-01   4   0 0  1 1  0 0  2 0
   246  -.9094075061712506E-01   4   0 0  0 2  0 0  2 0
   247  0.3088736226253351       4   2 0  0 0  0 1  0 1
   248  0.9916908446883633       4   1 1  0 0  0 1  0 1
   249  0.7134696480429779       4   0 2  0 0  0 1  0 1
   250  0.1855632872288945E-04   4   1 0  1 0  0 1  0 1
   251  0.3448260853628812E-04   4   0 1  1 0  0 1  0 1
   252  0.2050800752659301       4   0 0  2 0  0 1  0 1
   253  0.3503607679444334E-04   4   1 0  0 1  0 1  0 1
   254  0.5200299197062578E-04   4   0 1  0 1  0 1  0 1
   255  0.2992549257274552       4   0 0  1 1  0 1  0 1
   256  0.4156761901179840E-01   4   0 0  0 2  0 1  0 1
   257  0.1127763036900981       4   2 0  0 0  0 0  1 1
   258  0.4700793459763026       4   1 1  0 0  0 0  1 1
   259  0.4049107543579109       4   0 2  0 0  0 0  1 1
   260  0.6204104030719237E-05   4   1 0  1 0  0 0  1 1
   261  0.1543164062138382E-04   4   0 1  1 0  0 0  1 1
   262  0.6082825797912149E-01   4   0 0  2 0  0 0  1 1
   263  0.1583155464985537E-04   4   1 0  0 1  0 0  1 1
   264  0.2781161022890568E-04   4   0 1  0 1  0 0  1 1
   265  0.1781122269412803       4   0 0  1 1  0 0  1 1
   266  0.4887165027044484E-01   4   0 0  0 2  0 0  1 1
   267  -.1127142639229934       4   2 0  0 0  0 0  0 2
   268  -.2092004912237805       4   1 1  0 0  0 0  0 2
   269  -.9654835635848166E-01   4   0 2  0 0  0 0  0 2
   270  -.4310585104319792E-05   4   1 0  1 0  0 0  0 2
   271  -.3943567504527447E-05   4   0 1  1 0  0 0  0 2
   272  -.6077479211719471E-01   4   0 0  2 0  0 0  0 2
   273  -.4184686228346271E-05   4   1 0  0 1  0 0  0 2
   274  -.3860458195074717E-05   4   0 1  0 1  0 0  0 2
   275  -.1176181105138914       4   0 0  1 1  0 0  0 2
   276  -.5628752747705006E-01   4   0 0  0 2  0 0  0 2
   277  -.7450607239148915E-04   4   1 0  0 0  0 3  0 0
   278  -.1679278499697559E-03   4   0 1  0 0  0 3  0 0
   279  -.3540925373355641E-04   4   0 0  1 0  0 3  0 0
   280  -.9215809159720480E-05   4   0 0  0 1  0 3  0 0
   281  -.3591205721842035E-04   4   1 0  0 0  0 2  1 0
   282  -.7916338330213668E-04   4   0 1  0 0  0 2  1 0
   283  -.1278408201596602E-04   4   0 0  1 0  0 2  1 0
   284  -.1755843658506167E-04   4   0 0  0 1  0 2  1 0
   285  -.2218394468091828E-04   4   1 0  0 0  0 1  2 0
   286  -.4867340879535479E-04   4   0 1  0 0  0 1  2 0
   287  -.7314522582871389E-05   4   0 0  1 0  0 1  2 0
   288  -.1246528108836403E-04   4   0 0  0 1  0 1  2 0
   289  -.1198964155413060E-04   4   1 0  0 0  0 0  3 0
   290  -.2643224559105896E-04   4   0 1  0 0  0 0  3 0
   291  -.4274584635442999E-05   4   0 0  1 0  0 0  3 0
   292  -.5843019153388454E-05   4   0 0  0 1  0 0  3 0
   293  0.6430453735027707E-04   4   1 0  0 0  0 2  0 1
   294  0.5449734619667045E-04   4   0 1  0 0  0 2  0 1
   295  0.3950145375016772E-04   4   0 0  1 0  0 2  0 1
   296  0.5225912838716735E-04   4   0 0  0 1  0 2  0 1
   297  0.3069177316945816E-04   4   1 0  0 0  0 1  1 1
   298  0.2723736405816919E-04   4   0 1  0 0  0 1  1 1
   299  0.1215521068431564E-04   4   0 0  1 0  0 1  1 1
   300  0.3555829424926818E-04   4   0 0  0 1  0 1  1 1
   301  0.1535806801202352E-04   4   1 0  0 0  0 0  2 1
   302  0.1362771799813252E-04   4   0 1  0 0  0 0  2 1
   303  0.6091964586083758E-05   4   0 0  1 0  0 0  2 1
   304  0.1777863440754626E-04   4   0 0  0 1  0 0  2 1
   305  -.1356427716654366E-06   4   1 0  0 0  0 1  0 2
   306  0.7488154402105784E-06   4   0 1  0 0  0 1  0 2
   307  -.6008028937006901E-05   4   0 0  1 0  0 1  0 2
   308  -.1117747199452122E-04   4   0 0  0 1  0 1  0 2
   309  -.1084090189320552E-05   4   1 0  0 0  0 0  1 2
   310  -.1547381013192700E-06   4   0 1  0 0  0 0  1 2
   311  -.8373675124450344E-06   4   0 0  1 0  0 0  1 2
   312  -.5906884481543389E-05   4   0 0  0 1  0 0  1 2
   313  -.2502986619076546E-07   4   1 0  0 0  0 0  0 3
   314  -.1329859759423777E-07   4   0 1  0 0  0 0  0 3
   315  -.8637994203514112E-06   4   0 0  1 0  0 0  0 3
   316  -.7782896616442527E-06   4   0 0  0 1  0 0  0 3
   317  -.1565302488325655       4   0 0  0 0  0 4  0 0
   318  0.8947684556989739E-01   4   0 0  0 0  0 3  1 0
   319  0.2686485698788206E-01   4   0 0  0 0  0 2  2 0
   320  0.1798162813551388E-01   4   0 0  0 0  0 1  3 0
   321  0.2220686204083402E-01   4   0 0  0 0  0 0  4 0
   322  0.2777849891231863E-08   4   0 0  0 0  0 3  0 1
   323  0.1685179056370149E-08   4   0 0  0 0  0 2  1 1
   324  0.1386172000906695E-08   4   0 0  0 0  0 1  2 1
   325  0.4874818836257757E-09   4   0 0  0 0  0 0  3 1
   326  -.3868101563425105E-09   4   0 0  0 0  0 2  0 2
   327  -.1040855038091596E-09   4   0 0  0 0  0 1  1 2
   328  -.4948716571598171E-10   4   0 0  0 0  0 0  2 2
   329  -.7298889468317960E-10   4   0 0  0 0  0 1  0 3
   330  -.3523986670809338E-10   4   0 0  0 0  0 0  1 3
   331  -.2035976773235637E-11   4   0 0  0 0  0 0  0 4
   ----------------------------------------------------
     I  COEFFICIENT            ORDER EXPONENTS
     1   1.000000000000000       1   0 0  0 0  0 1  0 0
     --------------------------------------------------
     I  COEFFICIENT            ORDER EXPONENTS
     1   1.000000000000000       1   0 0  0 0  0 0  1 0
     --------------------------------------------------
     I  COEFFICIENT            ORDER EXPONENTS
     1   1.000000000000000       1   0 0  0 0  0 0  0 1
     --------------------------------------------------
