 L    0.1145458000000000E+01
 P (  0.0000000000000000E+00,  0.0000000000000000E+00,  0.9555200000000000E-01)
 A (  0.0000000000000000E+00,  0.0000000000000000E+00,  0.0000000000000000E+00)
     I  COEFFICIENT            ORDER EXPONENTS
     1  0.9444379293548060E-04   0   0 0  0 0  0 0  0 0
     2   1.411141809127198       1   1 0  0 0  0 0  0 0
     3   1.510693600073831       1   0 1  0 0  0 0  0 0
     4  0.1227547602620809E-04   1   0 0  1 0  0 0  0 0
     5  0.1078160757427937E-04   1   0 0  0 1  0 0  0 0
     6  -.7977662815212879E-06   1   0 0  0 0  0 1  0 0
     7  -.7966926852570692E-06   1   0 0  0 0  0 0  1 0
     8  0.1594458968172704E-05   1   0 0  0 0  0 0  0 1
     9  -.9862660236351331E-01   2   2 0  0 0  0 0  0 0
    10  -.1764632561955513       2   1 1  0 0  0 0  0 0
    11  -.7936304018471213E-01   2   0 2  0 0  0 0  0 0
    12  0.3921840542629156E-03   2   1 0  1 0  0 0  0 0
    13  0.1154656678120158E-03   2   0 1  1 0  0 0  0 0
    14  0.7886244296228148E-01   2   0 0  2 0  0 0  0 0
    15  0.3692427700486138E-03   2   1 0  0 1  0 0  0 0
    16  0.1524196142758884E-03   2   0 1  0 1  0 0  0 0
    17  0.1409309543732520       2   0 0  1 1  0 0  0 0
    18  0.6344974571690645E-01   2   0 0  0 2  0 0  0 0
    19  -.2171780826771198       2   1 0  0 0  0 1  0 0
    20  -.9481688955174509       2   0 1  0 0  0 1  0 0
    21  -.6575352405676406E-05   2   0 0  1 0  0 1  0 0
    22  -.1120029026217178E-04   2   0 0  0 1  0 1  0 0
    23  -.2168858146487016       2   1 0  0 0  0 0  1 0
    24  -.9468928945035160       2   0 1  0 0  0 0  1 0
    25  -.6566503606294474E-05   2   0 0  1 0  0 0  1 0
    26  -.1118521743938834E-04   2   0 0  0 1  0 0  1 0
    27  0.4340638973469289       2   1 0  0 0  0 0  0 1
    28  0.3843681899686657       2   0 1  0 0  0 0  0 1
    29  0.1314183997395936E-04   2   0 0  1 0  0 0  0 1
    30  0.1160388479830988E-04   2   0 0  0 1  0 0  0 1
    31  0.5081056776386828E-06   2   0 0  0 0  0 2  0 0
    32  0.2192377677446604E-06   2   0 0  0 0  0 1  1 0
    33  0.5072743729737971E-06   2   0 0  0 0  0 0  2 0
    34  -.4377392383558650E-06   2   0 0  0 0  0 1  0 1
    35  -.4371501495187797E-06   2   0 0  0 0  0 0  1 1
    36  -.3597810782179006E-06   2   0 0  0 0  0 0  0 2
    37  0.5399953487670296       3   3 0  0 0  0 0  0 0
    38   3.380972742972326       3   2 1  0 0  0 0  0 0
    39   5.245504271394613       3   1 2  0 0  0 0  0 0
    40   3.132762984867037       3   0 3  0 0  0 0  0 0
    41  -.8143745029791977E-02   3   2 0  1 0  0 0  0 0
    42  -.1445133821000673E-01   3   1 1  1 0  0 0  0 0
    43  -.6427284339771487E-02   3   0 2  1 0  0 0  0 0
    44  -.9725593921927641       3   1 0  2 0  0 0  0 0
    45  0.2397691391844652       3   0 1  2 0  0 0  0 0
    46  0.2144359933210149E-02   3   0 0  3 0  0 0  0 0
    47  -.7356750510720699E-02   3   2 0  0 1  0 0  0 0
    48  -.1315028419272647E-01   3   1 1  0 1  0 0  0 0
    49  -.5886603472925302E-02   3   0 2  0 1  0 0  0 0
    50  -2.512767871113832       3   1 0  1 1  0 0  0 0
    51  -.6393109981855426       3   0 1  1 1  0 0  0 0
    52  0.5746384089535570E-02   3   0 0  2 1  0 0  0 0
    53  -1.033926383368897       3   1 0  0 2  0 0  0 0
    54  0.3863341204810923       3   0 1  0 2  0 0  0 0
    55  0.5181481531120129E-02   3   0 0  1 2  0 0  0 0
    56  0.1577785560598661E-02   3   0 0  0 3  0 0  0 0
    57  0.5750597398523798E-01   3   2 0  0 0  0 1  0 0
    58  0.1909501980592311       3   1 1  0 0  0 1  0 0
    59  0.1254481156999469       3   0 2  0 0  0 1  0 0
    60  -.2550831814276425E-03   3   1 0  1 0  0 1  0 0
    61  -.1483349932593010E-03   3   0 1  1 0  0 1  0 0
    62  -.3745698406344895E-01   3   0 0  2 0  0 1  0 0
    63  -.4538358202286981E-03   3   1 0  0 1  0 1  0 0
    64  -.2882017661668964E-03   3   0 1  0 1  0 1  0 0
    65  -.1371391291401775       3   0 0  1 1  0 1  0 0
    66  -.9338534709879401E-01   3   0 0  0 2  0 1  0 0
    67  0.5742858515561163E-01   3   2 0  0 0  0 0  1 0
    68  0.1906932262818545       3   1 1  0 0  0 0  1 0
    69  0.1252792935380030       3   0 2  0 0  0 0  1 0
    70  -.2547399025037308E-03   3   1 0  1 0  0 0  1 0
    71  -.1481353710161586E-03   3   0 1  1 0  0 0  1 0
    72  -.3740657621958290E-01   3   0 0  2 0  0 0  1 0
    73  -.4532250693703757E-03   3   1 0  0 1  0 0  1 0
    74  -.2878139178124677E-03   3   0 1  0 1  0 0  1 0
    75  -.1369545737633239       3   0 0  1 1  0 0  1 0
    76  -.9325967349976746E-01   3   0 0  0 2  0 0  1 0
    77  -.1149347450919445       3   2 0  0 0  0 0  0 1
    78  -.2051804699248017       3   1 1  0 0  0 0  0 1
    79  -.9200145005580362E-01   3   0 2  0 0  0 0  0 1
    80  0.5092951282661763E-03   3   1 0  1 0  0 0  0 1
    81  0.1804600989385949E-03   3   0 1  1 0  0 0  0 1
    82  0.7486368303110265E-01   3   0 0  2 0  0 0  0 1
    83  0.5372695071591820E-03   3   1 0  0 1  0 0  0 1
    84  0.2706082108528383E-03   3   0 1  0 1  0 0  0 1
    85  0.1331629406722862       3   0 0  1 1  0 0  0 1
    86  0.5974560292885492E-01   3   0 0  0 2  0 0  0 1
    87  0.1687108746545075       3   1 0  0 0  0 2  0 0
    88  0.8120796239619779       3   0 1  0 0  0 2  0 0
    89  0.5164354314681126E-05   3   0 0  1 0  0 2  0 0
    90  0.1153966830309919E-04   3   0 0  0 1  0 2  0 0
    91  0.1203737898645433       3   1 0  0 0  0 1  1 0
    92  0.6763550813821553       3   0 1  0 0  0 1  1 0
    93  0.3710964790452231E-05   3   0 0  1 0  0 1  1 0
    94  0.1182351972046836E-04   3   0 0  0 1  0 1  1 0
    95  0.1684028348237758       3   1 0  0 0  0 0  2 0
    96  0.8105316620795301       3   0 1  0 0  0 0  2 0
    97  0.5154907349344713E-05   3   0 0  1 0  0 0  2 0
    98  0.1151618299355591E-04   3   0 0  0 1  0 0  2 0
    99  -.2406177302624997       3   1 0  0 0  0 1  0 1
   100  -.4041771941161110       3   0 1  0 0  0 1  0 1
   101  -.7382101388387864E-05   3   0 0  1 0  0 1  0 1
   102  -.1236173469545516E-04   3   0 0  0 1  0 1  0 1
   103  -.2402939182610330       3   1 0  0 0  0 0  1 1
   104  -.4036332714964807       3   0 1  0 0  0 0  1 1
   105  -.7372166904245749E-05   3   0 0  1 0  0 0  1 1
   106  -.1234509885549038E-04   3   0 0  0 1  0 0  1 1
   107  0.2342395221082950E-01   3   1 0  0 0  0 0  0 2
   108  0.1953713202134663E-01   3   0 1  0 0  0 0  0 2
   109  0.7637142145342398E-06   3   0 0  1 0  0 0  0 2
   110  0.7170473569548714E-06   3   0 0  0 1  0 0  0 2
   111  -.3617568706086823E-06   3   0 0  0 0  0 3  0 0
   112  -.6934989562932437E-07   3   0 0  0 0  0 2  1 0
   113  -.6993917408414486E-07   3   0 0  0 0  0 1  2 0
   114  -.3609800168215391E-06   3   0 0  0 0  0 0  3 0
   115  0.1382455078870546E-06   3   0 0  0 0  0 2  0 1
   116  -.1603441219436003E-06   3   0 0  0 0  0 1  1 1
   117  0.1381673553159586E-06   3   0 0  0 0  0 0  2 1
   118  0.3796472088025045E-06   3   0 0  0 0  0 1  0 2
   119  0.3791362974810591E-06   3   0 0  0 0  0 0  1 2
   120  -.1309323516516534E-07   3   0 0  0 0  0 0  0 3
   121  -10.32941791784431       4   4 0  0 0  0 0  0 0
   122  -38.04270720272996       4   3 1  0 0  0 0  0 0
   123  -52.89721321976943       4   2 2  0 0  0 0  0 0
   124  -32.98604972588360       4   1 3  0 0  0 0  0 0
   125  -7.797729102025217       4   0 4  0 0  0 0  0 0
   126  -.5581720459897535E-02   4   3 0  1 0  0 0  0 0
   127  -.1470797746272763E-01   4   2 1  1 0  0 0  0 0
   128  -.1340465604599595E-01   4   1 2  1 0  0 0  0 0
   129  -.4243168833336819E-02   4   0 3  1 0  0 0  0 0
   130   47.60284176571579       4   2 0  2 0  0 0  0 0
   131   84.52512567731810       4   1 1  2 0  0 0  0 0
   132   37.84783837978237       4   0 2  2 0  0 0  0 0
   133  0.4319758904698865E-02   4   1 0  3 0  0 0  0 0
   134  0.3925422213063448E-02   4   0 1  3 0  0 0  0 0
   135  -6.339810170647720       4   0 0  4 0  0 0  0 0
   136  -.5168749866552486E-02   4   3 0  0 1  0 0  0 0
   137  -.1345847018728476E-01   4   2 1  0 1  0 0  0 0
   138  -.1168601488506956E-01   4   1 2  0 1  0 0  0 0
   139  -.3409590675916126E-02   4   0 3  0 1  0 0  0 0
   140   86.62698879252667       4   2 0  1 1  0 0  0 0
   141   154.9482950993986       4   1 1  1 1  0 0  0 0
   142   69.94888656856897       4   0 2  1 1  0 0  0 0
   143  0.1116727820343081E-01   4   1 0  2 1  0 0  0 0
   144  0.1005049667192112E-01   4   0 1  2 1  0 0  0 0
   145  -22.44068005465609       4   0 0  3 1  0 0  0 0
   146   39.58492021713882       4   2 0  0 2  0 0  0 0
   147   71.23886894647652       4   1 1  0 2  0 0  0 0
   148   32.38154054235353       4   0 2  0 2  0 0  0 0
   149  0.9640406903383318E-02   4   1 0  1 2  0 0  0 0
   150  0.8577904998057290E-02   4   0 1  1 2  0 0  0 0
   151  -29.97429993158848       4   0 0  2 2  0 0  0 0
   152  0.3069158046439372E-02   4   1 0  0 3  0 0  0 0
   153  0.2680279541872605E-02   4   0 1  0 3  0 0  0 0
   154  -17.83824808148055       4   0 0  1 3  0 0  0 0
   155  -3.975261293479396       4   0 0  0 4  0 0  0 0
   156  -.8463577918315341       4   3 0  0 0  0 1  0 0
   157  -5.532171141275121       4   2 1  0 0  0 1  0 0
   158  -10.35782643332803       4   1 2  0 0  0 1  0 0
   159  -6.902018475035493       4   0 3  0 0  0 1  0 0
   160  0.1061675837234733E-02   4   2 0  1 0  0 1  0 0
   161  0.8257682531574115E-02   4   1 1  1 0  0 1  0 0
   162  0.6442776041714873E-02   4   0 2  1 0  0 1  0 0
   163  0.7408847892179421       4   1 0  2 0  0 1  0 0
   164  -.1334679057965932       4   0 1  2 0  0 1  0 0
   165  -.3120194071311647E-03   4   0 0  3 0  0 1  0 0
   166  0.4151683333975000E-02   4   2 0  0 1  0 1  0 0
   167  0.1313389629518604E-01   4   1 1  0 1  0 1  0 0
   168  0.8373458646653932E-02   4   0 2  0 1  0 1  0 0
   169   3.378559758945186       4   1 0  1 1  0 1  0 0
   170   1.534174426060659       4   0 1  1 1  0 1  0 0
   171  -.3428236983505518E-02   4   0 0  2 1  0 1  0 0
   172   2.098418950853016       4   1 0  0 2  0 1  0 0
   173  -.8200390679882807E-01   4   0 1  0 2  0 1  0 0
   174  -.5412503823631572E-02   4   0 0  1 2  0 1  0 0
   175  -.2355523652585212E-02   4   0 0  0 3  0 1  0 0
   176  -.8452188034027358       4   3 0  0 0  0 0  1 0
   177  -5.524726206075327       4   2 1  0 0  0 0  1 0
   178  -10.34388735866142       4   1 2  0 0  0 0  1 0
   179  -6.892730063852615       4   0 3  0 0  0 0  1 0
   180  0.1060247083928034E-02   4   2 0  1 0  0 0  1 0
   181  0.8246569731594221E-02   4   1 1  1 0  0 0  1 0
   182  0.6434105657355451E-02   4   0 2  1 0  0 0  1 0
   183  0.7398877413853026       4   1 0  2 0  0 0  1 0
   184  -.1332882909790978       4   0 1  2 0  0 0  1 0
   185  -.3115995061180130E-03   4   0 0  3 0  0 0  1 0
   186  0.4146096194206198E-02   4   2 0  0 1  0 0  1 0
   187  0.1311622131653106E-01   4   1 1  0 1  0 0  1 0
   188  0.8362190040634706E-02   4   0 2  0 1  0 0  1 0
   189   3.374013052447602       4   1 0  1 1  0 0  1 0
   190   1.532109806421202       4   0 1  1 1  0 0  1 0
   191  -.3423623423740330E-02   4   0 0  2 1  0 0  1 0
   192   2.095594997524019       4   1 0  0 2  0 0  1 0
   193  -.8189354980576802E-01   4   0 1  0 2  0 0  1 0
   194  -.5405219931068199E-02   4   0 0  1 2  0 0  1 0
   195  -.2352353699865546E-02   4   0 0  0 3  0 0  1 0
   196   1.690216446635918       4   3 0  0 0  0 0  0 1
   197   7.671666370177405       4   2 1  0 0  0 0  0 1
   198   10.20624204839564       4   1 2  0 0  0 0  0 1
   199   4.394893404760909       4   0 3  0 0  0 0  0 1
   200  0.4437552458597627E-03   4   2 0  1 0  0 0  0 1
   201  0.1013065224866991E-02   4   1 1  1 0  0 0  0 1
   202  0.5839737971051071E-03   4   0 2  1 0  0 0  0 1
   203  -1.478201141580687       4   1 0  2 0  0 0  0 1
   204  0.2962319001846392E-01   4   0 1  2 0  0 0  0 1
   205  -.4225106183323312E-04   4   0 0  3 0  0 0  0 1
   206  0.5251837169394504E-03   4   2 0  0 1  0 0  0 1
   207  0.1135235343334615E-02   4   1 1  0 1  0 0  0 1
   208  0.6311338400316548E-03   4   0 2  0 1  0 0  0 1
   209  -4.234484923406741       4   1 0  1 1  0 0  0 1
   210  -1.782180979778586       4   0 1  1 1  0 0  0 1
   211  -.1268014318960557E-03   4   0 0  2 1  0 0  0 1
   212  -2.123399488977799       4   1 0  0 2  0 0  0 1
   213  -.9922472664578764       4   0 1  0 2  0 0  0 1
   214  -.1107025333341842E-03   4   0 0  1 2  0 0  0 1
   215  -.2083415623481173E-04   4   0 0  0 3  0 0  0 1
   216  -.4828531598014449E-01   4   2 0  0 0  0 2  0 0
   217  -.2041983236378690       4   1 1  0 0  0 2  0 0
   218  -.1648303465218429       4   0 2  0 0  0 2  0 0
   219  -.1140274872947941E-05   4   1 0  1 0  0 2  0 0
   220  0.9761780558278408E-04   4   0 1  1 0  0 2  0 0
   221  0.2688014293538064E-01   4   0 0  2 0  0 2  0 0
   222  0.3803620577007039E-03   4   1 0  0 1  0 2  0 0
   223  0.4554553475955527E-03   4   0 1  0 1  0 2  0 0
   224  0.1339762134059852       4   0 0  1 1  0 2  0 0
   225  0.1147172933297257       4   0 0  0 2  0 2  0 0
   226  -.3843590379833163E-01   4   2 0  0 0  0 1  1 0
   227  -.2158737797949463       4   1 1  0 0  0 1  1 0
   228  -.2030048488155645       4   0 2  0 0  0 1  1 0
   229  -.4698208277064973E-04   4   1 0  1 0  0 1  1 0
   230  0.1058516431123064E-03   4   0 1  1 0  0 1  1 0
   231  0.1667860052261190E-01   4   0 0  2 0  0 1  1 0
   232  0.4427890859860948E-03   4   1 0  0 1  0 1  1 0
   233  0.5935437862587573E-03   4   0 1  0 1  0 1  1 0
   234  0.1313343053656079       4   0 0  1 1  0 1  1 0
   235  0.1362648844415119       4   0 0  0 2  0 1  1 0
   236  -.4819447326355117E-01   4   2 0  0 0  0 0  2 0
   237  -.2037782667779156       4   1 1  0 0  0 0  2 0
   238  -.1644719284305541       4   0 2  0 0  0 0  2 0
   239  -.1107127208362357E-05   4   1 0  1 0  0 0  2 0
   240  0.9741521106428481E-04   4   0 1  1 0  0 0  2 0
   241  0.2683274626856141E-01   4   0 0  2 0  0 0  2 0
   242  0.3795522420273027E-03   4   1 0  0 1  0 0  2 0
   243  0.4544430356262320E-03   4   0 1  0 1  0 0  2 0
   244  0.1337075427727689       4   0 0  1 1  0 0  2 0
   245  0.1144712227730315       4   0 0  0 2  0 0  2 0
   246  0.7606389114510739E-01   4   2 0  0 0  0 1  0 1
   247  0.2383879752591706       4   1 1  0 0  0 1  0 1
   248  0.1528669137884119       4   0 2  0 0  0 1  0 1
   249  0.8144847740419775E-04   4   1 0  1 0  0 1  0 1
   250  0.2279088827127915E-04   4   0 1  1 0  0 1  0 1
   251  -.3364551618621297E-01   4   0 0  2 0  0 1  0 1
   252  -.2983119155380934E-03   4   1 0  0 1  0 1  0 1
   253  -.2619884154362308E-03   4   0 1  0 1  0 1  0 1
   254  -.1259394916999313       4   0 0  1 1  0 1  0 1
   255  -.8620913063889463E-01   4   0 0  0 2  0 1  0 1
   256  0.7596152794517114E-01   4   2 0  0 0  0 0  1 1
   257  0.2380671639569018       4   1 1  0 0  0 0  1 1
   258  0.1526611927002028       4   0 2  0 0  0 0  1 1
   259  0.8133886788184110E-04   4   1 0  1 0  0 0  1 1
   260  0.2276021736794101E-04   4   0 1  1 0  0 0  1 1
   261  -.3360023763618782E-01   4   0 0  2 0  0 0  1 1
   262  -.2979104614211155E-03   4   1 0  0 1  0 0  1 1
   263  -.2616358437738228E-03   4   0 1  0 1  0 0  1 1
   264  -.1257700082673241       4   0 0  1 1  0 0  1 1
   265  -.8609311445377640E-01   4   0 0  0 2  0 0  1 1
   266  -.1773746076478341E-01   4   2 0  0 0  0 0  0 2
   267  -.3118778342852968E-01   4   1 1  0 0  0 0  0 2
   268  -.1370434669329128E-01   4   0 2  0 0  0 0  0 2
   269  -.1537118425125889E-03   4   1 0  1 0  0 0  0 2
   270  -.1584391285529047E-03   4   0 1  1 0  0 0  0 2
   271  -.3468574119577471E-02   4   0 0  2 0  0 0  0 2
   272  -.1115537961864842E-03   4   1 0  0 1  0 0  0 2
   273  -.1201536114634449E-03   4   0 1  0 1  0 0  0 2
   274  -.6828069199045123E-02   4   0 0  1 1  0 0  0 2
   275  -.3287696541855742E-02   4   0 0  0 2  0 0  0 2
   276  -.1445609290163218       4   1 0  0 0  0 3  0 0
   277  -.7465831355906635       4   0 1  0 0  0 3  0 0
   278  -.7224570902093887E-05   4   0 0  1 0  0 3  0 0
   279  -.1500313257926980E-04   4   0 0  0 1  0 3  0 0
   280  -.9628619786607437E-01   4   1 0  0 0  0 2  1 0
   281  -.6156640711314137       4   0 1  0 0  0 2  1 0
   282  -.4767892389673923E-05   4   0 0  1 0  0 2  1 0
   283  -.1461010355522268E-04   4   0 0  0 1  0 2  1 0
   284  -.9638325394240557E-01   4   1 0  0 0  0 1  2 0
   285  -.6159263200418664       4   0 1  0 0  0 1  2 0
   286  -.4772831886820848E-05   4   0 0  1 0  0 1  2 0
   287  -.1461085617797653E-04   4   0 0  0 1  0 1  2 0
   288  -.1442044127404196       4   1 0  0 0  0 0  3 0
   289  -.7446623535561171       4   0 1  0 0  0 0  3 0
   290  -.7206783295351346E-05   4   0 0  1 0  0 0  3 0
   291  -.1496302926983737E-04   4   0 0  0 1  0 0  3 0
   292  0.1925362916134703       4   1 0  0 0  0 2  0 1
   293  0.4191617615597079       4   0 1  0 0  0 2  0 1
   294  0.8667529325469714E-05   4   0 0  1 0  0 2  0 1
   295  0.1598778791933859E-04   4   0 0  0 1  0 2  0 1
   296  0.1445798389573791       4   1 0  0 0  0 1  1 1
   297  0.4341012513591588       4   0 1  0 0  0 1  1 1
   298  0.6247812316333941E-05   4   0 0  1 0  0 1  1 1
   299  0.1568885299073368E-04   4   0 0  0 1  0 1  1 1
   300  0.1921799009794093       4   1 0  0 0  0 0  2 1
   301  0.4183055769126125       4   0 1  0 0  0 0  2 1
   302  0.8651660967381741E-05   4   0 0  1 0  0 0  2 1
   303  0.1595571564835266E-04   4   0 0  0 1  0 0  2 1
   304  -.2420231089237536E-01   4   1 0  0 0  0 1  0 2
   305  -.2994002378052739E-01   4   0 1  0 0  0 1  0 2
   306  -.2316234391580152E-06   4   0 0  1 0  0 1  0 2
   307  -.5203050371290741E-06   4   0 0  0 1  0 1  0 2
   308  -.2416974056299195E-01   4   1 0  0 0  0 0  1 2
   309  -.2989973190754812E-01   4   0 1  0 0  0 0  1 2
   310  -.2313117312496343E-06   4   0 0  1 0  0 0  1 2
   311  -.5196048351312357E-06   4   0 0  0 1  0 0  1 2
   312  0.5077072365807381E-03   4   1 0  0 0  0 0  0 3
   313  0.4091550799570796E-03   4   0 1  0 0  0 0  0 3
   314  0.3314968535691511E-07   4   0 0  1 0  0 0  0 3
   315  0.2676067386563642E-07   4   0 0  0 1  0 0  0 3
   316  -.3084995592748927E-04   4   0 0  0 0  0 4  0 0
   317  -.2016319539317518E-04   4   0 0  0 0  0 3  1 0
   318  -.1874697170084701E-04   4   0 0  0 0  0 2  2 0
   319  -.2019373475767128E-04   4   0 0  0 0  0 1  3 0
   320  -.3075341048025062E-04   4   0 0  0 0  0 0  4 0
   321  0.5832069438892317E-05   4   0 0  0 0  0 3  0 1
   322  0.6069103512879468E-05   4   0 0  0 0  0 2  1 1
   323  0.6068609185689943E-05   4   0 0  0 0  0 1  2 1
   324  0.5816218398693966E-05   4   0 0  0 0  0 0  3 1
   325  -.3063313880544709E-06   4   0 0  0 0  0 2  0 2
   326  -.3791301013785942E-06   4   0 0  0 0  0 1  1 2
   327  -.3056640339979966E-06   4   0 0  0 0  0 0  2 2
   328  0.5551789661369539E-08   4   0 0  0 0  0 1  0 3
   329  0.5544318324490054E-08   4   0 0  0 0  0 0  1 3
   330  -.1882248052418807E-14   4   0 0  0 0  0 0  0 4
   ----------------------------------------------------
     I  COEFFICIENT            ORDER EXPONENTS
     1  0.3058425087459896E-04   0   0 0  0 0  0 0  0 0
     2   1.918366571404279       1   1 0  0 0  0 0  0 0
     3   2.762347537861584       1   0 1  0 0  0 0  0 0
     4  0.5486707871202371E-04   1   0 0  1 0  0 0  0 0
     5  0.5038907049495396E-04   1   0 0  0 1  0 0  0 0
     6  0.8405330565429967E-06   1   0 0  0 0  0 1  0 0
     7  0.8394019067684468E-06   1   0 0  0 0  0 0  1 0
     8  0.2890431591773817E-04   1   0 0  0 0  0 0  0 1
     9  -.4791297684824319       2   2 0  0 0  0 0  0 0
    10  -.8796251716358658       2   1 1  0 0  0 0  0 0
    11  -.4060137940173854       2   0 2  0 0  0 0  0 0
    12  0.1689644009259632E-02   2   1 0  1 0  0 0  0 0
    13  0.1197701725162368E-02   2   0 1  1 0  0 0  0 0
    14  0.3514774450681227       2   0 0  2 0  0 0  0 0
    15  0.1459122851011204E-02   2   1 0  0 1  0 0  0 0
    16  0.1046089810785053E-02   2   0 1  0 1  0 0  0 0
    17  0.6458345834860298       2   0 0  1 1  0 0  0 0
    18  0.2993992122595825       2   0 0  0 2  0 0  0 0
    19  -.8024798107323901E-01   2   1 0  0 0  0 1  0 0
    20  -.9497587513858232       2   0 1  0 0  0 1  0 0
    21  -.2411906721063937E-05   2   0 0  1 0  0 1  0 0
    22  -.2756228922559907E-04   2   0 0  0 1  0 1  0 0
    23  -.8013998712226700E-01   2   1 0  0 0  0 0  1 0
    24  -.9484806108187879       2   0 1  0 0  0 0  1 0
    25  -.2408660890667935E-05   2   0 0  1 0  0 0  1 0
    26  -.2752519719572493E-04   2   0 0  0 1  0 0  1 0
    27   2.078754539712347       2   1 0  0 0  0 0  0 1
    28   1.898239362320558       2   0 1  0 0  0 0  0 1
    29  0.5968753206235430E-04   2   0 0  1 0  0 0  0 1
    30  0.5508737504809541E-04   2   0 0  0 1  0 0  0 1
    31  -.6558814046169337E-06   2   0 0  0 0  0 2  0 0
    32  -.4717224065552956E-06   2   0 0  0 0  0 1  1 0
    33  -.6546813394406884E-06   2   0 0  0 0  0 0  2 0
    34  0.1783482258276480E-05   2   0 0  0 0  0 1  0 1
    35  0.1781082131905945E-05   2   0 0  0 0  0 0  1 1
    36  -.1782281384993992E-05   2   0 0  0 0  0 0  0 2
    37  -5.090089778287137       3   3 0  0 0  0 0  0 0
    38  -14.92559260114494       3   2 1  0 0  0 0  0 0
    39  -15.46878879342081       3   1 2  0 0  0 0  0 0
    40  -4.684814805158440       3   0 3  0 0  0 0  0 0
    41  -.3958991620139519E-01   3   2 0  1 0  0 0  0 0
    42  -.7240043440086504E-01   3   1 1  1 0  0 0  0 0
    43  -.3328650254436234E-01   3   0 2  1 0  0 0  0 0
    44  -8.533731368804842       3   1 0  2 0  0 0  0 0
    45  -6.907978057185149       3   0 1  2 0  0 0  0 0
    46  0.9470842516283160E-02   3   0 0  3 0  0 0  0 0
    47  -.3725456049803688E-01   3   2 0  0 1  0 0  0 0
    48  -.6872935284008859E-01   3   1 1  0 1  0 0  0 0
    49  -.3184542429321432E-01   3   0 2  0 1  0 0  0 0
    50  -17.78098137359837       3   1 0  1 1  0 0  0 0
    51  -14.98938569462302       3   0 1  1 1  0 0  0 0
    52  0.2602885333206287E-01   3   0 0  2 1  0 0  0 0
    53  -7.992741833642487       3   1 0  0 2  0 0  0 0
    54  -6.009191873638736       3   0 1  0 2  0 0  0 0
    55  0.2407261941143425E-01   3   0 0  1 2  0 0  0 0
    56  0.7518073267097776E-02   3   0 0  0 3  0 0  0 0
    57  0.5599292721538169E-01   3   2 0  0 0  0 1  0 0
    58  0.5401020097795738       3   1 1  0 0  0 1  0 0
    59  0.4509070452901360       3   0 2  0 0  0 1  0 0
    60  -.7654914240176457E-03   3   1 0  1 0  0 1  0 0
    61  -.1215088861766539E-02   3   0 1  1 0  0 1  0 0
    62  0.1047978314614993E-01   3   0 0  2 0  0 1  0 0
    63  -.1512579723816125E-02   3   1 0  0 1  0 1  0 0
    64  -.1701798095455717E-02   3   0 1  0 1  0 1  0 0
    65  -.3016591260241688       3   0 0  1 1  0 1  0 0
    66  -.2889398286222880       3   0 0  0 2  0 1  0 0
    67  0.5591757457279074E-01   3   2 0  0 0  0 0  1 0
    68  0.5393751659489386       3   1 1  0 0  0 0  1 0
    69  0.4503002358390973       3   0 2  0 0  0 0  1 0
    70  -.7644612617355645E-03   3   1 0  1 0  0 0  1 0
    71  -.1213453652441530E-02   3   0 1  1 0  0 0  1 0
    72  0.1046567994788684E-01   3   0 0  2 0  0 0  1 0
    73  -.1510544165309228E-02   3   1 0  0 1  0 0  1 0
    74  -.1699507895781820E-02   3   0 1  0 1  0 0  1 0
    75  -.3012531673890677       3   0 0  1 1  0 0  1 0
    76  -.2885509870181908       3   0 0  0 2  0 0  1 0
    77  -.5910419606240872       3   2 0  0 0  0 0  0 1
    78  -1.079480002646920       3   1 1  0 0  0 0  0 1
    79  -.4951946625804440       3   0 2  0 0  0 0  0 1
    80  0.3216940201025070E-02   3   1 0  1 0  0 0  0 1
    81  0.2425795018898062E-02   3   0 1  1 0  0 0  0 1
    82  0.3305331671133039       3   0 0  2 0  0 0  0 1
    83  0.3020247129162892E-02   3   1 0  0 1  0 0  0 1
    84  0.2352211698305121E-02   3   0 1  0 1  0 0  0 1
    85  0.6029142827893151       3   0 0  1 1  0 0  0 1
    86  0.2780924285002846       3   0 0  0 2  0 0  0 1
    87  0.6131095840400664E-01   3   1 0  0 0  0 2  0 0
    88  0.7471058631924489       3   0 1  0 0  0 2  0 0
    89  0.1686074240472256E-05   3   0 0  1 0  0 2  0 0
    90  0.2172194399860776E-04   3   0 0  0 1  0 2  0 0
    91  0.4242454423608467E-01   3   1 0  0 0  0 1  1 0
    92  0.5449965318940796       3   0 1  0 0  0 1  1 0
    93  0.9694771241604329E-06   3   0 0  1 0  0 1  1 0
    94  0.1590232903892529E-04   3   0 0  0 1  0 1  1 0
    95  0.6119990252955428E-01   3   1 0  0 0  0 0  2 0
    96  0.7457337280077301       3   0 1  0 0  0 0  2 0
    97  0.1683152862910900E-05   3   0 0  1 0  0 0  2 0
    98  0.2168201132760842E-04   3   0 0  0 1  0 0  2 0
    99  -.1650460573187512       3   1 0  0 0  0 1  0 1
   100  -1.089449185125839       3   0 1  0 0  0 1  0 1
   101  -.4405014115832728E-05   3   0 0  1 0  0 1  0 1
   102  -.3181945698671330E-04   3   0 0  0 1  0 1  0 1
   103  -.1648239461131614       3   1 0  0 0  0 0  1 1
   104  -1.087983055756457       3   0 1  0 0  0 0  1 1
   105  -.4399086055436742E-05   3   0 0  1 0  0 0  1 1
   106  -.3177663586109958E-04   3   0 0  0 1  0 0  1 1
   107  0.1649347730950364       3   1 0  0 0  0 0  0 2
   108  0.1395962559718061       3   0 1  0 0  0 0  0 2
   109  0.4436517594157632E-05   3   0 0  1 0  0 0  0 2
   110  0.4292237904301650E-05   3   0 0  0 1  0 0  0 2
   111  0.5632314051870938E-06   3   0 0  0 0  0 3  0 0
   112  0.3790504196062890E-06   3   0 0  0 0  0 2  1 0
   113  0.3794206826803972E-06   3   0 0  0 0  0 1  2 0
   114  0.5618397395972723E-06   3   0 0  0 0  0 0  3 0
   115  -.1415022342686396E-05   3   0 0  0 0  0 2  0 1
   116  -.1047943523500669E-05   3   0 0  0 0  0 1  1 1
   117  -.1412412935802192E-05   3   0 0  0 0  0 0  2 1
   118  0.1048245216012097E-05   3   0 0  0 0  0 1  0 2
   119  0.1046834537002463E-05   3   0 0  0 0  0 0  1 2
   120  -.1043655826271449E-06   3   0 0  0 0  0 0  0 3
   121  -48.01723750451807       4   4 0  0 0  0 0  0 0
   122  -177.9165080243626       4   3 1  0 0  0 0  0 0
   123  -248.3176076665941       4   2 2  0 0  0 0  0 0
   124  -155.1324207332597       4   1 3  0 0  0 0  0 0
   125  -36.69020377749058       4   0 4  0 0  0 0  0 0
   126  -.2611286883714777E-01   4   3 0  1 0  0 0  0 0
   127  -.7033411393999923E-01   4   2 1  1 0  0 0  0 0
   128  -.6353014744305838E-01   4   1 2  1 0  0 0  0 0
   129  -.1858995615147069E-01   4   0 3  1 0  0 0  0 0
   130   221.4727424504536       4   2 0  2 0  0 0  0 0
   131   401.9882843550105       4   1 1  2 0  0 0  0 0
   132   183.4693830259061       4   0 2  2 0  0 0  0 0
   133  0.2183952387992699E-01   4   1 0  3 0  0 0  0 0
   134  0.2086982233256710E-01   4   0 1  3 0  0 0  0 0
   135  -27.72291493345202       4   0 0  4 0  0 0  0 0
   136  -.2444727721384831E-01   4   3 0  0 1  0 0  0 0
   137  -.6652768125558085E-01   4   2 1  0 1  0 0  0 0
   138  -.5995677877842438E-01   4   1 2  0 1  0 0  0 0
   139  -.1745085622777648E-01   4   0 3  0 1  0 0  0 0
   140   413.5998369670737       4   2 0  1 1  0 0  0 0
   141   756.0975662299433       4   1 1  1 1  0 0  0 0
   142   347.8369693785996       4   0 2  1 1  0 0  0 0
   143  0.6259587281815056E-01   4   1 0  2 1  0 0  0 0
   144  0.6003402911778336E-01   4   0 1  2 1  0 0  0 0
   145  -100.8038092566859       4   0 0  3 1  0 0  0 0
   146   194.3554889943599       4   2 0  0 2  0 0  0 0
   147   357.3743329899866       4   1 1  0 2  0 0  0 0
   148   165.4846604182882       4   0 2  0 2  0 0  0 0
   149  0.5990685784036706E-01   4   1 0  1 2  0 0  0 0
   150  0.5809028461240225E-01   4   0 1  1 2  0 0  0 0
   151  -138.7043155068347       4   0 0  2 2  0 0  0 0
   152  0.1990818565732592E-01   4   1 0  0 3  0 0  0 0
   153  0.1944622144618370E-01   4   0 1  0 3  0 0  0 0
   154  -85.29173268155212       4   0 0  1 3  0 0  0 0
   155  -19.70486360497934       4   0 0  0 4  0 0  0 0
   156   3.559604431068677       4   3 0  0 0  0 1  0 0
   157   17.74540036990185       4   2 1  0 0  0 1  0 0
   158   25.37437142147963       4   1 2  0 0  0 1  0 0
   159   10.17407405148738       4   0 3  0 0  0 1  0 0
   160  -.3704642539397631E-02   4   2 0  1 0  0 1  0 0
   161  0.2452802669465771E-01   4   1 1  1 0  0 1  0 0
   162  0.2549298181707098E-01   4   0 2  1 0  0 1  0 0
   163   3.462481567629092       4   1 0  2 0  0 1  0 0
   164   6.079724017740808       4   0 1  2 0  0 1  0 0
   165  0.8381241337454362E-03   4   0 0  3 0  0 1  0 0
   166  0.1216838784389268E-01   4   2 0  0 1  0 1  0 0
   167  0.5179214572525634E-01   4   1 1  0 1  0 1  0 0
   168  0.3742906286032815E-01   4   0 2  0 1  0 1  0 0
   169   16.52188586909909       4   1 0  1 1  0 1  0 0
   170   21.15114196687979       4   0 1  1 1  0 1  0 0
   171  -.8832604173223462E-02   4   0 0  2 1  0 1  0 0
   172   11.94813239292255       4   1 0  0 2  0 1  0 0
   173   12.30343944730402       4   0 1  0 2  0 1  0 0
   174  -.1827988106640188E-01   4   0 0  1 2  0 1  0 0
   175  -.8826110268218860E-02   4   0 0  0 3  0 1  0 0
   176   3.554814083183709       4   3 0  0 0  0 0  1 0
   177   17.72151944639589       4   2 1  0 0  0 0  1 0
   178   25.34022378827344       4   1 2  0 0  0 0  1 0
   179   10.16038226211646       4   0 3  0 0  0 0  1 0
   180  -.3699657006061862E-02   4   2 0  1 0  0 0  1 0
   181  0.2449501803229789E-01   4   1 1  1 0  0 0  1 0
   182  0.2545867456358418E-01   4   0 2  1 0  0 0  1 0
   183   3.457821923116482       4   1 0  2 0  0 0  1 0
   184   6.071542211685200       4   0 1  2 0  0 0  1 0
   185  0.8369962257856634E-03   4   0 0  3 0  0 0  1 0
   186  0.1215201220100863E-01   4   2 0  0 1  0 0  1 0
   187  0.5172244629641849E-01   4   1 1  0 1  0 0  1 0
   188  0.3737869259150137E-01   4   0 2  0 1  0 0  1 0
   189   16.49965149374597       4   1 0  1 1  0 0  1 0
   190   21.12267775683956       4   0 1  1 1  0 0  1 0
   191  -.8820717670793355E-02   4   0 0  2 1  0 0  1 0
   192   11.93205315944415       4   1 0  0 2  0 0  1 0
   193   12.28688205833686       4   0 1  0 2  0 0  1 0
   194  -.1825528086396366E-01   4   0 0  1 2  0 0  1 0
   195  -.8814232504980059E-02   4   0 0  0 3  0 0  1 0
   196  -12.20988735445146       4   3 0  0 0  0 0  0 1
   197  -35.48405251359983       4   2 1  0 0  0 0  0 1
   198  -35.26413061029432       4   1 2  0 0  0 0  0 1
   199  -10.97140026634910       4   0 3  0 0  0 0  0 1
   200  0.5903358998417710E-03   4   2 0  1 0  0 0  0 1
   201  0.1193420708976710E-02   4   1 1  1 0  0 0  0 1
   202  0.6063028613602623E-03   4   0 2  1 0  0 0  0 1
   203  -15.44162871010725       4   1 0  2 0  0 0  0 1
   204  -12.13866014891003       4   0 1  2 0  0 0  0 1
   205  -.4102200023751707E-03   4   0 0  3 0  0 0  0 1
   206  0.6201128752953694E-03   4   2 0  0 1  0 0  0 1
   207  0.1114598554756241E-02   4   1 1  0 1  0 0  0 1
   208  0.5394968738111267E-03   4   0 2  0 1  0 0  0 1
   209  -32.99497356845907       4   1 0  1 1  0 0  0 1
   210  -27.25704866972187       4   0 1  1 1  0 0  0 1
   211  -.1247871529222955E-02   4   0 0  2 1  0 0  0 1
   212  -15.87309080048353       4   1 0  0 2  0 0  0 1
   213  -12.55698279990201       4   0 1  0 2  0 0  0 1
   214  -.1242159214634905E-02   4   0 0  1 2  0 0  0 1
   215  -.3747465534261613E-03   4   0 0  0 3  0 0  0 1
   216  -.4356935893147177E-01   4   2 0  0 0  0 2  0 0
   217  -.4566804984417894       4   1 1  0 0  0 2  0 0
   218  -.4846909290292883       4   0 2  0 0  0 2  0 0
   219  -.3179289909050298E-03   4   1 0  1 0  0 2  0 0
   220  0.3893468843127404E-03   4   0 1  1 0  0 2  0 0
   221  -.6917623932997083E-02   4   0 0  2 0  0 2  0 0
   222  0.6648319709254085E-03   4   1 0  0 1  0 2  0 0
   223  0.1397507899585266E-02   4   0 1  0 1  0 2  0 0
   224  0.2174075952476115       4   0 0  1 1  0 2  0 0
   225  0.2818204117559236       4   0 0  0 2  0 2  0 0
   226  -.3202215453574370E-01   4   2 0  0 0  0 1  1 0
   227  -.3758749869629961       4   1 1  0 0  0 1  1 0
   228  -.5197649715707348       4   0 2  0 0  0 1  1 0
   229  -.3831677776598663E-03   4   1 0  1 0  0 1  1 0
   230  0.4744687356085634E-03   4   0 1  1 0  0 1  1 0
   231  -.3229223471206436E-02   4   0 0  2 0  0 1  1 0
   232  0.7658283475366130E-03   4   1 0  0 1  0 1  1 0
   233  0.1936420942896421E-02   4   0 1  0 1  0 1  1 0
   234  0.1333754267012942       4   0 0  1 1  0 1  1 0
   235  0.2746982716809721       4   0 0  0 2  0 1  1 0
   236  -.4348917838836287E-01   4   2 0  0 0  0 0  2 0
   237  -.4558130019280509       4   1 1  0 0  0 0  2 0
   238  -.4836889172181588       4   0 2  0 0  0 0  2 0
   239  -.3172433124839934E-03   4   1 0  1 0  0 0  2 0
   240  0.3885036607933924E-03   4   0 1  1 0  0 0  2 0
   241  -.6906141652344701E-02   4   0 0  2 0  0 0  2 0
   242  0.6634219635424449E-03   4   1 0  0 1  0 0  2 0
   243  0.1394324227294051E-02   4   0 1  0 1  0 0  2 0
   244  0.2170252731702480       4   0 0  1 1  0 0  2 0
   245  0.2812563131335450       4   0 0  0 2  0 0  2 0
   246  0.1203048027009951       4   2 0  0 0  0 1  0 1
   247  0.7532314512282539       4   1 1  0 0  0 1  0 1
   248  0.5899473490893125       4   0 2  0 0  0 1  0 1
   249  0.5113367181850220E-03   4   1 0  1 0  0 1  0 1
   250  -.6529221782974626E-03   4   0 1  1 0  0 1  0 1
   251  0.1702545787558253E-01   4   0 0  2 0  0 1  0 1
   252  -.9509138182301367E-03   4   1 0  0 1  0 1  0 1
   253  -.1744964580993892E-02   4   0 1  0 1  0 1  0 1
   254  -.2660289842359930       4   0 0  1 1  0 1  0 1
   255  -.2602658868634783       4   0 0  0 2  0 1  0 1
   256  0.1201429021672882       4   2 0  0 0  0 0  1 1
   257  0.7522177878397562       4   1 1  0 0  0 0  1 1
   258  0.5891534257501614       4   0 2  0 0  0 0  1 1
   259  0.5106485853281532E-03   4   1 0  1 0  0 0  1 1
   260  -.6520435064010669E-03   4   0 1  1 0  0 0  1 1
   261  0.1700254581675563E-01   4   0 0  2 0  0 0  1 1
   262  -.9496341232285785E-03   4   1 0  0 1  0 0  1 1
   263  -.1742616289898121E-02   4   0 1  0 1  0 0  1 1
   264  -.2656709749665197       4   0 0  1 1  0 0  1 1
   265  -.2599156332988438       4   0 0  0 2  0 0  1 1
   266  -.1213677164174407       4   2 0  0 0  0 0  0 2
   267  -.2160724394055280       4   1 1  0 0  0 0  0 2
   268  -.9612292327308671E-01   4   0 2  0 0  0 0  0 2
   269  -.4466003083905546E-05   4   1 0  1 0  0 0  0 2
   270  -.2375319581261014E-04   4   0 1  1 0  0 0  0 2
   271  -.1697456676930756E-01   4   0 0  2 0  0 0  0 2
   272  -.4143905683487453E-05   4   1 0  0 1  0 0  0 2
   273  -.1947937651654883E-04   4   0 1  0 1  0 0  0 2
   274  -.3587394309868979E-01   4   0 0  1 1  0 0  0 2
   275  -.1818258276761786E-01   4   0 0  0 2  0 0  0 2
   276  -.5187323488245876E-01   4   1 0  0 0  0 3  0 0
   277  -.6463369183680365       4   0 1  0 0  0 3  0 0
   278  -.3058920453849453E-05   4   0 0  1 0  0 3  0 0
   279  -.2340442793418850E-04   4   0 0  0 1  0 3  0 0
   280  -.3297421919141746E-01   4   1 0  0 0  0 2  1 0
   281  -.4448933712408673       4   0 1  0 0  0 2  1 0
   282  -.1552368276224361E-05   4   0 0  1 0  0 2  1 0
   283  -.1593155074201362E-04   4   0 0  0 1  0 2  1 0
   284  -.3301222838077759E-01   4   1 0  0 0  0 1  2 0
   285  -.4452982552654116       4   0 1  0 0  0 1  2 0
   286  -.1555401136812711E-05   4   0 0  1 0  0 1  2 0
   287  -.1594657213101299E-04   4   0 0  0 1  0 1  2 0
   288  -.5174636439737472E-01   4   1 0  0 0  0 0  3 0
   289  -.6447332491060529       4   0 1  0 0  0 0  3 0
   290  -.3051702484776204E-05   4   0 0  1 0  0 0  3 0
   291  -.2334647755990095E-04   4   0 0  0 1  0 0  3 0
   292  0.1272443602797095       4   1 0  0 0  0 2  0 1
   293  0.8896426508461985       4   0 1  0 0  0 2  0 1
   294  0.3707504468699884E-05   4   0 0  1 0  0 2  0 1
   295  0.2922645931749262E-04   4   0 0  0 1  0 2  0 1
   296  0.8951786031724707E-01   4   1 0  0 0  0 1  1 1
   297  0.6903453772208599       4   0 1  0 0  0 1  1 1
   298  0.2094958124072932E-05   4   0 0  1 0  0 1  1 1
   299  0.2209226070305951E-04   4   0 0  0 1  0 1  1 1
   300  0.1270128863576709       4   1 0  0 0  0 0  2 1
   301  0.8879808945571880       4   0 1  0 0  0 0  2 1
   302  0.3701105435958796E-05   4   0 0  1 0  0 0  2 1
   303  0.2917226236429746E-04   4   0 0  0 1  0 0  2 1
   304  -.8945075942561462E-01   4   1 0  0 0  0 1  0 2
   305  -.1453328724953967       4   0 1  0 0  0 1  0 2
   306  -.3079951722849791E-06   4   0 0  1 0  0 1  0 2
   307  -.1987384292407218E-05   4   0 0  0 1  0 1  0 2
   308  -.8933038080924757E-01   4   1 0  0 0  0 0  1 2
   309  -.1451372903648932       4   0 1  0 0  0 0  1 2
   310  -.3075806868974135E-06   4   0 0  1 0  0 0  1 2
   311  -.1984709764288660E-05   4   0 0  0 1  0 0  1 2
   312  0.4612254915374182E-02   4   1 0  0 0  0 0  0 3
   313  0.3756365064738210E-02   4   0 1  0 0  0 0  0 3
   314  0.3016172899683508E-06   4   0 0  1 0  0 0  0 3
   315  0.2471015515559604E-06   4   0 0  0 1  0 0  0 3
   316  -.2434201996883033E-04   4   0 0  0 0  0 4  0 0
   317  -.1513265586626225E-04   4   0 0  0 0  0 3  1 0
   318  -.1391141226667450E-04   4   0 0  0 0  0 2  2 0
   319  -.1515898454244393E-04   4   0 0  0 0  0 1  3 0
   320  -.2426636295290156E-04   4   0 0  0 0  0 0  4 0
   321  0.2937210848658508E-04   4   0 0  0 0  0 3  0 1
   322  0.1992050604312011E-04   4   0 0  0 0  0 2  1 1
   323  0.1993950553324442E-04   4   0 0  0 0  0 1  2 1
   324  0.2929943112278388E-04   4   0 0  0 0  0 0  3 1
   325  -.1792419060573122E-05   4   0 0  0 0  0 2  0 2
   326  -.2165055881418672E-05   4   0 0  0 0  0 1  1 2
   327  -.1788550092390354E-05   4   0 0  0 0  0 0  2 2
   328  0.1240293293673943E-07   4   0 0  0 0  0 1  0 3
   329  0.1238624165412314E-07   4   0 0  0 0  0 0  1 3
   330  0.3799688994946662E-13   4   0 0  0 0  0 0  0 4
   ----------------------------------------------------
     I  COEFFICIENT            ORDER EXPONENTS
     1  0.8835554739850341E-06   0   0 0  0 0  0 0  0 0
     2  0.1210716989395944E-04   1   1 0  0 0  0 0  0 0
     3  0.1068941853041566E-04   1   0 1  0 0  0 0  0 0
     4  0.6327409886697183       1   0 0  1 0  0 0  0 0
     5  0.8169054916740904       1   0 0  0 1  0 0  0 0
     6  -.1489915798474167E-04   1   0 0  0 0  0 1  0 0
     7  -.1487910740009880E-04   1   0 0  0 0  0 0  1 0
     8  0.2977826538490617E-04   1   0 0  0 0  0 0  0 1
     9  0.2394134474108578E-03   2   2 0  0 0  0 0  0 0
    10  0.4510756789225289E-03   2   1 1  0 0  0 0  0 0
    11  0.2421644805014250E-03   2   0 2  0 0  0 0  0 0
    12  0.1575790986926314       2   1 0  1 0  0 0  0 0
    13  0.1405813329036494       2   0 1  1 0  0 0  0 0
    14  -.3011282988369117E-04   2   0 0  2 0  0 0  0 0
    15  0.1430169184452679       2   1 0  0 1  0 0  0 0
    16  0.1284222299846312       2   0 1  0 1  0 0  0 0
    17  0.5565801223724647E-05   2   0 0  1 1  0 0  0 0
    18  0.6304201124770834E-04   2   0 0  0 2  0 0  0 0
    19  -.6387570276868798E-05   2   1 0  0 0  0 1  0 0
    20  -.1101800930708767E-04   2   0 1  0 0  0 1  0 0
    21  0.1732543121060625       2   0 0  1 0  0 1  0 0
    22  -.2531310942962802       2   0 0  0 1  0 1  0 0
    23  -.6378974185825955E-05   2   1 0  0 0  0 0  1 0
    24  -.1100318178942299E-04   2   0 1  0 0  0 0  1 0
    25  0.1730211546180233       2   0 0  1 0  0 0  1 0
    26  -.2527904423992314       2   0 0  0 1  0 0  1 0
    27  0.1276652574473316E-04   2   1 0  0 0  0 0  0 1
    28  0.1133175408579371E-04   2   0 1  0 0  0 0  0 1
    29  -.3462754667395916       2   0 0  1 0  0 0  0 1
    30  -.3109839549943486       2   0 0  0 1  0 0  0 1
    31  0.1076794335183542E-04   2   0 0  0 0  0 2  0 0
    32  0.6647823317586164E-05   2   0 0  0 0  0 1  1 0
    33  0.1074897919744494E-04   2   0 0  0 0  0 0  2 0
    34  -.1328455644286153E-04   2   0 0  0 0  0 1  0 1
    35  -.1326667871288020E-04   2   0 0  0 0  0 0  1 1
    36  -.1613509695863232E-05   2   0 0  0 0  0 0  0 2
    37  -.2830638975655699E-02   3   3 0  0 0  0 0  0 0
    38  -.7647568600726287E-02   3   2 1  0 0  0 0  0 0
    39  -.6918426492749834E-02   3   1 2  0 0  0 0  0 0
    40  -.2090138987448250E-02   3   0 3  0 0  0 0  0 0
    41  -1.898733352861666       3   2 0  1 0  0 0  0 0
    42  -4.066322603550363       3   1 1  1 0  0 0  0 0
    43  -2.458948042056007       3   0 2  1 0  0 0  0 0
    44  0.6457377943047620E-02   3   1 0  2 0  0 0  0 0
    45  0.5743214228615658E-02   3   0 1  2 0  0 0  0 0
    46  -.2839624446969787       3   0 0  3 0  0 0  0 0
    47  -2.397770127763164       3   2 0  0 1  0 0  0 0
    48  -4.606450255590628       3   1 1  0 1  0 0  0 0
    49  -2.107534048375734       3   0 2  0 1  0 0  0 0
    50  0.1169322032309994E-01   3   1 0  1 1  0 0  0 0
    51  0.1047070786261927E-01   3   0 1  1 1  0 0  0 0
    52  -.8769727636104594       3   0 0  2 1  0 0  0 0
    53  0.5356934743398493E-02   3   1 0  0 2  0 0  0 0
    54  0.4835093219307836E-02   3   0 1  0 2  0 0  0 0
    55  -1.271474648351054       3   0 0  1 2  0 0  0 0
    56  -.2383321399845852       3   0 0  0 3  0 0  0 0
    57  -.2114806955805303E-03   3   2 0  0 0  0 1  0 0
    58  -.6451730852720821E-03   3   1 1  0 0  0 1  0 0
    59  -.4615199481239659E-03   3   0 2  0 0  0 1  0 0
    60  -.7390094319523724E-01   3   1 0  1 0  0 1  0 0
    61  -.1358871495406533       3   0 1  1 0  0 1  0 0
    62  -.5402268382283221E-04   3   0 0  2 0  0 1  0 0
    63  -.1395352957000364       3   1 0  0 1  0 1  0 0
    64  -.1892061041030526       3   0 1  0 1  0 1  0 0
    65  -.7061746259981011E-04   3   0 0  1 1  0 1  0 0
    66  -.9515509298230872E-04   3   0 0  0 2  0 1  0 0
    67  -.2111960948271578E-03   3   2 0  0 0  0 0  1 0
    68  -.6443048417398764E-03   3   1 1  0 0  0 0  1 0
    69  -.4608988563284621E-03   3   0 2  0 0  0 0  1 0
    70  -.7380149078871596E-01   3   1 0  1 0  0 0  1 0
    71  -.1357042790189410       3   0 1  1 0  0 0  1 0
    72  -.5394998264094466E-04   3   0 0  2 0  0 0  1 0
    73  -.1393475156751539       3   1 0  0 1  0 0  1 0
    74  -.1889514794451255       3   0 1  0 1  0 0  1 0
    75  -.7052242894672954E-04   3   0 0  1 1  0 0  1 0
    76  -.9502703774267733E-04   3   0 0  0 2  0 0  1 0
    77  0.4223707666968994E-03   3   2 0  0 0  0 0  0 1
    78  0.8377630985392971E-03   3   1 1  0 0  0 0  0 1
    79  0.4377541982734613E-03   3   0 2  0 0  0 0  0 1
    80  0.1477026793076401       3   1 0  1 0  0 0  0 1
    81  0.1310102920042128       3   0 1  1 0  0 0  0 1
    82  0.1081661359264556E-03   3   0 0  2 0  0 0  0 1
    83  0.1358660874699181       3   1 0  0 1  0 0  0 1
    84  0.1213132773044991       3   0 1  0 1  0 0  0 1
    85  0.1359741059062440E-03   3   0 0  1 1  0 0  0 1
    86  0.6430541030457005E-04   3   0 0  0 2  0 0  0 1
    87  0.4958691360105514E-05   3   1 0  0 0  0 2  0 0
    88  0.1125058270414693E-04   3   0 1  0 0  0 2  0 0
    89  -.1247756878976252       3   0 0  1 0  0 2  0 0
    90  0.1162586705307961       3   0 0  0 1  0 2  0 0
    91  0.3552957139565863E-05   3   1 0  0 0  0 1  1 0
    92  0.1151012775544808E-04   3   0 1  0 0  0 1  1 0
    93  -.7642729025120534E-01   3   0 0  1 0  0 1  1 0
    94  -.2024585672612995E-01   3   0 0  0 1  0 1  1 0
    95  0.4949627485831469E-05   3   1 0  0 0  0 0  2 0
    96  0.1122769730638157E-04   3   0 1  0 0  0 0  2 0
    97  -.1245563445346638       3   0 0  1 0  0 0  2 0
    98  0.1161158380509910       3   0 0  0 1  0 0  2 0
    99  -.7124189906427028E-05   3   1 0  0 0  0 1  0 1
   100  -.1203118200669491E-04   3   0 1  0 0  0 1  0 1
   101  0.1527245227451648       3   0 0  1 0  0 1  0 1
   102  0.2939907857472687       3   0 0  0 1  0 1  0 1
   103  -.7114602507402400E-05   3   1 0  0 0  0 0  1 1
   104  -.1201499100896027E-04   3   0 1  0 0  0 0  1 1
   105  0.1525189932801119       3   0 0  1 0  0 0  1 1
   106  0.2935951468031159       3   0 0  0 1  0 0  1 1
   107  0.7655669494635221E-06   3   1 0  0 0  0 0  0 2
   108  0.7437771158051582E-06   3   0 1  0 0  0 0  0 2
   109  0.2051592397247688E-01   3   0 0  1 0  0 0  0 2
   110  0.1719092646413658E-01   3   0 0  0 1  0 0  0 2
   111  -.8708341167704470E-05   3   0 0  0 0  0 3  0 0
   112  -.4591356761125363E-05   3   0 0  0 0  0 2  1 0
   113  -.4599643769546888E-05   3   0 0  0 0  0 1  2 0
   114  -.8687677007345827E-05   3   0 0  0 0  0 0  3 0
   115  0.9179582849392519E-05   3   0 0  0 0  0 2  0 1
   116  0.5085408839647743E-05   3   0 0  0 0  0 1  1 1
   117  0.9163807547549483E-05   3   0 0  0 0  0 0  2 1
   118  0.1562651310027370E-05   3   0 0  0 0  0 1  0 2
   119  0.1560548367539540E-05   3   0 0  0 0  0 0  1 2
   120  0.3463665591553198E-07   3   0 0  0 0  0 0  0 3
   121  -.1264062463099166E-02   4   4 0  0 0  0 0  0 0
   122  -.4399620760218688E-02   4   3 1  0 0  0 0  0 0
   123  -.5723257351496190E-02   4   2 2  0 0  0 0  0 0
   124  -.3063746317060861E-02   4   1 3  0 0  0 0  0 0
   125  -.4749902680022161E-03   4   0 4  0 0  0 0  0 0
   126   32.84042078437207       4   3 0  1 0  0 0  0 0
   127   89.31699591898654       4   2 1  1 0  0 0  0 0
   128   81.50127034281545       4   1 2  1 0  0 0  0 0
   129   25.01562227063448       4   0 3  1 0  0 0  0 0
   130  0.6704032149737175E-02   4   2 0  2 0  0 0  0 0
   131  0.1224127508591542E-01   4   1 1  2 0  0 0  0 0
   132  0.5740905604371361E-02   4   0 2  2 0  0 0  0 0
   133  -25.20656398975277       4   1 0  3 0  0 0  0 0
   134  -22.22998155331286       4   0 1  3 0  0 0  0 0
   135  -.1015937200053118E-02   4   0 0  4 0  0 0  0 0
   136   30.20780078319000       4   3 0  0 1  0 0  0 0
   137   82.61096920292577       4   2 1  0 1  0 0  0 0
   138   75.86562718344982       4   1 2  0 1  0 0  0 0
   139   23.45170567061315       4   0 3  0 1  0 0  0 0
   140  0.1183880963695516E-01   4   2 0  1 1  0 0  0 0
   141  0.2179690638161646E-01   4   1 1  1 1  0 0  0 0
   142  0.1004468646573984E-01   4   0 2  1 1  0 0  0 0
   143  -68.42160485619281       4   1 0  2 1  0 0  0 0
   144  -60.74478645235432       4   0 1  2 1  0 0  0 0
   145  -.3828820395844974E-02   4   0 0  3 1  0 0  0 0
   146  0.5285021714241980E-02   4   2 0  0 2  0 0  0 0
   147  0.1010156952714210E-01   4   1 1  0 2  0 0  0 0
   148  0.4818559579754605E-02   4   0 2  0 2  0 0  0 0
   149  -62.19514741108964       4   1 0  1 2  0 0  0 0
   150  -55.51523353709496       4   0 1  1 2  0 0  0 0
   151  -.5250923146197229E-02   4   0 0  2 2  0 0  0 0
   152  -18.86038715772966       4   1 0  0 3  0 0  0 0
   153  -16.90396882177369       4   0 1  0 3  0 0  0 0
   154  -.3272070864240156E-02   4   0 0  1 3  0 0  0 0
   155  -.7376659097270864E-03   4   0 0  0 4  0 0  0 0
   156  0.3564775717156797E-03   4   3 0  0 0  0 1  0 0
   157  0.4279657119014354E-02   4   2 1  0 0  0 1  0 0
   158  0.6816300402169902E-02   4   1 2  0 0  0 1  0 0
   159  0.2927319073320148E-02   4   0 3  0 0  0 1  0 0
   160   2.128184473512989       4   2 0  1 0  0 1  0 0
   161   6.482741660482086       4   1 1  1 0  0 1  0 0
   162   4.883258299498859       4   0 2  1 0  0 1  0 0
   163  -.7178211642973520E-03   4   1 0  2 0  0 1  0 0
   164  -.3231410403767732E-02   4   0 1  2 0  0 1  0 0
   165  0.4090644381678651       4   0 0  3 0  0 1  0 0
   166   3.379587581917253       4   2 0  0 1  0 1  0 0
   167   8.970925055984964       4   1 1  0 1  0 1  0 0
   168   5.534751693368404       4   0 2  0 1  0 1  0 0
   169  -.6450862638543871E-02   4   1 0  1 1  0 1  0 0
   170  -.1044264884686451E-01   4   0 1  1 1  0 1  0 0
   171   1.275381075205790       4   0 0  2 1  0 1  0 0
   172  -.5310977380538418E-02   4   1 0  0 2  0 1  0 0
   173  -.6927015133427587E-02   4   0 1  0 2  0 1  0 0
   174   1.949110941940130       4   0 0  1 2  0 1  0 0
   175  0.6690733023468115       4   0 0  0 3  0 1  0 0
   176  0.3559978409998711E-03   4   3 0  0 0  0 0  1 0
   177  0.4273897758156839E-02   4   2 1  0 0  0 0  1 0
   178  0.6807127346329775E-02   4   1 2  0 0  0 0  1 0
   179  0.2923379625271043E-02   4   0 3  0 0  0 0  1 0
   180   2.125320463146396       4   2 0  1 0  0 0  1 0
   181   6.474017492276439       4   1 1  1 0  0 0  1 0
   182   4.876686640619384       4   0 2  1 0  0 0  1 0
   183  -.7168551544041808E-03   4   1 0  2 0  0 0  1 0
   184  -.3227061723937437E-02   4   0 1  2 0  0 0  1 0
   185  0.4085139385255181       4   0 0  3 0  0 0  1 0
   186   3.375039492223954       4   2 0  0 1  0 0  1 0
   187   8.958852407829665       4   1 1  0 1  0 0  1 0
   188   5.527303285383277       4   0 2  0 1  0 0  1 0
   189  -.6442181371623543E-02   4   1 0  1 1  0 0  1 0
   190  -.1042859562219139E-01   4   0 1  1 1  0 0  1 0
   191   1.273664727461408       4   0 0  2 1  0 0  1 0
   192  -.5303830117477384E-02   4   1 0  0 2  0 0  1 0
   193  -.6917693082919936E-02   4   0 1  0 2  0 0  1 0
   194   1.946487920292885       4   0 0  1 2  0 0  1 0
   195  0.6681728950288456       4   0 0  0 3  0 0  1 0
   196  0.1450743653579115E-03   4   3 0  0 0  0 0  0 1
   197  0.5194652653096403E-03   4   2 1  0 0  0 0  0 1
   198  0.5977753047676252E-03   4   1 2  0 0  0 0  0 1
   199  0.2294969814962608E-03   4   0 3  0 0  0 0  0 1
   200  -4.250583325603182       4   2 0  1 0  0 0  0 1
   201  -8.884396354967972       4   1 1  1 0  0 0  0 1
   202  -4.838904915613179       4   0 2  1 0  0 0  0 1
   203  -.3438798096278988E-03   4   1 0  2 0  0 0  0 1
   204  -.3191090228920340E-03   4   0 1  2 0  0 0  0 1
   205  -.8182123106880628       4   0 0  3 0  0 0  0 1
   206  -4.353784796690900       4   2 0  0 1  0 0  0 1
   207  -8.710472703824305       4   1 1  0 1  0 0  0 1
   208  -4.736095185051948       4   0 2  0 1  0 0  0 1
   209  -.7084910717426319E-03   4   1 0  1 1  0 0  0 1
   210  -.6598858495971196E-03   4   0 1  1 1  0 0  0 1
   211  -1.674025900857829       4   0 0  2 1  0 0  0 1
   212  -.3253567456685283E-03   4   1 0  0 2  0 0  0 1
   213  -.2984020667589507E-03   4   0 1  0 2  0 0  0 1
   214  -1.354665806700239       4   0 0  1 2  0 0  0 1
   215  -.6229458458777124       4   0 0  0 3  0 0  0 1
   216  0.8398390833365817E-06   4   2 0  0 0  0 2  0 0
   217  0.3637339503183297E-03   4   1 1  0 0  0 2  0 0
   218  0.4389119506368251E-03   4   0 2  0 0  0 2  0 0
   219  0.5308152683608325E-01   4   1 0  1 0  0 2  0 0
   220  0.1327450038275664       4   0 1  1 0  0 2  0 0
   221  0.5917670173240308E-04   4   0 0  2 0  0 2  0 0
   222  0.1370028404240348       4   1 0  0 1  0 2  0 0
   223  0.2332977243957384       4   0 1  0 1  0 2  0 0
   224  -.2730578527768786E-04   4   0 0  1 1  0 2  0 0
   225  0.2503773320193775E-04   4   0 0  0 2  0 2  0 0
   226  0.6740631779866412E-05   4   2 0  0 0  0 1  1 0
   227  0.5134583110440598E-03   4   1 1  0 0  0 1  1 0
   228  0.6421186070606081E-03   4   0 2  0 0  0 1  1 0
   229  0.3209027415955766E-01   4   1 0  1 0  0 1  1 0
   230  0.1291480573671650       4   0 1  1 0  0 1  1 0
   231  0.1034522337806719E-03   4   0 0  2 0  0 1  1 0
   232  0.1342747070445842       4   1 0  0 1  0 1  1 0
   233  0.2769544084859869       4   0 1  0 1  0 1  1 0
   234  0.7144744343580515E-04   4   0 0  1 1  0 1  1 0
   235  0.7474377711214731E-04   4   0 0  0 2  0 1  1 0
   236  0.8341732551919847E-06   4   2 0  0 0  0 0  2 0
   237  0.3628989603119288E-03   4   1 1  0 0  0 0  2 0
   238  0.4378892171391730E-03   4   0 2  0 0  0 0  2 0
   239  0.5298849942961217E-01   4   1 0  1 0  0 0  2 0
   240  0.1324794611729369       4   0 1  1 0  0 0  2 0
   241  0.5902745394577065E-04   4   0 0  2 0  0 0  2 0
   242  0.1367281181718159       4   1 0  0 1  0 0  2 0
   243  0.2327974072179220       4   0 1  0 1  0 0  2 0
   244  -.2731711373983332E-04   4   0 0  1 1  0 0  2 0
   245  0.2495374527429665E-04   4   0 0  0 2  0 0  2 0
   246  -.8827311058615085E-04   4   2 0  0 0  0 1  0 1
   247  -.5724955949629206E-03   4   1 1  0 0  0 1  0 1
   248  -.4830884234925783E-03   4   0 2  0 0  0 1  0 1
   249  -.6393268633740684E-01   4   1 0  1 0  0 1  0 1
   250  -.1217195889541857       4   0 1  1 0  0 1  0 1
   251  -.2128694936553830E-03   4   0 0  2 0  0 1  0 1
   252  -.1287895651946024       4   1 0  0 1  0 1  0 1
   253  -.1752520468243033       4   0 1  0 1  0 1  0 1
   254  -.3040789516358080E-03   4   0 0  1 1  0 1  0 1
   255  -.7618624137029599E-04   4   0 0  0 2  0 1  0 1
   256  -.8815431679409167E-04   4   2 0  0 0  0 0  1 1
   257  -.5717251573720024E-03   4   1 1  0 0  0 0  1 1
   258  -.4824383058594109E-03   4   0 2  0 0  0 0  1 1
   259  -.6384664874117701E-01   4   1 0  1 0  0 0  1 1
   260  -.1215557844678166       4   0 1  1 0  0 0  1 1
   261  -.2125830239230134E-03   4   0 0  2 0  0 0  1 1
   262  -.1286162462674053       4   1 0  0 1  0 0  1 1
   263  -.1750162008790300       4   0 1  0 1  0 0  1 1
   264  -.3036697365134412E-03   4   0 0  1 1  0 0  1 1
   265  -.7608371351719307E-04   4   0 0  0 2  0 0  1 1
   266  0.5441017854007148E-04   4   2 0  0 0  0 0  0 2
   267  0.1245330222581826E-03   4   1 1  0 0  0 0  0 2
   268  0.6782859505389895E-04   4   0 2  0 0  0 0  0 2
   269  -.1027267514244612E-01   4   1 0  1 0  0 0  0 2
   270  -.9894853372534066E-02   4   0 1  1 0  0 0  0 2
   271  0.1614951210065506E-03   4   0 0  2 0  0 0  0 2
   272  -.7464447438282605E-02   4   1 0  0 1  0 0  0 2
   273  -.7366422943886183E-02   4   0 1  0 1  0 0  0 2
   274  0.2532186801479627E-03   4   0 0  1 1  0 0  0 2
   275  0.9343728390974910E-04   4   0 0  0 2  0 0  0 2
   276  -.7433149770830552E-05   4   1 0  0 0  0 3  0 0
   277  -.1500385220425347E-04   4   0 1  0 0  0 3  0 0
   278  0.1006128036643977       4   0 0  1 0  0 3  0 0
   279  -.4997206681695988E-01   4   0 0  0 1  0 3  0 0
   280  -.5120037972115297E-05   4   1 0  0 0  0 2  1 0
   281  -.1467160687514457E-04   4   0 1  0 0  0 2  1 0
   282  0.5231481654014423E-01   4   0 0  1 0  0 2  1 0
   283  0.8251182251412265E-01   4   0 0  0 1  0 2  1 0
   284  -.5124687094665969E-05   4   1 0  0 0  0 1  2 0
   285  -.1467223679619974E-04   4   0 1  0 0  0 1  2 0
   286  0.5241203895009754E-01   4   0 0  1 0  0 1  2 0
   287  0.8224452240528099E-01   4   0 0  0 1  0 1  2 0
   288  -.7414704489337200E-05   4   1 0  0 0  0 0  3 0
   289  -.1496370611372768E-04   4   0 1  0 0  0 0  3 0
   290  0.1003745497979255       4   0 0  1 0  0 0  3 0
   291  -.4992663734372113E-01   4   0 0  0 1  0 0  3 0
   292  0.9066874108438993E-05   4   1 0  0 0  0 2  0 1
   293  0.1611534016309889E-04   4   0 1  0 0  0 2  0 1
   294  -.1045947544310337       4   0 0  1 0  0 2  0 1
   295  -.2813628389981019       4   0 0  0 1  0 2  0 1
   296  0.6850648871368222E-05   4   1 0  0 0  0 1  1 1
   297  0.1594369671447028E-04   4   0 1  0 0  0 1  1 1
   298  -.5659226615522733E-01   4   0 0  1 0  0 1  1 1
   299  -.2687661218072307       4   0 0  0 1  0 1  1 1
   300  0.9050062696448474E-05   4   1 0  0 0  0 0  2 1
   301  0.1608292476001295E-04   4   0 1  0 0  0 0  2 1
   302  -.1044159161375552       4   0 0  1 0  0 0  2 1
   303  -.2808033477594398       4   0 0  0 1  0 0  2 1
   304  -.4218869392665866E-06   4   1 0  0 0  0 1  0 2
   305  -.6896150584319889E-06   4   0 1  0 0  0 1  0 2
   306  -.1983664869937105E-01   4   0 0  1 0  0 1  0 2
   307  -.2524396853327868E-01   4   0 0  0 1  0 1  0 2
   308  -.4213191837065679E-06   4   1 0  0 0  0 0  1 2
   309  -.6886870069867862E-06   4   0 1  0 0  0 0  1 2
   310  -.1980995347242034E-01   4   0 0  1 0  0 0  1 2
   311  -.2520999639013364E-01   4   0 0  0 1  0 0  1 2
   312  0.3327680047542731E-07   4   1 0  0 0  0 0  0 3
   313  0.2688254408412905E-07   4   0 1  0 0  0 0  0 3
   314  -.4620935518195540E-03   4   0 0  1 0  0 0  0 3
   315  -.3732513778391460E-03   4   0 0  0 1  0 0  0 3
   316  0.9753896924476975E-05   4   0 0  0 0  0 4  0 0
   317  0.4412595499861578E-05   4   0 0  0 0  0 3  1 0
   318  0.3707484596017751E-05   4   0 0  0 0  0 2  2 0
   319  0.4427881223023306E-05   4   0 0  0 0  0 1  3 0
   320  0.9724689643312984E-05   4   0 0  0 0  0 0  4 0
   321  -.1332697925054472E-05   4   0 0  0 0  0 3  0 1
   322  0.6460002755898656E-06   4   0 0  0 0  0 2  1 1
   323  0.6420096377868987E-06   4   0 0  0 0  0 1  2 1
   324  -.1330441796982340E-05   4   0 0  0 0  0 0  3 1
   325  -.5825327530333368E-06   4   0 0  0 0  0 2  0 2
   326  -.6790383951929516E-06   4   0 0  0 0  0 1  1 2
   327  -.5812918989729845E-06   4   0 0  0 0  0 0  2 2
   328  -.1471008454615649E-07   4   0 0  0 0  0 1  0 3
   329  -.1469028840763654E-07   4   0 0  0 0  0 0  1 3
   330  -.2570260169515206E-13   4   0 0  0 0  0 0  0 4
   ----------------------------------------------------
     I  COEFFICIENT            ORDER EXPONENTS
     1  0.1455454602233779E-03   0   0 0  0 0  0 0  0 0
     2  0.5424037730524001E-04   1   1 0  0 0  0 0  0 0
     3  0.5011845165529079E-04   1   0 1  0 0  0 0  0 0
     4  -1.615262585749362       1   0 0  1 0  0 0  0 0
     5  -.5049726231050652       1   0 0  0 1  0 0  0 0
     6  0.5741114342987103E-05   1   0 0  0 0  0 1  0 0
     7  0.5733388221873628E-05   1   0 0  0 0  0 0  1 0
     8  0.1340709576573508E-03   1   0 0  0 0  0 0  0 1
     9  0.6790550049226603E-03   2   2 0  0 0  0 0  0 0
    10  0.1171438629915703E-02   2   1 1  0 0  0 0  0 0
    11  0.5603509110224105E-03   2   0 2  0 0  0 0  0 0
    12  0.6872689880844511       2   1 0  1 0  0 0  0 0
    13  0.6308785490589207       2   0 1  1 0  0 0  0 0
    14  0.5205334641296822E-03   2   0 0  2 0  0 0  0 0
    15  0.6479698204827335       2   1 0  0 1  0 0  0 0
    16  0.5988583986014083       2   0 1  0 1  0 0  0 0
    17  0.1280913796442392E-02   2   0 0  1 1  0 0  0 0
    18  0.6677385436850336E-03   2   0 0  0 2  0 0  0 0
    19  -.2633449954980232E-05   2   1 0  0 0  0 1  0 0
    20  -.2765060570185555E-04   2   0 1  0 0  0 1  0 0
    21  -.7153299564114914E-01   2   0 0  1 0  0 1  0 0
    22  0.6921096960992734       2   0 0  0 1  0 1  0 0
    23  -.2629905982141027E-05   2   1 0  0 0  0 0  1 0
    24  -.2761339481982988E-04   2   0 1  0 0  0 0  1 0
    25  -.7143672990684864E-01   2   0 0  1 0  0 0  1 0
    26  0.6911782874882635       2   0 0  0 1  0 0  1 0
    27  0.5950358753579504E-04   2   1 0  0 0  0 0  0 1
    28  0.5526385729851389E-04   2   0 1  0 0  0 0  0 1
    29  -1.472292860279227       2   0 0  1 0  0 0  0 1
    30  -1.383287983672841       2   0 0  0 1  0 0  0 1
    31  -.4225580181692692E-05   2   0 0  0 0  0 2  0 0
    32  -.2714101144135549E-05   2   0 0  0 0  0 1  1 0
    33  -.4218067340321388E-05   2   0 0  0 0  0 0  2 0
    34  0.1116522638384932E-04   2   0 0  0 0  0 1  0 1
    35  0.1115020074838081E-04   2   0 0  0 0  0 0  1 1
    36  -.1115769992039275E-04   2   0 0  0 0  0 0  0 2
    37  -.1376433709105183E-01   3   3 0  0 0  0 0  0 0
    38  -.3863327858910215E-01   3   2 1  0 0  0 0  0 0
    39  -.3632285439596537E-01   3   1 2  0 0  0 0  0 0
    40  -.1141149986785536E-01   3   0 3  0 0  0 0  0 0
    41  -11.22696831155751       3   2 0  1 0  0 0  0 0
    42  -21.85927591585663       3   1 1  1 0  0 0  0 0
    43  -11.25013155923085       3   0 2  1 0  0 0  0 0
    44  0.2775344624327573E-01   3   1 0  2 0  0 0  0 0
    45  0.2532998471496731E-01   3   0 1  2 0  0 0  0 0
    46  -2.078043510596264       3   0 0  3 0  0 0  0 0
    47  -9.894992020404390       3   2 0  0 1  0 0  0 0
    48  -19.71847824677146       3   1 1  0 1  0 0  0 0
    49  -11.11188260080845       3   0 2  0 1  0 0  0 0
    50  0.5211699005256819E-01   3   1 0  1 1  0 0  0 0
    51  0.4785101685889707E-01   3   0 1  1 1  0 0  0 0
    52  -6.494174071778152       3   0 0  2 1  0 0  0 0
    53  0.2470155569210261E-01   3   1 0  0 2  0 0  0 0
    54  0.2284063484539350E-01   3   0 1  0 2  0 0  0 0
    55  -5.842562390045051       3   0 0  1 2  0 0  0 0
    56  -2.245472401595302       3   0 0  0 3  0 0  0 0
    57  -.4058869251971471E-03   3   2 0  0 0  0 1  0 0
    58  -.1384194490086694E-02   3   1 1  0 0  0 1  0 0
    59  -.9419543633498629E-03   3   0 2  0 0  0 1  0 0
    60  0.3525096326720642E-01   3   1 0  1 0  0 1  0 0
    61  -.2812891421375292       3   0 1  1 0  0 1  0 0
    62  -.1085366138199119E-03   3   0 0  2 0  0 1  0 0
    63  -.2981639425241730       3   1 0  0 1  0 1  0 0
    64  -.5732559711198802       3   0 1  0 1  0 1  0 0
    65  -.8870956055624415E-03   3   0 0  1 1  0 1  0 0
    66  -.8064166381984403E-03   3   0 0  0 2  0 1  0 0
    67  -.4053407017020051E-03   3   2 0  0 0  0 0  1 0
    68  -.1382331706376763E-02   3   1 1  0 0  0 0  1 0
    69  -.9406867255604389E-03   3   0 2  0 0  0 0  1 0
    70  0.3520352418216174E-01   3   1 0  1 0  0 0  1 0
    71  -.2809105964667389       3   0 1  1 0  0 0  1 0
    72  -.1083905503601870E-03   3   0 0  2 0  0 0  1 0
    73  -.2977626875423036       3   1 0  0 1  0 0  1 0
    74  -.5724845102505649       3   0 1  0 1  0 0  1 0
    75  -.8859017941038443E-03   3   0 0  1 1  0 0  1 0
    76  -.8053314006918523E-03   3   0 0  0 2  0 0  1 0
    77  0.1488810685936773E-02   3   2 0  0 0  0 0  0 1
    78  0.2763333687032566E-02   3   1 1  0 0  0 0  0 1
    79  0.1320552275533165E-02   3   0 2  0 0  0 0  0 1
    80  0.6168170735727827       3   1 0  1 0  0 0  0 1
    81  0.5622019323525974       3   0 1  1 0  0 0  0 1
    82  0.7384198478319114E-03   3   0 0  2 0  0 0  0 1
    83  0.5959288452843206       3   1 0  0 1  0 0  0 1
    84  0.5468839646558921       3   0 1  0 1  0 0  0 1
    85  0.1775103093926175E-02   3   0 0  1 1  0 0  0 1
    86  0.9451739229794801E-03   3   0 0  0 2  0 0  0 1
    87  0.1982685012705311E-05   3   1 0  0 0  0 2  0 0
    88  0.2194734574510936E-04   3   0 1  0 0  0 2  0 0
    89  0.5259489141050708E-01   3   0 0  1 0  0 2  0 0
    90  -.4893554584789492       3   0 0  0 1  0 2  0 0
    91  0.1458035299580887E-05   3   1 0  0 0  0 1  1 0
    92  0.1643801973024429E-04   3   0 1  0 0  0 1  1 0
    93  0.3370750669607497E-01   3   0 0  1 0  0 1  1 0
    94  -.2871458269371843       3   0 0  0 1  0 1  1 0
    95  0.1979035731061594E-05   3   1 0  0 0  0 0  2 0
    96  0.2190674928543775E-04   3   0 1  0 0  0 0  2 0
    97  0.5250143069739200E-01   3   0 0  1 0  0 0  2 0
    98  -.4885036933048632       3   0 0  0 1  0 0  2 0
    99  -.5627488248238992E-05   3   1 0  0 0  0 1  0 1
   100  -.3305011756127778E-04   3   0 1  0 0  0 1  0 1
   101  -.1388970529234787       3   0 0  1 0  0 1  0 1
   102  0.5737473827081440       3   0 0  0 1  0 1  0 1
   103  -.5619915039768839E-05   3   1 0  0 0  0 0  1 1
   104  -.3300564027066188E-04   3   0 1  0 0  0 0  1 1
   105  -.1387101318156453       3   0 0  1 0  0 0  1 1
   106  0.5729752605202729       3   0 0  0 1  0 0  1 1
   107  0.5792621603305786E-05   3   1 0  0 0  0 0  0 2
   108  0.5614303824788352E-05   3   0 1  0 0  0 0  0 2
   109  0.1388034774727897       3   0 0  1 0  0 0  0 2
   110  0.1182825262022801       3   0 0  0 1  0 0  0 2
   111  0.3467767350072341E-05   3   0 0  0 0  0 3  0 0
   112  0.1955669182254134E-05   3   0 0  0 0  0 2  1 0
   113  0.1958712127477046E-05   3   0 0  0 0  0 1  2 0
   114  0.3459453064692495E-05   3   0 0  0 0  0 0  3 0
   115  -.8136567576695529E-05   3   0 0  0 0  0 2  0 1
   116  -.5117283586576231E-05   3   0 0  0 0  0 1  1 1
   117  -.8122174467973158E-05   3   0 0  0 0  0 0  2 1
   118  0.5114121146513535E-05   3   0 0  0 0  0 1  0 2
   119  0.5107238803294736E-05   3   0 0  0 0  0 0  1 2
   120  0.3123181263918409E-06   3   0 0  0 0  0 0  0 3
   121  -.5665212828179248E-02   4   4 0  0 0  0 0  0 0
   122  -.2079785642411596E-01   4   3 1  0 0  0 0  0 0
   123  -.2889585649562491E-01   4   2 2  0 0  0 0  0 0
   124  -.1752998870212687E-01   4   1 3  0 0  0 0  0 0
   125  -.3866254875074821E-02   4   0 4  0 0  0 0  0 0
   126   152.1448235789862       4   3 0  1 0  0 0  0 0
   127   423.8759863618664       4   2 1  1 0  0 0  0 0
   128   395.6769131427314       4   1 2  1 0  0 0  0 0
   129   124.0403051892579       4   0 3  1 0  0 0  0 0
   130  0.3245388139225017E-01   4   2 0  2 0  0 0  0 0
   131  0.6279942192004966E-01   4   1 1  2 0  0 0  0 0
   132  0.3021626041727595E-01   4   0 2  2 0  0 0  0 0
   133  -105.6670759494566       4   1 0  3 0  0 0  0 0
   134  -95.85477332897518       4   0 1  3 0  0 0  0 0
   135  -.4940142159780721E-02   4   0 0  4 0  0 0  0 0
   136   144.7888814210235       4   3 0  0 1  0 0  0 0
   137   406.0982773321650       4   2 1  0 1  0 0  0 0
   138   381.8720893198519       4   1 2  0 1  0 0  0 0
   139   120.6531673924995       4   0 3  0 1  0 0  0 0
   140  0.6441854413625474E-01   4   2 0  1 1  0 0  0 0
   141  0.1255080462652461       4   1 1  1 1  0 0  0 0
   142  0.6169750958860581E-01   4   0 2  1 1  0 0  0 0
   143  -295.0017158906496       4   1 0  2 1  0 0  0 0
   144  -269.8509432176719       4   0 1  2 1  0 0  0 0
   145  -.1709248747096415E-01   4   0 0  3 1  0 0  0 0
   146  0.3137423908364418E-01   4   2 0  0 2  0 0  0 0
   147  0.6182028821192839E-01   4   1 1  0 2  0 0  0 0
   148  0.3113282319638002E-01   4   0 2  0 2  0 0  0 0
   149  -277.1427438468937       4   1 0  1 2  0 0  0 0
   150  -255.2970074170151       4   0 1  1 2  0 0  0 0
   151  -.2226441283270831E-01   4   0 0  2 2  0 0  0 0
   152  -87.28593233059463       4   1 0  0 3  0 0  0 0
   153  -80.86135555979941       4   0 1  0 3  0 0  0 0
   154  -.1249661948378227E-01   4   0 0  1 3  0 0  0 0
   155  -.2296292186894480E-02   4   0 0  0 4  0 0  0 0
   156  -.1570965619804800E-02   4   3 0  0 0  0 1  0 0
   157  0.1190151194116722E-01   4   2 1  0 0  0 1  0 0
   158  0.2636134737024156E-01   4   1 2  0 0  0 1  0 0
   159  0.1298411964593269E-01   4   0 3  0 0  0 1  0 0
   160   6.131324317595022       4   2 0  1 0  0 1  0 0
   161   22.59898394828481       4   1 1  1 0  0 1  0 0
   162   16.68480879667854       4   0 2  1 0  0 1  0 0
   163  0.2990758712439559E-02   4   1 0  2 0  0 1  0 0
   164  -.8172816579787608E-02   4   0 1  2 0  0 1  0 0
   165  0.5036986479839280       4   0 0  3 0  0 1  0 0
   166   10.54407756137181       4   2 0  0 1  0 1  0 0
   167   30.58344600374718       4   1 1  0 1  0 1  0 0
   168   21.79284596295429       4   0 2  0 1  0 1  0 0
   169  -.1613512971954020E-01   4   1 0  1 1  0 1  0 0
   170  -.3502765557028407E-01   4   0 1  1 1  0 1  0 0
   171   4.980693386985012       4   0 0  2 1  0 1  0 0
   172  -.1777293187614692E-01   4   1 0  0 2  0 1  0 0
   173  -.2591747157918568E-01   4   0 1  0 2  0 1  0 0
   174   7.778152925146824       4   0 0  1 2  0 1  0 0
   175   4.044456385893274       4   0 0  0 3  0 1  0 0
   176  -.1568851488310711E-02   4   3 0  0 0  0 0  1 0
   177  0.1188549544729562E-01   4   2 1  0 0  0 0  1 0
   178  0.2632587151131797E-01   4   1 2  0 0  0 0  1 0
   179  0.1296664622963354E-01   4   0 3  0 0  0 0  1 0
   180   6.123073070287707       4   2 0  1 0  0 0  1 0
   181   22.56857130074044       4   1 1  1 0  0 0  1 0
   182   16.66235516732778       4   0 2  1 0  0 0  1 0
   183  0.2986733890313932E-02   4   1 0  2 0  0 0  1 0
   184  -.8161817988406022E-02   4   0 1  2 0  0 0  1 0
   185  0.5030207940819675       4   0 0  3 0  0 0  1 0
   186   10.52988783871488       4   2 0  0 1  0 0  1 0
   187   30.54228824346321       4   1 1  0 1  0 0  1 0
   188   21.76351817791859       4   0 2  0 1  0 0  1 0
   189  -.1611341582238596E-01   4   1 0  1 1  0 0  1 0
   190  -.3498051700221384E-01   4   0 1  1 1  0 0  1 0
   191   4.973990604556759       4   0 0  2 1  0 0  1 0
   192  -.1774901390203727E-01   4   1 0  0 2  0 0  1 0
   193  -.2588259306738254E-01   4   0 1  0 2  0 0  1 0
   194   7.767685453511808       4   0 0  1 2  0 0  1 0
   195   4.039013547097764       4   0 0  0 3  0 0  1 0
   196  0.6335947259129889E-03   4   3 0  0 0  0 0  0 1
   197  0.1806978930502785E-02   4   2 1  0 0  0 0  0 1
   198  0.1730992137133674E-02   4   1 2  0 0  0 0  0 1
   199  0.5878262457559062E-03   4   0 3  0 0  0 0  0 1
   200  -23.46858177414701       4   2 0  1 0  0 0  0 1
   201  -45.13999572850948       4   1 1  1 0  0 0  0 1
   202  -22.08208883027032       4   0 2  1 0  0 0  0 1
   203  -.1680585640191219E-02   4   1 0  2 0  0 0  0 1
   204  -.1611056990922595E-02   4   0 1  2 0  0 0  0 1
   205  -3.087722679445588       4   0 0  3 0  0 0  0 1
   206  -21.05943408612652       4   2 0  0 1  0 0  0 1
   207  -41.37577264559156       4   1 1  0 1  0 0  0 1
   208  -21.31547233257813       4   0 2  0 1  0 0  0 1
   209  -.3314749595192904E-02   4   1 0  1 1  0 0  0 1
   210  -.3290302538274287E-02   4   0 1  1 1  0 0  0 1
   211  -9.964260236172125       4   0 0  2 1  0 0  0 1
   212  -.1623021451333806E-02   4   1 0  0 2  0 0  0 1
   213  -.1629223313827096E-02   4   0 1  0 2  0 0  0 1
   214  -9.713753533792591       4   0 0  1 2  0 0  0 1
   215  -3.596380287196289       4   0 0  0 3  0 0  0 1
   216  -.1928688436532567E-03   4   2 0  0 0  0 2  0 0
   217  0.1761408313682019E-03   4   1 1  0 0  0 2  0 0
   218  0.3969852145007771E-03   4   0 2  0 0  0 2  0 0
   219  -.2624414869268223E-01   4   1 0  1 0  0 2  0 0
   220  0.1945362331825451       4   0 1  1 0  0 2  0 0
   221  -.1449772425328378E-03   4   0 0  2 0  0 2  0 0
   222  0.2111063180359565       4   1 0  0 1  0 2  0 0
   223  0.5550770120710370       4   0 1  0 1  0 2  0 0
   224  0.3287326935214107E-03   4   0 0  1 1  0 2  0 0
   225  0.6937284942313948E-03   4   0 0  0 2  0 2  0 0
   226  -.1988748661179265E-03   4   2 0  0 0  0 1  1 0
   227  0.3426466238166542E-03   4   1 1  0 0  0 1  1 0
   228  0.6952292671931686E-03   4   0 2  0 0  0 1  1 0
   229  -.1832187774534376E-01   4   1 0  1 0  0 1  1 0
   230  0.1065581011017382       4   0 1  1 0  0 1  1 0
   231  -.1301027275761569E-03   4   0 0  2 0  0 1  1 0
   232  0.1230586304558919       4   1 0  0 1  0 1  1 0
   233  0.5352007221932841       4   0 1  0 1  0 1  1 0
   234  0.2840873372645192E-03   4   0 0  1 1  0 1  1 0
   235  0.8005003476394771E-03   4   0 0  0 2  0 1  1 0
   236  -.1924754716419748E-03   4   2 0  0 0  0 0  2 0
   237  0.1756732304995992E-03   4   1 1  0 0  0 0  2 0
   238  0.3959831671169832E-03   4   0 2  0 0  0 0  2 0
   239  -.2619650219442076E-01   4   1 0  1 0  0 0  2 0
   240  0.1942027350528264       4   0 1  1 0  0 0  2 0
   241  -.1446945959327563E-03   4   0 0  2 0  0 0  2 0
   242  0.2107394178495822       4   1 0  0 1  0 0  2 0
   243  0.5539698916336698       4   0 1  0 1  0 0  2 0
   244  0.3280991448801450E-03   4   0 0  1 1  0 0  2 0
   245  0.6922562692973604E-03   4   0 0  0 2  0 0  2 0
   246  0.4442641568687845E-03   4   2 0  0 0  0 1  0 1
   247  -.1069950524336181E-03   4   1 1  0 0  0 1  0 1
   248  -.4505862587034022E-03   4   0 2  0 0  0 1  0 1
   249  0.7221738059058574E-01   4   1 0  1 0  0 1  0 1
   250  -.2118868002999562       4   0 1  1 0  0 1  0 1
   251  0.2642328843165295E-03   4   0 0  2 0  0 1  0 1
   252  -.2451649597225189       4   1 0  0 1  0 1  0 1
   253  -.4953555016202654       4   0 1  0 1  0 1  0 1
   254  -.2832479101388378E-03   4   0 0  1 1  0 1  0 1
   255  -.6323864901098359E-03   4   0 0  0 2  0 1  0 1
   256  0.4436662871039143E-03   4   2 0  0 0  0 0  1 1
   257  -.1068510635345544E-03   4   1 1  0 0  0 0  1 1
   258  -.4499798809518354E-03   4   0 2  0 0  0 0  1 1
   259  0.7212019384327426E-01   4   1 0  1 0  0 0  1 1
   260  -.2116016530299916       4   0 1  1 0  0 0  1 1
   261  0.2638772921536806E-03   4   0 0  2 0  0 0  1 1
   262  -.2448350282739486       4   1 0  0 1  0 0  1 1
   263  -.4946888755314809       4   0 1  0 1  0 0  1 1
   264  -.2828667284503844E-03   4   0 0  1 1  0 0  1 1
   265  -.6315354541747889E-03   4   0 0  0 2  0 0  1 1
   266  -.3042374388543014E-03   4   2 0  0 0  0 0  0 2
   267  -.5735189807276574E-03   4   1 1  0 0  0 0  0 2
   268  -.2682029784366365E-03   4   0 2  0 0  0 0  0 2
   269  -.7357385075099990E-01   4   1 0  1 0  0 0  0 2
   270  -.7110743202760214E-01   4   0 1  1 0  0 0  0 2
   271  -.1080332635091536E-03   4   0 0  2 0  0 0  0 2
   272  -.5461988261840683E-01   4   1 0  0 1  0 0  0 2
   273  -.5398891878723606E-01   4   0 1  0 1  0 0  0 2
   274  -.2392500454035773E-03   4   0 0  1 1  0 0  0 2
   275  -.1251173459892924E-03   4   0 0  0 2  0 0  0 2
   276  -.4254170850160849E-05   4   1 0  0 0  0 3  0 0
   277  -.2441581520751534E-04   4   0 1  0 0  0 3  0 0
   278  -.4313268525569314E-01   4   0 0  1 0  0 3  0 0
   279  0.3884767514347084       4   0 0  0 1  0 3  0 0
   280  -.2960216101338619E-05   4   1 0  0 0  0 2  1 0
   281  -.1751283723200093E-04   4   0 1  0 0  0 2  1 0
   282  -.2423963905692953E-01   4   0 0  1 0  0 2  1 0
   283  0.1868304717073183       4   0 0  0 1  0 2  1 0
   284  -.2962816559537766E-05   4   1 0  0 0  0 1  2 0
   285  -.1752670545826264E-04   4   0 1  0 0  0 1  2 0
   286  -.2427765994046780E-01   4   0 0  1 0  0 1  2 0
   287  0.1872364654706213       4   0 0  0 1  0 1  2 0
   288  -.4243594082279639E-05   4   1 0  0 0  0 0  3 0
   289  -.2435476063998067E-04   4   0 1  0 0  0 0  3 0
   290  -.4302932807336354E-01   4   0 0  1 0  0 0  3 0
   291  0.3875670167102355       4   0 0  0 1  0 0  3 0
   292  0.5840871567193127E-05   4   1 0  0 0  0 2  0 1
   293  0.3141963587330133E-04   4   0 1  0 0  0 2  0 1
   294  0.1010607842771411       4   0 0  1 0  0 2  0 1
   295  -.3735204913513235       4   0 0  0 1  0 2  0 1
   296  0.4663018431269017E-05   4   1 0  0 0  0 1  1 1
   297  0.2521521991412591E-04   4   0 1  0 0  0 1  1 1
   298  0.6333643083894470E-01   4   0 0  1 0  0 1  1 1
   299  -.1738192900682414       4   0 0  0 1  0 1  1 1
   300  0.5829873562286530E-05   4   1 0  0 0  0 0  2 1
   301  0.3136038608082764E-04   4   0 1  0 0  0 0  2 1
   302  0.1008821638446504       4   0 0  1 0  0 0  2 1
   303  -.3729008661730966       4   0 0  0 1  0 0  2 1
   304  -.1119164721398753E-05   4   1 0  0 0  0 1  0 2
   305  -.3203541432028665E-05   4   0 1  0 0  0 1  0 2
   306  -.6328992356146590E-01   4   0 0  1 0  0 1  0 2
   307  -.1133314940121865       4   0 0  0 1  0 1  0 2
   308  -.1117658602261088E-05   4   1 0  0 0  0 0  1 2
   309  -.3199230256947109E-05   4   0 1  0 0  0 0  1 2
   310  -.6320475096508769E-01   4   0 0  1 0  0 0  1 2
   311  -.1131789778286733       4   0 0  0 1  0 0  1 2
   312  0.2889613493757806E-06   4   1 0  0 0  0 0  0 3
   313  0.2357155045644487E-06   4   0 1  0 0  0 0  0 3
   314  -.4105270537634868E-02   4   0 0  1 0  0 0  0 3
   315  -.3353656801420196E-02   4   0 0  0 1  0 0  0 3
   316  -.6713506733974619E-05   4   0 0  0 0  0 4  0 0
   317  -.3459271192327264E-05   4   0 0  0 0  0 3  1 0
   318  -.3027447829718892E-05   4   0 0  0 0  0 2  2 0
   319  -.3468583664047923E-05   4   0 0  0 0  0 1  3 0
   320  -.6693120221631366E-05   4   0 0  0 0  0 0  4 0
   321  0.7192000947561208E-05   4   0 0  0 0  0 3  0 1
   322  0.3615870703479795E-05   4   0 0  0 0  0 2  1 1
   323  0.3623070047179244E-05   4   0 0  0 0  0 1  2 1
   324  0.7175053212504934E-05   4   0 0  0 0  0 0  3 1
   325  0.5478251808705997E-06   4   0 0  0 0  0 2  0 2
   326  0.6522039100388301E-06   4   0 0  0 0  0 1  1 2
   327  0.5466490909178721E-06   4   0 0  0 0  0 0  2 2
   328  0.4268965290446300E-08   4   0 0  0 0  0 1  0 3
   329  0.4263220318147778E-08   4   0 0  0 0  0 0  1 3
   330  -.1254614230407893E-13   4   0 0  0 0  0 0  0 4
   ----------------------------------------------------
     I  COEFFICIENT            ORDER EXPONENTS
     1  0.8581873971357667E-08   0   0 0  0 0  0 0  0 0
     2  -.2717397152259051E-05   1   1 0  0 0  0 0  0 0
     3  -.3474303727278604E-05   1   0 1  0 0  0 0  0 0
     4  0.2043335999780280E-04   1   0 0  1 0  0 0  0 0
     5  0.2833669794810018E-05   1   0 0  0 1  0 0  0 0
     6   1.000000000000000       1   0 0  0 0  1 0  0 0
     7  0.2859789910746541       1   0 0  0 0  0 1  0 0
     8  -.2859789893553207       1   0 0  0 0  0 0  1 0
     9  -.1719339112445037E-08   1   0 0  0 0  0 0  0 1
    10  -.1516924927846425       2   2 0  0 0  0 0  0 0
    11  -.4786904007068107       2   1 1  0 0  0 0  0 0
    12  -.5921883925539013       2   0 2  0 0  0 0  0 0
    13  -.1009308210246596E-04   2   1 0  1 0  0 0  0 0
    14  -.1527962318593406E-04   2   0 1  1 0  0 0  0 0
    15  -.1172950293390972       2   0 0  2 0  0 0  0 0
    16  -.1517817860594137E-04   2   1 0  0 1  0 0  0 0
    17  -.1904648997403433E-04   2   0 1  0 1  0 0  0 0
    18  -.2905364062033363E-01   2   0 0  1 1  0 0  0 0
    19  -.2187822721144470       2   0 0  0 2  0 0  0 0
    20  0.4048493914608735E-05   2   1 0  0 0  0 1  0 0
    21  0.6345132508786852E-05   2   0 1  0 0  0 1  0 0
    22  -.2936753688783344E-04   2   0 0  1 0  0 1  0 0
    23  -.1282974089135587E-04   2   0 0  0 1  0 1  0 0
    24  0.1332968556834372E-05   2   1 0  0 0  0 0  1 0
    25  0.2871657707367533E-05   2   0 1  0 0  0 0  1 0
    26  -.8949625028399869E-05   2   0 0  1 0  0 0  1 0
    27  -.9986437058698039E-05   2   0 0  0 1  0 0  1 0
    28  -.5381502337700402E-05   2   1 0  0 0  0 0  0 1
    29  -.5742574379565912E-05   2   0 1  0 0  0 0  0 1
    30  0.3831717967235929E-04   2   0 0  1 0  0 0  0 1
    31  0.1998253118763233E-04   2   0 0  0 1  0 0  0 1
    32  -.2146286624793678       2   0 0  0 0  0 2  0 0
    33  0.1432783314635159       2   0 0  0 0  0 1  1 0
    34  0.7135032859452219E-01   2   0 0  0 0  0 0  2 0
    35  0.2420731113630038E-08   2   0 0  0 0  0 1  0 1
    36  0.7028067008381783E-09   2   0 0  0 0  0 0  1 1
    37  -.7021507316222710E-09   2   0 0  0 0  0 0  0 2
    38  0.7453296077179584E-01   3   3 0  0 0  0 0  0 0
    39  0.2511474920846127       3   2 1  0 0  0 0  0 0
    40  0.2708061040037723       3   1 2  0 0  0 0  0 0
    41  0.9484691318324474E-01   3   0 3  0 0  0 0  0 0
    42  0.4376348360711164E-03   3   2 0  1 0  0 0  0 0
    43  0.7796554205797979E-03   3   1 1  1 0  0 0  0 0
    44  0.4936127147306990E-03   3   0 2  1 0  0 0  0 0
    45  0.4370716478217102E-01   3   1 0  2 0  0 0  0 0
    46  0.6284986413728280E-04   3   0 1  2 0  0 0  0 0
    47  0.1414846037364728E-03   3   0 0  3 0  0 0  0 0
    48  0.3089401595277997E-03   3   2 0  0 1  0 0  0 0
    49  0.5223974863079783E-03   3   1 1  0 1  0 0  0 0
    50  0.3296097340177327E-03   3   0 2  0 1  0 0  0 0
    51  0.2079229738612294E-02   3   1 0  1 1  0 0  0 0
    52  -.6715085079487600E-01   3   0 1  1 1  0 0  0 0
    53  0.4351637402533296E-03   3   0 0  2 1  0 0  0 0
    54  -.3441008731907154E-01   3   1 0  0 2  0 0  0 0
    55  -.6193103535661570E-01   3   0 1  0 2  0 0  0 0
    56  0.4263513214343788E-03   3   0 0  1 2  0 0  0 0
    57  0.1273958224190623E-03   3   0 0  0 3  0 0  0 0
    58  0.2371303471275215       3   2 0  0 0  0 1  0 0
    59  0.8770089150357088       3   1 1  0 0  0 1  0 0
    60   1.114597459579106       3   0 2  0 0  0 1  0 0
    61  0.1521696989307116E-04   3   1 0  1 0  0 1  0 0
    62  0.2779855552542103E-04   3   0 1  1 0  0 1  0 0
    63  0.1682670598910499       3   0 0  2 0  0 1  0 0
    64  0.2766668326026891E-04   3   1 0  0 1  0 1  0 0
    65  0.4280655612986634E-04   3   0 1  0 1  0 1  0 0
    66  0.1418915107436530       3   0 0  1 1  0 1  0 0
    67  0.3410504725662022       3   0 0  0 2  0 1  0 0
    68  0.8552688563676014E-01   3   2 0  0 0  0 0  1 0
    69  0.3984261405046712       3   1 1  0 0  0 0  1 0
    70  0.5225021285600970       3   0 2  0 0  0 0  1 0
    71  0.5109254414715254E-05   3   1 0  1 0  0 0  1 0
    72  0.1245326517047706E-04   3   0 1  1 0  0 0  1 0
    73  0.5106116130534601E-01   3   0 0  2 0  0 0  1 0
    74  0.1246034856727337E-04   3   1 0  0 1  0 0  1 0
    75  0.2367456055380126E-04   3   0 1  0 1  0 0  1 0
    76  0.1127251932282961       3   0 0  1 1  0 0  1 0
    77  0.1223977448203052       3   0 0  0 2  0 0  1 0
    78  -.3226575262988630       3   2 0  0 0  0 0  0 1
    79  -.7967454683955888       3   1 1  0 0  0 0  0 1
    80  -.4527234871389896       3   0 2  0 0  0 0  0 1
    81  -.2028277461433352E-04   3   1 0  1 0  0 0  0 1
    82  -.2483671980454031E-04   3   0 1  1 0  0 0  0 1
    83  -.2193283789857177       3   0 0  2 0  0 0  0 1
    84  -.2486865343151648E-04   3   1 0  0 1  0 0  0 1
    85  -.2819001375273749E-04   3   0 1  0 1  0 0  0 1
    86  -.2255632655770069       3   0 0  1 1  0 0  0 1
    87  -.2588378190935656E-01   3   0 0  0 2  0 0  0 1
    88  -.5028033415136048E-05   3   1 0  0 0  0 2  0 0
    89  -.9043393535379236E-05   3   0 1  0 0  0 2  0 0
    90  0.3546642324050243E-04   3   0 0  1 0  0 2  0 0
    91  0.2407754162972880E-04   3   0 0  0 1  0 2  0 0
    92  -.1960323822231231E-05   3   1 0  0 0  0 1  1 0
    93  -.5397547082173625E-05   3   0 1  0 0  0 1  1 0
    94  0.1220955772862210E-04   3   0 0  1 0  0 1  1 0
    95  0.2249608804463666E-04   3   0 0  0 1  0 1  1 0
    96  -.9815595289100397E-06   3   1 0  0 0  0 0  2 0
    97  -.2699401820473945E-05   3   0 1  0 0  0 0  2 0
    98  0.6116285478614652E-05   3   0 0  1 0  0 0  2 0
    99  0.1124151822912537E-04   3   0 0  0 1  0 0  2 0
   100  0.7967149068618908E-05   3   1 0  0 0  0 1  0 1
   101  0.1079349707918796E-04   3   0 1  0 0  0 1  0 1
   102  -.5377938699927495E-04   3   0 0  1 0  0 1  0 1
   103  -.4499644252491765E-04   3   0 0  0 1  0 1  0 1
   104  0.2589532222762752E-05   3   1 0  0 0  0 0  1 1
   105  0.5052066059515669E-05   3   0 1  0 0  0 0  1 1
   106  -.1549414120866242E-04   3   0 0  1 0  0 0  1 1
   107  -.2500819918567546E-04   3   0 0  0 1  0 0  1 1
   108  -.2587531716842121E-05   3   1 0  0 0  0 0  0 2
   109  -.2180247606590536E-05   3   0 1  0 0  0 0  0 2
   110  0.1547944993884670E-04   3   0 0  1 0  0 0  0 2
   111  0.1502102375375409E-04   3   0 0  0 1  0 0  0 2
   112  0.1788813493729177       3   0 0  0 0  0 3  0 0
   113  -.1073867923187239       3   0 0  0 0  0 2  1 0
   114  -.3589155510691939E-01   3   0 0  0 0  0 1  2 0
   115  -.3560303935282624E-01   3   0 0  0 0  0 0  3 0
   116  -.2697841695949046E-08   3   0 0  0 0  0 2  0 1
   117  -.1250208094962704E-10   3   0 0  0 0  0 1  1 1
   118  -.8057902097047479E-11   3   0 0  0 0  0 0  2 1
   119  0.4113624691995585E-09   3   0 0  0 0  0 1  0 2
   120  0.4078474980161916E-10   3   0 0  0 0  0 0  1 2
   121  0.7108876578972021E-10   3   0 0  0 0  0 0  0 3
   122  -.8136212309556503       4   4 0  0 0  0 0  0 0
   123  -4.252636390351846       4   3 1  0 0  0 0  0 0
   124  -8.652017762037563       4   2 2  0 0  0 0  0 0
   125  -7.989470255857238       4   1 3  0 0  0 0  0 0
   126  -3.055834122052631       4   0 4  0 0  0 0  0 0
   127  0.4662385043027674E-03   4   3 0  1 0  0 0  0 0
   128  0.3023348791805589E-02   4   2 1  1 0  0 0  0 0
   129  0.4271770713034962E-02   4   1 2  1 0  0 0  0 0
   130  0.1725152054768715E-02   4   0 3  1 0  0 0  0 0
   131  -2.926233555570853       4   2 0  2 0  0 0  0 0
   132  -5.743926383885864       4   1 1  2 0  0 0  0 0
   133  -3.512539613072943       4   0 2  2 0  0 0  0 0
   134  0.2770176364295428E-02   4   1 0  3 0  0 0  0 0
   135  0.2002237473681926E-02   4   0 1  3 0  0 0  0 0
   136  -.5381296927787500       4   0 0  4 0  0 0  0 0
   137  0.1117254332081255E-02   4   3 0  0 1  0 0  0 0
   138  0.4694422788800031E-02   4   2 1  0 1  0 0  0 0
   139  0.5728990911095309E-02   4   1 2  0 1  0 0  0 0
   140  0.2153687737007557E-02   4   0 3  0 1  0 0  0 0
   141  -4.314299663699976       4   2 0  1 1  0 0  0 0
   142  -7.816840812017747       4   1 1  1 1  0 0  0 0
   143  -4.576248872800876       4   0 2  1 1  0 0  0 0
   144  0.6380440220603115E-02   4   1 0  2 1  0 0  0 0
   145  0.4407557354039939E-02   4   0 1  2 1  0 0  0 0
   146  -1.835192622604128       4   0 0  3 1  0 0  0 0
   147  -1.425737814602042       4   2 0  0 2  0 0  0 0
   148  -2.735762449904712       4   1 1  0 2  0 0  0 0
   149  -2.099835626521725       4   0 2  0 2  0 0  0 0
   150  0.4683277209815720E-02   4   1 0  1 2  0 0  0 0
   151  0.2965020556553242E-02   4   0 1  1 2  0 0  0 0
   152  -2.374275067211457       4   0 0  2 2  0 0  0 0
   153  0.1032597474909398E-02   4   1 0  0 3  0 0  0 0
   154  0.5205418611583189E-03   4   0 1  0 3  0 0  0 0
   155  -1.304100307401636       4   0 0  1 3  0 0  0 0
   156  -.3661067742618257       4   0 0  0 4  0 0  0 0
   157  -.1221996538221869       4   3 0  0 0  0 1  0 0
   158  -.5111694285090067       4   2 1  0 0  0 1  0 0
   159  -.6683953321742009       4   1 2  0 0  0 1  0 0
   160  -.2772674478084043       4   0 3  0 0  0 1  0 0
   161  0.7763506390790696E-05   4   2 0  1 0  0 1  0 0
   162  -.3580163920234072E-03   4   1 1  1 0  0 1  0 0
   163  -.4993888757740429E-03   4   0 2  1 0  0 1  0 0
   164  -.5882846237995228E-01   4   1 0  2 0  0 1  0 0
   165  -.1547616634007931E-01   4   0 1  2 0  0 1  0 0
   166  -.8988255300713391E-04   4   0 0  3 0  0 1  0 0
   167  -.9700046450662300E-04   4   2 0  0 1  0 1  0 0
   168  -.2535518745211616E-03   4   1 1  0 1  0 1  0 0
   169  -.2852176564718210E-03   4   0 2  0 1  0 1  0 0
   170  -.3476865047373093E-01   4   1 0  1 1  0 1  0 0
   171  0.1024371414671143       4   0 1  1 1  0 1  0 0
   172  -.3919975607089764E-03   4   0 0  2 1  0 1  0 0
   173  0.5302578182055262E-01   4   1 0  0 2  0 1  0 0
   174  0.1388229429634346       4   0 1  0 2  0 1  0 0
   175  -.6626885580141311E-03   4   0 0  1 2  0 1  0 0
   176  -.3034868080422139E-03   4   0 0  0 3  0 1  0 0
   177  -.4723779011027224E-01   4   3 0  0 0  0 0  1 0
   178  -.2580978605354692       4   2 1  0 0  0 0  1 0
   179  -.3949335313705112       4   1 2  0 0  0 0  1 0
   180  -.1812013762411174       4   0 3  0 0  0 0  1 0
   181  -.9710780395024278E-05   4   2 0  1 0  0 0  1 0
   182  -.4324275510879516E-03   4   1 1  1 0  0 0  1 0
   183  -.4733367103239001E-03   4   0 2  1 0  0 0  1 0
   184  -.1499331144819713E-01   4   1 0  2 0  0 0  1 0
   185  -.1485402356508088E-01   4   0 1  2 0  0 0  1 0
   186  -.6100388555787297E-04   4   0 0  3 0  0 0  1 0
   187  -.1373487271582949E-03   4   2 0  0 1  0 0  1 0
   188  -.4284432808603683E-03   4   1 1  0 1  0 0  1 0
   189  -.3678277297199220E-03   4   0 2  0 1  0 0  1 0
   190  -.3240922714336501E-01   4   1 0  1 1  0 0  1 0
   191  0.3610597453079237E-01   4   0 1  1 1  0 0  1 0
   192  -.2867364657925230E-03   4   0 0  2 1  0 0  1 0
   193  0.1879003656461670E-01   4   1 0  0 2  0 0  1 0
   194  0.7727095871934291E-01   4   0 1  0 2  0 0  1 0
   195  -.4934510990002097E-03   4   0 0  1 2  0 0  1 0
   196  -.2332576523538432E-03   4   0 0  0 3  0 0  1 0
   197  0.1688557486034918       4   3 0  0 0  0 0  0 1
   198  0.5149956207432422       4   2 1  0 0  0 0  0 1
   199  0.5168060712283705       4   1 2  0 0  0 0  0 1
   200  0.1712947444825998       4   0 3  0 0  0 0  0 1
   201  0.8703999277186192E-04   4   2 0  1 0  0 0  0 1
   202  0.2773166543964537E-03   4   1 1  1 0  0 0  0 1
   203  0.2852794746408811E-03   4   0 2  1 0  0 0  0 1
   204  0.7351545726618072E-01   4   1 0  2 0  0 0  0 1
   205  0.2918578429524339E-01   4   0 1  2 0  0 0  0 1
   206  0.1890827605221712E-03   4   0 0  3 0  0 0  0 1
   207  -.8731734414997672E-04   4   2 0  0 1  0 0  0 1
   208  -.1682443412968901E-03   4   1 1  0 1  0 0  0 1
   209  0.1714740099518334E-04   4   0 2  0 1  0 0  0 1
   210  0.6462391903837927E-01   4   1 0  1 1  0 0  0 1
   211  -.5770691152204464E-02   4   0 1  1 1  0 0  0 1
   212  0.3858151986356499E-03   4   0 0  2 1  0 0  0 1
   213  -.3370067466043190E-02   4   1 0  0 2  0 0  0 1
   214  -.3126029752549199E-01   4   0 1  0 2  0 0  0 1
   215  0.3001642624444406E-03   4   0 0  1 2  0 0  0 1
   216  0.1101450036219918E-03   4   0 0  0 3  0 0  0 1
   217  -.3063386715981917       4   2 0  0 0  0 2  0 0
   218  -1.264265229239974       4   1 1  0 0  0 2  0 0
   219  -1.660353020413629       4   0 2  0 0  0 2  0 0
   220  -.2203706316936093E-04   4   1 0  1 0  0 2  0 0
   221  -.4916550391358417E-04   4   0 1  1 0  0 2  0 0
   222  -.2029042384422873       4   0 0  2 0  0 2  0 0
   223  -.4985610349489076E-04   4   1 0  0 1  0 2  0 0
   224  -.8599430167024612E-04   4   0 1  0 1  0 2  0 0
   225  -.2692252339679200       4   0 0  1 1  0 2  0 0
   226  -.4598483767632555       4   0 0  0 2  0 2  0 0
   227  -.1384268754198320       4   2 0  0 0  0 1  1 0
   228  -.7744803024852007       4   1 1  0 0  0 1  1 0
   229  -1.091419201881438       4   0 2  0 0  0 1  1 0
   230  -.8717650544966727E-05   4   1 0  1 0  0 1  1 0
   231  -.2727099812961560E-04   4   0 1  1 0  0 1  1 0
   232  -.6934175699518613E-01   4   0 0  2 0  0 1  1 0
   233  -.2801489825245620E-04   4   1 0  0 1  0 1  1 0
   234  -.6150503484817673E-04   4   0 1  0 1  0 1  1 0
   235  -.2546708433397668       4   0 0  1 1  0 1  1 0
   236  -.2376255592517904       4   0 0  0 2  0 1  1 0
   237  -.6927957037670789E-01   4   2 0  0 0  0 0  2 0
   238  -.3873080595060742       4   1 1  0 0  0 0  2 0
   239  -.5457237866565112       4   0 2  0 0  0 0  2 0
   240  -.4397378823740493E-05   4   1 0  1 0  0 0  2 0
   241  -.1367557950246820E-04   4   0 1  1 0  0 0  2 0
   242  -.3473722195593836E-01   4   0 0  2 0  0 0  2 0
   243  -.1403637239355076E-04   4   1 0  0 1  0 0  2 0
   244  -.3075979812272981E-04   4   0 1  0 1  0 0  2 0
   245  -.1272593060377173       4   0 0  1 1  0 0  2 0
   246  -.1188819664908654       4   0 0  0 2  0 0  2 0
   247  0.5139357377373956       4   2 0  0 0  0 1  0 1
   248   1.548915688249782       4   1 1  0 0  0 1  0 1
   249   1.068293043962211       4   0 2  0 0  0 1  0 1
   250  0.2780782637750637E-04   4   1 0  1 0  0 1  0 1
   251  0.4919262579067605E-04   4   0 1  1 0  0 1  0 1
   252  0.3069053675177283       4   0 0  2 0  0 1  0 1
   253  0.5037308745349309E-04   4   1 0  0 1  0 1  0 1
   254  0.7290140449934691E-04   4   0 1  0 1  0 1  0 1
   255  0.5093839593347382       4   0 0  1 1  0 1  0 1
   256  0.1341948318645285       4   0 0  0 2  0 1  0 1
   257  0.1914433788858494       4   2 0  0 0  0 0  1 1
   258  0.7522093244295849       4   1 1  0 0  0 0  1 1
   259  0.6153409463752182       4   0 2  0 0  0 0  1 1
   260  0.9413200101432077E-05   4   1 0  1 0  0 0  1 1
   261  0.2262685621247614E-04   4   0 1  1 0  0 0  1 1
   262  0.8776155241153379E-01   4   0 0  2 0  0 0  1 1
   263  0.2343529395645756E-04   4   1 0  0 1  0 0  1 1
   264  0.3991866789772480E-04   4   0 1  0 1  0 0  1 1
   265  0.2837550584868040       4   0 0  1 1  0 0  1 1
   266  0.1082058368425223       4   0 0  0 2  0 0  1 1
   267  -.1913467698031872       4   2 0  0 0  0 0  0 2
   268  -.3537905634768748       4   1 1  0 0  0 0  0 2
   269  -.1627191421450483       4   0 2  0 0  0 0  0 2
   270  -.7160892536742307E-05   4   1 0  1 0  0 0  0 2
   271  -.6471934255741370E-05   4   0 1  1 0  0 0  0 2
   272  -.8767630217208258E-01   4   0 0  2 0  0 0  0 2
   273  -.6963981394417286E-05   4   1 0  0 1  0 0  0 2
   274  -.6343836990571373E-05   4   0 1  0 1  0 0  0 2
   275  -.1710193961154114       4   0 0  1 1  0 0  0 2
   276  -.8238098008361860E-01   4   0 0  0 2  0 0  0 2
   277  -.9493189141998284E-04   4   1 0  0 0  0 3  0 0
   278  -.1852908241767467E-03   4   0 1  0 0  0 3  0 0
   279  -.4702869463667803E-04   4   0 0  1 0  0 3  0 0
   280  -.2847699254524573E-04   4   0 0  0 1  0 3  0 0
   281  -.4704632730888170E-04   4   1 0  0 0  0 2  1 0
   282  -.8909636577244321E-04   4   0 1  0 0  0 2  1 0
   283  -.1600900237196434E-04   4   0 0  1 0  0 2  1 0
   284  -.3175726627797190E-04   4   0 0  0 1  0 2  1 0
   285  -.2924833071298630E-04   4   1 0  0 0  0 1  2 0
   286  -.5505511719334459E-04   4   0 1  0 0  0 1  2 0
   287  -.8994481524065163E-05   4   0 0  1 0  0 1  2 0
   288  -.2174527994625277E-04   4   0 0  0 1  0 1  2 0
   289  -.1570500106981739E-04   4   1 0  0 0  0 0  3 0
   290  -.2974611122996544E-04   4   0 1  0 0  0 0  3 0
   291  -.5354831077781221E-05   4   0 0  1 0  0 0  3 0
   292  -.1057637692345552E-04   4   0 0  0 1  0 0  3 0
   293  0.8207702398894113E-04   4   1 0  0 0  0 2  0 1
   294  0.6846157009349241E-04   4   0 1  0 0  0 2  0 1
   295  0.5293797241207810E-04   4   0 0  1 0  0 2  0 1
   296  0.7562917249143806E-04   4   0 0  0 1  0 2  0 1
   297  0.4078967091930247E-04   4   1 0  0 0  0 1  1 1
   298  0.3502025480595071E-04   4   0 1  0 0  0 1  1 1
   299  0.1476691669347043E-04   4   0 0  1 0  0 1  1 1
   300  0.5096149760347575E-04   4   0 0  0 1  0 1  1 1
   301  0.2040873810682651E-04   4   1 0  0 0  0 0  2 1
   302  0.1752066180723547E-04   4   0 1  0 0  0 0  2 1
   303  0.7404247118790060E-05   4   0 0  1 0  0 0  2 1
   304  0.2548047166297597E-04   4   0 0  0 1  0 0  2 1
   305  -.2208061397955681E-06   4   1 0  0 0  0 1  0 2
   306  0.1135393497991419E-05   4   0 1  0 0  0 1  0 2
   307  -.7607574011396295E-05   4   0 0  1 0  0 1  0 2
   308  -.1534401549008400E-04   4   0 0  0 1  0 1  0 2
   309  -.1748197962178547E-05   4   1 0  0 0  0 0  1 2
   310  -.3069609689455916E-06   4   0 1  0 0  0 0  1 2
   311  -.4505138374327782E-06   4   0 0  1 0  0 0  1 2
   312  -.7929264655104089E-05   4   0 0  0 1  0 0  1 2
   313  -.3556973551305801E-07   4   1 0  0 0  0 0  0 3
   314  -.1357938159212061E-07   4   0 1  0 0  0 0  0 3
   315  -.1618097515875819E-05   4   0 0  1 0  0 0  0 3
   316  -.1461936100506759E-05   4   0 0  0 1  0 0  0 3
   317  -.1565302496586766       4   0 0  0 0  0 4  0 0
   318  0.8947684494112008E-01   4   0 0  0 0  0 3  1 0
   319  0.2686485640589501E-01   4   0 0  0 0  0 2  2 0
   320  0.1798162776243299E-01   4   0 0  0 0  0 1  3 0
   321  0.2220686191767279E-01   4   0 0  0 0  0 0  4 0
   322  0.3713419371603830E-08   4   0 0  0 0  0 3  0 1
   323  0.2171479404494167E-08   4   0 0  0 0  0 2  1 1
   324  0.1764628340536564E-08   4   0 0  0 0  0 1  2 1
   325  0.6161017124848388E-09   4   0 0  0 0  0 0  3 1
   326  -.4957914806615266E-09   4   0 0  0 0  0 2  0 2
   327  -.9274724333400002E-10   4   0 0  0 0  0 1  1 2
   328  -.4637772709042243E-10   4   0 0  0 0  0 0  2 2
   329  -.1358345548183565E-09   4   0 0  0 0  0 1  0 3
   330  -.6475419636246165E-10   4   0 0  0 0  0 0  1 3
   331  -.4909496025436338E-11   4   0 0  0 0  0 0  0 4
   ----------------------------------------------------
     I  COEFFICIENT            ORDER EXPONENTS
     1   1.000000000000000       1   0 0  0 0  0 1  0 0
     --------------------------------------------------
     I  COEFFICIENT            ORDER EXPONENTS
     1   1.000000000000000       1   0 0  0 0  0 0  1 0
     --------------------------------------------------
     I  COEFFICIENT            ORDER EXPONENTS
     1   1.000000000000000       1   0 0  0 0  0 0  0 1
     --------------------------------------------------
