 L    0.1145458000000000E+01
 P (  0.0000000000000000E+00,  0.0000000000000000E+00,  0.9555200000000000E-01)
 A (  0.0000000000000000E+00,  0.0000000000000000E+00,  0.0000000000000000E+00)
     I  COEFFICIENT            ORDER EXPONENTS
     1  0.9448443977502672E-04   0   0 0  0 0  0 0  0 0
     2   1.422287060762425       1   1 0  0 0  0 0  0 0
     3   1.520562045910056       1   0 1  0 0  0 0  0 0
     4  0.1261294337461074E-04   1   0 0  1 0  0 0  0 0
     5  0.1107961134637601E-04   1   0 0  0 1  0 0  0 0
     6  -.8087405276350305E-06   1   0 0  0 0  0 1  0 0
     7  -.8076521627478042E-06   1   0 0  0 0  0 0  1 0
     8  0.1616392691810735E-05   1   0 0  0 0  0 0  0 1
     9  -.1015851722346286       2   2 0  0 0  0 0  0 0
    10  -.1817445506208059       2   1 1  0 0  0 0  0 0
    11  -.8173094991903397E-01   2   0 2  0 0  0 0  0 0
    12  0.4052669150676545E-03   2   1 0  1 0  0 0  0 0
    13  0.1200859596517435E-03   2   0 1  1 0  0 0  0 0
    14  0.8077978367116773E-01   2   0 0  2 0  0 0  0 0
    15  0.3830832040180934E-03   2   1 0  0 1  0 0  0 0
    16  0.1593923630871832E-03   2   0 1  0 1  0 0  0 0
    17  0.1443409545865272       2   0 0  1 1  0 0  0 0
    18  0.6497954021729321E-01   2   0 0  0 2  0 0  0 0
    19  -.2233636941989760       2   1 0  0 0  0 1  0 0
    20  -.9585521128964875       2   0 1  0 0  0 1  0 0
    21  -.6763820485106922E-05   2   0 0  1 0  0 1  0 0
    22  -.1151697816263596E-04   2   0 0  0 1  0 1  0 0
    23  -.2230631018660897       2   1 0  0 0  0 0  1 0
    24  -.9572621386379481       2   0 1  0 0  0 0  1 0
    25  -.6754718054265896E-05   2   0 0  1 0  0 0  1 0
    26  -.1150147915620111E-04   2   0 0  0 1  0 0  1 0
    27  0.4464267960867202       2   1 0  0 0  0 0  0 1
    28  0.3952522056464454       2   0 1  0 0  0 0  0 1
    29  0.1351852217373375E-04   2   0 0  1 0  0 0  0 1
    30  0.1193883032345330E-04   2   0 0  0 1  0 0  0 1
    31  0.5113910297323710E-06   2   0 0  0 0  0 2  0 0
    32  0.2148549984481394E-06   2   0 0  0 0  0 1  1 0
    33  0.5105582528559411E-06   2   0 0  0 0  0 0  2 0
    34  -.4289532698073136E-06   2   0 0  0 0  0 1  0 1
    35  -.4283760047126519E-06   2   0 0  0 0  0 0  1 1
    36  -.3795279118893286E-06   2   0 0  0 0  0 0  0 2
    37  0.5845581532224267       3   3 0  0 0  0 0  0 0
    38   3.581856795141238       3   2 1  0 0  0 0  0 0
    39   5.511758674224152       3   1 2  0 0  0 0  0 0
    40   3.247068369974450       3   0 3  0 0  0 0  0 0
    41  -.8359751451693480E-02   3   2 0  1 0  0 0  0 0
    42  -.1482840729221973E-01   3   1 1  1 0  0 0  0 0
    43  -.6591941946846607E-02   3   0 2  1 0  0 0  0 0
    44  -1.010481485053082       3   1 0  2 0  0 0  0 0
    45  0.2406818308221499       3   0 1  2 0  0 0  0 0
    46  0.2190309369998567E-02   3   0 0  3 0  0 0  0 0
    47  -.7552991118135467E-02   3   2 0  0 1  0 0  0 0
    48  -.1349552867663797E-01   3   1 1  0 1  0 0  0 0
    49  -.6038431333429239E-02   3   0 2  0 1  0 0  0 0
    50  -2.621930685166648       3   1 0  1 1  0 0  0 0
    51  -.6852469728630499       3   0 1  1 1  0 0  0 0
    52  0.5867430385632231E-02   3   0 0  2 1  0 0  0 0
    53  -1.088851532006792       3   1 0  0 2  0 0  0 0
    54  0.3605870067545824       3   0 1  0 2  0 0  0 0
    55  0.5288901492508068E-02   3   0 0  1 2  0 0  0 0
    56  0.1610073615534655E-02   3   0 0  0 3  0 0  0 0
    57  0.5944257946417905E-01   3   2 0  0 0  0 1  0 0
    58  0.1970370775325263       3   1 1  0 0  0 1  0 0
    59  0.1293546740678101       3   0 2  0 0  0 1  0 0
    60  -.2626061825762156E-03   3   1 0  1 0  0 1  0 0
    61  -.1527429999625194E-03   3   0 1  1 0  0 1  0 0
    62  -.3832812016002247E-01   3   0 0  2 0  0 1  0 0
    63  -.4702964781697242E-03   3   1 0  0 1  0 1  0 0
    64  -.3001061925386910E-03   3   0 1  0 1  0 1  0 0
    65  -.1403768616430145       3   0 0  1 1  0 1  0 0
    66  -.9559715009368791E-01   3   0 0  0 2  0 1  0 0
    67  0.5936258444216822E-01   3   2 0  0 0  0 0  1 0
    68  0.1967719143196194       3   1 1  0 0  0 0  1 0
    69  0.1291805946437246       3   0 2  0 0  0 0  1 0
    70  -.2622527795519053E-03   3   1 0  1 0  0 0  1 0
    71  -.1525374456316988E-03   3   0 1  1 0  0 0  1 0
    72  -.3827653998225285E-01   3   0 0  2 0  0 0  1 0
    73  -.4696635753337095E-03   3   1 0  0 1  0 0  1 0
    74  -.2997023237682886E-03   3   0 1  0 1  0 0  1 0
    75  -.1401879490783476       3   0 0  1 1  0 0  1 0
    76  -.9546849995442941E-01   3   0 0  0 2  0 0  1 0
    77  -.1188053557823416       3   2 0  0 0  0 0  0 1
    78  -.2120647529064102       3   1 1  0 0  0 0  0 1
    79  -.9507349420027300E-01   3   0 2  0 0  0 0  0 1
    80  0.5243169445967660E-03   3   1 0  1 0  0 0  0 1
    81  0.1846359058414935E-03   3   0 1  1 0  0 0  0 1
    82  0.7660478541462909E-01   3   0 0  2 0  0 0  0 1
    83  0.5563135144128965E-03   3   1 0  0 1  0 0  0 1
    84  0.2804408250321066E-03   3   0 1  0 1  0 0  0 1
    85  0.1362240522434920       3   0 0  1 1  0 0  0 1
    86  0.6110664492258897E-01   3   0 0  0 2  0 0  0 1
    87  0.1736638997352091       3   1 0  0 0  0 2  0 0
    88  0.8228522820882613       3   0 1  0 0  0 2  0 0
    89  0.5315526774851907E-05   3   0 0  1 0  0 2  0 0
    90  0.1187002677647025E-04   3   0 0  0 1  0 2  0 0
    91  0.1240975365582243       3   1 0  0 0  0 1  1 0
    92  0.6875161153623595       3   0 1  0 0  0 1  1 0
    93  0.3823685801469089E-05   3   0 0  1 0  0 1  1 0
    94  0.1216658304947058E-04   3   0 0  0 1  0 1  1 0
    95  0.1733466887353486       3   1 0  0 0  0 0  2 0
    96  0.8212823128734403       3   0 1  0 0  0 0  2 0
    97  0.5305800521432887E-05   3   0 0  1 0  0 0  2 0
    98  0.1184586604683336E-04   3   0 0  0 1  0 0  2 0
    99  -.2480619238553037       3   1 0  0 0  0 1  0 1
   100  -.4161171192561349       3   0 1  0 0  0 1  0 1
   101  -.7606736149214072E-05   3   0 0  1 0  0 1  0 1
   102  -.1273071213328901E-04   3   0 0  0 1  0 1  0 1
   103  -.2477280938089325       3   1 0  0 0  0 0  1 1
   104  -.4155571284479602       3   0 1  0 0  0 0  1 1
   105  -.7596499362197517E-05   3   0 0  1 0  0 0  1 1
   106  -.1271357974087770E-04   3   0 0  0 1  0 0  1 1
   107  0.2468168964417570E-01   3   1 0  0 0  0 0  0 2
   108  0.2058500986784687E-01   3   0 1  0 0  0 0  0 2
   109  0.7987324693379193E-06   3   0 0  1 0  0 0  0 2
   110  0.7501151235775307E-06   3   0 0  0 1  0 0  0 2
   111  -.3610691181327355E-06   3   0 0  0 0  0 3  0 0
   112  -.6072277226451608E-07   3   0 0  0 0  0 2  1 0
   113  -.6132807923221805E-07   3   0 0  0 0  0 1  2 0
   114  -.3602994498356223E-06   3   0 0  0 0  0 0  3 0
   115  0.1209795578156331E-06   3   0 0  0 0  0 2  0 1
   116  -.1860659024601459E-06   3   0 0  0 0  0 1  1 1
   117  0.1209419485247004E-06   3   0 0  0 0  0 0  2 1
   118  0.4009892820397910E-06   3   0 0  0 0  0 1  0 2
   119  0.4004496495619877E-06   3   0 0  0 0  0 0  1 2
   120  -.1414799828796601E-07   3   0 0  0 0  0 0  0 3
   121  -10.69756843292436       4   4 0  0 0  0 0  0 0
   122  -39.41420357307931       4   3 1  0 0  0 0  0 0
   123  -54.82275484610118       4   2 2  0 0  0 0  0 0
   124  -34.19561442743624       4   1 3  0 0  0 0  0 0
   125  -8.084939263422124       4   0 4  0 0  0 0  0 0
   126  -.5733272390668247E-02   4   3 0  1 0  0 0  0 0
   127  -.1511432071457687E-01   4   2 1  1 0  0 0  0 0
   128  -.1380120132280767E-01   4   1 2  1 0  0 0  0 0
   129  -.4382833620128970E-02   4   0 3  1 0  0 0  0 0
   130   48.88856789092670       4   2 0  2 0  0 0  0 0
   131   86.78846393420989       4   1 1  2 0  0 0  0 0
   132   38.85113190437025       4   0 2  2 0  0 0  0 0
   133  0.4426091043812521E-02   4   1 0  3 0  0 0  0 0
   134  0.4013325774555567E-02   4   0 1  3 0  0 0  0 0
   135  -6.478399883720122       4   0 0  4 0  0 0  0 0
   136  -.5300608397787275E-02   4   3 0  0 1  0 0  0 0
   137  -.1378781974096674E-01   4   2 1  0 1  0 0  0 0
   138  -.1197135105262796E-01   4   1 2  0 1  0 0  0 0
   139  -.3498068245117191E-02   4   0 3  0 1  0 0  0 0
   140   88.99187577482215       4   2 0  1 1  0 0  0 0
   141   159.1433066831017       4   1 1  1 1  0 0  0 0
   142   71.82397410956330       4   0 2  1 1  0 0  0 0
   143  0.1144294550899730E-01   4   1 0  2 1  0 0  0 0
   144  0.1028736370876956E-01   4   0 1  2 1  0 0  0 0
   145  -22.92672872514486       4   0 0  3 1  0 0  0 0
   146   40.67804726741390       4   2 0  0 2  0 0  0 0
   147   73.19026689539402       4   1 1  0 2  0 0  0 0
   148   33.25983181635570       4   0 2  0 2  0 0  0 0
   149  0.9867655726853133E-02   4   1 0  1 2  0 0  0 0
   150  0.8780011224496453E-02   4   0 1  1 2  0 0  0 0
   151  -30.61793267982061       4   0 0  2 2  0 0  0 0
   152  0.3137564460021431E-02   4   1 0  0 3  0 0  0 0
   153  0.2741543038512707E-02   4   0 1  0 3  0 0  0 0
   154  -18.21810751112132       4   0 0  1 3  0 0  0 0
   155  -4.059206275546213       4   0 0  0 4  0 0  0 0
   156  -.9183400862212273       4   3 0  0 0  0 1  0 0
   157  -5.902067517085575       4   2 1  0 0  0 1  0 0
   158  -10.94135649452680       4   1 2  0 0  0 1  0 0
   159  -7.195894258664274       4   0 3  0 0  0 1  0 0
   160  0.1081847719737277E-02   4   2 0  1 0  0 1  0 0
   161  0.8456583804751195E-02   4   1 1  1 0  0 1  0 0
   162  0.6599361135913908E-02   4   0 2  1 0  0 1  0 0
   163  0.7604428044659539       4   1 0  2 0  0 1  0 0
   164  -.1404138128335076       4   0 1  2 0  0 1  0 0
   165  -.3180801549766072E-03   4   0 0  3 0  0 1  0 0
   166  0.4252909139660583E-02   4   2 0  0 1  0 1  0 0
   167  0.1345917188402906E-01   4   1 1  0 1  0 1  0 0
   168  0.8579505045758079E-02   4   0 2  0 1  0 1  0 0
   169   3.511130367778003       4   1 0  1 1  0 1  0 0
   170   1.613048792947208       4   0 1  1 1  0 1  0 0
   171  -.3498146061519372E-02   4   0 0  2 1  0 1  0 0
   172   2.200097962002172       4   1 0  0 2  0 1  0 0
   173  -.1800321981545072E-01   4   0 1  0 2  0 1  0 0
   174  -.5521920293449530E-02   4   0 0  1 2  0 1  0 0
   175  -.2402653760643209E-02   4   0 0  0 3  0 1  0 0
   176  -.9171042274130737       4   3 0  0 0  0 0  1 0
   177  -5.894124792775928       4   2 1  0 0  0 0  1 0
   178  -10.92663213260479       4   1 2  0 0  0 0  1 0
   179  -7.186210363301733       4   0 3  0 0  0 0  1 0
   180  0.1080391820061768E-02   4   2 0  1 0  0 0  1 0
   181  0.8445203332811745E-02   4   1 1  1 0  0 0  1 0
   182  0.6590480026714311E-02   4   0 2  1 0  0 0  1 0
   183  0.7594194363781328       4   1 0  2 0  0 0  1 0
   184  -.1402248505416653       4   0 1  2 0  0 0  1 0
   185  -.3176520976946378E-03   4   0 0  3 0  0 0  1 0
   186  0.4247185774973090E-02   4   2 0  0 1  0 0  1 0
   187  0.1344105916481633E-01   4   1 1  0 1  0 0  1 0
   188  0.8567959152205564E-02   4   0 2  0 1  0 0  1 0
   189   3.506405254002892       4   1 0  1 1  0 0  1 0
   190   1.610878027902024       4   0 1  1 1  0 0  1 0
   191  -.3493438421411693E-02   4   0 0  2 1  0 0  1 0
   192   2.197137173851938       4   1 0  0 2  0 0  1 0
   193  -.1797899193067987E-01   4   0 1  0 2  0 0  1 0
   194  -.5514489153357695E-02   4   0 0  1 2  0 0  1 0
   195  -.2399420382445285E-02   4   0 0  0 3  0 0  1 0
   196   1.834034637238950       4   3 0  0 0  0 0  0 1
   197   8.209923276926132       4   2 1  0 0  0 0  0 1
   198   10.83984824841680       4   1 2  0 0  0 0  0 1
   199   4.639277953677437       4   0 3  0 0  0 0  0 1
   200  0.4728355348226050E-03   4   2 0  1 0  0 0  0 1
   201  0.1076118519072766E-02   4   1 1  1 0  0 0  0 1
   202  0.6179972349600080E-03   4   0 2  1 0  0 0  0 1
   203  -1.517222651344338       4   1 0  2 0  0 0  0 1
   204  0.4266025583490490E-01   4   0 1  2 0  0 0  0 1
   205  -.4454521018496832E-04   4   0 0  3 0  0 0  0 1
   206  0.5571707145527662E-03   4   2 0  0 1  0 0  0 1
   207  0.1202470486507424E-02   4   1 1  0 1  0 0  0 1
   208  0.6666671128744688E-03   4   0 2  0 1  0 0  0 1
   209  -4.390143335756608       4   1 0  1 1  0 0  0 1
   210  -1.847811039952406       4   0 1  1 1  0 0  0 1
   211  -.1348950230855666E-03   4   0 0  2 1  0 0  0 1
   212  -2.216696381220740       4   1 0  0 2  0 0  0 1
   213  -1.042847279895021       4   0 1  0 2  0 0  0 1
   214  -.1193681250119981E-03   4   0 0  1 2  0 0  0 1
   215  -.2355555143859690E-04   4   0 0  0 3  0 0  0 1
   216  -.5002509091126819E-01   4   2 0  0 0  0 2  0 0
   217  -.2110083511348264       4   1 1  0 0  0 2  0 0
   218  -.1701295059682412       4   0 2  0 0  0 2  0 0
   219  -.5655574447942215E-05   4   1 0  1 0  0 2  0 0
   220  0.9575813950076721E-04   4   0 1  1 0  0 2  0 0
   221  0.2748961374740169E-01   4   0 0  2 0  0 2  0 0
   222  0.3890118084731454E-03   4   1 0  0 1  0 2  0 0
   223  0.4654735667730565E-03   4   0 1  0 1  0 2  0 0
   224  0.1370880059186492       4   0 0  1 1  0 2  0 0
   225  0.1174013504320890       4   0 0  0 2  0 2  0 0
   226  -.3995262237949448E-01   4   2 0  0 0  0 1  1 0
   227  -.2233464271067563       4   1 1  0 0  0 1  1 0
   228  -.2096608528703203       4   0 2  0 0  0 1  1 0
   229  -.5379896535296245E-04   4   1 0  1 0  0 1  1 0
   230  0.1028443306153542E-03   4   0 1  1 0  0 1  1 0
   231  0.1703724167492919E-01   4   0 0  2 0  0 1  1 0
   232  0.4525056189107373E-03   4   1 0  0 1  0 1  1 0
   233  0.6069269747726637E-03   4   0 1  0 1  0 1  1 0
   234  0.1343347074791280       4   0 0  1 1  0 1  1 0
   235  0.1394251009546579       4   0 0  0 2  0 1  1 0
   236  -.4993088632337227E-01   4   2 0  0 0  0 0  2 0
   237  -.2105741014925242       4   1 1  0 0  0 0  2 0
   238  -.1697594778496255       4   0 2  0 0  0 0  2 0
   239  -.5611763386332046E-05   4   1 0  1 0  0 0  2 0
   240  0.9556007118295347E-04   4   0 1  1 0  0 0  2 0
   241  0.2744115556230675E-01   4   0 0  2 0  0 0  2 0
   242  0.3881838143467606E-03   4   1 0  0 1  0 0  2 0
   243  0.4644387675243227E-03   4   0 1  0 1  0 0  2 0
   244  0.1368131286818429       4   0 0  1 1  0 0  2 0
   245  0.1171495413626179       4   0 0  0 2  0 0  2 0
   246  0.7906175364781376E-01   4   2 0  0 0  0 1  0 1
   247  0.2471523044537109       4   1 1  0 0  0 1  0 1
   248  0.1583074536111211       4   0 2  0 0  0 1  0 1
   249  0.9367795743547313E-04   4   1 0  1 0  0 1  0 1
   250  0.3388829847483825E-04   4   0 1  1 0  0 1  0 1
   251  -.3437046327381429E-01   4   0 0  2 0  0 1  0 1
   252  -.2998697735878363E-03   4   1 0  0 1  0 1  0 1
   253  -.2623678116838000E-03   4   0 1  0 1  0 1  0 1
   254  -.1287112753103619       4   0 0  1 1  0 1  0 1
   255  -.8811015482666687E-01   4   0 0  0 2  0 1  0 1
   256  0.7895535606580598E-01   4   2 0  0 0  0 0  1 1
   257  0.2468196985302618       4   1 1  0 0  0 0  1 1
   258  0.1580944109008231       4   0 2  0 0  0 0  1 1
   259  0.9355189005524591E-04   4   1 0  1 0  0 0  1 1
   260  0.3384269319985110E-04   4   0 1  1 0  0 0  1 1
   261  -.3432420912416413E-01   4   0 0  2 0  0 0  1 1
   262  -.2994662229789145E-03   4   1 0  0 1  0 0  1 1
   263  -.2620147294478026E-03   4   0 1  0 1  0 0  1 1
   264  -.1285380617420014       4   0 0  1 1  0 0  1 1
   265  -.8799158033278887E-01   4   0 0  0 2  0 0  1 1
   266  -.1876194207656219E-01   4   2 0  0 0  0 0  0 2
   267  -.3298430346992012E-01   4   1 1  0 0  0 0  0 2
   268  -.1449164051258750E-01   4   0 2  0 0  0 0  0 2
   269  -.1644534935905485E-03   4   1 0  1 0  0 0  0 2
   270  -.1688709235497696E-03   4   0 1  1 0  0 0  0 2
   271  -.3604565798832404E-02   4   0 0  2 0  0 0  0 2
   272  -.1199794237893501E-03   4   1 0  0 1  0 0  0 2
   273  -.1285235343082983E-03   4   0 1  0 1  0 0  0 2
   274  -.7106135468575149E-02   4   0 0  1 1  0 0  0 2
   275  -.3425309359683132E-02   4   0 0  0 2  0 0  0 2
   276  -.1489032942454001       4   1 0  0 0  0 3  0 0
   277  -.7576858671420836       4   0 1  0 0  0 3  0 0
   278  -.7415524133300837E-05   4   0 0  1 0  0 3  0 0
   279  -.1541333612204460E-04   4   0 0  0 1  0 3  0 0
   280  -.9940783179982085E-01   4   1 0  0 0  0 2  1 0
   281  -.6274259079728152       4   0 1  0 0  0 2  1 0
   282  -.4895644735637279E-05   4   0 0  1 0  0 2  1 0
   283  -.1502007124736068E-04   4   0 0  0 1  0 2  1 0
   284  -.9950734028375595E-01   4   1 0  0 0  0 1  2 0
   285  -.6276867962325977       4   0 1  0 0  0 1  2 0
   286  -.4900711293204431E-05   4   0 0  1 0  0 1  2 0
   287  -.1502082323186039E-04   4   0 0  0 1  0 1  2 0
   288  -.1485359147018789       4   1 0  0 0  0 0  3 0
   289  -.7557347692095554       4   0 1  0 0  0 0  3 0
   290  -.7397265217141923E-05   4   0 0  1 0  0 0  3 0
   291  -.1537212927785529E-04   4   0 0  0 1  0 0  3 0
   292  0.1987786322235086       4   1 0  0 0  0 2  0 1
   293  0.4319134433540590       4   0 1  0 0  0 2  0 1
   294  0.8902218151903674E-05   4   0 0  1 0  0 2  0 1
   295  0.1643625445833728E-04   4   0 0  0 1  0 2  0 1
   296  0.1496234200747527       4   1 0  0 0  0 1  1 1
   297  0.4476623581818339       4   0 1  0 0  0 1  1 1
   298  0.6420810381754112E-05   4   0 0  1 0  0 1  1 1
   299  0.1614111262285103E-04   4   0 0  0 1  0 1  1 1
   300  0.1984104472347605       4   1 0  0 0  0 0  2 1
   301  0.4310309731453463       4   0 1  0 0  0 0  2 1
   302  0.8885917554333866E-05   4   0 0  1 0  0 0  2 1
   303  0.1640327434736933E-04   4   0 0  0 1  0 0  2 1
   304  -.2552204231692739E-01   4   1 0  0 0  0 1  0 2
   305  -.3156215935839184E-01   4   0 1  0 0  0 1  0 2
   306  -.2453974631265004E-06   4   0 0  1 0  0 1  0 2
   307  -.5467356608218561E-06   4   0 0  0 1  0 1  0 2
   308  -.2548769595518926E-01   4   1 0  0 0  0 0  1 2
   309  -.3151968449180021E-01   4   0 1  0 0  0 0  1 2
   310  -.2450672187857985E-06   4   0 0  1 0  0 0  1 2
   311  -.5459998897362750E-06   4   0 0  0 1  0 0  1 2
   312  0.5484260600566238E-03   4   1 0  0 0  0 0  0 3
   313  0.4419572610580120E-03   4   0 1  0 0  0 0  0 3
   314  0.3577018716437296E-07   4   0 0  1 0  0 0  0 3
   315  0.2887703349464105E-07   4   0 0  0 1  0 0  0 3
   316  -.3100180946829965E-04   4   0 0  0 0  0 4  0 0
   317  -.2032129812949983E-04   4   0 0  0 0  0 3  1 0
   318  -.1890616909605202E-04   4   0 0  0 0  0 2  2 0
   319  -.2035181850791507E-04   4   0 0  0 0  0 1  3 0
   320  -.3090474927576325E-04   4   0 0  0 0  0 0  4 0
   321  0.6000032589412899E-05   4   0 0  0 0  0 3  0 1
   322  0.6247723650675280E-05   4   0 0  0 0  0 2  1 1
   323  0.6247207354694168E-05   4   0 0  0 0  0 1  2 1
   324  0.5983722466544357E-05   4   0 0  0 0  0 0  3 1
   325  -.3230171652459997E-06   4   0 0  0 0  0 2  0 2
   326  -.3999216838330438E-06   4   0 0  0 0  0 1  1 2
   327  -.3223133660910580E-06   4   0 0  0 0  0 0  2 2
   328  0.5998906937600307E-08   4   0 0  0 0  0 1  0 3
   329  0.5990833891362375E-08   4   0 0  0 0  0 0  1 3
   330  -.2040143885163780E-14   4   0 0  0 0  0 0  0 4
   ----------------------------------------------------
     I  COEFFICIENT            ORDER EXPONENTS
     1  0.3132421347904404E-04   0   0 0  0 0  0 0  0 0
     2   1.971776479872286       1   1 0  0 0  0 0  0 0
     3   2.811112178821547       1   0 1  0 0  0 0  0 0
     4  0.5640040718604830E-04   1   0 0  1 0  0 0  0 0
     5  0.5180436331190157E-04   1   0 0  0 1  0 0  0 0
     6  0.8869543849363329E-06   1   0 0  0 0  0 1  0 0
     7  0.8857607635256273E-06   1   0 0  0 0  0 0  1 0
     8  0.2955149833717013E-04   1   0 0  0 0  0 0  0 1
     9  -.4943651578318295       2   2 0  0 0  0 0  0 0
    10  -.9074474673495779       2   1 1  0 0  0 0  0 0
    11  -.4187748792284335       2   0 2  0 0  0 0  0 0
    12  0.1772939588645612E-02   2   1 0  1 0  0 0  0 0
    13  0.1260507323377771E-02   2   0 1  1 0  0 0  0 0
    14  0.3599417942479247       2   0 0  2 0  0 0  0 0
    15  0.1537430010747745E-02   2   1 0  0 1  0 0  0 0
    16  0.1107090510796122E-02   2   0 1  0 1  0 0  0 0
    17  0.6612707772325374       2   0 0  1 1  0 0  0 0
    18  0.3065179852550581       2   0 0  0 2  0 0  0 0
    19  -.8453880962075652E-01   2   1 0  0 0  0 1  0 0
    20  -.9777889805262168       2   0 1  0 0  0 1  0 0
    21  -.2525532235684660E-05   2   0 0  1 0  0 1  0 0
    22  -.2838077889064025E-04   2   0 0  0 1  0 1  0 0
    23  -.8442504127494579E-01   2   1 0  0 0  0 0  1 0
    24  -.9764731181978237       2   0 1  0 0  0 0  1 0
    25  -.2522133493426109E-05   2   0 0  1 0  0 0  1 0
    26  -.2834258537594902E-04   2   0 0  0 1  0 0  1 0
    27   2.140740330883530       2   1 0  0 0  0 0  0 1
    28   1.954262098842875       2   0 1  0 0  0 0  0 1
    29  0.6144795648971555E-04   2   0 0  1 0  0 0  0 1
    30  0.5672325070167396E-04   2   0 0  0 1  0 0  0 1
    31  -.6927527795862928E-06   2   0 0  0 0  0 2  0 0
    32  -.4990693922848173E-06   2   0 0  0 0  0 1  1 0
    33  -.6914846935090045E-06   2   0 0  0 0  0 0  2 0
    34  0.1884572089334053E-05   2   0 0  0 0  0 1  0 1
    35  0.1882035921032962E-05   2   0 0  0 0  0 0  1 1
    36  -.1883303230232109E-05   2   0 0  0 0  0 0  0 2
    37  -5.409582955897756       3   3 0  0 0  0 0  0 0
    38  -15.85379192155239       3   2 1  0 0  0 0  0 0
    39  -16.39049617427067       3   1 2  0 0  0 0  0 0
    40  -4.971650829105736       3   0 3  0 0  0 0  0 0
    41  -.4068420457930565E-01   3   2 0  1 0  0 0  0 0
    42  -.7436767503420197E-01   3   1 1  1 0  0 0  0 0
    43  -.3417409194898730E-01   3   0 2  1 0  0 0  0 0
    44  -8.932976913671302       3   1 0  2 0  0 0  0 0
    45  -7.221413726374245       3   0 1  2 0  0 0  0 0
    46  0.9664225378411141E-02   3   0 0  3 0  0 0  0 0
    47  -.3829502058652523E-01   3   2 0  0 1  0 0  0 0
    48  -.7061788743345729E-01   3   1 1  0 1  0 0  0 0
    49  -.3270496397220109E-01   3   0 2  0 1  0 0  0 0
    50  -18.63494434701834       3   1 0  1 1  0 0  0 0
    51  -15.69422038198414       3   0 1  1 1  0 0  0 0
    52  0.2654759081423403E-01   3   0 0  2 1  0 0  0 0
    53  -8.404066033662255       3   1 0  0 2  0 0  0 0
    54  -6.334565346917217       3   0 1  0 2  0 0  0 0
    55  0.2454164338439261E-01   3   0 0  1 2  0 0  0 0
    56  0.7661854649887685E-02   3   0 0  0 3  0 0  0 0
    57  0.5917878310746823E-01   3   2 0  0 0  0 1  0 0
    58  0.5596966556752700       3   1 1  0 0  0 1  0 0
    59  0.4662019266363734       3   0 2  0 0  0 1  0 0
    60  -.7981122215304104E-03   3   1 0  1 0  0 1  0 0
    61  -.1271100306550870E-02   3   0 1  1 0  0 1  0 0
    62  0.1090667755240750E-01   3   0 0  2 0  0 1  0 0
    63  -.1586756423647679E-02   3   1 0  0 1  0 1  0 0
    64  -.1790844779397202E-02   3   0 1  0 1  0 1  0 0
    65  -.3084717085097329       3   0 0  1 1  0 1  0 0
    66  -.2955987600980764       3   0 0  0 2  0 1  0 0
    67  0.5909914309016256E-01   3   2 0  0 0  0 0  1 0
    68  0.5589434422936532       3   1 1  0 0  0 0  1 0
    69  0.4655745340548430       3   0 2  0 0  0 0  1 0
    70  -.7970381597164016E-03   3   1 0  1 0  0 0  1 0
    71  -.1269389719663198E-02   3   0 1  1 0  0 0  1 0
    72  0.1089199985977135E-01   3   0 0  2 0  0 0  1 0
    73  -.1584621041633976E-02   3   1 0  0 1  0 0  1 0
    74  -.1788434744892683E-02   3   0 1  0 1  0 0  1 0
    75  -.3080565818221884       3   0 0  1 1  0 0  1 0
    76  -.2952009572178234       3   0 0  0 2  0 0  1 0
    77  -.6126448239406284       3   2 0  0 0  0 0  0 1
    78  -1.118643008736621       3   1 1  0 0  0 0  0 1
    79  -.5130027924835596       3   0 2  0 0  0 0  0 1
    80  0.3365361379043474E-02   3   1 0  1 0  0 0  0 1
    81  0.2537672140129049E-02   3   0 1  1 0  0 0  0 1
    82  0.3381443257301541       3   0 0  2 0  0 0  0 1
    83  0.3168422431694341E-02   3   1 0  0 1  0 0  0 1
    84  0.2469106963108319E-02   3   0 1  0 1  0 0  0 1
    85  0.6165303200718587       3   0 0  1 1  0 0  0 1
    86  0.2842825743279726       3   0 0  0 2  0 0  0 1
    87  0.6461955207817451E-01   3   1 0  0 0  0 2  0 0
    88  0.7700150669258855       3   0 1  0 0  0 2  0 0
    89  0.1763698178072019E-05   3   0 0  1 0  0 2  0 0
    90  0.2238327528560623E-04   3   0 0  0 1  0 2  0 0
    91  0.4475353066890622E-01   3   1 0  0 0  0 1  1 0
    92  0.5627984359953236       3   0 1  0 0  0 1  1 0
    93  0.1010798363505369E-05   3   0 0  1 0  0 1  1 0
    94  0.1640707710644994E-04   3   0 0  0 1  0 1  1 0
    95  0.6450247653419446E-01   3   1 0  0 0  0 0  2 0
    96  0.7686001231326736       3   0 1  0 0  0 0  2 0
    97  0.1760644533785514E-05   3   0 0  1 0  0 0  2 0
    98  0.2234211299304767E-04   3   0 0  0 1  0 0  2 0
    99  -.1739922150150603       3   1 0  0 0  0 1  0 1
   100  -1.125039253463996       3   0 1  0 0  0 1  0 1
   101  -.4603734394671806E-05   3   0 0  1 0  0 1  0 1
   102  -.3283111370705306E-04   3   0 0  0 1  0 1  0 1
   103  -.1737580644920614       3   1 0  0 0  0 0  1 1
   104  -1.123525228657948       3   0 1  0 0  0 0  1 1
   105  -.4597538905889968E-05   3   0 0  1 0  0 0  1 1
   106  -.3278693114150291E-04   3   0 0  0 1  0 0  1 1
   107  0.1738749016649913       3   1 0  0 0  0 0  0 2
   108  0.1471510002291567       3   0 1  0 0  0 0  0 2
   109  0.4635839357754191E-05   3   0 0  1 0  0 0  0 2
   110  0.4486852161412484E-05   3   0 0  0 1  0 0  0 2
   111  0.5953371728378181E-06   3   0 0  0 0  0 3  0 0
   112  0.4016646252924485E-06   3   0 0  0 0  0 2  1 0
   113  0.4020539610937078E-06   3   0 0  0 0  0 1  2 0
   114  0.5938655015549788E-06   3   0 0  0 0  0 0  3 0
   115  -.1497150624429509E-05   3   0 0  0 0  0 2  0 1
   116  -.1111176608321921E-05   3   0 0  0 0  0 1  1 1
   117  -.1494388145121420E-05   3   0 0  0 0  0 0  2 1
   118  0.1111479497160745E-05   3   0 0  0 0  0 1  0 2
   119  0.1109983720435647E-05   3   0 0  0 0  0 0  1 2
   120  -.1128235307820734E-06   3   0 0  0 0  0 0  0 3
   121  -49.68809495371866       4   4 0  0 0  0 0  0 0
   122  -184.1134427926507       4   3 1  0 0  0 0  0 0
   123  -256.9690637010744       4   2 2  0 0  0 0  0 0
   124  -160.5333476126507       4   1 3  0 0  0 0  0 0
   125  -37.96493142038526       4   0 4  0 0  0 0  0 0
   126  -.2688276885711116E-01   4   3 0  1 0  0 0  0 0
   127  -.7233808653411228E-01   4   2 1  1 0  0 0  0 0
   128  -.6527425640465040E-01   4   1 2  1 0  0 0  0 0
   129  -.1906508363321644E-01   4   0 3  1 0  0 0  0 0
   130   227.5359203706239       4   2 0  2 0  0 0  0 0
   131   412.7955601406388       4   1 1  2 0  0 0  0 0
   132   188.3050052054115       4   0 2  2 0  0 0  0 0
   133  0.2238758529360486E-01   4   1 0  3 0  0 0  0 0
   134  0.2140655207877136E-01   4   0 1  3 0  0 0  0 0
   135  -28.32344537007170       4   0 0  4 0  0 0  0 0
   136  -.2517582775711711E-01   4   3 0  0 1  0 0  0 0
   137  -.6845444113612296E-01   4   2 1  0 1  0 0  0 0
   138  -.6162754588318035E-01   4   1 2  0 1  0 0  0 0
   139  -.1789894486955717E-01   4   0 3  0 1  0 0  0 0
   140   425.0337837002179       4   2 0  1 1  0 0  0 0
   141   776.6440512909552       4   1 1  1 1  0 0  0 0
   142   357.1124121450854       4   0 2  1 1  0 0  0 0
   143  0.6420943478732122E-01   4   1 0  2 1  0 0  0 0
   144  0.6161369132788087E-01   4   0 1  2 1  0 0  0 0
   145  -102.9398682993525       4   0 0  3 1  0 0  0 0
   146   199.7880996389833       4   2 0  0 2  0 0  0 0
   147   367.2014059961828       4   1 1  0 2  0 0  0 0
   148   169.9532059335798       4   0 2  0 2  0 0  0 0
   149  0.6148624338896771E-01   4   1 0  1 2  0 0  0 0
   150  0.5966305858722987E-01   4   0 1  1 2  0 0  0 0
   151  -141.5814294339003       4   0 0  2 2  0 0  0 0
   152  0.2045743208104893E-01   4   1 0  0 3  0 0  0 0
   153  0.2000250505123776E-01   4   0 1  0 3  0 0  0 0
   154  -87.02468693819792       4   0 0  1 3  0 0  0 0
   155  -20.09719845497123       4   0 0  0 4  0 0  0 0
   156   3.808514152034802       4   3 0  0 0  0 1  0 0
   157   18.92070855466652       4   2 1  0 0  0 1  0 0
   158   26.97382025113540       4   1 2  0 0  0 1  0 0
   159   10.81784750789840       4   0 3  0 0  0 1  0 0
   160  -.3805982540254423E-02   4   2 0  1 0  0 1  0 0
   161  0.2521049189290957E-01   4   1 1  1 0  0 1  0 0
   162  0.2618749485897292E-01   4   0 2  1 0  0 1  0 0
   163   3.594713761568278       4   1 0  2 0  0 1  0 0
   164   6.324942870129337       4   0 1  2 0  0 1  0 0
   165  0.8555675518712351E-03   4   0 0  3 0  0 1  0 0
   166  0.1250161969883556E-01   4   2 0  0 1  0 1  0 0
   167  0.5321483190718461E-01   4   1 1  0 1  0 1  0 0
   168  0.3844538939485543E-01   4   0 2  0 1  0 1  0 0
   169   17.26848182840900       4   1 0  1 1  0 1  0 0
   170   22.09710453488976       4   0 1  1 1  0 1  0 0
   171  -.9010254707343623E-02   4   0 0  2 1  0 1  0 0
   172   12.53441305015973       4   1 0  0 2  0 1  0 0
   173   12.93017018492873       4   0 1  0 2  0 1  0 0
   174  -.1863868430846019E-01   4   0 0  1 2  0 1  0 0
   175  -.8995757285177392E-02   4   0 0  0 3  0 1  0 0
   176   3.803388833178026       4   3 0  0 0  0 0  1 0
   177   18.89524595679570       4   2 1  0 0  0 0  1 0
   178   26.93752015507348       4   1 2  0 0  0 0  1 0
   179   10.80328935854974       4   0 3  0 0  0 0  1 0
   180  -.3800860628321508E-02   4   2 0  1 0  0 0  1 0
   181  0.2517656480104941E-01   4   1 1  1 0  0 0  1 0
   182  0.2615225296256560E-01   4   0 2  1 0  0 0  1 0
   183   3.589876165200959       4   1 0  2 0  0 0  1 0
   184   6.316431060098962       4   0 1  2 0  0 0  1 0
   185  0.8544161693814319E-03   4   0 0  3 0  0 0  1 0
   186  0.1248479560822578E-01   4   2 0  0 1  0 0  1 0
   187  0.5314321789433202E-01   4   1 1  0 1  0 0  1 0
   188  0.3839365140167625E-01   4   0 2  0 1  0 0  1 0
   189   17.24524271939970       4   1 0  1 1  0 0  1 0
   190   22.06736729300718       4   0 1  1 1  0 0  1 0
   191  -.8998129131197078E-02   4   0 0  2 1  0 0  1 0
   192   12.51754482780326       4   1 0  0 2  0 0  1 0
   193   12.91276937127169       4   0 1  0 2  0 0  1 0
   194  -.1861360124552862E-01   4   0 0  1 2  0 0  1 0
   195  -.8983651218978355E-02   4   0 0  0 3  0 0  1 0
   196  -13.02705215070445       4   3 0  0 0  0 0  0 1
   197  -37.83368061925511       4   2 1  0 0  0 0  0 1
   198  -37.53979790573790       4   1 2  0 0  0 0  0 1
   199  -11.68463198777455       4   0 3  0 0  0 0  0 1
   200  0.5958637503742251E-03   4   2 0  1 0  0 0  0 1
   201  0.1205825050037678E-02   4   1 1  1 0  0 0  0 1
   202  0.6132595642049881E-03   4   0 2  1 0  0 0  0 1
   203  -16.10482107026781       4   1 0  2 0  0 0  0 1
   204  -12.62844417372441       4   0 1  2 0  0 0  0 1
   205  -.4294766575195202E-03   4   0 0  3 0  0 0  0 1
   206  0.6312308801117216E-03   4   2 0  0 1  0 0  0 1
   207  0.1133893288044484E-02   4   1 1  0 1  0 0  0 1
   208  0.5489694837216674E-03   4   0 2  0 1  0 0  0 1
   209  -34.48643868697624       4   1 0  1 1  0 0  0 1
   210  -28.44216419984184       4   0 1  1 1  0 0  0 1
   211  -.1305568367130700E-02   4   0 0  2 1  0 0  0 1
   212  -16.63314846898778       4   1 0  0 2  0 0  0 1
   213  -13.15846830343860       4   0 1  0 2  0 0  0 1
   214  -.1299107773103028E-02   4   0 0  1 2  0 0  0 1
   215  -.3924179802805930E-03   4   0 0  0 3  0 0  0 1
   216  -.4610969925227609E-01   4   2 0  0 0  0 2  0 0
   217  -.4744329372652346       4   1 1  0 0  0 2  0 0
   218  -.5019589211683038       4   0 2  0 0  0 2  0 0
   219  -.3344779760394978E-03   4   1 0  1 0  0 2  0 0
   220  0.4077755177098312E-03   4   0 1  1 0  0 2  0 0
   221  -.7168997799888582E-02   4   0 0  2 0  0 2  0 0
   222  0.6915511393058892E-03   4   1 0  0 1  0 2  0 0
   223  0.1465016923907690E-02   4   0 1  0 1  0 2  0 0
   224  0.2221956361452423       4   0 0  1 1  0 2  0 0
   225  0.2881940108490182       4   0 0  0 2  0 2  0 0
   226  -.3396960057349636E-01   4   2 0  0 0  0 1  1 0
   227  -.3919106637732023       4   1 1  0 0  0 1  1 0
   228  -.5390657232726270       4   0 2  0 0  0 1  1 0
   229  -.4030226584473161E-03   4   1 0  1 0  0 1  1 0
   230  0.4943823403364846E-03   4   0 1  1 0  0 1  1 0
   231  -.3294344921314781E-02   4   0 0  2 0  0 1  1 0
   232  0.7946548692785359E-03   4   1 0  0 1  0 1  1 0
   233  0.2026151853041552E-02   4   0 1  0 1  0 1  1 0
   234  0.1361519718974664       4   0 0  1 1  0 1  1 0
   235  0.2807874051418305       4   0 0  0 2  0 1  1 0
   236  -.4602478964833610E-01   4   2 0  0 0  0 0  2 0
   237  -.4735307603269137       4   1 1  0 0  0 0  2 0
   238  -.5009206838861530       4   0 2  0 0  0 0  2 0
   239  -.3337566668927759E-03   4   1 0  1 0  0 0  2 0
   240  0.4068940944087962E-03   4   0 1  1 0  0 0  2 0
   241  -.7157133413443618E-02   4   0 0  2 0  0 0  2 0
   242  0.6900857778381427E-03   4   1 0  0 1  0 0  2 0
   243  0.1461682023338134E-02   4   0 1  0 1  0 0  2 0
   244  0.2218050022762561       4   0 0  1 1  0 0  2 0
   245  0.2876172377029373       4   0 0  0 2  0 0  2 0
   246  0.1274048509531754       4   2 0  0 0  0 1  0 1
   247  0.7853817651829212       4   1 1  0 0  0 1  0 1
   248  0.6133171407380819       4   0 2  0 0  0 1  0 1
   249  0.5379533483728924E-03   4   1 0  1 0  0 1  0 1
   250  -.6825275434086766E-03   4   0 1  1 0  0 1  0 1
   251  0.1758579950164191E-01   4   0 0  2 0  0 1  0 1
   252  -.9898979279420773E-03   4   1 0  0 1  0 1  0 1
   253  -.1826035675736925E-02   4   0 1  0 1  0 1  0 1
   254  -.2715543691112848       4   0 0  1 1  0 1  0 1
   255  -.2657717497619670       4   0 0  0 2  0 1  0 1
   256  0.1272333955091452       4   2 0  0 0  0 0  1 1
   257  0.7843248354170982       4   1 1  0 0  0 0  1 1
   258  0.6124917674347120       4   0 2  0 0  0 0  1 1
   259  0.5372293961095153E-03   4   1 0  1 0  0 0  1 1
   260  -.6816090300071661E-03   4   0 1  1 0  0 0  1 1
   261  0.1756213336146298E-01   4   0 0  2 0  0 0  1 1
   262  -.9885657699629257E-03   4   1 0  0 1  0 0  1 1
   263  -.1823578282982598E-02   4   0 1  0 1  0 0  1 1
   264  -.2711889240392485       4   0 0  1 1  0 0  1 1
   265  -.2654140866665258       4   0 0  0 2  0 0  1 1
   266  -.1285348846023651       4   2 0  0 0  0 0  0 2
   267  -.2287868728956569       4   1 1  0 0  0 0  0 2
   268  -.1017590376210535       4   0 2  0 0  0 0  0 2
   269  -.4768066852884391E-05   4   1 0  1 0  0 0  0 2
   270  -.2509439914897043E-04   4   0 1  1 0  0 0  0 2
   271  -.1752700008966251E-01   4   0 0  2 0  0 0  0 2
   272  -.4419648601627046E-05   4   1 0  0 1  0 0  0 2
   273  -.2058088100257705E-04   4   0 1  0 1  0 0  0 2
   274  -.3716338640236727E-01   4   0 0  1 1  0 0  0 2
   275  -.1887732027159698E-01   4   0 0  0 2  0 0  0 2
   276  -.5469249760035116E-01   4   1 0  0 0  0 3  0 0
   277  -.6667258216371943       4   0 1  0 0  0 3  0 0
   278  -.3133786759341857E-05   4   0 0  1 0  0 3  0 0
   279  -.2406004490574991E-04   4   0 0  0 1  0 3  0 0
   280  -.3481426021688424E-01   4   1 0  0 0  0 2  1 0
   281  -.4602436706895445       4   0 1  0 0  0 2  1 0
   282  -.1587602231336328E-05   4   0 0  1 0  0 2  1 0
   283  -.1639825522130513E-04   4   0 0  0 1  0 2  1 0
   284  -.3485423843311054E-01   4   1 0  0 0  0 1  2 0
   285  -.4606586703994214       4   0 1  0 0  0 1  2 0
   286  -.1590714891568698E-05   4   0 0  1 0  0 1  2 0
   287  -.1641365617356455E-04   4   0 0  0 1  0 1  2 0
   288  -.5455869961831311E-01   4   1 0  0 0  0 0  3 0
   289  -.6650706798076782       4   0 1  0 0  0 0  3 0
   290  -.3126393986848562E-05   4   0 0  1 0  0 0  3 0
   291  -.2400045747279428E-04   4   0 0  0 1  0 0  3 0
   292  0.1342322396395551       4   1 0  0 0  0 2  0 1
   293  0.9203396122198663       4   0 1  0 0  0 2  0 1
   294  0.3816265694344367E-05   4   0 0  1 0  0 2  0 1
   295  0.3008706480168506E-04   4   0 0  0 1  0 2  0 1
   296  0.9455179763232907E-01   4   1 0  0 0  0 1  1 1
   297  0.7161614382870554       4   0 1  0 0  0 1  1 1
   298  0.2159048285646131E-05   4   0 0  1 0  0 1  1 1
   299  0.2277778170406288E-04   4   0 0  0 1  0 1  1 1
   300  0.1339879745410034       4   1 0  0 0  0 0  2 1
   301  0.9186191743877792       4   0 1  0 0  0 0  2 1
   302  0.3809677171112064E-05   4   0 0  1 0  0 0  2 1
   303  0.3003124841526042E-04   4   0 0  0 1  0 0  2 1
   304  -.9448141597013746E-01   4   1 0  0 0  0 1  0 2
   305  -.1533466062407841       4   0 1  0 0  0 1  0 2
   306  -.3512481967251172E-06   4   0 0  1 0  0 1  0 2
   307  -.2100822171625275E-05   4   0 0  0 1  0 1  0 2
   308  -.9435426733327834E-01   4   1 0  0 0  0 0  1 2
   309  -.1531402396050794       4   0 1  0 0  0 0  1 2
   310  -.3507755034556678E-06   4   0 0  1 0  0 0  1 2
   311  -.2097994984154979E-05   4   0 0  0 1  0 0  1 2
   312  0.4983548747358233E-02   4   1 0  0 0  0 0  0 3
   313  0.4058606000587769E-02   4   0 1  0 0  0 0  0 3
   314  0.3253349233462766E-06   4   0 0  1 0  0 0  0 3
   315  0.2665270668964635E-06   4   0 0  0 1  0 0  0 3
   316  -.2502090968532477E-04   4   0 0  0 0  0 4  0 0
   317  -.1558500555020232E-04   4   0 0  0 0  0 3  1 0
   318  -.1433388742285571E-04   4   0 0  0 0  0 2  2 0
   319  -.1561198129529282E-04   4   0 0  0 0  0 1  3 0
   320  -.2494312227499429E-04   4   0 0  0 0  0 0  4 0
   321  0.3022987611263014E-04   4   0 0  0 0  0 3  0 1
   322  0.2055655059747143E-04   4   0 0  0 0  0 2  1 1
   323  0.2057599533409533E-04   4   0 0  0 0  0 1  2 1
   324  0.3015503983156719E-04   4   0 0  0 0  0 0  3 1
   325  -.1887260265419739E-05   4   0 0  0 0  0 2  0 2
   326  -.2279989773856745E-05   4   0 0  0 0  0 1  1 2
   327  -.1883186328105297E-05   4   0 0  0 0  0 0  2 2
   328  0.1337316822244132E-07   4   0 0  0 0  0 1  0 3
   329  0.1335517124290313E-07   4   0 0  0 0  0 0  1 3
   330  0.4184626232175023E-13   4   0 0  0 0  0 0  0 4
   ----------------------------------------------------
     I  COEFFICIENT            ORDER EXPONENTS
     1  0.1646040458642842E-05   0   0 0  0 0  0 0  0 0
     2  0.1243502972774381E-04   1   1 0  0 0  0 0  0 0
     3  0.1098047208787068E-04   1   0 1  0 0  0 0  0 0
     4  0.6238756118536894       1   0 0  1 0  0 0  0 0
     5  0.8089428406895366       1   0 0  0 1  0 0  0 0
     6  -.1523876124785138E-04   1   0 0  0 0  0 1  0 0
     7  -.1521825364114195E-04   1   0 0  0 0  0 0  1 0
     8  0.3045701488906217E-04   1   0 0  0 0  0 0  0 1
     9  0.2503883888944940E-03   2   2 0  0 0  0 0  0 0
    10  0.4728509900297172E-03   2   1 1  0 0  0 0  0 0
    11  0.2535335301723906E-03   2   0 2  0 0  0 0  0 0
    12  0.1613595021677862       2   1 0  1 0  0 0  0 0
    13  0.1439340067007960       2   0 1  1 0  0 0  0 0
    14  -.2721378671957684E-04   2   0 0  2 0  0 0  0 0
    15  0.1464956577185059       2   1 0  0 1  0 0  0 0
    16  0.1315279148363364       2   0 1  0 1  0 0  0 0
    17  0.9214742454044842E-05   2   0 0  1 1  0 0  0 0
    18  0.6473247420646948E-04   2   0 0  0 2  0 0  0 0
    19  -.6571904185590977E-05   2   1 0  0 0  0 1  0 0
    20  -.1132886622042566E-04   2   0 1  0 0  0 1  0 0
    21  0.1771572963440129       2   0 0  1 0  0 1  0 0
    22  -.2456094523231372       2   0 0  0 1  0 1  0 0
    23  -.6563060026661138E-05   2   1 0  0 0  0 0  1 0
    24  -.1131362036617720E-04   2   0 1  0 0  0 0  1 0
    25  0.1769188864037275       2   0 0  1 0  0 0  1 0
    26  -.2452789226973733       2   0 0  0 1  0 0  1 0
    27  0.1313494501994917E-04   2   1 0  0 0  0 0  0 1
    28  0.1166199555377886E-04   2   0 1  0 0  0 0  0 1
    29  -.3540761827635543       2   0 0  1 0  0 0  0 1
    30  -.3180544656851059       2   0 0  0 1  0 0  0 1
    31  0.1100231036518171E-04   2   0 0  0 0  0 2  0 0
    32  0.6777236832773441E-05   2   0 0  0 0  0 1  1 0
    33  0.1098294373140287E-04   2   0 0  0 0  0 0  2 0
    34  -.1354310112946225E-04   2   0 0  0 0  0 1  0 1
    35  -.1352487546222649E-04   2   0 0  0 0  0 0  1 1
    36  -.1694513628854068E-05   2   0 0  0 0  0 0  0 2
    37  -.2910546918135585E-02   3   3 0  0 0  0 0  0 0
    38  -.7863678632380012E-02   3   2 1  0 0  0 0  0 0
    39  -.7113865240947136E-02   3   1 2  0 0  0 0  0 0
    40  -.2149084450797923E-02   3   0 3  0 0  0 0  0 0
    41  -2.009529447324797       3   2 0  1 0  0 0  0 0
    42  -4.297710318619680       3   1 1  1 0  0 0  0 0
    43  -2.584749707379137       3   0 2  1 0  0 0  0 0
    44  0.6589865630304175E-02   3   1 0  2 0  0 0  0 0
    45  0.5858615095618640E-02   3   0 1  2 0  0 0  0 0
    46  -.3054145676745749       3   0 0  3 0  0 0  0 0
    47  -2.510944008855518       3   2 0  0 1  0 0  0 0
    48  -4.832901973631149       3   1 1  0 1  0 0  0 0
    49  -2.230486683322545       3   0 2  0 1  0 0  0 0
    50  0.1193410869514607E-01   3   1 0  1 1  0 0  0 0
    51  0.1068189503611423E-01   3   0 1  1 1  0 0  0 0
    52  -.9208319896760365       3   0 0  2 1  0 0  0 0
    53  0.5468118601757247E-02   3   1 0  0 2  0 0  0 0
    54  0.4933395604141829E-02   3   0 1  0 2  0 0  0 0
    55  -1.306708851634258       3   0 0  1 2  0 0  0 0
    56  -.2543364970814107       3   0 0  0 3  0 0  0 0
    57  -.2228774697691315E-03   3   2 0  0 0  0 1  0 0
    58  -.6789421898370205E-03   3   1 1  0 0  0 1  0 0
    59  -.4844726556756337E-03   3   0 2  0 0  0 1  0 0
    60  -.7552216484053839E-01   3   1 0  1 0  0 1  0 0
    61  -.1389828886453368       3   0 1  1 0  0 1  0 0
    62  -.6045797753284840E-04   3   0 0  2 0  0 1  0 0
    63  -.1428187619933567       3   1 0  0 1  0 1  0 0
    64  -.1936738722929942       3   0 1  0 1  0 1  0 0
    65  -.8071081993748792E-04   3   0 0  1 1  0 1  0 0
    66  -.9933841659031008E-04   3   0 0  0 2  0 1  0 0
    67  -.2225775317741678E-03   3   2 0  0 0  0 0  1 0
    68  -.6780285014353761E-03   3   1 1  0 0  0 0  1 0
    69  -.4838206752080311E-03   3   0 2  0 0  0 0  1 0
    70  -.7542053067033233E-01   3   1 0  1 0  0 0  1 0
    71  -.1387958520238345       3   0 1  1 0  0 0  1 0
    72  -.6037661603597049E-04   3   0 0  2 0  0 0  1 0
    73  -.1426265632342811       3   1 0  0 1  0 0  1 0
    74  -.1934132351231957       3   0 1  0 1  0 0  1 0
    75  -.8060220311978543E-04   3   0 0  1 1  0 0  1 0
    76  -.9920473163092038E-04   3   0 0  0 2  0 0  1 0
    77  0.4451398454308317E-03   3   2 0  0 0  0 0  0 1
    78  0.8834617976206635E-03   3   1 1  0 0  0 0  0 1
    79  0.4608809718965733E-03   3   0 2  0 0  0 0  0 1
    80  0.1509429460466455       3   1 0  1 0  0 0  0 1
    81  0.1338449345352199       3   0 1  1 0  0 0  0 1
    82  0.1210319359716833E-03   3   0 0  2 0  0 0  0 1
    83  0.1389498663441875       3   1 0  0 1  0 0  0 1
    84  0.1240314349564475       3   0 1  0 1  0 0  0 1
    85  0.1525063221479878E-03   3   0 0  1 1  0 0  0 1
    86  0.6928968542176502E-04   3   0 0  0 2  0 0  0 1
    87  0.5107112481271994E-05   3   1 0  0 0  0 2  0 0
    88  0.1157529219237403E-04   3   0 1  0 0  0 2  0 0
    89  -.1274448683673821       3   0 0  1 0  0 2  0 0
    90  0.1090646612835512       3   0 0  0 1  0 2  0 0
    91  0.3666648027348425E-05   3   1 0  0 0  0 1  1 0
    92  0.1185022006007375E-04   3   0 1  0 0  0 1  1 0
    93  -.7786598180976501E-01   3   0 0  1 0  0 1  1 0
    94  -.2711310281506700E-01   3   0 0  0 1  0 1  1 0
    95  0.5097772368928568E-05   3   1 0  0 0  0 0  2 0
    96  0.1155174097578683E-04   3   0 1  0 0  0 0  2 0
    97  -.1272209648854904       3   0 0  1 0  0 0  2 0
    98  0.1089361309704211       3   0 0  0 1  0 0  2 0
    99  -.7352772953430909E-05   3   1 0  0 0  0 1  0 1
   100  -.1240314386609471E-04   3   0 1  0 0  0 1  0 1
   101  0.1555985943364136       3   0 0  1 0  0 1  0 1
   102  0.3002027707546256       3   0 0  0 1  0 1  0 1
   103  -.7342877938114337E-05   3   1 0  0 0  0 0  1 1
   104  -.1238645229961962E-04   3   0 1  0 0  0 0  1 1
   105  0.1553891970812635       3   0 0  1 0  0 0  1 1
   106  0.2997987720138107       3   0 0  0 1  0 0  1 1
   107  0.8113966218724881E-06   3   1 0  0 0  0 0  0 2
   108  0.7872149246560675E-06   3   0 1  0 0  0 0  0 2
   109  0.2154414351516545E-01   3   0 0  1 0  0 0  0 2
   110  0.1805363110269671E-01   3   0 0  0 1  0 0  0 2
   111  -.8890468030775141E-05   3   0 0  0 0  0 3  0 0
   112  -.4669061501053848E-05   3   0 0  0 0  0 2  1 0
   113  -.4677558804267344E-05   3   0 0  0 0  0 1  2 0
   114  -.8869384008685501E-05   3   0 0  0 0  0 0  3 0
   115  0.9334914089413705E-05   3   0 0  0 0  0 2  0 1
   116  0.5137800446177549E-05   3   0 0  0 0  0 1  1 1
   117  0.9318894497026186E-05   3   0 0  0 0  0 0  2 1
   118  0.1639675555222764E-05   3   0 0  0 0  0 1  0 2
   119  0.1637468957135781E-05   3   0 0  0 0  0 0  1 2
   120  0.3732583795662510E-07   3   0 0  0 0  0 0  0 3
   121  -.1289831837160610E-02   4   4 0  0 0  0 0  0 0
   122  -.4474744513335743E-02   4   3 1  0 0  0 0  0 0
   123  -.5794235108208661E-02   4   2 2  0 0  0 0  0 0
   124  -.3073062683638666E-02   4   1 3  0 0  0 0  0 0
   125  -.4627770723464368E-03   4   0 4  0 0  0 0  0 0
   126   33.77793368572911       4   3 0  1 0  0 0  0 0
   127   91.87927925029186       4   2 1  1 0  0 0  0 0
   128   83.84686661982782       4   1 2  1 0  0 0  0 0
   129   25.73627879280532       4   0 3  1 0  0 0  0 0
   130  0.6902561856181966E-02   4   2 0  2 0  0 0  0 0
   131  0.1263223506953564E-01   4   1 1  2 0  0 0  0 0
   132  0.5948484211829777E-02   4   0 2  2 0  0 0  0 0
   133  -25.73645446889071       4   1 0  3 0  0 0  0 0
   134  -22.69153248468927       4   0 1  3 0  0 0  0 0
   135  -.1011461633091582E-02   4   0 0  4 0  0 0  0 0
   136   31.08604338194082       4   3 0  0 1  0 0  0 0
   137   85.02535444420573       4   2 1  0 1  0 0  0 0
   138   78.09030286179956       4   1 2  0 1  0 0  0 0
   139   24.14003277002771       4   0 3  0 1  0 0  0 0
   140  0.1214965744738443E-01   4   2 0  1 1  0 0  0 0
   141  0.2239738628092991E-01   4   1 1  1 1  0 0  0 0
   142  0.1035657309752296E-01   4   0 2  1 1  0 0  0 0
   143  -69.87609687697267       4   1 0  2 1  0 0  0 0
   144  -62.02008339788324       4   0 1  2 1  0 0  0 0
   145  -.3842728879979173E-02   4   0 0  3 1  0 0  0 0
   146  0.5414446825093349E-02   4   2 0  0 2  0 0  0 0
   147  0.1035837800624367E-01   4   1 1  0 2  0 0  0 0
   148  0.4952813047339199E-02   4   0 2  0 2  0 0  0 0
   149  -63.53416408793701       4   1 0  1 2  0 0  0 0
   150  -56.69545046967636       4   0 1  1 2  0 0  0 0
   151  -.5296165557750764E-02   4   0 0  2 2  0 0  0 0
   152  -19.27200565081351       4   1 0  0 3  0 0  0 0
   153  -17.26815719453125       4   0 1  0 3  0 0  0 0
   154  -.3307942937679608E-02   4   0 0  1 3  0 0  0 0
   155  -.7472814787640571E-03   4   0 0  0 4  0 0  0 0
   156  0.3644695057543069E-03   4   3 0  0 0  0 1  0 0
   157  0.4393562831659942E-02   4   2 1  0 0  0 1  0 0
   158  0.7001390075918950E-02   4   1 2  0 0  0 1  0 0
   159  0.3007352470471058E-02   4   0 3  0 0  0 1  0 0
   160   2.256664429703905       4   2 0  1 0  0 1  0 0
   161   6.859120895718402       4   1 1  1 0  0 1  0 0
   162   5.141950778988731       4   0 2  1 0  0 1  0 0
   163  -.7230495592808145E-03   4   1 0  2 0  0 1  0 0
   164  -.3287703609834493E-02   4   0 1  2 0  0 1  0 0
   165  0.4386137733315215       4   0 0  3 0  0 1  0 0
   166   3.555411740114381       4   2 0  0 1  0 1  0 0
   167   9.437102903536136       4   1 1  0 1  0 1  0 0
   168   5.842400815021826       4   0 2  0 1  0 1  0 0
   169  -.6563016247750466E-02   4   1 0  1 1  0 1  0 0
   170  -.1063415813456458E-01   4   0 1  1 1  0 1  0 0
   171   1.356540415161631       4   0 0  2 1  0 1  0 0
   172  -.5410144349101483E-02   4   1 0  0 2  0 1  0 0
   173  -.7057599698032517E-02   4   0 1  0 2  0 1  0 0
   174   2.021899492241423       4   0 0  1 2  0 1  0 0
   175  0.7023661843511944       4   0 0  0 3  0 1  0 0
   176  0.3639790198703149E-03   4   3 0  0 0  0 0  1 0
   177  0.4387650181862535E-02   4   2 1  0 0  0 0  1 0
   178  0.6991967935118863E-02   4   1 2  0 0  0 0  1 0
   179  0.3003305317247911E-02   4   0 3  0 0  0 0  1 0
   180   2.253627517067328       4   2 0  1 0  0 0  1 0
   181   6.849890214076124       4   1 1  1 0  0 0  1 0
   182   5.135030983962118       4   0 2  1 0  0 0  1 0
   183  -.7220765132600787E-03   4   1 0  2 0  0 0  1 0
   184  -.3283279173260479E-02   4   0 1  2 0  0 0  1 0
   185  0.4380235075865233       4   0 0  3 0  0 0  1 0
   186   3.550627034555291       4   2 0  0 1  0 0  1 0
   187   9.424402895203819       4   1 1  0 1  0 0  1 0
   188   5.834538387347786       4   0 2  0 1  0 0  1 0
   189  -.6554184049788482E-02   4   1 0  1 1  0 0  1 0
   190  -.1061984718571759E-01   4   0 1  1 1  0 0  1 0
   191   1.354714847002441       4   0 0  2 1  0 0  1 0
   192  -.5402863631807730E-02   4   1 0  0 2  0 0  1 0
   193  -.7048101912972057E-02   4   0 1  0 2  0 0  1 0
   194   2.019178515193587       4   0 0  1 2  0 0  1 0
   195  0.7014209730416667       4   0 0  0 3  0 0  1 0
   196  0.1534337372392976E-03   4   3 0  0 0  0 0  0 1
   197  0.5471493566655720E-03   4   2 1  0 0  0 0  0 1
   198  0.6277290514610594E-03   4   1 2  0 0  0 0  0 1
   199  0.2403056486027468E-03   4   0 3  0 0  0 0  0 1
   200  -4.507286763424775       4   2 0  1 0  0 0  0 1
   201  -9.405090663647000       4   1 1  1 0  0 0  0 1
   202  -5.104251709883174       4   0 2  1 0  0 0  0 1
   203  -.3647273588615557E-03   4   1 0  2 0  0 0  0 1
   204  -.3389347748181123E-03   4   0 1  2 0  0 0  0 1
   205  -.8772839510665426       4   0 0  3 0  0 0  0 1
   206  -4.591931639359904       4   2 0  0 1  0 0  0 1
   207  -9.189111106354904       4   1 1  0 1  0 0  0 1
   208  -4.982025658461497       4   0 2  0 1  0 0  0 1
   209  -.7512701926244455E-03   4   1 0  1 1  0 0  0 1
   210  -.7006126184978386E-03   4   0 1  1 1  0 0  0 1
   211  -1.792415253598323       4   0 0  2 1  0 0  0 1
   212  -.3460463068001395E-03   4   1 0  0 2  0 0  0 1
   213  -.3179631486382422E-03   4   0 1  0 2  0 0  0 1
   214  -1.429716986588118       4   0 0  1 2  0 0  0 1
   215  -.6414877655744732       4   0 0  0 3  0 0  0 1
   216  0.4160384310801757E-05   4   2 0  0 0  0 2  0 0
   217  0.3883288736524707E-03   4   1 1  0 0  0 2  0 0
   218  0.4628063016044579E-03   4   0 2  0 0  0 2  0 0
   219  0.5416462959781815E-01   4   1 0  1 0  0 2  0 0
   220  0.1356562139882543       4   0 1  1 0  0 2  0 0
   221  0.6633657894037453E-04   4   0 0  2 0  0 2  0 0
   222  0.1401433161335367       4   1 0  0 1  0 2  0 0
   223  0.2387023549020916       4   0 1  0 1  0 2  0 0
   224  -.1186250449778108E-04   4   0 0  1 1  0 2  0 0
   225  0.3120640063427520E-04   4   0 0  0 2  0 2  0 0
   226  0.1102002739090129E-04   4   2 0  0 0  0 1  1 0
   227  0.5476236067506999E-03   4   1 1  0 0  0 1  1 0
   228  0.6772666302320447E-03   4   0 2  0 0  0 1  1 0
   229  0.3262589035101601E-01   4   1 0  1 0  0 1  1 0
   230  0.1318601626747682       4   0 1  1 0  0 1  1 0
   231  0.1121777225430197E-03   4   0 0  2 0  0 1  1 0
   232  0.1372615818915425       4   1 0  0 1  0 1  1 0
   233  0.2832776124351786       4   0 1  0 1  0 1  1 0
   234  0.9418530270426481E-04   4   0 0  1 1  0 1  1 0
   235  0.8495589174868721E-04   4   0 0  0 2  0 1  1 0
   236  0.4147370344915690E-05   4   2 0  0 0  0 0  2 0
   237  0.3874377959349626E-03   4   1 1  0 0  0 0  2 0
   238  0.4617277619388183E-03   4   0 2  0 0  0 0  2 0
   239  0.5406978419918132E-01   4   1 0  1 0  0 0  2 0
   240  0.1353849286524380       4   0 1  1 0  0 0  2 0
   241  0.6617182455264997E-04   4   0 0  2 0  0 0  2 0
   242  0.1398623577794122       4   1 0  0 1  0 0  2 0
   243  0.2381905096923148       4   0 1  0 1  0 0  2 0
   244  -.1190991556908669E-04   4   0 0  1 1  0 0  2 0
   245  0.3110723971342530E-04   4   0 0  0 2  0 0  2 0
   246  -.9786629460294226E-04   4   2 0  0 0  0 1  0 1
   247  -.6123825752284812E-03   4   1 1  0 0  0 1  0 1
   248  -.5133289047552979E-03   4   0 2  0 0  0 1  0 1
   249  -.6499285643581046E-01   4   1 0  1 0  0 1  0 1
   250  -.1240272228026310       4   0 1  1 0  0 1  0 1
   251  -.2290260105898972E-03   4   0 0  2 0  0 1  0 1
   252  -.1314669880042586       4   1 0  0 1  0 1  0 1
   253  -.1789402524844939       4   0 1  0 1  0 1  0 1
   254  -.3387914619412393E-03   4   0 0  1 1  0 1  0 1
   255  -.9118208983114692E-04   4   0 0  0 2  0 1  0 1
   256  -.9773459075594438E-04   4   2 0  0 0  0 0  1 1
   257  -.6115584596193297E-03   4   1 1  0 0  0 0  1 1
   258  -.5126380909076313E-03   4   0 2  0 0  0 0  1 1
   259  -.6490539211262653E-01   4   1 0  1 0  0 0  1 1
   260  -.1238603128113838       4   0 1  1 0  0 0  1 1
   261  -.2287177981784675E-03   4   0 0  2 0  0 0  1 1
   262  -.1312900659276272       4   1 0  0 1  0 0  1 1
   263  -.1786994431258623       4   0 1  0 1  0 0  1 1
   264  -.3383355323584476E-03   4   0 0  1 1  0 0  1 1
   265  -.9105938127191535E-04   4   0 0  0 2  0 0  1 1
   266  0.5953422033934897E-04   4   2 0  0 0  0 0  0 2
   267  0.1351676844111032E-03   4   1 1  0 0  0 0  0 2
   268  0.7322964926300675E-04   4   0 2  0 0  0 0  0 2
   269  -.1084835968743566E-01   4   1 0  1 0  0 0  0 2
   270  -.1044134306813449E-01   4   0 1  1 0  0 0  0 2
   271  0.1710123271519525E-03   4   0 0  2 0  0 0  0 2
   272  -.7888696355264046E-02   4   1 0  0 1  0 0  0 2
   273  -.7777520922902806E-02   4   0 1  0 1  0 0  0 2
   274  0.2694553558364959E-03   4   0 0  1 1  0 0  0 2
   275  0.1001570633268856E-03   4   0 0  0 2  0 0  0 2
   276  -.7638179867096830E-05   4   1 0  0 0  0 3  0 0
   277  -.1542169734933341E-04   4   0 1  0 0  0 3  0 0
   278  0.1026700281454553       4   0 0  1 0  0 3  0 0
   279  -.4304613685208751E-01   4   0 0  0 1  0 3  0 0
   280  -.5270108355681887E-05   4   1 0  0 0  0 2  1 0
   281  -.1509774595193877E-04   4   0 1  0 0  0 2  1 0
   282  0.5314885458598727E-01   4   0 0  1 0  0 2  1 0
   283  0.8890212570549230E-01   4   0 0  0 1  0 2  1 0
   284  -.5274867864539489E-05   4   1 0  0 0  0 1  2 0
   285  -.1509835799551238E-04   4   0 1  0 0  0 1  2 0
   286  0.5324854056732004E-01   4   0 0  1 0  0 1  2 0
   287  0.8863588801373705E-01   4   0 0  0 1  0 1  2 0
   288  -.7619219863159849E-05   4   1 0  0 0  0 0  3 0
   289  -.1538042143179779E-04   4   0 1  0 0  0 0  3 0
   290  0.1024270610585552       4   0 0  1 0  0 0  3 0
   291  -.4301898235347060E-01   4   0 0  0 1  0 0  3 0
   292  0.9328768384695548E-05   4   1 0  0 0  0 2  0 1
   293  0.1658687416237594E-04   4   0 1  0 0  0 2  0 1
   294  -.1062619662202461       4   0 0  1 0  0 2  0 1
   295  -.2869487148928274       4   0 0  0 1  0 2  0 1
   296  0.7063318154965196E-05   4   1 0  0 0  0 1  1 1
   297  0.1643283636975518E-04   4   0 1  0 0  0 1  1 1
   298  -.5705583588279434E-01   4   0 0  1 0  0 1  1 1
   299  -.2737275288050868       4   0 0  0 1  0 1  1 1
   300  0.9311461427572007E-05   4   1 0  0 0  0 0  2 1
   301  0.1655349506050926E-04   4   0 1  0 0  0 0  2 1
   302  -.1060805723465686       4   0 0  1 0  0 0  2 1
   303  -.2863783680317820       4   0 0  0 1  0 0  2 1
   304  -.4488848470655194E-06   4   1 0  0 0  0 1  0 2
   305  -.7319263591529185E-06   4   0 1  0 0  0 1  0 2
   306  -.2081176464594726E-01   4   0 0  1 0  0 1  0 2
   307  -.2649542815598192E-01   4   0 0  0 1  0 1  0 2
   308  -.4482807589935406E-06   4   1 0  0 0  0 0  1 2
   309  -.7309413671532587E-06   4   0 1  0 0  0 0  1 2
   310  -.2078375715391129E-01   4   0 0  1 0  0 0  1 2
   311  -.2645977185745590E-01   4   0 0  0 1  0 0  1 2
   312  0.3589905018394552E-07   4   1 0  0 0  0 0  0 3
   313  0.2899991329352308E-07   4   0 1  0 0  0 0  0 3
   314  -.4979504948251336E-03   4   0 0  1 0  0 0  0 3
   315  -.4022266294772022E-03   4   0 0  0 1  0 0  0 3
   316  0.9772009292772348E-05   4   0 0  0 0  0 4  0 0
   317  0.4383760039996899E-05   4   0 0  0 0  0 3  1 0
   318  0.3672764021719519E-05   4   0 0  0 0  0 2  2 0
   319  0.4399180003923799E-05   4   0 0  0 0  0 1  3 0
   320  0.9742772639349587E-05   4   0 0  0 0  0 0  4 0
   321  -.1334396991041580E-05   4   0 0  0 0  0 3  0 1
   322  0.6988045012193338E-06   4   0 0  0 0  0 2  1 1
   323  0.6947038460901993E-06   4   0 0  0 0  0 1  2 1
   324  -.1332172916090689E-05   4   0 0  0 0  0 0  3 1
   325  -.6107351471838544E-06   4   0 0  0 0  0 2  0 2
   326  -.7113908916714029E-06   4   0 0  0 0  0 1  1 2
   327  -.6094345704380661E-06   4   0 0  0 0  0 0  2 2
   328  -.1584690929851492E-07   4   0 0  0 0  0 1  0 3
   329  -.1582558327481993E-07   4   0 0  0 0  0 0  1 3
   330  -.2800417073092197E-13   4   0 0  0 0  0 0  0 4
   ----------------------------------------------------
     I  COEFFICIENT            ORDER EXPONENTS
     1  0.1489758462715865E-03   0   0 0  0 0  0 0  0 0
     2  0.5576997361183756E-04   1   1 0  0 0  0 0  0 0
     3  0.5153920504154710E-04   1   0 1  0 0  0 0  0 0
     4  -1.652922492875304       1   0 0  1 0  0 0  0 0
     5  -.5403638328603108       1   0 0  0 1  0 0  0 0
     6  0.6030758861210071E-05   1   0 0  0 0  0 1  0 0
     7  0.6022642950154411E-05   1   0 0  0 0  0 0  1 0
     8  0.1369224444590361E-03   1   0 0  0 0  0 0  0 1
     9  0.7177802443571430E-03   2   2 0  0 0  0 0  0 0
    10  0.1243345000059758E-02   2   1 1  0 0  0 0  0 0
    11  0.5947008287396074E-03   2   0 2  0 0  0 0  0 0
    12  0.7030359823136697       2   1 0  1 0  0 0  0 0
    13  0.6452469240361620       2   0 1  1 0  0 0  0 0
    14  0.5394664863537284E-03   2   0 0  2 0  0 0  0 0
    15  0.6632136102596216       2   1 0  0 1  0 0  0 0
    16  0.6128451857311096       2   0 1  0 1  0 0  0 0
    17  0.1326482378609579E-02   2   0 0  1 1  0 0  0 0
    18  0.6920280757671923E-03   2   0 0  0 2  0 0  0 0
    19  -.2786357584310189E-05   2   1 0  0 0  0 1  0 0
    20  -.2850912175398835E-04   2   0 1  0 0  0 1  0 0
    21  -.7513599651921353E-01   2   0 0  1 0  0 1  0 0
    22  0.7067467441592864       2   0 0  0 1  0 1  0 0
    23  -.2782607835589689E-05   2   1 0  0 0  0 0  1 0
    24  -.2847075552152022E-04   2   0 1  0 0  0 0  1 0
    25  -.7503488203613468E-01   2   0 0  1 0  0 0  1 0
    26  0.7057956376988177       2   0 0  0 1  0 0  1 0
    27  0.6133878960743464E-04   2   1 0  0 0  0 0  0 1
    28  0.5697973040989595E-04   2   0 1  0 0  0 0  0 1
    29  -1.502751614399164       2   0 0  1 0  0 0  0 1
    30  -1.412542381944837       2   0 0  0 1  0 0  0 1
    31  -.4436600366975768E-05   2   0 0  0 0  0 2  0 0
    32  -.2846707771959923E-05   2   0 0  0 0  0 1  1 0
    33  -.4428714316709006E-05   2   0 0  0 0  0 0  2 0
    34  0.1171987245774001E-04   2   0 0  0 0  0 1  0 1
    35  0.1170410040572484E-04   2   0 0  0 0  0 0  1 1
    36  -.1171197246632038E-04   2   0 0  0 0  0 0  0 2
    37  -.1416960468723198E-01   3   3 0  0 0  0 0  0 0
    38  -.3977274473957008E-01   3   2 1  0 0  0 0  0 0
    39  -.3739388235656176E-01   3   1 2  0 0  0 0  0 0
    40  -.1174725067523724E-01   3   0 3  0 0  0 0  0 0
    41  -11.83700867417561       3   2 0  1 0  0 0  0 0
    42  -23.03210902761858       3   1 1  1 0  0 0  0 0
    43  -11.82335558795698       3   0 2  1 0  0 0  0 0
    44  0.2826251840629416E-01   3   1 0  2 0  0 0  0 0
    45  0.2578258811153135E-01   3   0 1  2 0  0 0  0 0
    46  -2.157288343373152       3   0 0  3 0  0 0  0 0
    47  -10.44273588698089       3   2 0  0 1  0 0  0 0
    48  -20.79409064178561       3   1 1  0 1  0 0  0 0
    49  -11.66521481116122       3   0 2  0 1  0 0  0 0
    50  0.5308299809867185E-01   3   1 0  1 1  0 0  0 0
    51  0.4871435121314027E-01   3   0 1  1 1  0 0  0 0
    52  -6.750281408027230       3   0 0  2 1  0 0  0 0
    53  0.2516584881880862E-01   3   1 0  0 2  0 0  0 0
    54  0.2325863775657847E-01   3   0 1  0 2  0 0  0 0
    55  -6.092610173867012       3   0 0  1 2  0 0  0 0
    56  -2.338085721462728       3   0 0  0 3  0 0  0 0
    57  -.4289556007785705E-03   3   2 0  0 0  0 1  0 0
    58  -.1464293100522939E-02   3   1 1  0 0  0 1  0 0
    59  -.9969320347525171E-03   3   0 2  0 0  0 1  0 0
    60  0.3718060210135302E-01   3   1 0  1 0  0 1  0 0
    61  -.2866185289663509       3   0 1  1 0  0 1  0 0
    62  -.1083250395002094E-03   3   0 0  2 0  0 1  0 0
    63  -.3043510770247984       3   1 0  0 1  0 1  0 0
    64  -.5858344052147159       3   0 1  0 1  0 1  0 0
    65  -.9115414569382358E-03   3   0 0  1 1  0 1  0 0
    66  -.8325990318852888E-03   3   0 0  0 2  0 1  0 0
    67  -.4283783325470199E-03   3   2 0  0 0  0 0  1 0
    68  -.1462322523878001E-02   3   1 1  0 0  0 0  1 0
    69  -.9955904106039269E-03   3   0 2  0 0  0 0  1 0
    70  0.3713056619930601E-01   3   1 0  1 0  0 0  1 0
    71  -.2862328112579313       3   0 1  1 0  0 0  1 0
    72  -.1081792607672332E-03   3   0 0  2 0  0 0  1 0
    73  -.3039414956889079       3   1 0  0 1  0 0  1 0
    74  -.5850460168815970       3   0 1  0 1  0 0  1 0
    75  -.9103147474049501E-03   3   0 0  1 1  0 0  1 0
    76  -.8314785593472110E-03   3   0 0  0 2  0 0  1 0
    77  0.1573597247596642E-02   3   2 0  0 0  0 0  0 1
    78  0.2923327334798794E-02   3   1 1  0 0  0 0  0 1
    79  0.1396032769303784E-02   3   0 2  0 0  0 0  0 1
    80  0.6287274427366115       3   1 0  1 0  0 0  0 1
    81  0.5728535823022081       3   0 1  1 0  0 0  0 1
    82  0.7569477163721661E-03   3   0 0  2 0  0 0  0 1
    83  0.6082948385507628       3   1 0  0 1  0 0  0 1
    84  0.5580371624818213       3   0 1  0 1  0 0  0 1
    85  0.1824000188097191E-02   3   0 0  1 1  0 0  0 1
    86  0.9732350680654277E-03   3   0 0  0 2  0 0  0 1
    87  0.2102054429123729E-05   3   1 0  0 0  0 2  0 0
    88  0.2266628106596769E-04   3   0 1  0 0  0 2  0 0
    89  0.5521550675272412E-01   3   0 0  1 0  0 2  0 0
    90  -.4988607119964675       3   0 0  0 1  0 2  0 0
    91  0.1550093383116022E-05   3   1 0  0 0  0 1  1 0
    92  0.1702465413035801E-04   3   0 1  0 0  0 1  1 0
    93  0.3534837132650657E-01   3   0 0  1 0  0 1  1 0
    94  -.2915330753544228       3   0 0  0 1  0 1  1 0
    95  0.2098182562030040E-05   3   1 0  0 0  0 0  2 0
    96  0.2262432236456014E-04   3   0 1  0 0  0 0  2 0
    97  0.5511741523984307E-01   3   0 0  1 0  0 0  2 0
    98  -.4979932030240872       3   0 0  0 1  0 0  2 0
    99  -.5968808708195456E-05   3   1 0  0 0  0 1  0 1
   100  -.3423011952408455E-04   3   0 1  0 0  0 1  0 1
   101  -.1457791422975157       3   0 0  1 0  0 1  0 1
   102  0.5825080994183619       3   0 0  0 1  0 1  0 1
   103  -.5960776166736211E-05   3   1 0  0 0  0 0  1 1
   104  -.3418405424243873E-04   3   0 1  0 0  0 0  1 1
   105  -.1455829595981452       3   0 0  1 0  0 0  1 1
   106  0.5817241874708196       3   0 0  0 1  0 0  1 1
   107  0.6142331410420687E-05   3   1 0  0 0  0 0  0 2
   108  0.5944632458452745E-05   3   0 1  0 0  0 0  0 2
   109  0.1456809334800194       3   0 0  1 0  0 0  0 2
   110  0.1241548997336120       3   0 0  0 1  0 0  0 2
   111  0.3639541278311096E-05   3   0 0  0 0  0 3  0 0
   112  0.2049050670452101E-05   3   0 0  0 0  0 2  1 0
   113  0.2052251394314996E-05   3   0 0  0 0  0 1  2 0
   114  0.3630817495611152E-05   3   0 0  0 0  0 0  3 0
   115  -.8534312377031578E-05   3   0 0  0 0  0 2  0 1
   116  -.5358565145369460E-05   3   0 0  0 0  0 1  1 1
   117  -.8519221649426692E-05   3   0 0  0 0  0 0  2 1
   118  0.5355204402185247E-05   3   0 0  0 0  0 1  0 2
   119  0.5347997620482844E-05   3   0 0  0 0  0 0  1 2
   120  0.3364718299281118E-06   3   0 0  0 0  0 0  0 3
   121  -.5780905500436494E-02   4   4 0  0 0  0 0  0 0
   122  -.2121983317902850E-01   4   3 1  0 0  0 0  0 0
   123  -.2948288301351526E-01   4   2 2  0 0  0 0  0 0
   124  -.1787137499667045E-01   4   1 3  0 0  0 0  0 0
   125  -.3929575030838149E-02   4   0 4  0 0  0 0  0 0
   126   156.5344411295861       4   3 0  1 0  0 0  0 0
   127   436.1191706031671       4   2 1  1 0  0 0  0 0
   128   407.0966080692415       4   1 2  1 0  0 0  0 0
   129   127.6087344941266       4   0 3  1 0  0 0  0 0
   130  0.3323865328874757E-01   4   2 0  2 0  0 0  0 0
   131  0.6437625654685357E-01   4   1 1  2 0  0 0  0 0
   132  0.3099286344222927E-01   4   0 2  2 0  0 0  0 0
   133  -107.6974616609344       4   1 0  3 0  0 0  0 0
   134  -97.65240557132159       4   0 1  3 0  0 0  0 0
   135  -.5063265232033593E-02   4   0 0  4 0  0 0  0 0
   136   149.0927357503603       4   3 0  0 1  0 0  0 0
   137   418.1849070023400       4   2 1  0 1  0 0  0 0
   138   393.2284700195136       4   1 2  0 1  0 0  0 0
   139   124.2290581967571       4   0 3  0 1  0 0  0 0
   140  0.6613183956677160E-01   4   2 0  1 1  0 0  0 0
   141  0.1289500774368505       4   1 1  1 1  0 0  0 0
   142  0.6342302034802905E-01   4   0 2  1 1  0 0  0 0
   143  -300.7095395549020       4   1 0  2 1  0 0  0 0
   144  -274.9455664916190       4   0 1  2 1  0 0  0 0
   145  -.1749906006022973E-01   4   0 0  3 1  0 0  0 0
   146  0.3225670777526838E-01   4   2 0  0 2  0 0  0 0
   147  0.6362107122454960E-01   4   1 1  0 2  0 0  0 0
   148  0.3206238906007929E-01   4   0 2  0 2  0 0  0 0
   149  -282.5576138496836       4   1 0  1 2  0 0  0 0
   150  -260.1629774966592       4   0 1  1 2  0 0  0 0
   151  -.2276244404653289E-01   4   0 0  2 2  0 0  0 0
   152  -89.01208399785429       4   1 0  0 3  0 0  0 0
   153  -82.42074216210314       4   0 1  0 3  0 0  0 0
   154  -.1274968762717091E-01   4   0 0  1 3  0 0  0 0
   155  -.2331734603897998E-02   4   0 0  0 4  0 0  0 0
   156  -.1627369766825445E-02   4   3 0  0 0  0 1  0 0
   157  0.1222228120267016E-01   4   2 1  0 0  0 1  0 0
   158  0.2711031019526806E-01   4   1 2  0 0  0 1  0 0
   159  0.1335782290089666E-01   4   0 3  0 0  0 1  0 0
   160   6.470557894149466       4   2 0  1 0  0 1  0 0
   161   23.81754221598740       4   1 1  1 0  0 1  0 0
   162   17.54706949498066       4   0 2  1 0  0 1  0 0
   163  0.3068528886724258E-02   4   1 0  2 0  0 1  0 0
   164  -.8302472639736090E-02   4   0 1  2 0  0 1  0 0
   165  0.5061576005196967       4   0 0  3 0  0 1  0 0
   166   11.13790278951288       4   2 0  0 1  0 1  0 0
   167   32.26622789204013       4   1 1  0 1  0 1  0 0
   168   22.90399659563422       4   0 2  0 1  0 1  0 0
   169  -.1638011263083086E-01   4   1 0  1 1  0 1  0 0
   170  -.3561794678438723E-01   4   0 1  1 1  0 1  0 0
   171   5.131315053324962       4   0 0  2 1  0 1  0 0
   172  -.1807480049659271E-01   4   1 0  0 2  0 1  0 0
   173  -.2636563475889468E-01   4   0 1  0 2  0 1  0 0
   174   8.064735629090384       4   0 0  1 2  0 1  0 0
   175   4.198318852563706       4   0 0  0 3  0 1  0 0
   176  -.1625179729288533E-02   4   3 0  0 0  0 0  1 0
   177  0.1220583303264375E-01   4   2 1  0 0  0 0  1 0
   178  0.2707382641747191E-01   4   1 2  0 0  0 0  1 0
   179  0.1333984657236901E-01   4   0 3  0 0  0 0  1 0
   180   6.461850122282364       4   2 0  1 0  0 0  1 0
   181   23.78548969015502       4   1 1  1 0  0 0  1 0
   182   17.52345547581905       4   0 2  1 0  0 0  1 0
   183  0.3064399405163268E-02   4   1 0  2 0  0 0  1 0
   184  -.8291299563339507E-02   4   0 1  2 0  0 0  1 0
   185  0.5054764374753030       4   0 0  3 0  0 0  1 0
   186   11.12291392484993       4   2 0  0 1  0 0  1 0
   187   32.22280552319767       4   1 1  0 1  0 0  1 0
   188   22.87317347644379       4   0 2  0 1  0 0  1 0
   189  -.1635806904722026E-01   4   1 0  1 1  0 0  1 0
   190  -.3557001383022046E-01   4   0 1  1 1  0 0  1 0
   191   5.124409571356698       4   0 0  2 1  0 0  1 0
   192  -.1805047628192023E-01   4   1 0  0 2  0 0  1 0
   193  -.2633015313020548E-01   4   0 1  0 2  0 0  1 0
   194   8.053882487958584       4   0 0  1 2  0 0  1 0
   195   4.192668952911840       4   0 0  0 3  0 0  1 0
   196  0.6658727794244268E-03   4   3 0  0 0  0 0  0 1
   197  0.1897493187274283E-02   4   2 1  0 0  0 0  0 1
   198  0.1816260119163650E-02   4   1 2  0 0  0 0  0 1
   199  0.6157128481328072E-03   4   0 3  0 0  0 0  0 1
   200  -24.75626394556116       4   2 0  1 0  0 0  0 1
   201  -47.57469067050281       4   1 1  1 0  0 0  0 1
   202  -23.23181148404196       4   0 2  1 0  0 0  0 1
   203  -.1777653476813204E-02   4   1 0  2 0  0 0  0 1
   204  -.1698683328762615E-02   4   0 1  2 0  0 0  0 1
   205  -3.171938979764375       4   0 0  3 0  0 0  0 1
   206  -22.24584556386812       4   2 0  0 1  0 0  0 1
   207  -43.66252364230449       4   1 1  0 1  0 0  0 1
   208  -22.42911640544616       4   0 2  0 1  0 0  0 1
   209  -.3501939654381532E-02   4   1 0  1 1  0 0  0 1
   210  -.3462978737229689E-02   4   0 1  1 1  0 0  0 1
   211  -10.26547897393124       4   0 0  2 1  0 0  0 1
   212  -.1713324849955136E-02   4   1 0  0 2  0 0  0 1
   213  -.1713216234189787E-02   4   0 1  0 2  0 0  0 1
   214  -10.03667678041775       4   0 0  1 2  0 0  0 1
   215  -3.718741537163720       4   0 0  0 3  0 0  0 1
   216  -.2053779307672885E-03   4   2 0  0 0  0 2  0 0
   217  0.1865693557911223E-03   4   1 1  0 0  0 2  0 0
   218  0.4250214567354943E-03   4   0 2  0 0  0 2  0 0
   219  -.2771041964148887E-01   4   1 0  1 0  0 2  0 0
   220  0.1976034049033242       4   0 1  1 0  0 2  0 0
   221  -.1506262364807580E-03   4   0 0  2 0  0 2  0 0
   222  0.2150295373473006       4   1 0  0 1  0 2  0 0
   223  0.5666190334917786       4   0 1  0 1  0 2  0 0
   224  0.3321455068363360E-03   4   0 0  1 1  0 2  0 0
   225  0.7112889700890179E-03   4   0 0  0 2  0 2  0 0
   226  -.2123185436757126E-03   4   2 0  0 0  0 1  1 0
   227  0.3606768384245103E-03   4   1 1  0 0  0 1  1 0
   228  0.7394754505556569E-03   4   0 2  0 0  0 1  1 0
   229  -.1937626423384798E-01   4   1 0  1 0  0 1  1 0
   230  0.1073151573877005       4   0 1  1 0  0 1  1 0
   231  -.1345807790430871E-03   4   0 0  2 0  0 1  1 0
   232  0.1246640320933854       4   1 0  0 1  0 1  1 0
   233  0.5456420952310407       4   0 1  0 1  0 1  1 0
   234  0.2837962050671676E-03   4   0 0  1 1  0 1  1 0
   235  0.8194636108305463E-03   4   0 0  0 2  0 1  1 0
   236  -.2049586786822618E-03   4   2 0  0 0  0 0  2 0
   237  0.1860755885992867E-03   4   1 1  0 0  0 0  2 0
   238  0.4239519072840441E-03   4   0 2  0 0  0 0  2 0
   239  -.2766009043306547E-01   4   1 0  1 0  0 0  2 0
   240  0.1972652697131189       4   0 1  1 0  0 0  2 0
   241  -.1503329745555390E-03   4   0 0  2 0  0 0  2 0
   242  0.2146562772403399       4   1 0  0 1  0 0  2 0
   243  0.5654893545920645       4   0 1  0 1  0 0  2 0
   244  0.3315075612877469E-03   4   0 0  1 1  0 0  2 0
   245  0.7097803531612236E-03   4   0 0  0 2  0 0  2 0
   246  0.4731475941150341E-03   4   2 0  0 0  0 1  0 1
   247  -.1109656155465078E-03   4   1 1  0 0  0 1  0 1
   248  -.4796475105536171E-03   4   0 2  0 0  0 1  0 1
   249  0.7627369864048046E-01   4   1 0  1 0  0 1  0 1
   250  -.2133604150584830       4   0 1  1 0  0 1  0 1
   251  0.2739562776426103E-03   4   0 0  2 0  0 1  0 1
   252  -.2483300864092244       4   1 0  0 1  0 1  0 1
   253  -.5035922229012236       4   0 1  0 1  0 1  0 1
   254  -.2811696111348692E-03   4   0 0  1 1  0 1  0 1
   255  -.6442968231494257E-03   4   0 0  0 2  0 1  0 1
   256  0.4725108543815477E-03   4   2 0  0 0  0 0  1 1
   257  -.1108162832507314E-03   4   1 1  0 0  0 0  1 1
   258  -.4790020235389163E-03   4   0 2  0 0  0 0  1 1
   259  0.7617105309150567E-01   4   1 0  1 0  0 0  1 1
   260  -.2130732846672247       4   0 1  1 0  0 0  1 1
   261  0.2735876001952706E-03   4   0 0  2 0  0 0  1 1
   262  -.2479958954823258       4   1 0  0 1  0 0  1 1
   263  -.5029145122211222       4   0 1  0 1  0 0  1 1
   264  -.2807912263232675E-03   4   0 0  1 1  0 0  1 1
   265  -.6434297588494884E-03   4   0 0  0 2  0 0  1 1
   266  -.3235471711355571E-03   4   2 0  0 0  0 0  0 2
   267  -.6095222636423995E-03   4   1 1  0 0  0 0  0 2
   268  -.2848793283625885E-03   4   0 2  0 0  0 0  0 2
   269  -.7769674961377308E-01   4   1 0  1 0  0 0  0 2
   270  -.7503015751095599E-01   4   0 1  1 0  0 0  0 2
   271  -.1116964515076527E-03   4   0 0  2 0  0 0  0 2
   272  -.5772388779550218E-01   4   1 0  0 1  0 0  0 2
   273  -.5699856993198229E-01   4   0 1  0 1  0 0  0 2
   274  -.2481009367893608E-03   4   0 0  1 1  0 0  0 2
   275  -.1299872138064903E-03   4   0 0  0 2  0 0  0 2
   276  -.4387072061384842E-05   4   1 0  0 0  0 3  0 0
   277  -.2514731921531147E-04   4   0 1  0 0  0 3  0 0
   278  -.4526315962873737E-01   4   0 0  1 0  0 3  0 0
   279  0.3954504831819857       4   0 0  0 1  0 3  0 0
   280  -.3063154243652939E-05   4   1 0  0 0  0 2  1 0
   281  -.1809425834310826E-04   4   0 1  0 0  0 2  1 0
   282  -.2539077782798518E-01   4   0 0  1 0  0 2  1 0
   283  0.1887440528540351       4   0 0  0 1  0 2  1 0
   284  -.3065814825144878E-05   4   1 0  0 0  0 1  2 0
   285  -.1810842754391906E-04   4   0 1  0 0  0 1  2 0
   286  -.2543076983947538E-01   4   0 0  1 0  0 1  2 0
   287  0.1891602422409666       4   0 0  0 1  0 1  2 0
   288  -.4376157843948409E-05   4   1 0  0 0  0 0  3 0
   289  -.2508439731516785E-04   4   0 1  0 0  0 0  3 0
   290  -.4515472827922858E-01   4   0 0  1 0  0 0  3 0
   291  0.3945253852158571       4   0 0  0 1  0 0  3 0
   292  0.6051388058548284E-05   4   1 0  0 0  0 2  0 1
   293  0.3244409185252768E-04   4   0 1  0 0  0 2  0 1
   294  0.1059829784634833       4   0 0  1 0  0 2  0 1
   295  -.3773442118217597       4   0 0  0 1  0 2  0 1
   296  0.4848948190111252E-05   4   1 0  0 0  0 1  1 1
   297  0.2613200502529132E-04   4   0 1  0 0  0 1  1 1
   298  0.6630408618808944E-01   4   0 0  1 0  0 1  1 1
   299  -.1727191312083676       4   0 0  0 1  0 1  1 1
   300  0.6039981642616469E-05   4   1 0  0 0  0 0  2 1
   301  0.3238284651238159E-04   4   0 1  0 0  0 0  2 1
   302  0.1057957371086776       4   0 0  1 0  0 0  2 1
   303  -.3767201811317022       4   0 0  0 1  0 0  2 1
   304  -.1199156186959912E-05   4   1 0  0 0  0 1  0 2
   305  -.3407447609389728E-05   4   0 1  0 0  0 1  0 2
   306  -.6625494006287445E-01   4   0 0  1 0  0 1  0 2
   307  -.1188187453599698       4   0 0  0 1  0 1  0 2
   308  -.1197542419077723E-05   4   1 0  0 0  0 0  1 2
   309  -.3402862026984412E-05   4   0 1  0 0  0 0  1 2
   310  -.6616577728702520E-01   4   0 0  1 0  0 0  1 2
   311  -.1186588446921981       4   0 0  0 1  0 0  1 2
   312  0.3117899073624718E-06   4   1 0  0 0  0 0  0 3
   313  0.2543372006919543E-06   4   0 1  0 0  0 0  0 3
   314  -.4422523898537532E-02   4   0 0  1 0  0 0  0 3
   315  -.3612972460756723E-02   4   0 0  0 1  0 0  0 3
   316  -.6868880641114273E-05   4   0 0  0 0  0 4  0 0
   317  -.3528762016410143E-05   4   0 0  0 0  0 3  1 0
   318  -.3085599361324795E-05   4   0 0  0 0  0 2  2 0
   319  -.3538320277121752E-05   4   0 0  0 0  0 1  3 0
   320  -.6848029410429676E-05   4   0 0  0 0  0 0  4 0
   321  0.7345042575467153E-05   4   0 0  0 0  0 3  0 1
   322  0.3672069200386300E-05   4   0 0  0 0  0 2  1 1
   323  0.3679463618718967E-05   4   0 0  0 0  0 1  2 1
   324  0.7327748142526916E-05   4   0 0  0 0  0 0  3 1
   325  0.5756712072144125E-06   4   0 0  0 0  0 2  0 2
   326  0.6852096478146133E-06   4   0 0  0 0  0 1  1 2
   327  0.5744354346085826E-06   4   0 0  0 0  0 0  2 2
   328  0.4607836298167601E-08   4   0 0  0 0  0 1  0 3
   329  0.4601635289237345E-08   4   0 0  0 0  0 0  1 3
   330  -.1381716142244077E-13   4   0 0  0 0  0 0  0 4
   ----------------------------------------------------
     I  COEFFICIENT            ORDER EXPONENTS
     1  0.8537328345688209E-08   0   0 0  0 0  0 0  0 0
     2  -.2857084158010809E-05   1   1 0  0 0  0 0  0 0
     3  -.3622981138769521E-05   1   0 1  0 0  0 0  0 0
     4  0.2142599105306753E-04   1   0 0  1 0  0 0  0 0
     5  0.3355884507875438E-05   1   0 0  0 1  0 0  0 0
     6   1.000000000000000       1   0 0  0 0  1 0  0 0
     7  0.2859789911373189       1   0 0  0 0  0 1  0 0
     8  -.2859789893371660       1   0 0  0 0  0 0  1 0
     9  -.1800158713815852E-08   1   0 0  0 0  0 0  0 1
    10  -.1600919344357973       2   2 0  0 0  0 0  0 0
    11  -.4993530226561144       2   1 1  0 0  0 0  0 0
    12  -.6039039524615764       2   0 2  0 0  0 0  0 0
    13  -.1061868956808422E-04   2   1 0  1 0  0 0  0 0
    14  -.1592002233053045E-04   2   0 1  1 0  0 0  0 0
    15  -.1229762530334496       2   0 0  2 0  0 0  0 0
    16  -.1582100335952244E-04   2   1 0  0 1  0 0  0 0
    17  -.1977300953513767E-04   2   0 1  0 1  0 0  0 0
    18  -.3494935264923911E-01   2   0 0  1 1  0 0  0 0
    19  -.2194999435441024       2   0 0  0 2  0 0  0 0
    20  0.4255222457704638E-05   2   1 0  0 0  0 1  0 0
    21  0.6624641633702839E-05   2   0 1  0 0  0 1  0 0
    22  -.3075949774523765E-04   2   0 0  1 0  0 1  0 0
    23  -.1400122780455483E-04   2   0 0  0 1  0 1  0 0
    24  0.1400107953434106E-05   2   1 0  0 0  0 0  1 0
    25  0.3002513557964337E-05   2   0 1  0 0  0 0  1 0
    26  -.9349751803767638E-05   2   0 0  1 0  0 0  1 0
    27  -.1063553757368825E-04   2   0 0  0 1  0 0  1 0
    28  -.5655371596723464E-05   2   1 0  0 0  0 0  0 1
    29  -.6004263417867981E-05   2   0 1  0 0  0 0  0 1
    30  0.4010926792611610E-04   2   0 0  1 0  0 0  0 1
    31  0.2128090433117808E-04   2   0 0  0 1  0 0  0 1
    32  -.2146286625537072       2   0 0  0 0  0 2  0 0
    33  0.1432783314401455       2   0 0  0 0  0 1  1 0
    34  0.7135032858281067E-01   2   0 0  0 0  0 0  2 0
    35  0.2530119231351578E-08   2   0 0  0 0  0 1  0 1
    36  0.7314463953223721E-09   2   0 0  0 0  0 0  1 1
    37  -.7307557795874134E-09   2   0 0  0 0  0 0  0 2
    38  0.7890707508942711E-01   3   3 0  0 0  0 0  0 0
    39  0.2644513792392394       3   2 1  0 0  0 0  0 0
    40  0.2841225791371134       3   1 2  0 0  0 0  0 0
    41  0.9924984753677873E-01   3   0 3  0 0  0 0  0 0
    42  0.4631795652049543E-03   3   2 0  1 0  0 0  0 0
    43  0.8309662357407901E-03   3   1 1  1 0  0 0  0 0
    44  0.5239024980503967E-03   3   0 2  1 0  0 0  0 0
    45  0.4559286843465079E-01   3   1 0  2 0  0 0  0 0
    46  0.8013790269703642E-03   3   0 1  2 0  0 0  0 0
    47  0.1510258229028424E-03   3   0 0  3 0  0 0  0 0
    48  0.3272242513997618E-03   3   2 0  0 1  0 0  0 0
    49  0.5576421487285547E-03   3   1 1  0 1  0 0  0 0
    50  0.3505181119324620E-03   3   0 2  0 1  0 0  0 0
    51  0.3747978148855515E-02   3   1 0  1 1  0 0  0 0
    52  -.6730306799004226E-01   3   0 1  1 1  0 0  0 0
    53  0.4592172218453176E-03   3   0 0  2 1  0 0  0 0
    54  -.3448939726018940E-01   3   1 0  0 2  0 0  0 0
    55  -.6273107462086548E-01   3   0 1  0 2  0 0  0 0
    56  0.4479498460000690E-03   3   0 0  1 2  0 0  0 0
    57  0.1344114200172574E-03   3   0 0  0 3  0 0  0 0
    58  0.2505183174923502       3   2 0  0 0  0 1  0 0
    59  0.9172277495023244       3   1 1  0 0  0 1  0 0
    60   1.142273708053073       3   0 2  0 0  0 1  0 0
    61  0.1601006607642875E-04   3   1 0  1 0  0 1  0 0
    62  0.2900790833905421E-04   3   0 1  1 0  0 1  0 0
    63  0.1762094064312905       3   0 0  2 0  0 1  0 0
    64  0.2888895010747581E-04   3   1 0  0 1  0 1  0 0
    65  0.4450045001143843E-04   3   0 1  0 1  0 1  0 0
    66  0.1551533488916304       3   0 0  1 1  0 1  0 0
    67  0.3446159933456999       3   0 0  0 2  0 1  0 0
    68  0.9051999571981902E-01   3   2 0  0 0  0 0  1 0
    69  0.4179838181312767       3   1 1  0 0  0 0  1 0
    70  0.5384570902506316       3   0 2  0 0  0 0  1 0
    71  0.5375912985534804E-05   3   1 0  1 0  0 0  1 0
    72  0.1301971385939470E-04   3   0 1  1 0  0 0  1 0
    73  0.5332687928248542E-01   3   0 0  2 0  0 0  1 0
    74  0.1303858571757861E-04   3   1 0  0 1  0 0  1 0
    75  0.2463934127958222E-04   3   0 1  0 1  0 0  1 0
    76  0.1200893343960395       3   0 0  1 1  0 0  1 0
    77  0.1252427279448227       3   0 0  0 2  0 0  1 0
    78  -.3410386203807687       3   2 0  0 0  0 0  0 1
    79  -.8358593922347228       3   1 1  0 0  0 0  0 1
    80  -.4729235975678165       3   0 2  0 0  0 0  0 1
    81  -.2134022801318154E-04   3   1 0  1 0  0 0  0 1
    82  -.2596691638490619E-04   3   0 1  1 0  0 0  0 1
    83  -.2295364483940525       3   0 0  2 0  0 0  0 1
    84  -.2602322986216928E-04   3   1 0  0 1  0 0  0 1
    85  -.2939071136703964E-04   3   0 1  0 1  0 0  0 1
    86  -.2402935403489545       3   0 0  1 1  0 0  0 1
    87  -.3085894557787307E-01   3   0 0  0 2  0 0  0 1
    88  -.5283041645352402E-05   3   1 0  0 0  0 2  0 0
    89  -.9447097814142304E-05   3   0 1  0 0  0 2  0 0
    90  0.3711339934566217E-04   3   0 0  1 0  0 2  0 0
    91  0.2589038654361763E-04   3   0 0  0 1  0 2  0 0
    92  -.2056926777373643E-05   3   1 0  0 0  0 1  1 0
    93  -.5645955939889192E-05   3   0 1  0 0  0 1  1 0
    94  0.1272007112185239E-04   3   0 0  1 0  0 1  1 0
    95  0.2377891133716509E-04   3   0 0  0 1  0 1  1 0
    96  -.1029934723854267E-05   3   1 0  0 0  0 0  2 0
    97  -.2823626721300743E-05   3   0 1  0 0  0 0  2 0
    98  0.6372133513020973E-05   3   0 0  1 0  0 0  2 0
    99  0.1188285325336068E-04   3   0 0  0 1  0 0  2 0
   100  0.8367002608916849E-05   3   1 0  0 0  0 1  0 1
   101  0.1129026629459131E-04   3   0 1  0 0  0 1  0 1
   102  -.5619198865366042E-04   3   0 0  1 0  0 1  0 1
   103  -.4756208443615437E-04   3   0 0  0 1  0 1  0 1
   104  0.2715711164860671E-05   3   1 0  0 0  0 0  1 1
   105  0.5287180367322584E-05   3   0 1  0 0  0 0  1 1
   106  -.1611625540177719E-04   3   0 0  1 0  0 0  1 1
   107  -.2627553092997243E-04   3   0 0  0 1  0 0  1 1
   108  -.2713605176756056E-05   3   1 0  0 0  0 0  0 2
   109  -.2284494586338468E-05   3   0 1  0 0  0 0  0 2
   110  0.1610078897160636E-04   3   0 0  1 0  0 0  0 2
   111  0.1563916127817378E-04   3   0 0  0 1  0 0  0 2
   112  0.1788813494363200       3   0 0  0 0  0 3  0 0
   113  -.1073867923367355       3   0 0  0 0  0 2  1 0
   114  -.3589155512503765E-01   3   0 0  0 0  0 1  2 0
   115  -.3560303935876687E-01   3   0 0  0 0  0 0  3 0
   116  -.2786056771937654E-08   3   0 0  0 0  0 2  0 1
   117  -.8156498598166388E-11   3   0 0  0 0  0 1  1 1
   118  -.5949047908712382E-11   3   0 0  0 0  0 0  2 1
   119  0.4224177995678514E-09   3   0 0  0 0  0 1  0 2
   120  0.3832311611152970E-10   3   0 0  0 0  0 0  1 2
   121  0.7616012438930720E-10   3   0 0  0 0  0 0  0 3
   122  -.8778989690011607       4   4 0  0 0  0 0  0 0
   123  -4.581574821553174       4   3 1  0 0  0 0  0 0
   124  -9.277318487153851       4   2 2  0 0  0 0  0 0
   125  -8.517353400398978       4   1 3  0 0  0 0  0 0
   126  -3.224504999967384       4   0 4  0 0  0 0  0 0
   127  0.5249028389244488E-03   4   3 0  1 0  0 0  0 0
   128  0.3217860148425111E-02   4   2 1  1 0  0 0  0 0
   129  0.4475103317809233E-02   4   1 2  1 0  0 0  0 0
   130  0.1792893137368428E-02   4   0 3  1 0  0 0  0 0
   131  -3.100377529300799       4   2 0  2 0  0 0  0 0
   132  -6.099553529530580       4   1 1  2 0  0 0  0 0
   133  -3.715945865573478       4   0 2  2 0  0 0  0 0
   134  0.2859537013848830E-02   4   1 0  3 0  0 0  0 0
   135  0.2071193049833975E-02   4   0 1  3 0  0 0  0 0
   136  -.5724059899684540       4   0 0  4 0  0 0  0 0
   137  0.1191093515414773E-02   4   3 0  0 1  0 0  0 0
   138  0.4929825512817166E-02   4   2 1  0 1  0 0  0 0
   139  0.5970032130167407E-02   4   1 2  0 1  0 0  0 0
   140  0.2233202655821102E-02   4   0 3  0 1  0 0  0 0
   141  -4.557322877349304       4   2 0  1 1  0 0  0 0
   142  -8.288590370081424       4   1 1  1 1  0 0  0 0
   143  -4.844367635375392       4   0 2  1 1  0 0  0 0
   144  0.6612355254126996E-02   4   1 0  2 1  0 0  0 0
   145  0.4587673060324616E-02   4   0 1  2 1  0 0  0 0
   146  -1.942094700837335       4   0 0  3 1  0 0  0 0
   147  -1.511633839589609       4   2 0  0 2  0 0  0 0
   148  -2.904269476900327       4   1 1  0 2  0 0  0 0
   149  -2.198933536353547       4   0 2  0 2  0 0  0 0
   150  0.4883008467230048E-02   4   1 0  1 2  0 0  0 0
   151  0.3120363542003090E-02   4   0 1  1 2  0 0  0 0
   152  -2.507022030966636       4   0 0  2 2  0 0  0 0
   153  0.1088656489518911E-02   4   1 0  0 3  0 0  0 0
   154  0.5636406880029030E-03   4   0 1  0 3  0 0  0 0
   155  -1.384488681759997       4   0 0  1 3  0 0  0 0
   156  -.3843419330378347       4   0 0  0 4  0 0  0 0
   157  -.1296315823983721       4   3 0  0 0  0 1  0 0
   158  -.5396646531567427       4   2 1  0 0  0 1  0 0
   159  -.7029872166232560       4   1 2  0 0  0 1  0 0
   160  -.2907506229381766       4   0 3  0 0  0 1  0 0
   161  -.6328704996775528E-06   4   2 0  1 0  0 1  0 0
   162  -.4061168013104447E-03   4   1 1  1 0  0 1  0 0
   163  -.5443490326449848E-03   4   0 2  1 0  0 1  0 0
   164  -.6111414841152488E-01   4   1 0  2 0  0 1  0 0
   165  -.1700285730004375E-01   4   0 1  2 0  0 1  0 0
   166  -.1017781081415013E-03   4   0 0  3 0  0 1  0 0
   167  -.1035427804926262E-03   4   2 0  0 1  0 1  0 0
   168  -.2848227775231036E-03   4   1 1  0 1  0 1  0 0
   169  -.3169839701864242E-03   4   0 2  0 1  0 1  0 0
   170  -.3827503689117995E-01   4   1 0  1 1  0 1  0 0
   171  0.1017152651353261       4   0 1  1 1  0 1  0 0
   172  -.4267014797658802E-03   4   0 0  2 1  0 1  0 0
   173  0.5263281486615443E-01   4   1 0  0 2  0 1  0 0
   174  0.1402627336918222       4   0 1  0 2  0 1  0 0
   175  -.6984711082778349E-03   4   0 0  1 2  0 1  0 0
   176  -.3181513318175366E-03   4   0 0  0 3  0 1  0 0
   177  -.5026600286861604E-01   4   3 0  0 0  0 0  1 0
   178  -.2731752721562309       4   2 1  0 0  0 0  1 0
   179  -.4160690946033173       4   1 2  0 0  0 0  1 0
   180  -.1902263421873839       4   0 3  0 0  0 0  1 0
   181  -.1569410134906444E-04   4   2 0  1 0  0 0  1 0
   182  -.4728764023108320E-03   4   1 1  1 0  0 0  1 0
   183  -.5106225386923556E-03   4   0 2  1 0  0 0  1 0
   184  -.1538618179549191E-01   4   1 0  2 0  0 0  1 0
   185  -.1562262092845801E-01   4   0 1  2 0  0 0  1 0
   186  -.6786012195117936E-04   4   0 0  3 0  0 0  1 0
   187  -.1460869658735416E-03   4   2 0  0 1  0 0  1 0
   188  -.4637986161674147E-03   4   1 1  0 1  0 0  1 0
   189  -.3989585468096677E-03   4   0 2  0 1  0 0  1 0
   190  -.3423346629288334E-01   4   1 0  1 1  0 0  1 0
   191  0.3526211675676436E-01   4   0 1  1 1  0 0  1 0
   192  -.3111236054976214E-03   4   0 0  2 1  0 0  1 0
   193  0.1832505658856177E-01   4   1 0  0 2  0 0  1 0
   194  0.7792300956316447E-01   4   0 1  0 2  0 0  1 0
   195  -.5212356236844974E-03   4   0 0  1 2  0 0  1 0
   196  -.2450237056983059E-03   4   0 0  0 3  0 0  1 0
   197  0.1792756148563505       4   3 0  0 0  0 0  0 1
   198  0.5450861961380673       4   2 1  0 0  0 0  0 1
   199  0.5456558334844903       4   1 2  0 0  0 0  0 1
   200  0.1804877414174044       4   0 3  0 0  0 0  0 1
   201  0.1055176109200513E-03   4   2 0  1 0  0 0  0 1
   202  0.3279524818055798E-03   4   1 1  1 0  0 0  0 1
   203  0.3198457161581688E-03   4   0 2  1 0  0 0  0 1
   204  0.7617769450998105E-01   4   1 0  2 0  0 0  0 1
   205  0.3070376544469861E-01   4   0 1  2 0  0 0  0 1
   206  0.2086945549847026E-03   4   0 0  3 0  0 0  0 1
   207  -.8555443662509112E-04   4   2 0  0 1  0 0  0 1
   208  -.1553732915006831E-03   4   1 1  0 1  0 0  0 1
   209  0.3131814198432336E-04   4   0 2  0 1  0 0  0 1
   210  0.6826061829071219E-01   4   1 0  1 1  0 0  0 1
   211  -.3958202537180978E-02   4   0 1  1 1  0 0  0 1
   212  0.4272594403401137E-03   4   0 0  2 1  0 0  0 1
   213  -.2368646812067333E-02   4   1 0  0 2  0 0  0 1
   214  -.3097783603213338E-01   4   0 1  0 2  0 0  0 1
   215  0.3290906888635471E-03   4   0 0  1 2  0 0  0 1
   216  0.1177294858698458E-03   4   0 0  0 3  0 0  0 1
   217  -.3238952986893506       4   2 0  0 0  0 2  0 0
   218  -1.324512016349449       4   1 1  0 0  0 2  0 0
   219  -1.707499587255747       4   0 2  0 0  0 2  0 0
   220  -.2294146321298832E-04   4   1 0  1 0  0 2  0 0
   221  -.5099397991707360E-04   4   0 1  1 0  0 2  0 0
   222  -.2122775583723933       4   0 0  2 0  0 2  0 0
   223  -.5174468265876928E-04   4   1 0  0 1  0 2  0 0
   224  -.8907063026194569E-04   4   0 1  0 1  0 2  0 0
   225  -.2897468130537340       4   0 0  1 1  0 2  0 0
   226  -.4676491054485986       4   0 0  0 2  0 2  0 0
   227  -.1467653393483554       4   2 0  0 0  0 1  1 0
   228  -.8145329751356383       4   1 1  0 0  0 1  1 0
   229  -1.130349462808990       4   0 2  0 0  0 1  1 0
   230  -.9086425846581648E-05   4   1 0  1 0  0 1  1 0
   231  -.2838631079349271E-04   4   0 1  1 0  0 1  1 0
   232  -.7220648296753043E-01   4   0 0  2 0  0 1  1 0
   233  -.2918847138485629E-04   4   1 0  0 1  0 1  1 0
   234  -.6389496440043154E-04   4   0 1  0 1  0 1  1 0
   235  -.2691915704327245       4   0 0  1 1  0 1  1 0
   236  -.2460926814834754       4   0 0  0 2  0 1  1 0
   237  -.7345218364701553E-01   4   2 0  0 0  0 0  2 0
   238  -.4073344563794837       4   1 1  0 0  0 0  2 0
   239  -.5651813078098946       4   0 2  0 0  0 0  2 0
   240  -.4583830564109767E-05   4   1 0  1 0  0 0  2 0
   241  -.1423513549661091E-04   4   0 1  1 0  0 0  2 0
   242  -.3617299146778725E-01   4   0 0  2 0  0 0  2 0
   243  -.1462466888931441E-04   4   1 0  0 1  0 0  2 0
   244  -.3195545798548368E-04   4   0 1  0 1  0 0  2 0
   245  -.1345188034881416       4   0 0  1 1  0 0  2 0
   246  -.1231122239291971       4   0 0  0 2  0 0  2 0
   247  0.5439981663088755       4   2 0  0 0  0 1  0 1
   248   1.629021642512776       4   1 1  0 0  0 1  0 1
   249   1.118486379806887       4   0 2  0 0  0 1  0 1
   250  0.2911373102658732E-04   4   1 0  1 0  0 1  0 1
   251  0.5121351710902986E-04   4   0 1  1 0  0 1  0 1
   252  0.3205748741139053       4   0 0  2 0  0 1  0 1
   253  0.5249368206183113E-04   4   1 0  0 1  0 1  0 1
   254  0.7574462719039489E-04   4   0 1  0 1  0 1  0 1
   255  0.5384251526776090       4   0 0  1 1  0 1  0 1
   256  0.1475673653472890       4   0 0  0 2  0 1  0 1
   257  0.2031333536140058       4   2 0  0 0  0 0  1 1
   258  0.7931981543811295       4   1 1  0 0  0 0  1 1
   259  0.6453206893516559       4   0 2  0 0  0 0  1 1
   260  0.9871394625890163E-05   4   1 0  1 0  0 0  1 1
   261  0.2362654746772609E-04   4   0 1  1 0  0 0  1 1
   262  0.9123222458323393E-01   4   0 0  2 0  0 0  1 1
   263  0.2449902574190881E-04   4   1 0  0 1  0 0  1 1
   264  0.4158250277113732E-04   4   0 1  0 1  0 0  1 1
   265  0.2980668065553606       4   0 0  1 1  0 0  1 1
   266  0.1165987165883240       4   0 0  0 2  0 0  1 1
   267  -.2030319115650537       4   2 0  0 0  0 0  0 2
   268  -.3752230749710972       4   1 1  0 0  0 0  0 2
   269  -.1725050666599906       4   0 2  0 0  0 0  0 2
   270  -.7577973100613767E-05   4   1 0  1 0  0 0  0 2
   271  -.6839376601527440E-05   4   0 1  1 0  0 0  0 2
   272  -.9114250328464571E-01   4   0 0  2 0  0 0  0 2
   273  -.7370853636311044E-05   4   1 0  0 1  0 0  0 2
   274  -.6704771789640063E-05   4   0 1  0 1  0 0  0 2
   275  -.1779658551176255       4   0 0  1 1  0 0  0 2
   276  -.8580106408362945E-01   4   0 0  0 2  0 0  0 2
   277  -.9752109199050449E-04   4   1 0  0 0  0 3  0 0
   278  -.1874682669709348E-03   4   0 1  0 0  0 3  0 0
   279  -.4851603041907573E-04   4   0 0  1 0  0 3  0 0
   280  -.3105836964879887E-04   4   0 0  0 1  0 3  0 0
   281  -.4849474602432201E-04   4   1 0  0 0  0 2  1 0
   282  -.9036282801951842E-04   4   0 1  0 0  0 2  1 0
   283  -.1638635591526459E-04   4   0 0  1 0  0 2  1 0
   284  -.3364068016080358E-04   4   0 0  0 1  0 2  1 0
   285  -.3017220374299546E-04   4   1 0  0 0  0 1  2 0
   286  -.5587206158620998E-04   4   0 1  0 0  0 1  2 0
   287  -.9183455081484478E-05   4   0 0  1 0  0 1  2 0
   288  -.2297108311754102E-04   4   0 0  0 1  0 1  2 0
   289  -.1618826995437132E-04   4   1 0  0 0  0 0  3 0
   290  -.3016860442912292E-04   4   0 1  0 0  0 0  3 0
   291  -.5481324192281202E-05   4   0 0  1 0  0 0  3 0
   292  -.1120425736165007E-04   4   0 0  0 1  0 0  3 0
   293  0.8433523239799817E-04   4   1 0  0 0  0 2  0 1
   294  0.7020984954853318E-04   4   0 1  0 0  0 2  0 1
   295  0.5463371774377409E-04   4   0 0  1 0  0 2  0 1
   296  0.7871684873800446E-04   4   0 0  0 1  0 2  0 1
   297  0.4211942179390789E-04   4   1 0  0 0  0 1  1 1
   298  0.3602284208956092E-04   4   0 1  0 0  0 1  1 1
   299  0.1503416785383675E-04   4   0 0  1 0  0 1  1 1
   300  0.5296606246121773E-04   4   0 0  0 1  0 1  1 1
   301  0.2107378477823907E-04   4   1 0  0 0  0 0  2 1
   302  0.1802211446865126E-04   4   0 1  0 0  0 0  2 1
   303  0.7538747131249232E-05   4   0 0  1 0  0 0  2 1
   304  0.2648281552710838E-04   4   0 0  0 1  0 0  2 1
   305  -.2347667159701885E-06   4   1 0  0 0  0 1  0 2
   306  0.1185885396479220E-05   4   0 1  0 0  0 1  0 2
   307  -.7763740911132072E-05   4   0 0  1 0  0 1  0 2
   308  -.1584411806504429E-04   4   0 0  0 1  0 1  0 2
   309  -.1844283019843368E-05   4   1 0  0 0  0 0  1 2
   310  -.3324014644637948E-06   4   0 1  0 0  0 0  1 2
   311  -.3653479959600331E-06   4   0 0  1 0  0 0  1 2
   312  -.8162194876686857E-05   4   0 0  0 1  0 0  1 2
   313  -.3636883218107301E-07   4   1 0  0 0  0 0  0 3
   314  -.1284010296787137E-07   4   0 1  0 0  0 0  0 3
   315  -.1732365485334888E-05   4   0 0  1 0  0 0  0 3
   316  -.1565731219115422E-05   4   0 0  0 1  0 0  0 3
   317  -.1565302497647472       4   0 0  0 0  0 4  0 0
   318  0.8947684486182118E-01   4   0 0  0 0  0 3  1 0
   319  0.2686485633274682E-01   4   0 0  0 0  0 2  2 0
   320  0.1798162771570742E-01   4   0 0  0 0  0 1  3 0
   321  0.2220686190244469E-01   4   0 0  0 0  0 0  4 0
   322  0.3832495615973174E-08   4   0 0  0 0  0 3  0 1
   323  0.2230892873909693E-08   4   0 0  0 0  0 2  1 1
   324  0.1810767378320073E-08   4   0 0  0 0  0 1  2 1
   325  0.6315546487327429E-09   4   0 0  0 0  0 0  3 1
   326  -.5069397606501095E-09   4   0 0  0 0  0 2  0 2
   327  -.8867109478764880E-10   4   0 0  0 0  0 1  1 2
   328  -.4484751763010677E-10   4   0 0  0 0  0 0  2 2
   329  -.1453059002104206E-09   4   0 0  0 0  0 1  0 3
   330  -.6915507747098813E-10   4   0 0  0 0  0 0  1 3
   331  -.5406864981757954E-11   4   0 0  0 0  0 0  0 4
   ----------------------------------------------------
     I  COEFFICIENT            ORDER EXPONENTS
     1   1.000000000000000       1   0 0  0 0  0 1  0 0
     --------------------------------------------------
     I  COEFFICIENT            ORDER EXPONENTS
     1   1.000000000000000       1   0 0  0 0  0 0  1 0
     --------------------------------------------------
     I  COEFFICIENT            ORDER EXPONENTS
     1   1.000000000000000       1   0 0  0 0  0 0  0 1
     --------------------------------------------------
