 L    0.1145458000000000E+01
 P (  0.0000000000000000E+00,  0.0000000000000000E+00,  0.9555200000000000E-01)
 A (  0.0000000000000000E+00,  0.0000000000000000E+00,  0.0000000000000000E+00)
     I  COEFFICIENT            ORDER EXPONENTS
     1  0.9471831166161965E-04   0   0 0  0 0  0 0  0 0
     2   1.489808266940746       1   1 0  0 0  0 0  0 0
     3   1.580314529424690       1   0 1  0 0  0 0  0 0
     4  0.1465832593514190E-04   1   0 0  1 0  0 0  0 0
     5  0.1288703086548151E-04   1   0 0  0 1  0 0  0 0
     6  -.8639880903656761E-06   1   0 0  0 0  0 1  0 0
     7  -.8628253759121508E-06   1   0 0  0 0  0 0  1 0
     8  0.1726813467904795E-05   1   0 0  0 0  0 0  0 1
     9  -.1198272852798669       2   2 0  0 0  0 0  0 0
    10  -.2142944916411952       2   1 1  0 0  0 0  0 0
    11  -.9631701510035273E-01   2   0 2  0 0  0 0  0 0
    12  0.4844423663359698E-03   2   1 0  1 0  0 0  0 0
    13  0.1472498443003870E-03   2   0 1  1 0  0 0  0 0
    14  0.9219266742472877E-01   2   0 0  2 0  0 0  0 0
    15  0.4685901821871500E-03   2   1 0  0 1  0 0  0 0
    16  0.2024713987391737E-03   2   0 1  0 1  0 0  0 0
    17  0.1646198777814246       2   0 0  1 1  0 0  0 0
    18  0.7407050243211398E-01   2   0 0  0 2  0 0  0 0
    19  -.2611500535354073       2   1 0  0 0  0 1  0 0
    20  -1.021682853759261       2   0 1  0 0  0 1  0 0
    21  -.7912627834494490E-05   2   0 0  1 0  0 1  0 0
    22  -.1344388555279800E-04   2   0 0  0 1  0 1  0 0
    23  -.2607986101009354       2   1 0  0 0  0 0  1 0
    24  -1.020307921124917       2   0 1  0 0  0 0  1 0
    25  -.7901979392864085E-05   2   0 0  1 0  0 0  1 0
    26  -.1342579340520945E-04   2   0 0  0 1  0 0  1 0
    27  0.5219486636612778       2   1 0  0 0  0 0  0 1
    28  0.4616762454847462       2   0 1  0 0  0 0  0 1
    29  0.1581458897652473E-04   2   0 0  1 0  0 0  0 1
    30  0.1398263059469517E-04   2   0 0  0 1  0 0  0 1
    31  0.5200591438071732E-06   2   0 0  0 0  0 2  0 0
    32  0.1770695201241386E-06   2   0 0  0 0  0 1  1 0
    33  0.5192401267397627E-06   2   0 0  0 0  0 0  2 0
    34  -.3532585000483176E-06   2   0 0  0 0  0 1  0 1
    35  -.3527831014074940E-06   2   0 0  0 0  0 0  1 1
    36  -.5103816297548258E-06   2   0 0  0 0  0 0  0 2
    37  0.9087653887113307       3   3 0  0 0  0 0  0 0
    38   4.978158765340355       3   2 1  0 0  0 0  0 0
    39   7.315617870135759       3   1 2  0 0  0 0  0 0
    40   4.005522678622802       3   0 3  0 0  0 0  0 0
    41  -.9658553292088833E-02   3   2 0  1 0  0 0  0 0
    42  -.1708860657695326E-01   3   1 1  1 0  0 0  0 0
    43  -.7575520312421849E-02   3   0 2  1 0  0 0  0 0
    44  -1.236474428290533       3   1 0  2 0  0 0  0 0
    45  0.2545287039287293       3   0 1  2 0  0 0  0 0
    46  0.2458978835953786E-02   3   0 0  3 0  0 0  0 0
    47  -.8734076259614192E-02   3   2 0  0 1  0 0  0 0
    48  -.1556717699089206E-01   3   1 1  0 1  0 0  0 0
    49  -.6946456275334585E-02   3   0 2  0 1  0 0  0 0
    50  -3.297976284710005       3   1 0  1 1  0 0  0 0
    51  -.9679966658448795       3   0 1  1 1  0 0  0 0
    52  0.6572931050878306E-02   3   0 0  2 1  0 0  0 0
    53  -1.437241928619135       3   1 0  0 2  0 0  0 0
    54  0.1943313682926011       3   0 1  0 2  0 0  0 0
    55  0.5913023685040308E-02   3   0 0  1 2  0 0  0 0
    56  0.1797161979002810E-02   3   0 0  0 3  0 0  0 0
    57  0.7160942306347176E-01   3   2 0  0 0  0 1  0 0
    58  0.2349487003126549       3   1 1  0 0  0 1  0 0
    59  0.1535928930590187       3   0 2  0 0  0 1  0 0
    60  -.3050328499062859E-03   3   1 0  1 0  0 1  0 0
    61  -.1752644300028001E-03   3   0 1  1 0  0 1  0 0
    62  -.4348811648089397E-01   3   0 0  2 0  0 1  0 0
    63  -.5698583461956095E-03   3   1 0  0 1  0 1  0 0
    64  -.3713528486022897E-03   3   0 1  0 1  0 1  0 0
    65  -.1595738602383172       3   0 0  1 1  0 1  0 0
    66  -.1087106332560792       3   0 0  0 2  0 1  0 0
    67  0.7151305447674855E-01   3   2 0  0 0  0 0  1 0
    68  0.2346325174245236       3   1 1  0 0  0 0  1 0
    69  0.1533861949821226       3   0 2  0 0  0 0  1 0
    70  -.3046223510725817E-03   3   1 0  1 0  0 0  1 0
    71  -.1750285673928277E-03   3   0 1  1 0  0 0  1 0
    72  -.4342959222325783E-01   3   0 0  2 0  0 0  1 0
    73  -.5690914576897919E-03   3   1 0  0 1  0 0  1 0
    74  -.3708530994398933E-03   3   0 1  0 1  0 0  1 0
    75  -.1593591132576638       3   0 0  1 1  0 0  1 0
    76  -.1085643356091977       3   0 0  0 2  0 0  1 0
    77  -.1431227062635047       3   2 0  0 0  0 0  0 1
    78  -.2552870995865106       3   1 1  0 0  0 0  0 1
    79  -.1143452091759121       3   0 2  0 0  0 0  0 1
    80  0.6090284727525915E-03   3   1 0  1 0  0 0  0 1
    81  0.2024008327606683E-03   3   0 1  1 0  0 0  0 1
    82  0.8691784860780639E-01   3   0 0  2 0  0 0  0 1
    83  0.6697074752682669E-03   3   1 0  0 1  0 0  0 1
    84  0.3365918849413468E-03   3   0 1  0 1  0 0  0 1
    85  0.1543133148150992       3   0 0  1 1  0 0  0 1
    86  0.6913404828204196E-01   3   0 0  0 2  0 0  0 1
    87  0.2040719500366220       3   1 0  0 0  0 2  0 0
    88  0.8885460764677995       3   0 1  0 0  0 2  0 0
    89  0.6239071761575326E-05   3   0 0  1 0  0 2  0 0
    90  0.1388357429103215E-04   3   0 0  0 1  0 2  0 0
    91  0.1471470786871434       3   1 0  0 0  0 1  1 0
    92  0.7557659630680202       3   0 1  0 0  0 1  1 0
    93  0.4514828001469160E-05   3   0 0  1 0  0 1  1 0
    94  0.1426087703960880E-04   3   0 0  0 1  0 1  1 0
    95  0.2036983078219924       3   1 0  0 0  0 0  2 0
    96  0.8868417759262743       3   0 1  0 0  0 0  2 0
    97  0.6227637591549698E-05   3   0 0  1 0  0 0  2 0
    98  0.1385529462297397E-04   3   0 0  0 1  0 0  2 0
    99  -.2941412581976596       3   1 0  0 0  0 1  0 1
   100  -.4894931331729127       3   0 1  0 0  0 1  0 1
   101  -.8984269503475706E-05   3   0 0  1 0  0 1  0 1
   102  -.1498992496746279E-04   3   0 0  0 1  0 1  0 1
   103  -.2937454167547744       3   1 0  0 0  0 0  1 1
   104  -.4888343963833008       3   0 1  0 0  0 0  1 1
   105  -.8972178896991887E-05   3   0 0  1 0  0 0  1 1
   106  -.1496975223289227E-04   3   0 0  0 1  0 0  1 1
   107  0.3296909819574500E-01   3   1 0  0 0  0 0  0 2
   108  0.2748762605959571E-01   3   0 1  0 0  0 0  0 2
   109  0.1020313635766365E-05   3   0 0  1 0  0 0  0 2
   110  0.9596358338078051E-06   3   0 0  0 1  0 0  0 2
   111  -.3455213667663173E-06   3   0 0  0 0  0 3  0 0
   112  0.3216031823165571E-08   3   0 0  0 0  0 2  1 0
   113  0.2512998924794552E-08   3   0 0  0 0  0 1  2 0
   114  -.3448260487098783E-06   3   0 0  0 0  0 0  3 0
   115  -.6970006694036388E-08   3   0 0  0 0  0 2  0 1
   116  -.3661224458717686E-06   3   0 0  0 0  0 1  1 1
   117  -.6714271695431910E-08   3   0 0  0 0  0 0  2 1
   118  0.5432809266582590E-06   3   0 0  0 0  0 1  0 2
   119  0.5425498047910546E-06   3   0 0  0 0  0 0  1 2
   120  -.2171469058227868E-07   3   0 0  0 0  0 0  0 3
   121  -13.05626567711233       4   4 0  0 0  0 0  0 0
   122  -48.21422378711402       4   3 1  0 0  0 0  0 0
   123  -67.19175217606494       4   2 2  0 0  0 0  0 0
   124  -41.97093963576843       4   1 3  0 0  0 0  0 0
   125  -9.931587136825367       4   0 4  0 0  0 0  0 0
   126  -.6653890173005687E-02   4   3 0  1 0  0 0  0 0
   127  -.1763380535418111E-01   4   2 1  1 0  0 0  0 0
   128  -.1633393115097170E-01   4   1 2  1 0  0 0  0 0
   129  -.5302932212147947E-02   4   0 3  1 0  0 0  0 0
   130   56.65454636313723       4   2 0  2 0  0 0  0 0
   131   100.4387491957625       4   1 1  2 0  0 0  0 0
   132   44.89172144912822       4   0 2  2 0  0 0  0 0
   133  0.5057531594322559E-02   4   1 0  3 0  0 0  0 0
   134  0.4512322735234160E-02   4   0 1  3 0  0 0  0 0
   135  -7.289532995578815       4   0 0  4 0  0 0  0 0
   136  -.6067759546503636E-02   4   3 0  0 1  0 0  0 0
   137  -.1571034619827966E-01   4   2 1  0 1  0 0  0 0
   138  -.1367035745220193E-01   4   1 2  0 1  0 0  0 0
   139  -.4044391814411555E-02   4   0 3  0 1  0 0  0 0
   140   103.3028608296166       4   2 0  1 1  0 0  0 0
   141   184.4922782918144       4   1 1  1 1  0 0  0 0
   142   83.13551245411088       4   0 2  1 1  0 0  0 0
   143  0.1310609046027103E-01   4   1 0  2 1  0 0  0 0
   144  0.1167203398359758E-01   4   0 1  2 1  0 0  0 0
   145  -25.76683201678635       4   0 0  3 1  0 0  0 0
   146   47.30669070544057       4   2 0  0 2  0 0  0 0
   147   85.00661801390493       4   1 1  0 2  0 0  0 0
   148   38.56931883100712       4   0 2  0 2  0 0  0 0
   149  0.1124648662819396E-01   4   1 0  1 2  0 0  0 0
   150  0.9978978572551714E-02   4   0 1  1 2  0 0  0 0
   151  -34.37290459379932       4   0 0  2 2  0 0  0 0
   152  0.3550697316437702E-02   4   1 0  0 3  0 0  0 0
   153  0.3106839655089471E-02   4   0 1  0 3  0 0  0 0
   154  -20.43073147911861       4   0 0  1 3  0 0  0 0
   155  -4.547378002954417       4   0 0  0 4  0 0  0 0
   156  -1.446860123371350       4   3 0  0 0  0 1  0 0
   157  -8.521984186487289       4   2 1  0 0  0 1  0 0
   158  -14.96340512372791       4   1 2  0 0  0 1  0 0
   159  -9.174730223390871       4   0 3  0 0  0 1  0 0
   160  0.1190956207724998E-02   4   2 0  1 0  0 1  0 0
   161  0.9624005616812708E-02   4   1 1  1 0  0 1  0 0
   162  0.7522101888963015E-02   4   0 2  1 0  0 1  0 0
   163  0.8557944597785607       4   1 0  2 0  0 1  0 0
   164  -.2131718172680939       4   0 1  2 0  0 1  0 0
   165  -.3537227777417469E-03   4   0 0  3 0  0 1  0 0
   166  0.4848116468854030E-02   4   2 0  0 1  0 1  0 0
   167  0.1538257420151704E-01   4   1 1  0 1  0 1  0 0
   168  0.9797408521769243E-02   4   0 2  0 1  0 1  0 0
   169   4.303062581859795       4   1 0  1 1  0 1  0 0
   170   2.068507834075094       4   0 1  1 1  0 1  0 0
   171  -.3905443845984864E-02   4   0 0  2 1  0 1  0 0
   172   2.832882434288725       4   1 0  0 2  0 1  0 0
   173  0.3816303140761479       4   0 1  0 2  0 1  0 0
   174  -.6156664843987367E-02   4   0 0  1 2  0 1  0 0
   175  -.2675165537016236E-02   4   0 0  0 3  0 1  0 0
   176  -1.444913007205402       4   3 0  0 0  0 0  1 0
   177  -8.510515701796082       4   2 1  0 0  0 0  1 0
   178  -14.94326807831300       4   1 2  0 0  0 0  1 0
   179  -9.162383303846191       4   0 3  0 0  0 0  1 0
   180  0.1189353474988468E-02   4   2 0  1 0  0 0  1 0
   181  0.9611054083617288E-02   4   1 1  1 0  0 0  1 0
   182  0.7511978998745238E-02   4   0 2  1 0  0 0  1 0
   183  0.8546427719267877       4   1 0  2 0  0 0  1 0
   184  -.2128849406828537       4   0 1  2 0  0 0  1 0
   185  -.3532467542978389E-03   4   0 0  3 0  0 0  1 0
   186  0.4841592102194066E-02   4   2 0  0 1  0 0  1 0
   187  0.1536187305811226E-01   4   1 1  0 1  0 0  1 0
   188  0.9784223631116529E-02   4   0 2  0 1  0 0  1 0
   189   4.297271723033440       4   1 0  1 1  0 0  1 0
   190   2.065724133717387       4   0 1  1 1  0 0  1 0
   191  -.3900188083714129E-02   4   0 0  2 1  0 0  1 0
   192   2.829070074617778       4   1 0  0 2  0 0  1 0
   193  0.3811167339850725       4   0 1  0 2  0 0  1 0
   194  -.6148379494593892E-02   4   0 0  1 2  0 0  1 0
   195  -.2671565425312704E-02   4   0 0  0 3  0 0  1 0
   196   2.890046920726220       4   3 0  0 0  0 0  0 1
   197   12.04894636134951       4   2 1  0 0  0 0  0 1
   198   15.26979691357913       4   1 2  0 0  0 0  0 1
   199   6.318572251667631       4   0 3  0 0  0 0  0 1
   200  0.6725613914658432E-03   4   2 0  1 0  0 0  0 1
   201  0.1505719019043913E-02   4   1 1  1 0  0 0  0 1
   202  0.8478126479241538E-03   4   0 2  1 0  0 0  0 1
   203  -1.707387045600200       4   1 0  2 0  0 0  0 1
   204  0.1746341199049820       4   0 1  2 0  0 0  0 1
   205  -.5816474769774972E-04   4   0 0  3 0  0 0  0 1
   206  0.7754221863992197E-03   4   2 0  0 1  0 0  0 1
   207  0.1658638253024106E-02   4   1 1  0 1  0 0  0 1
   208  0.9060137280126133E-03   4   0 2  0 1  0 0  0 1
   209  -5.296043596132820       4   1 0  1 1  0 0  0 1
   210  -2.191775027208184       4   0 1  1 1  0 0  0 1
   211  -.1846653211394253E-03   4   0 0  2 1  0 0  0 1
   212  -2.784186706441133       4   1 0  0 2  0 0  0 1
   213  -1.342366540844403       4   0 1  0 2  0 0  0 1
   214  -.1739588842666280E-03   4   0 0  1 2  0 0  0 1
   215  -.4112157466207924E-04   4   0 0  0 3  0 0  0 1
   216  -.6107395895067793E-01   4   2 0  0 0  0 2  0 0
   217  -.2537428737466305       4   1 1  0 0  0 2  0 0
   218  -.2031934360000158       4   0 2  0 0  0 2  0 0
   219  -.4010196419948829E-04   4   1 0  1 0  0 2  0 0
   220  0.7551512932914666E-04   4   0 1  1 0  0 2  0 0
   221  0.3109406840009913E-01   4   0 0  2 0  0 2  0 0
   222  0.4348545426156430E-03   4   1 0  0 1  0 2  0 0
   223  0.5186220014210064E-03   4   0 1  0 1  0 2  0 0
   224  0.1555091670149782       4   0 0  1 1  0 2  0 0
   225  0.1332910994940055       4   0 0  0 2  0 2  0 0
   226  -.4971379358058209E-01   4   2 0  0 0  0 1  1 0
   227  -.2705163457170694       4   1 1  0 0  0 1  1 0
   228  -.2513239219669546       4   0 2  0 0  0 1  1 0
   229  -.1038204442543366E-03   4   1 0  1 0  0 1  1 0
   230  0.7251368356102616E-04   4   0 1  1 0  0 1  1 0
   231  0.1915314552739851E-01   4   0 0  2 0  0 1  1 0
   232  0.5022954007561491E-03   4   1 0  0 1  0 1  1 0
   233  0.6771042282293739E-03   4   0 1  0 1  0 1  1 0
   234  0.1520698807297003       4   0 0  1 1  0 1  1 0
   235  0.1581153002970797       4   0 0  0 2  0 1  1 0
   236  -.6095831725480277E-01   4   2 0  0 0  0 0  2 0
   237  -.2532193744710943       4   1 1  0 0  0 0  2 0
   238  -.2027508779051740       4   0 2  0 0  0 0  2 0
   239  -.3997813853551541E-04   4   1 0  1 0  0 0  2 0
   240  0.7536471187809287E-04   4   0 1  1 0  0 0  2 0
   241  0.3103933576796174E-01   4   0 0  2 0  0 0  2 0
   242  0.4339313531271953E-03   4   1 0  0 1  0 0  2 0
   243  0.5174684568935400E-03   4   0 1  0 1  0 0  2 0
   244  0.1551975658675621       4   0 0  1 1  0 0  2 0
   245  0.1330053305543863       4   0 0  0 2  0 0  2 0
   246  0.9835114017744823E-01   4   2 0  0 0  0 1  0 1
   247  0.3029748848111112       4   1 1  0 0  0 1  0 1
   248  0.1927861892503453       4   0 2  0 0  0 1  0 1
   249  0.1831899514731876E-03   4   1 0  1 0  0 1  0 1
   250  0.1190184297974555E-03   4   0 1  1 0  0 1  0 1
   251  -.3864919122277856E-01   4   0 0  2 0  0 1  0 1
   252  -.2944070855854444E-03   4   1 0  0 1  0 1  0 1
   253  -.2481686080897102E-03   4   0 1  0 1  0 1  0 1
   254  -.1450363967357558       4   0 0  1 1  0 1  0 1
   255  -.9928739544201273E-01   4   0 0  0 2  0 1  0 1
   256  0.9821878384812764E-01   4   2 0  0 0  0 0  1 1
   257  0.3025671554898476       4   1 1  0 0  0 0  1 1
   258  0.1925267466825525       4   0 2  0 0  0 0  1 1
   259  0.1829434230699385E-03   4   1 0  1 0  0 0  1 1
   260  0.1188582604037785E-03   4   0 1  1 0  0 0  1 1
   261  -.3859717896270419E-01   4   0 0  2 0  0 0  1 1
   262  -.2940108864045885E-03   4   1 0  0 1  0 0  1 1
   263  -.2478346344727240E-03   4   0 1  0 1  0 0  1 1
   264  -.1448412135883573       4   0 0  1 1  0 0  1 1
   265  -.9915377914447973E-01   4   0 0  0 2  0 0  1 1
   266  -.2564377270308484E-01   4   2 0  0 0  0 0  0 2
   267  -.4504375282787486E-01   4   1 1  0 0  0 0  0 2
   268  -.1977277455741583E-01   4   0 2  0 0  0 0  0 2
   269  -.2385481558337743E-03   4   1 0  1 0  0 0  0 2
   270  -.2400698911876725E-03   4   0 1  1 0  0 0  0 2
   271  -.4422092078223335E-02   4   0 0  2 0  0 0  0 2
   272  -.1788606155082913E-03   4   1 0  0 1  0 0  0 2
   273  -.1862418601422123E-03   4   0 1  0 1  0 0  0 2
   274  -.8799491708032856E-02   4   0 0  1 1  0 0  0 2
   275  -.4270858519951173E-02   4   0 0  0 2  0 0  0 2
   276  -.1756619385257839       4   1 0  0 0  0 3  0 0
   277  -.8255550993727140       4   0 1  0 0  0 3  0 0
   278  -.8567575406335590E-05   4   0 0  1 0  0 3  0 0
   279  -.1789841794622794E-04   4   0 0  0 1  0 3  0 0
   280  -.1188711199398503       4   1 0  0 0  0 2  1 0
   281  -.6996392485442928       4   0 1  0 0  0 2  1 0
   282  -.5667980362809199E-05   4   0 0  1 0  0 2  1 0
   283  -.1751154021881794E-04   4   0 0  0 1  0 2  1 0
   284  -.1189852823516030       4   1 0  0 0  0 1  2 0
   285  -.6998911832877233       4   0 1  0 0  0 1  2 0
   286  -.5673810295872549E-05   4   0 0  1 0  0 1  2 0
   287  -.1751227255912090E-04   4   0 0  0 1  0 1  2 0
   288  -.1752274644678481       4   1 0  0 0  0 0  3 0
   289  -.8234184734374290       4   0 1  0 0  0 0  3 0
   290  -.8546471940042649E-05   4   0 0  1 0  0 0  3 0
   291  -.1785052045139227E-04   4   0 0  0 1  0 0  3 0
   292  0.2376996542098904       4   1 0  0 0  0 2  0 1
   293  0.5106507853181697       4   0 1  0 0  0 2  0 1
   294  0.1032510182755385E-04   4   0 0  1 0  0 2  0 1
   295  0.1916381105545820E-04   4   0 0  0 1  0 2  0 1
   296  0.1814045190320820       4   1 0  0 0  0 1  1 1
   297  0.5317456911071483       4   0 1  0 0  0 1  1 1
   298  0.7473356312325893E-05   4   0 0  1 0  0 1  1 1
   299  0.1890041438652694E-04   4   0 0  0 1  0 1  1 1
   300  0.2372577063914443       4   1 0  0 0  0 0  2 1
   301  0.5096057764120341       4   0 1  0 0  0 0  2 1
   302  0.1030617814684870E-04   4   0 0  1 0  0 0  2 1
   303  0.1912530365823106E-04   4   0 0  0 1  0 0  2 1
   304  -.3425298830351273E-01   4   1 0  0 0  0 1  0 2
   305  -.4227582677644195E-01   4   0 1  0 0  0 1  0 2
   306  -.3387007156987500E-06   4   0 0  1 0  0 1  0 2
   307  -.7189785683826995E-06   4   0 0  0 1  0 1  0 2
   308  -.3420689224614216E-01   4   1 0  0 0  0 0  1 2
   309  -.4221893396115784E-01   4   0 1  0 0  0 0  1 2
   310  -.3382449082380041E-06   4   0 0  1 0  0 0  1 2
   311  -.7180110009096866E-06   4   0 0  0 1  0 0  1 2
   312  0.8400790786064875E-03   4   1 0  0 0  0 0  0 3
   313  0.6768744545675834E-03   4   0 1  0 0  0 0  0 3
   314  0.5444185249549677E-07   4   0 0  1 0  0 0  0 3
   315  0.4395860844078746E-07   4   0 0  0 1  0 0  0 3
   316  -.3192354250087013E-04   4   0 0  0 0  0 4  0 0
   317  -.2128316707078736E-04   4   0 0  0 0  0 3  1 0
   318  -.1987514749905431E-04   4   0 0  0 0  0 2  2 0
   319  -.2131356564598779E-04   4   0 0  0 0  0 1  3 0
   320  -.3182335638542084E-04   4   0 0  0 0  0 0  4 0
   321  0.7028415046595404E-05   4   0 0  0 0  0 3  0 1
   322  0.7345494986412227E-05   4   0 0  0 0  0 2  1 1
   323  0.7344835826328024E-05   4   0 0  0 0  0 1  2 1
   324  0.7009291331608912E-05   4   0 0  0 0  0 0  3 1
   325  -.4333824136683429E-06   4   0 0  0 0  0 2  0 2
   326  -.5376880528808382E-06   4   0 0  0 0  0 1  1 2
   327  -.4324373904200595E-06   4   0 0  0 0  0 0  2 2
   328  0.9206182647471348E-08   4   0 0  0 0  0 1  0 3
   329  0.9193793400736735E-08   4   0 0  0 0  0 0  1 3
   330  -.3279183614994661E-14   4   0 0  0 0  0 0  0 4
   ----------------------------------------------------
     I  COEFFICIENT            ORDER EXPONENTS
     1  0.3571418168311962E-04   0   0 0  0 0  0 0  0 0
     2   2.296816537015780       1   1 0  0 0  0 0  0 0
     3   3.107576087186080       1   0 1  0 0  0 0  0 0
     4  0.6571930801867456E-04   1   0 0  1 0  0 0  0 0
     5  0.6041174552122981E-04   1   0 0  0 1  0 0  0 0
     6  0.1195048150513631E-05   1   0 0  0 0  0 1  0 0
     7  0.1193439911033203E-05   1   0 0  0 0  0 0  1 0
     8  0.3332569362895273E-04   1   0 0  0 0  0 0  0 1
     9  -.5892127558897321       2   2 0  0 0  0 0  0 0
    10  -1.080496941736333       2   1 1  0 0  0 0  0 0
    11  -.4980619429859107       2   0 2  0 0  0 0  0 0
    12  0.2306026185485708E-02   2   1 0  1 0  0 0  0 0
    13  0.1662112114260515E-02   2   0 1  1 0  0 0  0 0
    14  0.4102931723551674       2   0 0  2 0  0 0  0 0
    15  0.2043361177513949E-02   2   1 0  0 1  0 0  0 0
    16  0.1501725455667766E-02   2   0 1  0 1  0 0  0 0
    17  0.7529532313781797       2   0 0  1 1  0 0  0 0
    18  0.3487512945357550       2   0 0  0 2  0 0  0 0
    19  -.1127806890724541       2   1 0  0 0  0 1  0 0
    20  -1.150016020265621       2   0 1  0 0  0 1  0 0
    21  -.3249477380602078E-05   2   0 0  1 0  0 1  0 0
    22  -.3339161813142236E-04   2   0 0  0 1  0 1  0 0
    23  -.1126289141362700       2   1 0  0 0  0 0  1 0
    24  -1.148468382903925       2   0 1  0 0  0 0  1 0
    25  -.3245104387085867E-05   2   0 0  1 0  0 0  1 0
    26  -.3334668126543357E-04   2   0 0  0 1  0 0  1 0
    27   2.522226140357921       2   1 0  0 0  0 0  0 1
    28   2.298484403305531       2   0 1  0 0  0 0  0 1
    29  0.7221376112226724E-04   2   0 0  1 0  0 0  0 1
    30  0.6673817334796451E-04   2   0 0  0 1  0 0  0 1
    31  -.9385700817165628E-06   2   0 0  0 0  0 2  0 0
    32  -.6827769358493770E-06   2   0 0  0 0  0 1  1 0
    33  -.9368475738217962E-06   2   0 0  0 0  0 0  2 0
    34  0.2559914928357959E-05   2   0 0  0 0  0 1  0 1
    35  0.2556469915491662E-05   2   0 0  0 0  0 0  1 1
    36  -.2558191859784909E-05   2   0 0  0 0  0 0  0 2
    37  -7.604062019487521       3   3 0  0 0  0 0  0 0
    38  -22.21433395621979       3   2 1  0 0  0 0  0 0
    39  -22.67329852454656       3   1 2  0 0  0 0  0 0
    40  -6.929359219435589       3   0 3  0 0  0 0  0 0
    41  -.4731680236516391E-01   3   2 0  1 0  0 0  0 0
    42  -.8625597432515961E-01   3   1 1  1 0  0 0  0 0
    43  -.3952066499188029E-01   3   0 2  1 0  0 0  0 0
    44  -11.46020891507398       3   1 0  2 0  0 0  0 0
    45  -9.187382414811646       3   0 1  2 0  0 0  0 0
    46  0.1079007728829306E-01   3   0 0  3 0  0 0  0 0
    47  -.4461335717760895E-01   3   2 0  0 1  0 0  0 0
    48  -.8205419022617812E-01   3   1 1  0 1  0 0  0 0
    49  -.3789427384580761E-01   3   0 2  0 1  0 0  0 0
    50  -24.08362513429297       3   1 0  1 1  0 0  0 0
    51  -20.16457182593846       3   0 1  1 1  0 0  0 0
    52  0.2955383782191898E-01   3   0 0  2 1  0 0  0 0
    53  -11.05174113158783       3   1 0  0 2  0 0  0 0
    54  -8.427811552098385       3   0 1  0 2  0 0  0 0
    55  0.2724756463602006E-01   3   0 0  1 2  0 0  0 0
    56  0.8488072926333643E-02   3   0 0  0 3  0 0  0 0
    57  0.8049627442950601E-01   3   2 0  0 0  0 1  0 0
    58  0.6842200985036087       3   1 1  0 0  0 1  0 0
    59  0.5624154392892931       3   0 2  0 0  0 1  0 0
    60  -.9978272488658125E-03   3   1 0  1 0  0 1  0 0
    61  -.1619226082612779E-02   3   0 1  1 0  0 1  0 0
    62  0.1350410008870746E-01   3   0 0  2 0  0 1  0 0
    63  -.2057730029113156E-02   3   1 0  0 1  0 1  0 0
    64  -.2357634998537629E-02   3   0 1  0 1  0 1  0 0
    65  -.3487287654582726       3   0 0  1 1  0 1  0 0
    66  -.3349710152240571       3   0 0  0 2  0 1  0 0
    67  0.8038794633703765E-01   3   2 0  0 0  0 0  1 0
    68  0.6832993073412209       3   1 1  0 0  0 0  1 0
    69  0.5616585670968204       3   0 2  0 0  0 0  1 0
    70  -.9964844199802586E-03   3   1 0  1 0  0 0  1 0
    71  -.1617047004462281E-02   3   0 1  1 0  0 0  1 0
    72  0.1348592690723461E-01   3   0 0  2 0  0 0  1 0
    73  -.2054960833017431E-02   3   1 0  0 1  0 0  1 0
    74  -.2354462204468086E-02   3   0 1  0 1  0 0  1 0
    75  -.3482594627207355       3   0 0  1 1  0 0  1 0
    76  -.3345202270184052       3   0 0  0 2  0 0  1 0
    77  -.7500990201590071       3   2 0  0 0  0 0  0 1
    78  -1.367522831403858       3   1 1  0 0  0 0  0 1
    79  -.6260134934172874       3   0 2  0 0  0 0  0 1
    80  0.4297174433479418E-02   3   1 0  1 0  0 0  0 1
    81  0.3233034590797192E-02   3   0 1  1 0  0 0  0 1
    82  0.3833044912051076       3   0 0  2 0  0 0  0 1
    83  0.4109263417945356E-02   3   1 0  0 1  0 0  0 1
    84  0.3206825458057198E-02   3   0 1  0 1  0 0  0 1
    85  0.6969904908427494       3   0 0  1 1  0 0  0 1
    86  0.3207408892260490       3   0 0  0 2  0 0  0 1
    87  0.8644913049906963E-01   3   1 0  0 0  0 2  0 0
    88  0.9116437885445378       3   0 1  0 0  0 2  0 0
    89  0.2255668671575049E-05   3   0 0  1 0  0 2  0 0
    90  0.2644146981373658E-04   3   0 0  0 1  0 2  0 0
    91  0.6018796317092990E-01   3   1 0  0 0  0 1  1 0
    92  0.6739108403487404       3   0 1  0 0  0 1  1 0
    93  0.1267595484099251E-05   3   0 0  1 0  0 1  1 0
    94  0.1951534217215082E-04   3   0 0  0 1  0 1  1 0
    95  0.8629229227131208E-01   3   1 0  0 0  0 0  2 0
    96  0.9099634825738848       3   0 1  0 0  0 0  2 0
    97  0.2251780163853231E-05   3   0 0  1 0  0 0  2 0
    98  0.2639275471591949E-04   3   0 0  0 1  0 0  2 0
    99  -.2330857008646524       3   1 0  0 0  0 1  0 1
   100  -1.347181969947494       3   0 1  0 0  0 1  0 1
   101  -.5856654333829911E-05   3   0 0  1 0  0 1  0 1
   102  -.3906195753796087E-04   3   0 0  0 1  0 1  0 1
   103  -.2327720251133774       3   1 0  0 0  0 0  1 1
   104  -1.345368995942826       3   0 1  0 0  0 0  1 1
   105  -.5848772724442075E-05   3   0 0  1 0  0 0  1 1
   106  -.3900938979643266E-04   3   0 0  0 1  0 0  1 1
   107  0.2329285638129075       3   1 0  0 0  0 0  0 2
   108  0.1970330374268008       3   0 1  0 0  0 0  0 2
   109  0.5890992852141892E-05   3   0 0  1 0  0 0  0 2
   110  0.5714988844371215E-05   3   0 0  0 1  0 0  0 2
   111  0.8101193636189610E-06   3   0 0  0 0  0 3  0 0
   112  0.5546235677746487E-06   3   0 0  0 0  0 2  1 0
   113  0.5551371183246315E-06   3   0 0  0 0  0 1  2 0
   114  0.8081113430135933E-06   3   0 0  0 0  0 0  3 0
   115  -.2049059674739696E-05   3   0 0  0 0  0 2  0 1
   116  -.1540078450071336E-05   3   0 0  0 0  0 1  1 1
   117  -.2045265864299364E-05   3   0 0  0 0  0 0  2 1
   118  0.1540381531038037E-05   3   0 0  0 0  0 1  0 2
   119  0.1538308558169051E-05   3   0 0  0 0  0 0  1 2
   120  -.1736277639042958E-06   3   0 0  0 0  0 0  0 3
   121  -60.25894666112369       4   4 0  0 0  0 0  0 0
   122  -223.3240510557265       4   3 1  0 0  0 0  0 0
   123  -311.7105361279280       4   2 2  0 0  0 0  0 0
   124  -194.7013076952721       4   1 3  0 0  0 0  0 0
   125  -46.02599947963363       4   0 4  0 0  0 0  0 0
   126  -.3160849717956524E-01   4   3 0  1 0  0 0  0 0
   127  -.8454522549101028E-01   4   2 1  1 0  0 0  0 0
   128  -.7580702039627780E-01   4   1 2  1 0  0 0  0 0
   129  -.2189286756876882E-01   4   0 3  1 0  0 0  0 0
   130   264.1568940347271       4   2 0  2 0  0 0  0 0
   131   477.8593271997312       4   1 1  2 0  0 0  0 0
   132   217.3156470428340       4   0 2  2 0  0 0  0 0
   133  0.2566208088442915E-01   4   1 0  3 0  0 0  0 0
   134  0.2462094217655109E-01   4   0 1  3 0  0 0  0 0
   135  -31.85451209512107       4   0 0  4 0  0 0  0 0
   136  -.2965687830278253E-01   4   3 0  0 1  0 0  0 0
   137  -.8023112941241328E-01   4   2 1  0 1  0 0  0 0
   138  -.7175893788487434E-01   4   1 2  0 1  0 0  0 0
   139  -.2057625290929596E-01   4   0 3  0 1  0 0  0 0
   140   494.2228512829261       4   2 0  1 1  0 0  0 0
   141   900.5977962191802       4   1 1  1 1  0 0  0 0
   142   412.8863161388445       4   0 2  1 1  0 0  0 0
   143  0.7388276375908080E-01   4   1 0  2 1  0 0  0 0
   144  0.7110197113617059E-01   4   0 1  2 1  0 0  0 0
   145  -115.4541374796046       4   0 0  3 1  0 0  0 0
   146   232.7332900726285       4   2 0  0 2  0 0  0 0
   147   426.6250080411796       4   1 1  0 2  0 0  0 0
   148   196.8898960529435       4   0 2  0 2  0 0  0 0
   149  0.7098347501415035E-01   4   1 0  1 2  0 0  0 0
   150  0.6914717653980605E-01   4   0 1  1 2  0 0  0 0
   151  -158.3747467244646       4   0 0  2 2  0 0  0 0
   152  0.2378065587187427E-01   4   1 0  0 3  0 0  0 0
   153  0.2338177094080781E-01   4   0 1  0 3  0 0  0 0
   154  -97.10156046757972       4   0 0  1 3  0 0  0 0
   155  -22.36979561086599       4   0 0  0 4  0 0  0 0
   156   5.565302352420064       4   3 0  0 0  0 1  0 0
   157   27.10718384183916       4   2 1  0 0  0 1  0 0
   158   38.01449786654928       4   1 2  0 0  0 1  0 0
   159   15.25015571421469       4   0 3  0 0  0 1  0 0
   160  -.4405585638296804E-02   4   2 0  1 0  0 1  0 0
   161  0.2937830177039553E-01   4   1 1  1 0  0 1  0 0
   162  0.3039950132881382E-01   4   0 2  1 0  0 1  0 0
   163   4.371017502249479       4   1 0  2 0  0 1  0 0
   164   7.800364642056409       4   0 1  2 0  0 1  0 0
   165  0.9563376764042817E-03   4   0 0  3 0  0 1  0 0
   166  0.1452950176632150E-01   4   2 0  0 1  0 1  0 0
   167  0.6185192138870495E-01   4   1 1  0 1  0 1  0 0
   168  0.4459841173385933E-01   4   0 2  0 1  0 1  0 0
   169   21.93748668856452       4   1 0  1 1  0 1  0 0
   170   27.99984206378442       4   0 1  1 1  0 1  0 0
   171  -.1004432588773065E-01   4   0 0  2 1  0 1  0 0
   172   16.26709393722529       4   1 0  0 2  0 1  0 0
   173   16.91690997331618       4   0 1  0 2  0 1  0 0
   174  -.2071414971831404E-01   4   0 0  1 2  0 1  0 0
   175  -.9972387792122358E-02   4   0 0  0 3  0 1  0 0
   176   5.557812830797934       4   3 0  0 0  0 0  1 0
   177   27.07070427134260       4   2 1  0 0  0 0  1 0
   178   37.96333974688221       4   1 2  0 0  0 0  1 0
   179   15.22963277336963       4   0 3  0 0  0 0  1 0
   180  -.4399656808772848E-02   4   2 0  1 0  0 0  1 0
   181  0.2933876583642430E-01   4   1 1  1 0  0 0  1 0
   182  0.3035859111260438E-01   4   0 2  1 0  0 0  1 0
   183   4.365135192893879       4   1 0  2 0  0 0  1 0
   184   7.789867278939595       4   0 1  2 0  0 0  1 0
   185  0.9550506822300138E-03   4   0 0  3 0  0 0  1 0
   186  0.1450994864759609E-01   4   2 0  0 1  0 0  1 0
   187  0.6176868398788007E-01   4   1 1  0 1  0 0  1 0
   188  0.4453839329319827E-01   4   0 2  0 1  0 0  1 0
   189   21.90796425285700       4   1 0  1 1  0 0  1 0
   190   27.96216119592185       4   0 1  1 1  0 0  1 0
   191  -.1003080870732361E-01   4   0 0  2 1  0 0  1 0
   192   16.24520244884614       4   1 0  0 2  0 0  1 0
   193   16.89414399314045       4   0 1  0 2  0 0  1 0
   194  -.2068627359184720E-01   4   0 0  1 2  0 0  1 0
   195  -.9958967422614068E-02   4   0 0  0 3  0 0  1 0
   196  -18.73392737984974       4   3 0  0 0  0 0  0 1
   197  -54.19936464771865       4   2 1  0 0  0 0  0 1
   198  -53.32746490748170       4   1 2  0 0  0 0  0 1
   199  -16.62927245338018       4   0 3  0 0  0 0  0 1
   200  0.5810516680748688E-03   4   2 0  1 0  0 0  0 1
   201  0.1190838145292130E-02   4   1 1  1 0  0 0  0 1
   202  0.6133304780398174E-03   4   0 2  1 0  0 0  0 1
   203  -20.18156458942140       4   1 0  2 0  0 0  0 1
   204  -15.57536735297461       4   0 1  2 0  0 0  0 1
   205  -.5503658390664273E-03   4   0 0  3 0  0 0  0 1
   206  0.6607749070283750E-03   4   2 0  0 1  0 0  0 1
   207  0.1180100491893960E-02   4   1 1  0 1  0 0  0 1
   208  0.5733650899863479E-03   4   0 2  0 1  0 0  0 1
   209  -43.81380902416342       4   1 0  1 1  0 0  0 1
   210  -35.76514987880502       4   0 1  1 1  0 0  0 1
   211  -.1669417010436727E-02   4   0 0  2 1  0 0  0 1
   212  -21.44345550973446       4   1 0  0 2  0 0  0 1
   213  -16.93778314352523       4   0 1  0 2  0 0  0 1
   214  -.1659594505773861E-02   4   0 0  1 2  0 0  0 1
   215  -.5048867215420947E-03   4   0 0  0 3  0 0  0 1
   216  -.6321659002138919E-01   4   2 0  0 0  0 2  0 0
   217  -.5884631334552606       4   1 1  0 0  0 2  0 0
   218  -.6114462595106432       4   0 2  0 0  0 2  0 0
   219  -.4424130047357939E-03   4   1 0  1 0  0 2  0 0
   220  0.5211507771459484E-03   4   0 1  1 0  0 2  0 0
   221  -.8637925025644694E-02   4   0 0  2 0  0 2  0 0
   222  0.8555621644292227E-03   4   1 0  0 1  0 2  0 0
   223  0.1890084378450466E-02   4   0 1  0 1  0 2  0 0
   224  0.2505072487140040       4   0 0  1 1  0 2  0 0
   225  0.3258347500591716       4   0 0  0 2  0 2  0 0
   226  -.4722301163143426E-01   4   2 0  0 0  0 1  1 0
   227  -.4962791017531262       4   1 1  0 0  0 1  1 0
   228  -.6622203840021631       4   0 2  0 0  0 1  1 0
   229  -.5323478807825448E-03   4   1 0  1 0  0 1  1 0
   230  0.6132293602989529E-03   4   0 1  1 0  0 1  1 0
   231  -.3558169061657504E-02   4   0 0  2 0  0 1  1 0
   232  0.9678724430502860E-03   4   1 0  0 1  0 1  1 0
   233  0.2586419993624964E-02   4   0 1  0 1  0 1  1 0
   234  0.1526124420847531       4   0 0  1 1  0 1  1 0
   235  0.3167066085665571       4   0 0  0 2  0 1  1 0
   236  -.6309974086207815E-01   4   2 0  0 0  0 0  2 0
   237  -.5873372729904062       4   1 1  0 0  0 0  2 0
   238  -.6101778114593465       4   0 2  0 0  0 0  2 0
   239  -.4414594218195881E-03   4   1 0  1 0  0 0  2 0
   240  0.5200368094047553E-03   4   0 1  1 0  0 0  2 0
   241  -.8623906305120424E-02   4   0 0  2 0  0 0  2 0
   242  0.8537595306297773E-03   4   1 0  0 1  0 0  2 0
   243  0.1885800450903791E-02   4   0 1  0 1  0 0  2 0
   244  0.2500674385485905       4   0 0  1 1  0 0  2 0
   245  0.3251831525946302       4   0 0  0 2  0 0  2 0
   246  0.1753662858568919       4   2 0  0 0  0 1  0 1
   247  0.9946546193287524       4   1 1  0 0  0 1  0 1
   248  0.7638333657329506       4   0 2  0 0  0 1  0 1
   249  0.7115357908186983E-03   4   1 0  1 0  0 1  0 1
   250  -.8630176356034515E-03   4   0 1  1 0  0 1  0 1
   251  0.2072937953360629E-01   4   0 0  2 0  0 1  0 1
   252  -.1228006159544647E-02   4   1 0  0 1  0 1  0 1
   253  -.2330682360466360E-02   4   0 1  0 1  0 1  0 1
   254  -.3043040026412083       4   0 0  1 1  0 1  0 1
   255  -.2981508327601235       4   0 0  0 2  0 1  0 1
   256  0.1751302861741170       4   2 0  0 0  0 0  1 1
   257  0.9933160600185189       4   1 1  0 0  0 0  1 1
   258  0.7628054347875720       4   0 2  0 0  0 0  1 1
   259  0.7105782394849355E-03   4   1 0  1 0  0 0  1 1
   260  -.8618562271420677E-03   4   0 1  1 0  0 0  1 1
   261  0.2070148291157217E-01   4   0 0  2 0  0 0  1 1
   262  -.1226353566729055E-02   4   1 0  0 1  0 0  1 1
   263  -.2327545837986898E-02   4   0 1  0 1  0 0  1 1
   264  -.3038944846558038       4   0 0  1 1  0 0  1 1
   265  -.2977495954207565       4   0 0  0 2  0 0  1 1
   266  -.1769581098664926       4   2 0  0 0  0 0  0 2
   267  -.3146092300839417       4   1 1  0 0  0 0  0 2
   268  -.1397676056631970       4   0 2  0 0  0 0  0 2
   269  -.6867652363864151E-05   4   1 0  1 0  0 0  0 2
   270  -.3404674087968451E-04   4   0 1  1 0  0 0  0 2
   271  -.2061035580564107E-01   4   0 0  2 0  0 0  0 2
   272  -.6329804682930861E-05   4   1 0  0 1  0 0  0 2
   273  -.2793583603462196E-04   4   0 1  0 1  0 0  0 2
   274  -.4466848216331350E-01   4   0 0  1 1  0 0  0 2
   275  -.2301520386653222E-01   4   0 0  0 2  0 0  0 2
   276  -.7332859886022318E-01   4   1 0  0 0  0 3  0 0
   277  -.7933411094158377       4   0 1  0 0  0 3  0 0
   278  -.3591907877060573E-05   4   0 0  1 0  0 3  0 0
   279  -.2805174498086620E-04   4   0 0  0 1  0 3  0 0
   280  -.4706006852007943E-01   4   1 0  0 0  0 2  1 0
   281  -.5568435106977303       4   0 1  0 0  0 2  1 0
   282  -.1807690854307206E-05   4   0 0  1 0  0 2  1 0
   283  -.1925579483701400E-04   4   0 0  0 1  0 2  1 0
   284  -.4711289574256233E-01   4   1 0  0 0  0 1  2 0
   285  -.5573187565100772       4   0 1  0 0  0 1  2 0
   286  -.1811282769388667E-05   4   0 0  1 0  0 1  2 0
   287  -.1927347439505876E-04   4   0 0  0 1  0 1  2 0
   288  -.7314895269376130E-01   4   1 0  0 0  0 0  3 0
   289  -.7913654661274966       4   0 1  0 0  0 0  3 0
   290  -.3583442435258696E-05   4   0 0  1 0  0 0  3 0
   291  -.2798217960651959E-04   4   0 0  0 1  0 0  3 0
   292  0.1805482099057265       4   1 0  0 0  0 2  0 1
   293   1.113517610412057       4   0 1  0 0  0 2  0 1
   294  0.4518638122251386E-05   4   0 0  1 0  0 2  0 1
   295  0.3537404394445015E-04   4   0 0  0 1  0 2  0 1
   296  0.1281187558295887       4   1 0  0 0  0 1  1 1
   297  0.8804466435821401       4   0 1  0 0  0 1  1 1
   298  0.2591277227820140E-05   4   0 0  1 0  0 1  1 1
   299  0.2701599816569694E-04   4   0 0  0 1  0 1  1 1
   300  0.1802190285419931       4   1 0  0 0  0 0  2 1
   301   1.111426659090773       4   0 1  0 0  0 0  2 1
   302  0.4510813542637191E-05   4   0 0  1 0  0 0  2 1
   303  0.3530826079467495E-04   4   0 0  0 1  0 0  2 1
   304  -.1280270272911408       4   1 0  0 0  0 1  0 2
   305  -.2065169603432534       4   0 1  0 0  0 1  0 2
   306  -.6803331247546448E-06   4   0 0  1 0  0 1  0 2
   307  -.2861756951603889E-05   4   0 0  0 1  0 1  0 2
   308  -.1278547345515189       4   1 0  0 0  0 0  1 2
   309  -.2062390395508327       4   0 1  0 0  0 0  1 2
   310  -.6794175644984048E-06   4   0 0  1 0  0 0  1 2
   311  -.2857905733968424E-05   4   0 0  0 1  0 0  1 2
   312  0.7646507099320290E-02   4   1 0  0 0  0 0  0 3
   313  0.6225923157984294E-02   4   0 1  0 0  0 0  0 3
   314  0.4940641178790509E-06   4   0 0  1 0  0 0  0 3
   315  0.4047080538507053E-06   4   0 0  0 1  0 0  0 3
   316  -.2915288961856204E-04   4   0 0  0 0  0 4  0 0
   317  -.1836846612432630E-04   4   0 0  0 0  0 3  1 0
   318  -.1693979314607367E-04   4   0 0  0 0  0 2  2 0
   319  -.1839929287502198E-04   4   0 0  0 0  0 1  3 0
   320  -.2906211548332691E-04   4   0 0  0 0  0 0  4 0
   321  0.3548918420694861E-04   4   0 0  0 0  0 3  0 1
   322  0.2450863840233152E-04   4   0 0  0 0  0 2  1 1
   323  0.2453070764483201E-04   4   0 0  0 0  0 1  2 1
   324  0.3540107565079860E-04   4   0 0  0 0  0 0  3 1
   325  -.2509697377868043E-05   4   0 0  0 0  0 2  0 2
   326  -.3034915358565018E-05   4   0 0  0 0  0 1  1 2
   327  -.2504277822385488E-05   4   0 0  0 0  0 0  2 2
   328  0.2026021907289553E-07   4   0 0  0 0  0 1  0 3
   329  0.2023295382489822E-07   4   0 0  0 0  0 0  1 3
   330  0.7111984607908418E-13   4   0 0  0 0  0 0  0 4
   ----------------------------------------------------
     I  COEFFICIENT            ORDER EXPONENTS
     1  0.6176591663781719E-05   0   0 0  0 0  0 0  0 0
     2  0.1442408751114807E-04   1   1 0  0 0  0 0  0 0
     3  0.1274789251260371E-04   1   0 1  0 0  0 0  0 0
     4  0.5712472534755536       1   0 0  1 0  0 0  0 0
     5  0.7616395249658400       1   0 0  0 1  0 0  0 0
     6  -.1723352105396744E-04   1   0 0  0 0  0 1  0 0
     7  -.1721032899352074E-04   1   0 0  0 0  0 0  1 0
     8  0.3444385004757768E-04   1   0 0  0 0  0 0  0 1
     9  0.3226994275123525E-03   2   2 0  0 0  0 0  0 0
    10  0.6165390316343201E-03   2   1 1  0 0  0 0  0 0
    11  0.3281297191093044E-03   2   0 2  0 0  0 0  0 0
    12  0.1837524816289648       2   1 0  1 0  0 0  0 0
    13  0.1637728897493602       2   0 1  1 0  0 0  0 0
    14  -.4364250289533891E-05   2   0 0  2 0  0 0  0 0
    15  0.1671561326299437       2   1 0  0 1  0 0  0 0
    16  0.1499544617193780       2   0 1  0 1  0 0  0 0
    17  0.3832795987178934E-04   2   0 0  1 1  0 0  0 0
    18  0.7683185444087589E-04   2   0 0  0 2  0 0  0 0
    19  -.7703049019689967E-05   2   1 0  0 0  0 1  0 0
    20  -.1322822733304619E-04   2   0 1  0 0  0 1  0 0
    21  0.2000313133127139       2   0 0  1 0  0 1  0 0
    22  -.2011724888227343       2   0 0  0 1  0 1  0 0
    23  -.7692682619351415E-05   2   1 0  0 0  0 0  1 0
    24  -.1321042540812616E-04   2   0 1  0 0  0 0  1 0
    25  0.1997621205984071       2   0 0  1 0  0 0  1 0
    26  -.2009017603682076       2   0 0  0 1  0 0  1 0
    27  0.1539570961159203E-04   2   1 0  0 0  0 0  0 1
    28  0.1369073851075575E-04   2   0 1  0 0  0 0  0 1
    29  -.3997934339286980       2   0 0  1 0  0 0  0 1
    30  -.3595652757927542       2   0 0  0 1  0 0  0 1
    31  0.1236678120898678E-04   2   0 0  0 0  0 2  0 0
    32  0.7513112239777485E-05   2   0 0  0 0  0 1  1 0
    33  0.1234508318141552E-04   2   0 0  0 0  0 0  2 0
    34  -.1501316080743471E-04   2   0 0  0 0  0 1  0 1
    35  -.1499295680316583E-04   2   0 0  0 0  0 0  1 1
    36  -.2218860125221569E-05   2   0 0  0 0  0 0  0 2
    37  -.3398363532738779E-02   3   3 0  0 0  0 0  0 0
    38  -.9182777897563627E-02   3   2 1  0 0  0 0  0 0
    39  -.8306339083373172E-02   3   1 2  0 0  0 0  0 0
    40  -.2508524939788275E-02   3   0 3  0 0  0 0  0 0
    41  -2.753816699270919       3   2 0  1 0  0 0  0 0
    42  -5.842999716387098       3   1 1  1 0  0 0  0 0
    43  -3.415018893666972       3   0 2  1 0  0 0  0 0
    44  0.7351295517648117E-02   3   1 0  2 0  0 0  0 0
    45  0.6519381341722513E-02   3   0 1  2 0  0 0  0 0
    46  -.4546585798800348       3   0 0  3 0  0 0  0 0
    47  -3.258370334245532       3   2 0  0 1  0 0  0 0
    48  -6.328898540624611       3   1 1  0 1  0 0  0 0
    49  -3.034903291194119       3   0 2  0 1  0 0  0 0
    50  0.1331895667292846E-01   3   1 0  1 1  0 0  0 0
    51  0.1189137589882635E-01   3   0 1  1 1  0 0  0 0
    52  -1.225564612601716       3   0 0  2 1  0 0  0 0
    53  0.6108002547476248E-02   3   1 0  0 2  0 0  0 0
    54  0.5497052084291907E-02   3   0 1  0 2  0 0  0 0
    55  -1.541499285438212       3   0 0  1 2  0 0  0 0
    56  -.3525115687768016       3   0 0  0 3  0 0  0 0
    57  -.2995873803842249E-03   3   2 0  0 0  0 1  0 0
    58  -.9042270029617237E-03   3   1 1  0 0  0 1  0 0
    59  -.6362450304311577E-03   3   0 2  0 0  0 1  0 0
    60  -.8493798897899468E-01   3   1 0  1 0  0 1  0 0
    61  -.1571245127711984       3   0 1  1 0  0 1  0 0
    62  -.1060034611138675E-03   3   0 0  2 0  0 1  0 0
    63  -.1621823865756513       3   1 0  0 1  0 1  0 0
    64  -.2200503451871496       3   0 1  0 1  0 1  0 0
    65  -.1556120523713974E-03   3   0 0  1 1  0 1  0 0
    66  -.1303042953342818E-03   3   0 0  0 2  0 1  0 0
    67  -.2991842098067684E-03   3   2 0  0 0  0 0  1 0
    68  -.9030101368758802E-03   3   1 1  0 0  0 0  1 0
    69  -.6353888018543934E-03   3   0 2  0 0  0 0  1 0
    70  -.8482368343641539E-01   3   1 0  1 0  0 0  1 0
    71  -.1569130620069326       3   0 1  1 0  0 0  1 0
    72  -.1058608066516709E-03   3   0 0  2 0  0 0  1 0
    73  -.1619641291631888       3   1 0  0 1  0 0  1 0
    74  -.2197542118032101       3   0 1  0 1  0 0  1 0
    75  -.1554026370050584E-03   3   0 0  1 1  0 0  1 0
    76  -.1301289379546499E-03   3   0 0  0 2  0 0  1 0
    77  0.5984002220397267E-03   3   2 0  0 0  0 0  0 1
    78  0.1189925140707815E-02   3   1 1  0 0  0 0  0 1
    79  0.6149700798250943E-03   3   0 2  0 0  0 0  0 1
    80  0.1697619531713048       3   1 0  1 0  0 0  0 1
    81  0.1502649100965568       3   0 1  1 0  0 0  0 1
    82  0.2120837739630462E-03   3   0 0  2 0  0 0  0 1
    83  0.1569906070752999       3   1 0  0 1  0 0  0 1
    84  0.1398958112641502       3   0 1  0 1  0 0  0 1
    85  0.2731407300071052E-03   3   0 0  1 1  0 0  0 1
    86  0.1070049974104899E-03   3   0 0  0 2  0 0  0 1
    87  0.6024541424907602E-05   3   1 0  0 0  0 2  0 0
    88  0.1356842895198955E-04   3   0 1  0 0  0 2  0 0
    89  -.1429311085044303       3   0 0  1 0  0 2  0 0
    90  0.6675055217115999E-01   3   0 0  0 1  0 2  0 0
    91  0.4377974151540092E-05   3   1 0  0 0  0 1  1 0
    92  0.1394664222487255E-04   3   0 1  0 0  0 1  1 0
    93  -.8598429448692788E-01   3   0 0  1 0  0 1  1 0
    94  -.6730999858023760E-01   3   0 0  0 1  0 1  1 0
    95  0.6013488045341699E-05   3   1 0  0 0  0 0  2 0
    96  0.1354078483282346E-04   3   0 1  0 0  0 0  2 0
    97  -.1426809017491044       3   0 0  1 0  0 0  2 0
    98  0.6670601373583195E-01   3   0 0  0 1  0 0  2 0
    99  -.8783381748141304E-05   3   1 0  0 0  0 1  0 1
   100  -.1471301224986297E-04   3   0 1  0 0  0 1  0 1
   101  0.1718153895433763       3   0 0  1 0  0 1  0 1
   102  0.3361539830123054       3   0 0  0 1  0 1  0 1
   103  -.8771561486931109E-05   3   1 0  0 0  0 0  1 1
   104  -.1469321217137736E-04   3   0 1  0 0  0 0  1 1
   105  0.1715841684895076       3   0 0  1 0  0 0  1 1
   106  0.3357016028243559       3   0 0  0 1  0 0  1 1
   107  0.1121109123104584E-05   3   1 0  0 0  0 0  0 2
   108  0.1079136445560355E-05   3   0 1  0 0  0 0  0 2
   109  0.2819688149117256E-01   3   0 0  1 0  0 0  0 2
   110  0.2363741445742942E-01   3   0 0  0 1  0 0  0 2
   111  -.9942424285114985E-05   3   0 0  0 0  0 3  0 0
   112  -.5096338181268783E-05   3   0 0  0 0  0 2  1 0
   113  -.5106093623351583E-05   3   0 0  0 0  0 1  2 0
   114  -.9918929637174712E-05   3   0 0  0 0  0 0  3 0
   115  0.1018900138467944E-04   3   0 0  0 0  0 2  0 1
   116  0.5377551663579944E-05   3   0 0  0 0  0 1  1 1
   117  0.1017167107901013E-04   3   0 0  0 0  0 0  2 1
   118  0.2135808721208178E-05   3   0 0  0 0  0 1  0 2
   119  0.2132934450488354E-05   3   0 0  0 0  0 0  1 2
   120  0.5636701050790008E-07   3   0 0  0 0  0 0  0 3
   121  -.1418105803190185E-02   4   4 0  0 0  0 0  0 0
   122  -.4797080607493833E-02   4   3 1  0 0  0 0  0 0
   123  -.5990413689802585E-02   4   2 2  0 0  0 0  0 0
   124  -.2944277430248117E-02   4   1 3  0 0  0 0  0 0
   125  -.3324237723251562E-03   4   0 4  0 0  0 0  0 0
   126   39.51806266856243       4   3 0  1 0  0 0  0 0
   127   107.5747381429303       4   2 1  1 0  0 0  0 0
   128   98.21771722661026       4   1 2  1 0  0 0  0 0
   129   30.15082062568475       4   0 3  1 0  0 0  0 0
   130  0.8223899609441480E-02   4   2 0  2 0  0 0  0 0
   131  0.1528563368966476E-01   4   1 1  2 0  0 0  0 0
   132  0.7380497140515622E-02   4   0 2  2 0  0 0  0 0
   133  -28.79963875609690       4   1 0  3 0  0 0  0 0
   134  -25.35423355981359       4   0 1  3 0  0 0  0 0
   135  -.9109156023431188E-03   4   0 0  4 0  0 0  0 0
   136   36.48331758294419       4   3 0  0 1  0 0  0 0
   137   99.87073424081227       4   2 1  0 1  0 0  0 0
   138   91.77204872814872       4   1 2  0 1  0 0  0 0
   139   28.37248513344345       4   0 3  0 1  0 0  0 0
   140  0.1415052577825712E-01   4   2 0  1 1  0 0  0 0
   141  0.2633863287365087E-01   4   1 1  1 1  0 0  0 0
   142  0.1245219096956858E-01   4   0 2  1 1  0 0  0 0
   143  -78.29853561266650       4   1 0  2 1  0 0  0 0
   144  -69.38973810744642       4   0 1  2 1  0 0  0 0
   145  -.3707493625118944E-02   4   0 0  3 1  0 0  0 0
   146  0.6221092501690987E-02   4   2 0  0 2  0 0  0 0
   147  0.1198606126757612E-01   4   1 1  0 2  0 0  0 0
   148  0.5825980422102698E-02   4   0 2  0 2  0 0  0 0
   149  -71.30379550081952       4   1 0  1 2  0 0  0 0
   150  -63.52943279970070       4   0 1  1 2  0 0  0 0
   151  -.5325510133580304E-02   4   0 0  2 2  0 0  0 0
   152  -21.66582712886394       4   1 0  0 3  0 0  0 0
   153  -19.38164033545722       4   0 1  0 3  0 0  0 0
   154  -.3398656260160374E-02   4   0 0  1 3  0 0  0 0
   155  -.7791748269196783E-03   4   0 0  0 4  0 0  0 0
   156  0.4106747890948664E-03   4   3 0  0 0  0 1  0 0
   157  0.5080422160726038E-02   4   2 1  0 0  0 1  0 0
   158  0.8122015389070664E-02   4   1 2  0 0  0 1  0 0
   159  0.3492476646295923E-02   4   0 3  0 0  0 1  0 0
   160   3.125919999040665       4   2 0  1 0  0 1  0 0
   161   9.383648000844477       4   1 1  1 0  0 1  0 0
   162   6.857498620237679       4   0 2  1 0  0 1  0 0
   163  -.7421829507776569E-03   4   1 0  2 0  0 1  0 0
   164  -.3600054170924843E-02   4   0 1  2 0  0 1  0 0
   165  0.6414460959553853       4   0 0  3 0  0 1  0 0
   166   4.731915773881430       4   2 0  0 1  0 1  0 0
   167   12.54029170222499       4   1 1  0 1  0 1  0 0
   168   7.868085522747977       4   0 2  0 1  0 1  0 0
   169  -.7183239110369295E-02   4   1 0  1 1  0 1  0 0
   170  -.1170810596580115E-01   4   0 1  1 1  0 1  0 0
   171   1.924369341591643       4   0 0  2 1  0 1  0 0
   172  -.5967535605491830E-02   4   1 0  0 2  0 1  0 0
   173  -.7793863435622801E-02   4   0 1  0 2  0 1  0 0
   174   2.526451304590767       4   0 0  1 2  0 1  0 0
   175  0.9150997368295060       4   0 0  0 3  0 1  0 0
   176  0.4101221223181374E-03   4   3 0  0 0  0 0  1 0
   177  0.5073585168014141E-02   4   2 1  0 0  0 0  1 0
   178  0.8111085163537386E-02   4   1 2  0 0  0 0  1 0
   179  0.3487776635820066E-02   4   0 3  0 0  0 0  1 0
   180   3.121713283225467       4   2 0  1 0  0 0  1 0
   181   9.371019929600948       4   1 1  1 0  0 0  1 0
   182   6.848270121777278       4   0 2  1 0  0 0  1 0
   183  -.7411841559403717E-03   4   1 0  2 0  0 0  1 0
   184  -.3595209387686288E-02   4   0 1  2 0  0 0  1 0
   185  0.6405828680297577       4   0 0  3 0  0 0  1 0
   186   4.725547784640411       4   2 0  0 1  0 0  1 0
   187   12.52341556865561       4   1 1  0 1  0 0  1 0
   188   7.857497024061487       4   0 2  0 1  0 0  1 0
   189  -.7173572245708892E-02   4   1 0  1 1  0 0  1 0
   190  -.1169234974857630E-01   4   0 1  1 1  0 0  1 0
   191   1.921779616024118       4   0 0  2 1  0 0  1 0
   192  -.5959504777314169E-02   4   1 0  0 2  0 0  1 0
   193  -.7783374821523200E-02   4   0 1  0 2  0 0  1 0
   194   2.523051325492576       4   0 0  1 2  0 0  1 0
   195  0.9138682387308381       4   0 0  0 3  0 0  1 0
   196  0.2094408453005065E-03   4   3 0  0 0  0 0  0 1
   197  0.7312163740884679E-03   4   2 1  0 0  0 0  0 1
   198  0.8256154479045835E-03   4   1 2  0 0  0 0  0 1
   199  0.3112371249884188E-03   4   0 3  0 0  0 0  0 1
   200  -6.244117777025822       4   2 0  1 0  0 0  0 1
   201  -12.90442382191985       4   1 1  1 0  0 0  0 1
   202  -6.871974596873429       4   0 2  1 0  0 0  0 1
   203  -.5017679135656830E-03   4   1 0  2 0  0 0  0 1
   204  -.4689890426725931E-03   4   0 1  2 0  0 0  0 1
   205  -1.282748552330726       4   0 0  3 0  0 0  0 1
   206  -6.195370908821146       4   2 0  0 1  0 0  0 1
   207  -12.39817683533773       4   1 1  0 1  0 0  0 1
   208  -6.616834072766041       4   0 2  0 1  0 0  0 1
   209  -.1033429789572076E-02   4   1 0  1 1  0 0  0 1
   210  -.9687900932779142E-03   4   0 1  1 1  0 0  0 1
   211  -2.622800213956046       4   0 0  2 1  0 0  0 1
   212  -.4833644517109103E-03   4   1 0  0 2  0 0  0 1
   213  -.4476785129988425E-03   4   0 1  0 2  0 0  0 1
   214  -1.968792295823114       4   0 0  1 2  0 0  0 1
   215  -.7722237974600034       4   0 0  0 3  0 0  0 1
   216  0.2943460889129481E-04   4   2 0  0 0  0 2  0 0
   217  0.5579381787237557E-03   4   1 1  0 0  0 2  0 0
   218  0.6241601068953411E-03   4   0 2  0 0  0 2  0 0
   219  0.6033977213352273E-01   4   1 0  1 0  0 2  0 0
   220  0.1525678266922910       4   0 1  1 0  0 2  0 0
   221  0.1146215845550428E-03   4   0 0  2 0  0 2  0 0
   222  0.1585519012850986       4   1 0  0 1  0 2  0 0
   223  0.2704704993410514       4   0 1  0 1  0 2  0 0
   224  0.1001182908661634E-03   4   0 0  1 1  0 2  0 0
   225  0.8005014542521857E-04   4   0 0  0 2  0 2  0 0
   226  0.4332502577956374E-04   4   2 0  0 0  0 1  1 0
   227  0.7828775893286612E-03   4   1 1  0 0  0 1  1 0
   228  0.9144209558032820E-03   4   0 2  0 0  0 1  1 0
   229  0.3550026131031694E-01   4   1 0  1 0  0 1  1 0
   230  0.1474524652078701       4   0 1  1 0  0 1  1 0
   231  0.1696277172823677E-03   4   0 0  2 0  0 1  1 0
   232  0.1546466907929096       4   1 0  0 1  0 1  1 0
   233  0.3203249692194023       4   0 1  0 1  0 1  1 0
   234  0.2549870224297773E-03   4   0 0  1 1  0 1  1 0
   235  0.1628316165726877E-03   4   0 0  0 2  0 1  1 0
   236  0.2936584479292664E-04   4   2 0  0 0  0 0  2 0
   237  0.5566605519355889E-03   4   1 1  0 0  0 0  2 0
   238  0.6227048493255542E-03   4   0 2  0 0  0 0  2 0
   239  0.6023468242259920E-01   4   1 0  1 0  0 0  2 0
   240  0.1522632908121596       4   0 1  1 0  0 0  2 0
   241  0.1143531937346581E-03   4   0 0  2 0  0 0  2 0
   242  0.1582344714945297       4   1 0  0 1  0 0  2 0
   243  0.2698909737662799       4   0 1  0 1  0 0  2 0
   244  0.9981198162988615E-04   4   0 0  1 1  0 0  2 0
   245  0.7983285215440878E-04   4   0 0  0 2  0 0  2 0
   246  -.1678294941117721E-03   4   2 0  0 0  0 1  0 1
   247  -.8900872602254340E-03   4   1 1  0 0  0 1  0 1
   248  -.7201794039771090E-03   4   0 2  0 0  0 1  0 1
   249  -.7067082458394282E-01   4   1 0  1 0  0 1  0 1
   250  -.1369425426379408       4   0 1  1 0  0 1  0 1
   251  -.3358090930247649E-03   4   0 0  2 0  0 1  0 1
   252  -.1467892170573150       4   1 0  0 1  0 1  0 1
   253  -.2001404460084664       4   0 1  0 1  0 1  0 1
   254  -.5777247533194318E-03   4   0 0  1 1  0 1  0 1
   255  -.1989721822508280E-03   4   0 0  0 2  0 1  0 1
   256  -.1676036370881266E-03   4   2 0  0 0  0 0  1 1
   257  -.8888894227389821E-03   4   1 1  0 0  0 0  1 1
   258  -.7192102204761162E-03   4   0 2  0 0  0 0  1 1
   259  -.7057571911881802E-01   4   1 0  1 0  0 0  1 1
   260  -.1367582518179369       4   0 1  1 0  0 0  1 1
   261  -.3353571769735065E-03   4   0 0  2 0  0 0  1 1
   262  -.1465916750469353       4   1 0  0 1  0 0  1 1
   263  -.1998711064285205       4   0 1  0 1  0 0  1 1
   264  -.5769472785736389E-03   4   0 0  1 1  0 0  1 1
   265  -.1987044148651891E-03   4   0 0  0 2  0 0  1 1
   266  0.9743701900759551E-04   4   2 0  0 0  0 0  0 2
   267  0.2125954960067101E-03   4   1 1  0 0  0 0  0 2
   268  0.1120674831925192E-03   4   0 2  0 0  0 0  0 2
   269  -.1467957567374586E-01   4   1 0  1 0  0 0  0 2
   270  -.1406551064180456E-01   4   0 1  1 0  0 0  0 2
   271  0.2330505699722010E-03   4   0 0  2 0  0 0  0 2
   272  -.1072164534406037E-01   4   1 0  0 1  0 0  0 2
   273  -.1051075444471640E-01   4   0 1  0 1  0 0  0 2
   274  0.3768644371350823E-03   4   0 0  1 1  0 0  0 2
   275  0.1453878335753288E-03   4   0 0  0 2  0 0  0 2
   276  -.8886864991778429E-05   4   1 0  0 0  0 3  0 0
   277  -.1797022588632009E-04   4   0 1  0 0  0 3  0 0
   278  0.1144968797438333       4   0 0  1 0  0 3  0 0
   279  -.2466122611186075E-02   4   0 0  0 1  0 3  0 0
   280  -.6194753601494616E-05   4   1 0  0 0  0 2  1 0
   281  -.1771655973060420E-04   4   0 1  0 0  0 2  1 0
   282  0.5766128387790720E-01   4   0 0  1 0  0 2  1 0
   283  0.1260174659513273       4   0 0  0 1  0 2  1 0
   284  -.6200163834600214E-05   4   1 0  0 0  0 1  2 0
   285  -.1771702297105840E-04   4   0 1  0 0  0 1  2 0
   286  0.5777570283793150E-01   4   0 0  1 0  0 1  2 0
   287  0.1257581119133390       4   0 0  0 1  0 1  2 0
   288  -.8864763022267040E-05   4   1 0  0 0  0 0  3 0
   289  -.1792204567081655E-04   4   0 1  0 0  0 0  3 0
   290  0.1142270064208753       4   0 0  1 0  0 0  3 0
   291  -.2545824498136492E-02   4   0 0  0 1  0 0  3 0
   292  0.1093923840689116E-04   4   1 0  0 0  0 2  0 1
   293  0.1949034258908722E-04   4   0 1  0 0  0 2  0 1
   294  -.1152816812001243       4   0 0  1 0  0 2  0 1
   295  -.3188606742399334       4   0 0  0 1  0 2  0 1
   296  0.8388490964649518E-05   4   1 0  0 0  0 1  1 1
   297  0.1947028887809348E-04   4   0 1  0 0  0 1  1 1
   298  -.5889768474734130E-01   4   0 0  1 0  0 1  1 1
   299  -.3016108621595308       4   0 0  0 1  0 1  1 1
   300  0.1091887247755478E-04   4   1 0  0 0  0 0  2 1
   301  0.1945101230603399E-04   4   0 1  0 0  0 0  2 1
   302  -.1150869096824121       4   0 0  1 0  0 0  2 1
   303  -.3182286197299909       4   0 0  0 1  0 0  2 1
   304  -.6339231930830838E-06   4   1 0  0 0  0 1  0 2
   305  -.1019381303596951E-05   4   0 1  0 0  0 1  0 2
   306  -.2708813045767069E-01   4   0 0  1 0  0 1  0 2
   307  -.3456895626396985E-01   4   0 0  0 1  0 1  0 2
   308  -.6330700891256278E-06   4   1 0  0 0  0 0  1 2
   309  -.1018009468280377E-05   4   0 1  0 0  0 0  1 2
   310  -.2705167652832011E-01   4   0 0  1 0  0 0  1 2
   311  -.3452243499180828E-01   4   0 0  0 1  0 0  1 2
   312  0.5456346237245962E-07   4   1 0  0 0  0 0  0 3
   313  0.4406815075016058E-07   4   0 1  0 0  0 0  0 3
   314  -.7517912027889173E-03   4   0 0  1 0  0 0  0 3
   315  -.6073806403293511E-03   4   0 0  0 1  0 0  0 3
   316  0.9863417044962558E-05   4   0 0  0 0  0 4  0 0
   317  0.4192357364741169E-05   4   0 0  0 0  0 3  1 0
   318  0.3446250214538126E-05   4   0 0  0 0  0 2  2 0
   319  0.4208585607721392E-05   4   0 0  0 0  0 1  3 0
   320  0.9834062964347899E-05   4   0 0  0 0  0 0  4 0
   321  -.1313806246559621E-05   4   0 0  0 0  0 3  0 1
   322  0.1048690103027001E-05   4   0 0  0 0  0 2  1 1
   323  0.1043924667711745E-05   4   0 0  0 0  0 1  2 1
   324  -.1311858849610308E-05   4   0 0  0 0  0 0  3 1
   325  -.7915094204474785E-06   4   0 0  0 0  0 2  0 2
   326  -.9178451246852737E-06   4   0 0  0 0  0 1  1 2
   327  -.7898266480158573E-06   4   0 0  0 0  0 0  2 2
   328  -.2388319261576308E-07   4   0 0  0 0  0 1  0 3
   329  -.2385105174071666E-07   4   0 0  0 0  0 0  1 3
   330  -.4454752035824937E-13   4   0 0  0 0  0 0  0 4
   ----------------------------------------------------
     I  COEFFICIENT            ORDER EXPONENTS
     1  0.1692518254525419E-03   0   0 0  0 0  0 0  0 0
     2  0.6511274603981395E-04   1   1 0  0 0  0 0  0 0
     3  0.6022277576124307E-04   1   0 1  0 0  0 0  0 0
     4  -1.875072294177154       1   0 0  1 0  0 0  0 0
     5  -.7494638597279127       1   0 0  0 1  0 0  0 0
     6  0.7908123349294300E-05   1   0 0  0 0  0 1  0 0
     7  0.7897480969587775E-05   1   0 0  0 0  0 0  1 0
     8  0.1534462211323679E-03   1   0 0  0 0  0 0  0 1
     9  0.9748453472145655E-03   2   2 0  0 0  0 0  0 0
    10  0.1721861095795450E-02   2   1 1  0 0  0 0  0 0
    11  0.8227092512698133E-03   2   0 2  0 0  0 0  0 0
    12  0.7955711784468049       2   1 0  1 0  0 0  0 0
    13  0.7294687960003958       2   0 1  1 0  0 0  0 0
    14  0.6520611270006809E-03   2   0 0  2 0  0 0  0 0
    15  0.7531317903180726       2   1 0  0 1  0 0  0 0
    16  0.6952482908119418       2   0 1  0 1  0 0  0 0
    17  0.1600146306975995E-02   2   0 0  1 1  0 0  0 0
    18  0.8390406559898936E-03   2   0 0  0 2  0 0  0 0
    19  -.3812637279460800E-05   2   1 0  0 0  0 1  0 0
    20  -.3384007594842400E-04   2   0 1  0 0  0 1  0 0
    21  -.9847907389935401E-01   2   0 0  1 0  0 1  0 0
    22  0.7914675169175140       2   0 0  0 1  0 1  0 0
    23  -.3807506411893481E-05   2   1 0  0 0  0 0  1 0
    24  -.3379453556904018E-04   2   0 1  0 0  0 0  1 0
    25  -.9834654540285848E-01   2   0 0  1 0  0 0  1 0
    26  0.7904023972338180       2   0 0  0 1  0 0  1 0
    27  0.7273271805722767E-04   2   1 0  0 0  0 0  0 1
    28  0.6763444288033235E-04   2   0 1  0 0  0 0  0 1
    29  -1.678246674961656       2   0 0  1 0  0 0  0 1
    30  -1.581869914245993       2   0 0  0 1  0 0  0 1
    31  -.5800639349263211E-05   2   0 0  0 0  0 2  0 0
    32  -.3698797622088472E-05   2   0 0  0 0  0 1  1 0
    33  -.5790344288437204E-05   2   0 0  0 0  0 0  2 0
    34  0.1530003475066263E-04   2   0 0  0 0  0 1  0 1
    35  0.1527944468496090E-04   2   0 0  0 0  0 0  1 1
    36  -.1528972390347217E-04   2   0 0  0 0  0 0  0 2
    37  -.1666361608269708E-01   3   3 0  0 0  0 0  0 0
    38  -.4678377971940970E-01   3   2 1  0 0  0 0  0 0
    39  -.4398067738043589E-01   3   1 2  0 0  0 0  0 0
    40  -.1381055079124104E-01   3   0 3  0 0  0 0  0 0
    41  -15.85967678633973       3   2 0  1 0  0 0  0 0
    42  -30.74188630676721       3   1 1  1 0  0 0  0 0
    43  -15.56920365880261       3   0 2  1 0  0 0  0 0
    44  0.3112561387769055E-01   3   1 0  2 0  0 0  0 0
    45  0.2831661912071522E-01   3   0 1  2 0  0 0  0 0
    46  -2.632191355190523       3   0 0  3 0  0 0  0 0
    47  -14.07265779110460       3   2 0  0 1  0 0  0 0
    48  -27.89697405739248       3   1 1  0 1  0 0  0 0
    49  -15.28473947771631       3   0 2  0 1  0 0  0 0
    50  0.5852509377571757E-01   3   1 0  1 1  0 0  0 0
    51  0.5355514190166695E-01   3   0 1  1 1  0 0  0 0
    52  -8.301694097372113       3   0 0  2 1  0 0  0 0
    53  0.2778801677934284E-01   3   1 0  0 2  0 0  0 0
    54  0.2560842902938419E-01   3   0 1  0 2  0 0  0 0
    55  -7.622820854139792       3   0 0  1 2  0 0  0 0
    56  -2.906776893276039       3   0 0  0 3  0 0  0 0
    57  -.5820611654162738E-03   3   2 0  0 0  0 1  0 0
    58  -.1994676830354526E-02   3   1 1  0 0  0 1  0 0
    59  -.1360237101530333E-02   3   0 2  0 0  0 1  0 0
    60  0.4995020856330604E-01   3   1 0  1 0  0 1  0 0
    61  -.3164860298763304       3   0 1  1 0  0 1  0 0
    62  -.9909224420355226E-04   3   0 0  2 0  0 1  0 0
    63  -.3397880525143877       3   1 0  0 1  0 1  0 0
    64  -.6589198799986901       3   0 1  0 1  0 1  0 0
    65  -.1044098692397016E-02   3   0 0  1 1  0 1  0 0
    66  -.9846913141917869E-03   3   0 0  0 2  0 1  0 0
    67  -.5812778549314476E-03   3   2 0  0 0  0 0  1 0
    68  -.1991992488282093E-02   3   1 1  0 0  0 0  1 0
    69  -.1358406558544849E-02   3   0 2  0 0  0 0  1 0
    70  0.4988298792669382E-01   3   1 0  1 0  0 0  1 0
    71  -.3160601178927920       3   0 1  1 0  0 0  1 0
    72  -.9895889053135846E-04   3   0 0  2 0  0 0  1 0
    73  -.3393307817669698       3   1 0  0 1  0 0  1 0
    74  -.6580331366780054       3   0 1  0 1  0 0  1 0
    75  -.1042693593583453E-02   3   0 0  1 1  0 0  1 0
    76  -.9833661630280421E-03   3   0 0  0 2  0 0  1 0
    77  0.2136389169584205E-02   3   2 0  0 0  0 0  0 1
    78  0.3982790838362353E-02   3   1 1  0 0  0 0  0 1
    79  0.1893833005253861E-02   3   0 2  0 0  0 0  0 1
    80  0.6957409353244733       3   1 0  1 0  0 0  0 1
    81  0.6325486716485449       3   0 1  1 0  0 0  0 1
    82  0.8511893460709718E-03   3   0 0  2 0  0 0  0 1
    83  0.6791213978627234       3   1 0  0 1  0 0  0 1
    84  0.6217069131459578       3   0 1  0 1  0 0  0 1
    85  0.2089152101286889E-02   3   0 0  1 1  0 0  0 1
    86  0.1130321370540912E-02   3   0 0  0 2  0 0  0 1
    87  0.2909757573107169E-05   3   1 0  0 0  0 2  0 0
    88  0.2717278466338838E-04   3   0 1  0 0  0 2  0 0
    89  0.7214499804292655E-01   3   0 0  1 0  0 2  0 0
    90  -.5528994429973755       3   0 0  0 1  0 2  0 0
    91  0.2179269584859817E-05   3   1 0  0 0  0 1  1 0
    92  0.2075235116354652E-04   3   0 1  0 0  0 1  1 0
    93  0.4588148114299715E-01   3   0 0  1 0  0 1  1 0
    94  -.3149722134322834       3   0 0  0 1  0 1  1 0
    95  0.2904375379347987E-05   3   1 0  0 0  0 0  2 0
    96  0.2712225304233543E-04   3   0 1  0 0  0 0  2 0
    97  0.7201703613713505E-01   3   0 0  1 0  0 0  2 0
    98  -.5519434396038826       3   0 0  0 1  0 0  2 0
    99  -.8281878805448980E-05   3   1 0  0 0  0 1  0 1
   100  -.4172840247076875E-04   3   0 1  0 0  0 1  0 1
   101  -.1901711999228851       3   0 0  1 0  0 1  0 1
   102  0.6293039825431973       3   0 0  0 1  0 1  0 1
   103  -.8270733443264070E-05   3   1 0  0 0  0 0  1 1
   104  -.4167224635331515E-04   3   0 1  0 0  0 0  1 1
   105  -.1899152764844878       3   0 0  1 0  0 0  1 1
   106  0.6284570949015595       3   0 0  0 1  0 0  1 1
   107  0.8509754062851636E-05   3   1 0  0 0  0 0  0 2
   108  0.8168107394207007E-05   3   0 1  0 0  0 0  0 2
   109  0.1900431062934520       3   0 0  1 0  0 0  0 2
   110  0.1620542485713197       3   0 0  0 1  0 0  0 2
   111  0.4747439270334830E-05   3   0 0  0 0  0 3  0 0
   112  0.2645277853191589E-05   3   0 0  0 0  0 2  1 0
   113  0.2649508441056553E-05   3   0 0  0 0  0 1  2 0
   114  0.4736078406305686E-05   3   0 0  0 0  0 0  3 0
   115  -.1109054473586989E-04   3   0 0  0 0  0 2  0 1
   116  -.6893702877670495E-05   3   0 0  0 0  0 1  1 1
   117  -.1107098099322167E-04   3   0 0  0 0  0 0  2 1
   118  0.6889030354213985E-05   3   0 0  0 0  0 1  0 2
   119  0.6879759421832031E-05   3   0 0  0 0  0 0  1 2
   120  0.5072590119128263E-06   3   0 0  0 0  0 0  0 3
   121  -.6392000174574841E-02   4   4 0  0 0  0 0  0 0
   122  -.2344832714058573E-01   4   3 1  0 0  0 0  0 0
   123  -.3259419180205804E-01   4   2 2  0 0  0 0  0 0
   124  -.1965715741087607E-01   4   1 3  0 0  0 0  0 0
   125  -.4238263764463257E-02   4   0 4  0 0  0 0  0 0
   126   183.3992758103054       4   3 0  1 0  0 0  0 0
   127   511.0277489871829       4   2 1  1 0  0 0  0 0
   128   476.9276703958128       4   1 2  1 0  0 0  0 0
   129   149.4095966617822       4   0 3  1 0  0 0  0 0
   130  0.3785116544034409E-01   4   2 0  2 0  0 0  0 0
   131  0.7369445757854941E-01   4   1 1  2 0  0 0  0 0
   132  0.3559530227150749E-01   4   0 2  2 0  0 0  0 0
   133  -119.2681314016428       4   1 0  3 0  0 0  0 0
   134  -107.8557198224848       4   0 1  3 0  0 0  0 0
   135  -.5808024949143137E-02   4   0 0  4 0  0 0  0 0
   136   175.5966688685003       4   3 0  0 1  0 0  0 0
   137   492.5984506722778       4   2 1  0 1  0 0  0 0
   138   463.1076970632183       4   1 2  0 1  0 0  0 0
   139   146.2122562831977       4   0 3  0 1  0 0  0 0
   140  0.7643378709315957E-01   4   2 0  1 1  0 0  0 0
   141  0.1497176822753481       4   1 1  1 1  0 0  0 0
   142  0.7384883342946930E-01   4   0 2  1 1  0 0  0 0
   143  -333.2685689343930       4   1 0  2 1  0 0  0 0
   144  -303.8884610349753       4   0 1  2 1  0 0  0 0
   145  -.1995472814807392E-01   4   0 0  3 1  0 0  0 0
   146  0.3763055984174711E-01   4   2 0  0 2  0 0  0 0
   147  0.7462952985106788E-01   4   1 1  0 2  0 0  0 0
   148  0.3775439213513448E-01   4   0 2  0 2  0 0  0 0
   149  -313.4929509864329       4   1 0  1 2  0 0  0 0
   150  -287.8476999195498       4   0 1  1 2  0 0  0 0
   151  -.2575936963718505E-01   4   0 0  2 2  0 0  0 0
   152  -98.89367894263573       4   1 0  0 3  0 0  0 0
   153  -91.31017177951404       4   0 1  0 3  0 0  0 0
   154  -.1426416167605797E-01   4   0 0  1 3  0 0  0 0
   155  -.2540855655245956E-02   4   0 0  0 4  0 0  0 0
   156  -.1984481335403940E-02   4   3 0  0 0  0 1  0 0
   157  0.1416772587975944E-01   4   2 1  0 0  0 1  0 0
   158  0.3169129089934900E-01   4   1 2  0 0  0 1  0 0
   159  0.1564735373495609E-01   4   0 3  0 0  0 1  0 0
   160   8.709123671296533       4   2 0  1 0  0 1  0 0
   161   31.82259032574965       4   1 1  1 0  0 1  0 0
   162   23.18180034029201       4   0 2  1 0  0 1  0 0
   163  0.3538978149744387E-02   4   1 0  2 0  0 1  0 0
   164  -.9002621871157902E-02   4   0 1  2 0  0 1  0 0
   165  0.4902129445885754       4   0 0  3 0  0 1  0 0
   166   15.08379457873911       4   2 0  0 1  0 1  0 0
   167   43.39157021144666       4   1 1  0 1  0 1  0 0
   168   30.18765952133052       4   0 2  0 1  0 1  0 0
   169  -.1768365999975572E-01   4   1 0  1 1  0 1  0 0
   170  -.3886481070081536E-01   4   0 1  1 1  0 1  0 0
   171   5.962460845386054       4   0 0  2 1  0 1  0 0
   172  -.1973488062841066E-01   4   1 0  0 2  0 1  0 0
   173  -.2884678800079404E-01   4   0 1  0 2  0 1  0 0
   174   9.745495522465736       4   0 0  1 2  0 1  0 0
   175   5.120927044964565       4   0 0  0 3  0 1  0 0
   176  -.1981810713948113E-02   4   3 0  0 0  0 0  1 0
   177  0.1414865962197225E-01   4   2 1  0 0  0 0  1 0
   178  0.3164864225361546E-01   4   1 2  0 0  0 0  1 0
   179  0.1562629626373383E-01   4   0 3  0 0  0 0  1 0
   180   8.697403343106473       4   2 0  1 0  0 0  1 0
   181   31.77976498343595       4   1 1  1 0  0 0  1 0
   182   23.15060336591448       4   0 2  1 0  0 0  1 0
   183  0.3534215559736724E-02   4   1 0  2 0  0 0  1 0
   184  -.8990506566922572E-02   4   0 1  2 0  0 0  1 0
   185  0.4895532391106792       4   0 0  3 0  0 0  1 0
   186   15.06349551886964       4   2 0  0 1  0 0  1 0
   187   43.33317588122993       4   1 1  0 1  0 0  1 0
   188   30.14703439184180       4   0 2  0 1  0 0  1 0
   189  -.1765986216353005E-01   4   1 0  1 1  0 0  1 0
   190  -.3881250827020925E-01   4   0 1  1 1  0 0  1 0
   191   5.954436846581370       4   0 0  2 1  0 0  1 0
   192  -.1970832235613364E-01   4   1 0  0 2  0 0  1 0
   193  -.2880796735300459E-01   4   0 1  0 2  0 0  1 0
   194   9.732380493880884       4   0 0  1 2  0 0  1 0
   195   5.114035542688383       4   0 0  0 3  0 0  1 0
   196  0.8734875852025885E-03   4   3 0  0 0  0 0  0 1
   197  0.2478798156276928E-02   4   2 1  0 0  0 0  0 1
   198  0.2363158942664922E-02   4   1 2  0 0  0 0  0 1
   199  0.7941471184353054E-03   4   0 3  0 0  0 0  0 1
   200  -33.25079386227141       4   2 0  1 0  0 0  0 1
   201  -63.56924860301041       4   1 1  1 0  0 0  0 1
   202  -30.74532773049105       4   0 2  1 0  0 0  0 1
   203  -.2423262520804530E-02   4   1 0  2 0  0 0  0 1
   204  -.2277523067657695E-02   4   0 1  2 0  0 0  0 1
   205  -3.615298235710949       4   0 0  3 0  0 0  0 1
   206  -30.12960288591384       4   2 0  0 1  0 0  0 1
   207  -58.78959670986861       4   1 1  0 1  0 0  0 1
   208  -29.74454439725163       4   0 2  0 1  0 0  0 1
   209  -.4747069939620281E-02   4   1 0  1 1  0 0  0 1
   210  -.4602474501785732E-02   4   0 1  1 1  0 0  0 1
   211  -11.92766070039827       4   0 0  2 1  0 0  0 1
   212  -.2314271310489161E-02   4   1 0  0 2  0 0  0 1
   213  -.2267574388465291E-02   4   0 1  0 2  0 0  0 1
   214  -11.86680319589602       4   0 0  1 2  0 0  0 1
   215  -4.425728490274165       4   0 0  0 3  0 0  0 1
   216  -.2916744607156755E-03   4   2 0  0 0  0 2  0 0
   217  0.2518148139386272E-03   4   1 1  0 0  0 2  0 0
   218  0.6109728750724052E-03   4   0 2  0 0  0 2  0 0
   219  -.3746118833324415E-01   4   1 0  1 0  0 2  0 0
   220  0.2138202769213418       4   0 1  1 0  0 2  0 0
   221  -.1847210398472986E-03   4   0 0  2 0  0 2  0 0
   222  0.2368079941363844       4   1 0  0 1  0 2  0 0
   223  0.6328050053012917       4   0 1  0 1  0 2  0 0
   224  0.3431083144949839E-03   4   0 0  1 1  0 2  0 0
   225  0.8090866039857593E-03   4   0 0  0 2  0 2  0 0
   226  -.3059153464278931E-03   4   2 0  0 0  0 1  1 0
   227  0.4740124434910061E-03   4   1 1  0 0  0 1  1 0
   228  0.1031385116403962E-02   4   0 2  0 0  0 1  1 0
   229  -.2643538148502221E-01   4   1 0  1 0  0 1  1 0
   230  0.1095829822908254       4   0 1  1 0  0 1  1 0
   231  -.1604953385301001E-03   4   0 0  2 0  0 1  1 0
   232  0.1324357117431392       4   1 0  0 1  0 1  1 0
   233  0.6045264334957436       4   0 1  0 1  0 1  1 0
   234  0.2681991874865045E-03   4   0 0  1 1  0 1  1 0
   235  0.9208164311389714E-03   4   0 0  0 2  0 1  1 0
   236  -.2910760957446190E-03   4   2 0  0 0  0 0  2 0
   237  0.2511569816261423E-03   4   1 1  0 0  0 0  2 0
   238  0.6094566618302087E-03   4   0 2  0 0  0 0  2 0
   239  -.3739298708619675E-01   4   1 0  1 0  0 0  2 0
   240  0.2134587918631118       4   0 1  1 0  0 0  2 0
   241  -.1843644574461178E-03   4   0 0  2 0  0 0  2 0
   242  0.2364001962285573       4   1 0  0 1  0 0  2 0
   243  0.6315466345562969       4   0 1  0 1  0 0  2 0
   244  0.3424661105821066E-03   4   0 0  1 1  0 0  2 0
   245  0.8073781776868194E-03   4   0 0  0 2  0 0  2 0
   246  0.6726556582064882E-03   4   2 0  0 0  0 1  0 1
   247  -.1260734706079619E-03   4   1 1  0 0  0 1  0 1
   248  -.6684393942974858E-03   4   0 2  0 0  0 1  0 1
   249  0.1032797623765191       4   1 0  1 0  0 1  0 1
   250  -.2176444254693087       4   0 1  1 0  0 1  0 1
   251  0.3315285622335781E-03   4   0 0  2 0  0 1  0 1
   252  -.2635748218754008       4   1 0  0 1  0 1  0 1
   253  -.5478463091616640       4   0 1  0 1  0 1  0 1
   254  -.2532525956001478E-03   4   0 0  1 1  0 1  0 1
   255  -.7021746759807878E-03   4   0 0  0 2  0 1  0 1
   256  0.6717504299228361E-03   4   2 0  0 0  0 0  1 1
   257  -.1259038068728534E-03   4   1 1  0 0  0 0  1 1
   258  -.6675398400630963E-03   4   0 2  0 0  0 0  1 1
   259  0.1031407733397199       4   1 0  1 0  0 0  1 1
   260  -.2173515298587382       4   0 1  1 0  0 0  1 1
   261  0.3310824067189241E-03   4   0 0  2 0  0 0  1 1
   262  -.2632201153019715       4   1 0  0 1  0 0  1 1
   263  -.5471090434178960       4   0 1  0 1  0 0  1 1
   264  -.2529117801923701E-03   4   0 0  1 1  0 0  1 1
   265  -.7012297223941997E-03   4   0 0  0 2  0 0  1 1
   266  -.4563953469798338E-03   4   2 0  0 0  0 0  0 2
   267  -.8565541626944624E-03   4   1 1  0 0  0 0  0 2
   268  -.3990311227130367E-03   4   0 2  0 0  0 0  0 2
   269  -.1051295532290181       4   1 0  1 0  0 0  0 2
   270  -.1010331897078535       4   0 1  1 0  0 0  0 2
   271  -.1326944646285149E-03   4   0 0  2 0  0 0  0 2
   272  -.7844669854588905E-01   4   1 0  0 1  0 0  0 2
   273  -.7700019008488418E-01   4   0 1  0 1  0 0  0 2
   274  -.3004917656913468E-03   4   0 0  1 1  0 0  0 2
   275  -.1593091971568997E-03   4   0 0  0 2  0 0  0 2
   276  -.5217505299533736E-05   4   1 0  0 0  0 3  0 0
   277  -.2967215151411508E-04   4   0 1  0 0  0 3  0 0
   278  -.5899384891838713E-01   4   0 0  1 0  0 3  0 0
   279  0.4343890855968248       4   0 0  0 1  0 3  0 0
   280  -.3716379615198551E-05   4   1 0  0 0  0 2  1 0
   281  -.2175584420277739E-04   4   0 1  0 0  0 2  1 0
   282  -.3272969862924444E-01   4   0 0  1 0  0 2  1 0
   283  0.1974997163746715       4   0 0  0 1  0 2  1 0
   284  -.3719395657748344E-05   4   1 0  0 0  0 1  2 0
   285  -.2177174368610825E-04   4   0 1  0 0  0 1  2 0
   286  -.3278255595146817E-01   4   0 0  1 0  0 1  2 0
   287  0.1979767281469601       4   0 0  0 1  0 1  2 0
   288  -.5204475797789317E-05   4   1 0  0 0  0 0  3 0
   289  -.2959763518122222E-04   4   0 1  0 0  0 0  3 0
   290  -.5885276887250628E-01   4   0 0  1 0  0 0  3 0
   291  0.4333795015229353       4   0 0  0 1  0 0  3 0
   292  0.7403384074313609E-05   4   1 0  0 0  0 2  0 1
   293  0.3888199449573005E-04   4   0 1  0 0  0 2  0 1
   294  0.1375857470195427       4   0 0  1 0  0 2  0 1
   295  -.3948351330992727       4   0 0  0 1  0 2  0 1
   296  0.6057722239964042E-05   4   1 0  0 0  0 1  1 1
   297  0.3199407801761788E-04   4   0 1  0 0  0 1  1 1
   298  0.8515230856233783E-01   4   0 0  1 0  0 1  1 1
   299  -.1609830996608948       4   0 0  0 1  0 1  1 1
   300  0.7389344850294110E-05   4   1 0  0 0  0 0  2 1
   301  0.3880814087884255E-04   4   0 1  0 0  0 0  2 1
   302  0.1373432936235083       4   0 0  1 0  0 0  2 1
   303  -.3941954608507570       4   0 0  0 1  0 0  2 1
   304  -.1759405580368696E-05   4   1 0  0 0  0 1  0 2
   305  -.4803651708895471E-05   4   0 1  0 0  0 1  0 2
   306  -.8508582653316848E-01   4   0 0  1 0  0 1  0 2
   307  -.1539925879479464       4   0 0  0 1  0 1  0 2
   308  -.1757037855256613E-05   4   1 0  0 0  0 0  1 2
   309  -.4797187180813971E-05   4   0 1  0 0  0 0  1 2
   310  -.8497132203777602E-01   4   0 0  1 0  0 0  1 2
   311  -.1537853519805052       4   0 0  0 1  0 0  1 2
   312  0.4744486395320828E-06   4   1 0  0 0  0 0  0 3
   313  0.3870196808329438E-06   4   0 1  0 0  0 0  0 3
   314  -.6665183018018828E-02   4   0 0  1 0  0 0  0 3
   315  -.5446439602503219E-02   4   0 0  0 1  0 0  0 3
   316  -.7783927520842369E-05   4   0 0  0 0  0 4  0 0
   317  -.3926179442121460E-05   4   0 0  0 0  0 3  1 0
   318  -.3414767430456584E-05   4   0 0  0 0  0 2  2 0
   319  -.3937219077984959E-05   4   0 0  0 0  0 1  3 0
   320  -.7760347362145609E-05   4   0 0  0 0  0 0  4 0
   321  0.8231356530189342E-05   4   0 0  0 0  0 3  0 1
   322  0.3972452046919076E-05   4   0 0  0 0  0 2  1 1
   323  0.3981026835219520E-05   4   0 0  0 0  0 1  2 1
   324  0.8212071110469738E-05   4   0 0  0 0  0 0  3 1
   325  0.7564938650975978E-06   4   0 0  0 0  0 2  0 2
   326  0.8992773801203718E-06   4   0 0  0 0  0 1  1 2
   327  0.7548707087479280E-06   4   0 0  0 0  0 0  2 2
   328  0.7025857595123500E-08   4   0 0  0 0  0 1  0 3
   329  0.7016402527089243E-08   4   0 0  0 0  0 0  1 3
   330  -.2348296691489895E-13   4   0 0  0 0  0 0  0 4
   ----------------------------------------------------
     I  COEFFICIENT            ORDER EXPONENTS
     1  0.8251212378937760E-08   0   0 0  0 0  0 0  0 0
     2  -.3766050979986729E-05   1   1 0  0 0  0 0  0 0
     3  -.4574599388087466E-05   1   0 1  0 0  0 0  0 0
     4  0.2779652986675582E-04   1   0 0  1 0  0 0  0 0
     5  0.6892694351736784E-05   1   0 0  0 1  0 0  0 0
     6   1.000000000000000       1   0 0  0 0  1 0  0 0
     7  0.2859789915373157       1   0 0  0 0  0 1  0 0
     8  -.2859789892230538       1   0 0  0 0  0 0  1 0
     9  -.2314268085215576E-08   1   0 0  0 0  0 0  0 1
    10  -.2158954470816851       2   2 0  0 0  0 0  0 0
    11  -.6333135461877443       2   1 1  0 0  0 0  0 0
    12  -.6787845615497434       2   0 2  0 0  0 0  0 0
    13  -.1405394902301279E-04   2   1 0  1 0  0 0  0 0
    14  -.2002017174691324E-04   2   0 1  1 0  0 0  0 0
    15  -.1594091128907819       2   0 0  2 0  0 0  0 0
    16  -.1994950168961061E-04   2   1 0  0 1  0 0  0 0
    17  -.2438237502457749E-04   2   0 1  0 1  0 0  0 0
    18  -.7491156121133538E-01   2   0 0  1 1  0 0  0 0
    19  -.2260211222208834       2   0 0  0 2  0 0  0 0
    20  0.5597016306036591E-05   2   1 0  0 0  0 1  0 0
    21  0.8415647980398727E-05   2   0 1  0 0  0 1  0 0
    22  -.3963465172891937E-04   2   0 0  1 0  0 1  0 0
    23  -.2174967009091395E-04   2   0 0  0 1  0 1  0 0
    24  0.1833576266398918E-05   2   1 0  0 0  0 0  1 0
    25  0.3842053378951801E-05   2   0 1  0 0  0 0  1 0
    26  -.1185956006757157E-04   2   0 0  1 0  0 0  1 0
    27  -.1484625701011154E-04   2   0 0  0 1  0 0  1 0
    28  -.7430642006117947E-05   2   1 0  0 0  0 0  0 1
    29  -.7683200508024508E-05   2   0 1  0 0  0 0  0 1
    30  0.5149423401618739E-04   2   0 0  1 0  0 0  0 1
    31  0.2970325891642568E-04   2   0 0  0 1  0 0  0 1
    32  -.2146286630257609       2   0 0  0 0  0 2  0 0
    33  0.1432783312958976       2   0 0  0 0  0 1  1 0
    34  0.7135032851051518E-01   2   0 0  0 0  0 0  2 0
    35  0.3218498624522711E-08   2   0 0  0 0  0 1  0 1
    36  0.9061786842704578E-09   2   0 0  0 0  0 0  1 1
    37  -.9052622782909446E-09   2   0 0  0 0  0 0  0 2
    38  0.1084281756353667       3   3 0  0 0  0 0  0 0
    39  0.3533399030020652       3   2 1  0 0  0 0  0 0
    40  0.3723784624351365       3   1 2  0 0  0 0  0 0
    41  0.1282344263114099       3   0 3  0 0  0 0  0 0
    42  0.6375200017812283E-03   3   2 0  1 0  0 0  0 0
    43  0.1186132429414260E-02   3   1 1  1 0  0 0  0 0
    44  0.7320319991786020E-03   3   0 2  1 0  0 0  0 0
    45  0.5724331728147319E-01   3   1 0  2 0  0 0  0 0
    46  0.5568902787597535E-02   3   0 1  2 0  0 0  0 0
    47  0.2181707955576855E-03   3   0 0  3 0  0 0  0 0
    48  0.4512334339702887E-03   3   2 0  0 1  0 0  0 0
    49  0.8014542304552301E-03   3   1 1  0 1  0 0  0 0
    50  0.4945189819447085E-03   3   0 2  0 1  0 0  0 0
    51  0.1468136460193824E-01   3   1 0  1 1  0 0  0 0
    52  -.6729991476890966E-01   3   0 1  1 1  0 0  0 0
    53  0.6244093256871088E-03   3   0 0  2 1  0 0  0 0
    54  -.3444299407670899E-01   3   1 0  0 2  0 0  0 0
    55  -.6700922666462511E-01   3   0 1  0 2  0 0  0 0
    56  0.5924456948114951E-03   3   0 0  1 2  0 0  0 0
    57  0.1804971938226164E-03   3   0 0  0 3  0 0  0 0
    58  0.3399225243850302       3   2 0  0 0  0 1  0 0
    59   1.180203561847211       3   1 1  0 0  0 1  0 0
    60   1.320539721642597       3   0 2  0 0  0 1  0 0
    61  0.2119484947234996E-04   3   1 0  1 0  0 1  0 0
    62  0.3677791126272751E-04   3   0 1  1 0  0 1  0 0
    63  0.2267941906669358       3   0 0  2 0  0 1  0 0
    64  0.3677397945714014E-04   3   1 0  0 1  0 1  0 0
    65  0.5529194769300449E-04   3   0 1  0 1  0 1  0 0
    66  0.2428550866344596       3   0 0  1 1  0 1  0 0
    67  0.3710839418750565       3   0 0  0 2  0 1  0 0
    68  0.1241505095539197       3   2 0  0 0  0 0  1 0
    69  0.5470056067749386       3   1 1  0 0  0 0  1 0
    70  0.6418040449294400       3   0 2  0 0  0 0  1 0
    71  0.7119909796924906E-05   3   1 0  1 0  0 0  1 0
    72  0.1667368034799938E-04   3   0 1  1 0  0 0  1 0
    73  0.6750873951370956E-01   3   0 0  2 0  0 0  1 0
    74  0.1678732266921056E-04   3   1 0  0 1  0 0  1 0
    75  0.3080504450928027E-04   3   0 1  0 1  0 0  1 0
    76  0.1678183527619125       3   0 0  1 1  0 0  1 0
    77  0.1451714294497384       3   0 0  0 2  0 0  1 0
    78  -.4640734309604300       3   2 0  0 0  0 0  0 1
    79  -1.093896688366496       3   1 1  0 0  0 0  0 1
    80  -.6047754764827398       3   0 2  0 0  0 0  0 1
    81  -.2825393496294259E-04   3   1 0  1 0  0 0  0 1
    82  -.3325779503211073E-04   3   0 1  1 0  0 0  0 1
    83  -.2943031226701065       3   0 0  2 0  0 0  0 1
    84  -.3350877565125337E-04   3   1 0  0 1  0 0  0 1
    85  -.3709799816295298E-04   3   0 1  0 1  0 0  0 1
    86  -.3357621340372008       3   0 0  1 1  0 0  0 1
    87  -.6421325489765940E-01   3   0 0  0 2  0 0  0 1
    88  -.6933794152416848E-05   3   1 0  0 0  0 2  0 0
    89  -.1203271063018219E-04   3   0 1  0 0  0 2  0 0
    90  0.4755726305551626E-04   3   0 0  1 0  0 2  0 0
    91  0.3774277022381691E-04   3   0 0  0 1  0 2  0 0
    92  -.2675123566921560E-05   3   1 0  0 0  0 1  1 0
    93  -.7235281149551186E-05   3   0 1  0 0  0 1  1 0
    94  0.1586056602964360E-04   3   0 0  1 0  0 1  1 0
    95  0.3198758824898901E-04   3   0 0  0 1  0 1  1 0
    96  -.1339517506865793E-05   3   1 0  0 0  0 0  2 0
    97  -.3618422085794922E-05   3   0 1  0 0  0 0  2 0
    98  0.7946228479534036E-05   3   0 0  1 0  0 0  2 0
    99  0.1598687082693373E-04   3   0 0  0 1  0 0  2 0
   100  0.1094466911486752E-04   3   1 0  0 0  0 1  0 1
   101  0.1446860724166999E-04   3   0 1  0 0  0 1  0 1
   102  -.7134562190840757E-04   3   0 0  1 0  0 1  0 1
   103  -.6397924150426566E-04   3   0 0  0 1  0 1  0 1
   104  0.3519384548859503E-05   3   1 0  0 0  0 0  1 1
   105  0.6786810213294251E-05   3   0 1  0 0  0 0  1 1
   106  -.1989531216049725E-04   3   0 0  1 0  0 0  1 1
   107  -.3427103044189821E-04   3   0 0  0 1  0 0  1 1
   108  -.3516585365982383E-05   3   1 0  0 0  0 0  0 2
   109  -.2944502758612735E-05   3   0 1  0 0  0 0  0 2
   110  0.1987479629910791E-04   3   0 0  1 0  0 0  0 2
   111  0.1942327142704647E-04   3   0 0  0 1  0 0  0 2
   112  0.1788813498234128       3   0 0  0 0  0 3  0 0
   113  -.1073867924524018       3   0 0  0 0  0 2  1 0
   114  -.3589155523990888E-01   3   0 0  0 0  0 1  2 0
   115  -.3560303939693064E-01   3   0 0  0 0  0 0  3 0
   116  -.3318818636843839E-08   3   0 0  0 0  0 2  0 1
   117  0.3146499822497045E-10   3   0 0  0 0  0 1  1 1
   118  0.1346203968585724E-10   3   0 0  0 0  0 0  2 1
   119  0.4795061568768247E-09   3   0 0  0 0  0 1  0 2
   120  0.1590360547121642E-10   3   0 0  0 0  0 0  1 2
   121  0.1110013949042812E-09   3   0 0  0 0  0 0  0 3
   122  -1.356899582210624       4   4 0  0 0  0 0  0 0
   123  -7.000623044471567       4   3 1  0 0  0 0  0 0
   124  -13.80310394322023       4   2 2  0 0  0 0  0 0
   125  -12.27280402881481       4   1 3  0 0  0 0  0 0
   126  -4.402485093415882       4   0 4  0 0  0 0  0 0
   127  0.9294908236421892E-03   4   3 0  1 0  0 0  0 0
   128  0.4506838774948842E-02   4   2 1  1 0  0 0  0 0
   129  0.5783137717219236E-02   4   1 2  1 0  0 0  0 0
   130  0.2217994633859377E-02   4   0 3  1 0  0 0  0 0
   131  -4.291387596834698       4   2 0  2 0  0 0  0 0
   132  -8.547416407188367       4   1 1  2 0  0 0  0 0
   133  -5.105872433136241       4   0 2  2 0  0 0  0 0
   134  0.3386754114441883E-02   4   1 0  3 0  0 0  0 0
   135  0.2475965150892254E-02   4   0 1  3 0  0 0  0 0
   136  -.8098334263109529       4   0 0  4 0  0 0  0 0
   137  0.1684834277215882E-02   4   3 0  0 1  0 0  0 0
   138  0.6462215688100420E-02   4   2 1  0 1  0 0  0 0
   139  0.7505578265462221E-02   4   1 2  0 1  0 0  0 0
   140  0.2730262572909736E-02   4   0 3  0 1  0 0  0 0
   141  -6.203938120569218       4   2 0  1 1  0 0  0 0
   142  -11.52887611098836       4   1 1  1 1  0 0  0 0
   143  -6.681202507443363       4   0 2  1 1  0 0  0 0
   144  0.7997362437134919E-02   4   1 0  2 1  0 0  0 0
   145  0.5661719544913185E-02   4   0 1  2 1  0 0  0 0
   146  -2.674329900630971       4   0 0  3 1  0 0  0 0
   147  -2.090672071562079       4   2 0  0 2  0 0  0 0
   148  -4.056817388966577       4   1 1  0 2  0 0  0 0
   149  -2.876113221155056       4   0 2  0 2  0 0  0 0
   150  0.6092900150997647E-02   4   1 0  1 2  0 0  0 0
   151  0.4063748626271428E-02   4   0 1  1 2  0 0  0 0
   152  -3.401520526047592       4   0 0  2 2  0 0  0 0
   153  0.1433968551582340E-02   4   1 0  0 3  0 0  0 0
   154  0.8311615268789471E-03   4   0 1  0 3  0 0  0 0
   155  -1.918285605698880       4   0 0  1 3  0 0  0 0
   156  -.5061853193078183       4   0 0  0 4  0 0  0 0
   157  -.1802696515319432       4   3 0  0 0  0 1  0 0
   158  -.7318480554801130       4   2 1  0 0  0 1  0 0
   159  -.9342288074990173       4   1 2  0 0  0 1  0 0
   160  -.3801974032230619       4   0 3  0 0  0 1  0 0
   161  -.7779778660626745E-04   4   2 0  1 0  0 1  0 0
   162  -.7810990013883875E-03   4   1 1  1 0  0 1  0 0
   163  -.8756771663022896E-03   4   0 2  1 0  0 1  0 0
   164  -.7470817969633153E-01   4   1 0  2 0  0 1  0 0
   165  -.2625739248514774E-01   4   0 1  2 0  0 1  0 0
   166  -.1899450387310374E-03   4   0 0  3 0  0 1  0 0
   167  -.1608799810312240E-03   4   2 0  0 1  0 1  0 0
   168  -.5355180649735606E-03   4   1 1  0 1  0 1  0 0
   169  -.5548182522600541E-03   4   0 2  0 1  0 1  0 0
   170  -.6011292998340824E-01   4   1 0  1 1  0 1  0 0
   171  0.9606398383042615E-01   4   0 1  1 1  0 1  0 0
   172  -.6846196434976163E-03   4   0 0  2 1  0 1  0 0
   173  0.4940248952803896E-01   4   1 0  0 2  0 1  0 0
   174  0.1477414064529341       4   0 1  0 2  0 1  0 0
   175  -.9564822855401531E-03   4   0 0  1 2  0 1  0 0
   176  -.4183199348452384E-03   4   0 0  0 3  0 1  0 0
   177  -.7117516766187666E-01   4   3 0  0 0  0 0  1 0
   178  -.3756874194958106       4   2 1  0 0  0 0  1 0
   179  -.5581099564379008       4   1 2  0 0  0 0  1 0
   180  -.2503200514979357       4   0 3  0 0  0 0  1 0
   181  -.6853597468715710E-04   4   2 0  1 0  0 0  1 0
   182  -.7762566257737810E-03   4   1 1  1 0  0 0  1 0
   183  -.7801177023268888E-03   4   0 2  1 0  0 0  1 0
   184  -.1728257810421347E-01   4   1 0  2 0  0 0  1 0
   185  -.1998697707533122E-01   4   0 1  2 0  0 0  1 0
   186  -.1176148246476107E-03   4   0 0  3 0  0 0  1 0
   187  -.2135807288752201E-03   4   2 0  0 1  0 0  1 0
   188  -.7278901721996317E-03   4   1 1  0 1  0 0  1 0
   189  -.6246498250374751E-03   4   0 2  0 1  0 0  1 0
   190  -.4505083655842113E-01   4   1 0  1 1  0 0  1 0
   191  0.2980409340237105E-01   4   0 1  1 1  0 0  1 0
   192  -.4893687704155568E-03   4   0 0  2 1  0 0  1 0
   193  0.1518773847767224E-01   4   1 0  0 2  0 0  1 0
   194  0.8120123943640695E-01   4   0 1  0 2  0 0  1 0
   195  -.7190174673490689E-03   4   0 0  1 2  0 0  1 0
   196  -.3249882521657324E-03   4   0 0  0 3  0 0  1 0
   197  0.2505389870350896       4   3 0  0 0  0 0  0 1
   198  0.7496713244881659       4   2 1  0 0  0 0  0 1
   199  0.7407813907105190       4   1 2  0 0  0 0  0 1
   200  0.2423705206895347       4   0 3  0 0  0 0  0 1
   201  0.2616310559008701E-03   4   2 0  1 0  0 0  0 1
   202  0.7376108840557504E-03   4   1 1  1 0  0 0  0 1
   203  0.5867750903410546E-03   4   0 2  1 0  0 0  0 1
   204  0.9156093693477427E-01   4   1 0  2 0  0 0  0 1
   205  0.3931117346310687E-01   4   0 1  2 0  0 0  0 1
   206  0.3507842790599271E-03   4   0 0  3 0  0 0  0 1
   207  -.5121368861590186E-04   4   2 0  0 1  0 0  0 1
   208  -.1620382311206782E-04   4   1 1  0 1  0 0  0 1
   209  0.1540143542712507E-03   4   0 2  0 1  0 0  0 1
   210  0.8981746935014709E-01   4   1 0  1 1  0 0  0 1
   211  0.6780358356321058E-02   4   0 1  1 1  0 0  0 1
   212  0.7340655710382503E-03   4   0 0  2 1  0 0  0 1
   213  0.3809433037938666E-02   4   1 0  0 2  0 0  0 1
   214  -.2906332278971321E-01   4   0 1  0 2  0 0  0 1
   215  0.5475075734276336E-03   4   0 0  1 2  0 0  0 1
   216  0.1746862778429901E-03   4   0 0  0 3  0 0  0 1
   217  -.4416044432718018       4   2 0  0 0  0 2  0 0
   218  -1.720699641941491       4   1 1  0 0  0 2  0 0
   219  -2.012894261945153       4   0 2  0 0  0 2  0 0
   220  -.2877998686038698E-04   4   1 0  1 0  0 2  0 0
   221  -.6259968597101435E-04   4   0 1  1 0  0 2  0 0
   222  -.2716336637827873       4   0 0  2 0  0 2  0 0
   223  -.6377869754045599E-04   4   1 0  0 1  0 2  0 0
   224  -.1084862138828156E-03   4   0 1  0 1  0 2  0 0
   225  -.4238335664894441       4   0 0  1 1  0 2  0 0
   226  -.5226679966654044       4   0 0  0 2  0 2  0 0
   227  -.2033829151028736       4   2 0  0 0  0 1  1 0
   228  -1.080933127523682       4   1 1  0 0  0 1  1 0
   229  -1.384537116046191       4   0 2  0 0  0 1  1 0
   230  -.1149046553996295E-04   4   1 0  1 0  0 1  1 0
   231  -.3554302663357673E-04   4   0 1  1 0  0 1  1 0
   232  -.8976683040673658E-01   4   0 0  2 0  0 1  1 0
   233  -.3675401184367759E-04   4   1 0  0 1  0 1  1 0
   234  -.7911961732293236E-04   4   0 1  0 1  0 1  1 0
   235  -.3619708907098602       4   0 0  1 1  0 1  1 0
   236  -.3031739894854811       4   0 0  0 2  0 1  1 0
   237  -.1017829229853285       4   2 0  0 0  0 0  2 0
   238  -.5405318917431602       4   1 1  0 0  0 0  2 0
   239  -.6922238111121173       4   0 2  0 0  0 0  2 0
   240  -.5799496449593134E-05   4   1 0  1 0  0 0  2 0
   241  -.1782586260579951E-04   4   0 1  1 0  0 0  2 0
   242  -.4497532272018616E-01   4   0 0  2 0  0 0  2 0
   243  -.1841742953764945E-04   4   1 0  0 1  0 0  2 0
   244  -.3957255801778616E-04   4   0 1  0 1  0 0  2 0
   245  -.1809049221156083       4   0 0  1 1  0 0  2 0
   246  -.1516322386071046       4   0 0  0 2  0 0  2 0
   247  0.7466215117156271       4   2 0  0 0  0 1  0 1
   248   2.161828939661630       4   1 1  0 0  0 1  0 1
   249   1.448657120068035       4   0 2  0 0  0 1  0 1
   250  0.3768609546497930E-04   4   1 0  1 0  0 1  0 1
   251  0.6421877667940525E-04   4   0 1  1 0  0 1  0 1
   252  0.4062655057755261       4   0 0  2 0  0 1  0 1
   253  0.6620708702940544E-04   4   1 0  0 1  0 1  0 1
   254  0.9391172666708243E-04   4   0 1  0 1  0 1  0 1
   255  0.7239802501379610       4   0 0  1 1  0 1  0 1
   256  0.2352856171157261       4   0 0  0 2  0 1  0 1
   257  0.2827780205458758       4   2 0  0 0  0 0  1 1
   258   1.067941458808962       4   1 1  0 0  0 0  1 1
   259  0.8435482211223138       4   0 2  0 0  0 0  1 1
   260  0.1290766569885043E-04   4   1 0  1 0  0 0  1 1
   261  0.3010914215419347E-04   4   0 1  1 0  0 0  1 1
   262  0.1122160936577759       4   0 0  2 0  0 0  1 1
   263  0.3143207070704659E-04   4   1 0  0 1  0 0  1 1
   264  0.5228457352634512E-04   4   0 1  0 1  0 0  1 1
   265  0.3881620936879791       4   0 0  1 1  0 0  1 1
   266  0.1709350515045257       4   0 0  0 2  0 0  1 1
   267  -.2826452565726766       4   2 0  0 0  0 0  0 2
   268  -.5209550184506564       4   1 1  0 0  0 0  0 2
   269  -.2389235456416323       4   0 2  0 0  0 0  0 2
   270  -.1038491657474876E-04   4   1 0  1 0  0 0  0 2
   271  -.9300188477938437E-05   4   0 1  1 0  0 0  0 2
   272  -.1120972700827222       4   0 0  2 0  0 0  0 2
   273  -.1010925427541169E-04   4   1 0  0 1  0 0  0 2
   274  -.9121358129121329E-05   4   0 1  0 1  0 0  0 2
   275  -.2203239732384897       4   0 0  1 1  0 0  0 2
   276  -.1067975981874141       4   0 0  0 2  0 0  0 2
   277  -.1132280417157409E-03   4   1 0  0 0  0 3  0 0
   278  -.2005731559426494E-03   4   0 1  0 0  0 3  0 0
   279  -.5754833139049747E-04   4   0 0  1 0  0 3  0 0
   280  -.4725774468480762E-04   4   0 0  0 1  0 3  0 0
   281  -.5745587182093558E-04   4   1 0  0 0  0 2  1 0
   282  -.9808853515307578E-04   4   0 1  0 0  0 2  1 0
   283  -.1849801979728564E-04   4   0 0  1 0  0 2  1 0
   284  -.4535195014427461E-04   4   0 0  0 1  0 2  1 0
   285  -.3591080986642596E-04   4   1 0  0 0  0 1  2 0
   286  -.6087200804953453E-04   4   0 1  0 0  0 1  2 0
   287  -.1019929044599826E-04   4   0 0  1 0  0 1  2 0
   288  -.3056570371827769E-04   4   0 0  0 1  0 1  2 0
   289  -.1917794717945866E-04   4   1 0  0 0  0 0  3 0
   290  -.3274577651419079E-04   4   0 1  0 0  0 0  3 0
   291  -.6189685408409587E-05   4   0 0  1 0  0 0  3 0
   292  -.1510860186626791E-04   4   0 0  0 1  0 0  3 0
   293  0.9806432152742827E-04   4   1 0  0 0  0 2  0 1
   294  0.8072782710743678E-04   4   0 1  0 0  0 2  0 1
   295  0.6477303379161492E-04   4   0 0  1 0  0 2  0 1
   296  0.9784239462565274E-04   4   0 0  0 1  0 2  0 1
   297  0.5042485809575432E-04   4   1 0  0 0  0 1  1 1
   298  0.4219698085405654E-04   4   0 1  0 0  0 1  1 1
   299  0.1630439561771811E-04   4   0 0  1 0  0 1  1 1
   300  0.6521713272419907E-04   4   0 0  0 1  0 1  1 1
   301  0.2522731951605695E-04   4   1 0  0 0  0 0  2 1
   302  0.2110999638966569E-04   4   0 1  0 0  0 0  2 1
   303  0.8179420352406966E-05   4   0 0  1 0  0 0  2 1
   304  0.3260889621967848E-04   4   0 0  0 1  0 0  2 1
   305  -.3412484442828626E-06   4   1 0  0 0  0 1  0 2
   306  0.1488522916091891E-05   4   0 1  0 0  0 1  0 2
   307  -.8437489077016523E-05   4   0 0  1 0  0 1  0 2
   308  -.1866862618302631E-04   4   0 0  0 1  0 1  0 2
   309  -.2487721602920289E-05   4   1 0  0 0  0 0  1 2
   310  -.5236320621487580E-06   4   0 1  0 0  0 0  1 2
   311  0.3398025454333453E-06   4   0 0  1 0  0 0  1 2
   312  -.9421320119380429E-05   4   0 0  0 1  0 0  1 2
   313  -.3638293272183750E-07   4   1 0  0 0  0 0  0 3
   314  -.2486184159832946E-08   4   0 1  0 0  0 0  0 3
   315  -.2514474366993465E-05   4   0 0  1 0  0 0  0 3
   316  -.2277568460073531E-05   4   0 0  0 1  0 0  0 3
   317  -.1565302504115051       4   0 0  0 0  0 4  0 0
   318  0.8947684438472067E-01   4   0 0  0 0  0 3  1 0
   319  0.2686485589334136E-01   4   0 0  0 0  0 2  2 0
   320  0.1798162743577219E-01   4   0 0  0 0  0 1  3 0
   321  0.2220686181214175E-01   4   0 0  0 0  0 0  4 0
   322  0.4550917006865768E-08   4   0 0  0 0  0 3  0 1
   323  0.2577214400812501E-08   4   0 0  0 0  0 2  1 1
   324  0.2079910848847644E-08   4   0 0  0 0  0 1  2 1
   325  0.7204656304368436E-09   4   0 0  0 0  0 0  3 1
   326  -.5587643410246715E-09   4   0 0  0 0  0 2  0 2
   327  -.5009376495502934E-10   4   0 0  0 0  0 1  1 2
   328  -.2960523384674771E-10   4   0 0  0 0  0 0  2 2
   329  -.2098376925609385E-09   4   0 0  0 0  0 1  0 3
   330  -.9885246784204750E-10   4   0 0  0 0  0 0  1 3
   331  -.9189240163637540E-11   4   0 0  0 0  0 0  0 4
   ----------------------------------------------------
     I  COEFFICIENT            ORDER EXPONENTS
     1   1.000000000000000       1   0 0  0 0  0 1  0 0
     --------------------------------------------------
     I  COEFFICIENT            ORDER EXPONENTS
     1   1.000000000000000       1   0 0  0 0  0 0  1 0
     --------------------------------------------------
     I  COEFFICIENT            ORDER EXPONENTS
     1   1.000000000000000       1   0 0  0 0  0 0  0 1
     --------------------------------------------------
