 L    0.1145458000000000E+01
 P (  0.0000000000000000E+00,  0.0000000000000000E+00,  0.9555200000000000E-01)
 A (  0.0000000000000000E+00,  0.0000000000000000E+00,  0.0000000000000000E+00)
     I  COEFFICIENT            ORDER EXPONENTS
     1  0.9473702097037635E-04   0   0 0  0 0  0 0  0 0
     2   1.495485516346366       1   1 0  0 0  0 0  0 0
     3   1.585335996056547       1   0 1  0 0  0 0  0 0
     4  0.1483034296905215E-04   1   0 0  1 0  0 0  0 0
     5  0.1303912856902994E-04   1   0 0  0 1  0 0  0 0
     6  -.8677636383668278E-06   1   0 0  0 0  0 1  0 0
     7  -.8665958429586545E-06   1   0 0  0 0  0 0  1 0
     8  0.1734359482968649E-05   1   0 0  0 0  0 0  0 1
     9  -.1213859564620509       2   2 0  0 0  0 0  0 0
    10  -.2170746013616686       2   1 1  0 0  0 0  0 0
    11  -.9756220194468197E-01   2   0 2  0 0  0 0  0 0
    12  0.4910624325016180E-03   2   1 0  1 0  0 0  0 0
    13  0.1494427633958052E-03   2   0 1  1 0  0 0  0 0
    14  0.9313691187724493E-01   2   0 0  2 0  0 0  0 0
    15  0.4758806378840635E-03   2   1 0  0 1  0 0  0 0
    16  0.2061338310770088E-03   2   0 1  0 1  0 0  0 0
    17  0.1662961668741242       2   0 0  1 1  0 0  0 0
    18  0.7482145773885134E-01   2   0 0  0 2  0 0  0 0
    19  -.2643512893142079       2   1 0  0 0  0 1  0 0
    20  -1.027008426766443       2   0 1  0 0  0 1  0 0
    21  -.8009722333840371E-05   2   0 0  1 0  0 1  0 0
    22  -.1360649342204172E-04   2   0 0  0 1  0 1  0 0
    23  -.2639955378074949       2   1 0  0 0  0 0  1 0
    24  -1.025626327226932       2   0 1  0 0  0 0  1 0
    25  -.7998943227008643E-05   2   0 0  1 0  0 0  1 0
    26  -.1358818244444616E-04   2   0 0  0 1  0 0  1 0
    27  0.5283468271469127       2   1 0  0 0  0 0  0 1
    28  0.4672987579623524       2   0 1  0 0  0 0  0 1
    29  0.1600864715907775E-04   2   0 0  1 0  0 0  0 1
    30  0.1415552965108490E-04   2   0 0  0 1  0 0  0 1
    31  0.5199163092392104E-06   2   0 0  0 0  0 2  0 0
    32  0.1730188915649340E-06   2   0 0  0 0  0 1  1 0
    33  0.5191002099635834E-06   2   0 0  0 0  0 0  2 0
    34  -.3451468237302078E-06   2   0 0  0 0  0 1  0 1
    35  -.3446823414012434E-06   2   0 0  0 0  0 0  1 1
    36  -.5222608132974042E-06   2   0 0  0 0  0 0  0 2
    37  0.9405526612045561       3   3 0  0 0  0 0  0 0
    38   5.110361877824177       3   2 1  0 0  0 0  0 0
    39   7.482914054453201       3   1 2  0 0  0 0  0 0
    40   4.074663151539765       3   0 3  0 0  0 0  0 0
    41  -.9766934316785211E-02   3   2 0  1 0  0 0  0 0
    42  -.1727666136615167E-01   3   1 1  1 0  0 0  0 0
    43  -.7657090318237801E-02   3   0 2  1 0  0 0  0 0
    44  -1.255003603502439       3   1 0  2 0  0 0  0 0
    45  0.2564967065107704       3   0 1  2 0  0 0  0 0
    46  0.2480849971320920E-02   3   0 0  3 0  0 0  0 0
    47  -.8832720824203374E-02   3   2 0  0 1  0 0  0 0
    48  -.1573971386050887E-01   3   1 1  0 1  0 0  0 0
    49  -.7021844354124679E-02   3   0 2  0 1  0 0  0 0
    50  -3.355628803981398       3   1 0  1 1  0 0  0 0
    51  -.9918246956734301       3   0 1  1 1  0 0  0 0
    52  0.6630187211411215E-02   3   0 0  2 1  0 0  0 0
    53  -1.467598692235751       3   1 0  0 2  0 0  0 0
    54  0.1796883950550041       3   0 1  0 2  0 0  0 0
    55  0.5963522554658705E-02   3   0 0  1 2  0 0  0 0
    56  0.1812259533388472E-02   3   0 0  0 3  0 0  0 0
    57  0.7266650556414031E-01   3   2 0  0 0  0 1  0 0
    58  0.2382174667270581       3   1 1  0 0  0 1  0 0
    59  0.1556755568548193       3   0 2  0 0  0 1  0 0
    60  -.3083122900606797E-03   3   1 0  1 0  0 1  0 0
    61  -.1767819961205197E-03   3   0 1  1 0  0 1  0 0
    62  -.4391326077916420E-01   3   0 0  2 0  0 1  0 0
    63  -.5781641247456880E-03   3   1 0  0 1  0 1  0 0
    64  -.3772164117702532E-03   3   0 1  0 1  0 1  0 0
    65  -.1611566035970076       3   0 0  1 1  0 1  0 0
    66  -.1097916569835680       3   0 0  0 2  0 1  0 0
    67  0.7256871440560624E-01   3   2 0  0 0  0 0  1 0
    68  0.2378968848871378       3   1 1  0 0  0 0  1 0
    69  0.1554660560271393       3   0 2  0 0  0 0  1 0
    70  -.3078973779109692E-03   3   1 0  1 0  0 0  1 0
    71  -.1765440912415860E-03   3   0 1  1 0  0 0  1 0
    72  -.4385416438236805E-01   3   0 0  2 0  0 0  1 0
    73  -.5773860587145344E-03   3   1 0  0 1  0 0  1 0
    74  -.3767087717008846E-03   3   0 1  0 1  0 0  1 0
    75  -.1609397266349347       3   0 0  1 1  0 0  1 0
    76  -.1096439045459012       3   0 0  0 2  0 0  1 0
    77  -.1452354518652634       3   2 0  0 0  0 0  0 1
    78  -.2590401290857123       3   1 1  0 0  0 0  0 1
    79  -.1160173625873797       3   0 2  0 0  0 0  0 1
    80  0.6155758570444915E-03   3   1 0  1 0  0 0  0 1
    81  0.2032340395816061E-03   3   0 1  1 0  0 0  0 1
    82  0.8776756624597468E-01   3   0 0  2 0  0 0  0 1
    83  0.6790099642800238E-03   3   1 0  0 1  0 0  0 1
    84  0.3409789014727123E-03   3   0 1  0 1  0 0  0 1
    85  0.1558003843136638       3   0 0  1 1  0 0  0 1
    86  0.6979273105794387E-01   3   0 0  0 2  0 0  0 1
    87  0.2066597440485896       3   1 0  0 0  0 2  0 0
    88  0.8941029334857336       3   0 1  0 0  0 2  0 0
    89  0.6317276690593887E-05   3   0 0  1 0  0 2  0 0
    90  0.1405374511357190E-04   3   0 0  0 1  0 2  0 0
    91  0.1491230771010212       3   1 0  0 0  0 1  1 0
    92  0.7615534730058771       3   0 1  0 0  0 1  1 0
    93  0.4573530983071943E-05   3   0 0  1 0  0 1  1 0
    94  0.1443811065125549E-04   3   0 0  0 1  0 1  1 0
    95  0.2062812896999685       3   1 0  0 0  0 0  2 0
    96  0.8923872605088619       3   0 1  0 0  0 0  2 0
    97  0.6305697776208415E-05   3   0 0  1 0  0 0  2 0
    98  0.1402511718132009E-04   3   0 0  0 1  0 0  2 0
    99  -.2980916132107344       3   1 0  0 0  0 1  0 1
   100  -.4957432161564588       3   0 1  0 0  0 1  0 1
   101  -.9101285090500366E-05   3   0 0  1 0  0 1  0 1
   102  -.1518160027771567E-04   3   0 0  0 1  0 1  0 1
   103  -.2976904555662493       3   1 0  0 0  0 0  1 1
   104  -.4950760682997269       3   0 1  0 0  0 0  1 1
   105  -.9089037009954330E-05   3   0 0  1 0  0 0  1 1
   106  -.1516116959554601E-04   3   0 0  0 1  0 0  1 1
   107  0.3371771452958640E-01   3   1 0  0 0  0 0  0 2
   108  0.2811099230897191E-01   3   0 1  0 0  0 0  0 2
   109  0.1039617249357752E-05   3   0 0  1 0  0 0  0 2
   110  0.9779105785597325E-06   3   0 0  0 1  0 0  0 2
   111  -.3433294156184991E-06   3   0 0  0 0  0 3  0 0
   112  0.9502844465403383E-08   3   0 0  0 0  0 2  1 0
   113  0.8791539604997027E-08   3   0 0  0 0  0 1  2 0
   114  -.3426427468516364E-06   3   0 0  0 0  0 0  3 0
   115  -.1954976793662319E-07   3   0 0  0 0  0 2  0 1
   116  -.3831577244697091E-06   3   0 0  0 0  0 1  1 1
   117  -.1926564105163561E-07   3   0 0  0 0  0 0  2 1
   118  0.5562674670229503E-06   3   0 0  0 0  0 1  0 2
   119  0.5555188684817098E-06   3   0 0  0 0  0 0  1 2
   120  -.2244755069754188E-07   3   0 0  0 0  0 0  0 3
   121  -13.26506862598207       4   4 0  0 0  0 0  0 0
   122  -48.99418680139333       4   3 1  0 0  0 0  0 0
   123  -68.28903606840078       4   2 2  0 0  0 0  0 0
   124  -42.66107784975521       4   1 3  0 0  0 0  0 0
   125  -10.09551395950747       4   0 4  0 0  0 0  0 0
   126  -.6731873369478177E-02   4   3 0  1 0  0 0  0 0
   127  -.1785200722825860E-01   4   2 1  1 0  0 0  0 0
   128  -.1655957362236777E-01   4   1 2  1 0  0 0  0 0
   129  -.5387116060742304E-02   4   0 3  1 0  0 0  0 0
   130   57.30550390295445       4   2 0  2 0  0 0  0 0
   131   101.5813486665900       4   1 1  2 0  0 0  0 0
   132   45.39655767111114       4   0 2  2 0  0 0  0 0
   133  0.5109379573512025E-02   4   1 0  3 0  0 0  0 0
   134  0.4551300346958763E-02   4   0 1  3 0  0 0  0 0
   135  -7.355596723270647       4   0 0  4 0  0 0  0 0
   136  -.6129698916089676E-02   4   3 0  0 1  0 0  0 0
   137  -.1586666547652608E-01   4   2 1  0 1  0 0  0 0
   138  -.1381186519322707E-01   4   1 2  0 1  0 0  0 0
   139  -.4091658123198849E-02   4   0 3  0 1  0 0  0 0
   140   104.5044949616992       4   2 0  1 1  0 0  0 0
   141   186.6178763349864       4   1 1  1 1  0 0  0 0
   142   84.08256751213207       4   0 2  1 1  0 0  0 0
   143  0.1324508768454603E-01   4   1 0  2 1  0 0  0 0
   144  0.1178389506004197E-01   4   0 1  2 1  0 0  0 0
   145  -25.99779285218426       4   0 0  3 1  0 0  0 0
   146   47.86433004092942       4   2 0  0 2  0 0  0 0
   147   85.99937985025275       4   1 1  0 2  0 0  0 0
   148   39.01471998314695       4   0 2  0 2  0 0  0 0
   149  0.1136262356579163E-01   4   1 0  1 2  0 0  0 0
   150  0.1007751035857661E-01   4   0 1  1 2  0 0  0 0
   151  -34.67780573738055       4   0 0  2 2  0 0  0 0
   152  0.3585414348198901E-02   4   1 0  0 3  0 0  0 0
   153  0.3137070134776920E-02   4   0 1  0 3  0 0  0 0
   154  -20.61012427412606       4   0 0  1 3  0 0  0 0
   155  -4.586895391662421       4   0 0  0 4  0 0  0 0
   156  -1.499075650890104       4   3 0  0 0  0 1  0 0
   157  -8.773804496374504       4   2 1  0 0  0 1  0 0
   158  -15.34173512894748       4   1 2  0 0  0 1  0 0
   159  -9.357364077493877       4   0 3  0 0  0 1  0 0
   160  0.1199062283700822E-02   4   2 0  1 0  0 1  0 0
   161  0.9719106078845435E-02   4   1 1  1 0  0 1  0 0
   162  0.7597593274236241E-02   4   0 2  1 0  0 1  0 0
   163  0.8617606491914394       4   1 0  2 0  0 1  0 0
   164  -.2219711992774328       4   0 1  2 0  0 1  0 0
   165  -.3566516251083451E-03   4   0 0  3 0  0 1  0 0
   166  0.4896683393259989E-02   4   2 0  0 1  0 1  0 0
   167  0.1554044616079916E-01   4   1 1  0 1  0 1  0 0
   168  0.9897350616201376E-02   4   0 2  0 1  0 1  0 0
   169   4.368149491229032       4   1 0  1 1  0 1  0 0
   170   2.104368187115519       4   0 1  1 1  0 1  0 0
   171  -.3938517717223562E-02   4   0 0  2 1  0 1  0 0
   172   2.887032099366443       4   1 0  0 2  0 1  0 0
   173  0.4157713910506649       4   0 1  0 2  0 1  0 0
   174  -.6207975190490623E-02   4   0 0  1 2  0 1  0 0
   175  -.2697119957501380E-02   4   0 0  0 3  0 1  0 0
   176  -1.497058265528156       4   3 0  0 0  0 0  1 0
   177  -8.761997123778475       4   2 1  0 0  0 0  1 0
   178  -15.32108894484199       4   1 2  0 0  0 0  1 0
   179  -9.344771377915730       4   0 3  0 0  0 0  1 0
   180  0.1197448642189263E-02   4   2 0  1 0  0 0  1 0
   181  0.9706026563930124E-02   4   1 1  1 0  0 0  1 0
   182  0.7587368791269939E-02   4   0 2  1 0  0 0  1 0
   183  0.8606009323231247       4   1 0  2 0  0 0  1 0
   184  -.2216724808985916       4   0 1  2 0  0 0  1 0
   185  -.3561716601596833E-03   4   0 0  3 0  0 0  1 0
   186  0.4890093667522031E-02   4   2 0  0 1  0 0  1 0
   187  0.1551953256075181E-01   4   1 1  0 1  0 0  1 0
   188  0.9884031228188062E-02   4   0 2  0 1  0 0  1 0
   189   4.362271041507475       4   1 0  1 1  0 0  1 0
   190   2.101536227584720       4   0 1  1 1  0 0  1 0
   191  -.3933217445695632E-02   4   0 0  2 1  0 0  1 0
   192   2.883146867628215       4   1 0  0 2  0 0  1 0
   193  0.4152118655072057       4   0 1  0 2  0 0  1 0
   194  -.6199620790050996E-02   4   0 0  1 2  0 0  1 0
   195  -.2693490300573436E-02   4   0 0  0 3  0 0  1 0
   196   2.994379772165209       4   3 0  0 0  0 0  0 1
   197   12.41995841090117       4   2 1  0 0  0 0  0 1
   198   15.69126593635525       4   1 2  0 0  0 0  0 1
   199   6.476141903095454       4   0 3  0 0  0 0  0 1
   200  0.6912539814588996E-03   4   2 0  1 0  0 0  0 1
   201  0.1545662590212124E-02   4   1 1  1 0  0 0  0 1
   202  0.8690306292035131E-03   4   0 2  1 0  0 0  0 1
   203  -1.719277084061819       4   1 0  2 0  0 0  0 1
   204  0.1902864976722183       4   0 1  2 0  0 0  0 1
   205  -.5927054383776465E-04   4   0 0  3 0  0 0  0 1
   206  0.7957458212115454E-03   4   2 0  0 1  0 0  0 1
   207  0.1700915419162106E-02   4   1 1  0 1  0 0  0 1
   208  0.9280647926629027E-03   4   0 2  0 1  0 0  0 1
   209  -5.368406007134112       4   1 0  1 1  0 0  0 1
   210  -2.215721420825552       4   0 1  1 1  0 0  0 1
   211  -.1888569538725446E-03   4   0 0  2 1  0 0  0 1
   212  -2.831662288401136       4   1 0  0 2  0 0  0 1
   213  -1.366636938007854       4   0 1  0 2  0 0  0 1
   214  -.1786637573893945E-03   4   0 0  1 2  0 0  0 1
   215  -.4266740041244246E-04   4   0 0  0 3  0 0  0 1
   216  -.6204305236293336E-01   4   2 0  0 0  0 2  0 0
   217  -.2574521163373112       4   1 1  0 0  0 2  0 0
   218  -.2060487818553136       4   0 2  0 0  0 2  0 0
   219  -.4357011439740996E-04   4   1 0  1 0  0 2  0 0
   220  0.7307389263153864E-04   4   0 1  1 0  0 2  0 0
   221  0.3139074906161833E-01   4   0 0  2 0  0 2  0 0
   222  0.4381491465935870E-03   4   1 0  0 1  0 2  0 0
   223  0.5224330331130701E-03   4   0 1  0 1  0 2  0 0
   224  0.1570259997404690       4   0 0  1 1  0 2  0 0
   225  0.1345993206622381       4   0 0  0 2  0 2  0 0
   226  -.5057977528851532E-01   4   2 0  0 0  0 1  1 0
   227  -.2746318503030695       4   1 1  0 0  0 1  1 0
   228  -.2549321204098010       4   0 2  0 0  0 1  1 0
   229  -.1087290662803577E-03   4   1 0  1 0  0 1  1 0
   230  0.6896345681299757E-04   4   0 1  1 0  0 1  1 0
   231  0.1932710564193007E-01   4   0 0  2 0  0 1  1 0
   232  0.5057066059019150E-03   4   1 0  0 1  0 1  1 0
   233  0.6820504655815941E-03   4   0 1  0 1  0 1  1 0
   234  0.1535285018019783       4   0 0  1 1  0 1  1 0
   235  0.1596527988505671       4   0 0  0 2  0 1  1 0
   236  -.6192552380813053E-01   4   2 0  0 0  0 0  2 0
   237  -.2569208561118483       4   1 1  0 0  0 0  2 0
   238  -.2055999532988786       4   0 2  0 0  0 0  2 0
   239  -.4343831856425549E-04   4   1 0  1 0  0 0  2 0
   240  0.7292914934570120E-04   4   0 1  1 0  0 0  2 0
   241  0.3133550011696699E-01   4   0 0  2 0  0 0  2 0
   242  0.4372192280628151E-03   4   1 0  0 1  0 0  2 0
   243  0.5212710316721996E-03   4   0 1  0 1  0 0  2 0
   244  0.1567113758393087       4   0 0  1 1  0 0  2 0
   245  0.1343107566336786       4   0 0  0 2  0 0  2 0
   246  0.1000621274390160       4   2 0  0 0  0 1  0 1
   247  0.3078833788652823       4   1 1  0 0  0 1  0 1
   248  0.1958046876121932       4   0 2  0 0  0 1  0 1
   249  0.1919538699693362E-03   4   1 0  1 0  0 1  0 1
   250  0.1276292707818618E-03   4   0 1  1 0  0 1  0 1
   251  -.3900110157472290E-01   4   0 0  2 0  0 1  0 1
   252  -.2927115278185662E-03   4   1 0  0 1  0 1  0 1
   253  -.2455986976793069E-03   4   0 1  0 1  0 1  0 1
   254  -.1463751885154660       4   0 0  1 1  0 1  0 1
   255  -.1002022315442193       4   0 0  0 2  0 1  0 1
   256  0.9992746854367332E-01   4   2 0  0 0  0 0  1 1
   257  0.3074690439240459       4   1 1  0 0  0 0  1 1
   258  0.1955411828915594       4   0 2  0 0  0 0  1 1
   259  0.1916955474976041E-03   4   1 0  1 0  0 0  1 1
   260  0.1274575133242032E-03   4   0 1  1 0  0 0  1 1
   261  -.3894861573028217E-01   4   0 0  2 0  0 0  1 1
   262  -.2923176104394445E-03   4   1 0  0 1  0 0  1 1
   263  -.2452681825266358E-03   4   0 1  0 1  0 0  1 1
   264  -.1461782036851861       4   0 0  1 1  0 0  1 1
   265  -.1000673841033749       4   0 0  0 2  0 0  1 1
   266  -.2627601933962689E-01   4   2 0  0 0  0 0  0 2
   267  -.4615100319086340E-01   4   1 1  0 0  0 0  0 2
   268  -.2025737165412501E-01   4   0 2  0 0  0 0  0 2
   269  -.2454902502745400E-03   4   1 0  1 0  0 0  0 2
   270  -.2466842974751265E-03   4   0 1  1 0  0 0  0 2
   271  -.4489803819359867E-02   4   0 0  2 0  0 0  0 2
   272  -.1844343247523734E-03   4   1 0  0 1  0 0  0 2
   273  -.1916487030734419E-03   4   0 1  0 1  0 0  0 2
   274  -.8941598461482741E-02   4   0 0  1 1  0 0  0 2
   275  -.4342450428769361E-02   4   0 0  0 2  0 0  0 2
   276  -.1779468146616893       4   1 0  0 0  0 3  0 0
   277  -.8313085111546255       4   0 1  0 0  0 3  0 0
   278  -.8664076275092210E-05   4   0 0  1 0  0 3  0 0
   279  -.1810732775755884E-04   4   0 0  0 1  0 3  0 0
   280  -.1205504423515621       4   1 0  0 0  0 2  1 0
   281  -.7057851653273201       4   0 1  0 0  0 2  1 0
   282  -.5732796843607412E-05   4   0 0  1 0  0 2  1 0
   283  -.1772156312802974E-04   4   0 0  0 1  0 2  1 0
   284  -.1206658209447695       4   1 0  0 0  0 1  2 0
   285  -.7060362921190706       4   0 1  0 0  0 1  2 0
   286  -.5738690473552921E-05   4   0 0  1 0  0 1  2 0
   287  -.1772229265388128E-04   4   0 0  0 1  0 1  2 0
   288  -.1775065998327969       4   1 0  0 0  0 0  3 0
   289  -.8291561413434174       4   0 1  0 0  0 0  3 0
   290  -.8642734454645411E-05   4   0 0  1 0  0 0  3 0
   291  -.1805886742222451E-04   4   0 0  0 1  0 0  3 0
   292  0.2410578370338375       4   1 0  0 0  0 2  0 1
   293  0.5173861690102055       4   0 1  0 0  0 2  0 1
   294  0.1044484398014462E-04   4   0 0  1 0  0 2  0 1
   295  0.1939391830224901E-04   4   0 0  0 1  0 2  0 1
   296  0.1841720481110064       4   1 0  0 0  0 1  1 1
   297  0.5389649916933236       4   0 1  0 0  0 1  1 1
   298  0.7562218036724951E-05   4   0 0  1 0  0 1  1 1
   299  0.1913383169895290E-04   4   0 0  0 1  0 1  1 1
   300  0.2406095077261116       4   1 0  0 0  0 0  2 1
   301  0.5163272382448798       4   0 1  0 0  0 0  2 1
   302  0.1042569936313438E-04   4   0 0  1 0  0 0  2 1
   303  0.1935494417652455E-04   4   0 0  0 1  0 0  2 1
   304  -.3504446881366766E-01   4   1 0  0 0  0 1  0 2
   305  -.4324562247372764E-01   4   0 1  0 0  0 1  0 2
   306  -.3473353659770728E-06   4   0 0  1 0  0 1  0 2
   307  -.7343956066446075E-06   4   0 0  0 1  0 1  0 2
   308  -.3499730761912892E-01   4   1 0  0 0  0 0  1 2
   309  -.4318742455310020E-01   4   0 1  0 0  0 0  1 2
   310  -.3468679384109521E-06   4   0 0  1 0  0 0  1 2
   311  -.7334072916481148E-06   4   0 0  0 1  0 0  1 2
   312  0.8682891125964729E-03   4   1 0  0 0  0 0  0 3
   313  0.6995941007309236E-03   4   0 1  0 0  0 0  0 3
   314  0.5623977671424369E-07   4   0 0  1 0  0 0  0 3
   315  0.4541099955383933E-07   4   0 0  0 1  0 0  0 3
   316  -.3200118115993599E-04   4   0 0  0 0  0 4  0 0
   317  -.2136435817898590E-04   4   0 0  0 0  0 3  1 0
   318  -.1995697391216504E-04   4   0 0  0 0  0 2  2 0
   319  -.2139474598305009E-04   4   0 0  0 0  0 1  3 0
   320  -.3190073162899821E-04   4   0 0  0 0  0 0  4 0
   321  0.7115724326757497E-05   4   0 0  0 0  0 3  0 1
   322  0.7439016647684333E-05   4   0 0  0 0  0 2  1 1
   323  0.7438344709923173E-05   4   0 0  0 0  0 1  2 1
   324  0.7096361522969826E-05   4   0 0  0 0  0 0  3 1
   325  -.4433855991739223E-06   4   0 0  0 0  0 2  0 2
   326  -.5501942625138451E-06   4   0 0  0 0  0 1  1 2
   327  -.4424186989762887E-06   4   0 0  0 0  0 0  2 2
   328  0.9516797180093070E-08   4   0 0  0 0  0 1  0 3
   329  0.9503989922959217E-08   4   0 0  0 0  0 0  1 3
   330  -.3386177178480064E-14   4   0 0  0 0  0 0  0 4
   ----------------------------------------------------
     I  COEFFICIENT            ORDER EXPONENTS
     1  0.3607611441821539E-04   0   0 0  0 0  0 0  0 0
     2   2.324259553521241       1   1 0  0 0  0 0  0 0
     3   3.132582885717785       1   0 1  0 0  0 0  0 0
     4  0.6650492611210547E-04   1   0 0  1 0  0 0  0 0
     5  0.6113782831341256E-04   1   0 0  0 1  0 0  0 0
     6  0.1223055491243943E-05   1   0 0  0 0  0 1  0 0
     7  0.1221409560804112E-05   1   0 0  0 0  0 0  1 0
     8  0.3363164937360996E-04   1   0 0  0 0  0 0  0 1
     9  -.5973870686569718       2   2 0  0 0  0 0  0 0
    10  -1.095398787970846       2   1 1  0 0  0 0  0 0
    11  -.5048830920091699       2   0 2  0 0  0 0  0 0
    12  0.2352916134124417E-02   2   1 0  1 0  0 0  0 0
    13  0.1697383901967677E-02   2   0 1  1 0  0 0  0 0
    14  0.4144571554878247       2   0 0  2 0  0 0  0 0
    15  0.2088225852376446E-02   2   1 0  0 1  0 0  0 0
    16  0.1536735992013580E-02   2   0 1  0 1  0 0  0 0
    17  0.7605240319211219       2   0 0  1 1  0 0  0 0
    18  0.3522349218090270       2   0 0  0 2  0 0  0 0
    19  -.1153293588939065       2   1 0  0 0  0 1  0 0
    20  -1.164683701524371       2   0 1  0 0  0 1  0 0
    21  -.3312940548354784E-05   2   0 0  1 0  0 1  0 0
    22  -.3381672429633238E-04   2   0 0  0 1  0 1  0 0
    23  -.1151741540779940       2   1 0  0 0  0 0  1 0
    24  -1.163116325088504       2   0 1  0 0  0 0  1 0
    25  -.3308482149098297E-05   2   0 0  1 0  0 0  1 0
    26  -.3377121534250140E-04   2   0 0  0 1  0 0  1 0
    27   2.554763066628051       2   1 0  0 0  0 0  0 1
    28   2.327800026750277       2   0 1  0 0  0 0  0 1
    29  0.7312621918267486E-04   2   0 0  1 0  0 0  0 1
    30  0.6758781260084748E-04   2   0 0  0 1  0 0  0 1
    31  -.9610040145505614E-06   2   0 0  0 0  0 2  0 0
    32  -.6996523792759782E-06   2   0 0  0 0  0 1  1 0
    33  -.9592399610380941E-06   2   0 0  0 0  0 0  2 0
    34  0.2621658303548331E-05   2   0 0  0 0  0 1  0 1
    35  0.2618130199357394E-05   2   0 0  0 0  0 0  1 1
    36  -.2619893706537929E-05   2   0 0  0 0  0 0  0 2
    37  -7.809602747744285       3   3 0  0 0  0 0  0 0
    38  -22.80889902693656       3   2 1  0 0  0 0  0 0
    39  -23.25811257278222       3   1 2  0 0  0 0  0 0
    40  -7.111737082932843       3   0 3  0 0  0 0  0 0
    41  -.4787448004347350E-01   3   2 0  1 0  0 0  0 0
    42  -.8725282793937909E-01   3   1 1  1 0  0 0  0 0
    43  -.3996765451771008E-01   3   0 2  1 0  0 0  0 0
    44  -11.68026682900088       3   1 0  2 0  0 0  0 0
    45  -9.357094440705163       3   0 1  2 0  0 0  0 0
    46  0.1088140445735344E-01   3   0 0  3 0  0 0  0 0
    47  -.4514554540910366E-01   3   2 0  0 1  0 0  0 0
    48  -.8301498517471202E-01   3   1 1  0 1  0 0  0 0
    49  -.3832902855795369E-01   3   0 2  0 1  0 0  0 0
    50  -24.56162399583273       3   1 0  1 1  0 0  0 0
    51  -20.55458244462918       3   0 1  1 1  0 0  0 0
    52  0.2979663499034632E-01   3   0 0  2 1  0 0  0 0
    53  -11.28580982996510       3   1 0  0 2  0 0  0 0
    54  -8.612671874761990       3   0 1  0 2  0 0  0 0
    55  0.2746515382947646E-01   3   0 0  1 2  0 0  0 0
    56  0.8554251305955666E-02   3   0 0  0 3  0 0  0 0
    57  0.8244815032238723E-01   3   2 0  0 0  0 1  0 0
    58  0.6951478079022265       3   1 1  0 0  0 1  0 0
    59  0.5707842160742530       3   0 2  0 0  0 1  0 0
    60  -.1014645523129332E-02   3   1 0  1 0  0 1  0 0
    61  -.1648985487873637E-02   3   0 1  1 0  0 1  0 0
    62  0.1372184512517862E-01   3   0 0  2 0  0 1  0 0
    63  -.2098828346734407E-02   3   1 0  0 1  0 1  0 0
    64  -.2407184602248496E-02   3   0 1  0 1  0 1  0 0
    65  -.3520397514038286       3   0 0  1 1  0 1  0 0
    66  -.3382094762189121       3   0 0  0 2  0 1  0 0
    67  0.8233719548733132E-01   3   2 0  0 0  0 0  1 0
    68  0.6942123107435353       3   1 1  0 0  0 0  1 0
    69  0.5700160815763902       3   0 2  0 0  0 0  1 0
    70  -.1013280061002890E-02   3   1 0  1 0  0 0  1 0
    71  -.1646766360918051E-02   3   0 1  1 0  0 0  1 0
    72  0.1370337891269710E-01   3   0 0  2 0  0 0  1 0
    73  -.2096003842459724E-02   3   1 0  0 1  0 0  1 0
    74  -.2403945126657472E-02   3   0 1  0 1  0 0  1 0
    75  -.3515659928974484       3   0 0  1 1  0 0  1 0
    76  -.3377543298450774       3   0 0  0 2  0 0  1 0
    77  -.7621744837491566       3   2 0  0 0  0 0  0 1
    78  -1.389363588007963       3   1 1  0 0  0 0  0 1
    79  -.6359186543491619       3   0 2  0 0  0 0  0 1
    80  0.4377641913687887E-02   3   1 0  1 0  0 0  0 1
    81  0.3292478458236952E-02   3   0 1  1 0  0 0  0 1
    82  0.3870332882899860       3   0 0  2 0  0 0  0 1
    83  0.4191365189968950E-02   3   1 0  0 1  0 0  0 1
    84  0.3270808874875588E-02   3   0 1  0 1  0 0  0 1
    85  0.7036080256770602       3   0 0  1 1  0 0  0 1
    86  0.3237298337694179       3   0 0  0 2  0 0  0 1
    87  0.8842333562578193E-01   3   1 0  0 0  0 2  0 0
    88  0.9237721464575125       3   0 1  0 0  0 2  0 0
    89  0.2298596611992436E-05   3   0 0  1 0  0 2  0 0
    90  0.2678642477256994E-04   3   0 0  0 1  0 2  0 0
    91  0.6158924057734062E-01   3   1 0  0 0  0 1  1 0
    92  0.6835066792079479       3   0 1  0 0  0 1  1 0
    93  0.1289605127511923E-05   3   0 0  1 0  0 1  1 0
    94  0.1978030685853877E-04   3   0 0  0 1  0 1  1 0
    95  0.8826289771926044E-01   3   1 0  0 0  0 0  2 0
    96  0.9220690619005227       3   0 1  0 0  0 0  2 0
    97  0.2294635524101191E-05   3   0 0  1 0  0 0  2 0
    98  0.2673706716213260E-04   3   0 0  0 1  0 0  2 0
    99  -.2384353793465417       3   1 0  0 0  0 1  0 1
   100  -1.366366835221773       3   0 1  0 0  0 1  0 1
   101  -.5965464345436411E-05   3   0 0  1 0  0 1  0 1
   102  -.3959317770587438E-04   3   0 0  0 1  0 1  0 1
   103  -.2381145042500937       3   1 0  0 0  0 0  1 1
   104  -1.364528043129577       3   0 1  0 0  0 0  1 1
   105  -.5957436304663014E-05   3   0 0  1 0  0 0  1 1
   106  -.3953989507327974E-04   3   0 0  0 1  0 0  1 1
   107  0.2382746371940362       3   1 0  0 0  0 0  0 2
   108  0.2015471772623917       3   0 1  0 0  0 0  0 2
   109  0.5999869339885287E-05   3   0 0  1 0  0 0  0 2
   110  0.5821724956283324E-05   3   0 0  0 1  0 0  0 2
   111  0.8297793110808714E-06   3   0 0  0 0  0 3  0 0
   112  0.5687567970290641E-06   3   0 0  0 0  0 2  1 0
   113  0.5692814505666905E-06   3   0 0  0 0  0 1  2 0
   114  0.8277221072340953E-06   3   0 0  0 0  0 0  3 0
   115  -.2099774790378763E-05   3   0 0  0 0  0 2  0 1
   116  -.1579803005479599E-05   3   0 0  0 0  0 1  1 1
   117  -.2095886000209258E-05   3   0 0  0 0  0 0  2 1
   118  0.1580105562383008E-05   3   0 0  0 0  0 1  0 2
   119  0.1577979130784608E-05   3   0 0  0 0  0 0  1 2
   120  -.1795274319096843E-06   3   0 0  0 0  0 0  0 3
   121  -61.18328451635348       4   4 0  0 0  0 0  0 0
   122  -226.7530913317218       4   3 1  0 0  0 0  0 0
   123  -316.4977652138296       4   2 2  0 0  0 0  0 0
   124  -197.6888706021558       4   1 3  0 0  0 0  0 0
   125  -46.73058431948796       4   0 4  0 0  0 0  0 0
   126  -.3201054835454590E-01   4   3 0  1 0  0 0  0 0
   127  -.8557625983506141E-01   4   2 1  1 0  0 0  0 0
   128  -.7668923215833956E-01   4   1 2  1 0  0 0  0 0
   129  -.2212641386681072E-01   4   0 3  1 0  0 0  0 0
   130   267.2251738016513       4   2 0  2 0  0 0  0 0
   131   483.2942823548545       4   1 1  2 0  0 0  0 0
   132   219.7311086185295       4   0 2  2 0  0 0  0 0
   133  0.2593383373324941E-01   4   1 0  3 0  0 0  0 0
   134  0.2488821776934436E-01   4   0 1  3 0  0 0  0 0
   135  -32.14359441244351       4   0 0  4 0  0 0  0 0
   136  -.3003883156840609E-01   4   3 0  0 1  0 0  0 0
   137  -.8122899709019020E-01   4   2 1  0 1  0 0  0 0
   138  -.7261097277958438E-01   4   1 2  0 1  0 0  0 0
   139  -.2079830179536495E-01   4   0 3  0 1  0 0  0 0
   140   500.0299806801838       4   2 0  1 1  0 0  0 0
   141   910.9721454379353       4   1 1  1 1  0 0  0 0
   142   417.5401400782856       4   0 2  1 1  0 0  0 0
   143  0.7468794731136051E-01   4   1 0  2 1  0 0  0 0
   144  0.7189297153571186E-01   4   0 1  2 1  0 0  0 0
   145  -116.4752145997617       4   0 0  3 1  0 0  0 0
   146   235.5040541385906       4   2 0  0 2  0 0  0 0
   147   431.6094098403350       4   1 1  0 2  0 0  0 0
   148   199.1428130280530       4   0 2  0 2  0 0  0 0
   149  0.7177613350320997E-01   4   1 0  1 2  0 0  0 0
   150  0.6994061138582132E-01   4   0 1  1 2  0 0  0 0
   151  -159.7402034716314       4   0 0  2 2  0 0  0 0
   152  0.2405954602876146E-01   4   1 0  0 3  0 0  0 0
   153  0.2366632876075761E-01   4   0 1  0 3  0 0  0 0
   154  -97.91797719111015       4   0 0  1 3  0 0  0 0
   155  -22.55324040005466       4   0 0  0 4  0 0  0 0
   156   5.733615542233617       4   3 0  0 0  0 1  0 0
   157   27.88303912104871       4   2 1  0 0  0 1  0 0
   158   39.05314144433194       4   1 2  0 0  0 1  0 0
   159   15.66614041345689       4   0 3  0 0  0 1  0 0
   160  -.4454662892241024E-02   4   2 0  1 0  0 1  0 0
   161  0.2973155884700349E-01   4   1 1  1 0  0 1  0 0
   162  0.3075403933717410E-01   4   0 2  1 0  0 1  0 0
   163   4.433539374863494       4   1 0  2 0  0 1  0 0
   164   7.922474075017106       4   0 1  2 0  0 1  0 0
   165  0.9644289949518285E-03   4   0 0  3 0  0 1  0 0
   166  0.1470081376980795E-01   4   2 0  0 1  0 1  0 0
   167  0.6257957521789705E-01   4   1 1  0 1  0 1  0 0
   168  0.4511539719729805E-01   4   0 2  0 1  0 1  0 0
   169   22.33921052525297       4   1 0  1 1  0 1  0 0
   170   28.50675168662569       4   0 1  1 1  0 1  0 0
   171  -.1012824856671734E-01   4   0 0  2 1  0 1  0 0
   172   16.59372086973780       4   1 0  0 2  0 1  0 0
   173   17.26535195757877       4   0 1  0 2  0 1  0 0
   174  -.2088151468835843E-01   4   0 0  1 2  0 1  0 0
   175  -.1005076821697816E-01   4   0 0  0 3  0 1  0 0
   176   5.725899512652770       4   3 0  0 0  0 0  1 0
   177   27.84551544108156       4   2 1  0 0  0 0  1 0
   178   39.00058556708682       4   1 2  0 0  0 0  1 0
   179   15.64505766000801       4   0 3  0 0  0 0  1 0
   180  -.4448668016861639E-02   4   2 0  1 0  0 0  1 0
   181  0.2969154751630701E-01   4   1 1  1 0  0 0  1 0
   182  0.3071265200042180E-01   4   0 2  1 0  0 0  1 0
   183   4.427572926518279       4   1 0  2 0  0 0  1 0
   184   7.911812382780219       4   0 1  2 0  0 0  1 0
   185  0.9631311118623870E-03   4   0 0  3 0  0 0  1 0
   186  0.1468103010746188E-01   4   2 0  0 1  0 0  1 0
   187  0.6249535857484197E-01   4   1 1  0 1  0 0  1 0
   188  0.4505468302196490E-01   4   0 2  0 1  0 0  1 0
   189   22.30914746853862       4   1 0  1 1  0 0  1 0
   190   28.46838864368252       4   0 1  1 1  0 0  1 0
   191  -.1011461844712406E-01   4   0 0  2 1  0 0  1 0
   192   16.57138982222629       4   1 0  0 2  0 0  1 0
   193   17.24211706060213       4   0 1  0 2  0 0  1 0
   194  -.2085341333000253E-01   4   0 0  1 2  0 0  1 0
   195  -.1003724236678805E-01   4   0 0  0 3  0 0  1 0
   196  -19.27597150506070       4   3 0  0 0  0 0  0 1
   197  -55.75035873723242       4   2 1  0 0  0 0  0 1
   198  -54.81888677986388       4   1 2  0 0  0 0  0 1
   199  -17.09604871050663       4   0 3  0 0  0 0  0 1
   200  0.5755203439863064E-03   4   2 0  1 0  0 0  0 1
   201  0.1181595234062501E-02   4   1 1  1 0  0 0  0 1
   202  0.6096169262221530E-03   4   0 2  1 0  0 0  0 1
   203  -20.52641024798184       4   1 0  2 0  0 0  0 1
   204  -15.81926131868743       4   0 1  2 0  0 0  0 1
   205  -.5607925099965365E-03   4   0 0  3 0  0 0  0 1
   206  0.6598617474399848E-03   4   2 0  0 1  0 0  0 1
   207  0.1177647737015425E-02   4   1 1  0 1  0 0  0 1
   208  0.5724630073480793E-03   4   0 2  0 1  0 0  0 1
   209  -44.61635150271466       4   1 0  1 1  0 0  0 1
   210  -36.38792834419503       4   0 1  1 1  0 0  0 1
   211  -.1700952075044497E-02   4   0 0  2 1  0 0  0 1
   212  -21.86200383359858       4   1 0  0 2  0 0  0 1
   213  -17.26428590201092       4   0 1  0 2  0 0  0 1
   214  -.1690962600776627E-02   4   0 0  1 2  0 0  0 1
   215  -.5147225141559843E-03   4   0 0  0 3  0 0  0 1
   216  -.6479162267326639E-01   4   2 0  0 0  0 2  0 0
   217  -.5985632871990354       4   1 1  0 0  0 2  0 0
   218  -.6210360232854972       4   0 2  0 0  0 2  0 0
   219  -.4520721781577044E-03   4   1 0  1 0  0 2  0 0
   220  0.5307349638042819E-03   4   0 1  1 0  0 2  0 0
   221  -.8755976575114833E-02   4   0 0  2 0  0 2  0 0
   222  0.8694304430690677E-03   4   1 0  0 1  0 2  0 0
   223  0.1926881251708575E-02   4   0 1  0 1  0 2  0 0
   224  0.2528390178055057       4   0 0  1 1  0 2  0 0
   225  0.3289284087770055       4   0 0  0 2  0 2  0 0
   226  -.4845430393919591E-01   4   2 0  0 0  0 1  1 0
   227  -.5056273398802814       4   1 1  0 0  0 1  1 0
   228  -.6730667908197253       4   0 2  0 0  0 1  1 0
   229  -.5439063290100701E-03   4   1 0  1 0  0 1  1 0
   230  0.6229661022786131E-03   4   0 1  1 0  0 1  1 0
   231  -.3569152405828852E-02   4   0 0  2 0  0 1  1 0
   232  0.9822019307016659E-03   4   1 0  0 1  0 1  1 0
   233  0.2634534259066751E-02   4   0 1  0 1  0 1  1 0
   234  0.1539741800523411       4   0 0  1 1  0 1  1 0
   235  0.3196567070181396       4   0 0  0 2  0 1  1 0
   236  -.6467182540166146E-01   4   2 0  0 0  0 0  2 0
   237  -.5974175442141224       4   1 1  0 0  0 0  2 0
   238  -.6197473714904993       4   0 2  0 0  0 0  2 0
   239  -.4510978189736814E-03   4   1 0  1 0  0 0  2 0
   240  0.5296015464921299E-03   4   0 1  1 0  0 0  2 0
   241  -.8741791595945334E-02   4   0 0  2 0  0 0  2 0
   242  0.8675995040192408E-03   4   1 0  0 1  0 0  2 0
   243  0.1922515429708604E-02   4   0 1  0 1  0 0  2 0
   244  0.2523951533737519       4   0 0  1 1  0 0  2 0
   245  0.3282706629606295       4   0 0  0 2  0 0  2 0
   246  0.1797939528456353       4   2 0  0 0  0 1  0 1
   247   1.013400868136512       4   1 1  0 0  0 1  0 1
   248  0.7771958011631840       4   0 2  0 0  0 1  0 1
   249  0.7270679793553795E-03   4   1 0  1 0  0 1  0 1
   250  -.8781374881457136E-03   4   0 1  1 0  0 1  0 1
   251  0.2097055485801626E-01   4   0 0  2 0  0 1  0 1
   252  -.1248026156309189E-02   4   1 0  0 1  0 1  0 1
   253  -.2373881262808927E-02   4   0 1  0 1  0 1  0 1
   254  -.3070128691565495       4   0 0  1 1  0 1  0 1
   255  -.3008048652520893       4   0 0  0 2  0 1  0 1
   256  0.1795519946172930       4   2 0  0 0  0 0  1 1
   257   1.012037081008106       4   1 1  0 0  0 0  1 1
   258  0.7761498876819479       4   0 2  0 0  0 0  1 1
   259  0.7260895255342906E-03   4   1 0  1 0  0 0  1 1
   260  -.8769557320993522E-03   4   0 1  1 0  0 0  1 1
   261  0.2094233367359576E-01   4   0 0  2 0  0 0  1 1
   262  -.1246346621525463E-02   4   1 0  0 1  0 0  1 1
   263  -.2370686605282584E-02   4   0 1  0 1  0 0  1 1
   264  -.3065997057062551       4   0 0  1 1  0 0  1 1
   265  -.3004000562408757       4   0 0  0 2  0 0  1 1
   266  -.1814290891207628       4   2 0  0 0  0 0  0 2
   267  -.3225269840435054       4   1 1  0 0  0 0  0 2
   268  -.1432713816434709       4   0 2  0 0  0 0  0 2
   269  -.7066061398773336E-05   4   1 0  1 0  0 0  0 2
   270  -.3486462059864186E-04   4   0 1  1 0  0 0  0 2
   271  -.2084545780950115E-01   4   0 0  2 0  0 0  0 2
   272  -.6509818175958807E-05   4   1 0  0 1  0 0  0 2
   273  -.2860798051390487E-04   4   0 1  0 1  0 0  0 2
   274  -.4526905289594455E-01   4   0 0  1 1  0 0  0 2
   275  -.2335462569285424E-01   4   0 0  0 2  0 0  0 2
   276  -.7501679495541116E-01   4   1 0  0 0  0 3  0 0
   277  -.8042272868661591       4   0 1  0 0  0 3  0 0
   278  -.3630932211588561E-05   4   0 0  1 0  0 3  0 0
   279  -.2838888967097549E-04   4   0 0  0 1  0 3  0 0
   280  -.4817596952569301E-01   4   1 0  0 0  0 2  1 0
   281  -.5652462337592471       4   0 1  0 0  0 2  1 0
   282  -.1826870009821432E-05   4   0 0  1 0  0 2  1 0
   283  -.1949834287112378E-04   4   0 0  0 1  0 2  1 0
   284  -.4822994741370251E-01   4   1 0  0 0  0 1  2 0
   285  -.5657264631722765       4   0 1  0 0  0 1  2 0
   286  -.1830501878950260E-05   4   0 0  1 0  0 1  2 0
   287  -.1951621246887154E-04   4   0 0  0 1  0 1  2 0
   288  -.7483299109587864E-01   4   1 0  0 0  0 0  3 0
   289  -.8022240220487765       4   0 1  0 0  0 0  3 0
   290  -.3622375106334356E-05   4   0 0  1 0  0 0  3 0
   291  -.2831848074166423E-04   4   0 0  0 1  0 0  3 0
   292  0.1847537468990419       4   1 0  0 0  0 2  0 1
   293   1.130321261908276       4   0 1  0 0  0 2  0 1
   294  0.4581463054491837E-05   4   0 0  1 0  0 2  0 1
   295  0.3582429854017827E-04   4   0 0  0 1  0 2  0 1
   296  0.1311827183182486       4   1 0  0 0  0 1  1 1
   297  0.8948749677821264       4   0 1  0 0  0 1  1 1
   298  0.2631442083615128E-05   4   0 0  1 0  0 1  1 1
   299  0.2737893432461821E-04   4   0 0  0 1  0 1  1 1
   300  0.1844168442536672       4   1 0  0 0  0 0  2 1
   301   1.128197988545379       4   0 1  0 0  0 0  2 1
   302  0.4573526902059778E-05   4   0 0  1 0  0 0  2 1
   303  0.3575766524779896E-04   4   0 0  0 1  0 0  2 1
   304  -.1310890819828800       4   1 0  0 0  0 1  0 2
   305  -.2113492503686901       4   0 1  0 0  0 1  0 2
   306  -.7135442788754799E-06   4   0 0  1 0  0 1  0 2
   307  -.2931597098761907E-05   4   0 0  0 1  0 1  0 2
   308  -.1309126684743689       4   1 0  0 0  0 0  1 2
   309  -.2110648265080964       4   0 1  0 0  0 0  1 2
   310  -.7125840246133697E-06   4   0 0  1 0  0 0  1 2
   311  -.2927651893548007E-05   4   0 0  0 1  0 0  1 2
   312  0.7904371437244932E-02   4   1 0  0 0  0 0  0 3
   313  0.6435760868278447E-02   4   0 1  0 0  0 0  0 3
   314  0.5102905574698607E-06   4   0 0  1 0  0 0  0 3
   315  0.4179955780760390E-06   4   0 0  0 1  0 0  0 3
   316  -.2950177331575581E-04   4   0 0  0 0  0 4  0 0
   317  -.1860581084750130E-04   4   0 0  0 0  0 3  1 0
   318  -.1716247481695039E-04   4   0 0  0 0  0 2  2 0
   319  -.1863695606021707E-04   4   0 0  0 0  0 1  3 0
   320  -.2940990108653892E-04   4   0 0  0 0  0 0  4 0
   321  0.3593621576252204E-04   4   0 0  0 0  0 3  0 1
   322  0.2484854192717963E-04   4   0 0  0 0  0 2  1 1
   323  0.2487082620706701E-04   4   0 0  0 0  0 1  2 1
   324  0.3584697641063618E-04   4   0 0  0 0  0 0  3 1
   325  -.2565723974848889E-05   4   0 0  0 0  0 2  0 2
   326  -.3102916618648905E-05   4   0 0  0 0  0 1  1 2
   327  -.2560183264967197E-05   4   0 0  0 0  0 0  2 2
   328  0.2092122747181500E-07   4   0 0  0 0  0 1  0 3
   329  0.2089307266986673E-07   4   0 0  0 0  0 0  1 3
   330  0.7408524233460231E-13   4   0 0  0 0  0 0  0 4
   ----------------------------------------------------
     I  COEFFICIENT            ORDER EXPONENTS
     1  0.6550719132785091E-05   0   0 0  0 0  0 0  0 0
     2  0.1459156660915405E-04   1   1 0  0 0  0 0  0 0
     3  0.1289683365241812E-04   1   0 1  0 0  0 0  0 0
     4  0.5669050042542957       1   0 0  1 0  0 0  0 0
     5  0.7577339999205129       1   0 0  0 1  0 0  0 0
     6  -.1739645536706998E-04   1   0 0  0 0  0 1  0 0
     7  -.1737304403730353E-04   1   0 0  0 0  0 0  1 0
     8  0.3476949940446482E-04   1   0 0  0 0  0 0  0 1
     9  0.3292418805967767E-03   2   2 0  0 0  0 0  0 0
    10  0.6295491127201097E-03   2   1 1  0 0  0 0  0 0
    11  0.3348511022484355E-03   2   0 2  0 0  0 0  0 0
    12  0.1855959644527800       2   1 0  1 0  0 0  0 0
    13  0.1654045286365420       2   0 1  1 0  0 0  0 0
    14  -.2025301415688966E-05   2   0 0  2 0  0 0  0 0
    15  0.1688612620741360       2   1 0  0 1  0 0  0 0
    16  0.1514738105905634       2   0 1  0 1  0 0  0 0
    17  0.4134329327965712E-04   2   0 0  1 1  0 0  0 0
    18  0.7800869193646501E-04   2   0 0  0 2  0 0  0 0
    19  -.7799300930758046E-05   2   1 0  0 0  0 1  0 0
    20  -.1338920207518808E-04   2   0 1  0 0  0 1  0 0
    21  0.2018956731341996       2   0 0  1 0  0 1  0 0
    22  -.1975227242704388       2   0 0  0 1  0 1  0 0
    23  -.7788804999133785E-05   2   1 0  0 0  0 0  1 0
    24  -.1337118351804655E-04   2   0 1  0 0  0 0  1 0
    25  0.2016239714523093       2   0 0  1 0  0 0  1 0
    26  -.1972569074970390       2   0 0  0 1  0 0  1 0
    27  0.1558808366704598E-04   2   1 0  0 0  0 0  0 1
    28  0.1386352999315618E-04   2   0 1  0 0  0 0  0 1
    29  -.4035196446042266       2   0 0  1 0  0 0  0 1
    30  -.3629543681710329       2   0 0  0 1  0 0  0 1
    31  0.1247728366002899E-04   2   0 0  0 0  0 2  0 0
    32  0.7571323711817200E-05   2   0 0  0 0  0 1  1 0
    33  0.1245539775433776E-04   2   0 0  0 0  0 0  2 0
    34  -.1512944306319375E-04   2   0 0  0 0  0 1  0 1
    35  -.1510908257174529E-04   2   0 0  0 0  0 0  1 1
    36  -.2265480746222174E-05   2   0 0  0 0  0 0  0 2
    37  -.3439669965812864E-02   3   3 0  0 0  0 0  0 0
    38  -.9294453852028293E-02   3   2 1  0 0  0 0  0 0
    39  -.8407255397644709E-02   3   1 2  0 0  0 0  0 0
    40  -.2538925525634928E-02   3   0 3  0 0  0 0  0 0
    41  -2.822159943286946       3   2 0  1 0  0 0  0 0
    42  -5.984188797152009       3   1 1  1 0  0 0  0 0
    43  -3.490154411945928       3   0 2  1 0  0 0  0 0
    44  0.7412179105163164E-02   3   1 0  2 0  0 0  0 0
    45  0.6572025685003066E-02   3   0 1  2 0  0 0  0 0
    46  -.4687270302051215       3   0 0  3 0  0 0  0 0
    47  -3.326115283930128       3   2 0  0 1  0 0  0 0
    48  -6.464464321236566       3   1 1  0 1  0 0  0 0
    49  -3.107212012901909       3   0 2  0 1  0 0  0 0
    50  0.1342971161163695E-01   3   1 0  1 1  0 0  0 0
    51  0.1198774806762561E-01   3   0 1  1 1  0 0  0 0
    52  -1.254337119870402       3   0 0  2 1  0 0  0 0
    53  0.6159229316369615E-02   3   1 0  0 2  0 0  0 0
    54  0.5542014311178121E-02   3   0 1  0 2  0 0  0 0
    55  -1.563059558888473       3   0 0  1 2  0 0  0 0
    56  -.3609263416577182       3   0 0  0 3  0 0  0 0
    57  -.3066493804214950E-03   3   2 0  0 0  0 1  0 0
    58  -.9248097615876620E-03   3   1 1  0 0  0 1  0 0
    59  -.6500084011242565E-03   3   0 2  0 0  0 1  0 0
    60  -.8569823977201448E-01   3   1 0  1 0  0 1  0 0
    61  -.1586025194433598       3   0 1  1 0  0 1  0 0
    62  -.1103433579877941E-03   3   0 0  2 0  0 1  0 0
    63  -.1637695848007363       3   1 0  0 1  0 1  0 0
    64  -.2222147651490147       3   0 1  0 1  0 1  0 0
    65  -.1630039101424855E-03   3   0 0  1 1  0 1  0 0
    66  -.1333719374184699E-03   3   0 0  0 2  0 1  0 0
    67  -.3062367061372084E-03   3   2 0  0 0  0 0  1 0
    68  -.9235651961952919E-03   3   1 1  0 0  0 0  1 0
    69  -.6491336504518589E-03   3   0 2  0 0  0 0  1 0
    70  -.8558291111974772E-01   3   1 0  1 0  0 0  1 0
    71  -.1583890796473710       3   0 1  1 0  0 0  1 0
    72  -.1101948630969163E-03   3   0 0  2 0  0 0  1 0
    73  -.1635491914117049       3   1 0  0 1  0 0  1 0
    74  -.2219157189906966       3   0 1  0 1  0 0  1 0
    75  -.1627845471623239E-03   3   0 0  1 1  0 0  1 0
    76  -.1331924517506936E-03   3   0 0  0 2  0 0  1 0
    77  0.6125099236735918E-03   3   2 0  0 0  0 0  0 1
    78  0.1218043091929283E-02   3   1 1  0 0  0 0  0 1
    79  0.6290305302745745E-03   3   0 2  0 0  0 0  0 1
    80  0.1712814340854484       3   1 0  1 0  0 0  0 1
    81  0.1515872975015050       3   0 1  1 0  0 0  0 1
    82  0.2207594921757807E-03   3   0 0  2 0  0 0  0 1
    83  0.1584577401505883       3   1 0  0 1  0 0  0 1
    84  0.1411830423472241       3   0 1  0 1  0 0  0 1
    85  0.2849028265168280E-03   3   0 0  1 1  0 0  0 1
    86  0.1107843920907442E-03   3   0 0  0 2  0 0  0 1
    87  0.6103132554510134E-05   3   1 0  0 0  0 2  0 0
    88  0.1373806799779684E-04   3   0 1  0 0  0 2  0 0
    89  -.1441810494844668       3   0 0  1 0  0 2  0 0
    90  0.6328969929700072E-01   3   0 0  0 1  0 2  0 0
    91  0.4439577558612911E-05   3   1 0  0 0  0 1  1 0
    92  0.1412576211604069E-04   3   0 1  0 0  0 1  1 0
    93  -.8662146748855902E-01   3   0 0  1 0  0 1  1 0
    94  -.7058244225201153E-01   3   0 0  0 1  0 1  1 0
    95  0.6091931959224911E-05   3   1 0  0 0  0 0  2 0
    96  0.1371007506084485E-04   3   0 1  0 0  0 0  2 0
    97  -.1439287318787794       3   0 0  1 0  0 0  2 0
    98  0.6325202026460057E-01   3   0 0  0 1  0 0  2 0
    99  -.8907309059172326E-05   3   1 0  0 0  0 1  0 1
   100  -.1491168691569303E-04   3   0 1  0 0  0 1  0 1
   101  0.1730880862293411       3   0 0  1 0  0 1  0 1
   102  0.3390486053629806       3   0 0  0 1  0 1  0 1
   103  -.8895322022427484E-05   3   1 0  0 0  0 0  1 1
   104  -.1489161947020541E-04   3   0 1  0 0  0 0  1 1
   105  0.1728551524402529       3   0 0  1 0  0 0  1 1
   106  0.3385923297286907       3   0 0  0 1  0 0  1 1
   107  0.1149696062164683E-05   3   1 0  0 0  0 0  0 2
   108  0.1105955621088830E-05   3   0 1  0 0  0 0  0 2
   109  0.2878814617640481E-01   3   0 0  1 0  0 0  0 2
   110  0.2413383180495469E-01   3   0 0  0 1  0 0  0 2
   111  -.1002695948759945E-04   3   0 0  0 0  0 3  0 0
   112  -.5128968051021196E-05   3   0 0  0 0  0 2  1 0
   113  -.5138828041083530E-05   3   0 0  0 0  0 1  2 0
   114  -.1000327226820165E-04   3   0 0  0 0  0 0  3 0
   115  0.1025422255627496E-04   3   0 0  0 0  0 2  0 1
   116  0.5391847561094394E-05   3   0 0  0 0  0 1  1 1
   117  0.1023679485965412E-04   3   0 0  0 0  0 0  2 1
   118  0.2179724641976830E-05   3   0 0  0 0  0 1  0 2
   119  0.2176791271280539E-05   3   0 0  0 0  0 0  1 2
   120  0.5819070775204219E-07   3   0 0  0 0  0 0  0 3
   121  -.1426321833283736E-02   4   4 0  0 0  0 0  0 0
   122  -.4812091774707957E-02   4   3 1  0 0  0 0  0 0
   123  -.5985878824105046E-02   4   2 2  0 0  0 0  0 0
   124  -.2917026276386464E-02   4   1 3  0 0  0 0  0 0
   125  -.3165493474238157E-03   4   0 4  0 0  0 0  0 0
   126   40.00548298722071       4   3 0  1 0  0 0  0 0
   127   108.9080040199337       4   2 1  1 0  0 0  0 0
   128   99.43861175625688       4   1 2  1 0  0 0  0 0
   129   30.52579040410859       4   0 3  1 0  0 0  0 0
   130  0.8346096735196679E-02   4   2 0  2 0  0 0  0 0
   131  0.1553485469137640E-01   4   1 1  2 0  0 0  0 0
   132  0.7516511962470210E-02   4   0 2  2 0  0 0  0 0
   133  -29.04602813651733       4   1 0  3 0  0 0  0 0
   134  -25.56799703839883       4   0 1  3 0  0 0  0 0
   135  -.8962432018073963E-03   4   0 0  4 0  0 0  0 0
   136   36.94322208069524       4   3 0  0 1  0 0  0 0
   137   101.1362419321387       4   2 1  0 1  0 0  0 0
   138   92.93852204663142       4   1 2  0 1  0 0  0 0
   139   28.73325956720108       4   0 3  0 1  0 0  0 0
   140  0.1433055337199889E-01   4   2 0  1 1  0 0  0 0
   141  0.2669935522512631E-01   4   1 1  1 1  0 0  0 0
   142  0.1264745810754260E-01   4   0 2  1 1  0 0  0 0
   143  -78.97707271207426       4   1 0  2 1  0 0  0 0
   144  -69.98230711491611       4   0 1  2 1  0 0  0 0
   145  -.3677337502573814E-02   4   0 0  3 1  0 0  0 0
   146  0.6291555730880655E-02   4   2 0  0 2  0 0  0 0
   147  0.1213050929796598E-01   4   1 1  0 2  0 0  0 0
   148  0.5905147861486100E-02   4   0 2  0 2  0 0  0 0
   149  -71.93094292059516       4   1 0  1 2  0 0  0 0
   150  -64.07997249725041       4   0 1  1 2  0 0  0 0
   151  -.5306826271118587E-02   4   0 0  2 2  0 0  0 0
   152  -21.85946388877334       4   1 0  0 3  0 0  0 0
   153  -19.55225670953138       4   0 1  0 3  0 0  0 0
   154  -.3395299663581761E-02   4   0 0  1 3  0 0  0 0
   155  -.7795755469864959E-03   4   0 0  0 4  0 0  0 0
   156  0.4143823383363742E-03   4   3 0  0 0  0 1  0 0
   157  0.5137909075546310E-02   4   2 1  0 0  0 1  0 0
   158  0.8216166247316616E-02   4   1 2  0 0  0 1  0 0
   159  0.3533278588945953E-02   4   0 3  0 0  0 1  0 0
   160   3.206213024195479       4   2 0  1 0  0 1  0 0
   161   9.615151192040946       4   1 1  1 0  0 1  0 0
   162   7.013365526594983       4   0 2  1 0  0 1  0 0
   163  -.7428579172079506E-03   4   1 0  2 0  0 1  0 0
   164  -.3624158012821674E-02   4   0 1  2 0  0 1  0 0
   165  0.6603462022420920       4   0 0  3 0  0 1  0 0
   166   4.839699866337781       4   2 0  0 1  0 1  0 0
   167   12.82326720597112       4   1 1  0 1  0 1  0 0
   168   8.051141472071990       4   0 2  0 1  0 1  0 0
   169  -.7230906354149642E-02   4   1 0  1 1  0 1  0 0
   170  -.1179187455517074E-01   4   0 1  1 1  0 1  0 0
   171   1.978147832320306       4   0 0  2 1  0 1  0 0
   172  -.6011101805618603E-02   4   1 0  0 2  0 1  0 0
   173  -.7851602387018651E-02   4   0 1  0 2  0 1  0 0
   174   2.574095290065557       4   0 0  1 2  0 1  0 0
   175  0.9339987488045798       4   0 0  0 3  0 1  0 0
   176  0.4138246821146033E-03   4   3 0  0 0  0 0  1 0
   177  0.5130994719653703E-02   4   2 1  0 0  0 0  1 0
   178  0.8205109317995476E-02   4   1 2  0 0  0 0  1 0
   179  0.3528523669138599E-02   4   0 3  0 0  0 0  1 0
   180   3.201898253811102       4   2 0  1 0  0 0  1 0
   181   9.602211574713078       4   1 1  1 0  0 0  1 0
   182   7.003927269797762       4   0 2  1 0  0 0  1 0
   183  -.7418582140326533E-03   4   1 0  2 0  0 0  1 0
   184  -.3619280791768668E-02   4   0 1  2 0  0 0  1 0
   185  0.6594575394441530       4   0 0  3 0  0 0  1 0
   186   4.833186826344820       4   2 0  0 1  0 0  1 0
   187   12.80601025730497       4   1 1  0 1  0 0  1 0
   188   8.040306625316033       4   0 2  0 1  0 0  1 0
   189  -.7221175341159040E-02   4   1 0  1 1  0 0  1 0
   190  -.1177600560612618E-01   4   0 1  1 1  0 0  1 0
   191   1.975485734194445       4   0 0  2 1  0 0  1 0
   192  -.6003012348102017E-02   4   1 0  0 2  0 0  1 0
   193  -.7841036070559405E-02   4   0 1  0 2  0 0  1 0
   194   2.570631193937094       4   0 0  1 2  0 0  1 0
   195  0.9327418173062749       4   0 0  0 3  0 0  1 0
   196  0.2145730740574886E-03   4   3 0  0 0  0 0  0 1
   197  0.7479821559861380E-03   4   2 1  0 0  0 0  0 1
   198  0.8435482429001411E-03   4   1 2  0 0  0 0  0 1
   199  0.3176306032630329E-03   4   0 3  0 0  0 0  0 1
   200  -6.404552564319346       4   2 0  1 0  0 0  0 1
   201  -13.22584227446471       4   1 1  1 0  0 0  0 1
   202  -7.033183389881838       4   0 2  1 0  0 0  0 1
   203  -.5140883913244097E-03   4   1 0  2 0  0 0  0 1
   204  -.4806567225997458E-03   4   0 1  2 0  0 0  0 1
   205  -1.320529138910512       4   0 0  3 0  0 0  0 1
   206  -6.343001458317333       4   2 0  0 1  0 0  0 1
   207  -12.69251842054155       4   1 1  0 1  0 0  0 1
   208  -6.765723926435227       4   0 2  0 1  0 0  0 1
   209  -.1058882199056061E-02   4   1 0  1 1  0 0  0 1
   210  -.9929397307391413E-03   4   0 1  1 1  0 0  0 1
   211  -2.701530145062761       4   0 0  2 1  0 0  0 1
   212  -.4958178919401560E-03   4   1 0  0 2  0 0  0 1
   213  -.4594299385969398E-03   4   0 1  0 2  0 0  0 1
   214  -2.020914051025317       4   0 0  1 2  0 0  0 1
   215  -.7847584845371186       4   0 0  0 3  0 0  0 1
   216  0.3198064348228231E-04   4   2 0  0 0  0 2  0 0
   217  0.5738553637242754E-03   4   1 1  0 0  0 2  0 0
   218  0.6390474933852585E-03   4   0 2  0 0  0 2  0 0
   219  0.6082894730751325E-01   4   1 0  1 0  0 2  0 0
   220  0.1539336589570098       4   0 1  1 0  0 2  0 0
   221  0.1190409829475939E-03   4   0 0  2 0  0 2  0 0
   222  0.1600518114996327       4   1 0  0 1  0 2  0 0
   223  0.2730662014304850       4   0 1  0 1  0 2  0 0
   224  0.1109410417444127E-03   4   0 0  1 1  0 2  0 0
   225  0.8505733142565120E-04   4   0 0  0 2  0 2  0 0
   226  0.4656172615014817E-04   4   2 0  0 0  0 1  1 0
   227  0.8049293564443407E-03   4   1 1  0 0  0 1  1 0
   228  0.9362874603509615E-03   4   0 2  0 0  0 1  1 0
   229  0.3571307105242996E-01   4   1 0  1 0  0 1  1 0
   230  0.1486985554849700       4   0 1  1 0  0 1  1 0
   231  0.1747832734049433E-03   4   0 0  2 0  0 1  1 0
   232  0.1560532558234096       4   1 0  0 1  0 1  1 0
   233  0.3233423851972360       4   0 1  0 1  0 1  1 0
   234  0.2702573695378561E-03   4   0 0  1 1  0 1  1 0
   235  0.1706328457179688E-03   4   0 0  0 2  0 1  1 0
   236  0.3190627515114291E-04   4   2 0  0 0  0 0  2 0
   237  0.5725414782242259E-03   4   1 1  0 0  0 0  2 0
   238  0.6375574876167078E-03   4   0 2  0 0  0 0  2 0
   239  0.6072305609303419E-01   4   1 0  1 0  0 0  2 0
   240  0.1536264465394022       4   0 1  1 0  0 0  2 0
   241  0.1187631756569034E-03   4   0 0  2 0  0 0  2 0
   242  0.1597314167561215       4   1 0  0 1  0 0  2 0
   243  0.2724811523340647       4   0 1  0 1  0 0  2 0
   244  0.1106098927033261E-03   4   0 0  1 1  0 0  2 0
   245  0.8482805045664085E-04   4   0 0  0 2  0 0  2 0
   246  -.1746851249532221E-03   4   2 0  0 0  0 1  0 1
   247  -.9163581048847667E-03   4   1 1  0 0  0 1  0 1
   248  -.7394693346506918E-03   4   0 2  0 0  0 1  0 1
   249  -.7109021492788600E-01   4   1 0  1 0  0 1  0 1
   250  -.1379458850515188       4   0 1  1 0  0 1  0 1
   251  -.3454278960289870E-03   4   0 0  2 0  0 1  0 1
   252  -.1480075670518345       4   1 0  0 1  0 1  0 1
   253  -.2018342162328243       4   0 1  0 1  0 1  0 1
   254  -.5999683174761187E-03   4   0 0  1 1  0 1  0 1
   255  -.2093408157695231E-03   4   0 0  0 2  0 1  0 1
   256  -.1744500419446850E-03   4   2 0  0 0  0 0  1 1
   257  -.9151249133336747E-03   4   1 1  0 0  0 0  1 1
   258  -.7384741916701019E-03   4   0 2  0 0  0 0  1 1
   259  -.7099454506700231E-01   4   1 0  1 0  0 0  1 1
   260  -.1377602439805815       4   0 1  1 0  0 0  1 1
   261  -.3449630354459642E-03   4   0 0  2 0  0 0  1 1
   262  -.1478083854434516       4   1 0  0 1  0 0  1 1
   263  -.2015625972567358       4   0 1  0 1  0 0  1 1
   264  -.5991609083899872E-03   4   0 0  1 1  0 0  1 1
   265  -.2090590947655515E-03   4   0 0  0 2  0 0  1 1
   266  0.1011963840313240E-03   4   2 0  0 0  0 0  0 2
   267  0.2201847562893883E-03   4   1 1  0 0  0 0  0 2
   268  0.1158382675510699E-03   4   0 2  0 0  0 0  0 2
   269  -.1502862325898545E-01   4   1 0  1 0  0 0  0 2
   270  -.1439469592338819E-01   4   0 1  1 0  0 0  0 2
   271  0.2385740430055720E-03   4   0 0  2 0  0 0  0 2
   272  -.1098049394759626E-01   4   1 0  0 1  0 0  0 2
   273  -.1075956295919208E-01   4   0 1  0 1  0 0  0 2
   274  0.3865473497024061E-03   4   0 0  1 1  0 0  0 2
   275  0.1495236038592569E-03   4   0 0  0 2  0 0  0 2
   276  -.8992395641171042E-05   4   1 0  0 0  0 3  0 0
   277  -.1818588768792243E-04   4   0 1  0 0  0 3  0 0
   278  0.1154428796372640       4   0 0  1 0  0 3  0 0
   279  0.8406455956301295E-03   4   0 0  0 1  0 3  0 0
   280  -.6273737463368101E-05   4   1 0  0 0  0 2  1 0
   281  -.1793971042942063E-04   4   0 1  0 0  0 2  1 0
   282  0.5799976446417415E-01   4   0 0  1 0  0 2  1 0
   283  0.1290163825484183       4   0 0  0 1  0 2  1 0
   284  -.6279200997914956E-05   4   1 0  0 0  0 1  2 0
   285  -.1794015796670583E-04   4   0 1  0 0  0 1  2 0
   286  0.5811540721059592E-01   4   0 0  1 0  0 1  2 0
   287  0.1287576409656238       4   0 0  0 1  0 1  2 0
   288  -.8970027569669001E-05   4   1 0  0 0  0 0  3 0
   289  -.1813712218067038E-04   4   0 1  0 0  0 0  3 0
   290  0.1151708692432412       4   0 0  1 0  0 0  3 0
   291  0.7522533887780181E-03   4   0 0  0 1  0 0  3 0
   292  0.1107657250174583E-04   4   1 0  0 0  0 2  0 1
   293  0.1973820694258426E-04   4   0 1  0 0  0 2  0 1
   294  -.1159582171331764       4   0 0  1 0  0 2  0 1
   295  -.3213972485904489       4   0 0  0 1  0 2  0 1
   296  0.8502853443902049E-05   4   1 0  0 0  0 1  1 1
   297  0.1973157711858763E-04   4   0 1  0 0  0 1  1 1
   298  -.5897965342849620E-01   4   0 0  1 0  0 1  1 1
   299  -.3037903337108205       4   0 0  0 1  0 1  1 1
   300  0.1105594480283957E-04   4   1 0  0 0  0 0  2 1
   301  0.1969836728066594E-04   4   0 1  0 0  0 0  2 1
   302  -.1157624800104954       4   0 0  1 0  0 0  2 1
   303  -.3207603139632410       4   0 0  0 1  0 0  2 1
   304  -.6512021740207691E-06   4   1 0  0 0  0 1  0 2
   305  -.1046030850537123E-05   4   0 1  0 0  0 1  0 2
   306  -.2764332160939439E-01   4   0 0  1 0  0 1  0 2
   307  -.3528460508634652E-01   4   0 0  0 1  0 1  0 2
   308  -.6503258168251300E-06   4   1 0  0 0  0 0  1 2
   309  -.1044623151516261E-05   4   0 1  0 0  0 0  1 2
   310  -.2760612052995729E-01   4   0 0  1 0  0 0  1 2
   311  -.3523712072772733E-01   4   0 0  0 1  0 0  1 2
   312  0.5635908642983022E-07   4   1 0  0 0  0 0  0 3
   313  0.4551758860033061E-07   4   0 1  0 0  0 0  0 3
   314  -.7760990633900147E-03   4   0 0  1 0  0 0  0 3
   315  -.6270287721743546E-03   4   0 0  0 1  0 0  0 3
   316  0.9869715149351450E-05   4   0 0  0 0  0 4  0 0
   317  0.4175010022712945E-05   4   0 0  0 0  0 3  1 0
   318  0.3425994867644629E-05   4   0 0  0 0  0 2  2 0
   319  0.4191305813874822E-05   4   0 0  0 0  0 1  3 0
   320  0.9840355770796492E-05   4   0 0  0 0  0 0  4 0
   321  -.1309748430836408E-05   4   0 0  0 0  0 3  0 1
   322  0.1080345119360823E-05   4   0 0  0 0  0 2  1 1
   323  0.1075523964504251E-05   4   0 0  0 0  0 1  2 1
   324  -.1307830496358039E-05   4   0 0  0 0  0 0  3 1
   325  -.8074399519704027E-06   4   0 0  0 0  0 2  0 2
   326  -.9359643552562253E-06   4   0 0  0 0  0 1  1 2
   327  -.8057235489769524E-06   4   0 0  0 0  0 0  2 2
   328  -.2465179425158069E-07   4   0 0  0 0  0 1  0 3
   329  -.2461861902867574E-07   4   0 0  0 0  0 0  1 3
   330  -.4614332140852198E-13   4   0 0  0 0  0 0  0 4
   ----------------------------------------------------
     I  COEFFICIENT            ORDER EXPONENTS
     1  0.1709179123209452E-03   0   0 0  0 0  0 0  0 0
     2  0.6590433399377007E-04   1   1 0  0 0  0 0  0 0
     3  0.6095890393436566E-04   1   0 1  0 0  0 0  0 0
     4  -1.893291651519269       1   0 0  1 0  0 0  0 0
     5  -.7666389481367044       1   0 0  0 1  0 0  0 0
     6  0.8075241078433739E-05   1   0 0  0 0  0 1  0 0
     7  0.8064373799563293E-05   1   0 0  0 0  0 0  1 0
     8  0.1547782974416482E-03   1   0 0  0 0  0 0  0 1
     9  0.9981965774679873E-03   2   2 0  0 0  0 0  0 0
    10  0.1765396185416308E-02   2   1 1  0 0  0 0  0 0
    11  0.8434061862878956E-03   2   0 2  0 0  0 0  0 0
    12  0.8031210683306828       2   1 0  1 0  0 0  0 0
    13  0.7363323324871144       2   0 1  1 0  0 0  0 0
    14  0.6612963872026502E-03   2   0 0  2 0  0 0  0 0
    15  0.7605041670609569       2   1 0  0 1  0 0  0 0
    16  0.7019968025506514       2   0 1  0 1  0 0  0 0
    17  0.1622836014787699E-02   2   0 0  1 1  0 0  0 0
    18  0.8513251727264817E-03   2   0 0  0 2  0 0  0 0
    19  -.3906820435403062E-05   2   1 0  0 0  0 1  0 0
    20  -.3429852255251353E-04   2   0 1  0 0  0 1  0 0
    21  -.1005561936527432       2   0 0  1 0  0 1  0 0
    22  0.7982895919674829       2   0 0  0 1  0 1  0 0
    23  -.3901562820583171E-05   2   1 0  0 0  0 0  1 0
    24  -.3425236521729576E-04   2   0 1  0 0  0 0  1 0
    25  -.1004208698663746       2   0 0  1 0  0 0  1 0
    26  0.7972152914566984       2   0 0  0 1  0 0  1 0
    27  0.7371254372650756E-04   2   1 0  0 0  0 0  0 1
    28  0.6855071732537340E-04   2   0 1  0 0  0 0  0 1
    29  -1.692314588087451       2   0 0  1 0  0 0  0 1
    30  -1.595504883519455       2   0 0  0 1  0 0  0 1
    31  -.5921765463597042E-05   2   0 0  0 0  0 2  0 0
    32  -.3774055457007410E-05   2   0 0  0 0  0 1  1 0
    33  -.5911256757731089E-05   2   0 0  0 0  0 0  2 0
    34  0.1561754435665880E-04   2   0 0  0 0  0 1  0 1
    35  0.1559652700149293E-04   2   0 0  0 0  0 0  1 1
    36  -.1560701971644229E-04   2   0 0  0 0  0 0  0 2
    37  -.1687637318284660E-01   3   3 0  0 0  0 0  0 0
    38  -.4738173953496588E-01   3   2 1  0 0  0 0  0 0
    39  -.4454218047323715E-01   3   1 2  0 0  0 0  0 0
    40  -.1398631172820615E-01   3   0 3  0 0  0 0  0 0
    41  -16.22309378770817       3   2 0  1 0  0 0  0 0
    42  -31.43651841652768       3   1 1  1 0  0 0  0 0
    43  -15.90503872940194       3   0 2  1 0  0 0  0 0
    44  0.3134967636235737E-01   3   1 0  2 0  0 0  0 0
    45  0.2851404895283003E-01   3   0 1  2 0  0 0  0 0
    46  -2.671439211408462       3   0 0  3 0  0 0  0 0
    47  -14.40204398237754       3   2 0  0 1  0 0  0 0
    48  -28.53952852208412       3   1 1  0 1  0 0  0 0
    49  -15.60966208614972       3   0 2  0 1  0 0  0 0
    50  0.5895167242559895E-01   3   1 0  1 1  0 0  0 0
    51  0.5393282541238698E-01   3   0 1  1 1  0 0  0 0
    52  -8.431304505577964       3   0 0  2 1  0 0  0 0
    53  0.2799405902634717E-01   3   1 0  0 2  0 0  0 0
    54  0.2579222611390491E-01   3   0 1  0 2  0 0  0 0
    55  -7.751869773351808       3   0 0  1 2  0 0  0 0
    56  -2.954924576564137       3   0 0  0 3  0 0  0 0
    57  -.5959596236731069E-03   3   2 0  0 0  0 1  0 0
    58  -.2042726764596749E-02   3   1 1  0 0  0 1  0 0
    59  -.1393090518454017E-02   3   0 2  0 0  0 1  0 0
    60  0.5110795202194039E-01   3   1 0  1 0  0 1  0 0
    61  -.3188102193684768       3   0 1  1 0  0 1  0 0
    62  -.9767066684173846E-04   3   0 0  2 0  0 1  0 0
    63  -.3426087942763026       3   1 0  0 1  0 1  0 0
    64  -.6648238476535262       3   0 1  0 1  0 1  0 0
    65  -.1053913062714236E-02   3   0 0  1 1  0 1  0 0
    66  -.9968773684448742E-03   3   0 0  0 2  0 1  0 0
    67  -.5951576092981692E-03   3   2 0  0 0  0 0  1 0
    68  -.2039977759187328E-02   3   1 1  0 0  0 0  1 0
    69  -.1391215762888362E-02   3   0 2  0 0  0 0  1 0
    70  0.5103917334874285E-01   3   1 0  1 0  0 0  1 0
    71  -.3183811796002567       3   0 1  1 0  0 0  1 0
    72  -.9753922626136186E-04   3   0 0  2 0  0 0  1 0
    73  -.3421477275075597       3   1 0  0 1  0 0  1 0
    74  -.6639291590514184       3   0 1  0 1  0 0  1 0
    75  -.1052494756183638E-02   3   0 0  1 1  0 0  1 0
    76  -.9955358178636235E-03   3   0 0  0 2  0 0  1 0
    77  0.2187494767277112E-02   3   2 0  0 0  0 0  0 1
    78  0.4078775650042113E-02   3   1 1  0 0  0 0  0 1
    79  0.1938772109878956E-02   3   0 2  0 0  0 0  0 1
    80  0.7009769226090901       3   1 0  1 0  0 0  0 1
    81  0.6371939457007935       3   0 1  1 0  0 0  0 1
    82  0.8575912515513857E-03   3   0 0  2 0  0 0  0 1
    83  0.6847591097214916       3   1 0  0 1  0 0  0 1
    84  0.6267584128738907       3   0 1  0 1  0 0  0 1
    85  0.2108784574366813E-02   3   0 0  1 1  0 0  0 1
    86  0.1142401895895002E-02   3   0 0  0 2  0 0  0 1
    87  0.2984388609673844E-05   3   1 0  0 0  0 2  0 0
    88  0.2756361119359360E-04   3   0 1  0 0  0 2  0 0
    89  0.7364751093004183E-01   3   0 0  1 0  0 2  0 0
    90  -.5571735567438083       3   0 0  0 1  0 2  0 0
    91  0.2237887263628496E-05   3   1 0  0 0  0 1  1 0
    92  0.2107950674508381E-04   3   0 1  0 0  0 1  1 0
    93  0.4681092878106814E-01   3   0 0  1 0  0 1  1 0
    94  -.3167052130846914       3   0 0  0 1  0 1  1 0
    95  0.2978866538528192E-05   3   1 0  0 0  0 0  2 0
    96  0.2751233348133421E-04   3   0 1  0 0  0 0  2 0
    97  0.7351690160980386E-01   3   0 0  1 0  0 0  2 0
    98  -.5562106353548376       3   0 0  0 1  0 0  2 0
    99  -.8495875033323372E-05   3   1 0  0 0  0 1  0 1
   100  -.4238648081622422E-04   3   0 1  0 0  0 1  0 1
   101  -.1941056705136459       3   0 0  1 0  0 1  0 1
   102  0.6327631392708506       3   0 0  0 1  0 1  0 1
   103  -.8484441685100351E-05   3   1 0  0 0  0 0  1 1
   104  -.4232943908794747E-04   3   0 1  0 0  0 0  1 1
   105  -.1938444522501523       3   0 0  1 0  0 0  1 1
   106  0.6319115964591137       3   0 0  0 1  0 0  1 1
   107  0.8728584296044245E-05   3   1 0  0 0  0 0  0 2
   108  0.8372650315277107E-05   3   0 1  0 0  0 0  0 2
   109  0.1939749283506442       3   0 0  1 0  0 0  0 2
   110  0.1654149022839457       3   0 0  0 1  0 0  0 2
   111  0.4845623778765391E-05   3   0 0  0 0  0 3  0 0
   112  0.2697630917482654E-05   3   0 0  0 0  0 2  1 0
   113  0.2701953755318217E-05   3   0 0  0 0  0 1  2 0
   114  0.4834029536993350E-05   3   0 0  0 0  0 0  3 0
   115  -.1131635284656651E-04   3   0 0  0 0  0 2  0 1
   116  -.7028061782297228E-05   3   0 0  0 0  0 1  1 1
   117  -.1129639481506409E-04   3   0 0  0 0  0 0  2 1
   118  0.7023270524890296E-05   3   0 0  0 0  0 1  0 2
   119  0.7013818938413207E-05   3   0 0  0 0  0 0  1 2
   120  0.5235969051685058E-06   3   0 0  0 0  0 0  0 3
   121  -.6435638449756362E-02   4   4 0  0 0  0 0  0 0
   122  -.2360749774089851E-01   4   3 1  0 0  0 0  0 0
   123  -.3281760007175651E-01   4   2 2  0 0  0 0  0 0
   124  -.1978324496321310E-01   4   1 3  0 0  0 0  0 0
   125  -.4257942474072358E-02   4   0 4  0 0  0 0  0 0
   126   185.6787149563344       4   3 0  1 0  0 0  0 0
   127   517.3816348368991       4   2 1  1 0  0 0  0 0
   128   482.8475358550459       4   1 2  1 0  0 0  0 0
   129   151.2561214815181       4   0 3  1 0  0 0  0 0
   130  0.3822725688518488E-01   4   2 0  2 0  0 0  0 0
   131  0.7445807786558446E-01   4   1 1  2 0  0 0  0 0
   132  0.3597344074558654E-01   4   0 2  2 0  0 0  0 0
   133  -120.1862458454188       4   1 0  3 0  0 0  0 0
   134  -108.6622237405524       4   0 1  3 0  0 0  0 0
   135  -.5870607407386866E-02   4   0 0  4 0  0 0  0 0
   136   177.8586405865542       4   3 0  0 1  0 0  0 0
   137   498.9474840673963       4   2 1  0 1  0 0  0 0
   138   469.0665933306103       4   1 2  0 1  0 0  0 0
   139   148.0852107593840       4   0 3  0 1  0 0  0 0
   140  0.7729299100554411E-01   4   2 0  1 1  0 0  0 0
   141  0.1514548645839814       4   1 1  1 1  0 0  0 0
   142  0.7472190410468446E-01   4   0 2  1 1  0 0  0 0
   143  -335.8543929427371       4   1 0  2 1  0 0  0 0
   144  -306.1780845724772       4   0 1  2 1  0 0  0 0
   145  -.2016097253583557E-01   4   0 0  3 1  0 0  0 0
   146  0.3808424907176223E-01   4   2 0  0 2  0 0  0 0
   147  0.7556198282775373E-01   4   1 1  0 2  0 0  0 0
   148  0.3823712325162608E-01   4   0 2  0 2  0 0  0 0
   149  -315.9533898996987       4   1 0  1 2  0 0  0 0
   150  -290.0408505082049       4   0 1  1 2  0 0  0 0
   151  -.2601046443820366E-01   4   0 0  2 2  0 0  0 0
   152  -99.68113945865763       4   1 0  0 3  0 0  0 0
   153  -92.01570422814730       4   0 1  0 3  0 0  0 0
   154  -.1439063768997561E-01   4   0 0  1 3  0 0  0 0
   155  -.2558202681937860E-02   4   0 0  0 4  0 0  0 0
   156  -.2015702054123302E-02   4   3 0  0 0  0 1  0 0
   157  0.1433153246383841E-01   4   2 1  0 0  0 1  0 0
   158  0.3207993542008033E-01   4   1 2  0 0  0 1  0 0
   159  0.1584186997499698E-01   4   0 3  0 0  0 1  0 0
   160   8.911351560420243       4   2 0  1 0  0 1  0 0
   161   32.54315205109032       4   1 1  1 0  0 1  0 0
   162   23.68682249157336       4   0 2  1 0  0 1  0 0
   163  0.3578489532667903E-02   4   1 0  2 0  0 1  0 0
   164  -.9055050677709359E-02   4   0 1  2 0  0 1  0 0
   165  0.4863578032710738       4   0 0  3 0  0 1  0 0
   166   15.44259395665480       4   2 0  0 1  0 1  0 0
   167   44.39886574029896       4   1 1  0 1  0 1  0 0
   168   30.84254435364724       4   0 2  0 1  0 1  0 0
   169  -.1777960076664482E-01   4   1 0  1 1  0 1  0 0
   170  -.3911296580553083E-01   4   0 1  1 1  0 1  0 0
   171   6.025250316846780       4   0 0  2 1  0 1  0 0
   172  -.1986168384871526E-01   4   1 0  0 2  0 1  0 0
   173  -.2903773429238559E-01   4   0 1  0 2  0 1  0 0
   174   9.881334672324995       4   0 0  1 2  0 1  0 0
   175   5.197247164082916       4   0 0  0 3  0 1  0 0
   176  -.2012989417295611E-02   4   3 0  0 0  0 0  1 0
   177  0.1431224576287030E-01   4   2 1  0 0  0 0  1 0
   178  0.3203676375486696E-01   4   1 2  0 0  0 0  1 0
   179  0.1582055073298609E-01   4   0 3  0 0  0 0  1 0
   180   8.899359083467674       4   2 0  1 0  0 0  1 0
   181   32.49935701076559       4   1 1  1 0  0 0  1 0
   182   23.65494588218548       4   0 2  1 0  0 0  1 0
   183  0.3573673770103203E-02   4   1 0  2 0  0 0  1 0
   184  -.9042864817257044E-02   4   0 1  2 0  0 0  1 0
   185  0.4857032858606811       4   0 0  3 0  0 0  1 0
   186   15.42181204149217       4   2 0  0 1  0 0  1 0
   187   44.33911583923172       4   1 1  0 1  0 0  1 0
   188   30.80103791101487       4   0 2  0 1  0 0  1 0
   189  -.1775567381785663E-01   4   1 0  1 1  0 0  1 0
   190  -.3906032941947991E-01   4   0 1  1 1  0 0  1 0
   191   6.017141818930575       4   0 0  2 1  0 0  1 0
   192  -.1983495493064039E-01   4   1 0  0 2  0 0  1 0
   193  -.2899865667807591E-01   4   0 1  0 2  0 0  1 0
   194   9.868036837814149       4   0 0  1 2  0 0  1 0
   195   5.190252953787271       4   0 0  0 3  0 0  1 0
   196  0.8917986193129432E-03   4   3 0  0 0  0 0  0 1
   197  0.2530007520665561E-02   4   2 1  0 0  0 0  0 1
   198  0.2411291645285420E-02   4   1 2  0 0  0 0  0 1
   199  0.8098246526300229E-03   4   0 3  0 0  0 0  0 1
   200  -34.01820297492715       4   2 0  1 0  0 0  0 1
   201  -65.00899949972278       4   1 1  1 0  0 0  0 1
   202  -31.41864565797056       4   0 2  1 0  0 0  0 1
   203  -.2481970108275622E-02   4   1 0  2 0  0 0  0 1
   204  -.2329864468052053E-02   4   0 1  2 0  0 0  0 1
   205  -3.646866714148706       4   0 0  3 0  0 0  0 1
   206  -30.84648641353267       4   2 0  0 1  0 0  0 1
   207  -60.15978702521116       4   1 1  0 1  0 0  0 1
   208  -30.40332886017082       4   0 2  0 1  0 0  0 1
   209  -.4860339595311692E-02   4   1 0  1 1  0 0  0 1
   210  -.4705468469422920E-02   4   0 1  1 1  0 0  0 1
   211  -12.05323468707013       4   0 0  2 1  0 0  0 1
   212  -.2368975353237004E-02   4   1 0  0 2  0 0  0 1
   213  -.2317702153784082E-02   4   0 1  0 2  0 0  0 1
   214  -12.00933454718170       4   0 0  1 2  0 0  0 1
   215  -4.482001604645944       4   0 0  0 3  0 0  0 1
   216  -.2997809993721027E-03   4   2 0  0 0  0 2  0 0
   217  0.2573886017440369E-03   4   1 1  0 0  0 2  0 0
   218  0.6278051169851251E-03   4   0 2  0 0  0 2  0 0
   219  -.3834896641376364E-01   4   1 0  1 0  0 2  0 0
   220  0.2150004726159871       4   0 1  1 0  0 2  0 0
   221  -.1875595970117022E-03   4   0 0  2 0  0 2  0 0
   222  0.2384842060531426       4   1 0  0 1  0 2  0 0
   223  0.6380803136444656       4   0 1  0 1  0 2  0 0
   224  0.3432531412538319E-03   4   0 0  1 1  0 2  0 0
   225  0.8165853763356897E-03   4   0 0  0 2  0 2  0 0
   226  -.3147735937552382E-03   4   2 0  0 0  0 1  1 0
   227  0.4837610811871521E-03   4   1 1  0 0  0 1  1 0
   228  0.1057704499957643E-02   4   0 2  0 0  0 1  1 0
   229  -.2708178077904126E-01   4   1 0  1 0  0 1  1 0
   230  0.1095935521333655       4   0 1  1 0  0 1  1 0
   231  -.1625609079341782E-03   4   0 0  2 0  0 1  1 0
   232  0.1329365244342097       4   1 0  0 1  0 1  1 0
   233  0.6091383502276928       4   0 1  0 1  0 1  1 0
   234  0.2657867690006516E-03   4   0 0  1 1  0 1  1 0
   235  0.9282083877324643E-03   4   0 0  0 2  0 1  1 0
   236  -.2991657644974812E-03   4   2 0  0 0  0 0  2 0
   237  0.2567167088620174E-03   4   1 1  0 0  0 0  2 0
   238  0.6262485420120353E-03   4   0 2  0 0  0 0  2 0
   239  -.3827913548996200E-01   4   1 0  1 0  0 0  2 0
   240  0.2146373921938145       4   0 1  1 0  0 0  2 0
   241  -.1871978047410866E-03   4   0 0  2 0  0 0  2 0
   242  0.2380738153932575       4   1 0  0 1  0 0  2 0
   243  0.6368117403880267       4   0 1  0 1  0 0  2 0
   244  0.3426123656994813E-03   4   0 0  1 1  0 0  2 0
   245  0.8148618846689211E-03   4   0 0  0 2  0 0  2 0
   246  0.6914188980965048E-03   4   2 0  0 0  0 1  0 1
   247  -.1264794677584610E-03   4   1 1  0 0  0 1  0 1
   248  -.6851993624656474E-03   4   0 2  0 0  0 1  0 1
   249  0.1057409885706393       4   1 0  1 0  0 1  0 1
   250  -.2176439461868823       4   0 1  1 0  0 1  0 1
   251  0.3362289357163856E-03   4   0 0  2 0  0 1  0 1
   252  -.2645496423276303       4   1 0  0 1  0 1  0 1
   253  -.5511285909914849       4   0 1  0 1  0 1  0 1
   254  -.2496933101401033E-03   4   0 0  1 1  0 1  0 1
   255  -.7058724296399164E-03   4   0 0  0 2  0 1  0 1
   256  0.6904884191288931E-03   4   2 0  0 0  0 0  1 1
   257  -.1263092576515145E-03   4   1 1  0 0  0 0  1 1
   258  -.6842772534559659E-03   4   0 2  0 0  0 0  1 1
   259  0.1055986873316202       4   1 0  1 0  0 0  1 1
   260  -.2173510512213091       4   0 1  1 0  0 0  1 1
   261  0.3357764546606192E-03   4   0 0  2 0  0 0  1 1
   262  -.2641936238867801       4   1 0  0 1  0 0  1 1
   263  -.5503869081075210       4   0 1  0 1  0 0  1 1
   264  -.2493572846509571E-03   4   0 0  1 1  0 0  1 1
   265  -.7049224997907233E-03   4   0 0  0 2  0 0  1 1
   266  -.4688517986092026E-03   4   2 0  0 0  0 0  0 2
   267  -.8796647224143916E-03   4   1 1  0 0  0 0  0 2
   268  -.4096890349687710E-03   4   0 2  0 0  0 0  0 2
   269  -.1076283510747093       4   1 0  1 0  0 0  0 2
   270  -.1033940977465375       4   0 1  1 0  0 0  0 2
   271  -.1343492321193617E-03   4   0 0  2 0  0 0  0 2
   272  -.8033975216498049E-01   4   1 0  0 1  0 0  0 2
   273  -.7882024439582466E-01   4   0 1  0 1  0 0  0 2
   274  -.3047661760455653E-03   4   0 0  1 1  0 0  0 2
   275  -.1617437431839252E-03   4   0 0  0 2  0 0  0 2
   276  -.5289365079597924E-05   4   1 0  0 0  0 3  0 0
   277  -.3006004296745687E-04   4   0 1  0 0  0 3  0 0
   278  -.6020986720411935E-01   4   0 0  1 0  0 3  0 0
   279  0.4374121132102556       4   0 0  0 1  0 3  0 0
   280  -.3773659936045671E-05   4   1 0  0 0  0 2  1 0
   281  -.2207479187238695E-04   4   0 1  0 0  0 2  1 0
   282  -.3337322627924882E-01   4   0 0  1 0  0 2  1 0
   283  0.1980220108524959       4   0 0  0 1  0 2  1 0
   284  -.3776705213906546E-05   4   1 0  0 0  0 1  2 0
   285  -.2209082947392440E-04   4   0 1  0 0  0 1  2 0
   286  -.3342723594444179E-01   4   0 0  1 0  0 1  2 0
   287  0.1985040624656975       4   0 0  0 1  0 1  2 0
   288  -.5276152028973701E-05   4   1 0  0 0  0 0  3 0
   289  -.2998452930242589E-04   4   0 1  0 0  0 0  3 0
   290  -.6006590003770911E-01   4   0 0  1 0  0 0  3 0
   291  0.4363960758012172       4   0 0  0 1  0 0  3 0
   292  0.7523246943556651E-05   4   1 0  0 0  0 2  0 1
   293  0.3944178404550283E-04   4   0 1  0 0  0 2  0 1
   294  0.1403749060842969       4   0 0  1 0  0 2  0 1
   295  -.3958780414642434       4   0 0  0 1  0 2  0 1
   296  0.6165960770050343E-05   4   1 0  0 0  0 1  1 1
   297  0.3251151309232732E-04   4   0 1  0 0  0 1  1 1
   298  0.8679925271374542E-01   4   0 0  1 0  0 1  1 1
   299  -.1596162031340009       4   0 0  0 1  0 1  1 1
   300  0.7508973582581173E-05   4   1 0  0 0  0 0  2 1
   301  0.3936682892035328E-04   4   0 1  0 0  0 0  2 1
   302  0.1401275909795313       4   0 0  1 0  0 0  2 1
   303  -.3952378854712633       4   0 0  0 1  0 0  2 1
   304  -.1812641444491222E-05   4   1 0  0 0  0 1  0 2
   305  -.4933932924114208E-05   4   0 1  0 0  0 1  0 2
   306  -.8673120999647760E-01   4   0 0  1 0  0 1  0 2
   307  -.1570923421537797       4   0 0  0 1  0 1  0 2
   308  -.1810202077062282E-05   4   1 0  0 0  0 0  1 2
   309  -.4927293069713368E-05   4   0 1  0 0  0 0  1 2
   310  -.8661449122156509E-01   4   0 0  1 0  0 0  1 2
   311  -.1568809346832151       4   0 0  0 1  0 0  1 2
   312  0.4901120033824552E-06   4   1 0  0 0  0 0  0 3
   313  0.3997963295483021E-06   4   0 1  0 0  0 0  0 3
   314  -.6879672150360176E-02   4   0 0  1 0  0 0  0 3
   315  -.5621823815886932E-02   4   0 0  0 1  0 0  0 3
   316  -.7858855856186296E-05   4   0 0  0 0  0 4  0 0
   317  -.3957794619608500E-05   4   0 0  0 0  0 3  1 0
   318  -.3440679489760032E-05   4   0 0  0 0  0 2  2 0
   319  -.3968958208046464E-05   4   0 0  0 0  0 1  3 0
   320  -.7835052862647482E-05   4   0 0  0 0  0 0  4 0
   321  0.8302757450780691E-05   4   0 0  0 0  0 3  0 1
   322  0.3994655191295491E-05   4   0 0  0 0  0 2  1 1
   323  0.4003329097702801E-05   4   0 0  0 0  0 1  2 1
   324  0.8283312979290037E-05   4   0 0  0 0  0 0  3 1
   325  0.7726166641943548E-06   4   0 0  0 0  0 2  0 2
   326  0.9183434571835224E-06   4   0 0  0 0  0 1  1 2
   327  0.7709589814275188E-06   4   0 0  0 0  0 0  2 2
   328  0.7258978742464480E-08   4   0 0  0 0  0 1  0 3
   329  0.7249209950976713E-08   4   0 0  0 0  0 0  1 3
   330  -.2446210714082799E-13   4   0 0  0 0  0 0  0 4
   ----------------------------------------------------
     I  COEFFICIENT            ORDER EXPONENTS
     1  0.8225950550856963E-08   0   0 0  0 0  0 0  0 0
     2  -.3847234064310633E-05   1   1 0  0 0  0 0  0 0
     3  -.4658460062403900E-05   1   0 1  0 0  0 0  0 0
     4  0.2835859332203247E-04   1   0 0  1 0  0 0  0 0
     5  0.7217846560021850E-05   1   0 0  0 1  0 0  0 0
     6   1.000000000000000       1   0 0  0 0  1 0  0 0
     7  0.2859789915724331       1   0 0  0 0  0 1  0 0
     8  -.2859789892131776       1   0 0  0 0  0 0  1 0
     9  -.2359261566354645E-08   1   0 0  0 0  0 0  0 1
    10  -.2209731656342179       2   2 0  0 0  0 0  0 0
    11  -.6452653614898098       2   1 1  0 0  0 0  0 0
    12  -.6853864730107062       2   0 2  0 0  0 0  0 0
    13  -.1436203206942288E-04   2   1 0  1 0  0 0  0 0
    14  -.2038176244991758E-04   2   0 1  1 0  0 0  0 0
    15  -.1626212770009307       2   0 0  2 0  0 0  0 0
    16  -.2031462006636573E-04   2   1 0  0 1  0 0  0 0
    17  -.2478585975849596E-04   2   0 1  0 1  0 0  0 0
    18  -.7858713242740097E-01   2   0 0  1 1  0 0  0 0
    19  -.2267316890556474       2   0 0  0 2  0 0  0 0
    20  0.5716564107825394E-05   2   1 0  0 0  0 1  0 0
    21  0.8573572107142843E-05   2   0 1  0 0  0 1  0 0
    22  -.4041305138876154E-04   2   0 0  1 0  0 1  0 0
    23  -.2244913627591909E-04   2   0 0  0 1  0 1  0 0
    24  0.1871998645715187E-05   2   1 0  0 0  0 0  1 0
    25  0.3916130070584951E-05   2   0 1  0 0  0 0  1 0
    26  -.1207636069234345E-04   2   0 0  1 0  0 0  1 0
    27  -.1522050437078380E-04   2   0 0  0 1  0 0  1 0
    28  -.7588612900459415E-05   2   1 0  0 0  0 0  0 1
    29  -.7831341441698588E-05   2   0 1  0 0  0 0  0 1
    30  0.5248943462947663E-04   2   0 0  1 0  0 0  0 1
    31  0.3045182048916389E-04   2   0 0  0 1  0 0  0 1
    32  -.2146286630670075       2   0 0  0 0  0 2  0 0
    33  0.1432783312836273       2   0 0  0 0  0 1  1 0
    34  0.7135032850436465E-01   2   0 0  0 0  0 0  2 0
    35  0.3278146536955509E-08   2   0 0  0 0  0 1  0 1
    36  0.9208743372623770E-09   2   0 0  0 0  0 0  1 1
    37  -.9199377425664446E-09   2   0 0  0 0  0 0  0 2
    38  0.1111516538924131       3   3 0  0 0  0 0  0 0
    39  0.3614752028468962       3   2 1  0 0  0 0  0 0
    40  0.3804034433632952       3   1 2  0 0  0 0  0 0
    41  0.1308554865390564       3   0 3  0 0  0 0  0 0
    42  0.6537863691586613E-03   3   2 0  1 0  0 0  0 0
    43  0.1219624124975226E-02   3   1 1  1 0  0 0  0 0
    44  0.7515394622788704E-03   3   0 2  1 0  0 0  0 0
    45  0.5823428446872960E-01   3   1 0  2 0  0 0  0 0
    46  0.5986722655896514E-02   3   0 1  2 0  0 0  0 0
    47  0.2245837206176571E-03   3   0 0  3 0  0 0  0 0
    48  0.4627451757259252E-03   3   2 0  0 1  0 0  0 0
    49  0.8244395519003604E-03   3   1 1  0 1  0 0  0 0
    50  0.5080428538478708E-03   3   0 2  0 1  0 0  0 0
    51  0.1565387681322418E-01   3   1 0  1 1  0 0  0 0
    52  -.6723796272236722E-01   3   0 1  1 1  0 0  0 0
    53  0.6399100191996498E-03   3   0 0  2 1  0 0  0 0
    54  -.3440281150843441E-01   3   1 0  0 2  0 0  0 0
    55  -.6732920178805321E-01   3   0 1  0 2  0 0  0 0
    56  0.6057240193129418E-03   3   0 0  1 2  0 0  0 0
    57  0.1846622397892965E-03   3   0 0  0 3  0 0  0 0
    58  0.3480943771629553       3   2 0  0 0  0 1  0 0
    59   1.203835863501765       3   1 1  0 0  0 1  0 0
    60   1.336361398970157       3   0 2  0 0  0 1  0 0
    61  0.2165994392183860E-04   3   1 0  1 0  0 1  0 0
    62  0.3746510985240614E-04   3   0 1  1 0  0 1  0 0
    63  0.2312263075175018       3   0 0  2 0  0 1  0 0
    64  0.3747389758569209E-04   3   1 0  0 1  0 1  0 0
    65  0.5623987426685494E-04   3   0 1  0 1  0 1  0 0
    66  0.2507699243956132       3   0 0  1 1  0 1  0 0
    67  0.3736700163226654       3   0 0  0 2  0 1  0 0
    68  0.1272473076728931       3   2 0  0 0  0 0  1 0
    69  0.5586864443703297       3   1 1  0 0  0 0  1 0
    70  0.6510202799232716       3   0 2  0 0  0 0  1 0
    71  0.7276417744281740E-05   3   1 0  1 0  0 0  1 0
    72  0.1699789821965942E-04   3   0 1  1 0  0 0  1 0
    73  0.6873136892074727E-01   3   0 0  2 0  0 0  1 0
    74  0.1712142881418530E-04   3   1 0  0 1  0 0  1 0
    75  0.3134805047942755E-04   3   0 1  0 1  0 0  1 0
    76  0.1720568564305280       3   0 0  1 1  0 0  1 0
    77  0.1470453689964688       3   0 0  0 2  0 0  1 0
    78  -.4753420899905765       3   2 0  0 0  0 0  0 1
    79  -1.117258031855813       3   1 1  0 0  0 0  0 1
    80  -.6166095772818720       3   0 2  0 0  0 0  0 1
    81  -.2887418367877112E-04   3   1 0  1 0  0 0  0 1
    82  -.3390474541632386E-04   3   0 1  1 0  0 0  0 1
    83  -.2999578714439017       3   0 0  2 0  0 0  0 1
    84  -.3417595307295546E-04   3   1 0  0 1  0 0  0 1
    85  -.3777924427878797E-04   3   0 1  0 1  0 0  0 1
    86  -.3442399081804645       3   0 0  1 1  0 0  0 1
    87  -.6725213667121882E-01   3   0 0  0 2  0 0  0 1
    88  -.7080490186727941E-05   3   1 0  0 0  0 2  0 0
    89  -.1226053598271223E-04   3   0 1  0 0  0 2  0 0
    90  0.4846867339795393E-04   3   0 0  1 0  0 2  0 0
    91  0.3880273840248819E-04   3   0 0  0 1  0 2  0 0
    92  -.2729444805339733E-05   3   1 0  0 0  0 1  1 0
    93  -.7375093194649454E-05   3   0 1  0 0  0 1  1 0
    94  0.1612685726041638E-04   3   0 0  1 0  0 1  1 0
    95  0.3270867055646776E-04   3   0 0  0 1  0 1  1 0
    96  -.1366721791338424E-05   3   1 0  0 0  0 0  2 0
    97  -.3688340033193134E-05   3   0 1  0 0  0 0  2 0
    98  0.8079717703018284E-05   3   0 0  1 0  0 0  2 0
    99  0.1634739643067245E-04   3   0 0  0 1  0 0  2 0
   100  0.1117281317194158E-04   3   1 0  0 0  0 1  0 1
   101  0.1474820397781740E-04   3   0 1  0 0  0 1  0 1
   102  -.7265638000161460E-04   3   0 0  1 0  0 1  0 1
   103  -.6542137619782392E-04   3   0 0  0 1  0 1  0 1
   104  0.3589672778696196E-05   3   1 0  0 0  0 0  1 1
   105  0.6918286764373917E-05   3   0 1  0 0  0 0  1 1
   106  -.2021179556930056E-04   3   0 0  1 0  0 0  1 1
   107  -.3496468732436889E-04   3   0 0  0 1  0 0  1 1
   108  -.3586811098904161E-05   3   1 0  0 0  0 0  0 2
   109  -.3001894704793315E-05   3   0 1  0 0  0 0  0 2
   110  0.2019082841079545E-04   3   0 0  1 0  0 0  0 2
   111  0.1974261652149831E-04   3   0 0  0 1  0 0  0 2
   112  0.1788813498561048       3   0 0  0 0  0 3  0 0
   113  -.1073867924626706       3   0 0  0 0  0 2  1 0
   114  -.3589155524998265E-01   3   0 0  0 0  0 1  2 0
   115  -.3560303940032003E-01   3   0 0  0 0  0 0  3 0
   116  -.3363313903018910E-08   3   0 0  0 0  0 2  0 1
   117  0.3589288768956132E-10   3   0 0  0 0  0 1  1 1
   118  0.1564147499822380E-10   3   0 0  0 0  0 0  2 1
   119  0.4834558062811787E-09   3   0 0  0 0  0 1  0 2
   120  0.1341116822959476E-10   3   0 0  0 0  0 0  1 2
   121  0.1142515270586300E-09   3   0 0  0 0  0 0  0 3
   122  -1.404981906141249       4   4 0  0 0  0 0  0 0
   123  -7.240716647889370       4   3 1  0 0  0 0  0 0
   124  -14.24650279303074       4   2 2  0 0  0 0  0 0
   125  -12.63565574291882       4   1 3  0 0  0 0  0 0
   126  -4.514614085888157       4   0 4  0 0  0 0  0 0
   127  0.9672431919567767E-03   4   3 0  1 0  0 0  0 0
   128  0.4623452463028040E-02   4   2 1  1 0  0 0  0 0
   129  0.5898612129052700E-02   4   1 2  1 0  0 0  0 0
   130  0.2254722402818302E-02   4   0 3  1 0  0 0  0 0
   131  -4.402661380614397       4   2 0  2 0  0 0  0 0
   132  -8.777219285251213       4   1 1  2 0  0 0  0 0
   133  -5.235579141720555       4   0 2  2 0  0 0  0 0
   134  0.3429704557402441E-02   4   1 0  3 0  0 0  0 0
   135  0.2508725352543636E-02   4   0 1  3 0  0 0  0 0
   136  -.8322175777386465       4   0 0  4 0  0 0  0 0
   137  0.1729869131802289E-02   4   3 0  0 1  0 0  0 0
   138  0.6598974970859822E-02   4   2 1  0 1  0 0  0 0
   139  0.7640129287417495E-02   4   1 2  0 1  0 0  0 0
   140  0.2773097295408471E-02   4   0 3  0 1  0 0  0 0
   141  -6.356683743012807       4   2 0  1 1  0 0  0 0
   142  -11.83272044690799       4   1 1  1 1  0 0  0 0
   143  -6.853028390909087       4   0 2  1 1  0 0  0 0
   144  0.8111455118312138E-02   4   1 0  2 1  0 0  0 0
   145  0.5749917281623097E-02   4   0 1  2 1  0 0  0 0
   146  -2.742819574498077       4   0 0  3 1  0 0  0 0
   147  -2.144140953463119       4   2 0  0 2  0 0  0 0
   148  -4.164530555435385       4   1 1  0 2  0 0  0 0
   149  -2.939331252761491       4   0 2  0 2  0 0  0 0
   150  0.6193844128661977E-02   4   1 0  1 2  0 0  0 0
   151  0.4142490121949179E-02   4   0 1  1 2  0 0  0 0
   152  -3.484122671210234       4   0 0  2 2  0 0  0 0
   153  0.1463198118591418E-02   4   1 0  0 3  0 0  0 0
   154  0.8539096624331779E-03   4   0 1  0 3  0 0  0 0
   155  -1.966937800903343       4   0 0  1 3  0 0  0 0
   156  -.5173137932765534       4   0 0  0 4  0 0  0 0
   157  -.1849798363626054       4   3 0  0 0  0 1  0 0
   158  -.7495782192482339       4   2 1  0 0  0 1  0 0
   159  -.9554095979347776       4   1 2  0 0  0 1  0 0
   160  -.3883393220060282       4   0 3  0 0  0 1  0 0
   161  -.8661248271970331E-04   4   2 0  1 0  0 1  0 0
   162  -.8197819870085310E-03   4   1 1  1 0  0 1  0 0
   163  -.9084884210440649E-03   4   0 2  1 0  0 1  0 0
   164  -.7581984620551131E-01   4   1 0  2 0  0 1  0 0
   165  -.2702218846582541E-01   4   0 1  2 0  0 1  0 0
   166  -.1986465481890990E-03   4   0 0  3 0  0 1  0 0
   167  -.1673244845246432E-03   4   2 0  0 1  0 1  0 0
   168  -.5619397832563073E-03   4   1 1  0 1  0 1  0 0
   169  -.5786719468979617E-03   4   0 2  0 1  0 1  0 0
   170  -.6196984086424523E-01   4   1 0  1 1  0 1  0 0
   171  0.9551858388938475E-01   4   0 1  1 1  0 1  0 0
   172  -.7101973331490376E-03   4   0 0  2 1  0 1  0 0
   173  0.4907815522342732E-01   4   1 0  0 2  0 1  0 0
   174  0.1482884053157497       4   0 1  0 2  0 1  0 0
   175  -.9816081626090045E-03   4   0 0  1 2  0 1  0 0
   176  -.4276978837969460E-03   4   0 0  0 3  0 1  0 0
   177  -.7314206170487042E-01   4   3 0  0 0  0 0  1 0
   178  -.3852089189262031       4   2 1  0 0  0 0  1 0
   179  -.5711783997834227       4   1 2  0 0  0 0  1 0
   180  -.2558072101261363       4   0 3  0 0  0 0  1 0
   181  -.7444123529278099E-04   4   2 0  1 0  0 0  1 0
   182  -.8067284892813056E-03   4   1 1  1 0  0 0  1 0
   183  -.8064234190578982E-03   4   0 2  1 0  0 0  1 0
   184  -.1739899099531518E-01   4   1 0  2 0  0 0  1 0
   185  -.2032332760152572E-01   4   0 1  2 0  0 0  1 0
   186  -.1224466009785905E-03   4   0 0  3 0  0 0  1 0
   187  -.2205536879747149E-03   4   2 0  0 1  0 0  1 0
   188  -.7543808068235781E-03   4   1 1  0 1  0 0  1 0
   189  -.6467481040251298E-03   4   0 2  0 1  0 0  1 0
   190  -.4592745219254522E-01   4   1 0  1 1  0 0  1 0
   191  0.2933714581516671E-01   4   0 1  1 1  0 0  1 0
   192  -.5068299581506515E-03   4   0 0  2 1  0 0  1 0
   193  0.1490768539731611E-01   4   1 0  0 2  0 0  1 0
   194  0.8143503226875894E-01   4   0 1  0 2  0 0  1 0
   195  -.7380844761871864E-03   4   0 0  1 2  0 0  1 0
   196  -.3324382254490062E-03   4   0 0  0 3  0 0  1 0
   197  0.2571888984826909       4   3 0  0 0  0 0  0 1
   198  0.7686732644406854       4   2 1  0 0  0 0  0 1
   199  0.7588291053348690       4   1 2  0 0  0 0  0 1
   200  0.2480723867431231       4   0 3  0 0  0 0  0 1
   201  0.2786364645943568E-03   4   2 0  1 0  0 0  0 1
   202  0.7809352506318607E-03   4   1 1  1 0  0 0  0 1
   203  0.6141164851729011E-03   4   0 2  1 0  0 0  0 1
   204  0.9277936393627523E-01   4   1 0  2 0  0 0  0 1
   205  0.3997330128771216E-01   4   0 1  2 0  0 0  0 1
   206  0.3645823761802891E-03   4   0 0  3 0  0 0  0 1
   207  -.4614124314593137E-04   4   2 0  0 1  0 0  0 1
   208  0.9552961998776611E-06   4   1 1  0 1  0 0  0 1
   209  0.1675391482063032E-03   4   0 2  0 1  0 0  0 1
   210  0.9156365282641615E-01   4   1 0  1 1  0 0  0 1
   211  0.7637028086026320E-02   4   0 1  1 1  0 0  0 1
   212  0.7643459822231731E-03   4   0 0  2 1  0 0  0 1
   213  0.4324939618956082E-02   4   1 0  0 2  0 0  0 1
   214  -.2889839668064927E-01   4   0 1  0 2  0 0  0 1
   215  0.5693930168263715E-03   4   0 0  1 2  0 0  0 1
   216  0.1803848832356477E-03   4   0 0  0 3  0 0  0 1
   217  -.4524008454517650       4   2 0  0 0  0 2  0 0
   218  -1.756476162254361       4   1 1  0 0  0 2  0 0
   219  -2.040130411428992       4   0 2  0 0  0 2  0 0
   220  -.2929918018864700E-04   4   1 0  1 0  0 2  0 0
   221  -.6361652664892530E-04   4   0 1  1 0  0 2  0 0
   222  -.2768069450322689       4   0 0  2 0  0 2  0 0
   223  -.6483671169961047E-04   4   1 0  0 1  0 2  0 0
   224  -.1101788860044016E-03   4   0 1  0 1  0 2  0 0
   225  -.4358172999695850       4   0 0  1 1  0 2  0 0
   226  -.5278649134458069       4   0 0  0 2  0 2  0 0
   227  -.2086327149308281       4   2 0  0 0  0 1  1 0
   228  -1.105219270614928       4   1 1  0 0  0 1  1 0
   229  -1.407359658537401       4   0 2  0 0  0 1  1 0
   230  -.1170616065128699E-04   4   1 0  1 0  0 1  1 0
   231  -.3617583325210933E-04   4   0 1  1 0  0 1  1 0
   232  -.9125071306202431E-01   4   0 0  2 0  0 1  1 0
   233  -.3742565368483496E-04   4   1 0  0 1  0 1  1 0
   234  -.8045731595744478E-04   4   0 1  0 1  0 1  1 0
   235  -.3701096027430227       4   0 0  1 1  0 1  1 0
   236  -.3083939053855514       4   0 0  0 2  0 1  1 0
   237  -.1044097790004502       4   2 0  0 0  0 0  2 0
   238  -.5526744929642631       4   1 1  0 0  0 0  2 0
   239  -.7036303505122570       4   0 2  0 0  0 0  2 0
   240  -.5908579957642923E-05   4   1 0  1 0  0 0  2 0
   241  -.1814337216510823E-04   4   0 1  1 0  0 0  2 0
   242  -.4571924228428913E-01   4   0 0  2 0  0 0  2 0
   243  -.1875415619404845E-04   4   1 0  0 1  0 0  2 0
   244  -.4024185236234617E-04   4   0 1  0 1  0 0  2 0
   245  -.1849741162817203       4   0 0  1 1  0 0  2 0
   246  -.1542404204035866       4   0 0  0 2  0 0  2 0
   247  0.7652915391520563       4   2 0  0 0  0 1  0 1
   248   2.210402088557638       4   1 1  0 0  0 1  0 1
   249   1.478486217670451       4   0 2  0 0  0 1  0 1
   250  0.3845906593081380E-04   4   1 0  1 0  0 1  0 1
   251  0.6537186824919991E-04   4   0 1  1 0  0 1  0 1
   252  0.4136640673303709       4   0 0  2 0  0 1  0 1
   253  0.6742806824063641E-04   4   1 0  0 1  0 1  0 1
   254  0.9551259767355419E-04   4   0 1  0 1  0 1  0 1
   255  0.7402572204400669       4   0 0  1 1  0 1  0 1
   256  0.2431413870077400       4   0 0  0 2  0 1  0 1
   257  0.2901843925766274       4   2 0  0 0  0 0  1 1
   258   1.093150414972762       4   1 1  0 0  0 0  1 1
   259  0.8615347653891977       4   0 2  0 0  0 0  1 1
   260  0.1318374919907181E-04   4   1 0  1 0  0 0  1 1
   261  0.3068753174775255E-04   4   0 1  1 0  0 0  1 1
   262  0.1139652436869618       4   0 0  2 0  0 0  1 1
   263  0.3205331997636421E-04   4   1 0  0 1  0 0  1 1
   264  0.5323275394297104E-04   4   0 1  0 1  0 0  1 1
   265  0.3959623276717714       4   0 0  1 1  0 0  1 1
   266  0.1757496004496633       4   0 0  0 2  0 0  1 1
   267  -.2900488414167551       4   2 0  0 0  0 0  0 2
   268  -.5344841972495418       4   1 1  0 0  0 0  0 2
   269  -.2450799676152964       4   0 2  0 0  0 0  0 2
   270  -.1064322912402289E-04   4   1 0  1 0  0 0  0 2
   271  -.9525750828328497E-05   4   0 1  1 0  0 0  0 2
   272  -.1138438208067666       4   0 0  2 0  0 0  0 2
   273  -.1036123852407742E-04   4   1 0  0 1  0 0  0 2
   274  -.9342783323127184E-05   4   0 1  0 1  0 0  0 2
   275  -.2238849235333519       4   0 0  1 1  0 0  0 2
   276  -.1085744912540925       4   0 0  0 2  0 0  0 2
   277  -.1145504147650985E-03   4   1 0  0 0  0 3  0 0
   278  -.2016686557939837E-03   4   0 1  0 0  0 3  0 0
   279  -.5830740494370157E-04   4   0 0  1 0  0 3  0 0
   280  -.4865902562613189E-04   4   0 0  0 1  0 3  0 0
   281  -.5822383848521553E-04   4   1 0  0 0  0 2  1 0
   282  -.9874263422956195E-04   4   0 1  0 0  0 2  1 0
   283  -.1866105488649978E-04   4   0 0  1 0  0 2  1 0
   284  -.4635615694552382E-04   4   0 0  0 1  0 2  1 0
   285  -.3640434797254096E-04   4   1 0  0 0  0 1  2 0
   286  -.6129663733573092E-04   4   0 1  0 0  0 1  2 0
   287  -.1027411704520347E-04   4   0 0  1 0  0 1  2 0
   288  -.3121468156099163E-04   4   0 0  0 1  0 1  2 0
   289  -.1943414465546684E-04   4   1 0  0 0  0 0  3 0
   290  -.3296396305167042E-04   4   0 1  0 0  0 0  3 0
   291  -.6244419983126672E-05   4   0 0  1 0  0 0  3 0
   292  -.1544339748678059E-04   4   0 0  0 1  0 0  3 0
   293  0.9922273125322341E-04   4   1 0  0 0  0 2  0 1
   294  0.8160719579007784E-04   4   0 1  0 0  0 2  0 1
   295  0.6561126896700845E-04   4   0 0  1 0  0 2  0 1
   296  0.9947609312376073E-04   4   0 0  0 1  0 2  0 1
   297  0.5114279013613439E-04   4   1 0  0 0  0 1  1 1
   298  0.4272462322232649E-04   4   0 1  0 0  0 1  1 1
   299  0.1638249070947640E-04   4   0 0  1 0  0 1  1 1
   300  0.6625008328572705E-04   4   0 0  0 1  0 1  1 1
   301  0.2558633703197309E-04   4   1 0  0 0  0 0  2 1
   302  0.2137387392702583E-04   4   0 1  0 0  0 0  2 1
   303  0.8218954665160939E-05   4   0 0  1 0  0 0  2 1
   304  0.3312543161282919E-04   4   0 0  0 1  0 0  2 1
   305  -.3522204889444997E-06   4   1 0  0 0  0 1  0 2
   306  0.1513247827146615E-05   4   0 1  0 0  0 1  0 2
   307  -.8471218146828808E-05   4   0 0  1 0  0 1  0 2
   308  -.1888755560820042E-04   4   0 0  0 1  0 1  0 2
   309  -.2546787285415446E-05   4   1 0  0 0  0 0  1 2
   310  -.5429354914212659E-06   4   0 1  0 0  0 0  1 2
   311  0.4143211859319544E-06   4   0 0  1 0  0 0  1 2
   312  -.9513929868975617E-05   4   0 0  0 1  0 0  1 2
   313  -.3590357860142122E-07   4   1 0  0 0  0 0  0 3
   314  -.1059260974632621E-08   4   0 1  0 0  0 0  0 3
   315  -.2587188357466443E-05   4   0 0  1 0  0 0  0 3
   316  -.2343866949887439E-05   4   0 0  0 1  0 0  0 3
   317  -.1565302504661000       4   0 0  0 0  0 4  0 0
   318  0.8947684434493157E-01   4   0 0  0 0  0 3  1 0
   319  0.2686485585673202E-01   4   0 0  0 0  0 2  2 0
   320  0.1798162741250627E-01   4   0 0  0 0  0 1  3 0
   321  0.2220686180470901E-01   4   0 0  0 0  0 0  4 0
   322  0.4610876825400628E-08   4   0 0  0 0  0 3  0 1
   323  0.2605157950707735E-08   4   0 0  0 0  0 2  1 1
   324  0.2101667478656506E-08   4   0 0  0 0  0 1  2 1
   325  0.7275497799608519E-09   4   0 0  0 0  0 0  3 1
   326  -.5617960097566662E-09   4   0 0  0 0  0 2  0 2
   327  -.4573156572269107E-10   4   0 0  0 0  0 1  1 2
   328  -.2784288143037985E-10   4   0 0  0 0  0 0  2 2
   329  -.2158129115239284E-09   4   0 0  0 0  0 1  0 3
   330  -.1015782553458162E-09   4   0 0  0 0  0 0  1 3
   331  -.9572392446434272E-11   4   0 0  0 0  0 0  0 4
   ----------------------------------------------------
     I  COEFFICIENT            ORDER EXPONENTS
     1   1.000000000000000       1   0 0  0 0  0 1  0 0
     --------------------------------------------------
     I  COEFFICIENT            ORDER EXPONENTS
     1   1.000000000000000       1   0 0  0 0  0 0  1 0
     --------------------------------------------------
     I  COEFFICIENT            ORDER EXPONENTS
     1   1.000000000000000       1   0 0  0 0  0 0  0 1
     --------------------------------------------------
