 L    0.1145458000000000E+01
 P (  0.0000000000000000E+00,  0.0000000000000000E+00,  0.9555200000000000E-01)
 A (  0.0000000000000000E+00,  0.0000000000000000E+00,  0.0000000000000000E+00)
     I  COEFFICIENT            ORDER EXPONENTS
     1  0.9479242371609609E-04   0   0 0  0 0  0 0  0 0
     2   1.512564073232546       1   1 0  0 0  0 0  0 0
     3   1.600439420671383       1   0 1  0 0  0 0  0 0
     4  0.1534781867373419E-04   1   0 0  1 0  0 0  0 0
     5  0.1349676636484119E-04   1   0 0  0 1  0 0  0 0
     6  -.8783174692065925E-06   1   0 0  0 0  0 1  0 0
     7  -.8771354709502107E-06   1   0 0  0 0  0 0  1 0
     8  0.1755452941849293E-05   1   0 0  0 0  0 0  0 1
     9  -.1260980241442733       2   2 0  0 0  0 0  0 0
    10  -.2254782340661892       2   1 1  0 0  0 0  0 0
    11  -.1013255409513803       2   0 2  0 0  0 0  0 0
    12  0.5109100784653851E-03   2   1 0  1 0  0 0  0 0
    13  0.1559260921524532E-03   2   0 1  1 0  0 0  0 0
    14  0.9596356212481541E-01   2   0 0  2 0  0 0  0 0
    15  0.4978754870616840E-03   2   1 0  0 1  0 0  0 0
    16  0.2171615828460824E-03   2   0 1  0 1  0 0  0 0
    17  0.1713128447435341       2   0 0  1 1  0 0  0 0
    18  0.7706837509232101E-01   2   0 0  0 2  0 0  0 0
    19  -.2740036583598195       2   1 0  0 0  0 1  0 0
    20  -1.043045189732932       2   0 1  0 0  0 1  0 0
    21  -.8302230657586265E-05   2   0 0  1 0  0 1  0 0
    22  -.1409615426405814E-04   2   0 0  0 1  0 1  0 0
    23  -.2736349171497436       2   1 0  0 0  0 0  1 0
    24  -1.041641508673607       2   0 1  0 0  0 0  1 0
    25  -.8291057906837902E-05   2   0 0  1 0  0 0  1 0
    26  -.1407718432397833E-04   2   0 0  0 1  0 0  1 0
    27  0.5476385755355924       2   1 0  0 0  0 0  0 1
    28  0.4842472777614719       2   0 1  0 0  0 0  0 1
    29  0.1659326971544764E-04   2   0 0  1 0  0 0  0 1
    30  0.1467655413624298E-04   2   0 0  0 1  0 0  0 1
    31  0.5186787954946363E-06   2   0 0  0 0  0 2  0 0
    32  0.1600218979650517E-06   2   0 0  0 0  0 1  1 0
    33  0.5178731069749233E-06   2   0 0  0 0  0 0  2 0
    34  -.3191214792634469E-06   2   0 0  0 0  0 1  0 1
    35  -.3186920206163269E-06   2   0 0  0 0  0 0  1 1
    36  -.5588152488731619E-06   2   0 0  0 0  0 0  0 2
    37   1.040708922516894       3   3 0  0 0  0 0  0 0
    38   5.522715181009984       3   2 1  0 0  0 0  0 0
    39   8.001529615457619       3   1 2  0 0  0 0  0 0
    40   4.287895906495360       3   0 3  0 0  0 0  0 0
    41  -.1009214825934529E-01   3   2 0  1 0  0 0  0 0
    42  -.1784043183346348E-01   3   1 1  1 0  0 0  0 0
    43  -.7901380210388879E-02   3   0 2  1 0  0 0  0 0
    44  -1.310115286731151       3   1 0  2 0  0 0  0 0
    45  0.2633297101383211       3   0 1  2 0  0 0  0 0
    46  0.2546010729669138E-02   3   0 0  3 0  0 0  0 0
    47  -.9128798407259386E-02   3   2 0  0 1  0 0  0 0
    48  -.1625711966956735E-01   3   1 1  0 1  0 0  0 0
    49  -.7247697915490452E-02   3   0 2  0 1  0 0  0 0
    50  -3.529459916416846       3   1 0  1 1  0 0  0 0
    51  -1.063242002058931       3   0 1  1 1  0 0  0 0
    52  0.6800610237076921E-02   3   0 0  2 1  0 0  0 0
    53  -1.559743360864138       3   1 0  0 2  0 0  0 0
    54  0.1351686199661388       3   0 1  0 2  0 0  0 0
    55  0.6113691692506680E-02   3   0 0  1 2  0 0  0 0
    56  0.1857118087272898E-02   3   0 0  0 3  0 0  0 0
    57  0.7587844195438598E-01   3   2 0  0 0  0 1  0 0
    58  0.2481266767616818       3   1 1  0 0  0 1  0 0
    59  0.1619825160031854       3   0 2  0 0  0 1  0 0
    60  -.3178675696536409E-03   3   1 0  1 0  0 1  0 0
    61  -.1809461791632682E-03   3   0 1  1 0  0 1  0 0
    62  -.4518451860930968E-01   3   0 0  2 0  0 1  0 0
    63  -.6030348389764644E-03   3   1 0  0 1  0 1  0 0
    64  -.3946759374940039E-03   3   0 1  0 1  0 1  0 0
    65  -.1658898621229780       3   0 0  1 1  0 1  0 0
    66  -.1130242660987649       3   0 0  0 2  0 1  0 0
    67  0.7577632832323022E-01   3   2 0  0 0  0 0  1 0
    68  0.2477927595739000       3   1 1  0 0  0 0  1 0
    69  0.1617645275671192       3   0 2  0 0  0 0  1 0
    70  -.3174397984589820E-03   3   1 0  1 0  0 0  1 0
    71  -.1807026703230495E-03   3   0 1  1 0  0 0  1 0
    72  -.4512371141363763E-01   3   0 0  2 0  0 0  1 0
    73  -.6022233031102189E-03   3   1 0  0 1  0 0  1 0
    74  -.3941448012177586E-03   3   0 1  0 1  0 0  1 0
    75  -.1656666153646508       3   0 0  1 1  0 0  1 0
    76  -.1128721633680981       3   0 0  0 2  0 0  1 0
    77  -.1516550117844658       3   2 0  0 0  0 0  0 1
    78  -.2704415973088162       3   1 1  0 0  0 0  0 1
    79  -.1210961221258411       3   0 2  0 0  0 0  0 1
    80  0.6346522900212932E-03   3   1 0  1 0  0 0  0 1
    81  0.2050525960726214E-03   3   0 1  1 0  0 0  0 1
    82  0.9030837461554884E-01   3   0 0  2 0  0 0  0 1
    83  0.7067007404114667E-03   3   1 0  0 1  0 0  0 1
    84  0.3537968964400906E-03   3   0 1  0 1  0 0  0 1
    85  0.1602438592116812       3   0 0  1 1  0 0  0 1
    86  0.7175976644377725E-01   3   0 0  0 2  0 0  0 1
    87  0.2144731805519008       3   1 0  0 0  0 2  0 0
    88  0.9108500583258275       3   0 1  0 0  0 2  0 0
    89  0.6553005568245575E-05   3   0 0  1 0  0 2  0 0
    90  0.1456639793012276E-04   3   0 0  0 1  0 2  0 0
    91  0.1551025157382236       3   1 0  0 0  0 1  1 0
    92  0.7790090219074637       3   0 1  0 0  0 1  1 0
    93  0.4750625756414993E-05   3   0 0  1 0  0 1  1 0
    94  0.1497224516835156E-04   3   0 0  0 1  0 1  1 0
    95  0.2140801878253080       3   1 0  0 0  0 0  2 0
    96  0.9091001024300784       3   0 1  0 0  0 0  2 0
    97  0.6540990258149048E-05   3   0 0  1 0  0 0  2 0
    98  0.1453672068734184E-04   3   0 0  0 1  0 0  2 0
    99  -.3100455689727427       3   1 0  0 0  0 1  0 1
   100  -.5146195039649782       3   0 1  0 0  0 1  0 1
   101  -.9454306901053268E-05   3   0 0  1 0  0 1  0 1
   102  -.1575967444753774E-04   3   0 0  0 1  0 1  0 1
   103  -.3096283242579602       3   1 0  0 0  0 0  1 1
   104  -.5139269532897186       3   0 1  0 0  0 0  1 1
   105  -.9441583740391904E-05   3   0 0  1 0  0 0  1 1
   106  -.1573846582039399E-04   3   0 0  0 1  0 0  1 1
   107  0.3601775607697612E-01   3   1 0  0 0  0 0  0 2
   108  0.3002606275753947E-01   3   0 1  0 0  0 0  0 2
   109  0.1098255516459202E-05   3   0 0  1 0  0 0  0 2
   110  0.1033443716254575E-05   3   0 0  0 1  0 0  0 2
   111  -.3359138749881101E-06   3   0 0  0 0  0 3  0 0
   112  0.2926433170042650E-07   3   0 0  0 0  0 2  1 0
   113  0.2852808480542525E-07   3   0 0  0 0  0 1  2 0
   114  -.3352554545844593E-06   3   0 0  0 0  0 0  3 0
   115  -.5909128433097668E-07   3   0 0  0 0  0 2  0 1
   116  -.4361774553829849E-06   3   0 0  0 0  0 1  1 1
   117  -.5871826861175457E-07   3   0 0  0 0  0 0  2 1
   118  0.5962960417632098E-06   3   0 0  0 0  0 1  0 2
   119  0.5954935746526588E-06   3   0 0  0 0  0 0  1 2
   120  -.2474703897406083E-07   3   0 0  0 0  0 0  0 3
   121  -13.90344351689020       4   4 0  0 0  0 0  0 0
   122  -51.37958601321966       4   3 1  0 0  0 0  0 0
   123  -71.64574492555025       4   2 2  0 0  0 0  0 0
   124  -44.77256948487021       4   1 3  0 0  0 0  0 0
   125  -10.59705460251897       4   0 4  0 0  0 0  0 0
   126  -.6967510470986290E-02   4   3 0  1 0  0 0  0 0
   127  -.1851659882200896E-01   4   2 1  1 0  0 0  0 0
   128  -.1725313162688047E-01   4   1 2  1 0  0 0  0 0
   129  -.5647917869940867E-02   4   0 3  1 0  0 0  0 0
   130   59.26169057960090       4   2 0  2 0  0 0  0 0
   131   105.0135010716173       4   1 1  2 0  0 0  0 0
   132   46.91226467803304       4   0 2  2 0  0 0  0 0
   133  0.5263899156903130E-02   4   1 0  3 0  0 0  0 0
   134  0.4665380627726983E-02   4   0 1  3 0  0 0  0 0
   135  -7.552421353666097       4   0 0  4 0  0 0  0 0
   136  -.6313634356063294E-02   4   3 0  0 1  0 0  0 0
   137  -.1633259379466489E-01   4   2 1  0 1  0 0  0 0
   138  -.1423759624291025E-01   4   1 2  0 1  0 0  0 0
   139  -.4235733528798602E-02   4   0 3  0 1  0 0  0 0
   140   108.1174184347759       4   2 0  1 1  0 0  0 0
   141   193.0062355522869       4   1 1  1 1  0 0  0 0
   142   86.92755202793612       4   0 2  1 1  0 0  0 0
   143  0.1366202882739335E-01   4   1 0  2 1  0 0  0 0
   144  0.1211541446290651E-01   4   0 1  2 1  0 0  0 0
   145  -26.68557552372181       4   0 0  3 1  0 0  0 0
   146   49.54195457010044       4   2 0  0 2  0 0  0 0
   147   88.98484927308385       4   1 1  0 2  0 0  0 0
   148   40.35352319468272       4   0 2  0 2  0 0  0 0
   149  0.1171213117449830E-01   4   1 0  1 2  0 0  0 0
   150  0.1037141978806053E-01   4   0 1  1 2  0 0  0 0
   151  -35.58535876010813       4   0 0  2 2  0 0  0 0
   152  0.3689891081604701E-02   4   1 0  0 3  0 0  0 0
   153  0.3227509891323527E-02   4   0 1  0 3  0 0  0 0
   154  -21.14384748439892       4   0 0  1 3  0 0  0 0
   155  -4.704409066254998       4   0 0  0 4  0 0  0 0
   156  -1.663989785496105       4   3 0  0 0  0 1  0 0
   157  -9.562787353938516       4   2 1  0 0  0 1  0 0
   158  -16.51953871920509       4   1 2  0 0  0 1  0 0
   159  -9.922726191595551       4   0 3  0 0  0 1  0 0
   160  0.1222405639941910E-02   4   2 0  1 0  0 1  0 0
   161  0.1000221652416212E-01   4   1 1  1 0  0 1  0 0
   162  0.7822666143691977E-02   4   0 2  1 0  0 1  0 0
   163  0.8775546426930532       4   1 0  2 0  0 1  0 0
   164  -.2512309783656821       4   0 1  2 0  0 1  0 0
   165  -.3654142986334669E-03   4   0 0  3 0  0 1  0 0
   166  0.5041335899157935E-02   4   2 0  0 1  0 1  0 0
   167  0.1601161103181819E-01   4   1 1  0 1  0 1  0 0
   168  0.1019561928415159E-01   4   0 2  0 1  0 1  0 0
   169   4.561919802677889       4   1 0  1 1  0 1  0 0
   170   2.209270005414044       4   0 1  1 1  0 1  0 0
   171  -.4037011236217401E-02   4   0 0  2 1  0 1  0 0
   172   3.050432470438310       4   1 0  0 2  0 1  0 0
   173  0.5185732950849387       4   0 1  0 2  0 1  0 0
   174  -.6360541898244015E-02   4   0 0  1 2  0 1  0 0
   175  -.2762326723831806E-02   4   0 0  0 3  0 1  0 0
   176  -1.661750466463934       4   3 0  0 0  0 0  1 0
   177  -9.549918205396249       4   2 1  0 0  0 0  1 0
   178  -16.49730750253579       4   1 2  0 0  0 0  1 0
   179  -9.909372654328827       4   0 3  0 0  0 0  1 0
   180  0.1220760584041656E-02   4   2 0  1 0  0 0  1 0
   181  0.9988756012552032E-02   4   1 1  1 0  0 0  1 0
   182  0.7812138768265274E-02   4   0 2  1 0  0 0  1 0
   183  0.8763736710126369       4   1 0  2 0  0 0  1 0
   184  -.2508928835551000       4   0 1  2 0  0 0  1 0
   185  -.3649225412917454E-03   4   0 0  3 0  0 0  1 0
   186  0.5034551506894774E-02   4   2 0  0 1  0 0  1 0
   187  0.1599006336029265E-01   4   1 1  0 1  0 0  1 0
   188  0.1018189850022187E-01   4   0 2  0 1  0 0  1 0
   189   4.555780586003288       4   1 0  1 1  0 0  1 0
   190   2.206296873960057       4   0 1  1 1  0 0  1 0
   191  -.4031578416753448E-02   4   0 0  2 1  0 0  1 0
   192   3.046327342181504       4   1 0  0 2  0 0  1 0
   193  0.5178754235839302       4   0 1  0 2  0 0  1 0
   194  -.6351982180719313E-02   4   0 0  1 2  0 0  1 0
   195  -.2758609314710822E-02   4   0 0  0 3  0 0  1 0
   196   3.323900809731196       4   3 0  0 0  0 0  0 1
   197   13.58424484210784       4   2 1  0 0  0 0  0 1
   198   17.00778404210143       4   1 2  0 0  0 0  0 1
   199   6.966312975777592       4   0 3  0 0  0 0  0 1
   200  0.7493211051360527E-03   4   2 0  1 0  0 0  0 1
   201  0.1669498459612054E-02   4   1 1  1 0  0 0  0 1
   202  0.9346744517503992E-03   4   0 2  1 0  0 0  0 1
   203  -1.750740806870505       4   1 0  2 0  0 0  0 1
   204  0.2420339526599992       4   0 1  2 0  0 0  0 1
   205  -.6254307249473588E-04   4   0 0  3 0  0 0  0 1
   206  0.8587897892510736E-03   4   2 0  0 1  0 0  0 1
   207  0.1831867789399938E-02   4   1 1  0 1  0 0  0 1
   208  0.9962458895897389E-03   4   0 2  0 1  0 0  0 1
   209  -5.581640672713239       4   1 0  1 1  0 0  0 1
   210  -2.282339454757914       4   0 1  1 1  0 0  0 1
   211  -.2014228045031796E-03   4   0 0  2 1  0 0  0 1
   212  -2.973841614603661       4   1 0  0 2  0 0  0 1
   213  -1.438432440108528       4   0 1  0 2  0 0  0 1
   214  -.1928761144393061E-03   4   0 0  1 2  0 0  0 1
   215  -.4736649479083148E-04   4   0 0  0 3  0 0  0 1
   216  -.6499610216125748E-01   4   2 0  0 0  0 2  0 0
   217  -.2687194744360860       4   1 1  0 0  0 2  0 0
   218  -.2147089599687422       4   0 2  0 0  0 2  0 0
   219  -.5455362370331692E-04   4   1 0  1 0  0 2  0 0
   220  0.6500262734730107E-04   4   0 1  1 0  0 2  0 0
   221  0.3227773494283200E-01   4   0 0  2 0  0 2  0 0
   222  0.4474907604428627E-03   4   1 0  0 1  0 2  0 0
   223  0.5332144201838514E-03   4   0 1  0 1  0 2  0 0
   224  0.1615606592334942       4   0 0  1 1  0 2  0 0
   225  0.1385099479390468       4   0 0  0 2  0 2  0 0
   226  -.5322764309785973E-01   4   2 0  0 0  0 1  1 0
   227  -.2871528973116035       4   1 1  0 0  0 1  1 0
   228  -.2658851345528181       4   0 2  0 0  0 1  1 0
   229  -.1241708169341055E-03   4   1 0  1 0  0 1  1 0
   230  0.5729767101337651E-04   4   0 1  1 0  0 1  1 0
   231  0.1984720472254389E-01   4   0 0  2 0  0 1  1 0
   232  0.5151803132278954E-03   4   1 0  0 1  0 1  1 0
   233  0.6959362356773432E-03   4   0 1  0 1  0 1  1 0
   234  0.1578878691688933       4   0 0  1 1  0 1  1 0
   235  0.1642477506076579       4   0 0  0 2  0 1  1 0
   236  -.6487281784335444E-01   4   2 0  0 0  0 0  2 0
   237  -.2681646260136218       4   1 1  0 0  0 0  2 0
   238  -.2142411069276238       4   0 2  0 0  0 0  2 0
   239  -.5439665639083160E-04   4   1 0  1 0  0 0  2 0
   240  0.6487659562226967E-04   4   0 1  1 0  0 0  2 0
   241  0.3222094237196803E-01   4   0 0  2 0  0 0  2 0
   242  0.4465418957740084E-03   4   1 0  0 1  0 0  2 0
   243  0.5320285662528816E-03   4   0 1  0 1  0 0  2 0
   244  0.1612369994857222       4   0 0  1 1  0 0  2 0
   245  0.1382130293378381       4   0 0  0 2  0 0  2 0
   246  0.1052934364095140       4   2 0  0 0  0 1  0 1
   247  0.3228518880793046       4   1 1  0 0  0 1  0 1
   248  0.2049975089278870       4   0 2  0 0  0 1  0 1
   249  0.2195029838287500E-03   4   1 0  1 0  0 1  0 1
   250  0.1549410710806004E-03   4   0 1  1 0  0 1  0 1
   251  -.4005335216077149E-01   4   0 0  2 0  0 1  0 1
   252  -.2863878764100286E-03   4   1 0  0 1  0 1  0 1
   253  -.2364987447934220E-03   4   0 1  0 1  0 1  0 1
   254  -.1503735418652548       4   0 0  1 1  0 1  0 1
   255  -.1029324958415079       4   0 0  0 2  0 1  0 1
   256  0.1051517374651003       4   2 0  0 0  0 0  1 1
   257  0.3224174092238068       4   1 1  0 0  0 0  1 1
   258  0.2047216329415683       4   0 2  0 0  0 0  1 1
   259  0.2192075870579308E-03   4   1 0  1 0  0 0  1 1
   260  0.1547325586892600E-03   4   0 1  1 0  0 0  1 1
   261  -.3999945024708241E-01   4   0 0  2 0  0 0  1 1
   262  -.2860024691029490E-03   4   1 0  0 1  0 0  1 1
   263  -.2361804759284785E-03   4   0 1  0 1  0 0  1 1
   264  -.1501711762394717       4   0 0  1 1  0 0  1 1
   265  -.1027939741396448       4   0 0  0 2  0 0  1 1
   266  -.2822889322379492E-01   4   2 0  0 0  0 0  0 2
   267  -.4957040864404084E-01   4   1 1  0 0  0 0  0 2
   268  -.2175361601348018E-01   4   0 2  0 0  0 0  0 2
   269  -.2670439989946298E-03   4   1 0  1 0  0 0  0 2
   270  -.2671694134052845E-03   4   0 1  1 0  0 0  0 2
   271  -.4692037877762328E-02   4   0 0  2 0  0 0  0 2
   272  -.2017916645660938E-03   4   1 0  0 1  0 0  0 2
   273  -.2084353113560476E-03   4   0 1  0 1  0 0  0 2
   274  -.9367932112834451E-02   4   0 0  1 1  0 0  0 2
   275  -.4557874831678821E-02   4   0 0  0 2  0 0  0 2
   276  -.1848526769864421       4   1 0  0 0  0 3  0 0
   277  -.8486595717426177       4   0 1  0 0  0 3  0 0
   278  -.8954044324255533E-05   4   0 0  1 0  0 3  0 0
   279  -.1873571182531625E-04   4   0 0  0 1  0 3  0 0
   280  -.1256419967043918       4   1 0  0 0  0 2  1 0
   281  -.7243422458799099       4   0 1  0 0  0 2  1 0
   282  -.5927671787193791E-05   4   0 0  1 0  0 2  1 0
   283  -.1835380087345649E-04   4   0 0  0 1  0 2  1 0
   284  -.1257610189525425       4   1 0  0 0  0 1  2 0
   285  -.7245908910289359       4   0 1  0 0  0 1  2 0
   286  -.5933756587148849E-05   4   0 0  1 0  0 1  2 0
   287  -.1835452091310813E-04   4   0 0  0 1  0 1  2 0
   288  -.1843951004134684       4   1 0  0 0  0 0  3 0
   289  -.8464597067748190       4   0 1  0 0  0 0  3 0
   290  -.8931986215866547E-05   4   0 0  1 0  0 0  3 0
   291  -.1868555817087874E-04   4   0 0  0 1  0 0  3 0
   292  0.2512395606739034       4   1 0  0 0  0 2  0 1
   293  0.5377544602742657       4   0 1  0 0  0 2  0 1
   294  0.1080517683345140E-04   4   0 0  1 0  0 2  0 1
   295  0.2008680417554555E-04   4   0 0  0 1  0 2  0 1
   296  0.1925860813251851       4   1 0  0 0  0 1  1 1
   297  0.5608210359252269       4   0 1  0 0  0 1  1 1
   298  0.7829888629575508E-05   4   0 0  1 0  0 1  1 1
   299  0.1983723226471114E-04   4   0 0  0 1  0 1  1 1
   300  0.2507718676776678       4   1 0  0 0  0 0  2 1
   301  0.5366534124053327       4   0 1  0 0  0 0  2 1
   302  0.1078536718823736E-04   4   0 0  1 0  0 0  2 1
   303  0.2004642429500163E-04   4   0 0  0 1  0 0  2 1
   304  -.3747891381065494E-01   4   1 0  0 0  0 1  0 2
   305  -.4622715915649524E-01   4   0 1  0 0  0 1  0 2
   306  -.3740672687513094E-06   4   0 0  1 0  0 1  0 2
   307  -.7816360581752789E-06   4   0 0  0 1  0 1  0 2
   308  -.3742847645476835E-01   4   1 0  0 0  0 0  1 2
   309  -.4616494882431280E-01   4   0 1  0 0  0 0  1 2
   310  -.3735638666501925E-06   4   0 0  1 0  0 0  1 2
   311  -.7805841692054085E-06   4   0 0  0 1  0 0  1 2
   312  0.9567654338507807E-03   4   1 0  0 0  0 0  0 3
   313  0.7708480144365451E-03   4   0 1  0 0  0 0  0 3
   314  0.6187046447780039E-07   4   0 0  1 0  0 0  0 3
   315  0.4995971545374175E-07   4   0 0  0 1  0 0  0 3
   316  -.3223486752541108E-04   4   0 0  0 0  0 4  0 0
   317  -.2160889713412122E-04   4   0 0  0 0  0 3  1 0
   318  -.2020345928207242E-04   4   0 0  0 0  0 2  2 0
   319  -.2163925204111274E-04   4   0 0  0 0  0 1  3 0
   320  -.3213362502678171E-04   4   0 0  0 0  0 0  4 0
   321  0.7379155415665834E-05   4   0 0  0 0  0 3  0 1
   322  0.7721490232651383E-05   4   0 0  0 0  0 2  1 1
   323  0.7720779139518920E-05   4   0 0  0 0  0 1  2 1
   324  0.7359071028450383E-05   4   0 0  0 0  0 0  3 1
   325  -.4741520391624864E-06   4   0 0  0 0  0 2  0 2
   326  -.5886779992460008E-06   4   0 0  0 0  0 1  1 2
   327  -.4731178401402182E-06   4   0 0  0 0  0 0  2 2
   328  0.1049138889914202E-07   4   0 0  0 0  0 1  0 3
   329  0.1047727008240359E-07   4   0 0  0 0  0 0  1 3
   330  -.3716246976247951E-14   4   0 0  0 0  0 0  0 4
   ----------------------------------------------------
     I  COEFFICIENT            ORDER EXPONENTS
     1  0.3715827311076151E-04   0   0 0  0 0  0 0  0 0
     2   2.406919446194909       1   1 0  0 0  0 0  0 0
     3   3.207883123698952       1   0 1  0 0  0 0  0 0
     4  0.6886997493492758E-04   1   0 0  1 0  0 0  0 0
     5  0.6332406122831999E-04   1   0 0  0 1  0 0  0 0
     6  0.1309275619352493E-05   1   0 0  0 0  0 1  0 0
     7  0.1307513657927851E-05   1   0 0  0 0  0 0  1 0
     8  0.3454148384111234E-04   1   0 0  0 0  0 0  0 1
     9  -.6221640342585067       2   2 0  0 0  0 0  0 0
    10  -1.140556106743061       2   1 1  0 0  0 0  0 0
    11  -.5255473094695088       2   0 2  0 0  0 0  0 0
    12  0.2495729399095824E-02   2   1 0  1 0  0 0  0 0
    13  0.1804732810436745E-02   2   0 1  1 0  0 0  0 0
    14  0.4269212333526680       2   0 0  2 0  0 0  0 0
    15  0.2225204850243254E-02   2   1 0  0 1  0 0  0 0
    16  0.1643616337259465E-02   2   0 1  0 1  0 0  0 0
    17  0.7831752234823927       2   0 0  1 1  0 0  0 0
    18  0.3626539877903386       2   0 0  0 2  0 0  0 0
    19  -.1231574831885590       2   1 0  0 0  0 1  0 0
    20  -1.208980275485866       2   0 1  0 0  0 1  0 0
    21  -.3506098418809857E-05   2   0 0  1 0  0 1  0 0
    22  -.3509881322857347E-04   2   0 0  0 1  0 1  0 0
    23  -.1229917436518947       2   1 0  0 0  0 0  1 0
    24  -1.207353286808384       2   0 1  0 0  0 0  1 0
    25  -.3501380076794598E-05   2   0 0  1 0  0 0  1 0
    26  -.3505157889988030E-04   2   0 0  0 1  0 0  1 0
    27   2.653068673174744       2   1 0  0 0  0 0  0 1
    28   2.416333562435888       2   0 1  0 0  0 0  0 1
    29  0.7587732096733838E-04   2   0 0  1 0  0 0  0 1
    30  0.7015026217011054E-04   2   0 0  0 1  0 0  0 1
    31  -.1030151174020294E-05   2   0 0  0 0  0 2  0 0
    32  -.7517722686179240E-06   2   0 0  0 0  0 1  1 0
    33  -.1028258995274028E-05   2   0 0  0 0  0 0  2 0
    34  0.2812072717181445E-05   2   0 0  0 0  0 1  0 1
    35  0.2808288362246922E-05   2   0 0  0 0  0 0  1 1
    36  -.2810180045321390E-05   2   0 0  0 0  0 0  0 2
    37  -8.448296711220625       3   3 0  0 0  0 0  0 0
    38  -24.65530032800504       3   2 1  0 0  0 0  0 0
    39  -25.07196829260990       3   1 2  0 0  0 0  0 0
    40  -7.677501472627596       3   0 3  0 0  0 0  0 0
    41  -.4955189655158908E-01   3   2 0  1 0  0 0  0 0
    42  -.9024870852193702E-01   3   1 1  1 0  0 0  0 0
    43  -.4130978656772725E-01   3   0 2  1 0  0 0  0 0
    44  -12.34832773435575       3   1 0  2 0  0 0  0 0
    45  -9.870839938721023       3   0 1  2 0  0 0  0 0
    46  0.1115325589687764E-01   3   0 0  3 0  0 0  0 0
    47  -.4674716495903388E-01   3   2 0  0 1  0 0  0 0
    48  -.8590421765992996E-01   3   1 1  0 1  0 0  0 0
    49  -.3963527747319581E-01   3   0 2  0 1  0 0  0 0
    50  -26.01630916733099       3   1 0  1 1  0 0  0 0
    51  -21.73935379330617       3   0 1  1 1  0 0  0 0
    52  0.3051839709131753E-01   3   0 0  2 1  0 0  0 0
    53  -11.99982277246140       3   1 0  0 2  0 0  0 0
    54  -9.176280673300553       3   0 1  0 2  0 0  0 0
    55  0.2811110908996439E-01   3   0 0  1 2  0 0  0 0
    56  0.8750474821091994E-02   3   0 0  0 3  0 0  0 0
    57  0.8847069572646862E-01   3   2 0  0 0  0 1  0 0
    58  0.7284517955819378       3   1 1  0 0  0 1  0 0
    59  0.5962215652595146       3   0 2  0 0  0 1  0 0
    60  -.1065130868813857E-02   3   1 0  1 0  0 1  0 0
    61  -.1738763634908681E-02   3   0 1  1 0  0 1  0 0
    62  0.1437482277997843E-01   3   0 0  2 0  0 1  0 0
    63  -.2223667007894407E-02   3   1 0  0 1  0 1  0 0
    64  -.2557754659246762E-02   3   0 1  0 1  0 1  0 0
    65  -.3619362813155176       3   0 0  1 1  0 1  0 0
    66  -.3478879323907034       3   0 0  0 2  0 1  0 0
    67  0.8835163603363753E-01   3   2 0  0 0  0 0  1 0
    68  0.7274714794861851       3   1 1  0 0  0 0  1 0
    69  0.5954191983759365       3   0 2  0 0  0 0  1 0
    70  -.1063697465888489E-02   3   1 0  1 0  0 0  1 0
    71  -.1736423688753915E-02   3   0 1  1 0  0 0  1 0
    72  0.1435547782094355E-01   3   0 0  2 0  0 0  1 0
    73  -.2220674501632983E-02   3   1 0  0 1  0 0  1 0
    74  -.2554312553569154E-02   3   0 1  0 1  0 0  1 0
    75  -.3614492045255884       3   0 0  1 1  0 0  1 0
    76  -.3474197612066819       3   0 0  0 2  0 0  1 0
    77  -.7989885130771683       3   2 0  0 0  0 0  0 1
    78  -1.455926876664162       3   1 1  0 0  0 0  0 1
    79  -.6660949593484126       3   0 2  0 0  0 0  0 1
    80  0.4621248665954553E-02   3   1 0  1 0  0 0  0 1
    81  0.3471809415024202E-02   3   0 1  1 0  0 0  0 1
    82  0.3981923222010048       3   0 0  2 0  0 0  0 1
    83  0.4440755696402130E-02   3   1 0  0 1  0 0  0 1
    84  0.3464750420757908E-02   3   0 1  0 1  0 0  0 1
    85  0.7233878227260763       3   0 0  1 1  0 0  0 1
    86  0.3326546790569890       3   0 0  0 2  0 0  0 1
    87  0.9449109181994807E-01   3   1 0  0 0  0 2  0 0
    88  0.9604611118357091       3   0 1  0 0  0 2  0 0
    89  0.2429069572120161E-05   3   0 0  1 0  0 2  0 0
    90  0.2782734313622694E-04   3   0 0  0 1  0 2  0 0
    91  0.6590133858860885E-01   3   1 0  0 0  0 1  1 0
    92  0.7126084202950856       3   0 1  0 0  0 1  1 0
    93  0.1356127296907813E-05   3   0 0  1 0  0 1  1 0
    94  0.2058046827838653E-04   3   0 0  0 1  0 1  1 0
    95  0.9431958670396123E-01   3   1 0  0 0  0 0  2 0
    96  0.9586890711223819       3   0 1  0 0  0 0  2 0
    97  0.2424888138667972E-05   3   0 0  1 0  0 0  2 0
    98  0.2777604629714832E-04   3   0 0  0 1  0 0  2 0
    99  -.2548829616900923       3   1 0  0 0  0 1  0 1
   100  -1.424549908142748       3   0 1  0 0  0 1  0 1
   101  -.6295685531999698E-05   3   0 0  1 0  0 1  0 1
   102  -.4119745634636095E-04   3   0 0  0 1  0 1  0 1
   103  -.2545399522124651       3   1 0  0 0  0 0  1 1
   104  -1.422632816013079       3   0 1  0 0  0 0  1 1
   105  -.6287213095116173E-05   3   0 0  1 0  0 0  1 1
   106  -.4114201475117894E-04   3   0 0  0 1  0 0  1 1
   107  0.2547111357454407       3   1 0  0 0  0 0  0 2
   108  0.2154243180232493       3   0 1  0 0  0 0  0 2
   109  0.6330166040547077E-05   3   0 0  1 0  0 0  0 2
   110  0.6145716415182343E-05   3   0 0  0 1  0 0  0 2
   111  0.8904324657322091E-06   3   0 0  0 0  0 3  0 0
   112  0.6124862901445463E-06   3   0 0  0 0  0 2  1 0
   113  0.6130449415122815E-06   3   0 0  0 0  0 1  2 0
   114  0.8882234407765079E-06   3   0 0  0 0  0 0  3 0
   115  -.2256425338175321E-05   3   0 0  0 0  0 2  0 1
   116  -.1702804719605729E-05   3   0 0  0 0  0 1  1 1
   117  -.2252242970126793E-05   3   0 0  0 0  0 0  2 1
   118  0.1703105206460857E-05   3   0 0  0 0  0 1  0 2
   119  0.1700813247738617E-05   3   0 0  0 0  0 0  1 2
   120  -.1980494848981298E-06   3   0 0  0 0  0 0  0 3
   121  -63.99748712096797       4   4 0  0 0  0 0  0 0
   122  -237.1933109756700       4   3 1  0 0  0 0  0 0
   123  -331.0730925038936       4   2 2  0 0  0 0  0 0
   124  -206.7843835550654       4   1 3  0 0  0 0  0 0
   125  -48.87541382028795       4   0 4  0 0  0 0  0 0
   126  -.3322430101323839E-01   4   3 0  1 0  0 0  0 0
   127  -.8868161998534700E-01   4   2 1  1 0  0 0  0 0
   128  -.7933918319543040E-01   4   1 2  1 0  0 0  0 0
   129  -.2282478922624223E-01   4   0 3  1 0  0 0  0 0
   130   276.4431799871201       4   2 0  2 0  0 0  0 0
   131   499.6072614121263       4   1 1  2 0  0 0  0 0
   132   226.9738094256661       4   0 2  2 0  0 0  0 0
   133  0.2674801256812933E-01   4   1 0  3 0  0 0  0 0
   134  0.2568936518631177E-01   4   0 1  3 0  0 0  0 0
   135  -33.00645662557663       4   0 0  4 0  0 0  0 0
   136  -.3119258626467862E-01   4   3 0  0 1  0 0  0 0
   137  -.8423751128445767E-01   4   2 1  0 1  0 0  0 0
   138  -.7517368910217380E-01   4   1 2  0 1  0 0  0 0
   139  -.2146328363219856E-01   4   0 3  0 1  0 0  0 0
   140   517.4858243923745       4   2 0  1 1  0 0  0 0
   141   942.1296587395111       4   1 1  1 1  0 0  0 0
   142   431.5039694603580       4   0 2  1 1  0 0  0 0
   143  0.7710232792938113E-01   4   1 0  2 1  0 0  0 0
   144  0.7426572994808449E-01   4   0 1  2 1  0 0  0 0
   145  -119.5198909483678       4   0 0  3 1  0 0  0 0
   146   243.8381117996441       4   2 0  0 2  0 0  0 0
   147   446.5895107230372       4   1 1  0 2  0 0  0 0
   148   205.9077211071938       4   0 2  0 2  0 0  0 0
   149  0.7415481749386621E-01   4   1 0  1 2  0 0  0 0
   150  0.7232312520940534E-01   4   0 1  1 2  0 0  0 0
   151  -163.8074918030266       4   0 0  2 2  0 0  0 0
   152  0.2489781020386810E-01   4   1 0  0 3  0 0  0 0
   153  0.2452242713249533E-01   4   0 1  0 3  0 0  0 0
   154  -100.3471962392717       4   0 0  1 3  0 0  0 0
   155  -23.09845863560871       4   0 0  0 4  0 0  0 0
   156   6.260350137662405       4   3 0  0 0  0 1  0 0
   157   30.30290866782131       4   2 1  0 0  0 1  0 0
   158   42.28531708389531       4   1 2  0 0  0 1  0 0
   159   16.95962913287407       4   0 3  0 0  0 1  0 0
   160  -.4600836103147233E-02   4   2 0  1 0  0 1  0 0
   161  0.3079711508758672E-01   4   1 1  1 0  0 1  0 0
   162  0.3182099299771199E-01   4   0 2  1 0  0 1  0 0
   163   4.618271256414665       4   1 0  2 0  0 1  0 0
   164   8.286837452324203       4   0 1  2 0  0 1  0 0
   165  0.9884156553326611E-03   4   0 0  3 0  0 1  0 0
   166  0.1521701683375186E-01   4   2 0  0 1  0 1  0 0
   167  0.6476993582448679E-01   4   1 1  0 1  0 1  0 0
   168  0.4667025564190367E-01   4   0 2  0 1  0 1  0 0
   169   23.55394889040505       4   1 0  1 1  0 1  0 0
   170   30.03862064218210       4   0 1  1 1  0 1  0 0
   171  -.1037815265529298E-01   4   0 0  2 1  0 1  0 0
   172   17.58680423118625       4   1 0  0 2  0 1  0 0
   173   18.32419505364495       4   0 1  0 2  0 1  0 0
   174  -.2137884994042311E-01   4   0 0  1 2  0 1  0 0
   175  -.1028332746367306E-01   4   0 0  0 3  0 1  0 0
   176   6.251925253487188       4   3 0  0 0  0 0  1 0
   177   30.26212844146269       4   2 1  0 0  0 0  1 0
   178   42.22841149700169       4   1 2  0 0  0 0  1 0
   179   16.93680566326668       4   0 3  0 0  0 0  1 0
   180  -.4594644514749517E-02   4   2 0  1 0  0 0  1 0
   181  0.3075566978151959E-01   4   1 1  1 0  0 0  1 0
   182  0.3177816980500708E-01   4   0 2  1 0  0 0  1 0
   183   4.612056204609373       4   1 0  2 0  0 0  1 0
   184   8.275685417025990       4   0 1  2 0  0 0  1 0
   185  0.9870854921261300E-03   4   0 0  3 0  0 0  1 0
   186  0.1519653848965014E-01   4   2 0  0 1  0 0  1 0
   187  0.6468277149735556E-01   4   1 1  0 1  0 0  1 0
   188  0.4660744901135375E-01   4   0 2  0 1  0 0  1 0
   189   23.52225109604750       4   1 0  1 1  0 0  1 0
   190   29.99819608219301       4   0 1  1 1  0 0  1 0
   191  -.1036418622655488E-01   4   0 0  2 1  0 0  1 0
   192   17.56313673888931       4   1 0  0 2  0 0  1 0
   193   18.29953521553114       4   0 1  0 2  0 0  1 0
   194  -.2135007929172359E-01   4   0 0  1 2  0 0  1 0
   195  -.1026948864620889E-01   4   0 0  0 3  0 0  1 0
   196  -20.96774099052537       4   3 0  0 0  0 0  0 1
   197  -60.58783849988806       4   2 1  0 0  0 0  0 1
   198  -59.46608684265784       4   1 2  0 0  0 0  0 1
   199  -18.55012880643373       4   0 3  0 0  0 0  0 1
   200  0.5543714406718511E-03   4   2 0  1 0  0 0  0 1
   201  0.1145405774190592E-02   4   1 1  1 0  0 0  0 1
   202  0.5945453810895303E-03   4   0 2  1 0  0 0  0 1
   203  -21.56316999258797       4   1 0  2 0  0 0  0 1
   204  -16.54701672489699       4   0 1  2 0  0 0  0 1
   205  -.5923323491489143E-03   4   0 0  3 0  0 0  0 1
   206  0.6535034455984674E-03   4   2 0  0 1  0 0  0 1
   207  0.1163544099228523E-02   4   1 1  0 1  0 0  0 1
   208  0.5666202053486442E-03   4   0 2  0 1  0 0  0 1
   209  -47.04309857066620       4   1 0  1 1  0 0  0 1
   210  -38.26379105351312       4   0 1  1 1  0 0  0 1
   211  -.1796512046128153E-02   4   0 0  2 1  0 0  0 1
   212  -23.13222859266517       4   1 0  0 2  0 0  0 1
   213  -18.25275528320298       4   0 1  0 2  0 0  0 1
   214  -.1786151639659034E-02   4   0 0  1 2  0 0  0 1
   215  -.5446179870994704E-03   4   0 0  0 3  0 0  0 1
   216  -.6965985413899525E-01   4   2 0  0 0  0 2  0 0
   217  -.6294314766976500       4   1 1  0 0  0 2  0 0
   218  -.6502461264691646       4   0 2  0 0  0 2  0 0
   219  -.4816564703873705E-03   4   1 0  1 0  0 2  0 0
   220  0.5595297331378317E-03   4   0 1  1 0  0 2  0 0
   221  -.9104839414945221E-02   4   0 0  2 0  0 2  0 0
   222  0.9111325926233787E-03   4   1 0  0 1  0 2  0 0
   223  0.2038353453273986E-02   4   0 1  0 1  0 2  0 0
   224  0.2598134685338829       4   0 0  1 1  0 2  0 0
   225  0.3381729521392417       4   0 0  0 2  0 2  0 0
   226  -.5227075011319943E-01   4   2 0  0 0  0 1  1 0
   227  -.5342927507503017       4   1 1  0 0  0 1  1 0
   228  -.7061593639039870       4   0 2  0 0  0 1  1 0
   229  -.5792932298538359E-03   4   1 0  1 0  0 1  1 0
   230  0.6519036444869419E-03   4   0 1  1 0  0 1  1 0
   231  -.3590815641956090E-02   4   0 0  2 0  0 1  1 0
   232  0.1024967953371997E-02   4   1 0  0 1  0 1  1 0
   233  0.2779912149347586E-02   4   0 1  0 1  0 1  1 0
   234  0.1580554240328862       4   0 0  1 1  0 1  1 0
   235  0.3284714850821706       4   0 0  0 2  0 1  1 0
   236  -.6953093743421643E-01   4   2 0  0 0  0 0  2 0
   237  -.6282249044785780       4   1 1  0 0  0 0  2 0
   238  -.6488958978812961       4   0 2  0 0  0 0  2 0
   239  -.4806184870454106E-03   4   1 0  1 0  0 0  2 0
   240  0.5583380937919008E-03   4   0 1  1 0  0 0  2 0
   241  -.9090170375926437E-02   4   0 0  2 0  0 0  2 0
   242  0.9092167565371258E-03   4   1 0  0 1  0 0  2 0
   243  0.2033739795881995E-02   4   0 1  0 1  0 0  2 0
   244  0.2593574720421288       4   0 0  1 1  0 0  2 0
   245  0.3374968341956420       4   0 0  0 2  0 0  2 0
   246  0.1934907852712442       4   2 0  0 0  0 1  0 1
   247   1.070886016286383       4   1 1  0 0  0 1  0 1
   248  0.8180620576484081       4   0 2  0 0  0 1  0 1
   249  0.7746385298226204E-03   4   1 0  1 0  0 1  0 1
   250  -.9234243425030083E-03   4   0 1  1 0  0 1  0 1
   251  0.2167115412360008E-01   4   0 0  2 0  0 1  0 1
   252  -.1308099312469528E-02   4   1 0  0 1  0 1  0 1
   253  -.2504259691844715E-02   4   0 1  0 1  0 1  0 1
   254  -.3151312812696556       4   0 0  1 1  0 1  0 1
   255  -.3087324786990596       4   0 0  0 2  0 1  0 1
   256  0.1932303944913262       4   2 0  0 0  0 0  1 1
   257   1.069444868354765       4   1 1  0 0  0 0  1 1
   258  0.8169611482851499       4   0 2  0 0  0 0  1 1
   259  0.7735960577966348E-03   4   1 0  1 0  0 0  1 1
   260  -.9221816415423489E-03   4   0 1  1 0  0 0  1 1
   261  0.2164199010570747E-01   4   0 0  2 0  0 0  1 1
   262  -.1306338934063392E-02   4   1 0  0 1  0 0  1 1
   263  -.2500889577173101E-02   4   0 1  0 1  0 0  1 1
   264  -.3147071924429443       4   0 0  1 1  0 0  1 1
   265  -.3083170010792836       4   0 0  0 2  0 0  1 1
   266  -.1952605722707076       4   2 0  0 0  0 0  0 2
   267  -.3470153182160491       4   1 1  0 0  0 0  0 2
   268  -.1541052843583695       4   0 2  0 0  0 0  0 2
   269  -.7684145991731748E-05   4   1 0  1 0  0 0  0 2
   270  -.3738638736484809E-04   4   0 1  1 0  0 0  0 2
   271  -.2152679717614646E-01   4   0 0  2 0  0 0  0 2
   272  -.7070134919719244E-05   4   1 0  0 1  0 0  0 2
   273  -.3068059258421420E-04   4   0 1  0 1  0 0  0 2
   274  -.4704114002452921E-01   4   0 0  1 1  0 0  0 2
   275  -.2436497380189861E-01   4   0 0  0 2  0 0  0 2
   276  -.8020820799999925E-01   4   1 0  0 0  0 3  0 0
   277  -.8371985101336454       4   0 1  0 0  0 3  0 0
   278  -.3748941897489624E-05   4   0 0  1 0  0 3  0 0
   279  -.2940449907762663E-04   4   0 0  0 1  0 3  0 0
   280  -.5161386594091065E-01   4   1 0  0 0  0 2  1 0
   281  -.5907846492056555       4   0 1  0 0  0 2  1 0
   282  -.1885344284682194E-05   4   0 0  1 0  0 2  1 0
   283  -.2023005739615200E-04   4   0 0  0 1  0 2  1 0
   284  -.5167136942611068E-01   4   1 0  0 0  0 1  2 0
   285  -.5912797931335499       4   0 1  0 0  0 1  2 0
   286  -.1889096013154275E-05   4   0 0  1 0  0 1  2 0
   287  -.2024849731344769E-04   4   0 0  0 1  0 1  2 0
   288  -.8001161444188833E-01   4   1 0  0 0  0 0  3 0
   289  -.8351115276065687       4   0 1  0 0  0 0  3 0
   290  -.3740107281556917E-05   4   0 0  1 0  0 0  3 0
   291  -.2933154831976417E-04   4   0 0  0 1  0 0  3 0
   292  0.1976958532247759       4   1 0  0 0  0 2  0 1
   293   1.181392721266983       4   0 1  0 0  0 2  0 1
   294  0.4774333695615001E-05   4   0 0  1 0  0 2  0 1
   295  0.3718412616464609E-04   4   0 0  0 1  0 2  0 1
   296  0.1406272258587480       4   1 0  0 0  0 1  1 1
   297  0.9388523684466333       4   0 1  0 0  0 1  1 1
   298  0.2756210538416760E-05   4   0 0  1 0  0 1  1 1
   299  0.2847682717591057E-04   4   0 0  0 1  0 1  1 1
   300  0.1973351787160716       4   1 0  0 0  0 0  2 1
   301   1.179171126984369       4   0 1  0 0  0 0  2 1
   302  0.4766054033210453E-05   4   0 0  1 0  0 0  2 1
   303  0.3711492413410726E-04   4   0 0  0 1  0 0  2 1
   304  -.1405277469041682       4   1 0  0 0  0 1  0 2
   305  -.2262243333557433       4   0 1  0 0  0 1  0 2
   306  -.8189174079510681E-06   4   0 0  1 0  0 1  0 2
   307  -.3147268270739859E-05   4   0 0  0 1  0 1  0 2
   308  -.1403386312852266       4   1 0  0 0  0 0  1 2
   309  -.2259198913094955       4   0 1  0 0  0 0  1 2
   310  -.8178153474976427E-06   4   0 0  1 0  0 0  1 2
   311  -.3143032825426669E-05   4   0 0  0 1  0 0  1 2
   312  0.8713417092638388E-02   4   1 0  0 0  0 0  0 3
   313  0.7094091407739283E-02   4   0 1  0 0  0 0  0 3
   314  0.5610880638686775E-06   4   0 0  1 0  0 0  0 3
   315  0.4595915311818464E-06   4   0 0  0 1  0 0  0 3
   316  -.3055264114404325E-04   4   0 0  0 0  0 4  0 0
   317  -.1932284249996425E-04   4   0 0  0 0  0 3  1 0
   318  -.1783564239021326E-04   4   0 0  0 0  0 2  2 0
   319  -.1935494080923472E-04   4   0 0  0 0  0 1  3 0
   320  -.3045745993149039E-04   4   0 0  0 0  0 0  4 0
   321  0.3728542794427894E-04   4   0 0  0 0  0 3  0 1
   322  0.2587805535290586E-04   4   0 0  0 0  0 2  1 1
   323  0.2590098132083378E-04   4   0 0  0 0  0 1  2 1
   324  0.3719277323171065E-04   4   0 0  0 0  0 0  3 1
   325  -.2737665822391937E-05   4   0 0  0 0  0 2  0 2
   326  -.3311654958354413E-05   4   0 0  0 0  0 1  1 2
   327  -.2731753266164810E-05   4   0 0  0 0  0 0  2 2
   328  0.2298915823545729E-07   4   0 0  0 0  0 1  0 3
   329  0.2295822050974553E-07   4   0 0  0 0  0 0  1 3
   330  0.8351505517922445E-13   4   0 0  0 0  0 0  0 4
   ----------------------------------------------------
     I  COEFFICIENT            ORDER EXPONENTS
     1  0.7669960142592718E-05   0   0 0  0 0  0 0  0 0
     2  0.1509562522851319E-04   1   1 0  0 0  0 0  0 0
     3  0.1334520930171872E-04   1   0 1  0 0  0 0  0 0
     4  0.5539181746481884       1   0 0  1 0  0 0  0 0
     5  0.7460508895069166       1   0 0  0 1  0 0  0 0
     6  -.1788223673576392E-04   1   0 0  0 0  0 1  0 0
     7  -.1785817166432556E-04   1   0 0  0 0  0 0  1 0
     8  0.3574040840018641E-04   1   0 0  0 0  0 0  0 1
     9  0.3493645414282652E-03   2   2 0  0 0  0 0  0 0
    10  0.6695669920733879E-03   2   1 1  0 0  0 0  0 0
    11  0.3554946022228765E-03   2   0 2  0 0  0 0  0 0
    12  0.1911053530749322       2   1 0  1 0  0 0  0 0
    13  0.1702793523221268       2   0 1  1 0  0 0  0 0
    14  0.5405295565923997E-05   2   0 0  2 0  0 0  0 0
    15  0.1739611747316739       2   1 0  0 1  0 0  0 0
    16  0.1560167713397242       2   0 1  0 1  0 0  0 0
    17  0.5096332984751492E-04   2   0 0  1 1  0 0  0 0
    18  0.8171182369120645E-04   2   0 0  0 2  0 0  0 0
    19  -.8089937282424630E-05   2   1 0  0 0  0 1  0 0
    20  -.1387466003797997E-04   2   0 1  0 0  0 1  0 0
    21  0.2074504342801109       2   0 0  1 0  0 1  0 0
    22  -.1866223474691093       2   0 0  0 1  0 1  0 0
    23  -.8079050226095488E-05   2   1 0  0 0  0 0  1 0
    24  -.1385598817439095E-04   2   0 1  0 0  0 0  1 0
    25  0.2071712572624572       2   0 0  1 0  0 0  1 0
    26  -.1863711999090920       2   0 0  0 1  0 0  1 0
    27  0.1616896454042469E-04   2   1 0  0 0  0 0  0 1
    28  0.1438541627471605E-04   2   0 1  0 0  0 0  0 1
    29  -.4146216915607011       2   0 0  1 0  0 0  0 1
    30  -.3730573421471303       2   0 0  0 1  0 0  0 1
    31  0.1280585930044015E-04   2   0 0  0 0  0 2  0 0
    32  0.7743116035101356E-05   2   0 0  0 0  0 1  1 0
    33  0.1278341561812695E-04   2   0 0  0 0  0 0  2 0
    34  -.1547260587886204E-04   2   0 0  0 0  0 1  0 1
    35  -.1545178357506894E-04   2   0 0  0 0  0 0  1 1
    36  -.2408003201021908E-05   2   0 0  0 0  0 0  0 2
    37  -.3564196917944432E-02   3   3 0  0 0  0 0  0 0
    38  -.9631099190995380E-02   3   2 1  0 0  0 0  0 0
    39  -.8711423612959542E-02   3   1 2  0 0  0 0  0 0
    40  -.2630536399630976E-02   3   0 3  0 0  0 0  0 0
    41  -3.033207416606072       3   2 0  1 0  0 0  0 0
    42  -6.419521276882829       3   1 1  1 0  0 0  0 0
    43  -3.721175622367983       3   0 2  1 0  0 0  0 0
    44  0.7592483210728171E-02   3   1 0  2 0  0 0  0 0
    45  0.6727755220694407E-02   3   0 1  2 0  0 0  0 0
    46  -.5124792735809823       3   0 0  3 0  0 0  0 0
    47  -3.534576959866635       3   2 0  0 1  0 0  0 0
    48  -6.881537919466091       3   1 1  0 1  0 0  0 0
    49  -3.329138791153420       3   0 2  0 1  0 0  0 0
    50  0.1375771942594593E-01   3   1 0  1 1  0 0  0 0
    51  0.1227283160266745E-01   3   0 1  1 1  0 0  0 0
    52  -1.343929238161799       3   0 0  2 1  0 0  0 0
    53  0.6310985136077913E-02   3   1 0  0 2  0 0  0 0
    54  0.5675062795264174E-02   3   0 1  0 2  0 0  0 0
    55  -1.629762694364441       3   0 0  1 2  0 0  0 0
    56  -.3864526497643733       3   0 0  0 3  0 0  0 0
    57  -.3284791417367298E-03   3   2 0  0 0  0 1  0 0
    58  -.9882862238888535E-03   3   1 1  0 0  0 1  0 0
    59  -.6923591212678760E-03   3   0 2  0 0  0 1  0 0
    60  -.8795617650433302E-01   3   1 0  1 0  0 1  0 0
    61  -.1630050442877055       3   0 1  1 0  0 1  0 0
    62  -.1238716216491495E-03   3   0 0  2 0  0 1  0 0
    63  -.1685064339570116       3   1 0  0 1  0 1  0 0
    64  -.2286766597462745       3   0 1  0 1  0 1  0 0
    65  -.1862775982325107E-03   3   0 0  1 1  0 1  0 0
    66  -.1430559305726280E-03   3   0 0  0 2  0 1  0 0
    67  -.3280370899884665E-03   3   2 0  0 0  0 0  1 0
    68  -.9869562348650605E-03   3   1 1  0 0  0 0  1 0
    69  -.6914273769922288E-03   3   0 2  0 0  0 0  1 0
    70  -.8783780922722431E-01   3   1 0  1 0  0 0  1 0
    71  -.1627856797812645       3   0 1  1 0  0 0  1 0
    72  -.1237049210586014E-03   3   0 0  2 0  0 0  1 0
    73  -.1682796659396252       3   1 0  0 1  0 0  1 0
    74  -.2283689174747456       3   0 1  0 1  0 0  1 0
    75  -.1860269146197683E-03   3   0 0  1 1  0 0  1 0
    76  -.1428634126432559E-03   3   0 0  0 2  0 0  1 0
    77  0.6561255824844459E-03   3   2 0  0 0  0 0  0 1
    78  0.1304863175476417E-02   3   1 1  0 0  0 0  0 1
    79  0.6723728920589441E-03   3   0 2  0 0  0 0  0 1
    80  0.1757942761646333       3   1 0  1 0  0 0  0 1
    81  0.1555116046752262       3   0 1  1 0  0 0  0 1
    82  0.2478030337610961E-03   3   0 0  2 0  0 0  0 1
    83  0.1628251572705583       3   1 0  0 1  0 0  0 1
    84  0.1450122189286061       3   0 1  0 1  0 0  0 1
    85  0.3218096786481661E-03   3   0 0  1 1  0 0  0 1
    86  0.1227387465043976E-03   3   0 0  0 2  0 0  0 1
    87  0.6340936099352260E-05   3   1 0  0 0  0 2  0 0
    88  0.1425032724852729E-04   3   0 1  0 0  0 2  0 0
    89  -.1478937518374345       3   0 0  1 0  0 2  0 0
    90  0.5296699813571325E-01   3   0 0  0 1  0 2  0 0
    91  0.4626601942679555E-05   3   1 0  0 0  0 1  1 0
    92  0.1466729339356254E-04   3   0 1  0 0  0 1  1 0
    93  -.8849706046787038E-01   3   0 0  1 0  0 1  1 0
    94  -.8032900471453103E-01   3   0 0  0 1  0 1  1 0
    95  0.6329289634962691E-05   3   1 0  0 0  0 0  2 0
    96  0.1422128055358500E-04   3   0 1  0 0  0 0  2 0
    97  -.1476351758095750       3   0 0  1 0  0 0  2 0
    98  0.5294976914025529E-01   3   0 0  0 1  0 0  2 0
    99  -.9283572107416108E-05   3   1 0  0 0  0 1  0 1
   100  -.1551356082542155E-04   3   0 1  0 0  0 1  0 1
   101  0.1768343273567641       3   0 0  1 0  0 1  0 1
   102  0.3476398225892082       3   0 0  0 1  0 1  0 1
   103  -.9271078713593552E-05   3   1 0  0 0  0 0  1 1
   104  -.1549268340639150E-04   3   0 1  0 0  0 0  1 1
   105  0.1765963520529206       3   0 0  1 0  0 0  1 1
   106  0.3471719852996652       3   0 0  0 1  0 0  1 1
   107  0.1238108938081139E-05   3   1 0  0 0  0 0  0 2
   108  0.1188783257189921E-05   3   0 1  0 0  0 0  0 2
   109  0.3059544830215359E-01   3   0 0  1 0  0 0  0 2
   110  0.2565136819956535E-01   3   0 0  0 1  0 0  0 2
   111  -.1027770703393066E-04   3   0 0  0 0  0 3  0 0
   112  -.5224146919794603E-05   3   0 0  0 0  0 2  1 0
   113  -.5234320264173974E-05   3   0 0  0 0  0 1  2 0
   114  -.1025344969106154E-04   3   0 0  0 0  0 0  3 0
   115  0.1044446484959946E-04   3   0 0  0 0  0 2  0 1
   116  0.5429576217052405E-05   3   0 0  0 0  0 1  1 1
   117  0.1042675574714253E-04   3   0 0  0 0  0 0  2 1
   118  0.2313788965933682E-05   3   0 0  0 0  0 1  0 2
   119  0.2310675177788436E-05   3   0 0  0 0  0 0  1 2
   120  0.6389224016418205E-07   3   0 0  0 0  0 0  0 3
   121  -.1448202168278265E-02   4   4 0  0 0  0 0  0 0
   122  -.4844072665899622E-02   4   3 1  0 0  0 0  0 0
   123  -.5949588285879329E-02   4   2 2  0 0  0 0  0 0
   124  -.2817597320762944E-02   4   1 3  0 0  0 0  0 0
   125  -.2636547590503258E-03   4   0 4  0 0  0 0  0 0
   126   41.47626380278952       4   3 0  1 0  0 0  0 0
   127   112.9314834638340       4   2 1  1 0  0 0  0 0
   128   103.1230497041164       4   1 2  1 0  0 0  0 0
   129   31.65729385443994       4   0 3  1 0  0 0  0 0
   130  0.8725996849813213E-02   4   2 0  2 0  0 0  0 0
   131  0.1631302928934868E-01   4   1 1  2 0  0 0  0 0
   132  0.7942328046466550E-02   4   0 2  2 0  0 0  0 0
   133  -29.77712412563285       4   1 0  3 0  0 0  0 0
   134  -26.20191232419810       4   0 1  3 0  0 0  0 0
   135  -.8458329747204573E-03   4   0 0  4 0  0 0  0 0
   136   38.33249613531649       4   3 0  0 1  0 0  0 0
   137   104.9594818362025       4   2 1  0 1  0 0  0 0
   138   96.46264995477162       4   1 2  0 1  0 0  0 0
   139   29.82313720799690       4   0 3  0 1  0 0  0 0
   140  0.1488591074469510E-01   4   2 0  1 1  0 0  0 0
   141  0.2781787647083033E-01   4   1 1  1 1  0 0  0 0
   142  0.1325579880851797E-01   4   0 2  1 1  0 0  0 0
   143  -80.99140336303515       4   1 0  2 1  0 0  0 0
   144  -71.74038898180410       4   0 1  2 1  0 0  0 0
   145  -.3567480528268889E-02   4   0 0  3 1  0 0  0 0
   146  0.6506941282884673E-02   4   2 0  0 2  0 0  0 0
   147  0.1257425543939098E-01   4   1 1  0 2  0 0  0 0
   148  0.6149821336538720E-02   4   0 2  0 2  0 0  0 0
   149  -73.79379672354634       4   1 0  1 2  0 0  0 0
   150  -65.71429333087124       4   0 1  1 2  0 0  0 0
   151  -.5228868393037382E-02   4   0 0  2 2  0 0  0 0
   152  -22.43500896102224       4   1 0  0 3  0 0  0 0
   153  -20.05906718088510       4   0 1  0 3  0 0  0 0
   154  -.3373858599429386E-02   4   0 0  1 3  0 0  0 0
   155  -.7784290028852297E-03   4   0 0  0 4  0 0  0 0
   156  0.4253633511096049E-03   4   3 0  0 0  0 1  0 0
   157  0.5310571284540527E-02   4   2 1  0 0  0 1  0 0
   158  0.8499292759180814E-02   4   1 2  0 0  0 1  0 0
   159  0.3656016642249351E-02   4   0 3  0 0  0 1  0 0
   160   3.454590519150817       4   2 0  1 0  0 1  0 0
   161   10.32971364860190       4   1 1  1 0  0 1  0 0
   162   7.493163340874315       4   0 2  1 0  0 1  0 0
   163  -.7440620540560673E-03   4   1 0  2 0  0 1  0 0
   164  -.3694733992269081E-02   4   0 1  2 0  0 1  0 0
   165  0.7189044228492766       4   0 0  3 0  0 1  0 0
   166   5.172397611973071       4   2 0  0 1  0 1  0 0
   167   13.69543765036133       4   1 1  0 1  0 1  0 0
   168   8.613835819667779       4   0 2  0 1  0 1  0 0
   169  -.7370261490773656E-02   4   1 0  1 1  0 1  0 0
   170  -.1203798168630602E-01   4   0 1  1 1  0 1  0 0
   171   2.145623754426834       4   0 0  2 1  0 1  0 0
   172  -.6139168314205669E-02   4   1 0  0 2  0 1  0 0
   173  -.8021522643113276E-02   4   0 1  0 2  0 1  0 0
   174   2.722520733389997       4   0 0  1 2  0 1  0 0
   175  0.9919363868833666       4   0 0  0 3  0 1  0 0
   176  0.4247909171583611E-03   4   3 0  0 0  0 0  1 0
   177  0.5303424567984345E-02   4   2 1  0 0  0 0  1 0
   178  0.8487854811543292E-02   4   1 2  0 0  0 0  1 0
   179  0.3651096547354308E-02   4   0 3  0 0  0 0  1 0
   180   3.449941494039356       4   2 0  1 0  0 0  1 0
   181   10.31581240679616       4   1 1  1 0  0 0  1 0
   182   7.483079394790719       4   0 2  1 0  0 0  1 0
   183  -.7430607304101491E-03   4   1 0  2 0  0 0  1 0
   184  -.3689761793389066E-02   4   0 1  2 0  0 0  1 0
   185  0.7179369551577973       4   0 0  3 0  0 0  1 0
   186   5.165436843033537       4   2 0  0 1  0 0  1 0
   187   13.67700697581509       4   1 1  0 1  0 0  1 0
   188   8.602243725377688       4   0 2  0 1  0 0  1 0
   189  -.7360342940207761E-02   4   1 0  1 1  0 0  1 0
   190  -.1202178153788302E-01   4   0 1  1 1  0 0  1 0
   191   2.142736275097868       4   0 0  2 1  0 0  1 0
   192  -.6130906510817392E-02   4   1 0  0 2  0 0  1 0
   193  -.8010727655981443E-02   4   0 1  0 2  0 0  1 0
   194   2.718856893294957       4   0 0  1 2  0 0  1 0
   195  0.9906014856422407       4   0 0  0 3  0 0  1 0
   196  0.2304125325483396E-03   4   3 0  0 0  0 0  0 1
   197  0.7996376754746707E-03   4   2 1  0 0  0 0  0 1
   198  0.8987188979432967E-03   4   1 2  0 0  0 0  0 1
   199  0.3372699505185189E-03   4   0 3  0 0  0 0  0 1
   200  -6.900843053532093       4   2 0  1 0  0 0  0 1
   201  -14.21841017314878       4   1 1  1 0  0 0  0 1
   202  -7.529957868645244       4   0 2  1 0  0 0  0 1
   203  -.5518551526920299E-03   4   1 0  2 0  0 0  0 1
   204  -.5163957754738586E-03   4   0 1  2 0  0 0  0 1
   205  -1.437583958062384       4   0 0  3 0  0 0  0 1
   206  -6.799343683178328       4   2 0  0 1  0 0  0 1
   207  -13.60124557201944       4   1 1  0 1  0 0  0 1
   208  -7.224425740730332       4   0 2  0 1  0 0  0 1
   209  -.1136994389232339E-02   4   1 0  1 1  0 0  0 1
   210  -.1067008477505068E-02   4   0 1  1 1  0 0  0 1
   211  -2.946717224586783       4   0 0  2 1  0 0  0 1
   212  -.5341001880350488E-03   4   1 0  0 2  0 0  0 1
   213  -.4955390756429850E-03   4   0 1  0 2  0 0  0 1
   214  -2.184213495551036       4   0 0  1 2  0 0  0 1
   215  -.8239958507460147       4   0 0  0 3  0 0  0 1
   216  0.4005068691323965E-04   4   2 0  0 0  0 2  0 0
   217  0.6233324417558237E-03   4   1 1  0 0  0 2  0 0
   218  0.6850917004415542E-03   4   0 2  0 0  0 2  0 0
   219  0.6227262789765039E-01   4   1 0  1 0  0 2  0 0
   220  0.1579905687194567       4   0 1  1 0  0 2  0 0
   221  0.1326470648127047E-03   4   0 0  2 0  0 2  0 0
   222  0.1645195054988617       4   1 0  0 1  0 2  0 0
   223  0.2808050472850087       4   0 1  0 1  0 2  0 0
   224  0.1447776077205214E-03   4   0 0  1 1  0 2  0 0
   225  0.1009620532542524E-03   4   0 0  0 2  0 2  0 0
   226  0.5680618570517155E-04   4   2 0  0 0  0 1  1 0
   227  0.8734510717216083E-03   4   1 1  0 0  0 1  1 0
   228  0.1003902814821540E-02   4   0 2  0 0  0 1  1 0
   229  0.3632638167732768E-01   4   1 0  1 0  0 1  1 0
   230  0.1523870455763870       4   0 1  1 0  0 1  1 0
   231  0.1905624006632253E-03   4   0 0  2 0  0 1  1 0
   232  0.1602333093858286       4   1 0  0 1  0 1  1 0
   233  0.3323293079476900       4   0 1  0 1  0 1  1 0
   234  0.3177730515725288E-03   4   0 0  1 1  0 1  1 0
   235  0.1952693282726254E-03   4   0 0  0 2  0 1  1 0
   236  0.3995856504254681E-04   4   2 0  0 0  0 0  2 0
   237  0.6219058656883830E-03   4   1 1  0 0  0 0  2 0
   238  0.6834942337704132E-03   4   0 2  0 0  0 0  2 0
   239  0.6216438116360372E-01   4   1 0  1 0  0 0  2 0
   240  0.1576754148058194       4   0 1  1 0  0 0  2 0
   241  0.1323403296953627E-03   4   0 0  2 0  0 0  2 0
   242  0.1641902856837783       4   1 0  0 1  0 0  2 0
   243  0.2802035365260065       4   0 1  0 1  0 0  2 0
   244  0.1443689508408326E-03   4   0 0  1 1  0 0  2 0
   245  0.1006947911515987E-03   4   0 0  0 2  0 0  2 0
   246  -.1962644964667328E-03   4   2 0  0 0  0 1  0 1
   247  -.9982193004677545E-03   4   1 1  0 0  0 1  0 1
   248  -.7993214062724605E-03   4   0 2  0 0  0 1  0 1
   249  -.7229785092618055E-01   4   1 0  1 0  0 1  0 1
   250  -.1408876767508424       4   0 1  1 0  0 1  0 1
   251  -.3749052257490509E-03   4   0 0  2 0  0 1  0 1
   252  -.1516075737891003       4   1 0  0 1  0 1  0 1
   253  -.2068472203421682       4   0 1  0 1  0 1  0 1
   254  -.6688033634641752E-03   4   0 0  1 1  0 1  0 1
   255  -.2417276176188232E-03   4   0 0  0 2  0 1  0 1
   256  -.1960003729570132E-03   4   2 0  0 0  0 0  1 1
   257  -.9968759439776312E-03   4   1 1  0 0  0 0  1 1
   258  -.7982457171946120E-03   4   0 2  0 0  0 0  1 1
   259  -.7220055588568368E-01   4   1 0  1 0  0 0  1 1
   260  -.1406980767552773       4   0 1  1 0  0 0  1 1
   261  -.3744006959649092E-03   4   0 0  2 0  0 0  1 1
   262  -.1514035474613122       4   1 0  0 1  0 0  1 1
   263  -.2065688551014034       4   0 1  0 1  0 0  1 1
   264  -.6679033194172358E-03   4   0 0  1 1  0 0  1 1
   265  -.2414023119832598E-03   4   0 0  0 2  0 0  1 1
   266  0.1130763301036055E-03   4   2 0  0 0  0 0  0 2
   267  0.2440856104026610E-03   4   1 1  0 0  0 0  0 2
   268  0.1276806231384487E-03   4   0 2  0 0  0 0  0 2
   269  -.1610383974585127E-01   4   1 0  1 0  0 0  0 2
   270  -.1540777900451670E-01   4   0 1  1 0  0 0  0 2
   271  0.2554406072111791E-03   4   0 0  2 0  0 0  0 2
   272  -.1177857262920580E-01   4   1 0  0 1  0 0  0 2
   273  -.1152580587487969E-01   4   0 1  0 1  0 0  0 2
   274  0.4162267652784699E-03   4   0 0  1 1  0 0  0 2
   275  0.1622534204699623E-03   4   0 0  0 2  0 0  0 2
   276  -.9310388826545340E-05   4   1 0  0 0  0 3  0 0
   277  -.1883598024944191E-04   4   0 1  0 0  0 3  0 0
   278  0.1182447401562956       4   0 0  1 0  0 3  0 0
   279  0.1069239316264864E-01   4   0 0  0 1  0 3  0 0
   280  -.6512525531283759E-05   4   1 0  0 0  0 2  1 0
   281  -.1861381899735618E-04   4   0 1  0 0  0 2  1 0
   282  0.5898102973898771E-01   4   0 0  1 0  0 2  1 0
   283  0.1379271985502802       4   0 0  0 1  0 2  1 0
   284  -.6518148087749292E-05   4   1 0  0 0  0 1  2 0
   285  -.1861421628920134E-04   4   0 1  0 0  0 1  2 0
   286  0.5910033998085890E-01   4   0 0  1 0  0 1  2 0
   287  0.1376703295964966       4   0 0  0 1  0 1  2 0
   288  -.9287218386431830E-05   4   1 0  0 0  0 0  3 0
   289  -.1878544946573696E-04   4   0 1  0 0  0 0  3 0
   290  0.1179664144662082       4   0 0  1 0  0 0  3 0
   291  0.1057812613229234E-01   4   0 0  0 1  0 0  3 0
   292  0.1149156303062003E-04   4   1 0  0 0  0 2  0 1
   293  0.2048741356119117E-04   4   0 1  0 0  0 2  0 1
   294  -.1179194752214291       4   0 0  1 0  0 2  0 1
   295  -.3288949419338790       4   0 0  0 1  0 2  0 1
   296  0.8849695264074853E-05   4   1 0  0 0  0 1  1 1
   297  0.2052320376894212E-04   4   0 1  0 0  0 1  1 1
   298  -.5916070138004541E-01   4   0 0  1 0  0 1  1 1
   299  -.3101973926713923       4   0 0  0 1  0 1  1 1
   300  0.1147014347532999E-04   4   1 0  0 0  0 0  2 1
   301  0.2044603298539628E-04   4   0 1  0 0  0 0  2 1
   302  -.1177209769071436       4   0 0  1 0  0 0  2 1
   303  -.3282436061053260       4   0 0  0 1  0 0  2 1
   304  -.7048292692788900E-06   4   1 0  0 0  0 1  0 2
   305  -.1128561340605353E-05   4   0 1  0 0  0 1  0 2
   306  -.2933782236755545E-01   4   0 0  1 0  0 1  0 2
   307  -.3747028202928292E-01   4   0 0  0 1  0 1  0 2
   308  -.7038807432657361E-06   4   1 0  0 0  0 0  1 2
   309  -.1127042575940410E-05   4   0 1  0 0  0 0  1 2
   310  -.2929834090885698E-01   4   0 0  1 0  0 0  1 2
   311  -.3741985628964124E-01   4   0 0  0 1  0 0  1 2
   312  0.6198096950209720E-07   4   1 0  0 0  0 0  0 3
   313  0.5005538718132129E-07   4   0 1  0 0  0 0  0 3
   314  -.8520899925798427E-03   4   0 0  1 0  0 0  0 3
   315  -.6884550721094200E-03   4   0 0  0 1  0 0  0 3
   316  0.9887408275045633E-05   4   0 0  0 0  0 4  0 0
   317  0.4121703658028051E-05   4   0 0  0 0  0 3  1 0
   318  0.3363983441903630E-05   4   0 0  0 0  0 2  2 0
   319  0.4138202243770941E-05   4   0 0  0 0  0 1  3 0
   320  0.9858037083618102E-05   4   0 0  0 0  0 0  4 0
   321  -.1295452574241289E-05   4   0 0  0 0  0 3  0 1
   322  0.1177557015707604E-05   4   0 0  0 0  0 2  1 1
   323  0.1172568445267343E-05   4   0 0  0 0  0 1  2 1
   324  -.1293628821347084E-05   4   0 0  0 0  0 0  3 1
   325  -.8560031526703418E-06   4   0 0  0 0  0 2  0 2
   326  -.9911273295835319E-06   4   0 0  0 0  0 1  1 2
   327  -.8541842777445387E-06   4   0 0  0 0  0 0  2 2
   328  -.2705361945071191E-07   4   0 0  0 0  0 1  0 3
   329  -.2701721196464808E-07   4   0 0  0 0  0 0  1 3
   330  -.5113472715007530E-13   4   0 0  0 0  0 0  0 4
   ----------------------------------------------------
     I  COEFFICIENT            ORDER EXPONENTS
     1  0.1758945357795377E-03   0   0 0  0 0  0 0  0 0
     2  0.6829136189460814E-04   1   1 0  0 0  0 0  0 0
     3  0.6317901683086781E-04   1   0 1  0 0  0 0  0 0
     4  -1.947680809141989       1   0 0  1 0  0 0  0 0
     5  -.8179348880564038       1   0 0  0 1  0 0  0 0
     6  0.8586323116912054E-05   1   0 0  0 0  0 1  0 0
     7  0.8574768047920649E-05   1   0 0  0 0  0 0  1 0
     8  0.1587334446133820E-03   1   0 0  0 0  0 0  0 1
     9  0.1070059490256024E-02   2   2 0  0 0  0 0  0 0
    10  0.1899417638401568E-02   2   1 1  0 0  0 0  0 0
    11  0.9070749382960611E-03   2   0 2  0 0  0 0  0 0
    12  0.8256203260850382       2   1 0  1 0  0 0  0 0
    13  0.7567788099217839       2   0 1  1 0  0 0  0 0
    14  0.6888077965998658E-03   2   0 0  2 0  0 0  0 0
    15  0.7825084894775329       2   1 0  0 1  0 0  0 0
    16  0.7221320375164352       2   0 1  0 1  0 0  0 0
    17  0.1690686884899447E-02   2   0 0  1 1  0 0  0 0
    18  0.8881561203074328E-03   2   0 0  0 2  0 0  0 0
    19  -.4197597491317166E-05   2   1 0  0 0  0 1  0 0
    20  -.3568725108491284E-04   2   0 1  0 0  0 1  0 0
    21  -.1069076846897223       2   0 0  1 0  0 1  0 0
    22  0.8185381162651737       2   0 0  0 1  0 1  0 0
    23  -.4191948562439252E-05   2   1 0  0 0  0 0  1 0
    24  -.3563922486428466E-04   2   0 1  0 0  0 0  1 0
    25  -.1067638133660514       2   0 0  1 0  0 0  1 0
    26  0.8174365662446689       2   0 0  0 1  0 0  1 0
    27  0.7668072888275990E-04   2   1 0  0 0  0 0  0 1
    28  0.7132630009060131E-04   2   0 1  0 0  0 0  0 1
    29  -1.734009311175233       2   0 0  1 0  0 0  0 1
    30  -1.635974682606911       2   0 0  0 1  0 0  0 1
    31  -.6291908451705610E-05   2   0 0  0 0  0 2  0 0
    32  -.4003637366441033E-05   2   0 0  0 0  0 1  1 0
    33  -.6280747144593434E-05   2   0 0  0 0  0 0  2 0
    34  0.1658741087240643E-04   2   0 0  0 0  0 1  0 1
    35  0.1656508831659192E-04   2   0 0  0 0  0 0  1 1
    36  -.1657623319270842E-04   2   0 0  0 0  0 0  0 2
    37  -.1751923957170646E-01   3   3 0  0 0  0 0  0 0
    38  -.4918836622396911E-01   3   2 1  0 0  0 0  0 0
    39  -.4623836750733491E-01   3   1 2  0 0  0 0  0 0
    40  -.1451711979654284E-01   3   0 3  0 0  0 0  0 0
    41  -17.33963492277481       3   2 0  1 0  0 0  0 0
    42  -33.56887304029871       3   1 1  1 0  0 0  0 0
    43  -16.93448048803167       3   0 2  1 0  0 0  0 0
    44  0.3200873462809475E-01   3   1 0  2 0  0 0  0 0
    45  0.2909397020997325E-01   3   0 1  2 0  0 0  0 0
    46  -2.788638644841686       3   0 0  3 0  0 0  0 0
    47  -15.41546020827846       3   2 0  0 1  0 0  0 0
    48  -30.51458769599728       3   1 1  0 1  0 0  0 0
    49  -16.60616546829734       3   0 2  0 1  0 0  0 0
    50  0.6020702500581217E-01   3   1 0  1 1  0 0  0 0
    51  0.5504268082034058E-01   3   0 1  1 1  0 0  0 0
    52  -8.819744035661641       3   0 0  2 1  0 0  0 0
    53  0.2860087005398824E-01   3   1 0  0 2  0 0  0 0
    54  0.2633275502869688E-01   3   0 1  0 2  0 0  0 0
    55  -8.139769089990716       3   0 0  1 2  0 0  0 0
    56  -3.099856757959508       3   0 0  0 3  0 0  0 0
    57  -.6387071835862602E-03   3   2 0  0 0  0 1  0 0
    58  -.2190437062951667E-02   3   1 1  0 0  0 1  0 0
    59  -.1494030244237738E-02   3   0 2  0 0  0 1  0 0
    60  0.5466894734708723E-01   3   1 0  1 0  0 1  0 0
    61  -.3256291297261965       3   0 1  1 0  0 1  0 0
    62  -.9277035220336297E-04   3   0 0  2 0  0 1  0 0
    63  -.3509469935941429       3   1 0  0 1  0 1  0 0
    64  -.6823616880825587       3   0 1  0 1  0 1  0 0
    65  -.1082095587500259E-02   3   0 0  1 1  0 1  0 0
    66  -.1032897401312391E-02   3   0 0  0 2  0 1  0 0
    67  -.6378476415598184E-03   3   2 0  0 0  0 0  1 0
    68  -.2187489275984071E-02   3   1 1  0 0  0 0  1 0
    69  -.1492019648746251E-02   3   0 2  0 0  0 0  1 0
    70  0.5459537645420584E-01   3   1 0  1 0  0 0  1 0
    71  -.3251909133897798       3   0 1  1 0  0 0  1 0
    72  -.9264550623548220E-04   3   0 0  2 0  0 0  1 0
    73  -.3504747056697227       3   1 0  0 1  0 0  1 0
    74  -.6814433978813290       3   0 1  0 1  0 0  1 0
    75  -.1080639354256000E-02   3   0 0  1 1  0 0  1 0
    76  -.1031507376668473E-02   3   0 0  0 2  0 0  1 0
    77  0.2344723126908174E-02   3   2 0  0 0  0 0  0 1
    78  0.4373845168649926E-02   3   1 1  0 0  0 0  0 1
    79  0.2076766735550126E-02   3   0 2  0 0  0 0  0 1
    80  0.7163590600661810       3   1 0  1 0  0 0  0 1
    81  0.6508226578197098       3   0 1  1 0  0 0  0 1
    82  0.8753318763719190E-03   3   0 0  2 0  0 0  0 1
    83  0.7014243598491241       3   1 0  0 1  0 0  0 1
    84  0.6416753211752581       3   0 1  0 1  0 0  0 1
    85  0.2165161582944046E-02   3   0 0  1 1  0 0  0 1
    86  0.1177590017305709E-02   3   0 0  0 2  0 0  0 1
    87  0.3215278892271352E-05   3   1 0  0 0  0 2  0 0
    88  0.2875055286182134E-04   3   0 1  0 0  0 2  0 0
    89  0.7823816887033133E-01   3   0 0  1 0  0 2  0 0
    90  -.5697868364056583       3   0 0  0 1  0 2  0 0
    91  0.2419686982318438E-05   3   1 0  0 0  0 1  1 0
    92  0.2207663746030496E-04   3   0 1  0 0  0 1  1 0
    93  0.4964547797392974E-01   3   0 0  1 0  0 1  1 0
    94  -.3217037668106066       3   0 0  0 1  0 1  1 0
    95  0.3209323771118137E-05   3   1 0  0 0  0 0  2 0
    96  0.2869700687364321E-04   3   0 1  0 0  0 0  2 0
    97  0.7809947435762933E-01   3   0 0  1 0  0 0  2 0
    98  -.5688035772503470       3   0 0  0 1  0 0  2 0
    99  -.9158178941425143E-05   3   1 0  0 0  0 1  0 1
   100  -.4439222291181031E-04   3   0 1  0 0  0 1  0 1
   101  -.2061215271999162       3   0 0  1 0  0 1  0 1
   102  0.6427397418948660       3   0 0  0 1  0 1  0 1
   103  -.9145854295815783E-05   3   1 0  0 0  0 0  1 1
   104  -.4433248195034864E-04   3   0 1  0 0  0 0  1 1
   105  -.2058441385627814       3   0 0  1 0  0 0  1 1
   106  0.6418747730414986       3   0 0  0 1  0 0  1 1
   107  0.9405665927218751E-05   3   1 0  0 0  0 0  0 2
   108  0.9004605843233747E-05   3   0 1  0 0  0 0  0 2
   109  0.2059826965689047       3   0 0  1 0  0 0  0 2
   110  0.1756799069372515       3   0 0  0 1  0 0  0 2
   111  0.5145470720032964E-05   3   0 0  0 0  0 3  0 0
   112  0.2857041846615852E-05   3   0 0  0 0  0 2  1 0
   113  0.2861647358144267E-05   3   0 0  0 0  0 1  2 0
   114  0.5133164079295737E-05   3   0 0  0 0  0 0  3 0
   115  -.1200524309846444E-04   3   0 0  0 0  0 2  0 1
   116  -.7436747405587882E-05   3   0 0  0 0  0 1  1 1
   117  -.1198408299600171E-04   3   0 0  0 0  0 0  2 1
   118  0.7431591270830778E-05   3   0 0  0 0  0 1  0 2
   119  0.7421590185537285E-05   3   0 0  0 0  0 0  1 2
   120  0.5746552746332163E-06   3   0 0  0 0  0 0  0 3
   121  -.6558942542471433E-02   4   4 0  0 0  0 0  0 0
   122  -.2405736640511212E-01   4   3 1  0 0  0 0  0 0
   123  -.3345054023043617E-01   4   2 2  0 0  0 0  0 0
   124  -.2013805538815291E-01   4   1 3  0 0  0 0  0 0
   125  -.4310846597140705E-02   4   0 4  0 0  0 0  0 0
   126   192.5541611053900       4   3 0  1 0  0 0  0 0
   127   536.5444945205581       4   2 1  1 0  0 0  0 0
   128   500.6979532530768       4   1 2  1 0  0 0  0 0
   129   156.8224204647073       4   0 3  1 0  0 0  0 0
   130  0.3934691269142161E-01   4   2 0  2 0  0 0  0 0
   131  0.7673497479442877E-01   4   1 1  2 0  0 0  0 0
   132  0.3710180790118785E-01   4   0 2  2 0  0 0  0 0
   133  -122.8992555071805       4   1 0  3 0  0 0  0 0
   134  -111.0426276561183       4   0 1  3 0  0 0  0 0
   135  -.6058883037558247E-02   4   0 0  4 0  0 0  0 0
   136   184.6940199500923       4   3 0  0 1  0 0  0 0
   137   518.1313438956804       4   2 1  0 1  0 0  0 0
   138   487.0682497216308       4   1 2  0 1  0 0  0 0
   139   153.7417335226181       4   0 3  0 1  0 0  0 0
   140  0.7987003205339338E-01   4   2 0  1 1  0 0  0 0
   141  0.1566697020054087       4   1 1  1 1  0 0  0 0
   142  0.7734351440659192E-01   4   0 2  1 1  0 0  0 0
   143  -343.4974660177560       4   1 0  2 1  0 0  0 0
   144  -312.9375417493732       4   0 1  2 1  0 0  0 0
   145  -.2078150614655765E-01   4   0 0  3 1  0 0  0 0
   146  0.3945038920900420E-01   4   2 0  0 2  0 0  0 0
   147  0.7837242044473412E-01   4   1 1  0 2  0 0  0 0
   148  0.3969254332855598E-01   4   0 2  0 2  0 0  0 0
   149  -323.2290423212082       4   1 0  1 2  0 0  0 0
   150  -296.5182172918944       4   0 1  1 2  0 0  0 0
   151  -.2676560786690260E-01   4   0 0  2 2  0 0  0 0
   152  -102.0110897417699       4   1 0  0 3  0 0  0 0
   153  -94.10065704422692       4   0 1  0 3  0 0  0 0
   154  -.1477082935305517E-01   4   0 0  1 3  0 0  0 0
   155  -.2610340435479253E-02   4   0 0  0 4  0 0  0 0
   156  -.2110721693284056E-02   4   3 0  0 0  0 1  0 0
   157  0.1482455070522781E-01   4   2 1  0 0  0 1  0 0
   158  0.3325229662803429E-01   4   1 2  0 0  0 1  0 0
   159  0.1642886859663174E-01   4   0 3  0 0  0 1  0 0
   160   9.532437443304509       4   2 0  1 0  0 1  0 0
   161   34.75405192761561       4   1 1  1 0  0 1  0 0
   162   25.23448733257565       4   0 2  1 0  0 1  0 0
   163  0.3697317397150669E-02   4   1 0  2 0  0 1  0 0
   164  -.9206980269742333E-02   4   0 1  2 0  0 1  0 0
   165  0.4723195575537615       4   0 0  3 0  0 1  0 0
   166   16.54703780548716       4   2 0  0 1  0 1  0 0
   167   47.49554161392867       4   1 1  0 1  0 1  0 0
   168   32.85176525522842       4   0 2  0 1  0 1  0 0
   169  -.1805589998064933E-01   4   1 0  1 1  0 1  0 0
   170  -.3983714830219687E-01   4   0 1  1 1  0 1  0 0
   171   6.206878551163994       4   0 0  2 1  0 1  0 0
   172  -.2023160803309765E-01   4   1 0  0 2  0 1  0 0
   173  -.2959624623564324E-01   4   0 1  0 2  0 1  0 0
   174   10.28387601781967       4   0 0  1 2  0 1  0 0
   175   5.425236243904258       4   0 0  0 3  0 1  0 0
   176  -.2107881183504102E-02   4   3 0  0 0  0 0  1 0
   177  0.1480460052354560E-01   4   2 1  0 0  0 0  1 0
   178  0.3320754725435873E-01   4   1 2  0 0  0 0  1 0
   179  0.1640675939954015E-01   4   0 3  0 0  0 0  1 0
   180   9.519609138241529       4   2 0  1 0  0 0  1 0
   181   34.70728156243323       4   1 1  1 0  0 0  1 0
   182   25.20052794878365       4   0 2  1 0  0 0  1 0
   183  0.3692341721646117E-02   4   1 0  2 0  0 0  1 0
   184  -.9194589949605269E-02   4   0 1  2 0  0 0  1 0
   185  0.4716839321528479       4   0 0  3 0  0 0  1 0
   186   16.52476958184343       4   2 0  0 1  0 0  1 0
   187   47.43162435241197       4   1 1  0 1  0 0  1 0
   188   32.80755489779798       4   0 2  0 1  0 0  1 0
   189  -.1803160120140046E-01   4   1 0  1 1  0 0  1 0
   190  -.3978353734547156E-01   4   0 1  1 1  0 0  1 0
   191   6.198525626529877       4   0 0  2 1  0 0  1 0
   192  -.2020438128848939E-01   4   1 0  0 2  0 0  1 0
   193  -.2955641700228209E-01   4   0 1  0 2  0 0  1 0
   194   10.27003646213717       4   0 0  1 2  0 0  1 0
   195   5.417935216649732       4   0 0  0 3  0 0  1 0
   196  0.9475970405771526E-03   4   3 0  0 0  0 0  0 1
   197  0.2686008941637455E-02   4   2 1  0 0  0 0  0 1
   198  0.2557887795585492E-02   4   1 2  0 0  0 0  0 1
   199  0.8575546186066345E-03   4   0 3  0 0  0 0  0 1
   200  -36.37550237451955       4   2 0  1 0  0 0  0 1
   201  -69.42661023172799       4   1 1  1 0  0 0  0 1
   202  -33.48181394707475       4   0 2  1 0  0 0  0 1
   203  -.2662632904280844E-02   4   1 0  2 0  0 0  0 1
   204  -.2490670442561314E-02   4   0 1  2 0  0 0  0 1
   205  -3.736084540829033       4   0 0  3 0  0 0  0 1
   206  -33.05318508764002       4   2 0  0 1  0 0  0 1
   207  -64.37242998683884       4   1 1  0 1  0 0  0 1
   208  -32.42527960672763       4   0 2  0 1  0 0  0 1
   209  -.5208984972484791E-02   4   1 0  1 1  0 0  0 1
   210  -.5021891764826383E-02   4   0 1  1 1  0 0  0 1
   211  -12.41648132174594       4   0 0  2 1  0 0  0 1
   212  -.2537402147103430E-02   4   1 0  0 2  0 0  0 1
   213  -.2471741585181150E-02   4   0 1  0 2  0 0  0 1
   214  -12.42622592104982       4   0 0  1 2  0 0  0 1
   215  -4.647899715004159       4   0 0  0 3  0 0  0 1
   216  -.3249920847497016E-03   4   2 0  0 0  0 2  0 0
   217  0.2741680104690390E-03   4   1 1  0 0  0 2  0 0
   218  0.6795058464832456E-03   4   0 2  0 0  0 2  0 0
   219  -.4108314666217926E-01   4   1 0  1 0  0 2  0 0
   220  0.2183810223039661       4   0 1  1 0  0 2  0 0
   221  -.1960563181137125E-03   4   0 0  2 0  0 2  0 0
   222  0.2433824910506193       4   1 0  0 1  0 2  0 0
   223  0.6536816351514967       4   0 1  0 1  0 2  0 0
   224  0.3429508586907675E-03   4   0 0  1 1  0 2  0 0
   225  0.8384249227734220E-03   4   0 0  0 2  0 2  0 0
   226  -.3423842090241997E-03   4   2 0  0 0  0 1  1 0
   227  0.5131910106111492E-03   4   1 1  0 0  0 1  1 0
   228  0.1138456342948424E-02   4   0 2  0 0  0 1  1 0
   229  -.2907603970271537E-01   4   1 0  1 0  0 1  1 0
   230  0.1094582193983041       4   0 1  1 0  0 1  1 0
   231  -.1686523285507115E-03   4   0 0  2 0  0 1  1 0
   232  0.1343006472366114       4   1 0  0 1  0 1  1 0
   233  0.6226978915925018       4   0 1  0 1  0 1  1 0
   234  0.2574863545667270E-03   4   0 0  1 1  0 1  1 0
   235  0.9493306123500564E-03   4   0 0  0 2  0 1  1 0
   236  -.3243243434521434E-03   4   2 0  0 0  0 0  2 0
   237  0.2734537339435287E-03   4   1 1  0 0  0 0  2 0
   238  0.6778253590926753E-03   4   0 2  0 0  0 0  2 0
   239  -.4100829431762093E-01   4   1 0  1 0  0 0  2 0
   240  0.2180134835595504       4   0 1  1 0  0 0  2 0
   241  -.1956789925828821E-03   4   0 0  2 0  0 0  2 0
   242  0.2429645906235419       4   1 0  0 1  0 0  2 0
   243  0.6523829424759722       4   0 1  0 1  0 0  2 0
   244  0.3423160750873211E-03   4   0 0  1 1  0 0  2 0
   245  0.8366578278271009E-03   4   0 0  0 2  0 0  2 0
   246  0.7497938225734136E-03   4   2 0  0 0  0 1  0 1
   247  -.1267326037747169E-03   4   1 1  0 0  0 1  0 1
   248  -.7363424954237199E-03   4   0 2  0 0  0 1  0 1
   249  0.1133233182898016       4   1 0  1 0  0 1  0 1
   250  -.2173078439475290       4   0 1  1 0  0 1  0 1
   251  0.3502054862094292E-03   4   0 0  2 0  0 1  0 1
   252  -.2671956813061374       4   1 0  0 1  0 1  0 1
   253  -.5605953932143785       4   0 1  0 1  0 1  0 1
   254  -.2378471791138173E-03   4   0 0  1 1  0 1  0 1
   255  -.7158627855074221E-03   4   0 0  0 2  0 1  0 1
   256  0.7487847853835509E-03   4   2 0  0 0  0 0  1 1
   257  -.1265620530092612E-03   4   1 1  0 0  0 0  1 1
   258  -.7353515603959974E-03   4   0 2  0 0  0 0  1 1
   259  0.1131708131087908       4   1 0  1 0  0 0  1 1
   260  -.2170154012925078       4   0 1  1 0  0 0  1 1
   261  0.3497341961707016E-03   4   0 0  2 0  0 0  1 1
   262  -.2668361019507307       4   1 0  0 1  0 0  1 1
   263  -.5598409703541359       4   0 1  0 1  0 0  1 1
   264  -.2375270955895135E-03   4   0 0  1 1  0 0  1 1
   265  -.7148994111081306E-03   4   0 0  0 2  0 0  1 1
   266  -.5075722207868595E-03   4   2 0  0 0  0 0  0 2
   267  -.9514529122897212E-03   4   1 1  0 0  0 0  0 2
   268  -.4427751572400213E-03   4   0 2  0 0  0 0  0 2
   269  -.1153251588297870       4   1 0  1 0  0 0  0 2
   270  -.1106589133271704       4   0 1  1 0  0 0  0 2
   271  -.1392078079926997E-03   4   0 0  2 0  0 0  0 2
   272  -.8617594216043696E-01   4   1 0  0 1  0 0  0 2
   273  -.8442464414766322E-01   4   0 1  0 1  0 0  0 2
   274  -.3174708454366708E-03   4   0 0  1 1  0 0  0 2
   275  -.1690231413345684E-03   4   0 0  0 2  0 0  0 2
   276  -.5507496348978090E-05   4   1 0  0 0  0 3  0 0
   277  -.3123401533439373E-04   4   0 1  0 0  0 3  0 0
   278  -.6392268030191250E-01   4   0 0  1 0  0 3  0 0
   279  0.4462791928457772       4   0 0  0 1  0 3  0 0
   280  -.3948215942693425E-05   4   1 0  0 0  0 2  1 0
   281  -.2304480451198602E-04   4   0 1  0 0  0 2  1 0
   282  -.3533185680613000E-01   4   0 0  1 0  0 2  1 0
   283  0.1994010030969974       4   0 0  0 1  0 2  1 0
   284  -.3951348590286535E-05   4   1 0  0 0  0 1  2 0
   285  -.2306125064342400E-04   4   0 1  0 0  0 1  2 0
   286  -.3538939742953121E-01   4   0 0  1 0  0 1  2 0
   287  0.1998981462947662       4   0 0  0 1  0 1  2 0
   288  -.5493725675887715E-05   4   1 0  0 0  0 0  3 0
   289  -.3115548003549344E-04   4   0 1  0 0  0 0  3 0
   290  -.6376990220395630E-01   4   0 0  1 0  0 0  3 0
   291  0.4452443294580462       4   0 0  0 1  0 0  3 0
   292  0.7889790569226574E-05   4   1 0  0 0  0 2  0 1
   293  0.4114341275419331E-04   4   0 1  0 0  0 2  0 1
   294  0.1488815712024857       4   0 0  1 0  0 2  0 1
   295  -.3986310034304266       4   0 0  0 1  0 2  0 1
   296  0.6497897379453467E-05   4   1 0  0 0  0 1  1 1
   297  0.3409147172178823E-04   4   0 1  0 0  0 1  1 1
   298  0.9180620178181458E-01   4   0 0  1 0  0 1  1 1
   299  -.1551647983943483       4   0 0  0 1  0 1  1 1
   300  0.7874800578793730E-05   4   1 0  0 0  0 0  2 1
   301  0.4106510454039343E-04   4   0 1  0 0  0 0  2 1
   302  0.1486194391706669       4   0 0  1 0  0 0  2 1
   303  -.3979901378763303       4   0 0  0 1  0 0  2 1
   304  -.1978723401206616E-05   4   1 0  0 0  0 1  0 2
   305  -.5338188258570276E-05   4   0 1  0 0  0 1  0 2
   306  -.9173337016158470E-01   4   0 0  1 0  0 1  0 2
   307  -.1665418446650977       4   0 0  0 1  0 1  0 2
   308  -.1976060528507229E-05   4   1 0  0 0  0 0  1 2
   309  -.5331004376391945E-05   4   0 1  0 0  0 0  1 2
   310  -.9160991971526558E-01   4   0 0  1 0  0 0  1 2
   311  -.1663177204993929       4   0 0  0 1  0 0  1 2
   312  0.5391674941241097E-06   4   1 0  0 0  0 0  0 3
   313  0.4398108870471547E-06   4   0 1  0 0  0 0  0 3
   314  -.7549933491987894E-02   4   0 0  1 0  0 0  0 3
   315  -.6169916239702047E-02   4   0 0  0 1  0 0  0 3
   316  -.8082422561429418E-05   4   0 0  0 0  0 4  0 0
   317  -.4051260968554150E-05   4   0 0  0 0  0 3  1 0
   318  -.3517022847613896E-05   4   0 0  0 0  0 2  2 0
   319  -.4062796871745289E-05   4   0 0  0 0  0 1  3 0
   320  -.8057955267463494E-05   4   0 0  0 0  0 0  4 0
   321  0.8514703520376981E-05   4   0 0  0 0  0 3  0 1
   322  0.4058672845378534E-05   4   0 0  0 0  0 2  1 1
   323  0.4067644788653139E-05   4   0 0  0 0  0 1  2 1
   324  0.8494788190595635E-05   4   0 0  0 0  0 0  3 1
   325  0.8219488753973474E-06   4   0 0  0 0  0 2  0 2
   326  0.9766610179539817E-06   4   0 0  0 0  0 1  1 2
   327  0.8201855631531875E-06   4   0 0  0 0  0 0  2 2
   328  0.7989348084563939E-08   4   0 0  0 0  0 1  0 3
   329  0.7978596396436543E-08   4   0 0  0 0  0 0  1 3
   330  -.2757572443968578E-13   4   0 0  0 0  0 0  0 4
   ----------------------------------------------------
     I  COEFFICIENT            ORDER EXPONENTS
     1  0.8148893380669211E-08   0   0 0  0 0  0 0  0 0
     2  -.4095753493556084E-05   1   1 0  0 0  0 0  0 0
     3  -.4914200482242033E-05   1   0 1  0 0  0 0  0 0
     4  0.3007268831793092E-04   1   0 0  1 0  0 0  0 0
     5  0.8220598031665702E-05   1   0 0  0 1  0 0  0 0
     6   1.000000000000000       1   0 0  0 0  1 0  0 0
     7  0.2859789916793609       1   0 0  0 0  0 1  0 0
     8  -.2859789891832436       1   0 0  0 0  0 0  1 0
     9  -.2496123357636992E-08   1   0 0  0 0  0 0  0 1
    10  -.2366098855288524       2   2 0  0 0  0 0  0 0
    11  -.6818643638416565       2   1 1  0 0  0 0  0 0
    12  -.7055331101769982       2   0 2  0 0  0 0  0 0
    13  -.1530643479246604E-04   2   1 0  1 0  0 0  0 0
    14  -.2148488274738924E-04   2   0 1  1 0  0 0  0 0
    15  -.1724150733974563       2   0 0  2 0  0 0  0 0
    16  -.2142949381681107E-04   2   1 0  0 1  0 0  0 0
    17  -.2601420219282148E-04   2   0 1  0 1  0 0  0 0
    18  -.8992331801196762E-01   2   0 0  1 1  0 0  0 0
    19  -.2290135167650998       2   0 0  0 2  0 0  0 0
    20  0.6082223729468814E-05   2   1 0  0 0  0 1  0 0
    21  0.9055203169909799E-05   2   0 1  0 0  0 1  0 0
    22  -.4278242885957179E-04   2   0 0  1 0  0 1  0 0
    23  -.2459530850107804E-04   2   0 0  0 1  0 1  0 0
    24  0.1989315754847640E-05   2   1 0  0 0  0 0  1 0
    25  0.4142061045032870E-05   2   0 1  0 0  0 0  1 0
    26  -.1273306549015134E-04   2   0 0  1 0  0 0  1 0
    27  -.1636373440266024E-04   2   0 0  0 1  0 0  1 0
    28  -.8071591795095441E-05   2   1 0  0 0  0 0  0 1
    29  -.8283165451396885E-05   2   0 1  0 0  0 0  0 1
    30  0.5551551789143664E-04   2   0 0  1 0  0 0  0 1
    31  0.3273847198904920E-04   2   0 0  0 1  0 0  0 1
    32  -.2146286631924084       2   0 0  0 0  0 2  0 0
    33  0.1432783312466449       2   0 0  0 0  0 1  1 0
    34  0.7135032848582652E-01   2   0 0  0 0  0 0  2 0
    35  0.3459008145382271E-08   2   0 0  0 0  0 1  0 1
    36  0.9650002864631351E-09   2   0 0  0 0  0 0  1 1
    37  -.9640018717412421E-09   2   0 0  0 0  0 0  0 2
    38  0.1195751534333047       3   3 0  0 0  0 0  0 0
    39  0.3865796904547487       3   2 1  0 0  0 0  0 0
    40  0.4051209692000044       3   1 2  0 0  0 0  0 0
    41  0.1389156156471061       3   0 3  0 0  0 0  0 0
    42  0.7043093136660972E-03   3   2 0  1 0  0 0  0 0
    43  0.1323951573894157E-02   3   1 1  1 0  0 0  0 0
    44  0.8121912023040655E-03   3   0 2  1 0  0 0  0 0
    45  0.6121989826450976E-01   3   1 0  2 0  0 0  0 0
    46  0.7253712650797816E-02   3   0 1  2 0  0 0  0 0
    47  0.2446291002050938E-03   3   0 0  3 0  0 0  0 0
    48  0.4984490610409309E-03   3   2 0  0 1  0 0  0 0
    49  0.8960437110378547E-03   3   1 1  0 1  0 0  0 0
    50  0.5501196384767172E-03   3   0 2  0 1  0 0  0 0
    51  0.1861835580615790E-01   3   1 0  1 1  0 0  0 0
    52  -.6700425401674251E-01   3   0 1  1 1  0 0  0 0
    53  0.6881363997586938E-03   3   0 0  2 1  0 0  0 0
    54  -.3425278704914840E-01   3   1 0  0 2  0 0  0 0
    55  -.6825920715820587E-01   3   0 1  0 2  0 0  0 0
    56  0.6467898142510219E-03   3   0 0  1 2  0 0  0 0
    57  0.1974749020565322E-03   3   0 0  0 3  0 0  0 0
    58  0.3732951076715152       3   2 0  0 0  0 1  0 0
    59   1.276359636188712       3   1 1  0 0  0 1  0 0
    60   1.384739733903189       3   0 2  0 0  0 1  0 0
    61  0.2308576778265226E-04   3   1 0  1 0  0 1  0 0
    62  0.3956329161444257E-04   3   0 1  1 0  0 1  0 0
    63  0.2447129864747188       3   0 0  2 0  0 1  0 0
    64  0.3961335141023230E-04   3   1 0  0 1  0 1  0 0
    65  0.5912858227050570E-04   3   0 1  0 1  0 1  0 0
    66  0.2750520943550234       3   0 0  1 1  0 1  0 0
    67  0.3817674915198933       3   0 0  0 2  0 1  0 0
    68  0.1368194735918788       3   2 0  0 0  0 0  1 0
    69  0.5946120794493188       3   1 1  0 0  0 0  1 0
    70  0.6792410731212930       3   0 2  0 0  0 0  1 0
    71  0.7756288017856875E-05   3   1 0  1 0  0 0  1 0
    72  0.1798872845982674E-04   3   0 1  1 0  0 0  1 0
    73  0.7243244847078867E-01   3   0 0  2 0  0 0  1 0
    74  0.1814388662121977E-04   3   1 0  0 1  0 0  1 0
    75  0.3300404674995404E-04   3   0 1  0 1  0 0  1 0
    76  0.1850006610512184       3   0 0  1 1  0 0  1 0
    77  0.1528562595562453       3   0 0  0 2  0 0  1 0
    78  -.5101150114369736       3   2 0  0 0  0 0  0 1
    79  -1.189108497154079       3   1 1  0 0  0 0  0 1
    80  -.6529154659120819       3   0 2  0 0  0 0  0 1
    81  -.3077572650279137E-04   3   1 0  1 0  0 0  0 1
    82  -.3588189184138272E-04   3   0 1  1 0  0 0  0 1
    83  -.3171456375261076       3   0 0  2 0  0 0  0 1
    84  -.3621772718526283E-04   3   1 0  0 1  0 0  0 1
    85  -.3985900487804474E-04   3   0 1  0 1  0 0  0 1
    86  -.3701297090330420       3   0 0  1 1  0 0  0 1
    87  -.7659685140646479E-01   3   0 0  0 2  0 0  0 1
    88  -.7528794101622053E-05   3   1 0  0 0  0 2  0 0
    89  -.1295512519072488E-04   3   0 1  0 0  0 2  0 0
    90  0.5123852010329425E-04   3   0 0  1 0  0 2  0 0
    91  0.4204626247068654E-04   3   0 0  0 1  0 2  0 0
    92  -.2894809176851416E-05   3   1 0  0 0  0 1  1 0
    93  -.7801038652694572E-05   3   0 1  0 0  0 1  1 0
    94  0.1692861765232747E-04   3   0 0  1 0  0 1  1 0
    95  0.3490362088708003E-04   3   0 0  0 1  0 1  1 0
    96  -.1449538064292817E-05   3   1 0  0 0  0 0  2 0
    97  -.3901349429385914E-05   3   0 1  0 0  0 0  2 0
    98  0.8481649740664277E-05   3   0 0  1 0  0 0  2 0
    99  0.1744483569604226E-04   3   0 0  0 1  0 0  2 0
   100  0.1186906020504118E-04   3   1 0  0 0  0 1  0 1
   101  0.1560001124669196E-04   3   0 1  0 0  0 1  0 1
   102  -.7662859274274551E-04   3   0 0  1 0  0 1  0 1
   103  -.6981117417129185E-04   3   0 0  0 1  0 1  0 1
   104  0.3803294256479939E-05   3   1 0  0 0  0 0  1 1
   105  0.7318334324362332E-05   3   0 1  0 0  0 0  1 1
   106  -.2116075772302967E-04   3   0 0  1 0  0 0  1 1
   107  -.3706810969917955E-04   3   0 0  0 1  0 0  1 1
   108  -.3800240650614252E-05   3   1 0  0 0  0 0  0 2
   109  -.3175986450875335E-05   3   0 1  0 0  0 0  0 2
   110  0.2113840883819132E-04   3   0 0  1 0  0 0  0 2
   111  0.2070260739879274E-04   3   0 0  0 1  0 0  0 2
   112  0.1788813499545033       3   0 0  0 0  0 3  0 0
   113  -.1073867924940977       3   0 0  0 0  0 2  1 0
   114  -.3589155528068888E-01   3   0 0  0 0  0 1  2 0
   115  -.3560303941069423E-01   3   0 0  0 0  0 0  3 0
   116  -.3496729665962910E-08   3   0 0  0 0  0 2  0 1
   117  0.5028727614356334E-10   3   0 0  0 0  0 1  1 1
   118  0.2273406630385440E-10   3   0 0  0 0  0 0  2 1
   119  0.4944734687632901E-09   3   0 0  0 0  0 1  0 2
   120  0.5329020333465261E-11   3   0 0  0 0  0 0  1 2
   121  0.1243258423537124E-09   3   0 0  0 0  0 0  0 3
   122  -1.557789611909104       4   4 0  0 0  0 0  0 0
   123  -8.000889578845687       4   3 1  0 0  0 0  0 0
   124  -15.64465668456967       4   2 2  0 0  0 0  0 0
   125  -13.77494002583205       4   1 3  0 0  0 0  0 0
   126  -4.865081059898870       4   0 4  0 0  0 0  0 0
   127  0.1084183284742659E-02   4   3 0  1 0  0 0  0 0
   128  0.4981527615698910E-02   4   2 1  1 0  0 0  0 0
   129  0.6250651675770501E-02   4   1 2  1 0  0 0  0 0
   130  0.2365963642683024E-02   4   0 3  1 0  0 0  0 0
   131  -4.748357531244792       4   2 0  2 0  0 0  0 0
   132  -9.492083602626817       4   1 1  2 0  0 0  0 0
   133  -5.638332099728697       4   0 2  2 0  0 0  0 0
   134  0.3557370802444407E-02   4   1 0  3 0  0 0  0 0
   135  0.2605847829904424E-02   4   0 1  3 0  0 0  0 0
   136  -.9019088076585464       4   0 0  4 0  0 0  0 0
   137  0.1868519678808593E-02   4   3 0  0 1  0 0  0 0
   138  0.7017365989455228E-02   4   2 1  0 1  0 0  0 0
   139  0.8049522364497243E-02   4   1 2  0 1  0 0  0 0
   140  0.2902768405118444E-02   4   0 3  0 1  0 0  0 0
   141  -6.830310751658694       4   2 0  1 1  0 0  0 0
   142  -12.77779896759024       4   1 1  1 1  0 0  0 0
   143  -7.387028098448638       4   0 2  1 1  0 0  0 0
   144  0.8451727966161095E-02   4   1 0  2 1  0 0  0 0
   145  0.6012553392961374E-02   4   0 1  2 1  0 0  0 0
   146  -2.955635170931063       4   0 0  3 1  0 0  0 0
   147  -2.309701711069553       4   2 0  0 2  0 0  0 0
   148  -4.499253794610142       4   1 1  0 2  0 0  0 0
   149  -3.135692033923116       4   0 2  0 2  0 0  0 0
   150  0.6496050582948368E-02   4   1 0  1 2  0 0  0 0
   151  0.4378115200021557E-02   4   0 1  1 2  0 0  0 0
   152  -3.739870611599139       4   0 0  2 2  0 0  0 0
   153  0.1551075551279981E-02   4   1 0  0 3  0 0  0 0
   154  0.9223474266104305E-03   4   0 1  0 3  0 0  0 0
   155  -2.116952361542098       4   0 0  1 3  0 0  0 0
   156  -.5516189382357966       4   0 0  0 4  0 0  0 0
   157  -.1995857898914364       4   3 0  0 0  0 1  0 0
   158  -.8044260462008144       4   2 1  0 0  0 1  0 0
   159  -1.020793981989108       4   1 2  0 0  0 1  0 0
   160  -.4134270245291543       4   0 3  0 0  0 1  0 0
   161  -.1155882344397384E-03   4   2 0  1 0  0 1  0 0
   162  -.9434885153839139E-03   4   1 1  1 0  0 1  0 0
   163  -.1012184526375355E-02   4   0 2  1 0  0 1  0 0
   164  -.7912359841021888E-01   4   1 0  2 0  0 1  0 0
   165  -.2929715417779903E-01   4   0 1  2 0  0 1  0 0
   166  -.2260500872313154E-03   4   0 0  3 0  0 1  0 0
   167  -.1884872504127760E-03   4   2 0  0 1  0 1  0 0
   168  -.6470129754956478E-03   4   1 1  0 1  0 1  0 0
   169  -.6543650525583888E-03   4   0 2  0 1  0 1  0 0
   170  -.6755035858989715E-01   4   1 0  1 1  0 1  0 0
   171  0.9384091502646374E-01   4   0 1  1 1  0 1  0 0
   172  -.7909261272005283E-03   4   0 0  2 1  0 1  0 0
   173  0.4806647070214655E-01   4   1 0  0 2  0 1  0 0
   174  0.1498723875393621       4   0 1  0 2  0 1  0 0
   175  -.1060596937347704E-02   4   0 0  1 2  0 1  0 0
   176  -.4568705789522058E-03   4   0 0  0 3  0 1  0 0
   177  -.7926261113432063E-01   4   3 0  0 0  0 0  1 0
   178  -.4147241790817864       4   2 1  0 0  0 0  1 0
   179  -.6115747382993222       4   1 2  0 0  0 0  1 0
   180  -.2727307767691157       4   0 3  0 0  0 0  1 0
   181  -.9374324739139700E-04   4   2 0  1 0  0 0  1 0
   182  -.9034551547013073E-03   4   1 1  1 0  0 0  1 0
   183  -.8892142489672200E-03   4   0 2  1 0  0 0  1 0
   184  -.1770393631544076E-01   4   1 0  2 0  0 0  1 0
   185  -.2129905455588188E-01   4   0 1  2 0  0 0  1 0
   186  -.1375893948029757E-03   4   0 0  3 0  0 0  1 0
   187  -.2429146930181831E-03   4   2 0  0 1  0 0  1 0
   188  -.8384887397460168E-03   4   1 1  0 1  0 0  1 0
   189  -.7163815083729758E-03   4   0 2  0 1  0 0  1 0
   190  -.4851965684232558E-01   4   1 0  1 1  0 0  1 0
   191  0.2794328420094953E-01   4   0 1  1 1  0 0  1 0
   192  -.5617478716867281E-03   4   0 0  2 1  0 0  1 0
   193  0.1405851800146145E-01   4   1 0  0 2  0 0  1 0
   194  0.8210957971089097E-01   4   0 1  0 2  0 0  1 0
   195  -.7978471053302789E-03   4   0 0  1 2  0 0  1 0
   196  -.3555754335795409E-03   4   0 0  0 3  0 0  1 0
   197  0.2778304018633918       4   3 0  0 0  0 0  0 1
   198  0.8275761662380521       4   2 1  0 0  0 0  0 1
   199  0.8147059375960191       4   1 2  0 0  0 0  0 1
   200  0.2657059493025145       4   0 3  0 0  0 0  0 1
   201  0.3338644762168510E-03   4   2 0  1 0  0 0  0 1
   202  0.9204328858755675E-03   4   1 1  1 0  0 0  0 1
   203  0.7013576612002661E-03   4   0 2  1 0  0 0  0 1
   204  0.9635843385908993E-01   4   1 0  2 0  0 0  0 1
   205  0.4189260686002225E-01   4   0 1  2 0  0 0  0 1
   206  0.4078421411677049E-03   4   0 0  3 0  0 0  0 1
   207  -.2848386933884313E-04   4   2 0  0 1  0 0  0 1
   208  0.5838263381686173E-04   4   1 1  0 1  0 0  0 1
   209  0.2115656196191904E-03   4   0 2  0 1  0 0  0 1
   210  0.9672640424244283E-01   4   1 0  1 1  0 0  0 1
   211  0.1014453348011339E-01   4   0 1  1 1  0 0  0 1
   212  0.8597304159875462E-03   4   0 0  2 1  0 0  0 1
   213  0.5859777813652847E-02   4   1 0  0 2  0 0  0 1
   214  -.2841009968611018E-01   4   0 1  0 2  0 0  0 1
   215  0.6386459807094326E-03   4   0 0  1 2  0 0  0 1
   216  0.1984217608584926E-03   4   0 0  0 3  0 0  0 1
   217  -.4857316409388046       4   2 0  0 0  0 2  0 0
   218  -1.866429560986103       4   1 1  0 0  0 2  0 0
   219  -2.123532381245759       4   0 2  0 0  0 2  0 0
   220  -.3088765985211021E-04   4   1 0  1 0  0 2  0 0
   221  -.6671350841094031E-04   4   0 1  1 0  0 2  0 0
   222  -.2925226115655635       4   0 0  2 0  0 2  0 0
   223  -.6806250456814776E-04   4   1 0  0 1  0 2  0 0
   224  -.1153264772339919E-03   4   0 1  0 1  0 2  0 0
   225  -.4724793366430528       4   0 0  1 1  0 2  0 0
   226  -.5439977491281969       4   0 0  0 2  0 2  0 0
   227  -.2248950002284769       4   2 0  0 0  0 1  1 0
   228  -1.180071305269838       4   1 1  0 0  0 1  1 0
   229  -1.477387150142608       4   0 2  0 0  0 1  1 0
   230  -.1236797769251055E-04   4   1 0  1 0  0 1  1 0
   231  -.3810832383385366E-04   4   0 1  1 0  0 1  1 0
   232  -.9571342088803723E-01   4   0 0  2 0  0 1  1 0
   233  -.3947921959679473E-04   4   1 0  0 1  0 1  1 0
   234  -.8453458605653811E-04   4   0 1  0 1  0 1  1 0
   235  -.3948722386929919       4   0 0  1 1  0 1  1 0
   236  -.3244592789819633       4   0 0  0 2  0 1  1 0
   237  -.1125469050018914       4   2 0  0 0  0 0  2 0
   238  -.5900988503524764       4   1 1  0 0  0 0  2 0
   239  -.7386294644517806       4   0 2  0 0  0 0  2 0
   240  -.6243288827184631E-05   4   1 0  1 0  0 0  2 0
   241  -.1911300633498237E-04   4   0 1  1 0  0 0  2 0
   242  -.4795665132415595E-01   4   0 0  2 0  0 0  2 0
   243  -.1978372512744104E-04   4   1 0  0 1  0 0  2 0
   244  -.4228186665523316E-04   4   0 1  0 1  0 0  2 0
   245  -.1973550766266271       4   0 0  1 1  0 0  2 0
   246  -.1622677335963148       4   0 0  0 2  0 0  2 0
   247  0.8230124836587998       4   2 0  0 0  0 1  0 1
   248   2.360109026410772       4   1 1  0 0  0 1  0 1
   249   1.570180483493475       4   0 2  0 0  0 1  0 1
   250  0.4083366823078746E-04   4   1 0  1 0  0 1  0 1
   251  0.6889638691834953E-04   4   0 1  1 0  0 1  0 1
   252  0.4360721247400934       4   0 0  2 0  0 1  0 1
   253  0.7116479967913450E-04   4   1 0  0 1  0 1  0 1
   254  0.1003967126430196E-03   4   0 1  0 1  0 1  0 1
   255  0.7897809796682815       4   0 0  1 1  0 1  0 1
   256  0.2671807316081203       4   0 0  0 2  0 1  0 1
   257  0.3131477210339864       4   2 0  0 0  0 0  1 1
   258   1.170997718156866       4   1 1  0 0  0 0  1 1
   259  0.9168969735001197       4   0 2  0 0  0 0  1 1
   260  0.1403414214490938E-04   4   1 0  1 0  0 0  1 1
   261  0.3245864384664840E-04   4   0 1  1 0  0 0  1 1
   262  0.1192018610268029       4   0 0  2 0  0 0  1 1
   263  0.3395810888281828E-04   4   1 0  0 1  0 0  1 1
   264  0.5613001784518362E-04   4   0 1  0 1  0 0  1 1
   265  0.4195996924428504       4   0 0  1 1  0 0  1 1
   266  0.1904371896890783       4   0 0  0 2  0 0  1 1
   267  -.3130036478691139       4   2 0  0 0  0 0  0 2
   268  -.5764092382029994       4   1 1  0 0  0 0  0 2
   269  -.2641486178783787       4   0 2  0 0  0 0  0 2
   270  -.1144154193967847E-04   4   1 0  1 0  0 0  0 2
   271  -.1022204378848514E-04   4   0 1  1 0  0 0  0 2
   272  -.1190724815464636       4   0 0  2 0  0 0  0 2
   273  -.1113993996053557E-04   4   1 0  0 1  0 0  0 2
   274  -.1002619181972285E-04   4   0 1  0 1  0 0  0 2
   275  -.2345760477891841       4   0 0  1 1  0 0  0 2
   276  -.1139210528620515       4   0 0  0 2  0 0  0 2
   277  -.1185301399599895E-03   4   1 0  0 0  0 3  0 0
   278  -.2049586442802464E-03   4   0 1  0 0  0 3  0 0
   279  -.6058861461558959E-04   4   0 0  1 0  0 3  0 0
   280  -.5290670762626607E-04   4   0 0  0 1  0 3  0 0
   281  -.6054758888043125E-04   4   1 0  0 0  0 2  1 0
   282  -.1007149155370803E-03   4   0 1  0 0  0 2  1 0
   283  -.1913715578798748E-04   4   0 0  1 0  0 2  1 0
   284  -.4939151111308545E-04   4   0 0  0 1  0 2  1 0
   285  -.3789931463649351E-04   4   1 0  0 0  0 1  2 0
   286  -.6257825489932017E-04   4   0 1  0 0  0 1  2 0
   287  -.1048888355153923E-04   4   0 0  1 0  0 1  2 0
   288  -.3317412302256217E-04   4   0 0  0 1  0 1  2 0
   289  -.2020934356904581E-04   4   1 0  0 0  0 0  3 0
   290  -.3362184319054459E-04   4   0 1  0 0  0 0  3 0
   291  -.6404304018956467E-05   4   0 0  1 0  0 0  3 0
   292  -.1645537314712965E-04   4   0 0  0 1  0 0  3 0
   293  0.1027116118541797E-03   4   1 0  0 0  0 2  0 1
   294  0.8424866991631346E-04   4   0 1  0 0  0 2  0 1
   295  0.6811602051650832E-04   4   0 0  1 0  0 2  0 1
   296  0.1044078425604081E-03   4   0 0  0 1  0 2  0 1
   297  0.5332095332796907E-04   4   1 0  0 0  0 1  1 1
   298  0.4432056679447041E-04   4   0 1  0 0  0 1  1 1
   299  0.1658934604010028E-04   4   0 0  1 0  0 1  1 1
   300  0.6935503825663584E-04   4   0 0  0 1  0 1  1 1
   301  0.2667555759020250E-04   4   1 0  0 0  0 0  2 1
   302  0.2217200387195306E-04   4   0 1  0 0  0 0  2 1
   303  0.8323863591756864E-05   4   0 0  1 0  0 0  2 1
   304  0.3467810383676592E-04   4   0 0  0 1  0 0  2 1
   305  -.3874452807137784E-06   4   1 0  0 0  0 1  0 2
   306  0.1586462770086079E-05   4   0 1  0 0  0 1  0 2
   307  -.8549828288287020E-05   4   0 0  1 0  0 1  0 2
   308  -.1952652796889567E-04   4   0 0  0 1  0 1  0 2
   309  -.2729296789399123E-05   4   1 0  0 0  0 0  1 2
   310  -.6043577876934989E-06   4   0 1  0 0  0 0  1 2
   311  0.6530691799680141E-06   4   0 0  1 0  0 0  1 2
   312  -.9778901992874170E-05   4   0 0  0 1  0 0  1 2
   313  -.3390136682074511E-07   4   1 0  0 0  0 0  0 3
   314  0.3856991897944173E-08   4   0 1  0 0  0 0  0 3
   315  -.2812328813957163E-05   4   0 0  1 0  0 0  0 3
   316  -.2549263682199638E-05   4   0 0  0 1  0 0  0 3
   317  -.1565302506304332       4   0 0  0 0  0 4  0 0
   318  0.8947684422560198E-01   4   0 0  0 0  0 3  1 0
   319  0.2686485574695559E-01   4   0 0  0 0  0 2  2 0
   320  0.1798162734279320E-01   4   0 0  0 0  0 1  3 0
   321  0.2220686178250527E-01   4   0 0  0 0  0 0  4 0
   322  0.4790637435559191E-08   4   0 0  0 0  0 3  0 1
   323  0.2688022194041525E-08   4   0 0  0 0  0 2  1 1
   324  0.2166246817054083E-08   4   0 0  0 0  0 1  2 1
   325  0.7484742736962396E-09   4   0 0  0 0  0 0  3 1
   326  -.5695916863647591E-09   4   0 0  0 0  0 2  0 2
   327  -.3153813070050128E-10   4   0 0  0 0  0 1  1 2
   328  -.2208157088933052E-10   4   0 0  0 0  0 0  2 2
   329  -.2342889720759967E-09   4   0 0  0 0  0 1  0 3
   330  -.1099822332236374E-09   4   0 0  0 0  0 0  1 3
   331  -.1079079765501461E-10   4   0 0  0 0  0 0  0 4
   ----------------------------------------------------
     I  COEFFICIENT            ORDER EXPONENTS
     1   1.000000000000000       1   0 0  0 0  0 1  0 0
     --------------------------------------------------
     I  COEFFICIENT            ORDER EXPONENTS
     1   1.000000000000000       1   0 0  0 0  0 0  1 0
     --------------------------------------------------
     I  COEFFICIENT            ORDER EXPONENTS
     1   1.000000000000000       1   0 0  0 0  0 0  0 1
     --------------------------------------------------
