 L    0.1145458000000000E+01
 P (  0.0000000000000000E+00,  0.0000000000000000E+00,  0.9555200000000000E-01)
 A (  0.0000000000000000E+00,  0.0000000000000000E+00,  0.0000000000000000E+00)
     I  COEFFICIENT            ORDER EXPONENTS
     1  0.9484673509807038E-04   0   0 0  0 0  0 0  0 0
     2   1.529712978378579       1   1 0  0 0  0 0  0 0
     3   1.615601491080383       1   0 1  0 0  0 0  0 0
     4  0.1586741651071900E-04   1   0 0  1 0  0 0  0 0
     5  0.1395640786304303E-04   1   0 0  0 1  0 0  0 0
     6  -.8877066339650286E-06   1   0 0  0 0  0 1  0 0
     7  -.8865120002131760E-06   1   0 0  0 0  0 0  1 0
     8  0.1774218635919454E-05   1   0 0  0 0  0 0  0 1
     9  -.1308645176946809       2   2 0  0 0  0 0  0 0
    10  -.2339774119506793       2   1 1  0 0  0 0  0 0
    11  -.1051307997936991       2   0 2  0 0  0 0  0 0
    12  0.5307195482199904E-03   2   1 0  1 0  0 0  0 0
    13  0.1622488291373360E-03   2   0 1  1 0  0 0  0 0
    14  0.9878122911790341E-01   2   0 0  2 0  0 0  0 0
    15  0.5200391677779837E-03   2   1 0  0 1  0 0  0 0
    16  0.2282351213021333E-03   2   0 1  0 1  0 0  0 0
    17  0.1763114841187556       2   0 0  1 1  0 0  0 0
    18  0.7930647606668169E-01   2   0 0  0 2  0 0  0 0
    19  -.2837292276588802       2   1 0  0 0  0 1  0 0
    20  -1.059172240138132       2   0 1  0 0  0 1  0 0
    21  -.8596556416011892E-05   2   0 0  1 0  0 1  0 0
    22  -.1458854627043900E-04   2   0 0  0 1  0 1  0 0
    23  -.2833473982359914       2   1 0  0 0  0 0  1 0
    24  -1.057746856054411       2   0 1  0 0  0 0  1 0
    25  -.8584987575528875E-05   2   0 0  1 0  0 0  1 0
    26  -.1456891369240260E-04   2   0 0  0 1  0 0  1 0
    27  0.5670766259217170       2   1 0  0 0  0 0  0 1
    28  0.5013176051392625       2   0 1  0 0  0 0  0 1
    29  0.1718152470372553E-04   2   0 0  1 0  0 0  0 1
    30  0.1520103357981376E-04   2   0 0  0 1  0 0  0 1
    31  0.5162208469952523E-06   2   0 0  0 0  0 2  0 0
    32  0.1457488534420050E-06   2   0 0  0 0  0 1  1 0
    33  0.5154280702596225E-06   2   0 0  0 0  0 0  2 0
    34  -.2905438795033487E-06   2   0 0  0 0  0 1  0 1
    35  -.2901528792432057E-06   2   0 0  0 0  0 0  1 1
    36  -.5967563398705765E-06   2   0 0  0 0  0 0  0 2
    37   1.148315359036919       3   3 0  0 0  0 0  0 0
    38   5.959420279507690       3   2 1  0 0  0 0  0 0
    39   8.545929421374055       3   1 2  0 0  0 0  0 0
    40   4.510062477095204       3   0 3  0 0  0 0  0 0
    41  -.1041742516156688E-01   3   2 0  1 0  0 0  0 0
    42  -.1840353094293719E-01   3   1 1  1 0  0 0  0 0
    43  -.8145003048983733E-02   3   0 2  1 0  0 0  0 0
    44  -1.364395471413674       3   1 0  2 0  0 0  0 0
    45  0.2716618051046696       3   0 1  2 0  0 0  0 0
    46  0.2610508941957254E-02   3   0 0  3 0  0 0  0 0
    47  -.9425051759397469E-02   3   2 0  0 1  0 0  0 0
    48  -.1677414340801185E-01   3   1 1  0 1  0 0  0 0
    49  -.7473050972953326E-02   3   0 2  0 1  0 0  0 0
    50  -3.704400603240157       3   1 0  1 1  0 0  0 0
    51  -1.134377670301187       3   0 1  1 1  0 0  0 0
    52  0.6969061230973059E-02   3   0 0  2 1  0 0  0 0
    53  -1.653414701176598       3   1 0  0 2  0 0  0 0
    54  0.8983995959646629E-01   3   0 1  0 2  0 0  0 0
    55  0.6261912656872240E-02   3   0 0  1 2  0 0  0 0
    56  0.1901338784028362E-02   3   0 0  0 3  0 0  0 0
    57  0.7915196472183238E-01   3   2 0  0 0  0 1  0 0
    58  0.2581914934884644       3   1 1  0 0  0 1  0 0
    59  0.1683785827010777       3   0 2  0 0  0 1  0 0
    60  -.3269686245230516E-03   3   1 0  1 0  0 1  0 0
    61  -.1844923678919571E-03   3   0 1  1 0  0 1  0 0
    62  -.4644971131309681E-01   3   0 0  2 0  0 1  0 0
    63  -.6278018383007643E-03   3   1 0  0 1  0 1  0 0
    64  -.4119007902343752E-03   3   0 1  0 1  0 1  0 0
    65  -.1706011302162613       3   0 0  1 1  0 1  0 0
    66  -.1162414382170703       3   0 0  0 2  0 1  0 0
    67  0.7904544573801212E-01   3   2 0  0 0  0 0  1 0
    68  0.2578440315446704       3   1 1  0 0  0 0  1 0
    69  0.1681519867398861       3   0 2  0 0  0 0  1 0
    70  -.3265286055576652E-03   3   1 0  1 0  0 0  1 0
    71  -.1842440867580712E-03   3   0 1  1 0  0 0  1 0
    72  -.4638720148071066E-01   3   0 0  2 0  0 0  1 0
    73  -.6269569721740550E-03   3   1 0  0 1  0 0  1 0
    74  -.4113464735630893E-03   3   0 1  0 1  0 0  1 0
    75  -.1703715432553690       3   0 0  1 1  0 0  1 0
    76  -.1160850059677870       3   0 0  0 2  0 0  1 0
    77  -.1581976617206967       3   2 0  0 0  0 0  0 1
    78  -.2820585245970298       3   1 1  0 0  0 0  0 1
    79  -.1262691373045210       3   0 2  0 0  0 0  0 1
    80  0.6528208579831374E-03   3   1 0  1 0  0 0  0 1
    81  0.2057966116981370E-03   3   0 1  1 0  0 0  0 1
    82  0.9283706084404303E-01   3   0 0  2 0  0 0  0 1
    83  0.7340153534866851E-03   3   1 0  0 1  0 0  0 1
    84  0.3660542982703762E-03   3   0 1  0 1  0 0  0 1
    85  0.1646614212519811       3   0 0  1 1  0 0  0 1
    86  0.7371358133845077E-01   3   0 0  0 2  0 0  0 1
    87  0.2223619625369297       3   1 0  0 0  0 2  0 0
    88  0.9277123505086082       3   0 1  0 0  0 2  0 0
    89  0.6790384480968741E-05   3   0 0  1 0  0 2  0 0
    90  0.1508222796597151E-04   3   0 0  0 1  0 2  0 0
    91  0.1611594391893707       3   1 0  0 0  0 1  1 0
    92  0.7966045509363635       3   0 1  0 0  0 1  1 0
    93  0.4929175997227117E-05   3   0 0  1 0  0 1  1 0
    94  0.1550998747675233E-04   3   0 0  0 1  0 1  1 0
    95  0.2219542778982644       3   1 0  0 0  0 0  2 0
    96  0.9259278625178736       3   0 1  0 0  0 0  2 0
    97  0.6777929575271983E-05   3   0 0  1 0  0 0  2 0
    98  0.1505149470931177E-04   3   0 0  0 1  0 0  2 0
    99  -.3221545004116110       3   1 0  0 0  0 1  0 1
   100  -.5336855318400265       3   0 1  0 0  0 1  0 1
   101  -.9810243696286686E-05   3   0 0  1 0  0 1  0 1
   102  -.1634225916991010E-04   3   0 0  0 1  0 1  0 1
   103  -.3217209600675727       3   1 0  0 0  0 0  1 1
   104  -.5329673230030040       3   0 1  0 0  0 0  1 1
   105  -.9797041532661007E-05   3   0 0  1 0  0 0  1 1
   106  -.1632026652770323E-04   3   0 0  0 1  0 0  1 1
   107  0.3839951805565128E-01   3   1 0  0 0  0 0  0 2
   108  0.3200893804866550E-01   3   0 1  0 0  0 0  0 2
   109  0.1157955641834956E-05   3   0 0  1 0  0 0  0 2
   110  0.1090013017815447E-05   3   0 0  0 1  0 0  0 2
   111  -.3272306073181698E-06   3   0 0  0 0  0 3  0 0
   112  0.5038813644085606E-07   3   0 0  0 0  0 2  1 0
   113  0.4962675312442816E-07   3   0 0  0 0  0 1  2 0
   114  -.3266039097848879E-06   3   0 0  0 0  0 0  3 0
   115  -.1013576402040760E-06   3   0 0  0 0  0 2  0 1
   116  -.4920942119408814E-06   3   0 0  0 0  0 1  1 1
   117  -.1008901193495197E-06   3   0 0  0 0  0 0  2 1
   118  0.6379458439485166E-06   3   0 0  0 0  0 1  0 2
   119  0.6370873264970722E-06   3   0 0  0 0  0 0  1 2
   120  -.2720219243052327E-07   3   0 0  0 0  0 0  0 3
   121  -14.56022480755368       4   4 0  0 0  0 0  0 0
   122  -53.83495387840419       4   3 1  0 0  0 0  0 0
   123  -75.10211511654758       4   2 2  0 0  0 0  0 0
   124  -46.94714716984539       4   1 3  0 0  0 0  0 0
   125  -11.11357651439616       4   0 4  0 0  0 0  0 0
   126  -.7206086978018443E-02   4   3 0  1 0  0 0  0 0
   127  -.1919793655536894E-01   4   2 1  1 0  0 0  0 0
   128  -.1797392283991329E-01   4   1 2  1 0  0 0  0 0
   129  -.5922025392600587E-02   4   0 3  1 0  0 0  0 0
   130   61.22272697835053       4   2 0  2 0  0 0  0 0
   131   108.4519696335127       4   1 1  2 0  0 0  0 0
   132   48.42967616799586       4   0 2  2 0  0 0  0 0
   133  0.5416643177158554E-02   4   1 0  3 0  0 0  0 0
   134  0.4774860838515788E-02   4   0 1  3 0  0 0  0 0
   135  -7.747227278005285       4   0 0  4 0  0 0  0 0
   136  -.6494753119889305E-02   4   3 0  0 1  0 0  0 0
   137  -.1679447105847880E-01   4   2 1  0 1  0 0  0 0
   138  -.1466610443139143E-01   4   1 2  0 1  0 0  0 0
   139  -.4383703229866542E-02   4   0 3  0 1  0 0  0 0
   140   111.7421527617842       4   2 0  1 1  0 0  0 0
   141   199.4115435660809       4   1 1  1 1  0 0  0 0
   142   89.77808919231754       4   0 2  1 1  0 0  0 0
   143  0.1407852651184868E-01   4   1 0  2 1  0 0  0 0
   144  0.1244023410998642E-01   4   0 1  2 1  0 0  0 0
   145  -27.36582581752126       4   0 0  3 1  0 0  0 0
   146   51.22654356126147       4   2 0  0 2  0 0  0 0
   147   91.98091850733942       4   1 1  0 2  0 0  0 0
   148   41.69614654744768       4   0 2  0 2  0 0  0 0
   149  0.1206317707710839E-01   4   1 0  1 2  0 0  0 0
   150  0.1066246625752918E-01   4   0 1  1 2  0 0  0 0
   151  -36.48235107734110       4   0 0  2 2  0 0  0 0
   152  0.3794873120971936E-02   4   1 0  0 3  0 0  0 0
   153  0.3317517363937402E-02   4   0 1  0 3  0 0  0 0
   154  -21.67099014089974       4   0 0  1 3  0 0  0 0
   155  -4.820388565725548       4   0 0  0 4  0 0  0 0
   156  -1.841796251882414       4   3 0  0 0  0 1  0 0
   157  -10.40380430488639       4   2 1  0 0  0 1  0 0
   158  -17.76354876612294       4   1 2  0 0  0 1  0 0
   159  -10.51500503130185       4   0 3  0 0  0 1  0 0
   160  0.1244243832704674E-02   4   2 0  1 0  0 1  0 0
   161  0.1028192495231381E-01   4   1 1  1 0  0 1  0 0
   162  0.8045567179738082E-02   4   0 2  1 0  0 1  0 0
   163  0.8900143271184424       4   1 0  2 0  0 1  0 0
   164  -.2849935534319269       4   0 1  2 0  0 1  0 0
   165  -.3741501686608334E-03   4   0 0  3 0  0 1  0 0
   166  0.5184353388156287E-02   4   2 0  0 1  0 1  0 0
   167  0.1647894980730527E-01   4   1 1  0 1  0 1  0 0
   168  0.1049146712352839E-01   4   0 2  0 1  0 1  0 0
   169   4.753046755599508       4   1 0  1 1  0 1  0 0
   170   2.309696457185216       4   0 1  1 1  0 1  0 0
   171  -.4134458563965465E-02   4   0 0  2 1  0 1  0 0
   172   3.215042722401020       4   1 0  0 2  0 1  0 0
   173  0.6217077074239226       4   0 1  0 2  0 1  0 0
   174  -.6511124339170358E-02   4   0 0  1 2  0 1  0 0
   175  -.2826574009868789E-02   4   0 0  0 3  0 1  0 0
   176  -1.839317649287574       4   3 0  0 0  0 0  1 0
   177  -10.38980335536748       4   2 1  0 0  0 0  1 0
   178  -17.73964341936085       4   1 2  0 0  0 0  1 0
   179  -10.50085443308585       4   0 3  0 0  0 0  1 0
   180  0.1242569387993792E-02   4   2 0  1 0  0 0  1 0
   181  0.1026808802228329E-01   4   1 1  1 0  0 0  1 0
   182  0.8034739834602032E-02   4   0 2  1 0  0 0  1 0
   183  0.8888165877819209       4   1 0  2 0  0 0  1 0
   184  -.2846100225390061       4   0 1  2 0  0 0  1 0
   185  -.3736466549969365E-03   4   0 0  3 0  0 0  1 0
   186  0.5177376529696608E-02   4   2 0  0 1  0 0  1 0
   187  0.1645677321328058E-01   4   1 1  0 1  0 0  1 0
   188  0.1047734820151925E-01   4   0 2  0 1  0 0  1 0
   189   4.746650329279147       4   1 0  1 1  0 0  1 0
   190   2.306588176545352       4   0 1  1 1  0 0  1 0
   191  -.4128894604480363E-02   4   0 0  2 1  0 0  1 0
   192   3.210716069424929       4   1 0  0 2  0 0  1 0
   193  0.6208710424913393       4   0 1  0 2  0 0  1 0
   194  -.6502361974893360E-02   4   0 0  1 2  0 0  1 0
   195  -.2822770139778125E-02   4   0 0  0 3  0 0  1 0
   196   3.679186880103805       4   3 0  0 0  0 0  0 1
   197   14.82817078660934       4   2 1  0 0  0 0  0 1
   198   18.40505065104281       4   1 2  0 0  0 0  0 1
   199   7.483477578450512       4   0 3  0 0  0 0  0 1
   200  0.8104370330778148E-03   4   2 0  1 0  0 0  0 1
   201  0.1799460777029349E-02   4   1 1  1 0  0 0  0 1
   202  0.1003357046603694E-02   4   0 2  1 0  0 0  0 1
   203  -1.775540293691481       4   1 0  2 0  0 0  0 1
   204  0.3012816962086022       4   0 1  2 0  0 0  0 1
   205  -.6573684800641389E-04   4   0 0  3 0  0 0  0 1
   206  0.9250102849264394E-03   4   2 0  0 1  0 0  0 1
   207  0.1969123773088358E-02   4   1 1  0 1  0 0  0 1
   208  0.1067524299591269E-02   4   0 2  0 1  0 0  0 1
   209  -5.788482343770490       4   1 0  1 1  0 0  0 1
   210  -2.340576313005238       4   0 1  1 1  0 0  0 1
   211  -.2139433910962939E-03   4   0 0  2 1  0 0  0 1
   212  -3.115385536854497       4   1 0  0 2  0 0  0 1
   213  -1.508465923155012       4   0 1  0 2  0 0  0 1
   214  -.2072059384167294E-03   4   0 0  1 2  0 0  0 1
   215  -.5214913232483261E-04   4   0 0  0 3  0 0  0 1
   216  -.6801856127862529E-01   4   2 0  0 0  0 2  0 0
   217  -.2801982620708983       4   1 1  0 0  0 2  0 0
   218  -.2235115551963760       4   0 2  0 0  0 2  0 0
   219  -.6642284722274305E-04   4   1 0  1 0  0 2  0 0
   220  0.5577833044302427E-04   4   0 1  1 0  0 2  0 0
   221  0.3316036220022046E-01   4   0 0  2 0  0 2  0 0
   222  0.4559835422962884E-03   4   1 0  0 1  0 2  0 0
   223  0.5429685897703010E-03   4   0 1  0 1  0 2  0 0
   224  0.1660722169957926       4   0 0  1 1  0 2  0 0
   225  0.1423999472018613       4   0 0  0 2  0 2  0 0
   226  -.5595133759004901E-01   4   2 0  0 0  0 1  1 0
   227  -.2999384468752654       4   1 1  0 0  0 1  1 0
   228  -.2770325226620158       4   0 2  0 0  0 1  1 0
   229  -.1407069878538346E-03   4   1 0  1 0  0 1  1 0
   230  0.4406467589450165E-04   4   0 1  1 0  0 1  1 0
   231  0.2036489005794814E-01   4   0 0  2 0  0 1  1 0
   232  0.5234644983059876E-03   4   1 0  0 1  0 1  1 0
   233  0.7083181486834967E-03   4   0 1  0 1  0 1  1 0
   234  0.1622233469572124       4   0 0  1 1  0 1  1 0
   235  0.1688169868905040       4   0 0  0 2  0 1  1 0
   236  -.6788937676784418E-01   4   2 0  0 0  0 0  2 0
   237  -.2796193629419933       4   1 1  0 0  0 0  2 0
   238  -.2230243552226740       4   0 2  0 0  0 0  2 0
   239  -.6623878006887181E-04   4   1 0  1 0  0 0  2 0
   240  0.5567361651263163E-04   4   0 1  1 0  0 0  2 0
   241  0.3310203349292715E-01   4   0 0  2 0  0 0  2 0
   242  0.4550176742089368E-03   4   1 0  0 1  0 0  2 0
   243  0.5417612776401064E-03   4   0 1  0 1  0 0  2 0
   244  0.1657395685653653       4   0 0  1 1  0 0  2 0
   245  0.1420947190915500       4   0 0  0 2  0 0  2 0
   246  0.1106741155873786       4   2 0  0 0  0 1  0 1
   247  0.3381890380187678       4   1 1  0 0  0 1  0 1
   248  0.2143984706767307       4   0 2  0 0  0 1  0 1
   249  0.2489709372439494E-03   4   1 0  1 0  0 1  0 1
   250  0.1845211440487848E-03   4   0 1  1 0  0 1  0 1
   251  -.4110090352900237E-01   4   0 0  2 0  0 1  0 1
   252  -.2781509183252988E-03   4   1 0  0 1  0 1  0 1
   253  -.2252444201304588E-03   4   0 1  0 1  0 1  0 1
   254  -.1543461147026108       4   0 0  1 1  0 1  0 1
   255  -.1056420882701536       4   0 0  0 2  0 1  0 1
   256  0.1105251755785114       4   2 0  0 0  0 0  1 1
   257  0.3377339191496994       4   1 1  0 0  0 0  1 1
   258  0.2141099433191438       4   0 2  0 0  0 0  1 1
   259  0.2486358838902005E-03   4   1 0  1 0  0 0  1 1
   260  0.1842728241893044E-03   4   0 1  1 0  0 0  1 1
   261  -.4104559187005145E-01   4   0 0  2 0  0 0  1 1
   262  -.2777765959282149E-03   4   1 0  0 1  0 0  1 1
   263  -.2249412968052487E-03   4   0 1  0 1  0 0  1 1
   264  -.1541384029755243       4   0 0  1 1  0 0  1 1
   265  -.1054999201264987       4   0 0  0 2  0 0  1 1
   266  -.3026723393739749E-01   4   2 0  0 0  0 0  0 2
   267  -.5313845272623191E-01   4   1 1  0 0  0 0  0 2
   268  -.2331445802739399E-01   4   0 2  0 0  0 0  0 2
   269  -.2897000559488858E-03   4   1 0  1 0  0 0  0 2
   270  -.2886248271144959E-03   4   0 1  1 0  0 0  0 2
   271  -.4892588446307405E-02   4   0 0  2 0  0 0  0 2
   272  -.2201156818224804E-03   4   1 0  0 1  0 0  0 2
   273  -.2260798915608056E-03   4   0 1  0 1  0 0  0 2
   274  -.9793706281490754E-02   4   0 0  1 1  0 0  0 2
   275  -.4774019547833700E-02   4   0 0  0 2  0 0  0 2
   276  -.1918357020212901       4   1 0  0 0  0 3  0 0
   277  -.8661473239663620       4   0 1  0 0  0 3  0 0
   278  -.9244715397701572E-05   4   0 0  1 0  0 3  0 0
   279  -.1936656210830017E-04   4   0 0  0 1  0 3  0 0
   280  -.1308143395485583       4   1 0  0 0  0 2  1 0
   281  -.7430790094043386       4   0 1  0 0  0 2  1 0
   282  -.6123188989175985E-05   4   0 0  1 0  0 2  1 0
   283  -.1898926278577769E-04   4   0 0  0 1  0 2  1 0
   284  -.1309369979229269       4   1 0  0 0  0 1  2 0
   285  -.7433250857557376       4   0 1  0 0  0 1  2 0
   286  -.6129465079894610E-05   4   0 0  1 0  0 1  2 0
   287  -.1898997180250636E-04   4   0 0  0 1  0 1  2 0
   288  -.1913605536539065       4   1 0  0 0  0 0  3 0
   289  -.8638995671706708       4   0 1  0 0  0 0  3 0
   290  -.9221939150646911E-05   4   0 0  1 0  0 0  3 0
   291  -.1931470798984182E-04   4   0 0  0 1  0 0  3 0
   292  0.2615828627895250       4   1 0  0 0  0 2  0 1
   293  0.5583670007870992       4   0 1  0 0  0 2  0 1
   294  0.1116718818724802E-04   4   0 0  1 0  0 2  0 1
   295  0.2078351784180911E-04   4   0 0  0 1  0 2  0 1
   296  0.2011682748866075       4   1 0  0 0  0 1  1 1
   297  0.5829756890626213       4   0 1  0 0  0 1  1 1
   298  0.8099204389326932E-05   4   0 0  1 0  0 1  1 1
   299  0.2054531929863134E-04   4   0 0  0 1  0 1  1 1
   300  0.2610954755089507       4   1 0  0 0  0 0  2 1
   301  0.5572233061885408       4   0 1  0 0  0 0  2 1
   302  0.1114671014798938E-04   4   0 0  1 0  0 0  2 1
   303  0.2074172390176850E-04   4   0 0  0 1  0 0  2 1
   304  -.4000403579688998E-01   4   1 0  0 0  0 1  0 2
   305  -.4931763409598489E-01   4   0 1  0 0  0 1  0 2
   306  -.4020643417972183E-06   4   0 0  1 0  0 1  0 2
   307  -.8303664936830516E-06   4   0 0  0 1  0 1  0 2
   308  -.3995020025083867E-01   4   1 0  0 0  0 0  1 2
   309  -.4925126474827746E-01   4   0 1  0 0  0 0  1 2
   310  -.4015232625546409E-06   4   0 0  1 0  0 0  1 2
   311  -.8292490255896511E-06   4   0 0  0 1  0 0  1 2
   312  0.1051170894063685E-02   4   1 0  0 0  0 0  0 3
   313  0.8468726878682611E-03   4   0 1  0 0  0 0  0 3
   314  0.6786543477448834E-07   4   0 0  1 0  0 0  0 3
   315  0.5480296259890358E-07   4   0 0  0 1  0 0  0 3
   316  -.3246971369321277E-04   4   0 0  0 0  0 4  0 0
   317  -.2185489103139089E-04   4   0 0  0 0  0 3  1 0
   318  -.2045146097233611E-04   4   0 0  0 0  0 2  2 0
   319  -.2188521215882095E-04   4   0 0  0 0  0 1  3 0
   320  -.3236767412933708E-04   4   0 0  0 0  0 0  4 0
   321  0.7644852153375482E-05   4   0 0  0 0  0 3  0 1
   322  0.8006843096880939E-05   4   0 0  0 0  0 2  1 1
   323  0.8006091603530003E-05   4   0 0  0 0  0 1  2 1
   324  0.7624039674438262E-05   4   0 0  0 0  0 0  3 1
   325  -.5060622715803542E-06   4   0 0  0 0  0 2  0 2
   326  -.6286215246596548E-06   4   0 0  0 0  0 1  1 2
   327  -.5049582522141538E-06   4   0 0  0 0  0 0  2 2
   328  0.1153192424833594E-07   4   0 0  0 0  0 1  0 3
   329  0.1151640512816329E-07   4   0 0  0 0  0 0  1 3
   330  -.4058931683985047E-14   4   0 0  0 0  0 0  0 4
   ----------------------------------------------------
     I  COEFFICIENT            ORDER EXPONENTS
     1  0.3823494362932587E-04   0   0 0  0 0  0 0  0 0
     2   2.490076830883988       1   1 0  0 0  0 0  0 0
     3   3.283604121709995       1   0 1  0 0  0 0  0 0
     4  0.7124721702668966E-04   1   0 0  1 0  0 0  0 0
     5  0.6552218057103664E-04   1   0 0  0 1  0 0  0 0
     6  0.1398822391726007E-05   1   0 0  0 0  0 1  0 0
     7  0.1396939922475597E-05   1   0 0  0 0  0 0  1 0
     8  0.3543918132294004E-04   1   0 0  0 0  0 0  0 1
     9  -.6473250260117280       2   2 0  0 0  0 0  0 0
    10  -1.186396253031123       2   1 1  0 0  0 0  0 0
    11  -.5465149075200759       2   0 2  0 0  0 0  0 0
    12  0.2641686751474851E-02   2   1 0  1 0  0 0  0 0
    13  0.1914311641475026E-02   2   0 1  1 0  0 0  0 0
    14  0.4393445557124275       2   0 0  2 0  0 0  0 0
    15  0.2365705609139695E-02   2   1 0  0 1  0 0  0 0
    16  0.1753213351125673E-02   2   0 1  0 1  0 0  0 0
    17  0.8057364376271935       2   0 0  1 1  0 0  0 0
    18  0.3730261314827448       2   0 0  0 2  0 0  0 0
    19  -.1312600626203994       2   1 0  0 0  0 1  0 0
    20  -1.253718686862801       2   0 1  0 0  0 1  0 0
    21  -.3703330012049723E-05   2   0 0  1 0  0 1  0 0
    22  -.3639093901169547E-04   2   0 0  0 1  0 1  0 0
    23  -.1310834190141972       2   1 0  0 0  0 0  1 0
    24  -1.252031491339735       2   0 1  0 0  0 0  1 0
    25  -.3698346245051404E-05   2   0 0  1 0  0 0  1 0
    26  -.3634196580101906E-04   2   0 0  0 1  0 0  1 0
    27   2.752420312662420       2   1 0  0 0  0 0  0 1
    28   2.505750178348379       2   0 1  0 0  0 0  0 1
    29  0.7864875806199650E-04   2   0 0  1 0  0 0  0 1
    30  0.7273277200421561E-04   2   0 0  0 1  0 0  0 1
    31  -.1102096871905538E-05   2   0 0  0 0  0 2  0 0
    32  -.8061640020700391E-06   2   0 0  0 0  0 1  1 0
    33  -.1100071273113819E-05   2   0 0  0 0  0 0  2 0
    34  0.3010356061948885E-05   2   0 0  0 0  0 1  0 1
    35  0.3006304866633993E-05   2   0 0  0 0  0 0  1 1
    36  -.3008330018290443E-05   2   0 0  0 0  0 0  0 2
    37  -9.120934195695606       3   3 0  0 0  0 0  0 0
    38  -26.59806357901998       3   2 1  0 0  0 0  0 0
    39  -26.97705820868283       3   1 2  0 0  0 0  0 0
    40  -8.271857965667058       3   0 3  0 0  0 0  0 0
    41  -.5123575475689916E-01   3   2 0  1 0  0 0  0 0
    42  -.9325231717087286E-01   3   1 1  1 0  0 0  0 0
    43  -.4265354880348101E-01   3   0 2  1 0  0 0  0 0
    44  -13.02774429800514       3   1 0  2 0  0 0  0 0
    45  -10.39104028064046       3   0 1  2 0  0 0  0 0
    46  0.1142201723281515E-01   3   0 0  3 0  0 0  0 0
    47  -.4835624748050420E-01   3   2 0  0 1  0 0  0 0
    48  -.8880349283925233E-01   3   1 1  0 1  0 0  0 0
    49  -.4094439720470613E-01   3   0 2  0 1  0 0  0 0
    50  -27.50126314396866       3   1 0  1 1  0 0  0 0
    51  -22.94548272692231       3   0 1  1 1  0 0  0 0
    52  0.3123051690565196E-01   3   0 0  2 1  0 0  0 0
    53  -12.73124467565095       3   1 0  0 2  0 0  0 0
    54  -9.753127997881103       3   0 1  0 2  0 0  0 0
    55  0.2874713395297445E-01   3   0 0  1 2  0 0  0 0
    56  0.8943322127551483E-02   3   0 0  0 3  0 0  0 0
    57  0.9474695370894497E-01   3   2 0  0 0  0 1  0 0
    58  0.7625453993753799       3   1 1  0 0  0 1  0 0
    59  0.6221601409333247       3   0 2  0 0  0 1  0 0
    60  -.1115572925587514E-02   3   1 0  1 0  0 1  0 0
    61  -.1829171836428428E-02   3   0 1  1 0  0 1  0 0
    62  0.1502648085102975E-01   3   0 0  2 0  0 1  0 0
    63  -.2350719201569498E-02   3   1 0  0 1  0 1  0 0
    64  -.2711078699490336E-02   3   0 1  0 1  0 1  0 0
    65  -.3717807263223341       3   0 0  1 1  0 1  0 0
    66  -.3575125173010348       3   0 0  0 2  0 1  0 0
    67  0.9461944772391197E-01   3   2 0  0 0  0 0  1 0
    68  0.7615192017144189       3   1 1  0 0  0 0  1 0
    69  0.6213228671370484       3   0 2  0 0  0 0  1 0
    70  -.1114071640119388E-02   3   1 0  1 0  0 0  1 0
    71  -.1826710223176843E-02   3   0 1  1 0  0 0  1 0
    72  0.1500625892127397E-01   3   0 0  2 0  0 0  1 0
    73  -.2347555714453586E-02   3   1 0  0 1  0 0  1 0
    74  -.2707430257545277E-02   3   0 1  0 1  0 0  1 0
    75  -.3712804013422678       3   0 0  1 1  0 0  1 0
    76  -.3570313938042322       3   0 0  0 2  0 0  1 0
    77  -.8366936529331556       3   2 0  0 0  0 0  0 1
    78  -1.524068336156564       3   1 1  0 0  0 0  0 1
    79  -.6969696628134369       3   0 2  0 0  0 0  0 1
    80  0.4867912834972026E-02   3   1 0  1 0  0 0  0 1
    81  0.3652399894563258E-02   3   0 1  1 0  0 0  0 1
    82  0.4093132374468759       3   0 0  2 0  0 0  0 1
    83  0.4694570083485426E-02   3   1 0  0 1  0 0  0 1
    84  0.3661479761794094E-02   3   0 1  0 1  0 0  0 1
    85  0.7430635191294621       3   0 0  1 1  0 0  0 1
    86  0.3415187762363788       3   0 0  0 2  0 0  0 1
    87  0.1007778754831593       3   1 0  0 0  0 2  0 0
    88  0.9976078806995030       3   0 1  0 0  0 2  0 0
    89  0.2562018233995992E-05   3   0 0  1 0  0 2  0 0
    90  0.2887721605393156E-04   3   0 0  0 1  0 2  0 0
    91  0.7037718480156302E-01   3   1 0  0 0  0 1  1 0
    92  0.7421838869205938       3   0 1  0 0  0 1  1 0
    93  0.1423346920031808E-05   3   0 0  1 0  0 1  1 0
    94  0.2138839322780592E-04   3   0 0  0 1  0 1  1 0
    95  0.1005948982185597       3   1 0  0 0  0 0  2 0
    96  0.9957659489807368       3   0 1  0 0  0 0  2 0
    97  0.2557612653999963E-05   3   0 0  1 0  0 0  2 0
    98  0.2882396271169866E-04   3   0 0  0 1  0 0  2 0
    99  -.2719323463810184       3   1 0  0 0  0 1  0 1
   100  -1.483680475393762       3   0 1  0 0  0 1  0 1
   101  -.6631426135404754E-05   3   0 0  1 0  0 1  0 1
   102  -.4281738315205526E-04   3   0 0  0 1  0 1  0 1
   103  -.2715663926449846       3   1 0  0 0  0 0  1 1
   104  -1.481683808133414       3   0 1  0 0  0 0  1 1
   105  -.6622501874639979E-05   3   0 0  1 0  0 0  1 1
   106  -.4275976153572253E-04   3   0 0  0 1  0 0  1 1
   107  0.2717490312257937       3   1 0  0 0  0 0  0 2
   108  0.2298067750301229       3   0 1  0 0  0 0  0 2
   109  0.6665788130651466E-05   3   0 0  1 0  0 0  0 2
   110  0.6475214384691464E-05   3   0 0  0 1  0 0  0 2
   111  0.9536269493642588E-06   3   0 0  0 0  0 3  0 0
   112  0.6582435602269950E-06   3   0 0  0 0  0 2  1 0
   113  0.6588372391926395E-06   3   0 0  0 0  0 1  2 0
   114  0.9512596106941536E-06   3   0 0  0 0  0 0  3 0
   115  -.2419930329782151E-05   3   0 0  0 0  0 2  0 1
   116  -.1831649257729169E-05   3   0 0  0 0  0 1  1 1
   117  -.2415441227967299E-05   3   0 0  0 0  0 0  2 1
   118  0.1831946928567803E-05   3   0 0  0 0  0 1  0 2
   119  0.1829481580728054E-05   3   0 0  0 0  0 0  1 2
   120  -.2178424135020507E-06   3   0 0  0 0  0 0  0 3
   121  -66.87427175147177       4   4 0  0 0  0 0  0 0
   122  -247.8661505714152       4   3 1  0 0  0 0  0 0
   123  -345.9730215887868       4   2 2  0 0  0 0  0 0
   124  -216.0816972042959       4   1 3  0 0  0 0  0 0
   125  -51.06745133223351       4   0 4  0 0  0 0  0 0
   126  -.3444945774321810E-01   4   3 0  1 0  0 0  0 0
   127  -.9180506918635242E-01   4   2 1  1 0  0 0  0 0
   128  -.8199354891106200E-01   4   1 2  1 0  0 0  0 0
   129  -.2351953813696922E-01   4   0 3  1 0  0 0  0 0
   130   285.6795133301107       4   2 0  2 0  0 0  0 0
   131   515.9297837720036       4   1 1  2 0  0 0  0 0
   132   234.2097903408048       4   0 2  2 0  0 0  0 0
   133  0.2756053715600496E-01   4   1 0  3 0  0 0  0 0
   134  0.2648940890142410E-01   4   0 1  3 0  0 0  0 0
   135  -33.86298724930182       4   0 0  4 0  0 0  0 0
   136  -.3235820723171058E-01   4   3 0  0 1  0 0  0 0
   137  -.8726820888401986E-01   4   2 1  0 1  0 0  0 0
   138  -.7774595411861458E-01   4   1 2  0 1  0 0  0 0
   139  -.2212637651651662E-01   4   0 3  0 1  0 0  0 0
   140   534.9907787097208       4   2 0  1 1  0 0  0 0
   141   973.3340774887174       4   1 1  1 1  0 0  0 0
   142   445.4691379316083       4   0 2  1 1  0 0  0 0
   143  0.7951474734741067E-01   4   1 0  2 1  0 0  0 0
   144  0.7663780411519344E-01   4   0 1  2 1  0 0  0 0
   145  -122.5377021336468       4   0 0  3 1  0 0  0 0
   146   252.2036842281199       4   2 0  0 2  0 0  0 0
   147   461.6078183384330       4   1 1  0 2  0 0  0 0
   148   212.6808751711701       4   0 2  0 2  0 0  0 0
   149  0.7653430034516290E-01   4   1 0  1 2  0 0  0 0
   150  0.7470857435678926E-01   4   0 1  1 2  0 0  0 0
   151  -167.8325762230355       4   0 0  2 2  0 0  0 0
   152  0.2573833878703760E-01   4   1 0  0 3  0 0  0 0
   153  0.2538199315644536E-01   4   0 1  0 3  0 0  0 0
   154  -102.7472864871811       4   0 0  1 3  0 0  0 0
   155  -23.63622353273153       4   0 0  0 4  0 0  0 0
   156   6.820865014586531       4   3 0  0 0  0 1  0 0
   157   32.86535758771932       4   2 1  0 0  0 1  0 0
   158   45.69667949992909       4   1 2  0 0  0 1  0 0
   159   18.32320835049863       4   0 3  0 0  0 1  0 0
   160  -.4745254965239591E-02   4   2 0  1 0  0 1  0 0
   161  0.3187156393486563E-01   4   1 1  1 0  0 1  0 0
   162  0.3289301068394775E-01   4   0 2  1 0  0 1  0 0
   163   4.798191573384837       4   1 0  2 0  0 1  0 0
   164   8.647499879272498       4   0 1  2 0  0 1  0 0
   165  0.1011966385695821E-02   4   0 0  3 0  0 1  0 0
   166  0.1573671041738718E-01   4   2 0  0 1  0 1  0 0
   167  0.6697147744648661E-01   4   1 1  0 1  0 1  0 0
   168  0.4823096450630259E-01   4   0 2  0 1  0 1  0 0
   169   24.78171036313214       4   1 0  1 1  0 1  0 0
   170   31.58555460682697       4   0 1  1 1  0 1  0 0
   171  -.1062539608226421E-01   4   0 0  2 1  0 1  0 0
   172   18.59899555753012       4   1 0  0 2  0 1  0 0
   173   19.40248054660562       4   0 1  0 2  0 1  0 0
   174  -.2186929183557075E-01   4   0 0  1 2  0 1  0 0
   175  -.1051212914412076E-01   4   0 0  0 3  0 1  0 0
   176   6.811685815905950       4   3 0  0 0  0 0  1 0
   177   32.82112893836784       4   2 1  0 0  0 0  1 0
   178   45.63518306226737       4   1 2  0 0  0 0  1 0
   179   18.29854984024323       4   0 3  0 0  0 0  1 0
   180  -.4738869024743499E-02   4   2 0  1 0  0 0  1 0
   181  0.3182867268617678E-01   4   1 1  1 0  0 0  1 0
   182  0.3284874482036321E-01   4   0 2  1 0  0 0  1 0
   183   4.791734393296305       4   1 0  2 0  0 0  1 0
   184   8.635862481477524       4   0 1  2 0  0 0  1 0
   185  0.1010604529026274E-02   4   0 0  3 0  0 0  1 0
   186  0.1571553269415291E-01   4   2 0  0 1  0 0  1 0
   187  0.6688135038839549E-01   4   1 1  0 1  0 0  1 0
   188  0.4816605754731662E-01   4   0 2  0 1  0 0  1 0
   189   24.74836030524697       4   1 0  1 1  0 0  1 0
   190   31.54304825601273       4   0 1  1 1  0 0  1 0
   191  -.1061109692497426E-01   4   0 0  2 1  0 0  1 0
   192   18.57396590584911       4   1 0  0 2  0 0  1 0
   193   19.37636960269322       4   0 1  0 2  0 0  1 0
   194  -.2183986117328245E-01   4   0 0  1 2  0 0  1 0
   195  -.1049798241613809E-01   4   0 0  0 3  0 0  1 0
   196  -22.76097610407455       4   3 0  0 0  0 0  0 1
   197  -65.71030684289302       4   2 1  0 0  0 0  0 1
   198  -64.38020735788091       4   1 2  0 0  0 0  0 1
   199  -20.08711889290693       4   0 3  0 0  0 0  0 1
   200  0.5259799197156232E-03   4   2 0  1 0  0 0  0 1
   201  0.1095772200791500E-02   4   1 1  1 0  0 0  0 1
   202  0.5732316179501272E-03   4   0 2  1 0  0 0  0 1
   203  -22.60166771794362       4   1 0  2 0  0 0  0 1
   204  -17.26737633907573       4   0 1  2 0  0 0  0 1
   205  -.6242196258011263E-03   4   0 0  3 0  0 0  0 1
   206  0.6413650569518002E-03   4   2 0  0 1  0 0  0 1
   207  0.1138675433664423E-02   4   1 1  0 1  0 0  0 1
   208  0.5557748564158463E-03   4   0 2  0 1  0 0  0 1
   209  -49.49587269394669       4   1 0  1 1  0 0  0 1
   210  -40.14840850242902       4   0 1  1 1  0 0  0 1
   211  -.1893398403855088E-02   4   0 0  2 1  0 0  0 1
   212  -24.42323360670504       4   1 0  0 2  0 0  0 1
   213  -19.25360732473954       4   0 1  0 2  0 0  0 1
   214  -.1882879678368782E-02   4   0 0  1 2  0 0  0 1
   215  -.5750712537598016E-03   4   0 0  0 3  0 0  0 1
   216  -.7474624534029303E-01   4   2 0  0 0  0 2  0 0
   217  -.6611619898081699       4   1 1  0 0  0 2  0 0
   218  -.6801246774955216       4   0 2  0 0  0 2  0 0
   219  -.5121480944832074E-03   4   1 0  1 0  0 2  0 0
   220  0.5883348648752326E-03   4   0 1  1 0  0 2  0 0
   221  -.9444951245970013E-02   4   0 0  2 0  0 2  0 0
   222  0.9529247677551594E-03   4   1 0  0 1  0 2  0 0
   223  0.2151335067928768E-02   4   0 1  0 1  0 2  0 0
   224  0.2667595648326379       4   0 0  1 1  0 2  0 0
   225  0.3473649859466112       4   0 0  0 2  0 2  0 0
   226  -.5627472982562771E-01   4   2 0  0 0  0 1  1 0
   227  -.5639025155667385       4   1 1  0 0  0 1  1 0
   228  -.7400918042185555       4   0 2  0 0  0 1  1 0
   229  -.6157418072681484E-03   4   1 0  1 0  0 1  1 0
   230  0.6803541939012976E-03   4   0 1  1 0  0 1  1 0
   231  -.3594828508029038E-02   4   0 0  2 0  0 1  1 0
   232  0.1067317685274338E-02   4   1 0  0 1  0 1  1 0
   233  0.2926667533468594E-02   4   0 1  0 1  0 1  1 0
   234  0.1621340685372549       4   0 0  1 1  0 1  1 0
   235  0.3372357713408250       4   0 0  0 2  0 1  1 0
   236  -.7460778942635270E-01   4   2 0  0 0  0 0  2 0
   237  -.6598927924469518       4   1 1  0 0  0 0  2 0
   238  -.6787114074223162       4   0 2  0 0  0 0  2 0
   239  -.5110445515616985E-03   4   1 0  1 0  0 0  2 0
   240  0.5870853172362594E-03   4   0 1  1 0  0 0  2 0
   241  -.9429821800314608E-02   4   0 0  2 0  0 0  2 0
   242  0.9509241935925504E-03   4   1 0  0 1  0 0  2 0
   243  0.2146470616964611E-02   4   0 1  0 1  0 0  2 0
   244  0.2662914761880670       4   0 0  1 1  0 0  2 0
   245  0.3466706005154194       4   0 0  0 2  0 0  2 0
   246  0.2078191521662278       4   2 0  0 0  0 1  0 1
   247   1.130267592117743       4   1 1  0 0  0 1  0 1
   248  0.8601118305484921       4   0 2  0 0  0 1  0 1
   249  0.8236648112079526E-03   4   1 0  1 0  0 1  0 1
   250  -.9685087767337581E-03   4   0 1  1 0  0 1  0 1
   251  0.2233497411693170E-01   4   0 0  2 0  0 1  0 1
   252  -.1368095333589861E-02   4   1 0  0 1  0 1  0 1
   253  -.2635637296877584E-02   4   0 1  0 1  0 1  0 1
   254  -.3232441607113524       4   0 0  1 1  0 1  0 1
   255  -.3166124370048723       4   0 0  0 2  0 1  0 1
   256  0.2075394789454199       4   2 0  0 0  0 0  1 1
   257   1.128746531259939       4   1 1  0 0  0 0  1 1
   258  0.8589543325826071       4   0 2  0 0  0 0  1 1
   259  0.8225563619230069E-03   4   1 0  1 0  0 0  1 1
   260  -.9672054032662670E-03   4   0 1  1 0  0 0  1 1
   261  0.2230491676137625E-01   4   0 0  2 0  0 0  1 1
   262  -.1366254215366015E-02   4   1 0  0 1  0 0  1 1
   263  -.2632090380416729E-02   4   0 1  0 1  0 0  1 1
   264  -.3228091539538361       4   0 0  1 1  0 0  1 1
   265  -.3161863549085782       4   0 0  0 2  0 0  1 1
   266  -.2097308420834430       4   2 0  0 0  0 0  0 2
   267  -.3726251013737634       4   1 1  0 0  0 0  0 2
   268  -.1654311309251774       4   0 2  0 0  0 0  0 2
   269  -.8337328075661220E-05   4   1 0  1 0  0 0  0 2
   270  -.4001154203694998E-04   4   0 1  1 0  0 0  0 2
   271  -.2216975655840724E-01   4   0 0  2 0  0 0  0 2
   272  -.7661562255435956E-05   4   1 0  0 1  0 0  0 2
   273  -.3283846995335533E-04   4   0 1  0 1  0 0  0 2
   274  -.4876451673058400E-01   4   0 0  1 1  0 0  0 2
   275  -.2536157099426723E-01   4   0 0  0 2  0 0  0 2
   276  -.8559120263640248E-01   4   1 0  0 0  0 3  0 0
   277  -.8706411006235738       4   0 1  0 0  0 3  0 0
   278  -.3868457397437591E-05   4   0 0  1 0  0 3  0 0
   279  -.3042638578685029E-04   4   0 0  0 1  0 3  0 0
   280  -.5518845308205069E-01   4   1 0  0 0  0 2  1 0
   281  -.6168214934990186       4   0 1  0 0  0 2  1 0
   282  -.1945330474393919E-05   4   0 0  1 0  0 2  1 0
   283  -.2096787568211924E-04   4   0 0  0 1  0 2  1 0
   284  -.5524959244830577E-01   4   1 0  0 0  0 1  2 0
   285  -.6173314960338847       4   0 1  0 0  0 1  2 0
   286  -.1949202045803351E-05   4   0 0  1 0  0 1  2 0
   287  -.2098688625222635E-04   4   0 0  0 1  0 1  2 0
   288  -.8538134079554119E-01   4   1 0  0 0  0 0  3 0
   289  -.8684691139420084       4   0 1  0 0  0 0  3 0
   290  -.3859341215185161E-05   4   0 0  1 0  0 0  3 0
   291  -.3035087642734766E-04   4   0 0  0 1  0 0  3 0
   292  0.2111303199501795       4   1 0  0 0  0 2  0 1
   293   1.233461057564592       4   0 1  0 0  0 2  0 1
   294  0.4974080738397092E-05   4   0 0  1 0  0 2  0 1
   295  0.3855764351757981E-04   4   0 0  0 1  0 2  0 1
   296  0.1504549158148780       4   1 0  0 0  0 1  1 1
   297  0.9838758681164339       4   0 1  0 0  0 1  1 1
   298  0.2887682359453235E-05   4   0 0  1 0  0 1  1 1
   299  0.2958841006456850E-04   4   0 0  0 1  0 1  1 1
   300  0.2107449531483130       4   1 0  0 0  0 0  2 1
   301   1.231139096916904       4   0 1  0 0  0 0  2 1
   302  0.4965443801545854E-05   4   0 0  1 0  0 0  2 1
   303  0.3848584511418699E-04   4   0 0  0 1  0 0  2 1
   304  -.1503494152393241       4   1 0  0 0  0 1  0 2
   305  -.2416718047914949       4   0 1  0 0  0 1  0 2
   306  -.9331602407615285E-06   4   0 0  1 0  0 1  0 2
   307  -.3372311278696486E-05   4   0 0  0 1  0 1  0 2
   308  -.1501470820820159       4   1 0  0 0  0 0  1 2
   309  -.2413465742662025       4   0 1  0 0  0 0  1 2
   310  -.9319044376877821E-06   4   0 0  1 0  0 0  1 2
   311  -.3367772981109095E-05   4   0 0  0 1  0 0  1 2
   312  0.9577148009899134E-02   4   1 0  0 0  0 0  0 3
   313  0.7796868839907082E-02   4   0 1  0 0  0 0  0 3
   314  0.6151409973028978E-06   4   0 0  1 0  0 0  0 3
   315  0.5038513675540546E-06   4   0 0  0 1  0 0  0 3
   316  -.3160984310935662E-04   4   0 0  0 0  0 4  0 0
   317  -.2004738460690365E-04   4   0 0  0 0  0 3  1 0
   318  -.1851650946469855E-04   4   0 0  0 0  0 2  2 0
   319  -.2008043256250988E-04   4   0 0  0 0  0 1  3 0
   320  -.3151133082752671E-04   4   0 0  0 0  0 0  4 0
   321  0.3864683857736596E-04   4   0 0  0 0  0 3  0 1
   322  0.2692230683749500E-04   4   0 0  0 0  0 2  1 1
   323  0.2694586933379993E-04   4   0 0  0 0  0 1  2 1
   324  0.3855073397643277E-04   4   0 0  0 0  0 0  3 1
   325  -.2915417036270326E-05   4   0 0  0 0  0 2  0 2
   326  -.3527518185465230E-05   4   0 0  0 0  0 1  1 2
   327  -.2909120021557796E-05   4   0 0  0 0  0 0  2 2
   328  0.2518738746604461E-07   4   0 0  0 0  0 1  0 3
   329  0.2515349146703323E-07   4   0 0  0 0  0 0  1 3
   330  0.9377749043963041E-13   4   0 0  0 0  0 0  0 4
   ----------------------------------------------------
     I  COEFFICIENT            ORDER EXPONENTS
     1  0.8784498095443645E-05   0   0 0  0 0  0 0  0 0
     2  0.1560213515182000E-04   1   1 0  0 0  0 0  0 0
     3  0.1379592853801678E-04   1   0 1  0 0  0 0  0 0
     4  0.5409911011840505       1   0 0  1 0  0 0  0 0
     5  0.7344178787031691       1   0 0  0 1  0 0  0 0
     6  -.1836349913421027E-04   1   0 0  0 0  0 1  0 0
     7  -.1833878640251719E-04   1   0 0  0 0  0 0  1 0
     8  0.3670228553683006E-04   1   0 0  0 0  0 0  0 1
     9  0.3702404999479303E-03   2   2 0  0 0  0 0  0 0
    10  0.7110832329531506E-03   2   1 1  0 0  0 0  0 0
    11  0.3768639644993012E-03   2   0 2  0 0  0 0  0 0
    12  0.1965830210291615       2   1 0  1 0  0 0  0 0
    13  0.1751239360110036       2   0 1  1 0  0 0  0 0
    14  0.1346307788510591E-04   2   0 0  2 0  0 0  0 0
    15  0.1790377598484569       2   1 0  0 1  0 0  0 0
    16  0.1605370149381677       2   0 1  0 1  0 0  0 0
    17  0.6146105973150245E-04   2   0 0  1 1  0 0  0 0
    18  0.8568348946096149E-04   2   0 0  0 2  0 0  0 0
    19  -.8383423190293901E-05   2   1 0  0 0  0 1  0 0
    20  -.1436394879081771E-04   2   0 1  0 0  0 1  0 0
    21  0.2129478965445325       2   0 0  1 0  0 1  0 0
    22  -.1757951529316633       2   0 0  0 1  0 1  0 0
    23  -.8372141174461444E-05   2   1 0  0 0  0 0  1 0
    24  -.1434461846548446E-04   2   0 1  0 0  0 0  1 0
    25  0.2126613213012497       2   0 0  1 0  0 0  1 0
    26  -.1755585760997863       2   0 0  0 1  0 0  1 0
    27  0.1675554069286756E-04   2   1 0  0 0  0 0  0 1
    28  0.1491261539602019E-04   2   0 1  0 0  0 0  0 1
    29  -.4256092178643208       2   0 0  1 0  0 0  0 1
    30  -.3830641496905419       2   0 0  0 1  0 0  0 1
    31  0.1313005386916534E-04   2   0 0  0 0  0 2  0 0
    32  0.7910664819861611E-05   2   0 0  0 0  0 1  1 0
    33  0.1310706116144690E-04   2   0 0  0 0  0 0  2 0
    34  -.1580728197697738E-04   2   0 0  0 0  0 1  0 1
    35  -.1578600928186417E-04   2   0 0  0 0  0 0  1 1
    36  -.2554490736674478E-05   2   0 0  0 0  0 0  0 2
    37  -.3689638447842155E-02   3   3 0  0 0  0 0  0 0
    38  -.9970175409978920E-02   3   2 1  0 0  0 0  0 0
    39  -.9017721555792287E-02   3   1 2  0 0  0 0  0 0
    40  -.2722760170087261E-02   3   0 3  0 0  0 0  0 0
    41  -3.253384964628304       3   2 0  1 0  0 0  0 0
    42  -6.872666639543164       3   1 1  1 0  0 0  0 0
    43  -3.960683661820352       3   0 2  1 0  0 0  0 0
    44  0.7769284506420345E-02   3   1 0  2 0  0 0  0 0
    45  0.6880199948254178E-02   3   0 1  2 0  0 0  0 0
    46  -.5585733114073125       3   0 0  3 0  0 0  0 0
    47  -3.750983702900500       3   2 0  0 1  0 0  0 0
    48  -7.314346438735803       3   1 1  0 1  0 0  0 0
    49  -3.558635131451388       3   0 2  0 1  0 0  0 0
    50  0.1407936609146751E-01   3   1 0  1 1  0 0  0 0
    51  0.1255189668281240E-01   3   0 1  1 1  0 0  0 0
    52  -1.438519579302449       3   0 0  2 1  0 0  0 0
    53  0.6459862244181748E-02   3   1 0  0 2  0 0  0 0
    54  0.5805365325832415E-02   3   0 1  0 2  0 0  0 0
    55  -1.699602037235753       3   0 0  1 2  0 0  0 0
    56  -.4124401218749494       3   0 0  0 3  0 0  0 0
    57  -.3512902902057198E-03   3   2 0  0 0  0 1  0 0
    58  -.1054389160221116E-02   3   1 1  0 0  0 1  0 0
    59  -.7363180214182135E-03   3   0 2  0 0  0 1  0 0
    60  -.9017969931007888E-01   3   1 0  1 0  0 1  0 0
    61  -.1673601305536519       3   0 1  1 0  0 1  0 0
    62  -.1381652324513792E-03   3   0 0  2 0  0 1  0 0
    63  -.1732059412499917       3   1 0  0 1  0 1  0 0
    64  -.2350912895495571       3   0 1  0 1  0 1  0 0
    65  -.2112179931128931E-03   3   0 0  1 1  0 1  0 0
    66  -.1534791682618792E-03   3   0 0  0 2  0 1  0 0
    67  -.3508175402888983E-03   3   2 0  0 0  0 0  1 0
    68  -.1052970212980929E-02   3   1 1  0 0  0 0  1 0
    69  -.7353271193264547E-03   3   0 2  0 0  0 0  1 0
    70  -.9005833972076921E-01   3   1 0  1 0  0 0  1 0
    71  -.1671349051773623       3   0 1  1 0  0 0  1 0
    72  -.1379792961930479E-03   3   0 0  2 0  0 0  1 0
    73  -.1729728488571706       3   1 0  0 1  0 0  1 0
    74  -.2347749147715499       3   0 1  0 1  0 0  1 0
    75  -.2109337458921206E-03   3   0 0  1 1  0 0  1 0
    76  -.1532726232304548E-03   3   0 0  0 2  0 0  1 0
    77  0.7017025414775735E-03   3   2 0  0 0  0 0  0 1
    78  0.1395434039436697E-02   3   1 1  0 0  0 0  0 1
    79  0.7174776094623599E-03   3   0 2  0 0  0 0  0 1
    80  0.1802383365927502       3   1 0  1 0  0 0  0 1
    81  0.1593713384433529       3   0 1  1 0  0 0  0 1
    82  0.2763761282864396E-03   3   0 0  2 0  0 0  0 1
    83  0.1671412683916494       3   1 0  0 1  0 0  0 1
    84  0.1487923637856502       3   0 1  0 1  0 0  0 1
    85  0.3611697802845804E-03   3   0 0  1 1  0 0  0 1
    86  0.1356334115894724E-03   3   0 0  0 2  0 0  0 1
    87  0.6581821649391912E-05   3   1 0  0 0  0 2  0 0
    88  0.1476764582250088E-04   3   0 1  0 0  0 2  0 0
    89  -.1515509932111355       3   0 0  1 0  0 2  0 0
    90  0.4273379668299890E-01   3   0 0  0 1  0 2  0 0
    91  0.4816991505397855E-05   3   1 0  0 0  0 1  1 0
    92  0.1521514327314862E-04   3   0 1  0 0  0 1  1 0
    93  -.9031902550477670E-01   3   0 0  1 0  0 1  1 0
    94  -.8996979404386224E-01   3   0 0  0 1  0 1  1 0
    95  0.6569722903931284E-05   3   1 0  0 0  0 0  2 0
    96  0.1473753430933109E-04   3   0 1  0 0  0 0  2 0
    97  -.1512862694828548       3   0 0  1 0  0 0  2 0
    98  0.4273682610774426E-01   3   0 0  0 1  0 0  2 0
    99  -.9666644299595188E-05   3   1 0  0 0  0 1  0 1
   100  -.1612430127037769E-04   3   0 1  0 0  0 1  0 1
   101  0.1804733173925450       3   0 0  1 0  0 1  0 1
   102  0.3560926317020908       3   0 0  0 1  0 1  0 1
   103  -.9653635385269961E-05   3   1 0  0 0  0 0  1 1
   104  -.1610260194564002E-04   3   0 1  0 0  0 0  1 1
   105  0.1802304449074113       3   0 0  1 0  0 0  1 1
   106  0.3556134190204107       3   0 0  0 1  0 0  1 1
   107  0.1330557532960401E-05   3   1 0  0 0  0 0  0 2
   108  0.1275211435893315E-05   3   0 1  0 0  0 0  0 2
   109  0.3245266905525442E-01   3   0 0  1 0  0 0  0 2
   110  0.2721105318217211E-01   3   0 0  0 1  0 0  0 2
   111  -.1052418649372281E-04   3   0 0  0 0  0 3  0 0
   112  -.5315283691448825E-05   3   0 0  0 0  0 2  1 0
   113  -.5325769945550942E-05   3   0 0  0 0  0 1  2 0
   114  -.1049937035923341E-04   3   0 0  0 0  0 0  3 0
   115  0.1062662334416222E-04   3   0 0  0 0  0 2  0 1
   116  0.5459623149833170E-05   3   0 0  0 0  0 1  1 1
   117  0.1060864888351510E-04   3   0 0  0 0  0 0  2 1
   118  0.2451290894106621E-05   3   0 0  0 0  0 1  0 2
   119  0.2447992062346665E-05   3   0 0  0 0  0 0  1 2
   120  0.6994703722022778E-07   3   0 0  0 0  0 0  0 3
   121  -.1465578447767525E-02   4   4 0  0 0  0 0  0 0
   122  -.4854951315774636E-02   4   3 1  0 0  0 0  0 0
   123  -.5876832751782276E-02   4   2 2  0 0  0 0  0 0
   124  -.2689936270661780E-02   4   1 3  0 0  0 0  0 0
   125  -.2024009455806597E-03   4   0 4  0 0  0 0  0 0
   126   42.95991755539578       4   3 0  1 0  0 0  0 0
   127   116.9906989264358       4   2 1  1 0  0 0  0 0
   128   106.8402759611286       4   1 2  1 0  0 0  0 0
   129   32.79872476723045       4   0 3  1 0  0 0  0 0
   130  0.9127370098720510E-02   4   2 0  2 0  0 0  0 0
   131  0.1714014581169688E-01   4   1 1  2 0  0 0  0 0
   132  0.8396436655471379E-02   4   0 2  2 0  0 0  0 0
   133  -30.49619425696885       4   1 0  3 0  0 0  0 0
   134  -26.82485100519346       4   0 1  3 0  0 0  0 0
   135  -.7854556452818323E-03   4   0 0  4 0  0 0  0 0
   136   39.73625268725317       4   3 0  0 1  0 0  0 0
   137   108.8231494643859       4   2 1  0 1  0 0  0 0
   138   100.0241289674259       4   1 2  0 1  0 0  0 0
   139   30.92442444176784       4   0 3  0 1  0 0  0 0
   140  0.1546632898151524E-01   4   2 0  1 1  0 0  0 0
   141  0.2899555381527786E-01   4   1 1  1 1  0 0  0 0
   142  0.1390038582470873E-01   4   0 2  1 1  0 0  0 0
   143  -82.97398968764712       4   1 0  2 1  0 0  0 0
   144  -73.46922571633752       4   0 1  2 1  0 0  0 0
   145  -.3427261772840322E-02   4   0 0  3 1  0 0  0 0
   146  0.6729056223850061E-02   4   2 0  0 2  0 0  0 0
   147  0.1303524233036841E-01   4   1 1  0 2  0 0  0 0
   148  0.6406144157012076E-02   4   0 2  0 2  0 0  0 0
   149  -75.62888609162471       4   1 0  1 2  0 0  0 0
   150  -67.32280431910232       4   0 1  1 2  0 0  0 0
   151  -.5116460865247653E-02   4   0 0  2 2  0 0  0 0
   152  -23.00252978324130       4   1 0  0 3  0 0  0 0
   153  -20.55835038394423       4   0 1  0 3  0 0  0 0
   154  -.3334493809216194E-02   4   0 0  1 3  0 0  0 0
   155  -.7735805866269374E-03   4   0 0  0 4  0 0  0 0
   156  0.4361264398055436E-03   4   3 0  0 0  0 1  0 0
   157  0.5483521733998034E-02   4   2 1  0 0  0 1  0 0
   158  0.8783415353925964E-02   4   1 2  0 0  0 1  0 0
   159  0.3779246977272810E-02   4   0 3  0 0  0 1  0 0
   160   3.714366093118705       4   2 0  1 0  0 1  0 0
   161   11.07467662520001       4   1 1  1 0  0 1  0 0
   162   7.991414992844680       4   0 2  1 0  0 1  0 0
   163  -.7440544589186291E-03   4   1 0  2 0  0 1  0 0
   164  -.3762735386403434E-02   4   0 1  2 0  0 1  0 0
   165  0.7802534491838655       4   0 0  3 0  0 1  0 0
   166   5.519324199411113       4   2 0  0 1  0 1  0 0
   167   14.60290179840371       4   1 1  0 1  0 1  0 0
   168   9.197026559135933       4   0 2  0 1  0 1  0 0
   169  -.7504190465286955E-02   4   1 0  1 1  0 1  0 0
   170  -.1227635177136480E-01   4   0 1  1 1  0 1  0 0
   171   2.322403342046932       4   0 0  2 1  0 1  0 0
   172  -.6263307514108659E-02   4   1 0  0 2  0 1  0 0
   173  -.8186527054812012E-02   4   0 1  0 2  0 1  0 0
   174   2.879368948107931       4   0 0  1 2  0 1  0 0
   175   1.051826553017230       4   0 0  0 3  0 1  0 0
   176  0.4355395213967769E-03   4   3 0  0 0  0 0  1 0
   177  0.5476142268877836E-02   4   2 1  0 0  0 0  1 0
   178  0.8771595047490666E-02   4   1 2  0 0  0 0  1 0
   179  0.3774161044800531E-02   4   0 3  0 0  0 0  1 0
   180   3.709367474282589       4   2 0  1 0  0 0  1 0
   181   11.05977284732923       4   1 1  1 0  0 0  1 0
   182   7.980660523169648       4   0 2  1 0  0 0  1 0
   183  -.7430531454938878E-03   4   1 0  2 0  0 0  1 0
   184  -.3757671674451988E-02   4   0 1  2 0  0 0  1 0
   185  0.7792034208640245       4   0 0  3 0  0 0  1 0
   186   5.511896553020279       4   2 0  0 1  0 0  1 0
   187   14.58324990137433       4   1 1  0 1  0 0  1 0
   188   9.184649634233487       4   0 2  0 1  0 0  1 0
   189  -.7494091679419017E-02   4   1 0  1 1  0 0  1 0
   190  -.1225983083571532E-01   4   0 1  1 1  0 0  1 0
   191   2.319277961080280       4   0 0  2 1  0 0  1 0
   192  -.6254878650035630E-02   4   1 0  0 2  0 0  1 0
   193  -.8175510012519299E-02   4   0 1  0 2  0 0  1 0
   194   2.875494029077523       4   0 0  1 2  0 0  1 0
   195   1.050411054413047       4   0 0  0 3  0 0  1 0
   196  0.2469241625925833E-03   4   3 0  0 0  0 0  0 1
   197  0.8533548266925840E-03   4   2 1  0 0  0 0  0 1
   198  0.9559723165772499E-03   4   1 2  0 0  0 0  0 1
   199  0.3576057055071042E-03   4   0 3  0 0  0 0  0 1
   200  -7.419913437740099       4   2 0  1 0  0 0  0 1
   201  -15.25392383449252       4   1 1  1 0  0 0  0 1
   202  -8.046640993846895       4   0 2  1 0  0 0  0 1
   203  -.5908101579658588E-03   4   1 0  2 0  0 0  0 1
   204  -.5532166281537570E-03   4   0 1  2 0  0 0  0 1
   205  -1.560216269424531       4   0 0  3 0  0 0  0 1
   206  -7.276177940954978       4   2 0  0 1  0 0  0 1
   207  -14.54904028182085       4   1 1  0 1  0 0  0 1
   208  -7.701383019451775       4   0 2  0 1  0 0  0 1
   209  -.1217710917423926E-02   4   1 0  1 1  0 0  0 1
   210  -.1143473947189147E-02   4   0 1  1 1  0 0  0 1
   211  -3.205499768462473       4   0 0  2 1  0 0  0 1
   212  -.5737561480652456E-03   4   1 0  0 2  0 0  0 1
   213  -.5329187876412397E-03   4   0 1  0 2  0 0  0 1
   214  -2.358073582733799       4   0 0  1 2  0 0  0 1
   215  -.8657517637700892       4   0 0  0 3  0 0  0 1
   216  0.4878571137885743E-04   4   2 0  0 0  0 2  0 0
   217  0.6754480220442507E-03   4   1 1  0 0  0 2  0 0
   218  0.7332403974290481E-03   4   0 2  0 0  0 2  0 0
   219  0.6368029145002294E-01   4   1 0  1 0  0 2  0 0
   220  0.1619862946838336       4   0 1  1 0  0 2  0 0
   221  0.1467627901292321E-03   4   0 0  2 0  0 2  0 0
   222  0.1689388001772398       4   1 0  0 1  0 2  0 0
   223  0.2884711153578853       4   0 1  0 1  0 2  0 0
   224  0.1806573579253420E-03   4   0 0  1 1  0 2  0 0
   225  0.1182000350830982E-03   4   0 0  0 2  0 2  0 0
   226  0.6787317217007421E-04   4   2 0  0 0  0 1  1 0
   227  0.9455905623940507E-03   4   1 1  0 0  0 1  1 0
   228  0.1074587126266947E-02   4   0 2  0 0  0 1  1 0
   229  0.3690171776740574E-01   4   1 0  1 0  0 1  1 0
   230  0.1560004650102322       4   0 1  1 0  0 1  1 0
   231  0.2067915733898750E-03   4   0 0  2 0  0 1  1 0
   232  0.1643534460290932       4   1 0  0 1  0 1  1 0
   233  0.3412176952463356       4   0 1  0 1  0 1  1 0
   234  0.3678265226501105E-03   4   0 0  1 1  0 1  1 0
   235  0.2217646595452199E-03   4   0 0  0 2  0 1  1 0
   236  0.4867438760949850E-04   4   2 0  0 0  0 0  2 0
   237  0.6739027703216156E-03   4   1 1  0 0  0 0  2 0
   238  0.7315305727031166E-03   4   0 2  0 0  0 0  2 0
   239  0.6356976321861085E-01   4   1 0  1 0  0 0  2 0
   240  0.1616633321257159       4   0 1  1 0  0 0  2 0
   241  0.1464261385061097E-03   4   0 0  2 0  0 0  2 0
   242  0.1686008607407930       4   1 0  0 1  0 0  2 0
   243  0.2878533071793946       4   0 1  0 1  0 0  2 0
   244  0.1801667359675626E-03   4   0 0  1 1  0 0  2 0
   245  0.1178917468328269E-03   4   0 0  0 2  0 0  2 0
   246  -.2194063403328240E-03   4   2 0  0 0  0 1  0 1
   247  -.1084757615019562E-02   4   1 1  0 0  0 1  0 1
   248  -.8622028655949723E-03   4   0 2  0 0  0 1  0 1
   249  -.7342909751969898E-01   4   1 0  1 0  0 1  0 1
   250  -.1437265194031063       4   0 1  1 0  0 1  0 1
   251  -.4052830992477758E-03   4   0 0  2 0  0 1  0 1
   252  -.1551243343753090       4   1 0  0 1  0 1  0 1
   253  -.2117571088061838       4   0 1  0 1  0 1  0 1
   254  -.7407561496449562E-03   4   0 0  1 1  0 1  0 1
   255  -.2760320085945067E-03   4   0 0  0 2  0 1  0 1
   256  -.2191110736202666E-03   4   2 0  0 0  0 0  1 1
   257  -.1083297799344124E-02   4   1 1  0 0  0 0  1 1
   258  -.8610425536126677E-03   4   0 2  0 0  0 0  1 1
   259  -.7333028010085049E-01   4   1 0  1 0  0 0  1 1
   260  -.1435330990268898       4   0 1  1 0  0 0  1 1
   261  -.4047376883531390E-03   4   0 0  2 0  0 0  1 1
   262  -.1549155753568634       4   1 0  0 1  0 0  1 1
   263  -.2114721360689192       4   0 1  0 1  0 0  1 1
   264  -.7397592749293921E-03   4   0 0  1 1  0 0  1 1
   265  -.2756605377262784E-03   4   0 0  0 2  0 0  1 1
   266  0.1258908407073579E-03   4   2 0  0 0  0 0  0 2
   267  0.2697421784101962E-03   4   1 1  0 0  0 0  0 2
   268  0.1403426392488021E-03   4   0 2  0 0  0 0  0 2
   269  -.1722154736839798E-01   4   1 0  1 0  0 0  0 2
   270  -.1645944275917446E-01   4   0 1  1 0  0 0  0 2
   271  0.2727299706911317E-03   4   0 0  2 0  0 0  0 2
   272  -.1260928597802962E-01   4   1 0  0 1  0 0  0 2
   273  -.1232203295501807E-01   4   0 1  0 1  0 0  0 2
   274  0.4468193773155108E-03   4   0 0  1 1  0 0  0 2
   275  0.1754550014039919E-03   4   0 0  0 2  0 0  0 2
   276  -.9630510648297506E-05   4   1 0  0 0  0 3  0 0
   277  -.1949078276482194E-04   4   0 1  0 0  0 3  0 0
   278  0.1209926451000577       4   0 0  1 0  0 3  0 0
   279  0.2044168339828688E-01   4   0 0  0 1  0 3  0 0
   280  -.6754104025034429E-05   4   1 0  0 0  0 2  1 0
   281  -.1929498958215531E-04   4   0 1  0 0  0 2  1 0
   282  0.5991134989039106E-01   4   0 0  1 0  0 2  1 0
   283  0.1467096753909277       4   0 0  0 1  0 2  1 0
   284  -.6759884261728484E-05   4   1 0  0 0  0 1  2 0
   285  -.1929533186782201E-04   4   0 1  0 0  0 1  2 0
   286  0.6003432169729971E-01   4   0 0  1 0  0 1  2 0
   287  0.1464547315903084       4   0 0  0 1  0 1  2 0
   288  -.9606531667562382E-05   4   1 0  0 0  0 0  3 0
   289  -.1943847245154970E-04   4   0 1  0 0  0 0  3 0
   290  0.1207081472637859       4   0 0  1 0  0 0  3 0
   291  0.2030183460785627E-01   4   0 0  0 1  0 0  3 0
   292  0.1191110168010679E-04   4   1 0  0 0  0 2  0 1
   293  0.2124514469403583E-04   4   0 1  0 0  0 2  0 1
   294  -.1197788480293483       4   0 0  1 0  0 2  0 1
   295  -.3362254275253461       4   0 0  0 1  0 2  0 1
   296  0.9202250471098632E-05   4   1 0  0 0  0 1  1 1
   297  0.2132661898569382E-04   4   0 1  0 0  0 1  1 1
   298  -.5924521812603629E-01   4   0 0  1 0  0 1  1 1
   299  -.3164085243428739       4   0 0  0 1  0 1  1 1
   300  0.1188888030338321E-04   4   1 0  0 0  0 0  2 1
   301  0.2120220380022646E-04   4   0 1  0 0  0 0  2 1
   302  -.1195777905894402       4   0 0  1 0  0 0  2 1
   303  -.3355600473506163       4   0 0  0 1  0 0  2 1
   304  -.7611900330088571E-06   4   1 0  0 0  0 1  0 2
   305  -.1215026193034762E-05   4   0 1  0 0  0 1  0 2
   306  -.3107521914910760E-01   4   0 0  1 0  0 1  0 2
   307  -.3971351470094807E-01   4   0 0  0 1  0 1  0 2
   308  -.7601656593360544E-06   4   1 0  0 0  0 0  1 2
   309  -.1213391068046356E-05   4   0 1  0 0  0 0  1 2
   310  -.3103339958370104E-01   4   0 0  1 0  0 0  1 2
   311  -.3966007012449658E-01   4   0 0  0 1  0 0  1 2
   312  0.6796404199508883E-07   4   1 0  0 0  0 0  0 3
   313  0.5488438134533093E-07   4   0 1  0 0  0 0  0 3
   314  -.9327826814442517E-03   4   0 0  1 0  0 0  0 3
   315  -.7536860296987701E-03   4   0 0  0 1  0 0  0 3
   316  0.9903310390483660E-05   4   0 0  0 0  0 4  0 0
   317  0.4066517276144826E-05   4   0 0  0 0  0 3  1 0
   318  0.3300121993457361E-05   4   0 0  0 0  0 2  2 0
   319  0.4083218863855851E-05   4   0 0  0 0  0 1  3 0
   320  0.9873933467552616E-05   4   0 0  0 0  0 0  4 0
   321  -.1277998739235264E-05   4   0 0  0 0  0 3  0 1
   322  0.1278100847022259E-05   4   0 0  0 0  0 2  1 1
   323  0.1272944501265628E-05   4   0 0  0 0  0 1  2 1
   324  -.1276277781672524E-05   4   0 0  0 0  0 0  3 1
   325  -.9057056846852967E-06   4   0 0  0 0  0 2  0 2
   326  -.1047472841272833E-05   4   0 0  0 0  0 1  1 2
   327  -.9037820088672276E-06   4   0 0  0 0  0 0  2 2
   328  -.2960252018378410E-07   4   0 0  0 0  0 1  0 3
   329  -.2956268250723920E-07   4   0 0  0 0  0 0  1 3
   330  -.5643297995403799E-13   4   0 0  0 0  0 0  0 4
   ----------------------------------------------------
     I  COEFFICIENT            ORDER EXPONENTS
     1  0.1808387844944278E-03   0   0 0  0 0  0 0  0 0
     2  0.7069694105356342E-04   1   1 0  0 0  0 0  0 0
     3  0.6541684460728408E-04   1   0 1  0 0  0 0  0 0
     4  -2.001667663274464       1   0 0  1 0  0 0  0 0
     5  -.8688877102560404       1   0 0  0 1  0 0  0 0
     6  0.9111919238507200E-05   1   0 0  0 0  0 1  0 0
     7  0.9099656847025883E-05   1   0 0  0 0  0 0  1 0
     8  0.1626272084075499E-03   1   0 0  0 0  0 0  0 1
     9  0.1144641497341185E-02   2   2 0  0 0  0 0  0 0
    10  0.2038562715527895E-02   2   1 1  0 0  0 0  0 0
    11  0.9731058939196148E-03   2   0 2  0 0  0 0  0 0
    12  0.8478930339587640       2   1 0  1 0  0 0  0 0
    13  0.7770083875758057       2   0 1  1 0  0 0  0 0
    14  0.7159856455709807E-03   2   0 0  2 0  0 0  0 0
    15  0.8043427713111716       2   1 0  0 1  0 0  0 0
    16  0.7421011909764827       2   0 1  0 1  0 0  0 0
    17  0.1758128547318600E-02   2   0 0  1 1  0 0  0 0
    18  0.9249133150909637E-03   2   0 0  0 2  0 0  0 0
    19  -.4500868804370307E-05   2   1 0  0 0  0 1  0 0
    20  -.3709624439737539E-04   2   0 1  0 0  0 1  0 0
    21  -.1134383343268735       2   0 0  1 0  0 1  0 0
    22  0.8384613747045935       2   0 0  0 1  0 1  0 0
    23  -.4494811747252002E-05   2   1 0  0 0  0 0  1 0
    24  -.3704632201995079E-04   2   0 1  0 0  0 0  1 0
    25  -.1132856743627004       2   0 0  1 0  0 0  1 0
    26  0.8373330129018316       2   0 0  0 1  0 0  1 0
    27  0.7969243700580552E-04   2   1 0  0 0  0 0  0 1
    28  0.7414238515647297E-04   2   0 1  0 0  0 0  0 1
    29  -1.774943654675573       2   0 0  1 0  0 0  0 1
    30  -1.675794387705224       2   0 0  0 1  0 0  0 1
    31  -.6672121340642185E-05   2   0 0  0 0  0 2  0 0
    32  -.4238856937310197E-05   2   0 0  0 0  0 1  1 0
    33  -.6660290087236320E-05   2   0 0  0 0  0 0  2 0
    34  0.1758305485597424E-04   2   0 0  0 0  0 1  0 1
    35  0.1755939240940975E-04   2   0 0  0 0  0 0  1 1
    36  -.1757120680060906E-04   2   0 0  0 0  0 0  0 2
    37  -.1816905435016015E-01   3   3 0  0 0  0 0  0 0
    38  -.5101424618162601E-01   3   2 1  0 0  0 0  0 0
    39  -.4795217341921185E-01   3   1 2  0 0  0 0  0 0
    40  -.1505324121304519E-01   3   0 3  0 0  0 0  0 0
    41  -18.49564861002181       3   2 0  1 0  0 0  0 0
    42  -35.77385893598868       3   1 1  1 0  0 0  0 0
    43  -17.99674823261875       3   0 2  1 0  0 0  0 0
    44  0.3264828184721123E-01   3   1 0  2 0  0 0  0 0
    45  0.2965554154196108E-01   3   0 1  2 0  0 0  0 0
    46  -2.904852390941846       3   0 0  3 0  0 0  0 0
    47  -16.46691265376716       3   2 0  0 1  0 0  0 0
    48  -32.56090010301527       3   1 1  0 1  0 0  0 0
    49  -17.63529622745500       3   0 2  0 1  0 0  0 0
    50  0.6142610811026940E-01   3   1 0  1 1  0 0  0 0
    51  0.5611809089604913E-01   3   0 1  1 1  0 0  0 0
    52  -9.207104454752884       3   0 0  2 1  0 0  0 0
    53  0.2919083288931093E-01   3   1 0  0 2  0 0  0 0
    54  0.2685713763566634E-01   3   0 1  0 2  0 0  0 0
    55  -8.528321743242277       3   0 0  1 2  0 0  0 0
    56  -3.245369806252615       3   0 0  0 3  0 0  0 0
    57  -.6830299763763725E-03   3   2 0  0 0  0 1  0 0
    58  -.2343473018079655E-02   3   1 1  0 0  0 1  0 0
    59  -.1598523882256578E-02   3   0 2  0 0  0 1  0 0
    60  0.5836247203299485E-01   3   1 0  1 0  0 1  0 0
    61  -.3322165426259510       3   0 1  1 0  0 1  0 0
    62  -.8689885210488320E-04   3   0 0  2 0  0 1  0 0
    63  -.3590979466317179       3   1 0  0 1  0 1  0 0
    64  -.6996372026795091       3   0 1  0 1  0 1  0 0
    65  -.1108309986570340E-02   3   0 0  1 1  0 1  0 0
    66  -.1068051907843977E-02   3   0 0  0 2  0 1  0 0
    67  -.6821107868242528E-03   3   2 0  0 0  0 0  1 0
    68  -.2340319282535977E-02   3   1 1  0 0  0 0  1 0
    69  -.1596372664151655E-02   3   0 2  0 0  0 0  1 0
    70  0.5828393056866126E-01   3   1 0  1 0  0 0  1 0
    71  -.3317694612597075       3   0 1  1 0  0 0  1 0
    72  -.8678190772512116E-04   3   0 0  2 0  0 0  1 0
    73  -.3586146895388407       3   1 0  0 1  0 0  1 0
    74  -.6986956639049015       3   0 1  0 1  0 0  1 0
    75  -.1106818475223253E-02   3   0 0  1 1  0 0  1 0
    76  -.1066614573921943E-02   3   0 0  0 2  0 0  1 0
    77  0.2507818006705656E-02   3   2 0  0 0  0 0  0 1
    78  0.4679557153229085E-02   3   1 1  0 0  0 0  0 1
    79  0.2219501464244799E-02   3   0 2  0 0  0 0  0 1
    80  0.7312497662110511       3   1 0  1 0  0 0  0 1
    81  0.6639886856832102       3   0 1  1 0  0 0  0 1
    82  0.8907972692280503E-03   3   0 0  2 0  0 0  0 1
    83  0.7177153687760969       3   1 0  0 1  0 0  0 1
    84  0.6562340118846866       3   0 1  0 1  0 0  0 1
    85  0.2217603605576458E-02   3   0 0  1 1  0 0  0 1
    86  0.1211121231448149E-02   3   0 0  0 2  0 0  0 1
    87  0.3456821390077265E-05   3   1 0  0 0  0 2  0 0
    88  0.2995941818853332E-04   3   0 1  0 0  0 2  0 0
    89  0.8295249559006977E-01   3   0 0  1 0  0 2  0 0
    90  -.5820881024628203       3   0 0  0 1  0 2  0 0
    91  0.2610561900746739E-05   3   1 0  0 0  0 1  1 0
    92  0.2309753873563475E-04   3   0 1  0 0  0 1  1 0
    93  0.5254835529981607E-01   3   0 0  1 0  0 1  1 0
    94  -.3264035239963249       3   0 0  0 1  0 1  1 0
    95  0.3450412777179193E-05   3   1 0  0 0  0 0  2 0
    96  0.2990355842596031E-04   3   0 1  0 0  0 0  2 0
    97  0.8280550348089841E-01   3   0 0  1 0  0 0  2 0
    98  -.5810851264875235       3   0 0  0 1  0 0  2 0
    99  -.9851419893957384E-05   3   1 0  0 0  0 1  0 1
   100  -.4644577453137674E-04   3   0 1  0 0  0 1  0 1
   101  -.2184530496998534       3   0 0  1 0  0 1  0 1
   102  0.6521187865836169       3   0 0  0 1  0 1  0 1
   103  -.9838162317345404E-05   3   1 0  0 0  0 0  1 1
   104  -.4638326999692596E-04   3   0 1  0 0  0 0  1 1
   105  -.2181590658809033       3   0 0  1 0  0 0  1 1
   106  0.6512411958539257       3   0 0  0 1  0 0  1 1
   107  0.1011409339813405E-04   3   1 0  0 0  0 0  0 2
   108  0.9664413644093463E-05   3   0 1  0 0  0 0  0 2
   109  0.2183059183235288       3   0 0  1 0  0 0  0 2
   110  0.1862170205392088       3   0 0  0 1  0 0  0 2
   111  0.5453182453416037E-05   3   0 0  0 0  0 3  0 0
   112  0.3019908522197508E-05   3   0 0  0 0  0 2  1 0
   113  0.3024805586282280E-05   3   0 0  0 0  0 1  2 0
   114  0.5440145215462307E-05   3   0 0  0 0  0 0  3 0
   115  -.1271111144890001E-04   3   0 0  0 0  0 2  0 1
   116  -.7853633898901810E-05   3   0 0  0 0  0 1  1 1
   117  -.1268872090897989E-04   3   0 0  0 0  0 0  2 1
   118  0.7848099886650192E-05   3   0 0  0 0  0 1  0 2
   119  0.7837538283690868E-05   3   0 0  0 0  0 0  1 2
   120  0.6288459246892413E-06   3   0 0  0 0  0 0  0 3
   121  -.6670210496778520E-02   4   4 0  0 0  0 0  0 0
   122  -.2446356165604850E-01   4   3 1  0 0  0 0  0 0
   123  -.3402461431717609E-01   4   2 2  0 0  0 0  0 0
   124  -.2045595163418421E-01   4   1 3  0 0  0 0  0 0
   125  -.4354171792323348E-02   4   0 4  0 0  0 0  0 0
   126   199.4851041858781       4   3 0  1 0  0 0  0 0
   127   555.8583530765007       4   2 1  1 0  0 0  0 0
   128   518.6836274614578       4   1 2  1 0  0 0  0 0
   129   162.4284381948796       4   0 3  1 0  0 0  0 0
   130  0.4045302499949430E-01   4   2 0  2 0  0 0  0 0
   131  0.7898960349298564E-01   4   1 1  2 0  0 0  0 0
   132  0.3822041181730500E-01   4   0 2  2 0  0 0  0 0
   133  -125.5510429761241       4   1 0  3 0  0 0  0 0
   134  -113.3651901123960       4   0 1  3 0  0 0  0 0
   135  -.6247971510963662E-02   4   0 0  4 0  0 0  0 0
   136   191.6039075953118       4   3 0  0 1  0 0  0 0
   137   537.5209699859016       4   2 1  0 1  0 0  0 0
   138   505.2577223522460       4   1 2  0 1  0 0  0 0
   139   159.4547940673586       4   0 3  0 1  0 0  0 0
   140  0.8244544023446536E-01   4   2 0  1 1  0 0  0 0
   141  0.1618876989106401       4   1 1  1 1  0 0  0 0
   142  0.7996772280571120E-01   4   0 2  1 1  0 0  0 0
   143  -350.9709792285998       4   1 0  2 1  0 0  0 0
   144  -319.5350620486426       4   0 1  2 1  0 0  0 0
   145  -.2140491064496777E-01   4   0 0  3 1  0 0  0 0
   146  0.4082392073506043E-01   4   2 0  0 2  0 0  0 0
   147  0.8120192167258070E-01   4   1 1  0 2  0 0  0 0
   148  0.4115844658779677E-01   4   0 2  0 2  0 0  0 0
   149  -330.3479578872830       4   1 0  1 2  0 0  0 0
   150  -302.8443762803254       4   0 1  1 2  0 0  0 0
   151  -.2752389497305293E-01   4   0 0  2 2  0 0  0 0
   152  -104.2928937723580       4   1 0  0 3  0 0  0 0
   153  -96.13870094650821       4   0 1  0 3  0 0  0 0
   154  -.1515248356295091E-01   4   0 0  1 3  0 0  0 0
   155  -.2662734088313970E-02   4   0 0  0 4  0 0  0 0
   156  -.2207784828985311E-02   4   3 0  0 0  0 1  0 0
   157  0.1532001660856065E-01   4   2 1  0 0  0 1  0 0
   158  0.3443439243040124E-01   4   1 2  0 0  0 1  0 0
   159  0.1702107976580322E-01   4   0 3  0 0  0 1  0 0
   160   10.17504253077010       4   2 0  1 0  0 1  0 0
   161   37.03848044187622       4   1 1  1 0  0 1  0 0
   162   26.83080343609249       4   0 2  1 0  0 1  0 0
   163  0.3816587057249821E-02   4   1 0  2 0  0 1  0 0
   164  -.9350947975612776E-02   4   0 1  2 0  0 1  0 0
   165  0.4544955752875156       4   0 0  3 0  0 1  0 0
   166   17.69369923268162       4   2 0  0 1  0 1  0 0
   167   50.70459176814926       4   1 1  0 1  0 1  0 0
   168   34.92784229500280       4   0 2  0 1  0 1  0 0
   169  -.1831504751011804E-01   4   1 0  1 1  0 1  0 0
   170  -.4053118071620238E-01   4   0 1  1 1  0 1  0 0
   171   6.377920801730513       4   0 0  2 1  0 1  0 0
   172  -.2058591456715149E-01   4   1 0  0 2  0 1  0 0
   173  -.3013344720091729E-01   4   0 1  0 2  0 1  0 0
   174   10.67824736526176       4   0 0  1 2  0 1  0 0
   175   5.651462825735829       4   0 0  0 3  0 1  0 0
   176  -.2204813696211767E-02   4   3 0  0 0  0 0  1 0
   177  0.1529939965221620E-01   4   2 1  0 0  0 0  1 0
   178  0.3438805224790509E-01   4   1 2  0 0  0 0  1 0
   179  0.1699817359883009E-01   4   0 3  0 0  0 0  1 0
   180   10.16134943806530       4   2 0  1 0  0 0  1 0
   181   36.98863580046058       4   1 1  1 0  0 0  1 0
   182   26.79469580532015       4   0 2  1 0  0 0  1 0
   183  0.3811450874257694E-02   4   1 0  2 0  0 0  1 0
   184  -.9338363910522110E-02   4   0 1  2 0  0 0  1 0
   185  0.4538839365619322       4   0 0  3 0  0 0  1 0
   186   17.66988788612943       4   2 0  0 1  0 0  1 0
   187   50.63635591817230       4   1 1  0 1  0 0  1 0
   188   34.88083805093432       4   0 2  0 1  0 0  1 0
   189  -.1829039998233721E-01   4   1 0  1 1  0 0  1 0
   190  -.4047663576336286E-01   4   0 1  1 1  0 0  1 0
   191   6.369337696496532       4   0 0  2 1  0 0  1 0
   192  -.2055821101350756E-01   4   1 0  0 2  0 0  1 0
   193  -.3009289502781446E-01   4   0 1  0 2  0 0  1 0
   194   10.66387708320595       4   0 0  1 2  0 0  1 0
   195   5.643857353409166       4   0 0  0 3  0 0  1 0
   196  0.1004637701153466E-02   4   3 0  0 0  0 0  0 1
   197  0.2845417997921739E-02   4   2 1  0 0  0 0  0 1
   198  0.2707642524324610E-02   4   1 2  0 0  0 0  0 1
   199  0.9062889179801147E-03   4   0 3  0 0  0 0  0 1
   200  -38.81527911458670       4   2 0  1 0  0 0  0 1
   201  -73.99117166940981       4   1 1  1 0  0 0  0 1
   202  -35.60939057737369       4   0 2  1 0  0 0  0 1
   203  -.2850098244022776E-02   4   1 0  2 0  0 0  0 1
   204  -.2657131131452389E-02   4   0 1  2 0  0 0  0 1
   205  -3.816748587010592       4   0 0  3 0  0 0  0 1
   206  -35.34425366905366       4   2 0  0 1  0 0  0 1
   207  -68.73840181476901       4   1 1  0 1  0 0  0 1
   208  -34.51559135794100       4   0 2  0 1  0 0  0 1
   209  -.5570897544443692E-02   4   1 0  1 1  0 0  0 1
   210  -.5349468824166736E-02   4   0 1  1 1  0 0  0 1
   211  -12.75856426252643       4   0 0  2 1  0 0  0 1
   212  -.2712318857449989E-02   4   1 0  0 2  0 0  0 1
   213  -.2631272442966980E-02   4   0 1  0 2  0 0  0 1
   214  -12.82612813651789       4   0 0  1 2  0 0  0 1
   215  -4.809110919190905       4   0 0  0 3  0 0  0 1
   216  -.3515701629707472E-03   4   2 0  0 0  0 2  0 0
   217  0.2909812334597826E-03   4   1 1  0 0  0 2  0 0
   218  0.7329812057103441E-03   4   0 2  0 0  0 2  0 0
   219  -.4392452448500182E-01   4   1 0  1 0  0 2  0 0
   220  0.2215202149448350       4   0 1  1 0  0 2  0 0
   221  -.2045139012318928E-03   4   0 0  2 0  0 2  0 0
   222  0.2480837128372732       4   1 0  0 1  0 2  0 0
   223  0.6689441785557919       4   0 1  0 1  0 2  0 0
   224  0.3415268156160554E-03   4   0 0  1 1  0 2  0 0
   225  0.8592424336240321E-03   4   0 0  0 2  0 2  0 0
   226  -.3715867721486373E-03   4   2 0  0 0  0 1  1 0
   227  0.5428246228550259E-03   4   1 1  0 0  0 1  1 0
   228  0.1221853342405122E-02   4   0 2  0 0  0 1  1 0
   229  -.3115380030902518E-01   4   1 0  1 0  0 1  1 0
   230  0.1090707931569200       4   0 1  1 0  0 1  1 0
   231  -.1745743837017627E-03   4   0 0  2 0  0 1  1 0
   232  0.1354554835029479       4   1 0  0 1  0 1  1 0
   233  0.6358406576687138       4   0 1  0 1  0 1  1 0
   234  0.2475718365137689E-03   4   0 0  1 1  0 1  1 0
   235  0.9688217617972559E-03   4   0 0  0 2  0 1  1 0
   236  -.3508470044315097E-03   4   2 0  0 0  0 0  2 0
   237  0.2902243907317635E-03   4   1 1  0 0  0 0  2 0
   238  0.7311726378257774E-03   4   0 2  0 0  0 0  2 0
   239  -.4384445027192681E-01   4   1 0  1 0  0 0  2 0
   240  0.2211487123128976       4   0 1  1 0  0 0  2 0
   241  -.2041212090729305E-03   4   0 0  2 0  0 0  2 0
   242  0.2476587086653660       4   1 0  0 1  0 0  2 0
   243  0.6676161028110600       4   0 1  0 1  0 0  2 0
   244  0.3409006196682395E-03   4   0 0  1 1  0 0  2 0
   245  0.8574342083175351E-03   4   0 0  0 2  0 0  2 0
   246  0.8113696739179969E-03   4   2 0  0 0  0 1  0 1
   247  -.1254072738826805E-03   4   1 1  0 0  0 1  0 1
   248  -.7887103712162133E-03   4   0 2  0 0  0 1  0 1
   249  0.1212063221254929       4   1 0  1 0  0 1  0 1
   250  -.2164667021420745       4   0 1  1 0  0 1  0 1
   251  0.3639731504044625E-03   4   0 0  2 0  0 1  0 1
   252  -.2694204515762011       4   1 0  0 1  0 1  0 1
   253  -.5694884435745506       4   0 1  0 1  0 1  0 1
   254  -.2242312590067179E-03   4   0 0  1 1  0 1  0 1
   255  -.7241592440198612E-03   4   0 0  0 2  0 1  0 1
   256  0.8102777708493657E-03   4   2 0  0 0  0 0  1 1
   257  -.1252385066837351E-03   4   1 1  0 0  0 0  1 1
   258  -.7876489619692609E-03   4   0 2  0 0  0 0  1 1
   259  0.1210432083694327       4   1 0  1 0  0 0  1 1
   260  -.2161753914560535       4   0 1  1 0  0 0  1 1
   261  0.3634833324921087E-03   4   0 0  2 0  0 0  1 1
   262  -.2690578782298157       4   1 0  0 1  0 0  1 1
   263  -.5687220528662479       4   0 1  0 1  0 0  1 1
   264  -.2239294991460003E-03   4   0 0  1 1  0 0  1 1
   265  -.7231847046377025E-03   4   0 0  0 2  0 0  1 1
   266  -.5483677417465905E-03   4   2 0  0 0  0 0  0 2
   267  -.1027010887467242E-02   4   1 1  0 0  0 0  0 2
   268  -.4775670467762141E-03   4   0 2  0 0  0 0  0 2
   269  -.1233252137267263       4   1 0  1 0  0 0  0 2
   270  -.1181988261408265       4   0 1  1 0  0 0  0 2
   271  -.1438965941106690E-03   4   0 0  2 0  0 0  0 2
   272  -.9225005204395212E-01   4   1 0  0 1  0 0  0 2
   273  -.9024719869809020E-01   4   0 1  0 1  0 0  0 2
   274  -.3299763243469684E-03   4   0 0  1 1  0 0  0 2
   275  -.1762561444801374E-03   4   0 0  0 2  0 0  0 2
   276  -.5729521089117415E-05   4   1 0  0 0  0 3  0 0
   277  -.3242363641882902E-04   4   0 1  0 0  0 3  0 0
   278  -.6773164421953619E-01   4   0 0  1 0  0 3  0 0
   279  0.4548450806014213       4   0 0  0 1  0 3  0 0
   280  -.4126902544234271E-05   4   1 0  0 0  0 2  1 0
   281  -.2403484409167294E-04   4   0 1  0 0  0 2  1 0
   282  -.3733161940436173E-01   4   0 0  1 0  0 2  1 0
   283  0.2005004391769234       4   0 0  0 1  0 2  1 0
   284  -.4130122072317006E-05   4   1 0  0 0  0 1  2 0
   285  -.2405168987249207E-04   4   0 1  0 0  0 1  2 0
   286  -.3739280178722906E-01   4   0 0  1 0  0 1  2 0
   287  0.2010126311029801       4   0 0  0 1  0 1  2 0
   288  -.5715182158451845E-05   4   1 0  0 0  0 0  3 0
   289  -.3234203443959761E-04   4   0 1  0 0  0 0  3 0
   290  -.6756983345773318E-01   4   0 0  1 0  0 0  3 0
   291  0.4537921870829968       4   0 0  0 1  0 0  3 0
   292  0.8266972154031653E-05   4   1 0  0 0  0 2  0 1
   293  0.4287892535375909E-04   4   0 1  0 0  0 2  0 1
   294  0.1575941295085322       4   0 0  1 0  0 2  0 1
   295  -.4008248825191227       4   0 0  0 1  0 2  0 1
   296  0.6840856233919664E-05   4   1 0  0 0  0 1  1 1
   297  0.3571353166668600E-04   4   0 1  0 0  0 1  1 1
   298  0.9690954978205606E-01   4   0 0  1 0  0 1  1 1
   299  -.1501926988129728       4   0 0  0 1  0 1  1 1
   300  0.8251243801468872E-05   4   1 0  0 0  0 0  2 1
   301  0.4279719012298288E-04   4   0 1  0 0  0 0  2 1
   302  0.1573168386037400       4   0 0  1 0  0 0  2 1
   303  -.4001844101545879       4   0 0  0 1  0 0  2 1
   304  -.2154583565552597E-05   4   1 0  0 0  0 1  0 2
   305  -.5762923091378090E-05   4   0 1  0 0  0 1  0 2
   306  -.9683176918373124E-01   4   0 0  1 0  0 1  0 2
   307  -.1762131997424692       4   0 0  0 1  0 1  0 2
   308  -.2151684028532034E-05   4   1 0  0 0  0 0  1 2
   309  -.5755167621078819E-05   4   0 1  0 0  0 0  1 2
   310  -.9670145755228692E-01   4   0 0  1 0  0 0  1 2
   311  -.1759760603228960       4   0 0  0 1  0 0  1 2
   312  0.5913994173927320E-06   4   1 0  0 0  0 0  0 3
   313  0.4824162292277138E-06   4   0 1  0 0  0 0  0 3
   314  -.8261235138806583E-02   4   0 0  1 0  0 0  0 3
   315  -.6751617350853807E-02   4   0 0  0 1  0 0  0 3
   316  -.8304165100026729E-05   4   0 0  0 0  0 4  0 0
   317  -.4142663792041379E-05   4   0 0  0 0  0 3  1 0
   318  -.3591282783764871E-05   4   0 0  0 0  0 2  2 0
   319  -.4154572689472634E-05   4   0 0  0 0  0 1  3 0
   320  -.8279039799419829E-05   4   0 0  0 0  0 0  4 0
   321  0.8723272722857533E-05   4   0 0  0 0  0 3  0 1
   322  0.4118815461676458E-05   4   0 0  0 0  0 2  1 1
   323  0.4128086456613840E-05   4   0 0  0 0  0 1  2 1
   324  0.8702895955337005E-05   4   0 0  0 0  0 0  3 1
   325  0.8727206556951742E-06   4   0 0  0 0  0 2  0 2
   326  0.1036648758692604E-05   4   0 0  0 0  0 1  1 2
   327  0.8708486528446999E-06   4   0 0  0 0  0 0  2 2
   328  0.8767423447142257E-08   4   0 0  0 0  0 1  0 3
   329  0.8755624661861599E-08   4   0 0  0 0  0 0  1 3
   330  -.3096426422109113E-13   4   0 0  0 0  0 0  0 4
   ----------------------------------------------------
     I  COEFFICIENT            ORDER EXPONENTS
     1  0.8069953363883935E-08   0   0 0  0 0  0 0  0 0
     2  -.4351694904383849E-05   1   1 0  0 0  0 0  0 0
     3  -.5176143698981185E-05   1   0 1  0 0  0 0  0 0
     4  0.3182806974195622E-04   1   0 0  1 0  0 0  0 0
     5  0.9263784637568285E-05   1   0 0  0 1  0 0  0 0
     6   1.000000000000000       1   0 0  0 0  1 0  0 0
     7  0.2859789917886065       1   0 0  0 0  0 1  0 0
     8  -.2859789891528727       1   0 0  0 0  0 0  1 0
     9  -.2635740038640222E-08   1   0 0  0 0  0 0  0 1
    10  -.2528579443118913       2   2 0  0 0  0 0  0 0
    11  -.7195891724584957       2   1 1  0 0  0 0  0 0
    12  -.7261956660462603       2   0 2  0 0  0 0  0 0
    13  -.1628108197342440E-04   2   1 0  1 0  0 0  0 0
    14  -.2261550632567008E-04   2   0 1  1 0  0 0  0 0
    15  -.1824414363150861       2   0 0  2 0  0 0  0 0
    16  -.2257368731571545E-04   2   1 0  0 1  0 0  0 0
    17  -.2726938300721573E-04   2   0 1  0 1  0 0  0 0
    18  -.1017176647294274       2   0 0  1 1  0 0  0 0
    19  -.2315178482714686       2   0 0  0 2  0 0  0 0
    20  0.6458323282579890E-05   2   1 0  0 0  0 1  0 0
    21  0.9548519674986738E-05   2   0 1  0 0  0 1  0 0
    22  -.4520201763433826E-04   2   0 0  1 0  0 1  0 0
    23  -.2681194537183962E-04   2   0 0  0 1  0 1  0 0
    24  0.2109656734684056E-05   2   1 0  0 0  0 0  1 0
    25  0.4373475630171570E-05   2   0 1  0 0  0 0  1 0
    26  -.1339873864428708E-04   2   0 0  1 0  0 0  1 0
    27  -.1753700788078958E-04   2   0 0  0 1  0 0  1 0
    28  -.8568034528240522E-05   2   1 0  0 0  0 0  0 1
    29  -.8745955752447030E-05   2   0 1  0 0  0 0  0 1
    30  0.5860078082432371E-04   2   0 0  1 0  0 0  0 1
    31  0.3508519645881116E-04   2   0 0  0 1  0 0  0 1
    32  -.2146286633202366       2   0 0  0 0  0 2  0 0
    33  0.1432783312094432       2   0 0  0 0  0 1  1 0
    34  0.7135032846717734E-01   2   0 0  0 0  0 0  2 0
    35  0.3642625273615160E-08   2   0 0  0 0  0 1  0 1
    36  0.1009130549176037E-08   2   0 0  0 0  0 0  1 1
    37  -.1008068442752032E-08   2   0 0  0 0  0 0  0 2
    38  0.1283849382624556       3   3 0  0 0  0 0  0 0
    39  0.4127499901941052       3   2 1  0 0  0 0  0 0
    40  0.4308183831045829       3   1 2  0 0  0 0  0 0
    41  0.1472759316714547       3   0 3  0 0  0 0  0 0
    42  0.7574953788713159E-03   3   2 0  1 0  0 0  0 0
    43  0.1434222121160540E-02   3   1 1  1 0  0 0  0 0
    44  0.8761206761350819E-03   3   0 2  1 0  0 0  0 0
    45  0.6422074770401634E-01   3   1 0  2 0  0 0  0 0
    46  0.8537448811076074E-02   3   0 1  2 0  0 0  0 0
    47  0.2659173107973895E-03   3   0 0  3 0  0 0  0 0
    48  0.5359586162029253E-03   3   2 0  0 1  0 0  0 0
    49  0.9717382198593869E-03   3   1 1  0 1  0 0  0 0
    50  0.5945159923769096E-03   3   0 2  0 1  0 0  0 0
    51  0.2164685661961177E-01   3   1 0  1 1  0 0  0 0
    52  -.6670472576380092E-01   3   0 1  1 1  0 0  0 0
    53  0.7390282866768848E-03   3   0 0  2 1  0 0  0 0
    54  -.3406120608637175E-01   3   1 0  0 2  0 0  0 0
    55  -.6914682906870298E-01   3   0 1  0 2  0 0  0 0
    56  0.6897602080884980E-03   3   0 0  1 2  0 0  0 0
    57  0.2107761139437486E-03   3   0 0  0 3  0 0  0 0
    58  0.3995363749439911       3   2 0  0 0  0 1  0 0
    59   1.351351236557945       3   1 1  0 0  0 1  0 0
    60   1.434502288063686       3   0 2  0 0  0 1  0 0
    61  0.2455743950868542E-04   3   1 0  1 0  0 1  0 0
    62  0.4171631936880537E-04   3   0 1  1 0  0 1  0 0
    63  0.2584789041170941       3   0 0  2 0  0 1  0 0
    64  0.4181246230895030E-04   3   1 0  0 1  0 1  0 0
    65  0.6208470943210613E-04   3   0 1  0 1  0 1  0 0
    66  0.3001265283023021       3   0 0  1 1  0 1  0 0
    67  0.3903661646440136       3   0 0  0 2  0 1  0 0
    68  0.1468210817470060       3   2 0  0 0  0 0  1 0
    69  0.6318794435952226       3   1 1  0 0  0 0  1 0
    70  0.7083296920004714       3   0 2  0 0  0 0  1 0
    71  0.8251700573408646E-05   3   1 0  1 0  0 0  1 0
    72  0.1900680976931763E-04   3   0 1  1 0  0 0  1 0
    73  0.7618044996873126E-01   3   0 0  2 0  0 0  1 0
    74  0.1919661932353222E-04   3   1 0  0 1  0 0  1 0
    75  0.3470053146936135E-04   3   0 1  0 1  0 0  1 0
    76  0.1982787347128895       3   0 0  1 1  0 0  1 0
    77  0.1589457682583154       3   0 0  0 2  0 0  1 0
    78  -.5463579128273262       3   2 0  0 0  0 0  0 1
    79  -1.263642714854073       3   1 1  0 0  0 0  0 1
    80  -.6904415630065264       3   0 2  0 0  0 0  0 1
    81  -.3273852432743634E-04   3   1 0  1 0  0 0  0 1
    82  -.3791345447351613E-04   3   0 1  1 0  0 0  0 1
    83  -.3346595642788465       3   0 0  2 0  0 0  0 1
    84  -.3831999645134320E-04   3   1 0  0 1  0 0  0 1
    85  -.4199283578122163E-04   3   0 1  0 1  0 0  0 1
    86  -.3966878818780287       3   0 0  1 1  0 0  0 1
    87  -.8627637468931085E-01   3   0 0  0 2  0 0  0 1
    88  -.7989271403265483E-05   3   1 0  0 0  0 2  0 0
    89  -.1366617997215594E-04   3   0 1  0 0  0 2  0 0
    90  0.5406030693259860E-04   3   0 0  1 0  0 2  0 0
    91  0.4538322748828755E-04   3   0 0  0 1  0 2  0 0
    92  -.3063642721493882E-05   3   1 0  0 0  0 1  1 0
    93  -.8236545069066898E-05   3   0 1  0 0  0 1  1 0
    94  0.1773385403121068E-04   3   0 0  1 0  0 1  1 0
    95  0.3714454164651147E-04   3   0 0  0 1  0 1  1 0
    96  -.1534093592895753E-05   3   1 0  0 0  0 0  2 0
    97  -.4119140711382706E-05   3   0 1  0 0  0 0  2 0
    98  0.8885351163280258E-05   3   0 0  1 0  0 0  2 0
    99  0.1856527656438796E-04   3   0 0  0 1  0 0  2 0
   100  0.1258268146607393E-04   3   1 0  0 0  0 1  0 1
   101  0.1647093795730020E-04   3   0 1  0 0  0 1  0 1
   102  -.8065794878674829E-04   3   0 0  1 0  0 1  0 1
   103  -.7429289334541427E-04   3   0 0  0 1  0 1  0 1
   104  0.4020838452430391E-05   3   1 0  0 0  0 0  1 1
   105  0.7726538315730173E-05   3   0 1  0 0  0 0  1 1
   106  -.2210776541912019E-04   3   0 0  1 0  0 0  1 1
   107  -.3920341779707101E-04   3   0 0  0 1  0 0  1 1
   108  -.4017586219411586E-05   3   1 0  0 0  0 0  0 2
   109  -.3352749304237832E-05   3   0 1  0 0  0 0  0 2
   110  0.2208399327987703E-04   3   0 0  1 0  0 0  0 2
   111  0.2166442812860682E-04   3   0 0  0 1  0 0  0 2
   112  0.1788813500533354       3   0 0  0 0  0 3  0 0
   113  -.1073867925264795       3   0 0  0 0  0 2  1 0
   114  -.3589155531213592E-01   3   0 0  0 0  0 1  2 0
   115  -.3560303942138544E-01   3   0 0  0 0  0 0  3 0
   116  -.3629939318064448E-08   3   0 0  0 0  0 2  0 1
   117  0.6639082279250286E-10   3   0 0  0 0  0 1  1 1
   118  0.3067964967547340E-10   3   0 0  0 0  0 0  2 1
   119  0.5041915473220678E-09   3   0 0  0 0  0 1  0 2
   120  -.3677176860484557E-11   3   0 0  0 0  0 0  1 2
   121  0.1348877596785297E-09   3   0 0  0 0  0 0  0 3
   122  -1.724161307301929       4   4 0  0 0  0 0  0 0
   123  -8.823947659181334       4   3 1  0 0  0 0  0 0
   124  -17.14948244981854       4   2 2  0 0  0 0  0 0
   125  -14.99354973815518       4   1 3  0 0  0 0  0 0
   126  -5.237487322607220       4   0 4  0 0  0 0  0 0
   127  0.1206605521890492E-02   4   3 0  1 0  0 0  0 0
   128  0.5351744567512704E-02   4   2 1  1 0  0 0  0 0
   129  0.6610841947465276E-02   4   1 2  1 0  0 0  0 0
   130  0.2478684355980180E-02   4   0 3  1 0  0 0  0 0
   131  -5.112374048072253       4   2 0  2 0  0 0  0 0
   132  -10.24618427121493       4   1 1  2 0  0 0  0 0
   133  -6.062060244036585       4   0 2  2 0  0 0  0 0
   134  0.3683086576141535E-02   4   1 0  3 0  0 0  0 0
   135  0.2701070277390891E-02   4   0 1  3 0  0 0  0 0
   136  -.9754967030231505       4   0 0  4 0  0 0  0 0
   137  0.2012447160161784E-02   4   3 0  0 1  0 0  0 0
   138  0.7447725678202151E-02   4   2 1  0 1  0 0  0 0
   139  0.8467265361905080E-02   4   1 2  0 1  0 0  0 0
   140  0.3034088307522231E-02   4   0 3  0 1  0 0  0 0
   141  -7.327713801334007       4   2 0  1 1  0 0  0 0
   142  -13.77469486716983       4   1 1  1 1  0 0  0 0
   143  -7.949580079327402       4   0 2  1 1  0 0  0 0
   144  0.8788502478908000E-02   4   1 0  2 1  0 0  0 0
   145  0.6271785582743792E-02   4   0 1  2 1  0 0  0 0
   146  -3.179759757193294       4   0 0  3 1  0 0  0 0
   147  -2.483216320079876       4   2 0  0 2  0 0  0 0
   148  -4.851875814194807       4   1 1  0 2  0 0  0 0
   149  -3.342392921194754       4   0 2  0 2  0 0  0 0
   150  0.6796856397258922E-02   4   1 0  1 2  0 0  0 0
   151  0.4612394198008899E-02   4   0 1  1 2  0 0  0 0
   152  -4.007858494921083       4   0 0  2 2  0 0  0 0
   153  0.1639091353577901E-02   4   1 0  0 3  0 0  0 0
   154  0.9909336743824221E-03   4   0 1  0 3  0 0  0 0
   155  -2.273196312682615       4   0 0  1 3  0 0  0 0
   156  -.5873191986073251       4   0 0  0 4  0 0  0 0
   157  -.2149202448488681       4   3 0  0 0  0 1  0 0
   158  -.8618100993928173       4   2 1  0 0  0 1  0 0
   159  -1.088994214758127       4   1 2  0 0  0 1  0 0
   160  -.4395257366536856       4   0 3  0 0  0 1  0 0
   161  -.1485841829051867E-03   4   2 0  1 0  0 1  0 0
   162  -.1079208848154485E-02   4   1 1  1 0  0 1  0 0
   163  -.1124076557517913E-02   4   0 2  1 0  0 1  0 0
   164  -.8237279213101073E-01   4   1 0  2 0  0 1  0 0
   165  -.3153413887079846E-01   4   0 1  2 0  0 1  0 0
   166  -.2554292869298120E-03   4   0 0  3 0  0 1  0 0
   167  -.2125895043984845E-03   4   2 0  0 1  0 1  0 0
   168  -.7412628792865390E-03   4   1 1  0 1  0 1  0 0
   169  -.7365220531064028E-03   4   0 2  0 1  0 1  0 0
   170  -.7312948837562291E-01   4   1 0  1 1  0 1  0 0
   171  0.9211891897104414E-01   4   0 1  1 1  0 1  0 0
   172  -.8777825563238515E-03   4   0 0  2 1  0 1  0 0
   173  0.4700479751459755E-01   4   1 0  0 2  0 1  0 0
   174  0.1513796040678702       4   0 1  0 2  0 1  0 0
   175  -.1145164987075555E-02   4   0 0  1 2  0 1  0 0
   176  -.4876564776039881E-03   4   0 0  0 3  0 1  0 0
   177  -.8572156642631751E-01   4   3 0  0 0  0 0  1 0
   178  -.4456975566952181       4   2 1  0 0  0 0  1 0
   179  -.6537941011132459       4   1 2  0 0  0 0  1 0
   180  -.2903607091446692       4   0 3  0 0  0 0  1 0
   181  -.1155609065568232E-03   4   2 0  1 0  0 0  1 0
   182  -.1008496375220595E-02   4   1 1  1 0  0 0  1 0
   183  -.9780275145445053E-03   4   0 2  1 0  0 0  1 0
   184  -.1793858354925023E-01   4   1 0  2 0  0 0  1 0
   185  -.2221949831682336E-01   4   0 1  2 0  0 0  1 0
   186  -.1537102376116186E-03   4   0 0  3 0  0 0  1 0
   187  -.2675724302691932E-03   4   2 0  0 1  0 0  1 0
   188  -.9298814003080449E-03   4   1 1  0 1  0 0  1 0
   189  -.7912194822584252E-03   4   0 2  0 1  0 0  1 0
   190  -.5104572439997598E-01   4   1 0  1 1  0 0  1 0
   191  0.2657180239515994E-01   4   0 1  1 1  0 0  1 0
   192  -.6205424120953550E-03   4   0 0  2 1  0 0  1 0
   193  0.1320121118016126E-01   4   1 0  0 2  0 0  1 0
   194  0.8275013380212899E-01   4   0 1  0 2  0 0  1 0
   195  -.8615598908628202E-03   4   0 0  1 2  0 0  1 0
   196  -.3799323983670736E-03   4   0 0  0 3  0 0  1 0
   197  0.2995333927127094       4   3 0  0 0  0 0  0 1
   198  0.8893884179249355       4   2 1  0 0  0 0  0 1
   199  0.8732400671370638       4   1 2  0 0  0 0  0 1
   200  0.2841483021978717       4   0 3  0 0  0 0  0 1
   201  0.3957638171301752E-03   4   2 0  1 0  0 0  0 1
   202  0.1074918092693995E-02   4   1 1  1 0  0 0  0 1
   203  0.7967652594343957E-03   4   0 2  1 0  0 0  0 1
   204  0.9981163965243148E-01   4   1 0  2 0  0 0  0 1
   205  0.4370070392928389E-01   4   0 1  2 0  0 0  0 1
   206  0.4539314306414709E-03   4   0 0  3 0  0 0  0 1
   207  -.6895240861320602E-05   4   2 0  0 1  0 0  0 1
   208  0.1252837248269532E-03   4   1 1  0 1  0 0  0 1
   209  0.2610409678513993E-03   4   0 2  0 1  0 0  0 1
   210  0.1017561108829723       4   1 0  1 1  0 0  0 1
   211  0.1254042793805399E-01   4   0 1  1 1  0 0  0 1
   212  0.9620378929136007E-03   4   0 0  2 1  0 0  0 1
   213  0.7369006342789398E-02   4   1 0  0 2  0 0  0 1
   214  -.2793903762352022E-01   4   0 1  0 2  0 0  0 1
   215  0.7134077651748136E-03   4   0 0  1 2  0 0  0 1
   216  0.2179071105825767E-03   4   0 0  0 3  0 0  0 1
   217  -.5204950183547934       4   2 0  0 0  0 2  0 0
   218  -1.980368969594939       4   1 1  0 0  0 2  0 0
   219  -2.209504186621206       4   0 2  0 0  0 2  0 0
   220  -.3252299906947193E-04   4   1 0  1 0  0 2  0 0
   221  -.6988057764352015E-04   4   0 1  1 0  0 2  0 0
   222  -.3085232591760789       4   0 0  2 0  0 2  0 0
   223  -.7136646623873141E-04   4   1 0  0 1  0 2  0 0
   224  -.1205788468391112E-03   4   0 1  0 1  0 2  0 0
   225  -.5101840388031256       4   0 0  1 1  0 2  0 0
   226  -.5609290020680424       4   0 0  0 2  0 2  0 0
   227  -.2419414525243679       4   2 0  0 0  0 1  1 0
   228  -1.257959186868318       4   1 1  0 0  0 1  1 0
   229  -1.549785000309316       4   0 2  0 0  0 1  1 0
   230  -.1305226703401553E-04   4   1 0  1 0  0 1  1 0
   231  -.4009223671635325E-04   4   0 1  1 0  0 1  1 0
   232  -.1001877192600516       4   0 0  2 0  0 1  1 0
   233  -.4159116777111975E-04   4   1 0  0 1  0 1  1 0
   234  -.8870846230366584E-04   4   0 1  0 1  0 1  1 0
   235  -.4201358921394175       4   0 0  1 1  0 1  1 0
   236  -.3411190351961029       4   0 0  0 2  0 1  1 0
   237  -.1210762856721263       4   2 0  0 0  0 0  2 0
   238  -.6290407456706121       4   1 1  0 0  0 0  2 0
   239  -.7748130921944871       4   0 2  0 0  0 0  2 0
   240  -.6589373203413113E-05   4   1 0  1 0  0 0  2 0
   241  -.2010845694158752E-04   4   0 1  1 0  0 0  2 0
   242  -.5020003542856714E-01   4   0 0  2 0  0 0  2 0
   243  -.2084258897694321E-04   4   1 0  0 1  0 0  2 0
   244  -.4437025051061180E-04   4   0 1  0 1  0 0  2 0
   245  -.2099867406600712       4   0 0  1 1  0 0  2 0
   246  -.1705921746835523       4   0 0  0 2  0 0  2 0
   247  0.8833421779395196       4   2 0  0 0  0 1  0 1
   248   2.515888093557614       4   1 1  0 0  0 1  0 1
   249   1.665232083622118       4   0 2  0 0  0 1  0 1
   250  0.4329287798242842E-04   4   1 0  1 0  0 1  0 1
   251  0.7251962858179534E-04   4   0 1  1 0  0 1  0 1
   252  0.4587824898959101       4   0 0  2 0  0 1  0 1
   253  0.7501328716937622E-04   4   1 0  0 1  0 1  0 1
   254  0.1054039242990346E-03   4   0 1  0 1  0 1  0 1
   255  0.8403065436991608       4   0 0  1 1  0 1  0 1
   256  0.2919076905459358       4   0 0  0 2  0 1  0 1
   257  0.3372502566649991       4   2 0  0 0  0 0  1 1
   258   1.252232435311245       4   1 1  0 0  0 0  1 1
   259  0.9743950671140815       4   0 2  0 0  0 0  1 1
   260  0.1491832759387040E-04   4   1 0  1 0  0 0  1 1
   261  0.3428415680342526E-04   4   0 1  1 0  0 0  1 1
   262  0.1244150942259629       4   0 0  2 0  0 0  1 1
   263  0.3592505916334381E-04   4   1 0  0 1  0 0  1 1
   264  0.5910685500268648E-04   4   0 1  0 1  0 0  1 1
   265  0.4435709359359548       4   0 0  1 1  0 0  1 1
   266  0.2054775579754776       4   0 0  0 2  0 0  1 1
   267  -.3370974229119870       4   2 0  0 0  0 0  0 2
   268  -.6203802628619777       4   1 1  0 0  0 0  0 2
   269  -.2841335495619017       4   0 2  0 0  0 0  0 2
   270  -.1227549377081420E-04   4   1 0  1 0  0 0  0 2
   271  -.1094821546477461E-04   4   0 1  1 0  0 0  0 2
   272  -.1242775215061860       4   0 0  2 0  0 0  0 2
   273  -.1195329858471409E-04   4   1 0  0 1  0 0  0 2
   274  -.1073872860137977E-04   4   0 1  0 1  0 0  0 2
   275  -.2452666362929328       4   0 0  1 1  0 0  0 2
   276  -.1192855952036486       4   0 0  0 2  0 0  0 2
   277  -.1225289020799081E-03   4   1 0  0 0  0 3  0 0
   278  -.2082540949487715E-03   4   0 1  0 0  0 3  0 0
   279  -.6287460291453409E-04   4   0 0  1 0  0 3  0 0
   280  -.5721788245167812E-04   4   0 0  0 1  0 3  0 0
   281  -.6290130481287934E-04   4   1 0  0 0  0 2  1 0
   282  -.1027025095022987E-03   4   0 1  0 0  0 2  1 0
   283  -.1959309300527524E-04   4   0 0  1 0  0 2  1 0
   284  -.5245883207549082E-04   4   0 0  0 1  0 2  1 0
   285  -.3941595418850047E-04   4   1 0  0 0  0 1  2 0
   286  -.6387172708477768E-04   4   0 1  0 0  0 1  2 0
   287  -.1068868629318856E-04   4   0 0  1 0  0 1  2 0
   288  -.3515083875758193E-04   4   0 0  0 1  0 1  2 0
   289  -.2099451542604292E-04   4   1 0  0 0  0 0  3 0
   290  -.3428481612700060E-04   4   0 1  0 0  0 0  3 0
   291  -.6557489218335400E-05   4   0 0  1 0  0 0  3 0
   292  -.1747802115065768E-04   4   0 0  0 1  0 0  3 0
   293  0.1062212811932715E-03   4   1 0  0 0  0 2  0 1
   294  0.8689570338191570E-04   4   0 1  0 0  0 2  0 1
   295  0.7060348217814838E-04   4   0 0  1 0  0 2  0 1
   296  0.1093816556014672E-03   4   0 0  0 1  0 2  0 1
   297  0.5553604536714458E-04   4   1 0  0 0  0 1  1 1
   298  0.4593666045186109E-04   4   0 1  0 0  0 1  1 1
   299  0.1675395758274323E-04   4   0 0  1 0  0 1  1 1
   300  0.7246600159869934E-04   4   0 0  0 1  0 1  1 1
   301  0.2778321911854364E-04   4   1 0  0 0  0 0  2 1
   302  0.2298019222154843E-04   4   0 1  0 0  0 0  2 1
   303  0.8407681577977567E-05   4   0 0  1 0  0 0  2 1
   304  0.3623380238263710E-04   4   0 0  0 1  0 0  2 1
   305  -.4264029965468954E-06   4   1 0  0 0  0 1  0 2
   306  0.1657879161074824E-05   4   0 1  0 0  0 1  0 2
   307  -.8593423311200926E-05   4   0 0  1 0  0 1  0 2
   308  -.2013714231016243E-04   4   0 0  0 1  0 1  0 2
   309  -.2919978649442612E-05   4   1 0  0 0  0 0  1 2
   310  -.6713329205212088E-06   4   0 1  0 0  0 0  1 2
   311  0.9149813141200113E-06   4   0 0  1 0  0 0  1 2
   312  -.1002367424264334E-04   4   0 0  0 1  0 0  1 2
   313  -.3096540534700724E-07   4   1 0  0 0  0 0  0 3
   314  0.9809165416504111E-08   4   0 1  0 0  0 0  0 3
   315  -.3047973257812681E-05   4   0 0  1 0  0 0  0 3
   316  -.2764433714582411E-05   4   0 0  0 1  0 0  0 3
   317  -.1565302507955274       4   0 0  0 0  0 4  0 0
   318  0.8947684410637013E-01   4   0 0  0 0  0 3  1 0
   319  0.2686485563728406E-01   4   0 0  0 0  0 2  2 0
   320  0.1798162727322431E-01   4   0 0  0 0  0 1  3 0
   321  0.2220686176044933E-01   4   0 0  0 0  0 0  4 0
   322  0.4970092349779233E-08   4   0 0  0 0  0 3  0 1
   323  0.2769363189272050E-08   4   0 0  0 0  0 2  1 1
   324  0.2229747808508451E-08   4   0 0  0 0  0 1  2 1
   325  0.7688900141989901E-09   4   0 0  0 0  0 0  3 1
   326  -.5753708140848955E-09   4   0 0  0 0  0 2  0 2
   327  -.1565733578973645E-10   4   0 0  0 0  0 1  1 2
   328  -.1559769802053256E-10   4   0 0  0 0  0 0  2 2
   329  -.2535880852414870E-09   4   0 0  0 0  0 1  0 3
   330  -.1187218655603187E-09   4   0 0  0 0  0 0  1 3
   331  -.1211678412056858E-10   4   0 0  0 0  0 0  0 4
   ----------------------------------------------------
     I  COEFFICIENT            ORDER EXPONENTS
     1   1.000000000000000       1   0 0  0 0  0 1  0 0
     --------------------------------------------------
     I  COEFFICIENT            ORDER EXPONENTS
     1   1.000000000000000       1   0 0  0 0  0 0  1 0
     --------------------------------------------------
     I  COEFFICIENT            ORDER EXPONENTS
     1   1.000000000000000       1   0 0  0 0  0 0  0 1
     --------------------------------------------------
