 L    0.1145458000000000E+01
 P (  0.0000000000000000E+00,  0.0000000000000000E+00,  0.9555200000000000E-01)
 A (  0.0000000000000000E+00,  0.0000000000000000E+00,  0.0000000000000000E+00)
     I  COEFFICIENT            ORDER EXPONENTS
     1  0.9491744468358778E-04   0   0 0  0 0  0 0  0 0
     2   1.552687917951918       1   1 0  0 0  0 0  0 0
     3   1.635909054858855       1   0 1  0 0  0 0  0 0
     4  0.1656348190464952E-04   1   0 0  1 0  0 0  0 0
     5  0.1457235040937592E-04   1   0 0  0 1  0 0  0 0
     6  -.8984017224607110E-06   1   0 0  0 0  0 1  0 0
     7  -.8971926957628570E-06   1   0 0  0 0  0 0  1 0
     8  0.1795594420009602E-05   1   0 0  0 0  0 0  0 1
     9  -.1373052773550229       2   2 0  0 0  0 0  0 0
    10  -.2454595972185031       2   1 1  0 0  0 0  0 0
    11  -.1102702521692018       2   0 2  0 0  0 0  0 0
    12  0.5570286555117200E-03   2   1 0  1 0  0 0  0 0
    13  0.1703894496178389E-03   2   0 1  1 0  0 0  0 0
    14  0.1025244584752264       2   0 0  2 0  0 0  0 0
    15  0.5498156311894687E-03   2   1 0  0 1  0 0  0 0
    16  0.2430366804045326E-03   2   0 1  0 1  0 0  0 0
    17  0.1829488228050516       2   0 0  1 1  0 0  0 0
    18  0.8227713338982076E-01   2   0 0  0 2  0 0  0 0
    19  -.2968109836199224       2   1 0  0 0  0 1  0 0
    20  -1.080815915621800       2   0 1  0 0  0 1  0 0
    21  -.8991774390298220E-05   2   0 0  1 0  0 1  0 0
    22  -.1524926295685760E-04   2   0 0  0 1  0 1  0 0
    23  -.2964115493863837       2   1 0  0 0  0 0  1 0
    24  -1.079361404499646       2   0 1  0 0  0 0  1 0
    25  -.8979673684091441E-05   2   0 0  1 0  0 0  1 0
    26  -.1522874121744317E-04   2   0 0  0 1  0 0  1 0
    27  0.5932225330342350       2   1 0  0 0  0 0  0 1
    28  0.5242682652907313       2   0 1  0 0  0 0  0 1
    29  0.1797142821437426E-04   2   0 0  1 0  0 0  0 1
    30  0.1590563467924601E-04   2   0 0  0 1  0 0  0 1
    31  0.5110297303620361E-06   2   0 0  0 0  0 2  0 0
    32  0.1247144675622227E-06   2   0 0  0 0  0 1  1 0
    33  0.5102580931260018E-06   2   0 0  0 0  0 0  2 0
    34  -.2484328459078777E-06   2   0 0  0 0  0 1  0 1
    35  -.2480985166921302E-06   2   0 0  0 0  0 0  1 1
    36  -.6495267608692990E-06   2   0 0  0 0  0 0  0 2
    37   1.303971866933306       3   3 0  0 0  0 0  0 0
    38   6.581258572924978       3   2 1  0 0  0 0  0 0
    39   9.313491799742820       3   1 2  0 0  0 0  0 0
    40   4.820677523821537       3   0 3  0 0  0 0  0 0
    41  -.1085112718485061E-01   3   2 0  1 0  0 0  0 0
    42  -.1915310269633063E-01   3   1 1  1 0  0 0  0 0
    43  -.8468712217595809E-02   3   0 2  1 0  0 0  0 0
    44  -1.435209227228132       3   1 0  2 0  0 0  0 0
    45  0.2853424602999517       3   0 1  2 0  0 0  0 0
    46  0.2695510783724738E-02   3   0 0  3 0  0 0  0 0
    47  -.9820238449431541E-02   3   2 0  0 1  0 0  0 0
    48  -.1746274380970369E-01   3   1 1  0 1  0 0  0 0
    49  -.7772664769997535E-02   3   0 2  0 1  0 0  0 0
    50  -3.938923477195911       3   1 0  1 1  0 0  0 0
    51  -1.228372923148754       3   0 1  1 1  0 0  0 0
    52  0.7190692755683896E-02   3   0 0  2 1  0 0  0 0
    53  -1.780489493101479       3   1 0  0 2  0 0  0 0
    54  0.2832181219538521E-01   3   0 1  0 2  0 0  0 0
    55  0.6456601186932573E-02   3   0 0  1 2  0 0  0 0
    56  0.1959335610712635E-02   3   0 0  0 3  0 0  0 0
    57  0.8361370249431299E-01   3   2 0  0 0  0 1  0 0
    58  0.2718560846007446       3   1 1  0 0  0 1  0 0
    59  0.1770467536950510       3   0 2  0 0  0 1  0 0
    60  -.3383306450619263E-03   3   1 0  1 0  0 1  0 0
    61  -.1881803179489885E-03   3   0 1  1 0  0 1  0 0
    62  -.4812763580855216E-01   3   0 0  2 0  0 1  0 0
    63  -.6605870406392074E-03   3   1 0  0 1  0 1  0 0
    64  -.4344163290024258E-03   3   0 1  0 1  0 1  0 0
    65  -.1768496460479802       3   0 0  1 1  0 1  0 0
    66  -.1205075554352465       3   0 0  0 2  0 1  0 0
    67  0.8350117911407332E-01   3   2 0  0 0  0 0  1 0
    68  0.2714902334942221       3   1 1  0 0  0 0  1 0
    69  0.1768084925178525       3   0 2  0 0  0 0  1 0
    70  -.3378753356247726E-03   3   1 0  1 0  0 0  1 0
    71  -.1879270737457239E-03   3   0 1  1 0  0 0  1 0
    72  -.4806286790445767E-01   3   0 0  2 0  0 0  1 0
    73  -.6596980537323038E-03   3   1 0  0 1  0 0  1 0
    74  -.4338317119801865E-03   3   0 1  0 1  0 0  1 0
    75  -.1766116501289635       3   0 0  1 1  0 0  1 0
    76  -.1203453820464659       3   0 0  0 2  0 0  1 0
    77  -.1671151460982425       3   2 0  0 0  0 0  0 1
    78  -.2978871547798507       3   1 1  0 0  0 0  0 1
    79  -.1333149188517248       3   0 2  0 0  0 0  0 1
    80  0.6755011788337488E-03   3   1 0  1 0  0 0  0 1
    81  0.2049991659516622E-03   3   0 1  1 0  0 0  0 1
    82  0.9619065629649398E-01   3   0 0  2 0  0 0  0 1
    83  0.7697352810864797E-03   3   1 0  0 1  0 0  0 1
    84  0.3814225817359018E-03   3   0 1  0 1  0 0  0 1
    85  0.1705127123904898       3   0 0  1 1  0 0  0 1
    86  0.7629876277692815E-01   3   0 0  0 2  0 0  0 1
    87  0.2329981308321201       3   1 0  0 0  0 2  0 0
    88  0.9503753071315286       3   0 1  0 0  0 2  0 0
    89  0.7109410363302375E-05   3   0 0  1 0  0 2  0 0
    90  0.1577487058987106E-04   3   0 0  0 1  0 2  0 0
    91  0.1693565820173991       3   1 0  0 0  0 1  1 0
    92  0.8202840103578832       3   0 1  0 0  0 1  1 0
    93  0.5169456457166369E-05   3   0 0  1 0  0 1  1 0
    94  0.1623249577087989E-04   3   0 0  0 1  0 1  1 0
    95  0.2325706168751776       3   1 0  0 0  0 0  2 0
    96  0.9485443870515806       3   0 1  0 0  0 0  2 0
    97  0.7096364448552669E-05   3   0 0  1 0  0 0  2 0
    98  0.1574271904860684E-04   3   0 0  0 1  0 0  2 0
    99  -.3385422418639111       3   1 0  0 0  0 1  0 1
   100  -.5594035741336435       3   0 1  0 0  0 1  0 1
   101  -.1028925698811656E-04   3   0 0  1 0  0 1  0 1
   102  -.1712592017011360E-04   3   0 0  0 1  0 1  0 1
   103  -.3380866476697539       3   1 0  0 0  0 0  1 1
   104  -.5586507551673519       3   0 1  0 0  0 0  1 1
   105  -.1027541019097784E-04   3   0 0  1 0  0 0  1 1
   106  -.1710287291386532E-04   3   0 0  0 1  0 0  1 1
   107  0.4170328380759712E-01   3   1 0  0 0  0 0  0 2
   108  0.3475902033389930E-01   3   0 1  0 0  0 0  0 2
   109  0.1239144230417066E-05   3   0 0  1 0  0 0  0 2
   110  0.1166991589072193E-05   3   0 0  0 1  0 0  0 2
   111  -.3136626393563069E-06   3   0 0  0 0  0 3  0 0
   112  0.8069633488656050E-07   3   0 0  0 0  0 2  1 0
   113  0.7990112239196673E-07   3   0 0  0 0  0 1  2 0
   114  -.3130836967315842E-06   3   0 0  0 0  0 0  3 0
   115  -.1619993579632407E-06   3   0 0  0 0  0 2  0 1
   116  -.5712148185187793E-06   3   0 0  0 0  0 1  1 1
   117  -.1613969899540013E-06   3   0 0  0 0  0 0  2 1
   118  0.6960405848329619E-06   3   0 0  0 0  0 1  0 2
   119  0.6951038862170880E-06   3   0 0  0 0  0 0  1 2
   120  -.3072750987139139E-07   3   0 0  0 0  0 0  0 3
   121  -15.46561555935521       4   4 0  0 0  0 0  0 0
   122  -57.22152730802856       4   3 1  0 0  0 0  0 0
   123  -79.87108680328585       4   2 2  0 0  0 0  0 0
   124  -49.94808957152443       4   1 3  0 0  0 0  0 0
   125  -11.82635803759661       4   0 4  0 0  0 0  0 0
   126  -.7529799263706611E-02   4   3 0  1 0  0 0  0 0
   127  -.2013679189340159E-01   4   2 1  1 0  0 0  0 0
   128  -.1898287850814672E-01   4   1 2  1 0  0 0  0 0
   129  -.6310425690953347E-02   4   0 3  1 0  0 0  0 0
   130   63.84471602989055       4   2 0  2 0  0 0  0 0
   131   113.0459416478062       4   1 1  2 0  0 0  0 0
   132   50.45533606111061       4   0 2  2 0  0 0  0 0
   133  0.5616962854428086E-02   4   1 0  3 0  0 0  0 0
   134  0.4912923886070042E-02   4   0 1  3 0  0 0  0 0
   135  -8.003893034135798       4   0 0  4 0  0 0  0 0
   136  -.6731963813988891E-02   4   3 0  0 1  0 0  0 0
   137  -.1740539494877143E-01   4   2 1  0 1  0 0  0 0
   138  -.1524423967313202E-01   4   1 2  0 1  0 0  0 0
   139  -.4588237381659569E-02   4   0 3  0 1  0 0  0 0
   140   116.5930098902608       4   2 0  1 1  0 0  0 0
   141   207.9774265117757       4   1 1  1 1  0 0  0 0
   142   93.58704832668572       4   0 2  1 1  0 0  0 0
   143  0.1463223597512223E-01   4   1 0  2 1  0 0  0 0
   144  0.1286145883895316E-01   4   0 1  2 1  0 0  0 0
   145  -28.26135261695703       4   0 0  3 1  0 0  0 0
   146   53.48328111749770       4   2 0  0 2  0 0  0 0
   147   95.99176996846839       4   1 1  0 2  0 0  0 0
   148   43.49207472062855       4   0 2  0 2  0 0  0 0
   149  0.1253330371682692E-01   4   1 0  1 2  0 0  0 0
   150  0.1104524797308430E-01   4   0 1  1 2  0 0  0 0
   151  -37.66225394372691       4   0 0  2 2  0 0  0 0
   152  0.3935650118912433E-02   4   1 0  0 3  0 0  0 0
   153  0.3436711056521123E-02   4   0 1  0 3  0 0  0 0
   154  -22.36382102782511       4   0 0  1 3  0 0  0 0
   155  -4.972689685302651       4   0 0  0 4  0 0  0 0
   156  -2.100050630317988       4   3 0  0 0  0 1  0 0
   157  -11.61010857427788       4   2 1  0 0  0 1  0 0
   158  -19.52975748895193       4   1 2  0 0  0 1  0 0
   159  -11.34823953981482       4   0 3  0 0  0 1  0 0
   160  0.1270923055723543E-02   4   2 0  1 0  0 1  0 0
   161  0.1064931570292672E-01   4   1 1  1 0  0 1  0 0
   162  0.8339231844355364E-02   4   0 2  1 0  0 1  0 0
   163  0.9010460985388928       4   1 0  2 0  0 1  0 0
   164  -.3374841552519632       4   0 1  2 0  0 1  0 0
   165  -.3857758561998043E-03   4   0 0  3 0  0 1  0 0
   166  0.5372358132011852E-02   4   2 0  0 1  0 1  0 0
   167  0.1709577742168537E-01   4   1 1  0 1  0 1  0 0
   168  0.1088197385550889E-01   4   0 2  0 1  0 1  0 0
   169   5.002857034399605       4   1 0  1 1  0 1  0 0
   170   2.435610036754736       4   0 1  1 1  0 1  0 0
   171  -.4262859982485342E-02   4   0 0  2 1  0 1  0 0
   172   3.435914070968270       4   1 0  0 2  0 1  0 0
   173  0.7592031646200770       4   0 1  0 2  0 1  0 0
   174  -.6708947973752081E-02   4   0 0  1 2  0 1  0 0
   175  -.2910798680658975E-02   4   0 0  0 3  0 1  0 0
   176  -2.097224481151568       4   3 0  0 0  0 0  1 0
   177  -11.59448423732383       4   2 1  0 0  0 0  1 0
   178  -19.50347526172862       4   1 2  0 0  0 0  1 0
   179  -11.33296761386603       4   0 3  0 0  0 0  1 0
   180  0.1269212707371689E-02   4   2 0  1 0  0 0  1 0
   181  0.1063498435573860E-01   4   1 1  1 0  0 0  1 0
   182  0.8328009299153619E-02   4   0 2  1 0  0 0  1 0
   183  0.8998335131643089       4   1 0  2 0  0 0  1 0
   184  -.3370299849809023       4   0 1  2 0  0 0  1 0
   185  -.3852566972335170E-03   4   0 0  3 0  0 0  1 0
   186  0.5365128265628267E-02   4   2 0  0 1  0 0  1 0
   187  0.1707277073012736E-01   4   1 1  0 1  0 0  1 0
   188  0.1086732940794381E-01   4   0 2  0 1  0 0  1 0
   189   4.996124425179194       4   1 0  1 1  0 0  1 0
   190   2.432332307553593       4   0 1  1 1  0 0  1 0
   191  -.4257123226422544E-02   4   0 0  2 1  0 0  1 0
   192   3.431290179740581       4   1 0  0 2  0 0  1 0
   193  0.7581814647811378       4   0 1  0 2  0 0  1 0
   194  -.6699919387750768E-02   4   0 0  1 2  0 0  1 0
   195  -.2906881464975733E-02   4   0 0  0 3  0 0  1 0
   196   4.195227681572388       4   3 0  0 0  0 0  0 1
   197   16.61694531993211       4   2 1  0 0  0 0  0 1
   198   20.39958261621882       4   1 2  0 0  0 0  0 1
   199   8.216848145678398       4   0 3  0 0  0 0  0 1
   200  0.8968147133418885E-03   4   2 0  1 0  0 0  0 1
   201  0.1982543490954762E-02   4   1 1  1 0  0 0  0 1
   202  0.1099783292070069E-02   4   0 2  1 0  0 0  0 1
   203  -1.797451359663313       4   1 0  2 0  0 0  0 1
   204  0.3926448532868460       4   0 1  2 0  0 0  0 1
   205  -.6984722935966613E-04   4   0 0  3 0  0 0  0 1
   206  0.1018397556311261E-02   4   2 0  0 1  0 0  0 1
   207  0.2162214971068229E-02   4   1 1  0 1  0 0  0 1
   208  0.1167506040285588E-02   4   0 2  0 1  0 0  0 1
   209  -6.052957694963650       4   1 0  1 1  0 0  0 1
   210  -2.403964539106580       4   0 1  1 1  0 0  0 1
   211  -.2304965015759173E-03   4   0 0  2 1  0 0  0 1
   212  -3.302531295493763       4   1 0  0 2  0 0  0 1
   213  -1.598570060110047       4   0 1  0 2  0 0  0 1
   214  -.2264300301834702E-03   4   0 0  1 2  0 0  0 1
   215  -.5863604691863440E-04   4   0 0  0 3  0 0  0 1
   216  -.7215817141308842E-01   4   2 0  0 0  0 2  0 0
   217  -.2958366538986850       4   1 1  0 0  0 2  0 0
   218  -.2354725923732296       4   0 2  0 0  0 2  0 0
   219  -.8366363539369373E-04   4   1 0  1 0  0 2  0 0
   220  0.4161540652557332E-04   4   0 1  1 0  0 2  0 0
   221  0.3433091455089639E-01   4   0 0  2 0  0 2  0 0
   222  0.4659079451216707E-03   4   1 0  0 1  0 2  0 0
   223  0.5542651158927464E-03   4   0 1  0 1  0 2  0 0
   224  0.1720531385924224       4   0 0  1 1  0 2  0 0
   225  0.1475554669692478       4   0 0  0 2  0 2  0 0
   226  -.5970299983890281E-01   4   2 0  0 0  0 1  1 0
   227  -.3174033595291307       4   1 1  0 0  0 1  1 0
   228  -.2922019823850525       4   0 2  0 0  0 1  1 0
   229  -.1645023153269116E-03   4   1 0  1 0  0 1  1 0
   230  0.2388440160388330E-04   4   0 1  1 0  0 1  1 0
   231  0.2105194921036842E-01   4   0 0  2 0  0 1  1 0
   232  0.5325497845610701E-03   4   1 0  0 1  0 1  1 0
   233  0.7223218526667130E-03   4   0 1  0 1  0 1  1 0
   234  0.1679687036358056       4   0 0  1 1  0 1  1 0
   235  0.1748706254788230       4   0 0  0 2  0 1  1 0
   236  -.7202089160495781E-01   4   2 0  0 0  0 0  2 0
   237  -.2952249576308896       4   1 1  0 0  0 0  2 0
   238  -.2349590886274063       4   0 2  0 0  0 0  2 0
   239  -.8344035508449299E-04   4   1 0  1 0  0 0  2 0
   240  0.4154333122175419E-04   4   0 1  1 0  0 0  2 0
   241  0.3427054826350213E-01   4   0 0  2 0  0 0  2 0
   242  0.4649226079656848E-03   4   1 0  0 1  0 0  2 0
   243  0.5530331786676593E-03   4   0 1  0 1  0 0  2 0
   244  0.1717085754044571       4   0 0  1 1  0 0  2 0
   245  0.1472392274526475       4   0 0  0 2  0 0  2 0
   246  0.1180848610792317       4   2 0  0 0  0 1  0 1
   247  0.3592212147944525       4   1 1  0 0  0 1  0 1
   248  0.2272616867336752       4   0 2  0 0  0 1  0 1
   249  0.2913172766866441E-03   4   1 0  1 0  0 1  0 1
   250  0.2275976859018231E-03   4   0 1  1 0  0 1  0 1
   251  -.4249147383836395E-01   4   0 0  2 0  0 1  0 1
   252  -.2640649988433681E-03   4   1 0  0 1  0 1  0 1
   253  -.2067350809152193E-03   4   0 1  0 1  0 1  0 1
   254  -.1596055301563013       4   0 0  1 1  0 1  0 1
   255  -.1092242505167847       4   0 0  0 2  0 1  0 1
   256  0.1179259480383384       4   2 0  0 0  0 0  1 1
   257  0.3587377918130931       4   1 1  0 0  0 0  1 1
   258  0.2269558486661423       4   0 2  0 0  0 0  1 1
   259  0.2909252356249870E-03   4   1 0  1 0  0 0  1 1
   260  0.2272913956624436E-03   4   0 1  1 0  0 0  1 1
   261  -.4243429081542612E-01   4   0 0  2 0  0 0  1 1
   262  -.2637096326128770E-03   4   1 0  0 1  0 0  1 1
   263  -.2064568665864103E-03   4   0 1  0 1  0 0  1 1
   264  -.1593907405557651       4   0 0  1 1  0 0  1 1
   265  -.1090772616679998       4   0 0  0 2  0 0  1 1
   266  -.3312081402208371E-01   4   2 0  0 0  0 0  0 2
   267  -.5813190589950935E-01   4   1 1  0 0  0 0  0 2
   268  -.2549812775090381E-01   4   0 2  0 0  0 0  0 2
   269  -.3216458263648118E-03   4   1 0  1 0  0 0  0 2
   270  -.3187564822999100E-03   4   0 1  1 0  0 0  0 2
   271  -.5156643830662234E-02   4   0 0  2 0  0 0  0 2
   272  -.2460774402614897E-03   4   1 0  0 1  0 0  0 2
   273  -.2509590239773957E-03   4   0 1  0 1  0 0  0 2
   274  -.1035926495472933E-01   4   0 0  1 1  0 0  0 2
   275  -.5062779078234906E-02   4   0 0  0 2  0 0  0 2
   276  -.2012671284430379       4   1 0  0 0  0 3  0 0
   277  -.8896779707334841       4   0 1  0 0  0 3  0 0
   278  -.9633381605993869E-05   4   0 0  1 0  0 3  0 0
   279  -.2021149803863049E-04   4   0 0  0 1  0 3  0 0
   280  -.1378373773892861       4   1 0  0 0  0 2  1 0
   281  -.7683424016395700       4   0 1  0 0  0 2  1 0
   282  -.6384887196041711E-05   4   0 0  1 0  0 2  1 0
   283  -.1984149708679310E-04   4   0 0  0 1  0 2  1 0
   284  -.1379648717862394       4   1 0  0 0  0 1  2 0
   285  -.7685849162973893       4   0 1  0 0  0 1  2 0
   286  -.6391418532247773E-05   4   0 0  1 0  0 1  2 0
   287  -.1984218907548395E-04   4   0 0  0 1  0 1  2 0
   288  -.2007682222562289       4   1 0  0 0  0 0  3 0
   289  -.8873657380485981       4   0 1  0 0  0 0  3 0
   290  -.9609644932831565E-05   4   0 0  1 0  0 0  3 0
   291  -.2015736563211071E-04   4   0 0  0 1  0 0  3 0
   292  0.2756270962382097       4   1 0  0 0  0 2  0 1
   293  0.5862326489441996       4   0 1  0 0  0 2  0 1
   294  0.1165252390880857E-04   4   0 0  1 0  0 2  0 1
   295  0.2171838484166788E-04   4   0 0  0 1  0 2  0 1
   296  0.2128749944153808       4   1 0  0 0  0 1  1 1
   297  0.6129828416652183       4   0 1  0 0  0 1  1 1
   298  0.8460890447766248E-05   4   0 0  1 0  0 1  1 1
   299  0.2149664754755699E-04   4   0 0  0 1  0 1  1 1
   300  0.2751129317144306       4   1 0  0 0  0 0  2 1
   301  0.5850312629637227       4   0 1  0 0  0 0  2 1
   302  0.1163114935758682E-04   4   0 0  1 0  0 0  2 1
   303  0.2167469267531620E-04   4   0 0  0 1  0 0  2 1
   304  -.4351341755150717E-01   4   1 0  0 0  0 1  0 2
   305  -.5360931963833981E-01   4   0 1  0 0  0 1  0 2
   306  -.4414140495018366E-06   4   0 0  1 0  0 1  0 2
   307  -.8976726325358320E-06   4   0 0  0 1  0 1  0 2
   308  -.4345485924488275E-01   4   1 0  0 0  0 0  1 2
   309  -.5353717474249049E-01   4   0 1  0 0  0 0  1 2
   310  -.4408200152771450E-06   4   0 0  1 0  0 0  1 2
   311  -.8964645870128195E-06   4   0 0  0 1  0 0  1 2
   312  0.1186625193860071E-02   4   1 0  0 0  0 0  0 3
   313  0.9559468650693700E-03   4   0 1  0 0  0 0  0 3
   314  0.7644519184066903E-07   4   0 0  1 0  0 0  0 3
   315  0.6173482610489004E-07   4   0 0  0 1  0 0  0 3
   316  -.3278465544216023E-04   4   0 0  0 0  0 4  0 0
   317  -.2218516059986850E-04   4   0 0  0 0  0 3  1 0
   318  -.2078450447881690E-04   4   0 0  0 0  0 2  2 0
   319  -.2221543529953053E-04   4   0 0  0 0  0 1  3 0
   320  -.3268154671567756E-04   4   0 0  0 0  0 0  4 0
   321  0.8002662842721499E-05   4   0 0  0 0  0 3  0 1
   322  0.8391828998941089E-05   4   0 0  0 0  0 2  1 1
   323  0.8391021676889465E-05   4   0 0  0 0  0 1  2 1
   324  0.7980869377749305E-05   4   0 0  0 0  0 0  3 1
   325  -.5504073957720339E-06   4   0 0  0 0  0 2  0 2
   326  -.6841774414698787E-06   4   0 0  0 0  0 1  1 2
   327  -.5492063165603499E-06   4   0 0  0 0  0 0  2 2
   328  0.1302596124262237E-07   4   0 0  0 0  0 1  0 3
   329  0.1300843151787434E-07   4   0 0  0 0  0 0  1 3
   330  -.4532857945895459E-14   4   0 0  0 0  0 0  0 4
   ----------------------------------------------------
     I  COEFFICIENT            ORDER EXPONENTS
     1  0.3966190397839304E-04   0   0 0  0 0  0 0  0 0
     2   2.601729973025718       1   1 0  0 0  0 0  0 0
     3   3.385222207465334       1   0 1  0 0  0 0  0 0
     4  0.7443562280827204E-04   1   0 0  1 0  0 0  0 0
     5  0.6847129660878713E-04   1   0 0  0 1  0 0  0 0
     6  0.1523458673795792E-05   1   0 0  0 0  0 1  0 0
     7  0.1521408474910693E-05   1   0 0  0 0  0 0  1 0
     8  0.3661703683753925E-04   1   0 0  0 0  0 0  0 1
     9  -.6814770742731650       2   2 0  0 0  0 0  0 0
    10  -1.248590171654778       2   1 1  0 0  0 0  0 0
    11  -.5749486108892615       2   0 2  0 0  0 0  0 0
    12  0.2841017847085551E-02   2   1 0  1 0  0 0  0 0
    13  0.2063717903322495E-02   2   0 1  1 0  0 0  0 0
    14  0.4558479210865498       2   0 0  2 0  0 0  0 0
    15  0.2558381965627992E-02   2   1 0  0 1  0 0  0 0
    16  0.1903431154974902E-02   2   0 1  0 1  0 0  0 0
    17  0.8356821713452675       2   0 0  1 1  0 0  0 0
    18  0.3867844470531286       2   0 0  0 2  0 0  0 0
    19  -.1424932937002091       2   1 0  0 0  0 1  0 0
    20  -1.314060652879484       2   0 1  0 0  0 1  0 0
    21  -.3972470962481769E-05   2   0 0  1 0  0 1  0 0
    22  -.3812912597521486E-04   2   0 0  0 1  0 1  0 0
    23  -.1423015329410233       2   1 0  0 0  0 0  1 0
    24  -1.312292251982372       2   0 1  0 0  0 0  1 0
    25  -.3967124998276567E-05   2   0 0  1 0  0 0  1 0
    26  -.3807781359444088E-04   2   0 0  0 1  0 0  1 0
    27   2.886524799816707       2   1 0  0 0  0 0  0 1
    28   2.626352905013259       2   0 1  0 0  0 0  0 1
    29  0.8237507998918625E-04   2   0 0  1 0  0 0  0 1
    30  0.7620680306973713E-04   2   0 0  0 1  0 0  0 1
    31  -.1202445870260482E-05   2   0 0  0 0  0 2  0 0
    32  -.8822907188316758E-06   2   0 0  0 0  0 1  1 0
    33  -.1200234002642210E-05   2   0 0  0 0  0 0  2 0
    34  0.3287181077697874E-05   2   0 0  0 0  0 1  0 1
    35  0.3282757344322945E-05   2   0 0  0 0  0 0  1 1
    36  -.3284968825301497E-05   2   0 0  0 0  0 0  0 2
    37  -10.07244010872497       3   3 0  0 0  0 0  0 0
    38  -29.34340969727736       3   2 1  0 0  0 0  0 0
    39  -29.66376694076218       3   1 2  0 0  0 0  0 0
    40  -9.110232840876467       3   0 3  0 0  0 0  0 0
    41  -.5349061719234606E-01   3   2 0  1 0  0 0  0 0
    42  -.9726858205112118E-01   3   1 1  1 0  0 0  0 0
    43  -.4444750830369958E-01   3   0 2  1 0  0 0  0 0
    44  -13.95018842054301       3   1 0  2 0  0 0  0 0
    45  -11.09361021861517       3   0 1  2 0  0 0  0 0
    46  0.1177578084241561E-01   3   0 0  3 0  0 0  0 0
    47  -.5051302914291622E-01   3   2 0  0 1  0 0  0 0
    48  -.9268429760908575E-01   3   1 1  0 1  0 0  0 0
    49  -.4269411595209118E-01   3   0 2  0 1  0 0  0 0
    50  -29.52647271520911       3   1 0  1 1  0 0  0 0
    51  -24.58509603698551       3   0 1  1 1  0 0  0 0
    52  0.3216564976848696E-01   3   0 0  2 1  0 0  0 0
    53  -13.73282247334891       3   1 0  0 2  0 0  0 0
    54  -10.54211704911305       3   0 1  0 2  0 0  0 0
    55  0.2958033060185422E-01   3   0 0  1 2  0 0  0 0
    56  0.9195393808049219E-02   3   0 0  0 3  0 0  0 0
    57  0.1035174468247597       3   2 0  0 0  0 1  0 0
    58  0.8092504973433809       3   1 1  0 0  0 1  0 0
    59  0.6575351212152423       3   0 2  0 0  0 1  0 0
    60  -.1182563893400660E-02   3   1 0  1 0  0 1  0 0
    61  -.1950425189572011E-02   3   0 1  1 0  0 1  0 0
    62  0.1589125465263158E-01   3   0 0  2 0  0 1  0 0
    63  -.2523332262387414E-02   3   1 0  0 1  0 1  0 0
    64  -.2919499018443449E-02   3   0 1  0 1  0 1  0 0
    65  -.3848312727226276       3   0 0  1 1  0 1  0 0
    66  -.3702648560614091       3   0 0  0 2  0 1  0 0
    67  0.1033781379234311       3   2 0  0 0  0 0  1 0
    68  0.8081614461627109       3   1 1  0 0  0 0  1 0
    69  0.6566502414376669       3   0 2  0 0  0 0  1 0
    70  -.1180972454645224E-02   3   1 0  1 0  0 0  1 0
    71  -.1947800399272237E-02   3   0 1  1 0  0 0  1 0
    72  0.1586986895104940E-01   3   0 0  2 0  0 0  1 0
    73  -.2519936480749219E-02   3   1 0  0 1  0 0  1 0
    74  -.2915570094255648E-02   3   0 1  0 1  0 0  1 0
    75  -.3843133849322664       3   0 0  1 1  0 0  1 0
    76  -.3697665710680993       3   0 0  0 2  0 0  1 0
    77  -.8883749900967856       3   2 0  0 0  0 0  0 1
    78  -1.617415858457190       3   1 1  0 0  0 0  0 1
    79  -.7392383910790260       3   0 2  0 0  0 0  0 1
    80  0.5200989630355209E-02   3   1 0  1 0  0 0  0 1
    81  0.3894604854854093E-02   3   0 1  1 0  0 0  0 1
    82  0.4240882608916711       3   0 0  2 0  0 0  0 1
    83  0.5039404937725342E-02   3   1 0  0 1  0 0  0 1
    84  0.3927668611709160E-02   3   0 1  0 1  0 0  0 1
    85  0.7691471204705277       3   0 0  1 1  0 0  0 1
    86  0.3532480072707847       3   0 0  0 2  0 0  0 1
    87  0.1095039005917337       3   1 0  0 0  0 2  0 0
    88   1.047853437317505       3   0 1  0 0  0 2  0 0
    89  0.2743009667558536E-05   3   0 0  1 0  0 2  0 0
    90  0.3029070249062649E-04   3   0 0  0 1  0 2  0 0
    91  0.7660271233692245E-01   3   1 0  0 0  0 1  1 0
    92  0.7823600834915947       3   0 1  0 0  0 1  1 0
    93  0.1513968606955540E-05   3   0 0  1 0  0 1  1 0
    94  0.2247740523941253E-04   3   0 0  0 1  0 1  1 0
    95  0.1093049912430060       3   1 0  0 0  0 0  2 0
    96   1.045916853880681       3   0 1  0 0  0 0  2 0
    97  0.2738299540623392E-05   3   0 0  1 0  0 0  2 0
    98  0.3023481417444141E-04   3   0 0  0 1  0 0  2 0
    99  -.2956098844174021       3   1 0  0 0  0 1  0 1
   100  -1.564005783681128       3   0 1  0 0  0 1  0 1
   101  -.7087307454890106E-05   3   0 0  1 0  0 1  0 1
   102  -.4500102207396334E-04   3   0 0  0 1  0 1  0 1
   103  -.2952120665665628       3   1 0  0 0  0 0  1 1
   104  -1.561901018406489       3   0 1  0 0  0 0  1 1
   105  -.7077769690530507E-05   3   0 0  1 0  0 0  1 1
   106  -.4494046181928084E-04   3   0 0  0 1  0 0  1 1
   107  0.2954106136744036       3   1 0  0 0  0 0  0 2
   108  0.2497766506832066       3   0 1  0 0  0 0  0 2
   109  0.7121191391881549E-05   3   0 0  1 0  0 0  0 2
   110  0.6922748056868462E-05   3   0 0  0 1  0 0  0 2
   111  0.1041909535580513E-05   3   0 0  0 0  0 3  0 0
   112  0.7224815820985190E-06   3   0 0  0 0  0 2  1 0
   113  0.7231235583001453E-06   3   0 0  0 0  0 1  2 0
   114  0.1039320821120665E-05   3   0 0  0 0  0 0  3 0
   115  -.2648815607024145E-05   3   0 0  0 0  0 2  0 1
   116  -.2012756381229039E-05   3   0 0  0 0  0 1  1 1
   117  -.2643896619473978E-05   3   0 0  0 0  0 0  2 1
   118  0.2013049139138880E-05   3   0 0  0 0  0 1  0 2
   119  0.2010340072479027E-05   3   0 0  0 0  0 0  1 2
   120  -.2462913206912825E-06   3   0 0  0 0  0 0  0 3
   121  -70.80915149151208       4   4 0  0 0  0 0  0 0
   122  -262.4652113889730       4   3 1  0 0  0 0  0 0
   123  -366.3539305902173       4   2 2  0 0  0 0  0 0
   124  -228.7978380653051       4   1 3  0 0  0 0  0 0
   125  -54.06494935946007       4   0 4  0 0  0 0  0 0
   126  -.3610075449535070E-01   4   3 0  1 0  0 0  0 0
   127  -.9599715546397213E-01   4   2 1  1 0  0 0  0 0
   128  -.8553833657815713E-01   4   1 2  1 0  0 0  0 0
   129  -.2443972284744756E-01   4   0 3  1 0  0 0  0 0
   130   298.0199372149925       4   2 0  2 0  0 0  0 0
   131   537.7021002772370       4   1 1  2 0  0 0  0 0
   132   243.8446368104530       4   0 2  2 0  0 0  0 0
   133  0.2864124516703608E-01   4   1 0  3 0  0 0  0 0
   134  0.2755421502681899E-01   4   0 1  3 0  0 0  0 0
   135  -34.99568763769933       4   0 0  4 0  0 0  0 0
   136  -.3393088292328799E-01   4   3 0  0 1  0 0  0 0
   137  -.9134324606157367E-01   4   2 1  0 1  0 0  0 0
   138  -.8118968574784445E-01   4   1 2  0 1  0 0  0 0
   139  -.2300725836832395E-01   4   0 3  0 1  0 0  0 0
   140   558.4013245326736       4   2 0  1 1  0 0  0 0
   141   1015.002168823231       4   1 1  1 1  0 0  0 0
   142   464.0865176654555       4   0 2  1 1  0 0  0 0
   143  0.8272776258348793E-01   4   1 0  2 1  0 0  0 0
   144  0.7979874151245138E-01   4   0 1  2 1  0 0  0 0
   145  -126.5216680334993       4   0 0  3 1  0 0  0 0
   146   263.4042507750246       4   2 0  0 2  0 0  0 0
   147   481.6868589962535       4   1 1  0 2  0 0  0 0
   148   221.7223536600099       4   0 2  0 2  0 0  0 0
   149  0.7970755689756494E-01   4   1 0  1 2  0 0  0 0
   150  0.7789283335280946E-01   4   0 1  1 2  0 0  0 0
   151  -173.1366552336378       4   0 0  2 2  0 0  0 0
   152  0.2686226525331663E-01   4   1 0  0 3  0 0  0 0
   153  0.2653306777365711E-01   4   0 1  0 3  0 0  0 0
   154  -105.9040070377563       4   0 0  1 3  0 0  0 0
   155  -24.34211011194115       4   0 0  0 4  0 0  0 0
   156   7.623234210778061       4   3 0  0 0  0 1  0 0
   157   36.51303728299914       4   2 1  0 0  0 1  0 0
   158   50.53469856186920       4   1 2  0 0  0 1  0 0
   159   20.25433445775963       4   0 3  0 0  0 1  0 0
   160  -.4934707358550973E-02   4   2 0  1 0  0 1  0 0
   161  0.3331848090319078E-01   4   1 1  1 0  0 1  0 0
   162  0.3433036767511993E-01   4   0 2  1 0  0 1  0 0
   163   5.029357439356309       4   1 0  2 0  0 1  0 0
   164   9.120933425535743       4   0 1  2 0  0 1  0 0
   165  0.1042676545122339E-02   4   0 0  3 0  0 1  0 0
   166  0.1643526839873234E-01   4   2 0  0 1  0 1  0 0
   167  0.6992444367138907E-01   4   1 1  0 1  0 1  0 0
   168  0.5032100337905409E-01   4   0 2  0 1  0 1  0 0
   169   26.43597927435993       4   1 0  1 1  0 1  0 0
   170   33.66781094700651       4   0 1  1 1  0 1  0 0
   171  -.1095120745357331E-01   4   0 0  2 1  0 1  0 0
   172   19.97669829801974       4   1 0  0 2  0 1  0 0
   173   20.86849943341696       4   0 1  0 2  0 1  0 0
   174  -.2251301862962849E-01   4   0 0  1 2  0 1  0 0
   175  -.1081159988526747E-01   4   0 0  0 3  0 1  0 0
   176   7.612975221447994       4   3 0  0 0  0 0  1 0
   177   36.46389975822407       4   2 1  0 0  0 0  1 0
   178   50.46669134616304       4   1 2  0 0  0 0  1 0
   179   20.22707712900032       4   0 3  0 0  0 0  1 0
   180  -.4928066461952516E-02   4   2 0  1 0  0 0  1 0
   181  0.3327364246183692E-01   4   1 1  1 0  0 0  1 0
   182  0.3428416748423692E-01   4   0 2  1 0  0 0  1 0
   183   5.022589167139811       4   1 0  2 0  0 0  1 0
   184   9.108658903186344       4   0 1  2 0  0 0  1 0
   185  0.1041273360167555E-02   4   0 0  3 0  0 0  1 0
   186  0.1641315058908871E-01   4   2 0  0 1  0 0  1 0
   187  0.6983034265052100E-01   4   1 1  0 1  0 0  1 0
   188  0.5025328374425331E-01   4   0 2  0 1  0 0  1 0
   189   26.40040297933702       4   1 0  1 1  0 0  1 0
   190   33.62250239374298       4   0 1  1 1  0 0  1 0
   191  -.1093646983469482E-01   4   0 0  2 1  0 0  1 0
   192   19.94981459891942       4   1 0  0 2  0 0  1 0
   193   20.84041559037778       4   0 1  0 2  0 0  1 0
   194  -.2248272167015855E-01   4   0 0  1 2  0 0  1 0
   195  -.1079705014367493E-01   4   0 0  0 3  0 0  1 0
   196  -25.31658130327147       4   3 0  0 0  0 0  0 1
   197  -73.00215030895565       4   2 1  0 0  0 0  0 1
   198  -71.36449643252431       4   1 2  0 0  0 0  0 1
   199  -22.27054067846844       4   0 3  0 0  0 0  0 1
   200  0.4759331307462125E-03   4   2 0  1 0  0 0  0 1
   201  0.1006984533114337E-02   4   1 1  1 0  0 0  0 1
   202  0.5343246963192474E-03   4   0 2  1 0  0 0  0 1
   203  -23.98544127539353       4   1 0  2 0  0 0  0 1
   204  -18.21296837431116       4   0 1  2 0  0 0  0 1
   205  -.6671796252949641E-03   4   0 0  3 0  0 0  0 1
   206  0.6153959702641017E-03   4   2 0  0 1  0 0  0 1
   207  0.1087314428157858E-02   4   1 1  0 1  0 0  0 1
   208  0.5328628041027683E-03   4   0 2  0 1  0 0  0 1
   209  -52.80072004238704       4   1 0  1 1  0 0  0 1
   210  -42.66912366662355       4   0 1  1 1  0 0  0 1
   211  -.2024399863022418E-02   4   0 0  2 1  0 0  0 1
   212  -26.17441445126704       4   1 0  0 2  0 0  0 1
   213  -20.60493170005012       4   0 1  0 2  0 0  0 1
   214  -.2014039898748531E-02   4   0 0  1 2  0 0  0 1
   215  -.6164862549079448E-03   4   0 0  0 3  0 0  0 1
   216  -.8187524040668114E-01   4   2 0  0 0  0 2  0 0
   217  -.7048348306883961       4   1 1  0 0  0 2  0 0
   218  -.7210187741073054       4   0 2  0 0  0 2  0 0
   219  -.5542071528810225E-03   4   1 0  1 0  0 2  0 0
   220  0.6266383476512025E-03   4   0 1  1 0  0 2  0 0
   221  -.9883039574316840E-02   4   0 0  2 0  0 2  0 0
   222  0.1008661832245463E-02   4   1 0  0 1  0 2  0 0
   223  0.2304066427622523E-02   4   0 1  0 1  0 2  0 0
   224  0.2759833651433604       4   0 0  1 1  0 2  0 0
   225  0.3595440674002431       4   0 0  0 2  0 2  0 0
   226  -.6191337695173288E-01   4   2 0  0 0  0 1  1 0
   227  -.6048811046098261       4   1 1  0 0  0 1  1 0
   228  -.7866635986689379       4   0 2  0 0  0 1  1 0
   229  -.6659775797580288E-03   4   1 0  1 0  0 1  1 0
   230  0.7173566676231372E-03   4   0 1  1 0  0 1  1 0
   231  -.3571151083214721E-02   4   0 0  2 0  0 1  1 0
   232  0.1122952395655502E-02   4   1 0  0 1  0 1  1 0
   233  0.3124087004782818E-02   4   0 1  0 1  0 1  1 0
   234  0.1675755836248825       4   0 0  1 1  0 1  1 0
   235  0.3488490749000354       4   0 0  0 2  0 1  1 0
   236  -.8172339651437395E-01   4   2 0  0 0  0 0  2 0
   237  -.7034792869492051       4   1 1  0 0  0 0  2 0
   238  -.7195191336230895       4   0 2  0 0  0 0  2 0
   239  -.5530132063933522E-03   4   1 0  1 0  0 0  2 0
   240  0.6253123548976561E-03   4   0 1  1 0  0 0  2 0
   241  -.9867336502016441E-02   4   0 0  2 0  0 0  2 0
   242  0.1006548814482633E-02   4   1 0  0 1  0 0  2 0
   243  0.2298863599082254E-02   4   0 1  0 1  0 0  2 0
   244  0.2754992020757563       4   0 0  1 1  0 0  2 0
   245  0.3588254776169043       4   0 0  0 2  0 0  2 0
   246  0.2279302995471196       4   2 0  0 0  0 1  0 1
   247   1.212453304695730       4   1 1  0 0  0 1  0 1
   248  0.9180531051809437       4   0 2  0 0  0 1  0 1
   249  0.8912838132228370E-03   4   1 0  1 0  0 1  0 1
   250  -.1028096461910323E-02   4   0 1  1 0  0 1  0 1
   251  0.2315762648592545E-01   4   0 0  2 0  0 1  0 1
   252  -.1447752516559133E-02   4   1 0  0 1  0 1  0 1
   253  -.2811969600032790E-02   4   0 1  0 1  0 1  0 1
   254  -.3340675442251300       4   0 0  1 1  0 1  0 1
   255  -.3270538718626547       4   0 0  0 2  0 1  0 1
   256  0.2276235616919727       4   2 0  0 0  0 0  1 1
   257   1.210821642179219       4   1 1  0 0  0 0  1 1
   258  0.9168176325783374       4   0 2  0 0  0 0  1 1
   259  0.8900843654717522E-03   4   1 0  1 0  0 0  1 1
   260  -.1026712898144393E-02   4   0 1  1 0  0 0  1 1
   261  0.2312646204358183E-01   4   0 0  2 0  0 0  1 1
   262  -.1445804199452561E-02   4   1 0  0 1  0 0  1 1
   263  -.2808185383868603E-02   4   0 1  0 1  0 0  1 1
   264  -.3336179718681699       4   0 0  1 1  0 0  1 1
   265  -.3266137381754171       4   0 0  0 2  0 0  1 1
   266  -.2300428794294620       4   2 0  0 0  0 0  0 2
   267  -.4085583288243167       4   1 1  0 0  0 0  0 2
   268  -.1813156768996336       4   0 2  0 0  0 0  0 2
   269  -.9264652319541926E-05   4   1 0  1 0  0 0  0 2
   270  -.4367525084866988E-04   4   0 1  1 0  0 0  0 2
   271  -.2296201425939243E-01   4   0 0  2 0  0 0  0 2
   272  -.8500086547210103E-05   4   1 0  0 1  0 0  0 2
   273  -.3585050584489705E-04   4   0 1  0 1  0 0  0 2
   274  -.5097722251430790E-01   4   0 0  1 1  0 0  0 2
   275  -.2666486857563679E-01   4   0 0  0 2  0 0  0 2
   276  -.9306954648683477E-01   4   1 0  0 0  0 3  0 0
   277  -.9159696662716557       4   0 1  0 0  0 3  0 0
   278  -.4030377532943036E-05   4   0 0  1 0  0 3  0 0
   279  -.3179870102209006E-04   4   0 0  0 1  0 3  0 0
   280  -.6017032934914360E-01   4   1 0  0 0  0 2  1 0
   281  -.6523194531986811       4   0 1  0 0  0 2  1 0
   282  -.2027900332138742E-05   4   0 0  1 0  0 2  1 0
   283  -.2196112911050913E-04   4   0 0  0 1  0 2  1 0
   284  -.6023648784253617E-01   4   1 0  0 0  0 1  2 0
   285  -.6528491769443205       4   0 1  0 0  0 1  2 0
   286  -.2031931642476223E-05   4   0 0  1 0  0 1  2 0
   287  -.2198090113788994E-04   4   0 0  0 1  0 1  2 0
   288  -.9284124097508695E-01   4   1 0  0 0  0 0  3 0
   289  -.9136823244779457       4   0 1  0 0  0 0  3 0
   290  -.4020879009613799E-05   4   0 0  1 0  0 0  3 0
   291  -.3171975403109619E-04   4   0 0  0 1  0 0  3 0
   292  0.2298180335458803       4   1 0  0 0  0 2  0 1
   293   1.304449872134045       4   0 1  0 0  0 2  0 1
   294  0.5251734081698562E-05   4   0 0  1 0  0 2  0 1
   295  0.4041051139197795E-04   4   0 0  0 1  0 2  0 1
   296  0.1641640694739484       4   1 0  0 0  0 1  1 1
   297   1.045551123458550       4   0 1  0 0  0 1  1 1
   298  0.3074054376455233E-05   4   0 0  1 0  0 1  1 1
   299  0.3109196851992680E-04   4   0 0  0 1  0 1  1 1
   300  0.2293982931333266       4   1 0  0 0  0 0  2 1
   301   1.301990878259303       4   0 1  0 0  0 0  2 1
   302  0.5242598086724740E-05   4   0 0  1 0  0 0  2 1
   303  0.4033520777726790E-04   4   0 0  0 1  0 0  2 1
   304  -.1640502612744503       4   1 0  0 0  0 1  0 2
   305  -.2631701401774110       4   0 1  0 0  0 1  0 2
   306  -.1099858988979499E-05   4   0 0  1 0  0 1  0 2
   307  -.3687275634022004E-05   4   0 0  0 1  0 1  0 2
   308  -.1638294901642476       4   1 0  0 0  0 0  1 2
   309  -.2628159782055393       4   0 1  0 0  0 0  1 2
   310  -.1098378850586667E-05   4   0 0  1 0  0 0  1 2
   311  -.3682313472249014E-05   4   0 0  0 1  0 0  1 2
   312  0.1081722673517276E-01   4   1 0  0 0  0 0  0 3
   313  0.8805777048471483E-02   4   0 1  0 0  0 0  0 3
   314  0.6924492353112457E-06   4   0 0  1 0  0 0  0 3
   315  0.5671500926187283E-06   4   0 0  0 1  0 0  0 3
   316  -.3302931938720657E-04   4   0 0  0 0  0 4  0 0
   317  -.2102515556104400E-04   4   0 0  0 0  0 3  1 0
   318  -.1943634425530464E-04   4   0 0  0 0  0 2  2 0
   319  -.2105946430994021E-04   4   0 0  0 0  0 1  3 0
   320  -.3292633124705028E-04   4   0 0  0 0  0 0  4 0
   321  0.4048107793860837E-04   4   0 0  0 0  0 3  0 1
   322  0.2833764333771324E-04   4   0 0  0 0  0 2  1 1
   323  0.2836204646075964E-04   4   0 0  0 0  0 1  2 1
   324  0.4038031962562259E-04   4   0 0  0 0  0 0  3 1
   325  -.3161491569363276E-05   4   0 0  0 0  0 2  0 2
   326  -.3826470086647911E-05   4   0 0  0 0  0 1  1 2
   327  -.3154662241451556E-05   4   0 0  0 0  0 0  2 2
   328  0.2832754539816197E-07   4   0 0  0 0  0 1  0 3
   329  0.2828942352259614E-07   4   0 0  0 0  0 0  1 3
   330  0.1088281122883799E-12   4   0 0  0 0  0 0  0 4
   ----------------------------------------------------
     I  COEFFICIENT            ORDER EXPONENTS
     1  0.1026325296218683E-04   0   0 0  0 0  0 0  0 0
     2  0.1628133751944117E-04   1   1 0  0 0  0 0  0 0
     3  0.1440056673320014E-04   1   0 1  0 0  0 0  0 0
     4  0.5238476883901355       1   0 0  1 0  0 0  0 0
     5  0.7189849133833098       1   0 0  0 1  0 0  0 0
     6  -.1899818253208334E-04   1   0 0  0 0  0 1  0 0
     7  -.1897261567338501E-04   1   0 0  0 0  0 0  1 0
     8  0.3797079820537185E-04   1   0 0  0 0  0 0  0 1
     9  0.3992708409022218E-03   2   2 0  0 0  0 0  0 0
    10  0.7688084750194139E-03   2   1 1  0 0  0 0  0 0
    11  0.4065017148413514E-03   2   0 2  0 0  0 0  0 0
    12  0.2038369475526076       2   1 0  1 0  0 0  0 0
    13  0.1815361207858476       2   0 1  1 0  0 0  0 0
    14  0.2519640862694479E-04   2   0 0  2 0  0 0  0 0
    15  0.1857700025451974       2   1 0  0 1  0 0  0 0
    16  0.1665284753617910       2   0 1  0 1  0 0  0 0
    17  0.7685933580380217E-04   2   0 0  1 1  0 0  0 0
    18  0.9141771736969473E-04   2   0 0  0 2  0 0  0 0
    19  -.8779233806846444E-05   2   1 0  0 0  0 1  0 0
    20  -.1502235959035691E-04   2   0 1  0 0  0 1  0 0
    21  0.2201891107592699       2   0 0  1 0  0 1  0 0
    22  -.1614723039589382       2   0 0  0 1  0 1  0 0
    23  -.8767419127740167E-05   2   1 0  0 0  0 0  1 0
    24  -.1500214320679950E-04   2   0 1  0 0  0 0  1 0
    25  0.2198927906311636       2   0 0  1 0  0 0  1 0
    26  -.1612550021421959       2   0 0  0 1  0 0  1 0
    27  0.1754662832666801E-04   2   1 0  0 0  0 0  0 1
    28  0.1562391182970731E-04   2   0 1  0 0  0 0  0 1
    29  -.4400819014094996       2   0 0  1 0  0 0  0 1
    30  -.3962576073015273       2   0 0  0 1  0 0  0 1
    31  0.1355553487411520E-04   2   0 0  0 0  0 2  0 0
    32  0.8127505572780874E-05   2   0 0  0 0  0 1  1 0
    33  0.1353182366707364E-04   2   0 0  0 0  0 0  2 0
    34  -.1624040209872249E-04   2   0 0  0 0  0 1  0 1
    35  -.1621854653096168E-04   2   0 0  0 0  0 0  1 1
    36  -.2755918217043655E-05   2   0 0  0 0  0 0  0 2
    37  -.3858324036634660E-02   3   3 0  0 0  0 0  0 0
    38  -.1042607047720330E-01   3   2 1  0 0  0 0  0 0
    39  -.9429434995536156E-02   3   1 2  0 0  0 0  0 0
    40  -.2846677265832934E-02   3   0 3  0 0  0 0  0 0
    41  -3.561395084799186       3   2 0  1 0  0 0  0 0
    42  -7.504951991398057       3   1 1  1 0  0 0  0 0
    43  -4.293381637023210       3   0 2  1 0  0 0  0 0
    44  0.7999609207948575E-02   3   1 0  2 0  0 0  0 0
    45  0.7078395330140034E-02   3   0 1  2 0  0 0  0 0
    46  -.6237199895345162       3   0 0  3 0  0 0  0 0
    47  -4.052127209268205       3   2 0  0 1  0 0  0 0
    48  -7.916298599043468       3   1 1  0 1  0 0  0 0
    49  -3.876567062530484       3   0 2  0 1  0 0  0 0
    50  0.1449838768924289E-01   3   1 0  1 1  0 0  0 0
    51  0.1291469025611903E-01   3   0 1  1 1  0 0  0 0
    52  -1.572600302628021       3   0 0  2 1  0 0  0 0
    53  0.6653904969254068E-02   3   1 0  0 2  0 0  0 0
    54  0.5974855658706358E-02   3   0 1  0 2  0 0  0 0
    55  -1.797822411749030       3   0 0  1 2  0 0  0 0
    56  -.4478907732268250       3   0 0  0 3  0 0  0 0
    57  -.3832671940636705E-03   3   2 0  0 0  0 1  0 0
    58  -.1146689830869175E-02   3   1 1  0 0  0 1  0 0
    59  -.7974712479469018E-03   3   0 2  0 0  0 1  0 0
    60  -.9309044299388675E-01   3   1 0  1 0  0 1  0 0
    61  -.1730926878008876       3   0 1  1 0  0 1  0 0
    62  -.1584178961247684E-03   3   0 0  2 0  0 1  0 0
    63  -.1794133706839356       3   1 0  0 1  0 1  0 0
    64  -.2435701295966390       3   0 1  0 1  0 1  0 0
    65  -.2471045128188140E-03   3   0 0  1 1  0 1  0 0
    66  -.1685642163092735E-03   3   0 0  0 2  0 1  0 0
    67  -.3827514111366569E-03   3   2 0  0 0  0 0  1 0
    68  -.1145146669736411E-02   3   1 1  0 0  0 0  1 0
    69  -.7963980487249332E-03   3   0 2  0 0  0 0  1 0
    70  -.9296516626290585E-01   3   1 0  1 0  0 0  1 0
    71  -.1728597478192206       3   0 1  1 0  0 0  1 0
    72  -.1582047047861404E-03   3   0 0  2 0  0 0  1 0
    73  -.1791719246251282       3   1 0  0 1  0 0  1 0
    74  -.2432423443952901       3   0 1  0 1  0 0  1 0
    75  -.2467719712110944E-03   3   0 0  1 1  0 0  1 0
    76  -.1683373705311207E-03   3   0 0  0 2  0 0  1 0
    77  0.7655935571357404E-03   3   2 0  0 0  0 0  0 1
    78  0.1522145756138160E-02   3   1 1  0 0  0 0  0 1
    79  0.7804058179873144E-03   3   0 2  0 0  0 0  0 1
    80  0.1860559161528686       3   1 0  1 0  0 0  0 1
    81  0.1644165611508065       3   0 1  1 0  0 0  0 1
    82  0.3168608403036548E-03   3   0 0  2 0  0 0  0 1
    83  0.1728155388319691       3   1 0  0 1  0 0  0 1
    84  0.1537557191457922       3   0 1  0 1  0 0  0 1
    85  0.4175100385404659E-03   3   0 0  1 1  0 0  0 1
    86  0.1543219707634738E-03   3   0 0  0 2  0 0  0 1
    87  0.6907878039344364E-05   3   1 0  0 0  0 2  0 0
    88  0.1546537607864406E-04   3   0 1  0 0  0 2  0 0
    89  -.1563415297855960       3   0 0  1 0  0 2  0 0
    90  0.2922811421582330E-01   3   0 0  0 1  0 2  0 0
    91  0.5076176317881101E-05   3   1 0  0 0  0 1  1 0
    92  0.1595557417612378E-04   3   0 1  0 0  0 1  1 0
    93  -.9266546936483352E-01   3   0 0  1 0  0 1  1 0
    94  -.1026604858739078       3   0 0  0 1  0 1  1 0
    95  0.6895166103207796E-05   3   1 0  0 0  0 0  2 0
    96  0.1543382737447588E-04   3   0 1  0 0  0 0  2 0
    97  -.1560687803121823       3   0 0  1 0  0 0  2 0
    98  0.2925785821901891E-01   3   0 0  0 1  0 0  2 0
    99  -.1018819310263757E-04   3   1 0  0 0  0 1  0 1
   100  -.1695261731503479E-04   3   0 1  0 0  0 1  0 1
   101  0.1851596260990864       3   0 0  1 0  0 1  0 1
   102  0.3671489983212846       3   0 0  0 1  0 1  0 1
   103  -.1017448231251296E-04   3   1 0  0 0  0 0  1 1
   104  -.1692980328160141E-04   3   0 1  0 0  0 0  1 1
   105  0.1849104470005531       3   0 0  1 0  0 0  1 1
   106  0.3666549065024767       3   0 0  0 1  0 0  1 1
   107  0.1460227944228316E-05   3   1 0  0 0  0 0  0 2
   108  0.1396150482533134E-05   3   0 1  0 0  0 0  0 2
   109  0.3500585419874120E-01   3   0 0  1 0  0 0  0 2
   110  0.2935558227465890E-01   3   0 0  0 1  0 0  0 2
   111  -.1084622864368439E-04   3   0 0  0 0  0 3  0 0
   112  -.5430564851966259E-05   3   0 0  0 0  0 2  1 0
   113  -.5441467605009279E-05   3   0 0  0 0  0 1  2 0
   114  -.1082068496027897E-04   3   0 0  0 0  0 0  3 0
   115  0.1085703289553013E-04   3   0 0  0 0  0 2  0 1
   116  0.5487862152316981E-05   3   0 0  0 0  0 1  1 1
   117  0.1083872935920825E-04   3   0 0  0 0  0 0  2 1
   118  0.2639891827195043E-05   3   0 0  0 0  0 1  0 2
   119  0.2636339185187794E-05   3   0 0  0 0  0 0  1 2
   120  0.7858639649147512E-07   3   0 0  0 0  0 0  0 3
   121  -.1480903550641783E-02   4   4 0  0 0  0 0  0 0
   122  -.4833028652100292E-02   4   3 1  0 0  0 0  0 0
   123  -.5717364633335066E-02   4   2 2  0 0  0 0  0 0
   124  -.2471771145185227E-02   4   1 3  0 0  0 0  0 0
   125  -.1066678598824596E-03   4   0 4  0 0  0 0  0 0
   126   44.95836560648584       4   3 0  1 0  0 0  0 0
   127   122.4590822382187       4   2 1  1 0  0 0  0 0
   128   111.8479609981753       4   1 2  1 0  0 0  0 0
   129   34.33616576651680       4   0 3  1 0  0 0  0 0
   130  0.9699442487415593E-02   4   2 0  2 0  0 0  0 0
   131  0.1832644193853766E-01   4   1 1  2 0  0 0  0 0
   132  0.9049694860711223E-02   4   0 2  2 0  0 0  0 0
   133  -31.43643410195472       4   1 0  3 0  0 0  0 0
   134  -27.63855506412425       4   0 1  3 0  0 0  0 0
   135  -.6886141945186760E-03   4   0 0  4 0  0 0  0 0
   136   41.63078568938723       4   3 0  0 1  0 0  0 0
   137   114.0384175595538       4   2 1  0 1  0 0  0 0
   138   104.8315494838144       4   1 2  0 1  0 0  0 0
   139   32.41074076718060       4   0 3  0 1  0 0  0 0
   140  0.1628422507833482E-01   4   2 0  1 1  0 0  0 0
   141  0.3066856920914056E-01   4   1 1  1 1  0 0  0 0
   142  0.1482186461100328E-01   4   0 2  1 1  0 0  0 0
   143  -85.56846014821079       4   1 0  2 1  0 0  0 0
   144  -75.72928373581510       4   0 1  2 1  0 0  0 0
   145  -.3190234837708591E-02   4   0 0  3 1  0 0  0 0
   146  0.7037410272713407E-02   4   2 0  0 2  0 0  0 0
   147  0.1368054662823502E-01   4   1 1  0 2  0 0  0 0
   148  0.6768108466698529E-02   4   0 2  0 2  0 0  0 0
   149  -78.03275400312987       4   1 0  1 2  0 0  0 0
   150  -69.42764862928982       4   0 1  1 2  0 0  0 0
   151  -.4909447862459209E-02   4   0 0  2 2  0 0  0 0
   152  -23.74679682263796       4   1 0  0 3  0 0  0 0
   153  -21.21242217795120       4   0 1  0 3  0 0  0 0
   154  -.3252183159053722E-02   4   0 0  1 3  0 0  0 0
   155  -.7609553279241189E-03   4   0 0  0 4  0 0  0 0
   156  0.4501254007265427E-03   4   3 0  0 0  0 1  0 0
   157  0.5714538185038332E-02   4   2 1  0 0  0 1  0 0
   158  0.9163760810393246E-02   4   1 2  0 0  0 1  0 0
   159  0.3944306049907058E-02   4   0 3  0 0  0 1  0 0
   160   4.078800017393157       4   2 0  1 0  0 1  0 0
   161   12.11597569408258       4   1 1  1 0  0 1  0 0
   162   8.684818041077159       4   0 2  1 0  0 1  0 0
   163  -.7422032474966975E-03   4   1 0  2 0  0 1  0 0
   164  -.3849463499182360E-02   4   0 1  2 0  0 1  0 0
   165  0.8663962453591776       4   0 0  3 0  0 1  0 0
   166   6.004503464771485       4   2 0  0 1  0 1  0 0
   167   15.86873237391806       4   1 1  0 1  0 1  0 0
   168   10.00697458124959       4   0 2  0 1  0 1  0 0
   169  -.7674420378796732E-02   4   1 0  1 1  0 1  0 0
   170  -.1258227965025322E-01   4   0 1  1 1  0 1  0 0
   171   2.572768261822322       4   0 0  2 1  0 1  0 0
   172  -.6422764274630084E-02   4   1 0  0 2  0 1  0 0
   173  -.8398951075917427E-02   4   0 1  0 2  0 1  0 0
   174   3.101986167257060       4   0 0  1 2  0 1  0 0
   175   1.134913788999636       4   0 0  0 3  0 1  0 0
   176  0.4495196431759232E-03   4   3 0  0 0  0 0  1 0
   177  0.5706847828865770E-02   4   2 1  0 0  0 0  1 0
   178  0.9151428652967711E-02   4   1 2  0 0  0 0  1 0
   179  0.3938997988713801E-02   4   0 3  0 0  0 0  1 0
   180   4.073310960556935       4   2 0  1 0  0 0  1 0
   181   12.09967058499964       4   1 1  1 0  0 0  1 0
   182   8.673130422258781       4   0 2  1 0  0 0  1 0
   183  -.7412044253450427E-03   4   1 0  2 0  0 0  1 0
   184  -.3844283072624091E-02   4   0 1  2 0  0 0  1 0
   185  0.8652302901240120       4   0 0  3 0  0 0  1 0
   186   5.996422886991040       4   2 0  0 1  0 0  1 0
   187   15.84737698175670       4   1 1  0 1  0 0  1 0
   188   9.993507666470524       4   0 2  0 1  0 0  1 0
   189  -.7664092505533847E-02   4   1 0  1 1  0 0  1 0
   190  -.1256534701128220E-01   4   0 1  1 1  0 0  1 0
   191   2.569305951545926       4   0 0  2 1  0 0  1 0
   192  -.6414120821163681E-02   4   1 0  0 2  0 0  1 0
   193  -.8387648163388311E-02   4   0 1  0 2  0 0  1 0
   194   3.097811660464707       4   0 0  1 2  0 0  1 0
   195   1.133386475509033       4   0 0  0 3  0 0  1 0
   196  0.2700038906264590E-03   4   3 0  0 0  0 0  0 1
   197  0.9282414330381687E-03   4   2 1  0 0  0 0  0 1
   198  0.1035606901291608E-02   4   1 2  0 0  0 0  0 1
   199  0.3858221390094178E-03   4   0 3  0 0  0 0  0 1
   200  -8.148114530768440       4   2 0  1 0  0 0  0 1
   201  -16.70248049581708       4   1 1  1 0  0 0  0 1
   202  -8.766939077093006       4   0 2  1 0  0 0  0 1
   203  -.6445529385429224E-03   4   1 0  2 0  0 0  0 1
   204  -.6039430289474355E-03   4   0 1  2 0  0 0  0 1
   205  -1.732407800034202       4   0 0  3 0  0 0  0 1
   206  -7.944544069646258       4   2 0  0 1  0 0  0 1
   207  -15.87469595165333       4   1 1  0 1  0 0  0 1
   208  -8.366191190136707       4   0 2  0 1  0 0  0 1
   209  -.1329318749273077E-02   4   1 0  1 1  0 0  0 1
   210  -.1249080151377811E-02   4   0 1  1 1  0 0  0 1
   211  -3.571879038601751       4   0 0  2 1  0 0  0 1
   212  -.6287456663694403E-03   4   1 0  0 2  0 0  0 1
   213  -.5847077052325009E-03   4   0 1  0 2  0 0  0 1
   214  -2.606637140557390       4   0 0  1 2  0 0  0 1
   215  -.9254866585273249       4   0 0  0 3  0 0  0 1
   216  0.6150523377107430E-04   4   2 0  0 0  0 2  0 0
   217  0.7491531529473709E-03   4   1 1  0 0  0 2  0 0
   218  0.8007836437856903E-03   4   0 2  0 0  0 2  0 0
   219  0.6550059829314887E-01   4   1 0  1 0  0 2  0 0
   220  0.1672180863316264       4   0 1  1 0  0 2  0 0
   221  0.1663486046405561E-03   4   0 0  2 0  0 2  0 0
   222  0.1747551455880648       4   1 0  0 1  0 2  0 0
   223  0.2985784776808481       4   0 1  0 1  0 2  0 0
   224  0.2316511054578866E-03   4   0 0  1 1  0 2  0 0
   225  0.1432742367719864E-03   4   0 0  0 2  0 2  0 0
   226  0.8395573773078852E-04   4   2 0  0 0  0 1  1 0
   227  0.1047557544812774E-02   4   1 1  0 0  0 1  1 0
   228  0.1173709119302968E-02   4   0 2  0 0  0 1  1 0
   229  0.3760910531601429E-01   4   1 0  1 0  0 1  1 0
   230  0.1607006997127151       4   0 1  1 0  0 1  1 0
   231  0.2290881811031436E-03   4   0 0  2 0  0 1  1 0
   232  0.1697527535143170       4   1 0  0 1  0 1  1 0
   233  0.3529143945471136       4   0 1  0 1  0 1  1 0
   234  0.4384645004686282E-03   4   0 0  1 1  0 1  1 0
   235  0.2600006863518964E-03   4   0 0  0 2  0 1  1 0
   236  0.6136597108853714E-04   4   2 0  0 0  0 0  2 0
   237  0.7474401011534706E-03   4   1 1  0 0  0 0  2 0
   238  0.7989162256886308E-03   4   0 2  0 0  0 0  2 0
   239  0.6538714439416285E-01   4   1 0  1 0  0 0  2 0
   240  0.1668849203977006       4   0 1  1 0  0 0  2 0
   241  0.1659705924893831E-03   4   0 0  2 0  0 0  2 0
   242  0.1744057457213022       4   1 0  0 1  0 0  2 0
   243  0.2979391970571499       4   0 1  0 1  0 0  2 0
   244  0.2310443278871817E-03   4   0 0  1 1  0 0  2 0
   245  0.1429064767213544E-03   4   0 0  0 2  0 0  2 0
   246  -.2527911119349601E-03   4   2 0  0 0  0 1  0 1
   247  -.1207651712107480E-02   4   1 1  0 0  0 1  0 1
   248  -.9508830990332248E-03   4   0 2  0 0  0 1  0 1
   249  -.7481730108073498E-01   4   1 0  1 0  0 1  0 1
   250  -.1473501848370601       4   0 1  1 0  0 1  0 1
   251  -.4471170131032066E-03   4   0 0  2 0  0 1  0 1
   252  -.1596823486053958       4   1 0  0 1  0 1  0 1
   253  -.2181417770238854       4   0 1  0 1  0 1  0 1
   254  -.8414493010108845E-03   4   0 0  1 1  0 1  0 1
   255  -.3247407082870139E-03   4   0 0  0 2  0 1  0 1
   256  -.2524509175701502E-03   4   2 0  0 0  0 0  1 1
   257  -.1206026511347979E-02   4   1 1  0 0  0 0  1 1
   258  -.9496034453721135E-03   4   0 2  0 0  0 0  1 1
   259  -.7471661548295765E-01   4   1 0  1 0  0 0  1 1
   260  -.1471518879026798       4   0 1  1 0  0 0  1 1
   261  -.4465153040988672E-03   4   0 0  2 0  0 0  1 1
   262  -.1594674556262109       4   1 0  0 1  0 0  1 1
   263  -.2178482121010323       4   0 1  0 1  0 0  1 1
   264  -.8403169181977159E-03   4   0 0  1 1  0 0  1 1
   265  -.3243036875463008E-03   4   0 0  0 2  0 0  1 1
   266  0.1445022529642845E-03   4   2 0  0 0  0 0  0 2
   267  0.3068083334019440E-03   4   1 1  0 0  0 0  0 2
   268  0.1585557981202036E-03   4   0 2  0 0  0 0  0 2
   269  -.1877876332721863E-01   4   1 0  1 0  0 0  0 2
   270  -.1792231618414707E-01   4   0 1  1 0  0 0  0 2
   271  0.2963907728095551E-03   4   0 0  2 0  0 0  0 2
   272  -.1376841127461613E-01   4   1 0  0 1  0 0  0 2
   273  -.1343088221325979E-01   4   0 1  0 1  0 0  0 2
   274  0.4889534282277079E-03   4   0 0  1 1  0 0  0 2
   275  0.1937624356334889E-03   4   0 0  0 2  0 0  0 2
   276  -.1006071039537333E-04   4   1 0  0 0  0 3  0 0
   277  -.2037128846758773E-04   4   0 1  0 0  0 3  0 0
   278  0.1245731482845329       4   0 0  1 0  0 3  0 0
   279  0.3328219771114062E-01   4   0 0  0 1  0 3  0 0
   280  -.7080628606293927E-05   4   1 0  0 0  0 2  1 0
   281  -.2021437377785920E-04   4   0 1  0 0  0 2  1 0
   282  0.6107323628867249E-01   4   0 0  1 0  0 2  1 0
   283  0.1582212501916139       4   0 0  0 1  0 2  1 0
   284  -.7086616956045752E-05   4   1 0  0 0  0 1  2 0
   285  -.2021463519020180E-04   4   0 1  0 0  0 1  2 0
   286  0.6120108065959955E-01   4   0 0  1 0  0 1  2 0
   287  0.1579689541450063       4   0 0  0 1  0 1  2 0
   288  -.1003564358632478E-04   4   1 0  0 0  0 0  3 0
   289  -.2031658294123860E-04   4   0 1  0 0  0 0  3 0
   290  0.1242806419900999       4   0 0  1 0  0 0  3 0
   291  0.3310869325444363E-01   4   0 0  0 1  0 0  3 0
   292  0.1247770729516467E-04   4   1 0  0 0  0 2  0 1
   293  0.2226894422533719E-04   4   0 1  0 0  0 2  0 1
   294  -.1221009387366615       4   0 0  1 0  0 2  0 1
   295  -.3457411610316807       4   0 0  0 1  0 2  0 1
   296  0.9681393068932067E-05   4   1 0  0 0  0 1  1 1
   297  0.2241650002093477E-04   4   0 1  0 0  0 1  1 1
   298  -.5920942005730978E-01   4   0 0  1 0  0 1  1 1
   299  -.3243877071605609       4   0 0  0 1  0 1  1 1
   300  0.1245440100354376E-04   4   1 0  0 0  0 0  2 1
   301  0.2222389219510344E-04   4   0 1  0 0  0 0  2 1
   302  -.1218967804241927       4   0 0  1 0  0 0  2 1
   303  -.3450576060271639       4   0 0  0 1  0 0  2 1
   304  -.8406975503889633E-06   4   1 0  0 0  0 1  0 2
   305  -.1336569381347788E-05   4   0 1  0 0  0 1  0 2
   306  -.3345738092827311E-01   4   0 0  1 0  0 1  0 2
   307  -.4279282820812846E-01   4   0 0  0 1  0 1  0 2
   308  -.8395661792463572E-06   4   1 0  0 0  0 0  1 2
   309  -.1334770689264712E-05   4   0 1  0 0  0 0  1 2
   310  -.3341235556181153E-01   4   0 0  1 0  0 0  1 2
   311  -.4273523963668206E-01   4   0 0  0 1  0 0  1 2
   312  0.7652257937981457E-07   4   1 0  0 0  0 0  0 3
   313  0.6179147924131552E-07   4   0 1  0 0  0 0  0 3
   314  -.1047908951126325E-02   4   0 0  1 0  0 0  0 3
   315  -.8467594389580481E-03   4   0 0  0 1  0 0  0 3
   316  0.9921751060348432E-05   4   0 0  0 0  0 4  0 0
   317  0.3990047448475152E-05   4   0 0  0 0  0 3  1 0
   318  0.3212135516522046E-05   4   0 0  0 0  0 2  2 0
   319  0.4007019989350609E-05   4   0 0  0 0  0 1  3 0
   320  0.9892375866608948E-05   4   0 0  0 0  0 0  4 0
   321  -.1249871269526113E-05   4   0 0  0 0  0 3  0 1
   322  0.1417257560120323E-05   4   0 0  0 0  0 2  1 1
   323  0.1411877011068582E-05   4   0 0  0 0  0 1  2 1
   324  -.1248300600126988E-05   4   0 0  0 0  0 0  3 1
   325  -.9737080940064301E-06   4   0 0  0 0  0 2  0 2
   326  -.1124383652844542E-05   4   0 0  0 0  0 1  1 2
   327  -.9716411522779722E-06   4   0 0  0 0  0 0  2 2
   328  -.3323653924279280E-07   4   0 0  0 0  0 1  0 3
   329  -.3319181107466368E-07   4   0 0  0 0  0 0  1 3
   330  -.6397455392503749E-13   4   0 0  0 0  0 0  0 4
   ----------------------------------------------------
     I  COEFFICIENT            ORDER EXPONENTS
     1  0.1873809363562513E-03   0   0 0  0 0  0 0  0 0
     2  0.7393358220071389E-04   1   1 0  0 0  0 0  0 0
     3  0.6842844337911314E-04   1   0 1  0 0  0 0  0 0
     4  -2.073026709971795       1   0 0  1 0  0 0  0 0
     5  -.9362930111923230       1   0 0  0 1  0 0  0 0
     6  0.9835116248486426E-05   1   0 0  0 0  0 1  0 0
     7  0.9821880612552225E-05   1   0 0  0 0  0 0  1 0
     8  0.1677239394938405E-03   1   0 0  0 0  0 0  0 1
     9  0.1248331937222374E-02   2   2 0  0 0  0 0  0 0
    10  0.2232071154047212E-02   2   1 1  0 0  0 0  0 0
    11  0.1064817871549825E-02   2   0 2  0 0  0 0  0 0
    12  0.8772355116034094       2   1 0  1 0  0 0  0 0
    13  0.8036422129296779       2   0 1  1 0  0 0  0 0
    14  0.7516167948561936E-03   2   0 0  2 0  0 0  0 0
    15  0.8331888104367264       2   1 0  0 1  0 0  0 0
    16  0.7684669886523751       2   0 1  0 1  0 0  0 0
    17  0.1847244930556894E-02   2   0 0  1 1  0 0  0 0
    18  0.9737259642978204E-03   2   0 0  0 2  0 0  0 0
    19  -.4925005223105015E-05   2   1 0  0 0  0 1  0 0
    20  -.3900682846592404E-04   2   0 1  0 0  0 1  0 0
    21  -.1224222586845935       2   0 0  1 0  0 1  0 0
    22  0.8645226038240242       2   0 0  0 1  0 1  0 0
    23  -.4918377383183184E-05   2   1 0  0 0  0 0  1 0
    24  -.3895433491450269E-04   2   0 1  0 0  0 0  1 0
    25  -.1222575085784172       2   0 0  1 0  0 0  1 0
    26  0.8633591700473364       2   0 0  0 1  0 0  1 0
    27  0.8377677284325839E-04   2   1 0  0 0  0 0  0 1
    28  0.7796097493587325E-04   2   0 1  0 0  0 0  0 1
    29  -1.828346942801605       2   0 0  1 0  0 0  0 1
    30  -1.727881773972370       2   0 0  0 1  0 0  0 1
    31  -.7194565676374018E-05   2   0 0  0 0  0 2  0 0
    32  -.4561087050519360E-05   2   0 0  0 0  0 1  1 0
    33  -.7181814520952870E-05   2   0 0  0 0  0 0  2 0
    34  0.1895017182862444E-04   2   0 0  0 0  0 1  0 1
    35  0.1892466958046815E-04   2   0 0  0 0  0 0  1 1
    36  -.1893740331311424E-04   2   0 0  0 0  0 0  0 2
    37  -.1904640450188762E-01   3   3 0  0 0  0 0  0 0
    38  -.5347898751695450E-01   3   2 1  0 0  0 0  0 0
    39  -.5026487055924096E-01   3   1 2  0 0  0 0  0 0
    40  -.1577638676171016E-01   3   0 3  0 0  0 0  0 0
    41  -20.09853968055794       3   2 0  1 0  0 0  0 0
    42  -38.82681127381422       3   1 1  1 0  0 0  0 0
    43  -19.46405171406906       3   0 2  1 0  0 0  0 0
    44  0.3347106361857339E-01   3   1 0  2 0  0 0  0 0
    45  0.3037620364165126E-01   3   0 1  2 0  0 0  0 0
    46  -3.057915729066321       3   0 0  3 0  0 0  0 0
    47  -17.92841431616482       3   2 0  0 1  0 0  0 0
    48  -35.40064203271712       3   1 1  0 1  0 0  0 0
    49  -19.05834511893438       3   0 2  0 1  0 0  0 0
    50  0.6299580653931672E-01   3   1 0  1 1  0 0  0 0
    51  0.5749915237110013E-01   3   0 1  1 1  0 0  0 0
    52  -9.720878850312992       3   0 0  2 1  0 0  0 0
    53  0.2995151810605940E-01   3   1 0  0 2  0 0  0 0
    54  0.2753152134434998E-01   3   0 1  0 2  0 0  0 0
    55  -9.046416610114600       3   0 0  1 2  0 0  0 0
    56  -3.439972957849834       3   0 0  0 3  0 0  0 0
    57  -.7445683947192635E-03   3   2 0  0 0  0 1  0 0
    58  -.2555774215452271E-02   3   1 1  0 0  0 1  0 0
    59  -.1743347816296623E-02   3   0 2  0 0  0 1  0 0
    60  0.6349527873297581E-01   3   1 0  1 0  0 1  0 0
    61  -.3406374230476768       3   0 1  1 0  0 1  0 0
    62  -.7752181539372461E-04   3   0 0  2 0  0 1  0 0
    63  -.3696719424063030       3   1 0  0 1  0 1  0 0
    64  -.7222604392627153       3   0 1  0 1  0 1  0 0
    65  -.1140039128539480E-02   3   0 0  1 1  0 1  0 0
    66  -.1113456505501028E-02   3   0 0  0 2  0 1  0 0
    67  -.7435663896639456E-03   3   2 0  0 0  0 0  1 0
    68  -.2552334774962588E-02   3   1 1  0 0  0 0  1 0
    69  -.1741001700966589E-02   3   0 2  0 0  0 0  1 0
    70  0.6340982977928586E-01   3   1 0  1 0  0 0  1 0
    71  -.3401790092574247       3   0 1  1 0  0 0  1 0
    72  -.7741749018804560E-04   3   0 0  2 0  0 0  1 0
    73  -.3691744553282476       3   1 0  0 1  0 0  1 0
    74  -.7212884552025108       3   0 1  0 1  0 0  1 0
    75  -.1138504917608475E-02   3   0 0  1 1  0 0  1 0
    76  -.1111958068211313E-02   3   0 0  0 2  0 0  1 0
    77  0.2734403604650724E-02   3   2 0  0 0  0 0  0 1
    78  0.5103665913276986E-02   3   1 1  0 0  0 0  0 1
    79  0.2417133352815620E-02   3   0 2  0 0  0 0  0 1
    80  0.7503336390643823       3   1 0  1 0  0 0  0 1
    81  0.6808192021976537       3   0 1  1 0  0 0  0 1
    82  0.9077162274926564E-03   3   0 0  2 0  0 0  0 1
    83  0.7388492253994480       3   1 0  0 1  0 0  0 1
    84  0.6750843261080526       3   0 1  0 1  0 0  0 1
    85  0.2281081750303113E-02   3   0 0  1 1  0 0  0 1
    86  0.1253091102608296E-02   3   0 0  0 2  0 0  0 1
    87  0.3795794685880644E-05   3   1 0  0 0  0 2  0 0
    88  0.3160585299528872E-04   3   0 1  0 0  0 2  0 0
    89  0.8942840400783303E-01   3   0 0  1 0  0 2  0 0
    90  -.5980079356745320       3   0 0  0 1  0 2  0 0
    91  0.2879522407797375E-05   3   1 0  0 0  0 1  1 0
    92  0.2449632535363582E-04   3   0 1  0 0  0 1  1 0
    93  0.5652297769407134E-01   3   0 0  1 0  0 1  1 0
    94  -.3322092161567795       3   0 0  0 1  0 1  1 0
    95  0.3788748921509001E-05   3   1 0  0 0  0 0  2 0
    96  0.3154683632779465E-04   3   0 1  0 0  0 0  2 0
    97  0.8927002249656166E-01   3   0 0  1 0  0 0  2 0
    98  -.5969796290245254       3   0 0  0 1  0 0  2 0
    99  -.1082489429156347E-04   3   1 0  0 0  0 1  0 1
   100  -.4925943057389036E-04   3   0 1  0 0  0 1  0 1
   101  -.2353794781099454       3   0 0  1 0  0 1  0 1
   102  0.6637029344038283       3   0 0  0 1  0 1  0 1
   103  -.1081032665898543E-04   3   1 0  0 0  0 0  1 1
   104  -.4919313955374051E-04   3   0 1  0 0  0 0  1 1
   105  -.2350627155013562       3   0 0  1 0  0 0  1 1
   106  0.6628097542739426       3   0 0  0 1  0 0  1 1
   107  0.1110844224327404E-04   3   1 0  0 0  0 0  0 2
   108  0.1058828581935177E-04   3   0 1  0 0  0 0  0 2
   109  0.2352209533385473       3   0 0  1 0  0 0  0 2
   110  0.2006843537746871       3   0 0  0 1  0 0  0 2
   111  0.5875532347933678E-05   3   0 0  0 0  0 3  0 0
   112  0.3242281036766050E-05   3   0 0  0 0  0 2  1 0
   113  0.3247580633705124E-05   3   0 0  0 0  0 1  2 0
   114  0.5861493114758430E-05   3   0 0  0 0  0 0  3 0
   115  -.1367819183877293E-04   3   0 0  0 0  0 2  0 1
   116  -.8421770490728186E-05   3   0 0  0 0  0 1  1 1
   117  -.1365411756191613E-04   3   0 0  0 0  0 0  2 1
   118  0.8415712449143065E-05   3   0 0  0 0  0 1  0 2
   119  0.8404386979947814E-05   3   0 0  0 0  0 0  1 2
   120  0.7061162107112745E-06   3   0 0  0 0  0 0  0 3
   121  -.6798437945922857E-02   4   4 0  0 0  0 0  0 0
   122  -.2493221804562187E-01   4   3 1  0 0  0 0  0 0
   123  -.3469183933697892E-01   4   2 2  0 0  0 0  0 0
   124  -.2081847791127061E-01   4   1 3  0 0  0 0  0 0
   125  -.4396178408569935E-02   4   0 4  0 0  0 0  0 0
   126   208.8122382496619       4   3 0  1 0  0 0  0 0
   127   581.8432075599729       4   2 1  1 0  0 0  0 0
   128   542.8726941966341       4   1 2  1 0  0 0  0 0
   129   169.9640702389330       4   0 3  1 0  0 0  0 0
   130  0.4190533184611079E-01   4   2 0  2 0  0 0  0 0
   131  0.8195806933690171E-01   4   1 1  2 0  0 0  0 0
   132  0.3969510610582564E-01   4   0 2  2 0  0 0  0 0
   133  -128.9932375970168       4   1 0  3 0  0 0  0 0
   134  -116.3737646989756       4   0 1  3 0  0 0  0 0
   135  -.6501392359726325E-02   4   0 0  4 0  0 0  0 0
   136   200.9336858970052       4   3 0  0 1  0 0  0 0
   137   563.6952582339765       4   2 1  0 1  0 0  0 0
   138   529.8032823474193       4   1 2  0 1  0 0  0 0
   139   167.1602445712647       4   0 3  0 1  0 0  0 0
   140  0.8587492905677943E-01   4   2 0  1 1  0 0  0 0
   141  0.1688457858353002       4   1 1  1 1  0 0  0 0
   142  0.8346840354852028E-01   4   0 2  1 1  0 0  0 0
   143  -360.6763935667497       4   1 0  2 1  0 0  0 0
   144  -328.0846493620428       4   0 1  2 1  0 0  0 0
   145  -.2224092700515344E-01   4   0 0  3 1  0 0  0 0
   146  0.4266625922978211E-01   4   2 0  0 2  0 0  0 0
   147  0.8500292923754674E-01   4   1 1  0 2  0 0  0 0
   148  0.4312847084871831E-01   4   0 2  0 2  0 0  0 0
   149  -339.5999117435795       4   1 0  1 2  0 0  0 0
   150  -311.0482625787529       4   0 1  1 2  0 0  0 0
   151  -.2854056645879260E-01   4   0 0  2 2  0 0  0 0
   152  -107.2615099317185       4   1 0  0 3  0 0  0 0
   153  -98.78435077183519       4   0 1  0 3  0 0  0 0
   154  -.1566428907513320E-01   4   0 0  1 3  0 0  0 0
   155  -.2733220843785531E-02   4   0 0  0 4  0 0  0 0
   156  -.2340396157184765E-02   4   3 0  0 0  0 1  0 0
   157  0.1598455598185042E-01   4   2 1  0 0  0 1  0 0
   158  0.3602586370363530E-01   4   1 2  0 0  0 1  0 0
   159  0.1781888214708201E-01   4   0 3  0 0  0 1  0 0
   160   11.06510456501925       4   2 0  1 0  0 1  0 0
   161   40.19810958038662       4   1 1  1 0  0 1  0 0
   162   29.03438980584054       4   0 2  1 0  0 1  0 0
   163  0.3976300418484832E-02   4   1 0  2 0  0 1  0 0
   164  -.9530683908650590E-02   4   0 1  2 0  0 1  0 0
   165  0.4246795626649756       4   0 0  3 0  0 1  0 0
   166   19.28859530577870       4   2 0  0 1  0 1  0 0
   167   55.15864611461257       4   1 1  0 1  0 1  0 0
   168   37.80004109514126       4   0 2  0 1  0 1  0 0
   169  -.1863419423297759E-01   4   1 0  1 1  0 1  0 0
   170  -.4141026380776065E-01   4   0 1  1 1  0 1  0 0
   171   6.588507750602976       4   0 0  2 1  0 1  0 0
   172  -.2103427427622510E-01   4   1 0  0 2  0 1  0 0
   173  -.3081696044369399E-01   4   0 1  0 2  0 1  0 0
   174   11.18988370734690       4   0 0  1 2  0 1  0 0
   175   5.949716316697471       4   0 0  0 3  0 1  0 0
   176  -.2337246562335469E-02   4   3 0  0 0  0 0  1 0
   177  0.1596304471973609E-01   4   2 1  0 0  0 0  1 0
   178  0.3597738179410309E-01   4   1 2  0 0  0 0  1 0
   179  0.1779490233526331E-01   4   0 3  0 0  0 0  1 0
   180   11.05021366877598       4   2 0  1 0  0 0  1 0
   181   40.14401285898465       4   1 1  1 0  0 0  1 0
   182   28.99531669238327       4   0 2  1 0  0 0  1 0
   183  0.3970949300778186E-02   4   1 0  2 0  0 0  1 0
   184  -.9517857963411905E-02   4   0 1  2 0  0 0  1 0
   185  0.4241080489239950       4   0 0  3 0  0 0  1 0
   186   19.26263762325620       4   2 0  0 1  0 0  1 0
   187   55.08441620820853       4   1 1  0 1  0 0  1 0
   188   37.74917158128965       4   0 2  0 1  0 0  1 0
   189  -.1860911721257801E-01   4   1 0  1 1  0 0  1 0
   190  -.4135453582632630E-01   4   0 1  1 1  0 0  1 0
   191   6.579641247377828       4   0 0  2 1  0 0  1 0
   192  -.2100596734121517E-01   4   1 0  0 2  0 0  1 0
   193  -.3077548843068190E-01   4   0 1  0 2  0 0  1 0
   194   11.17482488921451       4   0 0  1 2  0 0  1 0
   195   5.941709468878877       4   0 0  0 3  0 0  1 0
   196  0.1082499060470711E-02   4   3 0  0 0  0 0  0 1
   197  0.3062923892593345E-02   4   2 1  0 0  0 0  0 1
   198  0.2911921427857895E-02   4   1 2  0 0  0 0  0 1
   199  0.9727382803938397E-03   4   0 3  0 0  0 0  0 1
   200  -42.19631279111196       4   2 0  1 0  0 0  0 1
   201  -80.30453776715954       4   1 1  1 0  0 0  0 1
   202  -38.54543745400027       4   0 2  1 0  0 0  0 1
   203  -.3110611105127928E-02   4   1 0  2 0  0 0  0 1
   204  -.2887830068593996E-02   4   0 1  2 0  0 0  0 1
   205  -3.910316442730547       4   0 0  3 0  0 0  0 1
   206  -38.53093807105878       4   2 0  0 1  0 0  0 1
   207  -74.79875410676759       4   1 1  0 1  0 0  0 1
   208  -37.40896649658010       4   0 2  0 1  0 0  0 1
   209  -.6074103919100172E-02   4   1 0  1 1  0 0  0 1
   210  -.5803562145671882E-02   4   0 1  1 1  0 0  0 1
   211  -13.17975047712248       4   0 0  2 1  0 0  0 1
   212  -.2955672604218578E-02   4   1 0  0 2  0 0  0 1
   213  -.2852535425563189E-02   4   0 1  0 2  0 0  0 1
   214  -13.33093088066156       4   0 0  1 2  0 0  0 1
   215  -5.016124443342766       4   0 0  0 3  0 0  0 1
   216  -.3892020132955589E-03   4   2 0  0 0  0 2  0 0
   217  0.3133316174323488E-03   4   1 1  0 0  0 2  0 0
   218  0.8069745926338374E-03   4   0 2  0 0  0 2  0 0
   219  -.4788182922112966E-01   4   1 0  1 0  0 2  0 0
   220  0.2253274932589787       4   0 1  1 0  0 2  0 0
   221  -.2157069894058009E-03   4   0 0  2 0  0 2  0 0
   222  0.2540420712012572       4   1 0  0 1  0 2  0 0
   223  0.6887631168517382       4   0 1  0 1  0 2  0 0
   224  0.3378494022075385E-03   4   0 0  1 1  0 2  0 0
   225  0.8853329063798284E-03   4   0 0  0 2  0 2  0 0
   226  -.4130865040637176E-03   4   2 0  0 0  0 1  1 0
   227  0.5824873229323961E-03   4   1 1  0 0  0 1  1 0
   228  0.1337063708446819E-02   4   0 2  0 0  0 1  1 0
   229  -.3405604683177609E-01   4   1 0  1 0  0 1  1 0
   230  0.1081587055758905       4   0 1  1 0  0 1  1 0
   231  -.1821825843930551E-03   4   0 0  2 0  0 1  1 0
   232  0.1366657016849941       4   1 0  0 1  0 1  1 0
   233  0.6527105947112861       4   0 1  0 1  0 1  1 0
   234  0.2318020033921561E-03   4   0 0  1 1  0 1  1 0
   235  0.9921673868842000E-03   4   0 0  0 2  0 1  1 0
   236  -.3884002873939826E-03   4   2 0  0 0  0 0  2 0
   237  0.3125180085146527E-03   4   1 1  0 0  0 0  2 0
   238  0.8049889255958671E-03   4   0 2  0 0  0 0  2 0
   239  -.4779447660054644E-01   4   1 0  1 0  0 0  2 0
   240  0.2249514806935572       4   0 1  1 0  0 0  2 0
   241  -.2152941147373222E-03   4   0 0  2 0  0 0  2 0
   242  0.2536082342241744       4   1 0  0 1  0 0  2 0
   243  0.6873970183307706       4   0 1  0 1  0 0  2 0
   244  0.3372387662984811E-03   4   0 0  1 1  0 0  2 0
   245  0.8834738610236967E-03   4   0 0  0 2  0 0  2 0
   246  0.8986161078058326E-03   4   2 0  0 0  0 1  0 1
   247  -.1208882913603096E-03   4   1 1  0 0  0 1  0 1
   248  -.8602825856899440E-03   4   0 2  0 0  0 1  0 1
   249  0.1321906622233865       4   1 0  1 0  0 1  0 1
   250  -.2145528529406139       4   0 1  1 0  0 1  0 1
   251  0.3819580122791400E-03   4   0 0  2 0  0 1  0 1
   252  -.2717234727204585       4   1 0  0 1  0 1  0 1
   253  -.5804452011315012       4   0 1  0 1  0 1  0 1
   254  -.2032896512333804E-03   4   0 0  1 1  0 1  0 1
   255  -.7325045426479064E-03   4   0 0  0 2  0 1  0 1
   256  0.8974067925982579E-03   4   2 0  0 0  0 0  1 1
   257  -.1207256055950649E-03   4   1 1  0 0  0 0  1 1
   258  -.8591248579298350E-03   4   0 2  0 0  0 0  1 1
   259  0.1320127662600969       4   1 0  1 0  0 0  1 1
   260  -.2142641178226511       4   0 1  1 0  0 0  1 1
   261  0.3814439911872721E-03   4   0 0  2 0  0 0  1 1
   262  -.2713578000767550       4   1 0  0 1  0 0  1 1
   263  -.5796640653352526       4   0 1  0 1  0 0  1 1
   264  -.2030160736014604E-03   4   0 0  1 1  0 0  1 1
   265  -.7315187725561546E-03   4   0 0  0 2  0 0  1 1
   266  -.6060992236226381E-03   4   2 0  0 0  0 0  0 2
   267  -.1133810876671329E-02   4   1 1  0 0  0 0  0 2
   268  -.5266935583424721E-03   4   0 2  0 0  0 0  0 2
   269  -.1344694676108698       4   1 0  1 0  0 0  0 2
   270  -.1286842941276397       4   0 1  1 0  0 0  0 2
   271  -.1498600525681544E-03   4   0 0  2 0  0 0  0 2
   272  -.1007242148779500       4   1 0  0 1  0 0  0 2
   273  -.9835393085578988E-01   4   0 1  0 1  0 0  0 2
   274  -.3462943149010632E-03   4   0 0  1 1  0 0  0 2
   275  -.1858062494930215E-03   4   0 0  0 2  0 0  0 2
   276  -.6031756336695132E-05   4   1 0  0 0  0 3  0 0
   277  -.3403458798381950E-04   4   0 1  0 0  0 3  0 0
   278  -.7295765006559635E-01   4   0 0  1 0  0 3  0 0
   279  0.4658017588156059       4   0 0  0 1  0 3  0 0
   280  -.4371706071831426E-05   4   1 0  0 0  0 2  1 0
   281  -.2538665468068583E-04   4   0 1  0 0  0 2  1 0
   282  -.4005987930939053E-01   4   0 0  1 0  0 2  1 0
   283  0.2015365338559746       4   0 0  0 1  0 2  1 0
   284  -.4375040712222184E-05   4   1 0  0 0  0 1  2 0
   285  -.2540401919480486E-04   4   0 1  0 0  0 1  2 0
   286  -.4012608951857389E-01   4   0 0  1 0  0 1  2 0
   287  0.2020687219980514       4   0 0  0 1  0 1  2 0
   288  -.6016642804620047E-05   4   1 0  0 0  0 0  3 0
   289  -.3394882571512070E-04   4   0 1  0 0  0 0  3 0
   290  -.7278345663030830E-01   4   0 0  1 0  0 0  3 0
   291  0.4647260516132933       4   0 0  0 1  0 0  3 0
   292  0.8786885556440273E-05   4   1 0  0 0  0 2  0 1
   293  0.4524674653645465E-04   4   0 1  0 0  0 2  0 1
   294  0.1695247711816043       4   0 0  1 0  0 2  0 1
   295  -.4028904615347250       4   0 0  0 1  0 2  0 1
   296  0.7315704767346118E-05   4   1 0  0 0  0 1  1 1
   297  0.3794314780854015E-04   4   0 1  0 0  0 1  1 1
   298  0.1038578425753139       4   0 0  1 0  0 1  1 1
   299  -.1427651510935476       4   0 0  0 1  0 1  1 1
   300  0.8770138014538063E-05   4   1 0  0 0  0 0  2 1
   301  0.4516032454736307E-04   4   0 1  0 0  0 0  2 1
   302  0.1692267492390301       4   0 0  1 0  0 0  2 1
   303  -.4022522072331345       4   0 0  0 1  0 0  2 1
   304  -.2404756092534109E-05   4   1 0  0 0  0 1  0 2
   305  -.6361896882312241E-05   4   0 1  0 0  0 1  0 2
   306  -.1037732147487929       4   0 0  1 0  0 1  0 2
   307  -.1894456980530793       4   0 0  0 1  0 1  0 2
   308  -.2401519885116984E-05   4   1 0  0 0  0 0  1 2
   309  -.6353335341313832E-05   4   0 1  0 0  0 0  1 2
   310  -.1036335616470465       4   0 0  1 0  0 0  1 2
   311  -.1891907509609062       4   0 0  0 1  0 0  1 2
   312  0.6661574010570910E-06   4   1 0  0 0  0 0  0 3
   313  0.5433955693425273E-06   4   0 1  0 0  0 0  0 3
   314  -.9275347112699023E-02   4   0 0  1 0  0 0  0 3
   315  -.7581037850575315E-02   4   0 0  0 1  0 0  0 3
   316  -.8596991664541404E-05   4   0 0  0 0  0 4  0 0
   317  -.4261336036873558E-05   4   0 0  0 0  0 3  1 0
   318  -.3687068129349074E-05   4   0 0  0 0  0 2  2 0
   319  -.4273743303658649E-05   4   0 0  0 0  0 1  3 0
   320  -.8570998784180830E-05   4   0 0  0 0  0 0  4 0
   321  0.8996130401438789E-05   4   0 0  0 0  0 3  0 1
   322  0.4193005937757817E-05   4   0 0  0 0  0 2  1 1
   323  0.4202677226893895E-05   4   0 0  0 0  0 1  2 1
   324  0.8975152981902216E-05   4   0 0  0 0  0 0  3 1
   325  0.9426420245383123E-06   4   0 0  0 0  0 2  0 2
   326  0.1119210882159394E-05   4   0 0  0 0  0 1  1 2
   327  0.9406203706975505E-06   4   0 0  0 0  0 0  2 2
   328  0.9881730520638969E-08   4   0 0  0 0  0 1  0 3
   329  0.9868432153414036E-08   4   0 0  0 0  0 0  1 3
   330  -.3593380893199816E-13   4   0 0  0 0  0 0  0 4
   ----------------------------------------------------
     I  COEFFICIENT            ORDER EXPONENTS
     1  0.7961825475831908E-08   0   0 0  0 0  0 0  0 0
     2  -.4704419300353809E-05   1   1 0  0 0  0 0  0 0
     3  -.5534970949721388E-05   1   0 1  0 0  0 0  0 0
     4  0.3423154481081838E-04   1   0 0  1 0  0 0  0 0
     5  0.1071648161288285E-04   1   0 0  0 1  0 0  0 0
     6   1.000000000000000       1   0 0  0 0  1 0  0 0
     7  0.2859789919377719       1   0 0  0 0  0 1  0 0
     8  -.2859789891117449       1   0 0  0 0  0 0  1 0
     9  -.2826033494140093E-08   1   0 0  0 0  0 0  0 1
    10  -.2754864148921358       2   2 0  0 0  0 0  0 0
    11  -.7716636184758666       2   1 1  0 0  0 0  0 0
    12  -.7545584994330510       2   0 2  0 0  0 0  0 0
    13  -.1762769101292565E-04   2   1 0  1 0  0 0  0 0
    14  -.2416574706248675E-04   2   0 1  1 0  0 0  0 0
    15  -.1961642258890306       2   0 0  2 0  0 0  0 0
    16  -.2414498050701468E-04   2   1 0  0 1  0 0  0 0
    17  -.2898472055099170E-04   2   0 1  0 1  0 0  0 0
    18  -.1181428344510846       2   0 0  1 1  0 0  0 0
    19  -.2351971523818158       2   0 0  0 2  0 0  0 0
    20  0.6975835787775681E-05   2   1 0  0 0  0 1  0 0
    21  0.1022421838127031E-04   2   0 1  0 0  0 1  0 0
    22  -.4850392097099275E-04   2   0 0  1 0  0 1  0 0
    23  -.2987444242879595E-04   2   0 0  0 1  0 1  0 0
    24  0.2274697893066807E-05   2   1 0  0 0  0 0  1 0
    25  0.4690403751558063E-05   2   0 1  0 0  0 0  1 0
    26  -.1429918869642555E-04   2   0 0  1 0  0 0  1 0
    27  -.1914659445696417E-04   2   0 0  0 1  0 0  1 0
    28  -.9250591182175082E-05   2   1 0  0 0  0 0  0 1
    29  -.9379758621022825E-05   2   0 1  0 0  0 0  0 1
    30  0.6280313556761767E-04   2   0 0  1 0  0 0  0 1
    31  0.3830458410390147E-04   2   0 0  0 1  0 0  0 1
    32  -.2146286634943075       2   0 0  0 0  0 2  0 0
    33  0.1432783311595822       2   0 0  0 0  0 1  1 0
    34  0.7135032844218021E-01   2   0 0  0 0  0 0  2 0
    35  0.3891468920769976E-08   2   0 0  0 0  0 1  0 1
    36  0.1067859519265149E-08   2   0 0  0 0  0 0  1 1
    37  -.1066709599793988E-08   2   0 0  0 0  0 0  0 2
    38  0.1407472898146152       3   3 0  0 0  0 0  0 0
    39  0.4493420784090350       3   2 1  0 0  0 0  0 0
    40  0.4666419659197910       3   1 2  0 0  0 0  0 0
    41  0.1589007127143170       3   0 3  0 0  0 0  0 0
    42  0.8327333408898060E-03   3   2 0  1 0  0 0  0 0
    43  0.1590876180613336E-02   3   1 1  1 0  0 0  0 0
    44  0.9666523095393533E-03   3   0 2  1 0  0 0  0 0
    45  0.6823705968932342E-01   3   1 0  2 0  0 0  0 0
    46  0.1026726218636985E-01   3   0 1  2 0  0 0  0 0
    47  0.2963080357418013E-03   3   0 0  3 0  0 0  0 0
    48  0.5889048713137262E-03   3   2 0  0 1  0 0  0 0
    49  0.1079303693115539E-02   3   1 1  0 1  0 0  0 0
    50  0.6574635479045183E-03   3   0 2  0 1  0 0  0 0
    51  0.2577023099750450E-01   3   1 0  1 1  0 0  0 0
    52  -.6621621234168076E-01   3   0 1  1 1  0 0  0 0
    53  0.8112079625727637E-03   3   0 0  2 1  0 0  0 0
    54  -.3374703786751521E-01   3   1 0  0 2  0 0  0 0
    55  -.7026994619033675E-01   3   0 1  0 2  0 0  0 0
    56  0.7501497816124259E-03   3   0 0  1 2  0 0  0 0
    57  0.2292997774481943E-03   3   0 0  0 3  0 0  0 0
    58  0.4361720093709361       3   2 0  0 0  0 1  0 0
    59   1.455240593316667       3   1 1  0 0  0 1  0 0
    60   1.503037558215378       3   0 2  0 0  0 1  0 0
    61  0.2659107454009575E-04   3   1 0  1 0  0 1  0 0
    62  0.4467227323481620E-04   3   0 1  1 0  0 1  0 0
    63  0.2772540962359152       3   0 0  2 0  0 1  0 0
    64  0.4483765274346692E-04   3   1 0  0 1  0 1  0 0
    65  0.6613115150205318E-04   3   0 1  0 1  0 1  0 0
    66  0.3347602504060911       3   0 0  1 1  0 1  0 0
    67  0.4025938049716940       3   0 0  0 2  0 1  0 0
    68  0.1608398227915773       3   2 0  0 0  0 0  1 0
    69  0.6836946427859034       3   1 1  0 0  0 0  1 0
    70  0.7484862020393520       3   0 2  0 0  0 0  1 0
    71  0.8936481238580111E-05   3   1 0  1 0  0 0  1 0
    72  0.2040661670021629E-04   3   0 1  1 0  0 0  1 0
    73  0.8124450183968629E-01   3   0 0  2 0  0 0  1 0
    74  0.2064750587625456E-04   3   1 0  0 1  0 0  1 0
    75  0.3702554390026976E-04   3   0 1  0 1  0 0  1 0
    76  0.2164848670961022       3   0 0  1 1  0 0  1 0
    77  0.1674875491966017       3   0 0  0 2  0 0  1 0
    78  -.5970123244184787       3   2 0  0 0  0 0  0 1
    79  -1.367272910233723       3   1 1  0 0  0 0  0 1
    80  -.7424077256717561       3   0 2  0 0  0 0  0 1
    81  -.3545101498421161E-04   3   1 0  1 0  0 0  0 1
    82  -.4070680358205542E-04   3   0 1  1 0  0 0  0 1
    83  -.3584988184724458       3   0 0  2 0  0 0  0 1
    84  -.4121742461196901E-04   3   1 0  0 1  0 0  0 1
    85  -.4492214250190404E-04   3   0 1  0 1  0 0  0 1
    86  -.4331025827185637       3   0 0  1 1  0 0  0 1
    87  -.9968719379743769E-01   3   0 0  0 2  0 0  0 1
    88  -.8621832404077379E-05   3   1 0  0 0  0 2  0 0
    89  -.1463939964489316E-04   3   0 1  0 0  0 2  0 0
    90  0.5790023260102195E-04   3   0 0  1 0  0 2  0 0
    91  0.4997350048209955E-04   3   0 0  0 1  0 2  0 0
    92  -.3293847445526338E-05   3   1 0  0 0  0 1  1 0
    93  -.8831628167086677E-05   3   0 1  0 0  0 1  1 0
    94  0.1881104727076192E-04   3   0 0  1 0  0 1  1 0
    95  0.4020047449820393E-04   3   0 0  0 1  0 1  1 0
    96  -.1649388300268765E-05   3   1 0  0 0  0 0  2 0
    97  -.4416735369108288E-05   3   0 1  0 0  0 0  2 0
    98  0.9425440619624465E-05   3   0 0  1 0  0 0  2 0
    99  0.2009324303806856E-04   3   0 0  0 1  0 0  2 0
   100  0.1356040316431767E-04   3   1 0  0 0  0 1  0 1
   101  0.1766098525065654E-04   3   0 1  0 0  0 1  0 1
   102  -.8611326726030747E-04   3   0 0  1 0  0 1  0 1
   103  -.8040456476186881E-04   3   0 0  0 1  0 1  0 1
   104  0.4316510512369564E-05   3   1 0  0 0  0 0  1 1
   105  0.8282878408520038E-05   3   0 1  0 0  0 0  1 1
   106  -.2336474172222148E-04   3   0 0  1 0  0 0  1 1
   107  -.4209617896868832E-04   3   0 0  0 1  0 0  1 1
   108  -.4312982907758743E-05   3   1 0  0 0  0 0  0 2
   109  -.3592123059193554E-05   3   0 1  0 0  0 0  0 2
   110  0.2333900781976921E-04   3   0 0  1 0  0 0  0 2
   111  0.2294729789467411E-04   3   0 0  0 1  0 0  0 2
   112  0.1788813501856776       3   0 0  0 0  0 3  0 0
   113  -.1073867925711915       3   0 0  0 0  0 2  1 0
   114  -.3589155535524603E-01   3   0 0  0 0  0 1  2 0
   115  -.3560303943615061E-01   3   0 0  0 0  0 0  3 0
   116  -.3807012765382568E-08   3   0 0  0 0  0 2  0 1
   117  0.9061204964315366E-10   3   0 0  0 0  0 1  1 1
   118  0.4264626398793978E-10   3   0 0  0 0  0 0  2 1
   119  0.5150149088930351E-09   3   0 0  0 0  0 1  0 2
   120  -.1715763017968666E-10   3   0 0  0 0  0 0  1 2
   121  0.1497316127790259E-09   3   0 0  0 0  0 0  0 3
   122  -1.968783071865203       4   4 0  0 0  0 0  0 0
   123  -10.02628773115228       4   3 1  0 0  0 0  0 0
   124  -19.33286252463403       4   2 2  0 0  0 0  0 0
   125  -16.74925176482739       4   1 3  0 0  0 0  0 0
   126  -5.770052257977028       4   0 4  0 0  0 0  0 0
   127  0.1378251014505106E-02   4   3 0  1 0  0 0  0 0
   128  0.5863739078623051E-02   4   2 1  1 0  0 0  0 0
   129  0.7103119625010529E-02   4   1 2  1 0  0 0  0 0
   130  0.2631026974153520E-02   4   0 3  1 0  0 0  0 0
   131  -5.627404133361355       4   2 0  2 0  0 0  0 0
   132  -11.31511236913885       4   1 1  2 0  0 0  0 0
   133  -6.660868171995784       4   0 2  2 0  0 0  0 0
   134  0.3847299729747923E-02   4   1 0  3 0  0 0  0 0
   135  0.2824726931694648E-02   4   0 1  3 0  0 0  0 0
   136  -1.079871223157405       4   0 0  4 0  0 0  0 0
   137  0.2212448206964023E-02   4   3 0  0 1  0 0  0 0
   138  0.8039660618083328E-02   4   2 1  0 1  0 0  0 0
   139  0.9036621037222152E-02   4   1 2  0 1  0 0  0 0
   140  0.3211506335933147E-02   4   0 3  0 1  0 0  0 0
   141  -8.029520716566344       4   2 0  1 1  0 0  0 0
   142  -15.18797884747682       4   1 1  1 1  0 0  0 0
   143  -8.745845270844535       4   0 2  1 1  0 0  0 0
   144  0.9231030273591640E-02   4   1 0  2 1  0 0  0 0
   145  0.6611121901709593E-02   4   0 1  2 1  0 0  0 0
   146  -3.496830778834923       4   0 0  3 1  0 0  0 0
   147  -2.727472453435679       4   2 0  0 2  0 0  0 0
   148  -5.351110658112949       4   1 1  0 2  0 0  0 0
   149  -3.634732892826947       4   0 2  0 2  0 0  0 0
   150  0.7194747983418339E-02   4   1 0  1 2  0 0  0 0
   151  0.4921704675413949E-02   4   0 1  1 2  0 0  0 0
   152  -4.384958753982916       4   0 0  2 2  0 0  0 0
   153  0.1756346152147615E-02   4   1 0  0 3  0 0  0 0
   154  0.1082305916528876E-02   4   0 1  0 3  0 0  0 0
   155  -2.491543127226386       4   0 0  1 3  0 0  0 0
   156  -.6371289236294343       4   0 0  0 4  0 0  0 0
   157  -.2365342508541359       4   3 0  0 0  0 1  0 0
   158  -.9423809160292097       4   2 1  0 0  0 1  0 0
   159  -1.184427380932150       4   1 2  0 0  0 1  0 0
   160  -.4759375336904058       4   0 3  0 0  0 1  0 0
   161  -.1993454886791448E-03   4   2 0  1 0  0 1  0 0
   162  -.1280069672555471E-02   4   1 1  1 0  0 1  0 0
   163  -.1286708915707905E-02   4   0 2  1 0  0 1  0 0
   164  -.8660309253140858E-01   4   1 0  2 0  0 1  0 0
   165  -.3443805496860824E-01   4   0 1  2 0  0 1  0 0
   166  -.2977301776210932E-03   4   0 0  3 0  0 1  0 0
   167  -.2497536066229574E-03   4   2 0  0 1  0 1  0 0
   168  -.8822809645008009E-03   4   1 1  0 1  0 1  0 0
   169  -.8567339344340739E-03   4   0 2  0 1  0 1  0 0
   170  -.8053043774335983E-01   4   1 0  1 1  0 1  0 0
   171  0.8979368933450702E-01   4   0 1  1 1  0 1  0 0
   172  -.1003409022391689E-02   4   0 0  2 1  0 1  0 0
   173  0.4552935105235996E-01   4   1 0  0 2  0 1  0 0
   174  0.1532892775474056       4   0 1  0 2  0 1  0 0
   175  -.1266954912634297E-02   4   0 0  1 2  0 1  0 0
   176  -.5313350280761882E-03   4   0 0  0 3  0 1  0 0
   177  -.9487942479585924E-01   4   3 0  0 0  0 0  1 0
   178  -.4893359348116921       4   2 1  0 0  0 0  1 0
   179  -.7130049300578249       4   1 2  0 0  0 0  1 0
   180  -.3149959554166988       4   0 3  0 0  0 0  1 0
   181  -.1488770139040653E-03   4   2 0  1 0  0 0  1 0
   182  -.1162282934668647E-02   4   1 1  1 0  0 0  1 0
   183  -.1106298895649065E-02   4   0 2  1 0  0 0  1 0
   184  -.1813351758934670E-01   4   1 0  2 0  0 0  1 0
   185  -.2334900030281302E-01   4   0 1  2 0  0 0  1 0
   186  -.1767379340206352E-03   4   0 0  3 0  0 0  1 0
   187  -.3043318626578597E-03   4   2 0  0 1  0 0  1 0
   188  -.1063834985839802E-02   4   1 1  0 1  0 0  1 0
   189  -.8995534745589806E-03   4   0 2  0 1  0 0  1 0
   190  -.5428941893246496E-01   4   1 0  1 1  0 0  1 0
   191  0.2480442908059910E-01   4   0 1  1 1  0 0  1 0
   192  -.7051239296585361E-03   4   0 0  2 1  0 0  1 0
   193  0.1205743070938450E-01   4   1 0  0 2  0 0  1 0
   194  0.8356522799855459E-01   4   0 1  0 2  0 0  1 0
   195  -.9528892471624757E-03   4   0 0  1 2  0 0  1 0
   196  -.4143917272456131E-03   4   0 0  0 3  0 0  1 0
   197  0.3301758698479016       4   3 0  0 0  0 0  0 1
   198  0.9764746148878104       4   2 1  0 0  0 0  0 1
   199  0.9555475506755118       4   1 2  0 0  0 0  0 1
   200  0.3100343117606970       4   0 3  0 0  0 0  0 1
   201  0.4894875680860419E-03   4   2 0  1 0  0 0  0 1
   202  0.1305818222027521E-02   4   1 1  1 0  0 0  0 1
   203  0.9374575967184763E-03   4   0 2  1 0  0 0  0 1
   204  0.1041944549413379       4   1 0  2 0  0 0  0 1
   205  0.4591498999294691E-01   4   0 1  2 0  0 0  0 1
   206  0.5198472125405898E-03   4   0 0  3 0  0 0  0 1
   207  0.2863316678105340E-04   4   2 0  0 1  0 0  0 1
   208  0.2304867985765014E-03   4   1 1  0 1  0 0  0 1
   209  0.3361056982753342E-03   4   0 2  0 1  0 0  0 1
   210  0.1082123989444106       4   1 0  1 1  0 0  0 1
   211  0.1552167119408404E-01   4   0 1  1 1  0 0  0 1
   212  0.1109439052547620E-02   4   0 0  2 1  0 0  0 1
   213  0.9323476177939265E-02   4   1 0  0 2  0 0  0 1
   214  -.2735446320791896E-01   4   0 1  0 2  0 0  0 1
   215  0.8218980518951557E-03   4   0 0  1 2  0 0  0 1
   216  0.2462191611961412E-03   4   0 0  0 3  0 0  0 1
   217  -.5691200195525634       4   2 0  0 0  0 2  0 0
   218  -2.138601430040236       4   1 1  0 0  0 2  0 0
   219  -2.328197072806406       4   0 2  0 0  0 2  0 0
   220  -.3477749171271796E-04   4   1 0  1 0  0 2  0 0
   221  -.7421326548539349E-04   4   0 1  1 0  0 2  0 0
   222  -.3302815799554463       4   0 0  2 0  0 2  0 0
   223  -.7589456383531305E-04   4   1 0  0 1  0 2  0 0
   224  -.1277459374986692E-03   4   0 1  0 1  0 2  0 0
   225  -.5620271272484885       4   0 0  1 1  0 2  0 0
   226  -.5847136651066189       4   0 0  0 2  0 2  0 0
   227  -.2659232773493802       4   2 0  0 0  0 1  1 0
   228  -1.366634241591726       4   1 1  0 0  0 1  1 0
   229  -1.650071302448311       4   0 2  0 0  0 1  1 0
   230  -.1400045696304778E-04   4   1 0  1 0  0 1  1 0
   231  -.4281816786845589E-04   4   0 1  1 0  0 1  1 0
   232  -.1061605903226469       4   0 0  2 0  0 1  1 0
   233  -.4449886643222728E-04   4   1 0  0 1  0 1  1 0
   234  -.9442469409405976E-04   4   0 1  0 1  0 1  1 0
   235  -.4545591218025619       4   0 0  1 1  0 1  1 0
   236  -.3642258010474431       4   0 0  0 2  0 1  1 0
   237  -.1330756671473250       4   2 0  0 0  0 0  2 0
   238  -.6833749187149065       4   1 1  0 0  0 0  2 0
   239  -.8249347869185404       4   0 2  0 0  0 0  2 0
   240  -.7068939294391006E-05   4   1 0  1 0  0 0  2 0
   241  -.2147624543418373E-04   4   0 1  1 0  0 0  2 0
   242  -.5319506196599338E-01   4   0 0  2 0  0 0  2 0
   243  -.2230045417347982E-04   4   1 0  0 1  0 0  2 0
   244  -.4723039803528577E-04   4   0 1  0 1  0 0  2 0
   245  -.2271984484131371       4   0 0  1 1  0 0  2 0
   246  -.1821382190116134       4   0 0  0 2  0 0  2 0
   247  0.9679353069946097       4   2 0  0 0  0 1  0 1
   248   2.733243319004698       4   1 1  0 0  0 1  0 1
   249   1.797295357529349       4   0 2  0 0  0 1  0 1
   250  0.4670585132622048E-04   4   1 0  1 0  0 1  0 1
   251  0.7750613431806223E-04   4   0 1  1 0  0 1  0 1
   252  0.4894977199165618       4   0 0  2 0  0 1  0 1
   253  0.8032086268592762E-04   4   1 0  0 1  0 1  0 1
   254  0.1122736020135400E-03   4   0 1  0 1  0 1  0 1
   255  0.9091503144521973       4   0 0  1 1  0 1  0 1
   256  0.3259018026945186       4   0 0  0 2  0 1  0 1
   257  0.3712106345368139       4   2 0  0 0  0 0  1 1
   258   1.365942389001390       4   1 1  0 0  0 0  1 1
   259   1.054453650980551       4   0 2  0 0  0 0  1 1
   260  0.1615111768956509E-04   4   1 0  1 0  0 0  1 1
   261  0.3680390738122508E-04   4   0 1  1 0  0 0  1 1
   262  0.1313141863918129       4   0 0  2 0  0 0  1 1
   263  0.3864570829942239E-04   4   1 0  0 1  0 0  1 1
   264  0.6320086595937969E-04   4   0 1  0 1  0 0  1 1
   265  0.4760058499031446       4   0 0  1 1  0 0  1 1
   266  0.2260514035042086       4   0 0  0 2  0 0  1 1
   267  -.3710457536808995       4   2 0  0 0  0 0  0 2
   268  -.6822804015998567       4   1 1  0 0  0 0  0 2
   269  -.3122441836548591       4   0 2  0 0  0 0  0 2
   270  -.1344417187536245E-04   4   1 0  1 0  0 0  0 2
   271  -.1196399084215292E-04   4   0 1  1 0  0 0  0 2
   272  -.1311653243915872       4   0 0  2 0  0 0  0 2
   273  -.1309289237774414E-04   4   1 0  0 1  0 0  0 2
   274  -.1173506028133667E-04   4   0 1  0 1  0 0  0 2
   275  -.2594917463207328       4   0 0  1 1  0 0  0 2
   276  -.1264535588473392       4   0 0  0 2  0 0  0 2
   277  -.1278904929693273E-03   4   1 0  0 0  0 3  0 0
   278  -.2126570509827640E-03   4   0 1  0 0  0 3  0 0
   279  -.6592739856597232E-04   4   0 0  1 0  0 3  0 0
   280  -.6305992495532779E-04   4   0 0  0 1  0 3  0 0
   281  -.6608663974871134E-04   4   1 0  0 0  0 2  1 0
   282  -.1053772245908114E-03   4   0 1  0 0  0 2  1 0
   283  -.2016823381233732E-04   4   0 0  1 0  0 2  1 0
   284  -.5659366796958101E-04   4   0 0  0 1  0 2  1 0
   285  -.4147218310291439E-04   4   1 0  0 0  0 1  2 0
   286  -.6561539221720361E-04   4   0 1  0 0  0 1  2 0
   287  -.1093097293568091E-04   4   0 0  1 0  0 1  2 0
   288  -.3781009192979497E-04   4   0 0  0 1  0 1  2 0
   289  -.2205706914168382E-04   4   1 0  0 0  0 0  3 0
   290  -.3517695848280254E-04   4   0 1  0 0  0 0  3 0
   291  -.6750845237031334E-05   4   0 0  1 0  0 0  3 0
   292  -.1885660365954576E-04   4   0 0  0 1  0 0  3 0
   293  0.1109339046527966E-03   4   1 0  0 0  0 2  0 1
   294  0.9043490060952372E-04   4   0 1  0 0  0 2  0 1
   295  0.7388809979034505E-04   4   0 0  1 0  0 2  0 1
   296  0.1160703097917728E-03   4   0 0  0 1  0 2  0 1
   297  0.5854781792070356E-04   4   1 0  0 0  0 1  1 1
   298  0.4812423420253874E-04   4   0 1  0 0  0 1  1 1
   299  0.1690539470751329E-04   4   0 0  1 0  0 1  1 1
   300  0.7661647693377310E-04   4   0 0  0 1  0 1  1 1
   301  0.2928922254609058E-04   4   1 0  0 0  0 0  2 1
   302  0.2407414125475403E-04   4   0 1  0 0  0 0  2 1
   303  0.8485463477506107E-05   4   0 0  1 0  0 0  2 1
   304  0.3830936478548072E-04   4   0 0  0 1  0 0  2 1
   305  -.4847873599193920E-06   4   1 0  0 0  0 1  0 2
   306  0.1749468472755380E-05   4   0 1  0 0  0 1  0 2
   307  -.8594637010276372E-05   4   0 0  1 0  0 1  0 2
   308  -.2090367032455390E-04   4   0 0  0 1  0 1  0 2
   309  -.3187407829811146E-05   4   1 0  0 0  0 0  1 2
   310  -.7699299492378970E-06   4   0 1  0 0  0 0  1 2
   311  0.1301005063274949E-05   4   0 0  1 0  0 0  1 2
   312  -.1031666117192258E-04   4   0 0  0 1  0 0  1 2
   313  -.2539258954560961E-07   4   1 0  0 0  0 0  0 3
   314  0.1955042551439307E-07   4   0 1  0 0  0 0  0 3
   315  -.3378494637443035E-05   4   0 0  1 0  0 0  0 3
   316  -.3066555964494217E-05   4   0 0  0 1  0 0  0 3
   317  -.1565302510167041       4   0 0  0 0  0 4  0 0
   318  0.8947684394763551E-01   4   0 0  0 0  0 3  1 0
   319  0.2686485549127774E-01   4   0 0  0 0  0 2  2 0
   320  0.1798162718072658E-01   4   0 0  0 0  0 1  3 0
   321  0.2220686173128326E-01   4   0 0  0 0  0 0  4 0
   322  0.5208614383859528E-08   4   0 0  0 0  0 3  0 1
   323  0.2875291409276432E-08   4   0 0  0 0  0 2  1 1
   324  0.2312648360124056E-08   4   0 0  0 0  0 1  2 1
   325  0.7952840543348272E-09   4   0 0  0 0  0 0  3 1
   326  -.5797962013934523E-09   4   0 0  0 0  0 2  0 2
   327  0.8196879842582324E-11   4   0 0  0 0  0 1  1 2
   328  -.5806066153659880E-11   4   0 0  0 0  0 0  2 2
   329  -.2805927040519934E-09   4   0 0  0 0  0 1  0 3
   330  -.1308862151599176E-09   4   0 0  0 0  0 0  1 3
   331  -.1406144147614305E-10   4   0 0  0 0  0 0  0 4
   ----------------------------------------------------
     I  COEFFICIENT            ORDER EXPONENTS
     1   1.000000000000000       1   0 0  0 0  0 1  0 0
     --------------------------------------------------
     I  COEFFICIENT            ORDER EXPONENTS
     1   1.000000000000000       1   0 0  0 0  0 0  1 0
     --------------------------------------------------
     I  COEFFICIENT            ORDER EXPONENTS
     1   1.000000000000000       1   0 0  0 0  0 0  0 1
     --------------------------------------------------
