 L    0.1145458000000000E+01
 P (  0.0000000000000000E+00,  0.0000000000000000E+00,  0.9555200000000000E-01)
 A (  0.0000000000000000E+00,  0.0000000000000000E+00,  0.0000000000000000E+00)
     I  COEFFICIENT            ORDER EXPONENTS
     1  0.9495206547426603E-04   0   0 0  0 0  0 0  0 0
     2   1.564222533124562       1   1 0  0 0  0 0  0 0
     3   1.646102132444090       1   0 1  0 0  0 0  0 0
     4  0.1691290269256632E-04   1   0 0  1 0  0 0  0 0
     5  0.1488163337248117E-04   1   0 0  0 1  0 0  0 0
     6  -.9029629717257115E-06   1   0 0  0 0  0 1  0 0
     7  -.9017478067133107E-06   1   0 0  0 0  0 0  1 0
     8  0.1804710780257671E-05   1   0 0  0 0  0 0  0 1
     9  -.1405625727526913       2   2 0  0 0  0 0  0 0
    10  -.2512654679460240       2   1 1  0 0  0 0  0 0
    11  -.1128683872333750       2   0 2  0 0  0 0  0 0
    12  0.5701216823353219E-03   2   1 0  1 0  0 0  0 0
    13  0.1743200945069206E-03   2   0 1  1 0  0 0  0 0
    14  0.1043903395977523       2   0 0  2 0  0 0  0 0
    15  0.5647855075114422E-03   2   1 0  0 1  0 0  0 0
    16  0.2504398195876489E-03   2   0 1  0 1  0 0  0 0
    17  0.1862559106551978       2   0 0  1 1  0 0  0 0
    18  0.8375677738622300E-01   2   0 0  0 2  0 0  0 0
    19  -.3034010395697088       2   1 0  0 0  0 1  0 0
    20  -1.091698348472910       2   0 1  0 0  0 1  0 0
    21  -.9190559824990246E-05   2   0 0  1 0  0 1  0 0
    22  -.1558139793893038E-04   2   0 0  0 1  0 1  0 0
    23  -.3029927367494523       2   1 0  0 0  0 0  1 0
    24  -1.090229192285497       2   0 1  0 0  0 0  1 0
    25  -.9178191602713881E-05   2   0 0  1 0  0 0  1 0
    26  -.1556042922791001E-04   2   0 0  0 1  0 0  1 0
    27  0.6063937763476359       2   1 0  0 0  0 0  0 1
    28  0.5358254083429818       2   0 1  0 0  0 0  0 1
    29  0.1836873128709031E-04   2   0 0  1 0  0 0  0 1
    30  0.1626017443081968E-04   2   0 0  0 1  0 0  0 1
    31  0.5076079980805025E-06   2   0 0  0 0  0 2  0 0
    32  0.1133313306946120E-06   2   0 0  0 0  0 1  1 0
    33  0.5068486250937121E-06   2   0 0  0 0  0 0  2 0
    34  -.2256453317450028E-06   2   0 0  0 0  0 1  0 1
    35  -.2253416688917077E-06   2   0 0  0 0  0 0  1 1
    36  -.6768570372274598E-06   2   0 0  0 0  0 0  0 2
    37   1.387255346087248       3   3 0  0 0  0 0  0 0
    38   6.909800968527021       3   2 1  0 0  0 0  0 0
    39   9.715770601753778       3   1 2  0 0  0 0  0 0
    40   4.982349512241685       3   0 3  0 0  0 0  0 0
    41  -.1106793910311708E-01   3   2 0  1 0  0 0  0 0
    42  -.1952729057986094E-01   3   1 1  1 0  0 0  0 0
    43  -.8630053244224795E-02   3   0 2  1 0  0 0  0 0
    44  -1.469844422502112       3   1 0  2 0  0 0  0 0
    45  0.2933773923884423       3   0 1  2 0  0 0  0 0
    46  0.2737597778366209E-02   3   0 0  3 0  0 0  0 0
    47  -.1001787376217426E-01   3   2 0  0 1  0 0  0 0
    48  -.1780664893475839E-01   3   1 1  0 1  0 0  0 0
    49  -.7922073379911472E-02   3   0 2  0 1  0 0  0 0
    50  -4.056550857521718       3   1 0  1 1  0 0  0 0
    51  -1.274844315821120       3   0 1  1 1  0 0  0 0
    52  0.7300271674879039E-02   3   0 0  2 1  0 0  0 0
    53  -1.844884880751721       3   1 0  0 2  0 0  0 0
    54  -.2830492227695602E-02   3   0 1  0 2  0 0  0 0
    55  0.6552719053076195E-02   3   0 0  1 2  0 0  0 0
    56  0.1987931097902124E-02   3   0 0  0 3  0 0  0 0
    57  0.8588664294287743E-01   3   2 0  0 0  0 1  0 0
    58  0.2787943921080211       3   1 1  0 0  0 1  0 0
    59  0.1814414467394647       3   0 2  0 0  0 1  0 0
    60  -.3436550056664945E-03   3   1 0  1 0  0 1  0 0
    61  -.1895479828673223E-03   3   0 1  1 0  0 1  0 0
    62  -.4896290779791933E-01   3   0 0  2 0  0 1  0 0
    63  -.6768483957345869E-03   3   1 0  0 1  0 1  0 0
    64  -.4454475553728589E-03   3   0 1  0 1  0 1  0 0
    65  -.1799600816399850       3   0 0  1 1  0 1  0 0
    66  -.1226307837133864       3   0 0  0 2  0 1  0 0
    67  0.8577106074650259E-01   3   2 0  0 0  0 0  1 0
    68  0.2784192037542474       3   1 1  0 0  0 0  1 0
    69  0.1811972713914822       3   0 2  0 0  0 0  1 0
    70  -.3431925309557669E-03   3   1 0  1 0  0 0  1 0
    71  -.1892928981250659E-03   3   0 1  1 0  0 0  1 0
    72  -.4889701582414671E-01   3   0 0  2 0  0 0  1 0
    73  -.6759375250623661E-03   3   1 0  0 1  0 0  1 0
    74  -.4448480930460535E-03   3   0 1  0 1  0 0  1 0
    75  -.1797178998433386       3   0 0  1 1  0 0  1 0
    76  -.1224657529840535       3   0 0  0 2  0 0  1 0
    77  -.1716579748903654       3   2 0  0 0  0 0  0 1
    78  -.3059485731964808       3   1 1  0 0  0 0  0 1
    79  -.1369021254922501       3   0 2  0 0  0 0  0 1
    80  0.6861285053150375E-03   3   1 0  1 0  0 0  0 1
    81  0.2037881481323486E-03   3   0 1  1 0  0 0  0 1
    82  0.9786007843980821E-01   3   0 0  2 0  0 0  0 1
    83  0.7872512606525905E-03   3   1 0  0 1  0 0  0 1
    84  0.3886492328532093E-03   3   0 1  0 1  0 0  0 1
    85  0.1734223133547851       3   0 0  1 1  0 0  0 1
    86  0.7758307537435900E-01   3   0 0  0 2  0 0  0 1
    87  0.2383669251260583       3   1 0  0 0  0 2  0 0
    88  0.9617841765284144       3   0 1  0 0  0 2  0 0
    89  0.7269986176590709E-05   3   0 0  1 0  0 2  0 0
    90  0.1612325093455241E-04   3   0 0  0 1  0 2  0 0
    91  0.1735073915495997       3   1 0  0 0  0 1  1 0
    92  0.8322178818205304       3   0 1  0 0  0 1  1 0
    93  0.5290526276313048E-05   3   0 0  1 0  0 1  1 0
    94  0.1659607952600572E-04   3   0 0  0 1  0 1  1 0
    95  0.2379293931168540       3   1 0  0 0  0 0  2 0
    96  0.9599298729088193       3   0 1  0 0  0 0  2 0
    97  0.7256642701352570E-05   3   0 0  1 0  0 0  2 0
    98  0.1609038591249841E-04   3   0 0  0 1  0 0  2 0
    99  -.3468405931348029       3   1 0  0 0  0 1  0 1
   100  -.5723903290733512       3   0 1  0 0  0 1  0 1
   101  -.1053062359922933E-04   3   0 0  1 0  0 1  0 1
   102  -.1752064872947583E-04   3   0 0  0 1  0 1  0 1
   103  -.3463738314105929       3   1 0  0 0  0 0  1 1
   104  -.5716200331443054       3   0 1  0 0  0 0  1 1
   105  -.1051645198228060E-04   3   0 0  1 0  0 0  1 1
   106  -.1749707026613526E-04   3   0 0  0 1  0 0  1 1
   107  0.4341043206918622E-01   3   1 0  0 0  0 0  0 2
   108  0.3617989636176631E-01   3   0 1  0 0  0 0  0 2
   109  0.1280395548476818E-05   3   0 0  1 0  0 0  0 2
   110  0.1206124230497589E-05   3   0 0  0 1  0 0  0 2
   111  -.3060186154360772E-06   3   0 0  0 0  0 3  0 0
   112  0.9677819936000295E-07   3   0 0  0 0  0 2  1 0
   113  0.9596593322769309E-07   3   0 0  0 0  0 1  2 0
   114  -.3054659097982129E-06   3   0 0  0 0  0 0  3 0
   115  -.1941758898649068E-06   3   0 0  0 0  0 2  0 1
   116  -.6127541760671482E-06   3   0 0  0 0  0 1  1 1
   117  -.1935022693426282E-06   3   0 0  0 0  0 0  2 1
   118  0.7262012397257750E-06   3   0 0  0 0  0 1  0 2
   119  0.7252239523221210E-06   3   0 0  0 0  0 0  1 2
   120  -.3260181983966326E-07   3   0 0  0 0  0 0  0 3
   121  -15.93145230716197       4   4 0  0 0  0 0  0 0
   122  -58.96469966952849       4   3 1  0 0  0 0  0 0
   123  -82.32652901527612       4   2 2  0 0  0 0  0 0
   124  -51.49341169956496       4   1 3  0 0  0 0  0 0
   125  -12.19338372918211       4   0 4  0 0  0 0  0 0
   126  -.7694515404006639E-02   4   3 0  1 0  0 0  0 0
   127  -.2062110819915294E-01   4   2 1  1 0  0 0  0 0
   128  -.1951020732972070E-01   4   1 2  1 0  0 0  0 0
   129  -.6515372414494630E-02   4   0 3  1 0  0 0  0 0
   130   65.15872323156775       4   2 0  2 0  0 0  0 0
   131   115.3467484832788       4   1 1  2 0  0 0  0 0
   132   51.46913351339236       4   0 2  2 0  0 0  0 0
   133  0.5715449866337735E-02   4   1 0  3 0  0 0  0 0
   134  0.4978257184425167E-02   4   0 1  3 0  0 0  0 0
   135  -8.130931357402773       4   0 0  4 0  0 0  0 0
   136  -.6848808948446335E-02   4   3 0  0 1  0 0  0 0
   137  -.1770940899616316E-01   4   2 1  0 1  0 0  0 0
   138  -.1553730317232193E-01   4   1 2  0 1  0 0  0 0
   139  -.4694111021303382E-02   4   0 3  0 1  0 0  0 0
   140   119.0259072695499       4   2 0  1 1  0 0  0 0
   141   212.2709359052487       4   1 1  1 1  0 0  0 0
   142   95.49490629346285       4   0 2  1 1  0 0  0 0
   143  0.1490798811886605E-01   4   1 0  2 1  0 0  0 0
   144  0.1306638350494442E-01   4   0 1  2 1  0 0  0 0
   145  -28.70428686605438       4   0 0  3 1  0 0  0 0
   146   54.61611621758713       4   2 0  0 2  0 0  0 0
   147   98.00393635261679       4   1 1  0 2  0 0  0 0
   148   44.39243846314873       4   0 2  0 2  0 0  0 0
   149  0.1276908610660977E-01   4   1 0  1 2  0 0  0 0
   150  0.1123402078440431E-01   4   0 1  1 2  0 0  0 0
   151  -38.24543382021513       4   0 0  2 2  0 0  0 0
   152  0.4006377294103530E-02   4   1 0  0 3  0 0  0 0
   153  0.3495892922298148E-02   4   0 1  0 3  0 0  0 0
   154  -22.70601501299200       4   0 0  1 3  0 0  0 0
   155  -5.047855327750269       4   0 0  0 4  0 0  0 0
   156  -2.238701532842511       4   3 0  0 0  0 1  0 0
   157  -12.25125694140313       4   2 1  0 0  0 1  0 0
   158  -20.46074495394378       4   1 2  0 0  0 1  0 0
   159  -11.78416891376802       4   0 3  0 0  0 1  0 0
   160  0.1283179526600097E-02   4   2 0  1 0  0 1  0 0
   161  0.1083052790126469E-01   4   1 1  1 0  0 1  0 0
   162  0.8484486157420666E-02   4   0 2  1 0  0 1  0 0
   163  0.9040184121127048       4   1 0  2 0  0 1  0 0
   164  -.3671131702580436       4   0 1  2 0  0 1  0 0
   165  -.3915865515272387E-03   4   0 0  3 0  0 1  0 0
   166  0.5465153837501963E-02   4   2 0  0 1  0 1  0 0
   167  0.1740136164322854E-01   4   1 1  0 1  0 1  0 0
   168  0.1107545594987565E-01   4   0 2  0 1  0 1  0 0
   169   5.125255570286266       4   1 0  1 1  0 1  0 0
   170   2.494746720780153       4   0 1  1 1  0 1  0 0
   171  -.4326442606187139E-02   4   0 0  2 1  0 1  0 0
   172   3.546755540447618       4   1 0  0 2  0 1  0 0
   173  0.8277363285808965       4   0 1  0 2  0 1  0 0
   174  -.6806643870731340E-02   4   0 0  1 2  0 1  0 0
   175  -.2952314600747370E-02   4   0 0  0 3  0 1  0 0
   176  -2.235688793825966       4   3 0  0 0  0 0  1 0
   177  -12.23476977719311       4   2 1  0 0  0 0  1 0
   178  -20.43320984766626       4   1 2  0 0  0 0  1 0
   179  -11.76831033461251       4   0 3  0 0  0 0  1 0
   180  0.1281452684067352E-02   4   2 0  1 0  0 0  1 0
   181  0.1081595268724026E-01   4   1 1  1 0  0 0  1 0
   182  0.8473068135809989E-02   4   0 2  1 0  0 0  1 0
   183  0.9028018267385949       4   1 0  2 0  0 0  1 0
   184  -.3666191266549539       4   0 1  2 0  0 0  1 0
   185  -.3910595728010282E-03   4   0 0  3 0  0 0  1 0
   186  0.5457799091031230E-02   4   2 0  0 1  0 0  1 0
   187  0.1737794371082684E-01   4   1 1  0 1  0 0  1 0
   188  0.1106055112322648E-01   4   0 2  0 1  0 0  1 0
   189   5.118358242884693       4   1 0  1 1  0 0  1 0
   190   2.491389408216666       4   0 1  1 1  0 0  1 0
   191  -.4320620283625910E-02   4   0 0  2 1  0 0  1 0
   192   3.541982483994077       4   1 0  0 2  0 0  1 0
   193  0.8266224000397517       4   0 1  0 2  0 0  1 0
   194  -.6797483810196122E-02   4   0 0  1 2  0 0  1 0
   195  -.2948341514895451E-02   4   0 0  0 3  0 0  1 0
   196   4.472281097966774       4   3 0  0 0  0 0  0 1
   197   17.56964588976413       4   2 1  0 0  0 0  0 1
   198   21.45555039395839       4   1 2  0 0  0 0  0 1
   199   8.603036721090401       4   0 3  0 0  0 0  0 1
   200  0.9421571223289804E-03   4   2 0  1 0  0 0  0 1
   201  0.2078390740935783E-02   4   1 1  1 0  0 0  0 1
   202  0.1150122899413831E-02   4   0 2  1 0  0 0  0 1
   203  -1.803323116511042       4   1 0  2 0  0 0  0 1
   204  0.4438945885032987       4   0 1  2 0  0 0  0 1
   205  -.7182920758620989E-04   4   0 0  3 0  0 0  0 1
   206  0.1067333846395499E-02   4   2 0  0 1  0 0  0 1
   207  0.2263191106405159E-02   4   1 1  0 1  0 0  0 1
   208  0.1219665149745775E-02   4   0 2  0 1  0 0  0 1
   209  -6.179819452892325       4   1 0  1 1  0 0  0 1
   210  -2.429076248063094       4   0 1  1 1  0 0  0 1
   211  -.2386854662943825E-03   4   0 0  2 1  0 0  0 1
   212  -3.395199123510190       4   1 0  0 2  0 0  0 1
   213  -1.642013655371821       4   0 1  0 2  0 0  0 1
   214  -.2360674277484881E-03   4   0 0  1 2  0 0  0 1
   215  -.6191899469202636E-04   4   0 0  0 3  0 0  0 1
   216  -.7427563614650068E-01   4   2 0  0 0  0 2  0 0
   217  -.3038004446674440       4   1 1  0 0  0 2  0 0
   218  -.2415502692150520       4   0 2  0 0  0 2  0 0
   219  -.9290462014594511E-04   4   1 0  1 0  0 2  0 0
   220  0.3370832199199726E-04   4   0 1  1 0  0 2  0 0
   221  0.3491368677612969E-01   4   0 0  2 0  0 2  0 0
   222  0.4702402381529086E-03   4   1 0  0 1  0 2  0 0
   223  0.5591381969605189E-03   4   0 1  0 1  0 2  0 0
   224  0.1750293716866333       4   0 0  1 1  0 2  0 0
   225  0.1501202393454328       4   0 0  0 2  0 2  0 0
   226  -.6163111507836229E-01   4   2 0  0 0  0 1  1 0
   227  -.3263171136267523       4   1 1  0 0  0 1  1 0
   228  -.2999194987095969       4   0 2  0 0  0 1  1 0
   229  -.1771655032603922E-03   4   1 0  1 0  0 1  1 0
   230  0.1266976946457163E-04   4   0 1  1 0  0 1  1 0
   231  0.2139432822937226E-01   4   0 0  2 0  0 1  1 0
   232  0.5362102702838350E-03   4   1 0  0 1  0 1  1 0
   233  0.7281860652600568E-03   4   0 1  0 1  0 1  1 0
   234  0.1708269799430700       4   0 0  1 1  0 1  1 0
   235  0.1778813761833976       4   0 0  0 2  0 1  1 0
   236  -.7413420937081593E-01   4   2 0  0 0  0 0  2 0
   237  -.3031720332502686       4   1 1  0 0  0 0  2 0
   238  -.2410233934832900       4   0 2  0 0  0 0  2 0
   239  -.9266038299421428E-04   4   1 0  1 0  0 0  2 0
   240  0.3365443373159927E-04   4   0 1  1 0  0 0  2 0
   241  0.3485230584256561E-01   4   0 0  2 0  0 0  2 0
   242  0.4692466077465490E-03   4   1 0  0 1  0 0  2 0
   243  0.5578957558821221E-03   4   0 1  0 1  0 0  2 0
   244  0.1746788799576603       4   0 0  1 1  0 0  2 0
   245  0.1497985224158390       4   0 0  0 2  0 0  2 0
   246  0.1218932135818930       4   2 0  0 0  0 1  0 1
   247  0.3699905948460059       4   1 1  0 0  0 1  0 1
   248  0.2338360042683597       4   0 2  0 0  0 1  0 1
   249  0.3138264817840208E-03   4   1 0  1 0  0 1  0 1
   250  0.2507352481502908E-03   4   0 1  1 0  0 1  0 1
   251  -.4318455277469919E-01   4   0 0  2 0  0 1  0 1
   252  -.2556438235336912E-03   4   1 0  0 1  0 1  0 1
   253  -.1959208552442335E-03   4   0 1  0 1  0 1  0 1
   254  -.1622202817297942       4   0 0  1 1  0 1  0 1
   255  -.1110027889744901       4   0 0  0 2  0 1  0 1
   256  0.1217291754396853       4   2 0  0 0  0 0  1 1
   257  0.3694926789405208       4   1 1  0 0  0 0  1 1
   258  0.2335213187941277       4   0 2  0 0  0 0  1 1
   259  0.3134041488949662E-03   4   1 0  1 0  0 0  1 1
   260  0.2503978204700738E-03   4   0 1  1 0  0 0  1 1
   261  -.4312643703879238E-01   4   0 0  2 0  0 0  1 1
   262  -.2552997901240548E-03   4   1 0  0 1  0 0  1 1
   263  -.1956571941906752E-03   4   0 1  0 1  0 0  1 1
   264  -.1620019733198192       4   0 0  1 1  0 0  1 1
   265  -.1108534066524684       4   0 0  0 2  0 0  1 1
   266  -.3460691096856962E-01   4   2 0  0 0  0 0  0 2
   267  -.6073169244527186E-01   4   1 1  0 0  0 0  0 2
   268  -.2663471579997909E-01   4   0 2  0 0  0 0  0 2
   269  -.3383715949253251E-03   4   1 0  1 0  0 0  0 2
   270  -.3344808403159006E-03   4   0 1  1 0  0 0  0 2
   271  -.5286961912332021E-02   4   0 0  2 0  0 0  0 2
   272  -.2597233459271033E-03   4   1 0  0 1  0 0  0 2
   273  -.2639850237927448E-03   4   0 1  0 1  0 0  0 2
   274  -.1064064469457213E-01   4   0 0  1 1  0 0  0 2
   275  -.5207191178697306E-02   4   0 0  0 2  0 0  0 2
   276  -.2060348508322545       4   1 0  0 0  0 3  0 0
   277  -.9015352478149813       4   0 1  0 0  0 3  0 0
   278  -.9828192659809680E-05   4   0 0  1 0  0 3  0 0
   279  -.2063558274180979E-04   4   0 0  0 1  0 3  0 0
   280  -.1414034975355355       4   1 0  0 0  0 2  1 0
   281  -.7810951379235209       4   0 1  0 0  0 2  1 0
   282  -.6516172505024337E-05   4   0 0  1 0  0 2  1 0
   283  -.2026971257869811E-04   4   0 0  0 1  0 2  1 0
   284  -.1415334045701105       4   1 0  0 0  0 1  2 0
   285  -.7813358127699539       4   0 1  0 0  0 1  2 0
   286  -.6522831546941608E-05   4   0 0  1 0  0 1  2 0
   287  -.2027039507679937E-04   4   0 0  0 1  0 1  2 0
   288  -.2055239240581102       4   1 0  0 0  0 0  3 0
   289  -.8991905102297124       4   0 1  0 0  0 0  3 0
   290  -.9803974515673548E-05   4   0 0  1 0  0 0  3 0
   291  -.2058030651764223E-04   4   0 0  0 1  0 0  3 0
   292  0.2827584165796935       4   1 0  0 0  0 2  0 1
   293  0.6003301965749106       4   0 1  0 0  0 2  0 1
   294  0.1189634609550891E-04   4   0 0  1 0  0 2  0 1
   295  0.2218833938234217E-04   4   0 0  0 1  0 2  0 1
   296  0.2188422660566117       4   1 0  0 0  0 1  1 1
   297  0.6281880298495026       4   0 1  0 0  0 1  1 1
   298  0.8642862777588071E-05   4   0 0  1 0  0 1  1 1
   299  0.2197537394018944E-04   4   0 0  0 1  0 1  1 1
   300  0.2822306398246124       4   1 0  0 0  0 0  2 1
   301  0.5990996075663934       4   0 1  0 0  0 0  2 1
   302  0.1187452097488790E-04   4   0 0  1 0  0 0  2 1
   303  0.2214369264960900E-04   4   0 0  0 1  0 0  2 1
   304  -.4532978339306469E-01   4   1 0  0 0  0 1  0 2
   305  -.5582908760538749E-01   4   0 1  0 0  0 1  0 2
   306  -.4619751300385546E-06   4   0 0  1 0  0 1  0 2
   307  -.9323313042400543E-06   4   0 0  0 1  0 1  0 2
   308  -.4526878070689202E-01   4   1 0  0 0  0 0  1 2
   309  -.5575395545042081E-01   4   0 1  0 0  0 0  1 2
   310  -.4613534256806500E-06   4   0 0  1 0  0 0  1 2
   311  -.9310766167100246E-06   4   0 0  0 1  0 0  1 2
   312  0.1258596902327310E-02   4   1 0  0 0  0 0  0 3
   313  0.1013898673102094E-02   4   0 1  0 0  0 0  0 3
   314  0.8099405056833472E-07   4   0 0  1 0  0 0  0 3
   315  0.6541017501928781E-07   4   0 0  0 1  0 0  0 3
   316  -.3294290718794747E-04   4   0 0  0 0  0 4  0 0
   317  -.2235127716039707E-04   4   0 0  0 0  0 3  1 0
   318  -.2095205007455986E-04   4   0 0  0 0  0 2  2 0
   319  -.2238152804511032E-04   4   0 0  0 0  0 1  3 0
   320  -.3283926111988872E-04   4   0 0  0 0  0 0  4 0
   321  0.8183098242298271E-05   4   0 0  0 0  0 3  0 1
   322  0.8586271310784144E-05   4   0 0  0 0  0 2  1 1
   323  0.8585435223802251E-05   4   0 0  0 0  0 1  2 1
   324  0.8160809885782730E-05   4   0 0  0 0  0 0  3 1
   325  -.5733579313019572E-06   4   0 0  0 0  0 2  0 2
   326  -.7129507262144737E-06   4   0 0  0 0  0 1  1 2
   327  -.5721066054758222E-06   4   0 0  0 0  0 0  2 2
   328  0.1382027508570455E-07   4   0 0  0 0  0 1  0 3
   329  0.1380167641082121E-07   4   0 0  0 0  0 0  1 3
   330  -.4775956035933038E-14   4   0 0  0 0  0 0  0 4
   ----------------------------------------------------
     I  COEFFICIENT            ORDER EXPONENTS
     1  0.4037167402273959E-04   0   0 0  0 0  0 0  0 0
     2   2.657890452726141       1   1 0  0 0  0 0  0 0
     3   3.436313585914475       1   0 1  0 0  0 0  0 0
     4  0.7603777801267782E-04   1   0 0  1 0  0 0  0 0
     5  0.6995361681009859E-04   1   0 0  0 1  0 0  0 0
     6  0.1588048276601964E-05   1   0 0  0 0  0 1  0 0
     7  0.1585911156073672E-05   1   0 0  0 0  0 0  1 0
     8  0.3719771459803285E-04   1   0 0  0 0  0 0  0 1
     9  -.6988145808577716       2   2 0  0 0  0 0  0 0
    10  -1.280151788151730       2   1 1  0 0  0 0  0 0
    11  -.5893717870060964       2   0 2  0 0  0 0  0 0
    12  0.2942639223521575E-02   2   1 0  1 0  0 0  0 0
    13  0.2139769145034622E-02   2   0 1  1 0  0 0  0 0
    14  0.4640743293954160       2   0 0  2 0  0 0  0 0
    15  0.2656954606478944E-02   2   1 0  0 1  0 0  0 0
    16  0.1980236987573302E-02   2   0 1  0 1  0 0  0 0
    17  0.8505983697424957       2   0 0  1 1  0 0  0 0
    18  0.3936337714725609       2   0 0  0 2  0 0  0 0
    19  -.1482952134209955       2   1 0  0 0  0 1  0 0
    20  -1.344529007759845       2   0 1  0 0  0 1  0 0
    21  -.4109619248833716E-05   2   0 0  1 0  0 1  0 0
    22  -.3900470034327972E-04   2   0 0  0 1  0 1  0 0
    23  -.1480956447116864       2   1 0  0 0  0 0  1 0
    24  -1.342719603986659       2   0 1  0 0  0 0  1 0
    25  -.4104088716928341E-05   2   0 0  1 0  0 0  1 0
    26  -.3895220965578564E-04   2   0 0  0 1  0 0  1 0
    27   2.954281311011550       2   1 0  0 0  0 0  0 1
    28   2.687248611900685       2   0 1  0 0  0 0  0 1
    29  0.8425134547075113E-04   2   0 0  1 0  0 0  0 1
    30  0.7795677169991382E-04   2   0 0  0 1  0 0  0 1
    31  -.1254541673112184E-05   2   0 0  0 0  0 2  0 0
    32  -.9219261581547561E-06   2   0 0  0 0  0 1  1 0
    33  -.1252233027664525E-05   2   0 0  0 0  0 0  2 0
    34  0.3431008279853760E-05   2   0 0  0 0  0 1  0 1
    35  0.3426390990608804E-05   2   0 0  0 0  0 0  1 1
    36  -.3428699277499719E-05   2   0 0  0 0  0 0  0 2
    37  -10.57234005739279       3   3 0  0 0  0 0  0 0
    38  -30.78449360183197       3   2 1  0 0  0 0  0 0
    39  -31.07175920672663       3   1 2  0 0  0 0  0 0
    40  -9.549643418327221       3   0 3  0 0  0 0  0 0
    41  -.5462209320132926E-01   3   2 0  1 0  0 0  0 0
    42  -.9928139751784221E-01   3   1 1  1 0  0 0  0 0
    43  -.4534536072518599E-01   3   0 2  1 0  0 0  0 0
    44  -14.41806811043289       3   1 0  2 0  0 0  0 0
    45  -11.44831724119470       3   0 1  2 0  0 0  0 0
    46  0.1195077844561012E-01   3   0 0  3 0  0 0  0 0
    47  -.5159617084202257E-01   3   2 0  0 1  0 0  0 0
    48  -.9463096657798975E-01   3   1 1  0 1  0 0  0 0
    49  -.4357069051677954E-01   3   0 2  0 1  0 0  0 0
    50  -30.55775790133132       3   1 0  1 1  0 0  0 0
    51  -25.41767051808260       3   0 1  1 1  0 0  0 0
    52  0.3262729383102268E-01   3   0 0  2 1  0 0  0 0
    53  -14.24460932852216       3   1 0  0 2  0 0  0 0
    54  -10.94482851109806       3   0 1  0 2  0 0  0 0
    55  0.2999079187682377E-01   3   0 0  1 2  0 0  0 0
    56  0.9319332054053288E-02   3   0 0  0 3  0 0  0 0
    57  0.1080779604573179       3   2 0  0 0  0 1  0 0
    58  0.8331447268270595       3   1 1  0 0  0 1  0 0
    59  0.6755653707312526       3   0 2  0 0  0 1  0 0
    60  -.1215869267041686E-02   3   1 0  1 0  0 1  0 0
    61  -.2011250296731632E-02   3   0 1  1 0  0 1  0 0
    62  0.1632110148989982E-01   3   0 0  2 0  0 1  0 0
    63  -.2610923141658373E-02   3   1 0  0 1  0 1  0 0
    64  -.3025302110055785E-02   3   0 1  0 1  0 1  0 0
    65  -.3913263964908572       3   0 0  1 1  0 1  0 0
    66  -.3766078371736440       3   0 0  0 2  0 1  0 0
    67  0.1079325142316735       3   2 0  0 0  0 0  1 0
    68  0.8320235199184479       3   1 1  0 0  0 0  1 0
    69  0.6746562266936162       3   0 2  0 0  0 0  1 0
    70  -.1214233007484035E-02   3   1 0  1 0  0 0  1 0
    71  -.2008543650869234E-02   3   0 1  1 0  0 0  1 0
    72  0.1629913732070199E-01   3   0 0  2 0  0 0  1 0
    73  -.2607409484342875E-02   3   1 0  0 1  0 0  1 0
    74  -.3021230801053623E-02   3   0 1  0 1  0 0  1 0
    75  -.3907997678690335       3   0 0  1 1  0 0  1 0
    76  -.3761010160952880       3   0 0  0 2  0 0  1 0
    77  -.9148274398487828       3   2 0  0 0  0 0  0 1
    78  -1.665172252463271       3   1 1  0 0  0 0  0 1
    79  -.7608514886661952       3   0 2  0 0  0 0  0 1
    80  0.5369103822744132E-02   3   1 0  1 0  0 0  0 1
    81  0.4016104130390069E-02   3   0 1  1 0  0 0  0 1
    82  0.4314555745901891       3   0 0  2 0  0 0  0 1
    83  0.5214389229541727E-02   3   1 0  0 1  0 0  0 1
    84  0.4062249990258631E-02   3   0 1  0 1  0 0  0 1
    85  0.7821286622496315       3   0 0  1 1  0 0  0 1
    86  0.3590761240386032       3   0 0  0 2  0 0  0 1
    87  0.1140153282132630       3   1 0  0 0  0 2  0 0
    88   1.073285002236388       3   0 1  0 0  0 2  0 0
    89  0.2835056188594968E-05   3   0 0  1 0  0 2  0 0
    90  0.3100319514675585E-04   3   0 0  0 1  0 2  0 0
    91  0.7982710082249896E-01   3   1 0  0 0  0 1  1 0
    92  0.8027683517047803       3   0 1  0 0  0 1  1 0
    93  0.1559673578591270E-05   3   0 0  1 0  0 1  1 0
    94  0.2302684755377190E-04   3   0 0  0 1  0 1  1 0
    95  0.1138081779828264       3   1 0  0 0  0 0  2 0
    96   1.071300461955268       3   0 1  0 0  0 0  2 0
    97  0.2830191435991524E-05   3   0 0  1 0  0 0  2 0
    98  0.3094597828474661E-04   3   0 0  0 1  0 0  2 0
    99  -.3078571077445582       3   1 0  0 0  0 1  0 1
   100  -1.604808808579597       3   0 1  0 0  0 1  0 1
   101  -.7318641198406640E-05   3   0 0  1 0  0 1  0 1
   102  -.4610278718384492E-04   3   0 0  0 1  0 1  0 1
   103  -.3074428081577585       3   1 0  0 0  0 0  1 1
   104  -1.602649132517028       3   0 1  0 0  0 0  1 1
   105  -.7308792115997544E-05   3   0 0  1 0  0 0  1 1
   106  -.4604074422560206E-04   3   0 0  0 1  0 0  1 1
   107  0.3076495840414855       3   1 0  0 0  0 0  0 2
   108  0.2601043563100052       3   0 1  0 0  0 0  0 2
   109  0.7352141959412602E-05   3   0 0  1 0  0 0  0 2
   110  0.7149895261913747E-05   3   0 0  0 1  0 0  0 2
   111  0.1087802294327196E-05   3   0 0  0 0  0 3  0 0
   112  0.7560129265393996E-06   3   0 0  0 0  0 2  1 0
   113  0.7566797311831223E-06   3   0 0  0 0  0 1  2 0
   114  0.1085098407366815E-05   3   0 0  0 0  0 0  3 0
   115  -.2768004464490325E-05   3   0 0  0 0  0 2  0 1
   116  -.2107389536559626E-05   3   0 0  0 0  0 1  1 1
   117  -.2762861401773505E-05   3   0 0  0 0  0 0  2 1
   118  0.2107679342587098E-05   3   0 0  0 0  0 1  0 2
   119  0.2104842927059638E-05   3   0 0  0 0  0 0  1 2
   120  -.2614296366150029E-06   3   0 0  0 0  0 0  0 3
   121  -72.81982293553983       4   4 0  0 0  0 0  0 0
   122  -269.9254377390459       4   3 1  0 0  0 0  0 0
   123  -376.7686047393672       4   2 2  0 0  0 0  0 0
   124  -235.2952762055533       4   1 3  0 0  0 0  0 0
   125  -55.59629099400991       4   0 4  0 0  0 0  0 0
   126  -.3693402085251345E-01   4   3 0  1 0  0 0  0 0
   127  -.9810473420150427E-01   4   2 1  1 0  0 0  0 0
   128  -.8731267286171943E-01   4   1 2  1 0  0 0  0 0
   129  -.2489698718933508E-01   4   0 3  1 0  0 0  0 0
   130   304.1997429186622       4   2 0  2 0  0 0  0 0
   131   548.5897848186087       4   1 1  2 0  0 0  0 0
   132   248.6553848654193       4   0 2  2 0  0 0  0 0
   133  0.2918042359215129E-01   4   1 0  3 0  0 0  0 0
   134  0.2808571309586019E-01   4   0 1  3 0  0 0  0 0
   135  -35.55821698701875       4   0 0  4 0  0 0  0 0
   136  -.3472518027343706E-01   4   3 0  0 1  0 0  0 0
   137  -.9339523451690690E-01   4   2 1  0 1  0 0  0 0
   138  -.8291726468175430E-01   4   1 2  0 1  0 0  0 0
   139  -.2344619557950695E-01   4   0 3  0 1  0 0  0 0
   140   570.1345772212815       4   2 0  1 1  0 0  0 0
   141   1035.858634457396       4   1 1  1 1  0 0  0 0
   142   473.3920493570997       4   0 2  1 1  0 0  0 0
   143  0.8433254778072323E-01   4   1 0  2 1  0 0  0 0
   144  0.8137811578078537E-01   4   0 1  2 1  0 0  0 0
   145  -128.4973206819477       4   0 0  3 1  0 0  0 0
   146   269.0234398136565       4   2 0  0 2  0 0  0 0
   147   491.7478951074726       4   1 1  0 2  0 0  0 0
   148   226.2467616924749       4   0 2  0 2  0 0  0 0
   149  0.8129418980323085E-01   4   1 0  1 2  0 0  0 0
   150  0.7948616333163658E-01   4   0 1  1 2  0 0  0 0
   151  -175.7628796334124       4   0 0  2 2  0 0  0 0
   152  0.2742548705219561E-01   4   1 0  0 3  0 0  0 0
   153  0.2711057705810896E-01   4   0 1  0 3  0 0  0 0
   154  -107.4644512420090       4   0 0  1 3  0 0  0 0
   155  -24.69044657019763       4   0 0  0 4  0 0  0 0
   156   8.048973402422774       4   3 0  0 0  0 1  0 0
   157   38.43956796706435       4   2 1  0 0  0 1  0 0
   158   53.08203011642051       4   1 2  0 0  0 1  0 0
   159   21.26989516136356       4   0 3  0 0  0 1  0 0
   160  -.5027953195718983E-02   4   2 0  1 0  0 1  0 0
   161  0.3404826695933893E-01   4   1 1  1 0  0 1  0 0
   162  0.3505252246077449E-01   4   0 2  1 0  0 1  0 0
   163   5.140720003952507       4   1 0  2 0  0 1  0 0
   164   9.353801446428228       4   0 1  2 0  0 1  0 0
   165  0.1057729873803239E-02   4   0 0  3 0  0 1  0 0
   166  0.1678704199042618E-01   4   2 0  0 1  0 1  0 0
   167  0.7140853129570345E-01   4   1 1  0 1  0 1  0 0
   168  0.5136991596406133E-01   4   0 2  0 1  0 1  0 0
   169   27.26933650578619       4   1 0  1 1  0 1  0 0
   170   34.71590459431160       4   0 1  1 1  0 1  0 0
   171  -.1111257394638067E-01   4   0 0  2 1  0 1  0 0
   172   20.67696462221660       4   1 0  0 2  0 1  0 0
   173   21.61287507922246       4   0 1  0 2  0 1  0 0
   174  -.2283070682968179E-01   4   0 0  1 2  0 1  0 0
   175  -.1095902652582010E-01   4   0 0  0 3  0 1  0 0
   176   8.038141473352750       4   3 0  0 0  0 0  1 0
   177   38.38783780808839       4   2 1  0 0  0 0  1 0
   178   53.01059482195917       4   1 2  0 0  0 0  1 0
   179   21.24127113887080       4   0 3  0 0  0 0  1 0
   180  -.5021186813267416E-02   4   2 0  1 0  0 0  1 0
   181  0.3400244640630423E-01   4   1 1  1 0  0 0  1 0
   182  0.3500535042801493E-01   4   0 2  1 0  0 0  1 0
   183   5.133801865244934       4   1 0  2 0  0 0  1 0
   184   9.341213541271019       4   0 1  2 0  0 0  1 0
   185  0.1056306430788158E-02   4   0 0  3 0  0 0  1 0
   186  0.1676445078046135E-01   4   2 0  0 1  0 0  1 0
   187  0.7131243305965314E-01   4   1 1  0 1  0 0  1 0
   188  0.5130078475213724E-01   4   0 2  0 1  0 0  1 0
   189   27.23263871787601       4   1 0  1 1  0 0  1 0
   190   34.66918556601249       4   0 1  1 1  0 0  1 0
   191  -.1109761916808111E-01   4   0 0  2 1  0 0  1 0
   192   20.64913853769961       4   1 0  0 2  0 0  1 0
   193   21.58378949052036       4   0 1  0 2  0 0  1 0
   194  -.2279998234040433E-01   4   0 0  1 2  0 0  1 0
   195  -.1094427838440269E-01   4   0 0  0 3  0 0  1 0
   196  -26.66761187576929       4   3 0  0 0  0 0  0 1
   197  -76.85333050000685       4   2 1  0 0  0 0  0 1
   198  -75.04848975442049       4   1 2  0 0  0 0  0 1
   199  -23.42173848771073       4   0 3  0 0  0 0  0 1
   200  0.4453208769600709E-03   4   2 0  1 0  0 0  0 1
   201  0.9522341338598014E-03   4   1 1  1 0  0 0  0 1
   202  0.5100705094333942E-03   4   0 2  1 0  0 0  0 1
   203  -24.67555009033244       4   1 0  2 0  0 0  0 1
   204  -18.67807294134425       4   0 1  2 0  0 0  0 1
   205  -.6888115744888100E-03   4   0 0  3 0  0 0  0 1
   206  0.5979059091260839E-03   4   2 0  0 1  0 0  0 1
   207  0.1053260026795047E-02   4   1 1  0 1  0 0  0 1
   208  0.5175216963279424E-03   4   0 2  0 1  0 0  0 1
   209  -54.46558011948972       4   1 0  1 1  0 0  0 1
   210  -43.93063699025278       4   0 1  1 1  0 0  0 1
   211  -.2090584044564222E-02   4   0 0  2 1  0 0  0 1
   212  -27.06182096023241       4   1 0  0 2  0 0  0 1
   213  -21.28687798655710       4   0 1  0 2  0 0  0 1
   214  -.2080477113000538E-02   4   0 0  1 2  0 0  0 1
   215  -.6375183976666034E-03   4   0 0  0 3  0 0  0 1
   216  -.8559155172323062E-01   4   2 0  0 0  0 2  0 0
   217  -.7272658596941282       4   1 1  0 0  0 2  0 0
   218  -.7419247264322594       4   0 2  0 0  0 2  0 0
   219  -.5758348203709815E-03   4   1 0  1 0  0 2  0 0
   220  0.6456993127286336E-03   4   0 1  1 0  0 2  0 0
   221  -.1009480973453165E-01   4   0 0  2 0  0 2  0 0
   222  0.1036487560929484E-02   4   1 0  0 1  0 2  0 0
   223  0.2381226138884254E-02   4   0 1  0 1  0 2  0 0
   224  0.2805815822327200       4   0 0  1 1  0 2  0 0
   225  0.3656024266373039       4   0 0  0 2  0 2  0 0
   226  -.6486451873048948E-01   4   2 0  0 0  0 1  1 0
   227  -.6260244599097612       4   1 1  0 0  0 1  1 0
   228  -.8105274779364529       4   0 2  0 0  0 1  1 0
   229  -.6917916426757189E-03   4   1 0  1 0  0 1  1 0
   230  0.7353912510928446E-03   4   0 1  1 0  0 1  1 0
   231  -.3546277442756775E-02   4   0 0  2 0  0 1  1 0
   232  0.1150342208290673E-02   4   1 0  0 1  0 1  1 0
   233  0.3223390009492079E-02   4   0 1  0 1  0 1  1 0
   234  0.1703005679824989       4   0 0  1 1  0 1  1 0
   235  0.3546270333920860       4   0 0  0 2  0 1  1 0
   236  -.8543272084053945E-01   4   2 0  0 0  0 0  2 0
   237  -.7258659024676904       4   1 1  0 0  0 0  2 0
   238  -.7403808942606447       4   0 2  0 0  0 0  2 0
   239  -.5745943987130304E-03   4   1 0  1 0  0 0  2 0
   240  0.6443355335803526E-03   4   0 1  1 0  0 0  2 0
   241  -.1007883840881688E-01   4   0 0  2 0  0 0  2 0
   242  0.1034318666652868E-02   4   1 0  0 1  0 0  2 0
   243  0.2375852653789107E-02   4   0 1  0 1  0 0  2 0
   244  0.2800893975235008       4   0 0  1 1  0 0  2 0
   245  0.3648717959475075       4   0 0  0 2  0 0  2 0
   246  0.2384267853165531       4   2 0  0 0  0 1  0 1
   247   1.254859810327539       4   1 1  0 0  0 1  0 1
   248  0.9478404917647416       4   0 2  0 0  0 1  0 1
   249  0.9260519972440314E-03   4   1 0  1 0  0 1  0 1
   250  -.1057583751962515E-02   4   0 1  1 0  0 1  0 1
   251  0.2354020889053242E-01   4   0 0  2 0  0 1  0 1
   252  -.1487352059474096E-02   4   1 0  0 1  0 1  0 1
   253  -.2900481115280699E-02   4   0 1  0 1  0 1  0 1
   254  -.3394875367908772       4   0 0  1 1  0 1  0 1
   255  -.3322500701096425       4   0 0  0 2  0 1  0 1
   256  0.2381059217855458       4   2 0  0 0  0 0  1 1
   257   1.253171079134310       4   1 1  0 0  0 0  1 1
   258  0.9465649327011070       4   0 2  0 0  0 0  1 1
   259  0.9248057601094602E-03   4   1 0  1 0  0 0  1 1
   260  -.1056160505591318E-02   4   0 1  1 0  0 0  1 1
   261  0.2350852958681982E-01   4   0 0  2 0  0 0  1 1
   262  -.1485350451168929E-02   4   1 0  0 1  0 0  1 1
   263  -.2896577784490692E-02   4   0 1  0 1  0 0  1 1
   264  -.3390306704633564       4   0 0  1 1  0 0  1 1
   265  -.3318029436236919       4   0 0  0 2  0 0  1 1
   266  -.2406449767037910       4   2 0  0 0  0 0  0 2
   267  -.4273072932391189       4   1 1  0 0  0 0  0 2
   268  -.1896007985472459       4   0 2  0 0  0 0  0 2
   269  -.9753200473504533E-05   4   1 0  1 0  0 0  0 2
   270  -.4557821783799855E-04   4   0 1  1 0  0 0  0 2
   271  -.2332825882992939E-01   4   0 0  2 0  0 0  0 2
   272  -.8941365177051766E-05   4   1 0  0 1  0 0  0 2
   273  -.3741519028311907E-04   4   0 1  0 1  0 0  0 2
   274  -.5204353910180081E-01   4   0 0  1 1  0 0  0 2
   275  -.2730402905854702E-01   4   0 0  0 2  0 0  0 2
   276  -.9693888942484592E-01   4   1 0  0 0  0 3  0 0
   277  -.9389524431421273       4   0 1  0 0  0 3  0 0
   278  -.4112523553785511E-05   4   0 0  1 0  0 3  0 0
   279  -.3248907320984869E-04   4   0 0  0 1  0 3  0 0
   280  -.6275495054831902E-01   4   1 0  0 0  0 2  1 0
   281  -.6704062961819380       4   0 1  0 0  0 2  1 0
   282  -.2070385453418474E-05   4   0 0  1 0  0 2  1 0
   283  -.2246182794337391E-04   4   0 0  0 1  0 2  1 0
   284  -.6282369190729986E-01   4   1 0  0 0  0 1  2 0
   285  -.6709458405687461       4   0 1  0 0  0 1  2 0
   286  -.2074496601254184E-05   4   0 0  1 0  0 1  2 0
   287  -.2248198097549904E-04   4   0 0  0 1  0 1  2 0
   288  -.9670103635849972E-01   4   1 0  0 0  0 0  3 0
   289  -.9366065538371238       4   0 1  0 0  0 0  3 0
   290  -.4102830659425619E-05   4   0 0  1 0  0 0  3 0
   291  -.3240839615911439E-04   4   0 0  0 1  0 0  3 0
   292  0.2394976389695817       4   1 0  0 0  0 2  0 1
   293   1.340620019837167       4   0 1  0 0  0 2  0 1
   294  0.5395655491606519E-05   4   0 0  1 0  0 2  0 1
   295  0.4134625096966984E-04   4   0 0  0 1  0 2  0 1
   296  0.1712818643715351       4   1 0  0 0  0 1  1 1
   297   1.077099747478774       4   0 1  0 0  0 1  1 1
   298  0.3172237104429436E-05   4   0 0  1 0  0 1  1 1
   299  0.3185300317129085E-04   4   0 0  0 1  0 1  1 1
   300  0.2390600828037698       4   1 0  0 0  0 0  2 1
   301   1.338091121556599       4   0 1  0 0  0 0  2 1
   302  0.5386259749137919E-05   4   0 0  1 0  0 0  2 1
   303  0.4126917599845221E-04   4   0 0  0 1  0 0  2 1
   304  -.1711637827441091       4   1 0  0 0  0 1  0 2
   305  -.2743101460130872       4   0 1  0 0  0 1  0 2
   306  -.1189591629116114E-05   4   0 0  1 0  0 1  0 2
   307  -.3851275253604402E-05   4   0 0  0 1  0 1  0 2
   308  -.1709334385919594       4   1 0  0 0  0 0  1 2
   309  -.2739409923463692       4   0 1  0 0  0 0  1 2
   310  -.1187990732765084E-05   4   0 0  1 0  0 0  1 2
   311  -.3846092388872325E-05   4   0 0  0 1  0 0  1 2
   312  0.1147647852051588E-01   4   1 0  0 0  0 0  0 3
   313  0.9342095128924879E-02   4   0 1  0 0  0 0  0 3
   314  0.7334150537476047E-06   4   0 0  1 0  0 0  0 3
   315  0.6006908313152812E-06   4   0 0  0 1  0 0  0 3
   316  -.3374329708337602E-04   4   0 0  0 0  0 4  0 0
   317  -.2151907398622028E-04   4   0 0  0 0  0 3  1 0
   318  -.1990142317774345E-04   4   0 0  0 0  0 2  2 0
   319  -.2155401080339667E-04   4   0 0  0 0  0 1  3 0
   320  -.3363805622745227E-04   4   0 0  0 0  0 0  4 0
   321  0.4140637052965866E-04   4   0 0  0 0  0 3  0 1
   322  0.2905519826830716E-04   4   0 0  0 0  0 2  1 1
   323  0.2908001822305503E-04   4   0 0  0 0  0 1  2 1
   324  0.4130326221901771E-04   4   0 0  0 0  0 0  3 1
   325  -.3288431120346660E-05   4   0 0  0 0  0 2  0 2
   326  -.3980737511682792E-05   4   0 0  0 0  0 1  1 2
   327  -.3281327160254318E-05   4   0 0  0 0  0 0  2 2
   328  0.2998976755341053E-07   4   0 0  0 0  0 1  0 3
   329  0.2994940873760596E-07   4   0 0  0 0  0 0  1 3
   330  0.1169675368753049E-12   4   0 0  0 0  0 0  0 4
   ----------------------------------------------------
     I  COEFFICIENT            ORDER EXPONENTS
     1  0.1099951142389880E-04   0   0 0  0 0  0 0  0 0
     2  0.1662260754916010E-04   1   1 0  0 0  0 0  0 0
     3  0.1470447551941473E-04   1   0 1  0 0  0 0  0 0
     4  0.5153156005307689       1   0 0  1 0  0 0  0 0
     5  0.7113016537177104       1   0 0  0 1  0 0  0 0
     6  -.1931253575609145E-04   1   0 0  0 0  0 1  0 0
     7  -.1928654585563918E-04   1   0 0  0 0  0 0  1 0
     8  0.3859908161183587E-04   1   0 0  0 0  0 0  0 1
     9  0.4143078276391867E-03   2   2 0  0 0  0 0  0 0
    10  0.7987024043656439E-03   2   1 1  0 0  0 0  0 0
    11  0.4218177802681427E-03   2   0 2  0 0  0 0  0 0
    12  0.2074425308442225       2   1 0  1 0  0 0  0 0
    13  0.1847218750957040       2   0 1  1 0  0 0  0 0
    14  0.3149224034800353E-04   2   0 0  2 0  0 0  0 0
    15  0.1891203696697956       2   1 0  0 1  0 0  0 0
    16  0.1695089045771594       2   0 1  0 1  0 0  0 0
    17  0.8517226454542588E-04   2   0 0  1 1  0 0  0 0
    18  0.9448062069362322E-04   2   0 0  0 2  0 0  0 0
    19  -.8979090395072246E-05   2   1 0  0 0  0 1  0 0
    20  -.1535417312304031E-04   2   0 1  0 0  0 1  0 0
    21  0.2237718408328767       2   0 0  1 0  0 1  0 0
    22  -.1543593187844448       2   0 0  0 1  0 1  0 0
    23  -.8967006758388429E-05   2   1 0  0 0  0 0  1 0
    24  -.1533351020046843E-04   2   0 1  0 0  0 0  1 0
    25  0.2234706992354854       2   0 0  1 0  0 0  1 0
    26  -.1541515892879275       2   0 0  0 1  0 0  1 0
    27  0.1794607207856241E-04   2   1 0  0 0  0 0  0 1
    28  0.1598318311521592E-04   2   0 1  0 0  0 0  0 1
    29  -.4472425400876877       2   0 0  1 0  0 0  0 1
    30  -.4027907456649494       2   0 0  0 1  0 0  0 1
    31  0.1376538441243074E-04   2   0 0  0 0  0 2  0 0
    32  0.8233132237092161E-05   2   0 0  0 0  0 1  1 0
    33  0.1374131972607392E-04   2   0 0  0 0  0 0  2 0
    34  -.1645137499003516E-04   2   0 0  0 0  0 1  0 1
    35  -.1642923550490003E-04   2   0 0  0 0  0 0  1 1
    36  -.2859228905583773E-05   2   0 0  0 0  0 0  0 2
    37  -.3943283263150543E-02   3   3 0  0 0  0 0  0 0
    38  -.1065565010196816E-01   3   2 1  0 0  0 0  0 0
    39  -.9636715827036447E-02   3   1 2  0 0  0 0  0 0
    40  -.2909043860039232E-02   3   0 3  0 0  0 0  0 0
    41  -3.721681192845429       3   2 0  1 0  0 0  0 0
    42  -7.833283099783172       3   1 1  1 0  0 0  0 0
    43  -4.465513309032294       3   0 2  1 0  0 0  0 0
    44  0.8112467811564926E-02   3   1 0  2 0  0 0  0 0
    45  0.7175340197617112E-02   3   0 1  2 0  0 0  0 0
    46  -.6578899051698724       3   0 0  3 0  0 0  0 0
    47  -4.208194092507398       3   2 0  0 1  0 0  0 0
    48  -8.228090833636950       3   1 1  0 1  0 0  0 0
    49  -4.040712522941062       3   0 2  0 1  0 0  0 0
    50  0.1470370228146600E-01   3   1 0  1 1  0 0  0 0
    51  0.1309213079802421E-01   3   0 1  1 1  0 0  0 0
    52  -1.643119762645267       3   0 0  2 1  0 0  0 0
    53  0.6749021809211507E-02   3   1 0  0 2  0 0  0 0
    54  0.6057790591725409E-02   3   0 1  0 2  0 0  0 0
    55  -1.849201174045051       3   0 0  1 2  0 0  0 0
    56  -.4659903111547817       3   0 0  0 3  0 0  0 0
    57  -.3999387875763550E-03   3   2 0  0 0  0 1  0 0
    58  -.1194654675843814E-02   3   1 1  0 0  0 1  0 0
    59  -.8291525018142334E-03   3   0 2  0 0  0 1  0 0
    60  -.9452253072869282E-01   3   1 0  1 0  0 1  0 0
    61  -.1759269911908644       3   0 1  1 0  0 1  0 0
    62  -.1690570375742209E-03   3   0 0  2 0  0 1  0 0
    63  -.1824917909056319       3   1 0  0 1  0 1  0 0
    64  -.2477776535617300       3   0 1  0 1  0 1  0 0
    65  -.2661899040320740E-03   3   0 0  1 1  0 1  0 0
    66  -.1766291879264960E-03   3   0 0  0 2  0 1  0 0
    67  -.3994005688044982E-03   3   2 0  0 0  0 0  1 0
    68  -.1193046965883191E-02   3   1 1  0 0  0 0  1 0
    69  -.8280366674538971E-03   3   0 2  0 0  0 0  1 0
    70  -.9439532676153095E-01   3   1 0  1 0  0 0  1 0
    71  -.1756902369372719       3   0 1  1 0  0 0  1 0
    72  -.1688295285804364E-03   3   0 0  2 0  0 0  1 0
    73  -.1822462020539715       3   1 0  0 1  0 0  1 0
    74  -.2474442060729231       3   0 1  0 1  0 0  1 0
    75  -.2658316782043242E-03   3   0 0  1 1  0 0  1 0
    76  -.1763914886896300E-03   3   0 0  0 2  0 0  1 0
    77  0.7989043258154406E-03   3   2 0  0 0  0 0  0 1
    78  0.1588096702194457E-02   3   1 1  0 0  0 0  0 1
    79  0.8130832595181148E-03   3   0 2  0 0  0 0  0 1
    80  0.1889181689806299       3   1 0  1 0  0 0  0 1
    81  0.1668956030887094       3   0 1  1 0  0 0  0 1
    82  0.3381280524266258E-03   3   0 0  2 0  0 0  0 1
    83  0.1756178732826823       3   1 0  0 1  0 0  0 1
    84  0.1562042495970803       3   0 1  0 1  0 0  0 1
    85  0.4473489533352070E-03   3   0 0  1 1  0 0  0 1
    86  0.1643187879423750E-03   3   0 0  0 2  0 0  0 1
    87  0.7073027119968983E-05   3   1 0  0 0  0 2  0 0
    88  0.1581769707319279E-04   3   0 1  0 0  0 2  0 0
    89  -.1587002204006988       3   0 0  1 0  0 2  0 0
    90  0.2253442236286504E-01   3   0 0  0 1  0 2  0 0
    91  0.5208091347238956E-05   3   1 0  0 0  0 1  1 0
    92  0.1633011215265938E-04   3   0 1  0 0  0 1  1 0
    93  -.9380340954237715E-01   3   0 0  1 0  0 1  1 0
    94  -.1089360012345411       3   0 0  0 1  0 1  1 0
    95  0.7060004171468116E-05   3   1 0  0 0  0 0  2 0
    96  0.1578542221425791E-04   3   0 1  0 0  0 0  2 0
    97  -.1584235310194856       3   0 0  1 0  0 0  2 0
    98  0.2257739706750261E-01   3   0 0  0 1  0 0  2 0
    99  -.1045366462583349E-04   3   1 0  0 0  0 1  0 1
   100  -.1737285147815943E-04   3   0 1  0 0  0 1  0 1
   101  0.1874322203439984       3   0 0  1 0  0 1  0 1
   102  0.3725859308817761       3   0 0  0 1  0 1  0 1
   103  -.1043959657664416E-04   3   1 0  0 0  0 0  1 1
   104  -.1734947191339423E-04   3   0 1  0 0  0 0  1 1
   105  0.1871799828952341       3   0 0  1 0  0 0  1 1
   106  0.3720845222953622       3   0 0  0 1  0 0  1 1
   107  0.1527857619332985E-05   3   1 0  0 0  0 0  0 2
   108  0.1459102218246499E-05   3   0 1  0 0  0 0  0 2
   109  0.3631510787046055E-01   3   0 0  1 0  0 0  0 2
   110  0.3045544575093599E-01   3   0 0  0 1  0 0  0 2
   111  -.1100443857060192E-04   3   0 0  0 0  0 3  0 0
   112  -.5485553916353168E-05   3   0 0  0 0  0 2  1 0
   113  -.5496664604265105E-05   3   0 0  0 0  0 1  2 0
   114  -.1097853856914244E-04   3   0 0  0 0  0 0  3 0
   115  0.1096693491431259E-04   3   0 0  0 0  0 2  0 1
   116  0.5496962701818713E-05   3   0 0  0 0  0 1  1 1
   117  0.1094847735348804E-04   3   0 0  0 0  0 0  2 1
   118  0.2736417133376883E-05   3   0 0  0 0  0 1  0 2
   119  0.2732734592161654E-05   3   0 0  0 0  0 0  1 2
   120  0.8315519318231642E-07   3   0 0  0 0  0 0  0 3
   121  -.1484858801943165E-02   4   4 0  0 0  0 0  0 0
   122  -.4804973995218520E-02   4   3 1  0 0  0 0  0 0
   123  -.5608511736923187E-02   4   2 2  0 0  0 0  0 0
   124  -.2340492845569219E-02   4   1 3  0 0  0 0  0 0
   125  -.5234500103738185E-04   4   0 4  0 0  0 0  0 0
   126   45.96635554292763       4   3 0  1 0  0 0  0 0
   127   125.2175283485751       4   2 1  1 0  0 0  0 0
   128   114.3739889008707       4   1 2  1 0  0 0  0 0
   129   35.11158398803491       4   0 3  1 0  0 0  0 0
   130  0.1000271063602746E-01   4   2 0  2 0  0 0  0 0
   131  0.1895831425861788E-01   4   1 1  2 0  0 0  0 0
   132  0.9398309793671508E-02   4   0 2  2 0  0 0  0 0
   133  -31.89869001033473       4   1 0  3 0  0 0  0 0
   134  -28.03824812248935       4   0 1  3 0  0 0  0 0
   135  -.6328727097313618E-03   4   0 0  4 0  0 0  0 0
   136   42.58798310454793       4   3 0  0 1  0 0  0 0
   137   116.6736967587986       4   2 1  0 1  0 0  0 0
   138   107.2607362063630       4   1 2  0 1  0 0  0 0
   139   33.16166313362254       4   0 3  0 1  0 0  0 0
   140  0.1671407367786434E-01   4   2 0  1 1  0 0  0 0
   141  0.3155347568742881E-01   4   1 1  1 1  0 0  0 0
   142  0.1531146044333507E-01   4   0 2  1 1  0 0  0 0
   143  -86.84486336522707       4   1 0  2 1  0 0  0 0
   144  -76.84017238695985       4   0 1  2 1  0 0  0 0
   145  -.3049172368896863E-02   4   0 0  3 1  0 0  0 0
   146  0.7197527401246059E-02   4   2 0  0 2  0 0  0 0
   147  0.1401790062167937E-01   4   1 1  0 2  0 0  0 0
   148  0.6958590213219812E-02   4   0 2  0 2  0 0  0 0
   149  -79.21640206840857       4   1 0  1 2  0 0  0 0
   150  -70.46311988556917       4   0 1  1 2  0 0  0 0
   151  -.4780083122380713E-02   4   0 0  2 2  0 0  0 0
   152  -24.11362620351081       4   1 0  0 3  0 0  0 0
   153  -21.53449731218468       4   0 1  0 3  0 0  0 0
   154  -.3197491096088251E-02   4   0 0  1 3  0 0  0 0
   155  -.7518454924515240E-03   4   0 0  0 4  0 0  0 0
   156  0.4569690490851617E-03   4   3 0  0 0  0 1  0 0
   157  0.5830212412009352E-02   4   2 1  0 0  0 1  0 0
   158  0.9354570719186543E-02   4   1 2  0 0  0 1  0 0
   159  0.4027153021977411E-02   4   0 3  0 0  0 1  0 0
   160   4.268888730650434       4   2 0  1 0  0 1  0 0
   161   12.65748247739455       4   1 1  1 0  0 1  0 0
   162   9.044116836833471       4   0 2  1 0  0 1  0 0
   163  -.7405058279017181E-03   4   1 0  2 0  0 1  0 0
   164  -.3891163991535745E-02   4   0 1  2 0  0 1  0 0
   165  0.9113280045007560       4   0 0  3 0  0 1  0 0
   166   6.256967883205761       4   2 0  0 1  0 1  0 0
   167   16.52597501263152       4   1 1  0 1  0 1  0 0
   168   10.42600331058684       4   0 2  0 1  0 1  0 0
   169  -.7755998907489840E-02   4   1 0  1 1  0 1  0 0
   170  -.1273019728250142E-01   4   0 1  1 1  0 1  0 0
   171   2.704295863855761       4   0 0  2 1  0 1  0 0
   172  -.6499913025736536E-02   4   1 0  0 2  0 1  0 0
   173  -.8501939017460271E-02   4   0 1  0 2  0 1  0 0
   174   3.219212416243491       4   0 0  1 2  0 1  0 0
   175   1.177915283562952       4   0 0  0 3  0 1  0 0
   176  0.4563540816751073E-03   4   3 0  0 0  0 0  1 0
   177  0.5822366386913659E-02   4   2 1  0 0  0 0  1 0
   178  0.9341981778778305E-02   4   1 2  0 0  0 0  1 0
   179  0.4021733469233582E-02   4   0 3  0 0  0 0  1 0
   180   4.263143861382499       4   2 0  1 0  0 0  1 0
   181   12.64044863400299       4   1 1  1 0  0 0  1 0
   182   9.031945690628945       4   0 2  1 0  0 0  1 0
   183  -.7395092900573581E-03   4   1 0  2 0  0 0  1 0
   184  -.3885927446420140E-02   4   0 1  2 0  0 0  1 0
   185  0.9101015822217029       4   0 0  3 0  0 0  1 0
   186   6.248547550709237       4   2 0  0 1  0 0  1 0
   187   16.50373513430178       4   1 1  0 1  0 0  1 0
   188   10.41197248669198       4   0 2  0 1  0 0  1 0
   189  -.7745561249687703E-02   4   1 0  1 1  0 0  1 0
   190  -.1271306558295203E-01   4   0 1  1 1  0 0  1 0
   191   2.700656549931240       4   0 0  2 1  0 0  1 0
   192  -.6491165749116786E-02   4   1 0  0 2  0 0  1 0
   193  -.8490497508613075E-02   4   0 1  0 2  0 0  1 0
   194   3.214880151889941       4   0 0  1 2  0 0  1 0
   195   1.176330100687559       4   0 0  0 3  0 0  1 0
   196  0.2820072299232601E-03   4   3 0  0 0  0 0  0 1
   197  0.9671060266621557E-03   4   2 1  0 0  0 0  0 1
   198  0.1076859681302100E-02   4   1 2  0 0  0 0  0 1
   199  0.4004101707019415E-03   4   0 3  0 0  0 0  0 1
   200  -8.527947379952812       4   2 0  1 0  0 0  0 1
   201  -17.45625586294453       4   1 1  1 0  0 0  0 1
   202  -9.140699999906598       4   0 2  1 0  0 0  0 1
   203  -.6721785046698299E-03   4   1 0  2 0  0 0  0 1
   204  -.6299852627239815E-03   4   0 1  2 0  0 0  0 1
   205  -1.822221545489116       4   0 0  3 0  0 0  0 1
   206  -8.292967325917296       4   2 0  0 1  0 0  0 1
   207  -16.56451176992577       4   1 1  0 1  0 0  0 1
   208  -8.711146618162777       4   0 2  0 1  0 0  0 1
   209  -.1386804144199791E-02   4   1 0  1 1  0 0  0 1
   210  -.1303417862528594E-02   4   0 1  1 1  0 0  0 1
   211  -3.764270584256668       4   0 0  2 1  0 0  0 1
   212  -.6571377144093647E-03   4   1 0  0 2  0 0  0 1
   213  -.6114265202438314E-03   4   0 1  0 2  0 0  0 1
   214  -2.738208330434560       4   0 0  1 2  0 0  0 1
   215  -.9571450048126954       4   0 0  0 3  0 0  0 1
   216  0.6833975377477843E-04   4   2 0  0 0  0 2  0 0
   217  0.7878573958547421E-03   4   1 1  0 0  0 2  0 0
   218  0.8360165897652376E-03   4   0 2  0 0  0 2  0 0
   219  0.6638629254316886E-01   4   1 0  1 0  0 2  0 0
   220  0.1697926508897142       4   0 1  1 0  0 2  0 0
   221  0.1764581830022544E-03   4   0 0  2 0  0 2  0 0
   222  0.1776304354187636       4   1 0  0 1  0 2  0 0
   223  0.3035829495935708       4   0 1  0 1  0 2  0 0
   224  0.2584888256678755E-03   4   0 0  1 1  0 2  0 0
   225  0.1567121902311290E-03   4   0 0  0 2  0 2  0 0
   226  0.9258389610817034E-04   4   2 0  0 0  0 1  1 0
   227  0.1101078134059098E-02   4   1 1  0 0  0 1  1 0
   228  0.1225399668949704E-02   4   0 2  0 0  0 1  1 0
   229  0.3793695004206923E-01   4   1 0  1 0  0 1  1 0
   230  0.1630000547391437       4   0 1  1 0  0 1  1 0
   231  0.2405016655180940E-03   4   0 0  2 0  0 1  1 0
   232  0.1724116473994267       4   1 0  0 1  0 1  1 0
   233  0.3586960753571515       4   0 1  0 1  0 1  1 0
   234  0.4754344156797093E-03   4   0 0  1 1  0 1  1 0
   235  0.2803702494284125E-03   4   0 0  0 2  0 1  1 0
   236  0.6818548783286365E-04   4   2 0  0 0  0 0  2 0
   237  0.7860562449714719E-03   4   1 1  0 0  0 0  2 0
   238  0.8340669754771397E-03   4   0 2  0 0  0 0  2 0
   239  0.6627142611961218E-01   4   1 0  1 0  0 0  2 0
   240  0.1694544730463270       4   0 1  1 0  0 0  2 0
   241  0.1760588859922570E-03   4   0 0  2 0  0 0  2 0
   242  0.1772753770154144       4   1 0  0 1  0 0  2 0
   243  0.3029330438306493       4   0 1  0 1  0 0  2 0
   244  0.2578210549733506E-03   4   0 0  1 1  0 0  2 0
   245  0.1563126398170406E-03   4   0 0  0 2  0 0  2 0
   246  -.2706057866575464E-03   4   2 0  0 0  0 1  0 1
   247  -.1272408304110523E-02   4   1 1  0 0  0 1  0 1
   248  -.9973456704297113E-03   4   0 2  0 0  0 1  0 1
   249  -.7545942287555182E-01   4   1 0  1 0  0 1  0 1
   250  -.1490923172678600       4   0 1  1 0  0 1  0 1
   251  -.4685758171822789E-03   4   0 0  2 0  0 1  0 1
   252  -.1619046350901499       4   1 0  0 1  0 1  0 1
   253  -.2212641922026892       4   0 1  0 1  0 1  0 1
   254  -.8937949700313899E-03   4   0 0  1 1  0 1  0 1
   255  -.3503604283245385E-03   4   0 0  0 2  0 1  0 1
   256  -.2702416181430718E-03   4   2 0  0 0  0 0  1 1
   257  -.1270695956981376E-02   4   1 1  0 0  0 0  1 1
   258  -.9960034896297194E-03   4   0 2  0 0  0 0  1 1
   259  -.7535787314052561E-01   4   1 0  1 0  0 0  1 1
   260  -.1488916758537585       4   0 1  1 0  0 0  1 1
   261  -.4679452299307285E-03   4   0 0  2 0  0 0  1 1
   262  -.1616867514625470       4   1 0  0 1  0 0  1 1
   263  -.2209664252806431       4   0 1  0 1  0 0  1 1
   264  -.8925921428838196E-03   4   0 0  1 1  0 0  1 1
   265  -.3498889297720142E-03   4   0 0  0 2  0 0  1 1
   266  0.1544897453490530E-03   4   2 0  0 0  0 0  0 2
   267  0.3266153946036777E-03   4   1 1  0 0  0 0  0 2
   268  0.1682542360777405E-03   4   0 2  0 0  0 0  0 2
   269  -.1958638254650786E-01   4   1 0  1 0  0 0  0 2
   270  -.1867999361795510E-01   4   0 1  1 0  0 0  0 2
   271  0.3084621401161291E-03   4   0 0  2 0  0 0  0 2
   272  -.1437033372685905E-01   4   1 0  0 1  0 0  0 2
   273  -.1400576026415098E-01   4   0 1  0 1  0 0  0 2
   274  0.5105653893189187E-03   4   0 0  1 1  0 0  0 2
   275  0.2032066818086541E-03   4   0 0  0 2  0 0  0 2
   276  -.1027727772911596E-04   4   1 0  0 0  0 3  0 0
   277  -.2081477001042665E-04   4   0 1  0 0  0 3  0 0
   278  0.1263278854160269       4   0 0  1 0  0 3  0 0
   279  0.3963483211745006E-01   4   0 0  0 1  0 3  0 0
   280  -.7245815670466485E-05   4   1 0  0 0  0 2  1 0
   281  -.2067891328274318E-04   4   0 1  0 0  0 2  1 0
   282  0.6162079104268001E-01   4   0 0  1 0  0 2  1 0
   283  0.1638924899174012       4   0 0  0 1  0 2  1 0
   284  -.7251907149614605E-05   4   1 0  0 0  0 1  2 0
   285  -.2067913098211659E-04   4   0 1  0 0  0 1  2 0
   286  0.6175106750045663E-01   4   0 0  1 0  0 1  2 0
   287  0.1636415520966503       4   0 0  0 1  0 1  2 0
   288  -.1025166275026250E-04   4   1 0  0 0  0 0  3 0
   289  -.2075885710274585E-04   4   0 1  0 0  0 0  3 0
   290  0.1260314690190652       4   0 0  1 0  0 0  3 0
   291  0.3944469314638059E-01   4   0 0  0 1  0 0  3 0
   292  0.1276416088653942E-04   4   1 0  0 0  0 2  0 1
   293  0.2278671489831106E-04   4   0 1  0 0  0 2  0 1
   294  -.1231952106556580       4   0 0  1 0  0 2  0 1
   295  -.3503890628357699       4   0 0  0 1  0 2  0 1
   296  0.9924920935562217E-05   4   1 0  0 0  0 1  1 1
   297  0.2296956227329441E-04   4   0 1  0 0  0 1  1 1
   298  -.5912852583600881E-01   4   0 0  1 0  0 1  1 1
   299  -.3282486714834517       4   0 0  0 1  0 1  1 1
   300  0.1274030523501218E-04   4   1 0  0 0  0 0  2 1
   301  0.2274059393415070E-04   4   0 1  0 0  0 0  2 1
   302  -.1229896341554274       4   0 0  1 0  0 0  2 1
   303  -.3496966549521409       4   0 0  0 1  0 0  2 1
   304  -.8823611780032370E-06   4   1 0  0 0  0 1  0 2
   305  -.1400075000871601E-05   4   0 1  0 0  0 1  0 2
   306  -.3467617025670418E-01   4   0 0  1 0  0 1  0 2
   307  -.4436988502158280E-01   4   0 0  0 1  0 1  0 2
   308  -.8811737379140895E-06   4   1 0  0 0  0 0  1 2
   309  -.1398190845918641E-05   4   0 1  0 0  0 0  1 2
   310  -.3462950470100402E-01   4   0 0  1 0  0 0  1 2
   311  -.4431017412140097E-01   4   0 0  0 1  0 0  1 2
   312  0.8105831523421037E-07   4   1 0  0 0  0 0  0 3
   313  0.6545174732654956E-07   4   0 1  0 0  0 0  0 3
   314  -.1108786795390857E-02   4   0 0  1 0  0 0  0 3
   315  -.8959789566520218E-03   4   0 0  0 1  0 0  0 3
   316  0.9929796785430269E-05   4   0 0  0 0  0 4  0 0
   317  0.3950588829794560E-05   4   0 0  0 0  0 3  1 0
   318  0.3166941366121026E-05   4   0 0  0 0  0 2  2 0
   319  0.3967696954080715E-05   4   0 0  0 0  0 1  3 0
   320  0.9900426438440607E-05   4   0 0  0 0  0 0  4 0
   321  -.1233748297752845E-05   4   0 0  0 0  0 3  0 1
   322  0.1488988391513868E-05   4   0 0  0 0  0 2  1 1
   323  0.1483495547007699E-05   4   0 0  0 0  0 1  2 1
   324  -.1232258375669494E-05   4   0 0  0 0  0 0  3 1
   325  -.1008436439254341E-05   4   0 0  0 0  0 2  0 2
   326  -.1163581934924486E-05   4   0 0  0 0  0 1  1 2
   327  -.1006296386155204E-05   4   0 0  0 0  0 0  2 2
   328  -.3515702786470241E-07   4   0 0  0 0  0 1  0 3
   329  -.3510971519349541E-07   4   0 0  0 0  0 0  1 3
   330  -.6794900313982926E-13   4   0 0  0 0  0 0  0 4
   ----------------------------------------------------
     I  COEFFICIENT            ORDER EXPONENTS
     1  0.1906305765616204E-03   0   0 0  0 0  0 0  0 0
     2  0.7556455066920947E-04   1   1 0  0 0  0 0  0 0
     3  0.6994627383396083E-04   1   0 1  0 0  0 0  0 0
     4  -2.108439969014303       1   0 0  1 0  0 0  0 0
     5  -.9697684996874771       1   0 0  0 1  0 0  0 0
     6  0.1020624833057667E-04   1   0 0  0 0  0 1  0 0
     7  0.1019251324257717E-04   1   0 0  0 0  0 0  1 0
     8  0.1702318149870817E-03   1   0 0  0 0  0 0  0 1
     9  0.1302005315033921E-02   2   2 0  0 0  0 0  0 0
    10  0.2332252158270654E-02   2   1 1  0 0  0 0  0 0
    11  0.1112246413199135E-02   2   0 2  0 0  0 0  0 0
    12  0.8917540504751970       2   1 0  1 0  0 0  0 0
    13  0.8168132737238293       2   0 1  1 0  0 0  0 0
    14  0.7691406840354860E-03   2   0 0  2 0  0 0  0 0
    15  0.8474969859315936       2   1 0  0 1  0 0  0 0
    16  0.7815380387057345       2   0 1  0 1  0 0  0 0
    17  0.1891395653640984E-02   2   0 0  1 1  0 0  0 0
    18  0.9980177429968424E-03   2   0 0  0 2  0 0  0 0
    19  -.5145678837766716E-05   2   1 0  0 0  0 1  0 0
    20  -.3997595839975081E-04   2   0 1  0 0  0 1  0 0
    21  -.1270317907508120       2   0 0  1 0  0 1  0 0
    22  0.8773386958177085       2   0 0  0 1  0 1  0 0
    23  -.5138754025694280E-05   2   1 0  0 0  0 0  1 0
    24  -.3992216063893803E-04   2   0 1  0 0  0 0  1 0
    25  -.1268608373536203       2   0 0  1 0  0 0  1 0
    26  0.8761580147484173       2   0 0  0 1  0 0  1 0
    27  0.8584878789298255E-04   2   1 0  0 0  0 0  0 1
    28  0.7989792701085024E-04   2   0 1  0 0  0 0  0 1
    29  -1.854547341003727       2   0 0  1 0  0 0  0 1
    30  -1.753496710668202       2   0 0  0 1  0 0  0 1
    31  -.7462362594927378E-05   2   0 0  0 0  0 2  0 0
    32  -.4725825983230136E-05   2   0 0  0 0  0 1  1 0
    33  -.7449140202088128E-05   2   0 0  0 0  0 0  2 0
    34  0.1965050369625944E-04   2   0 0  0 0  0 1  0 1
    35  0.1962405897448108E-04   2   0 0  0 0  0 0  1 1
    36  -.1963726367064093E-04   2   0 0  0 0  0 0  0 2
    37  -.1948981431234304E-01   3   3 0  0 0  0 0  0 0
    38  -.5472443494239387E-01   3   2 1  0 0  0 0  0 0
    39  -.5143314877397228E-01   3   1 2  0 0  0 0  0 0
    40  -.1614154646928654E-01   3   0 3  0 0  0 0  0 0
    41  -20.92641627271955       3   2 0  1 0  0 0  0 0
    42  -40.40170930973587       3   1 1  1 0  0 0  0 0
    43  -20.21949876673442       3   0 2  1 0  0 0  0 0
    44  0.3386977308277363E-01   3   1 0  2 0  0 0  0 0
    45  0.3072466079703006E-01   3   0 1  2 0  0 0  0 0
    46  -3.133507073520637       3   0 0  3 0  0 0  0 0
    47  -18.68485392764658       3   2 0  0 1  0 0  0 0
    48  -36.86842824072721       3   1 1  0 1  0 0  0 0
    49  -19.79172849456319       3   0 2  0 1  0 0  0 0
    50  0.6375702078776305E-01   3   1 0  1 1  0 0  0 0
    51  0.5816733574817397E-01   3   0 1  1 1  0 0  0 0
    52  -9.976227149222177       3   0 0  2 1  0 0  0 0
    53  0.3032085183694969E-01   3   1 0  0 2  0 0  0 0
    54  0.2785820985168984E-01   3   0 1  0 2  0 0  0 0
    55  -9.305108953107032       3   0 0  1 2  0 0  0 0
    56  -3.537408488823359       3   0 0  0 3  0 0  0 0
    57  -.7763793052292215E-03   3   2 0  0 0  0 1  0 0
    58  -.2665448694042860E-02   3   1 1  0 0  0 1  0 0
    59  -.1818105215455693E-02   3   0 2  0 0  0 1  0 0
    60  0.6615161881590696E-01   3   1 0  1 0  0 1  0 0
    61  -.3446917229159839       3   0 1  1 0  0 1  0 0
    62  -.7215623900651963E-04   3   0 0  2 0  0 1  0 0
    63  -.3748319416812059       3   1 0  0 1  0 1  0 0
    64  -.7333949663567478       3   0 1  0 1  0 1  0 0
    65  -.1154463334786620E-02   3   0 0  1 1  0 1  0 0
    66  -.1135485140066524E-02   3   0 0  0 2  0 1  0 0
    67  -.7753344905497349E-03   3   2 0  0 0  0 0  1 0
    68  -.2661861658808662E-02   3   1 1  0 0  0 0  1 0
    69  -.1815658495141065E-02   3   0 2  0 0  0 0  1 0
    70  0.6606259508492177E-01   3   1 0  1 0  0 0  1 0
    71  -.3442278530400423       3   0 1  1 0  0 0  1 0
    72  -.7205913454067147E-04   3   0 0  2 0  0 0  1 0
    73  -.3743275105193095       3   1 0  0 1  0 0  1 0
    74  -.7324079979747330       3   0 1  0 1  0 0  1 0
    75  -.1152909712438638E-02   3   0 0  1 1  0 0  1 0
    76  -.1133957057678583E-02   3   0 0  0 2  0 0  1 0
    77  0.2851605939217349E-02   3   2 0  0 0  0 0  0 1
    78  0.5322762179361701E-02   3   1 1  0 0  0 0  0 1
    79  0.2519063959851252E-02   3   0 2  0 0  0 0  0 1
    80  0.7595431224068262       3   1 0  1 0  0 0  0 1
    81  0.6889223893127460       3   0 1  1 0  0 0  0 1
    82  0.9145304260185912E-03   3   0 0  2 0  0 0  0 1
    83  0.7491623269836497       3   1 0  0 1  0 0  0 1
    84  0.6842673876248870       3   0 1  0 1  0 0  0 1
    85  0.2309941143143884E-02   3   0 0  1 1  0 0  0 1
    86  0.1272843665664790E-02   3   0 0  0 2  0 0  0 1
    87  0.3972664604652443E-05   3   1 0  0 0  0 2  0 0
    88  0.3244410160305029E-04   3   0 1  0 0  0 2  0 0
    89  0.9274698881937650E-01   3   0 0  1 0  0 2  0 0
    90  -.6057626886149993       3   0 0  0 1  0 2  0 0
    91  0.3020332217740742E-05   3   1 0  0 0  0 1  1 0
    92  0.2521206048747054E-04   3   0 1  0 0  0 1  1 0
    93  0.5855407952334953E-01   3   0 0  1 0  0 1  1 0
    94  -.3349162325911210       3   0 0  0 1  0 1  1 0
    95  0.3965286069476732E-05   3   1 0  0 0  0 0  2 0
    96  0.3238347525878034E-04   3   0 1  0 0  0 0  2 0
    97  0.9258277463250582E-01   3   0 0  1 0  0 0  2 0
    98  -.6047221244963842       3   0 0  0 1  0 0  2 0
    99  -.1133309290008209E-04   3   1 0  0 0  0 1  0 1
   100  -.5069912113177036E-04   3   0 1  0 0  0 1  0 1
   101  -.2440477442427996       3   0 0  1 0  0 1  0 1
   102  0.6691033738633878       3   0 0  0 1  0 1  0 1
   103  -.1131784135776721E-04   3   1 0  0 0  0 0  1 1
   104  -.5063089264391796E-04   3   0 1  0 0  0 0  1 1
   105  -.2437193162901690       3   0 0  1 0  0 0  1 1
   106  0.6682029260765926       3   0 0  0 1  0 0  1 1
   107  0.1162734236096119E-04   3   1 0  0 0  0 0  0 2
   108  0.1106944278349758E-04   3   0 1  0 0  0 0  0 2
   109  0.2438833848905026       3   0 0  1 0  0 0  0 2
   110  0.2080950131708234       3   0 0  0 1  0 0  0 2
   111  0.6091815217143036E-05   3   0 0  0 0  0 3  0 0
   112  0.3355642346705697E-05   3   0 0  0 0  0 2  1 0
   113  0.3361149116571777E-05   3   0 0  0 0  0 1  2 0
   114  0.6077263213790159E-05   3   0 0  0 0  0 0  3 0
   115  -.1417265469608306E-04   3   0 0  0 0  0 2  0 1
   116  -.8710925470171938E-05   3   0 0  0 0  0 1  1 1
   117  -.1414772042884414E-04   3   0 0  0 0  0 0  2 1
   118  0.8704596771697673E-05   3   0 0  0 0  0 1  0 2
   119  0.8692882535595733E-05   3   0 0  0 0  0 0  1 2
   120  0.7469559477025181E-06   3   0 0  0 0  0 0  0 3
   121  -.6853368647732098E-02   4   4 0  0 0  0 0  0 0
   122  -.2513331510640990E-01   4   3 1  0 0  0 0  0 0
   123  -.3498075082497831E-01   4   2 2  0 0  0 0  0 0
   124  -.2097191760306763E-01   4   1 3  0 0  0 0  0 0
   125  -.4410090094040106E-02   4   0 4  0 0  0 0  0 0
   126   213.5124548267912       4   3 0  1 0  0 0  0 0
   127   594.9348584808431       4   2 1  1 0  0 0  0 0
   128   555.0556412088755       4   1 2  1 0  0 0  0 0
   129   173.7576988916512       4   0 3  1 0  0 0  0 0
   130  0.4262126045091900E-01   4   2 0  2 0  0 0  0 0
   131  0.8342492152840253E-01   4   1 1  2 0  0 0  0 0
   132  0.4042463245245773E-01   4   0 2  2 0  0 0  0 0
   133  -130.6749044259782       4   1 0  3 0  0 0  0 0
   134  -117.8409445357377       4   0 1  3 0  0 0  0 0
   135  -.6628672430021412E-02   4   0 0  4 0  0 0  0 0
   136   205.6488428315114       4   3 0  0 1  0 0  0 0
   137   576.9207875212969       4   2 1  0 1  0 0  0 0
   138   542.2019872834722       4   1 2  0 1  0 0  0 0
   139   171.0507613924906       4   0 3  0 1  0 0  0 0
   140  0.8758704256199908E-01   4   2 0  1 1  0 0  0 0
   141  0.1723234860132975       4   1 1  1 1  0 0  0 0
   142  0.8521857188481530E-01   4   0 2  1 1  0 0  0 0
   143  -365.4196896687369       4   1 0  2 1  0 0  0 0
   144  -332.2553562822748       4   0 1  2 1  0 0  0 0
   145  -.2266111434367601E-01   4   0 0  3 1  0 0  0 0
   146  0.4359190492523066E-01   4   2 0  0 2  0 0  0 0
   147  0.8691504416349918E-01   4   1 1  0 2  0 0  0 0
   148  0.4411979350005771E-01   4   0 2  0 2  0 0  0 0
   149  -344.1245315781541       4   1 0  1 2  0 0  0 0
   150  -315.0528057391219       4   0 1  1 2  0 0  0 0
   151  -.2905156991562669E-01   4   0 0  2 2  0 0  0 0
   152  -108.7146125895528       4   1 0  0 3  0 0  0 0
   153  -100.0768929020216       4   0 1  0 3  0 0  0 0
   154  -.1592168513698342E-01   4   0 0  1 3  0 0  0 0
   155  -.2768817125761464E-02   4   0 0  0 4  0 0  0 0
   156  -.2408076435912981E-02   4   3 0  0 0  0 1  0 0
   157  0.1631855110142998E-01   4   2 1  0 0  0 1  0 0
   158  0.3682825915115358E-01   4   1 2  0 0  0 1  0 0
   159  0.1822132577129726E-01   4   0 3  0 0  0 1  0 0
   160   11.52428814232146       4   2 0  1 0  0 1  0 0
   161   41.82638869630994       4   1 1  1 0  0 1  0 0
   162   30.16819152640111       4   0 2  1 0  0 1  0 0
   163  0.4056449943426243E-02   4   1 0  2 0  0 1  0 0
   164  -.9615378350952332E-02   4   0 1  2 0  0 1  0 0
   165  0.4071202399182481       4   0 0  3 0  0 1  0 0
   166   20.11446021223165       4   2 0  0 1  0 1  0 0
   167   57.46100688879955       4   1 1  0 1  0 1  0 0
   168   39.28079528473478       4   0 2  0 1  0 1  0 0
   169  -.1878257631557391E-01   4   1 0  1 1  0 1  0 0
   170  -.4183019830551496E-01   4   0 1  1 1  0 1  0 0
   171   6.685948102816825       4   0 0  2 1  0 1  0 0
   172  -.2124824171077180E-01   4   1 0  0 2  0 1  0 0
   173  -.3114483034399159E-01   4   0 1  0 2  0 1  0 0
   174   11.43907505527342       4   0 0  1 2  0 1  0 0
   175   6.097158230686452       4   0 0  0 3  0 1  0 0
   176  -.2404835760134243E-02   4   3 0  0 0  0 0  1 0
   177  0.1629659036442432E-01   4   2 1  0 0  0 0  1 0
   178  0.3677869741564367E-01   4   1 2  0 0  0 0  1 0
   179  0.1819680436981560E-01   4   0 3  0 0  0 0  1 0
   180   11.50877929846044       4   2 0  1 0  0 0  1 0
   181   41.77010071361180       4   1 1  1 0  0 0  1 0
   182   30.12759259602251       4   0 2  1 0  0 0  1 0
   183  0.4050990964266241E-02   4   1 0  2 0  0 0  1 0
   184  -.9602438427924709E-02   4   0 1  2 0  0 0  1 0
   185  0.4065723566862788       4   0 0  3 0  0 0  1 0
   186   20.08739111963970       4   2 0  0 1  0 0  1 0
   187   57.38367857377210       4   1 1  0 1  0 0  1 0
   188   39.22793304168033       4   0 2  0 1  0 0  1 0
   189  -.1875729960956057E-01   4   1 0  1 1  0 0  1 0
   190  -.4177390519602429E-01   4   0 1  1 1  0 0  1 0
   191   6.676950468957881       4   0 0  2 1  0 0  1 0
   192  -.2121964682847236E-01   4   1 0  0 2  0 0  1 0
   193  -.3110291709911966E-01   4   0 1  0 2  0 0  1 0
   194   11.42368088716897       4   0 0  1 2  0 0  1 0
   195   6.088952962488711       4   0 0  0 3  0 0  1 0
   196  0.1122154188598457E-02   4   3 0  0 0  0 0  0 1
   197  0.3173667341801777E-02   4   2 1  0 0  0 0  0 1
   198  0.3015913021218701E-02   4   1 2  0 0  0 0  0 1
   199  0.1006556782037467E-02   4   0 3  0 0  0 0  0 1
   200  -43.94154368247872       4   2 0  1 0  0 0  0 1
   201  -83.55807974405724       4   1 1  1 0  0 0  0 1
   202  -40.05563785509960       4   0 2  1 0  0 0  0 1
   203  -.3245380572508118E-02   4   1 0  2 0  0 0  0 1
   204  -.3006909734566534E-02   4   0 1  2 0  0 0  0 1
   205  -3.950859876747502       4   0 0  3 0  0 0  0 1
   206  -40.18107007241966       4   2 0  0 1  0 0  0 1
   207  -77.93157061059365       4   1 1  0 1  0 0  0 1
   208  -38.90118132734101       4   0 2  0 1  0 0  0 1
   209  -.6334560945885392E-02   4   1 0  1 1  0 0  0 1
   210  -.6038017999983789E-02   4   0 1  1 1  0 0  0 1
   211  -13.37464407065219       4   0 0  2 1  0 0  0 1
   212  -.3081702931531503E-02   4   1 0  0 2  0 0  0 1
   213  -.2966836251076292E-02   4   0 1  0 2  0 0  0 1
   214  -13.57043823375199       4   0 0  1 2  0 0  0 1
   215  -5.115994261250661       4   0 0  0 3  0 0  0 1
   216  -.4089851396176289E-03   4   2 0  0 0  0 2  0 0
   217  0.3244303072958313E-03   4   1 1  0 0  0 2  0 0
   218  0.8450986996167457E-03   4   0 2  0 0  0 2  0 0
   219  -.4993361007122391E-01   4   1 0  1 0  0 2  0 0
   220  0.2270679016822227       4   0 1  1 0  0 2  0 0
   221  -.2212592047792149E-03   4   0 0  2 0  0 2  0 0
   222  0.2568871188006047       4   1 0  0 1  0 2  0 0
   223  0.6984433818283153       4   0 1  0 1  0 2  0 0
   224  0.3352365325201690E-03   4   0 0  1 1  0 2  0 0
   225  0.8976363639224552E-03   4   0 0  0 2  0 2  0 0
   226  -.4349687925781647E-03   4   2 0  0 0  0 1  1 0
   227  0.6023169396747467E-03   4   1 1  0 0  0 1  1 0
   228  0.1396349178541232E-02   4   0 2  0 0  0 1  1 0
   229  -.3556446689900850E-01   4   1 0  1 0  0 1  1 0
   230  0.1075318627198298       4   0 1  1 0  0 1  1 0
   231  -.1858542904049178E-03   4   0 0  2 0  0 1  1 0
   232  0.1371280331592609       4   1 0  0 1  0 1  1 0
   233  0.6608633034896531       4   0 1  0 1  0 1  1 0
   234  0.2228102451306919E-03   4   0 0  1 1  0 1  1 0
   235  0.1002669551173343E-02   4   0 0  0 2  0 1  1 0
   236  -.4081420664406917E-03   4   2 0  0 0  0 0  2 0
   237  0.3235884194025401E-03   4   1 1  0 0  0 0  2 0
   238  0.8430218351565104E-03   4   0 2  0 0  0 0  2 0
   239  -.4984248128035058E-01   4   1 0  1 0  0 0  2 0
   240  0.2266899687449555       4   0 1  1 0  0 0  2 0
   241  -.2208363875965002E-03   4   0 0  2 0  0 0  2 0
   242  0.2564491420005904       4   1 0  0 1  0 0  2 0
   243  0.6970587702973337       4   0 1  0 1  0 0  2 0
   244  0.3346354632302474E-03   4   0 0  1 1  0 0  2 0
   245  0.8957536944941304E-03   4   0 0  0 2  0 0  2 0
   246  0.9445096968704765E-03   4   2 0  0 0  0 1  0 1
   247  -.1173317445805947E-03   4   1 1  0 0  0 1  0 1
   248  -.8967556078105024E-03   4   0 2  0 0  0 1  0 1
   249  0.1378881126000659       4   1 0  1 0  0 1  0 1
   250  -.2132537931229410       4   0 1  1 0  0 1  0 1
   251  0.3907735312085693E-03   4   0 0  2 0  0 1  0 1
   252  -.2725876155897959       4   1 0  0 1  0 1  0 1
   253  -.5855344724724351       4   0 1  0 1  0 1  0 1
   254  -.1916129661177094E-03   4   0 0  1 1  0 1  0 1
   255  -.7354836325094519E-03   4   0 0  0 2  0 1  0 1
   256  0.9432386202336267E-03   4   2 0  0 0  0 0  1 1
   257  -.1171738450483888E-03   4   1 1  0 0  0 0  1 1
   258  -.8955487963761373E-03   4   0 2  0 0  0 0  1 1
   259  0.1377025492765692       4   1 0  1 0  0 0  1 1
   260  -.2129668062184599       4   0 1  1 0  0 0  1 1
   261  0.3902476466067868E-03   4   0 0  2 0  0 0  1 1
   262  -.2722207800233458       4   1 0  0 1  0 0  1 1
   263  -.5847464877746656       4   0 1  0 1  0 0  1 1
   264  -.1913551024183153E-03   4   0 0  1 1  0 0  1 1
   265  -.7344938532989623E-03   4   0 0  0 2  0 0  1 1
   266  -.6364382877041572E-03   4   2 0  0 0  0 0  0 2
   267  -.1189881594530809E-02   4   1 1  0 0  0 0  0 2
   268  -.5524628551903664E-03   4   0 2  0 0  0 0  0 2
   269  -.1402484621148929       4   1 0  1 0  0 0  0 2
   270  -.1341139307833105       4   0 1  1 0  0 0  0 2
   271  -.1527092439459166E-03   4   0 0  2 0  0 0  0 2
   272  -.1051241736388356       4   1 0  0 1  0 0  0 2
   273  -.1025559585618644       4   0 1  0 1  0 0  0 2
   274  -.3542834980631900E-03   4   0 0  1 1  0 0  0 2
   275  -.1905329152600009E-03   4   0 0  0 2  0 0  0 2
   276  -.6185588320385331E-05   4   1 0  0 0  0 3  0 0
   277  -.3485086050030232E-04   4   0 1  0 0  0 3  0 0
   278  -.7563298242245249E-01   4   0 0  1 0  0 3  0 0
   279  0.4710825668541884       4   0 0  0 1  0 3  0 0
   280  -.4496966974792654E-05   4   1 0  0 0  0 2  1 0
   281  -.2607640335304392E-04   4   0 1  0 0  0 2  1 0
   282  -.4144974789599028E-01   4   0 0  1 0  0 2  1 0
   283  0.2018723090187941       4   0 0  0 1  0 2  1 0
   284  -.4500358871707959E-05   4   1 0  0 0  0 1  2 0
   285  -.2609402105443821E-04   4   0 1  0 0  0 1  2 0
   286  -.4151854571226950E-01   4   0 0  1 0  0 1  2 0
   287  0.2024144650034432       4   0 0  0 1  0 1  2 0
   288  -.6170080087064031E-05   4   1 0  0 0  0 0  3 0
   289  -.3476298698993229E-04   4   0 1  0 0  0 0  3 0
   290  -.7545245453486178E-01   4   0 0  1 0  0 0  3 0
   291  0.4699959740332962       4   0 0  0 1  0 0  3 0
   292  0.9054306200894410E-05   4   1 0  0 0  0 2  0 1
   293  0.4645413834841080E-04   4   0 1  0 0  0 2  0 1
   294  0.1756221734560901       4   0 0  1 0  0 2  0 1
   295  -.4035587273546706       4   0 0  0 1  0 2  0 1
   296  0.7560822851611414E-05   4   1 0  0 0  0 1  1 1
   297  0.3908714511691789E-04   4   0 1  0 0  0 1  1 1
   298  0.1073912852107310       4   0 0  1 0  0 1  1 1
   299  -.1387139021290780       4   0 0  0 1  0 1  1 1
   300  0.9037033842710916E-05   4   1 0  0 0  0 0  2 1
   301  0.4636532173949126E-04   4   0 1  0 0  0 0  2 1
   302  0.1753135683466089       4   0 0  1 0  0 0  2 1
   303  -.4029222997223974       4   0 0  0 1  0 0  2 1
   304  -.2536753584443961E-05   4   1 0  0 0  0 1  0 2
   305  -.6675690895752209E-05   4   0 1  0 0  0 1  0 2
   306  -.1073031273952290       4   0 0  1 0  0 1  0 2
   307  -.1962035609575848       4   0 0  0 1  0 1  0 2
   308  -.2533339741022993E-05   4   1 0  0 0  0 0  1 2
   309  -.6666707065559031E-05   4   0 1  0 0  0 0  1 2
   310  -.1071587239034017       4   0 0  1 0  0 0  1 2
   311  -.1959395194520014       4   0 0  0 1  0 0  1 2
   312  0.7057960419366927E-06   4   1 0  0 0  0 0  0 3
   313  0.5757282211420986E-06   4   0 1  0 0  0 0  0 3
   314  -.9811277778272171E-02   4   0 0  1 0  0 0  0 3
   315  -.8019400832936754E-02   4   0 0  0 1  0 0  0 3
   316  -.8742194916864169E-05   4   0 0  0 0  0 4  0 0
   317  -.4319306052240512E-05   4   0 0  0 0  0 3  1 0
   318  -.3733582434645011E-05   4   0 0  0 0  0 2  2 0
   319  -.4331962945904376E-05   4   0 0  0 0  0 1  3 0
   320  -.8715772419691829E-05   4   0 0  0 0  0 0  4 0
   321  0.9130322937401893E-05   4   0 0  0 0  0 3  0 1
   322  0.4227540768080392E-05   4   0 0  0 0  0 2  1 1
   323  0.4237412864637532E-05   4   0 0  0 0  0 1  2 1
   324  0.9109051426641583E-05   4   0 0  0 0  0 0  3 1
   325  0.9785512881799180E-06   4   0 0  0 0  0 2  0 2
   326  0.1161589440034351E-05   4   0 0  0 0  0 1  1 2
   327  0.9764527938115040E-06   4   0 0  0 0  0 0  2 2
   328  0.1047285870922120E-07   4   0 0  0 0  0 1  0 3
   329  0.1045876482953913E-07   4   0 0  0 0  0 0  1 3
   330  -.3862135465683727E-13   4   0 0  0 0  0 0  0 4
   ----------------------------------------------------
     I  COEFFICIENT            ORDER EXPONENTS
     1  0.7906550370506337E-08   0   0 0  0 0  0 0  0 0
     2  -.4885666557391819E-05   1   1 0  0 0  0 0  0 0
     3  -.5718454498347144E-05   1   0 1  0 0  0 0  0 0
     4  0.3545978778372718E-04   1   0 0  1 0  0 0  0 0
     5  0.1146888071153404E-04   1   0 0  0 1  0 0  0 0
     6   1.000000000000000       1   0 0  0 0  1 0  0 0
     7  0.2859789920138184       1   0 0  0 0  0 1  0 0
     8  -.2859789890909273       1   0 0  0 0  0 0  1 0
     9  -.2922897403889533E-08   1   0 0  0 0  0 0  0 1
    10  -.2872191813787104       2   2 0  0 0  0 0  0 0
    11  -.7984705458771063       2   1 1  0 0  0 0  0 0
    12  -.7690922144386168       2   0 2  0 0  0 0  0 0
    13  -.1832118559439282E-04   2   1 0  1 0  0 0  0 0
    14  -.2495917110677700E-04   2   0 1  1 0  0 0  0 0
    15  -.2031746151283113       2   0 0  2 0  0 0  0 0
    16  -.2495024989057999E-04   2   1 0  0 1  0 0  0 0
    17  -.2986029398709100E-04   2   0 1  0 1  0 0  0 0
    18  -.1266500613902660       2   0 0  1 1  0 0  0 0
    19  -.2371803390798767       2   0 0  0 2  0 0  0 0
    20  0.7241391909183543E-05   2   1 0  0 0  0 1  0 0
    21  0.1056966487551360E-04   2   0 1  0 0  0 1  0 0
    22  -.5018646735854093E-04   2   0 0  1 0  0 1  0 0
    23  -.3145053670737034E-04   2   0 0  0 1  0 1  0 0
    24  0.2359137275396642E-05   2   1 0  0 0  0 0  1 0
    25  0.4852395757935283E-05   2   0 1  0 0  0 0  1 0
    26  -.1475453177902173E-04   2   0 0  1 0  0 0  1 0
    27  -.1997019260398741E-04   2   0 0  0 1  0 0  1 0
    28  -.9600588205538184E-05   2   1 0  0 0  0 0  0 1
    29  -.9703715242421002E-05   2   0 1  0 0  0 0  0 1
    30  0.6494102572154702E-04   2   0 0  1 0  0 0  0 1
    31  0.3995187793198308E-04   2   0 0  0 1  0 0  0 1
    32  -.2146286635828461       2   0 0  0 0  0 2  0 0
    33  0.1432783311345719       2   0 0  0 0  0 1  1 0
    34  0.7135032842964084E-01   2   0 0  0 0  0 0  2 0
    35  0.4017513173713603E-08   2   0 0  0 0  0 1  0 1
    36  0.1097131675470521E-08   2   0 0  0 0  0 0  1 1
    37  -.1095936618734157E-08   2   0 0  0 0  0 0  0 2
    38  0.1471983654625304       3   3 0  0 0  0 0  0 0
    39  0.4683818285825462       3   2 1  0 0  0 0  0 0
    40  0.4852366229227046       3   1 2  0 0  0 0  0 0
    41  0.1649220326883075       3   0 3  0 0  0 0  0 0
    42  0.8722775816744704E-03   3   2 0  1 0  0 0  0 0
    43  0.1673481186294489E-02   3   1 1  1 0  0 0  0 0
    44  0.1014263187565268E-02   3   0 2  1 0  0 0  0 0
    45  0.7024843354272091E-01   3   1 0  2 0  0 0  0 0
    46  0.1113691454065802E-01   3   0 1  2 0  0 0  0 0
    47  0.3123913198719415E-03   3   0 0  3 0  0 0  0 0
    48  0.6166857967654907E-03   3   2 0  0 1  0 0  0 0
    49  0.1136043069852093E-02   3   1 1  0 1  0 0  0 0
    50  0.6906031221557136E-03   3   0 2  0 1  0 0  0 0
    51  0.2786301883196342E-01   3   1 0  1 1  0 0  0 0
    52  -.6593885930898810E-01   3   0 1  1 1  0 0  0 0
    53  0.8492195530297976E-03   3   0 0  2 1  0 0  0 0
    54  -.3356707031757830E-01   3   1 0  0 2  0 0  0 0
    55  -.7080777009670723E-01   3   0 1  0 2  0 0  0 0
    56  0.7817235199627090E-03   3   0 0  1 2  0 0  0 0
    57  0.2389112127608869E-03   3   0 0  0 3  0 0  0 0
    58  0.4552069729607812       3   2 0  0 0  0 1  0 0
    59   1.508880971729614       3   1 1  0 0  0 1  0 0
    60   1.538254150179885       3   0 2  0 0  0 1  0 0
    61  0.2763853036864508E-04   3   1 0  1 0  0 1  0 0
    62  0.4618676390122840E-04   3   0 1  1 0  0 1  0 0
    63  0.2868167337290615       3   0 0  2 0  0 1  0 0
    64  0.4639021830043707E-04   3   1 0  0 1  0 1  0 0
    65  0.6819937404614053E-04   3   0 1  0 1  0 1  0 0
    66  0.3525799667044426       3   0 0  1 1  0 1  0 0
    67  0.4090280669377665       3   0 0  0 2  0 1  0 0
    68  0.1681479693521754       3   2 0  0 0  0 0  1 0
    69  0.7105280267480349       3   1 1  0 0  0 0  1 0
    70  0.7691607863589509       3   0 2  0 0  0 0  1 0
    71  0.9289278319006481E-05   3   1 0  1 0  0 0  1 0
    72  0.2112466926461253E-04   3   0 1  1 0  0 0  1 0
    73  0.8380273996936149E-01   3   0 0  2 0  0 0  1 0
    74  0.2139325456005180E-04   3   1 0  0 1  0 0  1 0
    75  0.3821508569957411E-04   3   0 1  0 1  0 0  1 0
    76  0.2257962622759169       3   0 0  1 1  0 0  1 0
    77  0.1719353016746888       3   0 0  0 2  0 0  1 0
    78  -.6233554532861489       3   2 0  0 0  0 0  0 1
    79  -1.420939789260942       3   1 1  0 0  0 0  0 1
    80  -.7692314972328917       3   0 2  0 0  0 0  0 1
    81  -.3684821566352602E-04   3   1 0  1 0  0 0  0 1
    82  -.4213972086775297E-04   3   0 1  1 0  0 0  0 1
    83  -.3706196992187013       3   0 0  2 0  0 0  0 1
    84  -.4270671437353907E-04   3   1 0  0 1  0 0  0 1
    85  -.4642291891332969E-04   3   0 1  0 1  0 0  0 1
    86  -.4517264753492258       3   0 0  1 1  0 0  0 1
    87  -.1066028379181105       3   0 0  0 2  0 0  0 1
    88  -.8945942725433180E-05   3   1 0  0 0  0 2  0 0
    89  -.1513660114532538E-04   3   0 1  0 0  0 2  0 0
    90  0.5985219199391921E-04   3   0 0  1 0  0 2  0 0
    91  0.5232739730593933E-04   3   0 0  0 1  0 2  0 0
    92  -.3411011343498322E-05   3   1 0  0 0  0 1  1 0
    93  -.9135159444114925E-05   3   0 1  0 0  0 1  1 0
    94  0.1935045953431238E-04   3   0 0  1 0  0 1  1 0
    95  0.4175628246706860E-04   3   0 0  0 1  0 1  1 0
    96  -.1708069596123714E-05   3   1 0  0 0  0 0  2 0
    97  -.4568528628551730E-05   3   0 1  0 0  0 0  2 0
    98  0.9695913845893439E-05   3   0 0  1 0  0 0  2 0
    99  0.2087115842941433E-04   3   0 0  0 1  0 0  2 0
   100  0.1406018416039731E-04   3   1 0  0 0  0 1  0 1
   101  0.1826798651874876E-04   3   0 1  0 0  0 1  0 1
   102  -.8887413950075509E-04   3   0 0  1 0  0 1  0 1
   103  -.8351606998524220E-04   3   0 0  0 1  0 1  0 1
   104  0.4466556444298895E-05   3   1 0  0 0  0 0  1 1
   105  0.8565973453162556E-05   3   0 1  0 0  0 0  1 1
   106  -.2398978391473107E-04   3   0 0  1 0  0 0  1 1
   107  -.4356065503597736E-04   3   0 0  0 1  0 0  1 1
   108  -.4462886593793035E-05   3   1 0  0 0  0 0  0 2
   109  -.3713205724749087E-05   3   0 1  0 0  0 0  0 2
   110  0.2396304186349952E-04   3   0 0  1 0  0 0  0 2
   111  0.2358801486617023E-04   3   0 0  0 1  0 0  0 2
   112  0.1788813502520505       3   0 0  0 0  0 3  0 0
   113  -.1073867925942247       3   0 0  0 0  0 2  1 0
   114  -.3589155537731746E-01   3   0 0  0 0  0 1  2 0
   115  -.3560303944375812E-01   3   0 0  0 0  0 0  3 0
   116  -.3895236286690046E-08   3   0 0  0 0  0 2  0 1
   117  0.1039344292278093E-09   3   0 0  0 0  0 1  1 1
   118  0.4923444227261631E-10   3   0 0  0 0  0 0  2 1
   119  0.5194704605157216E-09   3   0 0  0 0  0 1  0 2
   120  -.2454115948726188E-10   3   0 0  0 0  0 0  1 2
   121  0.1574804668831428E-09   3   0 0  0 0  0 0  0 3
   122  -2.101551783484923       4   4 0  0 0  0 0  0 0
   123  -10.67530916789780       4   3 1  0 0  0 0  0 0
   124  -20.50483516825694       4   2 2  0 0  0 0  0 0
   125  -17.68621671870029       4   1 3  0 0  0 0  0 0
   126  -6.052534816328293       4   0 4  0 0  0 0  0 0
   127  0.1467629027154391E-02   4   3 0  1 0  0 0  0 0
   128  0.6127387553973113E-02   4   2 1  1 0  0 0  0 0
   129  0.7354136704827593E-02   4   1 2  1 0  0 0  0 0
   130  0.2707971570146026E-02   4   0 3  1 0  0 0  0 0
   131  -5.898106333701964       4   2 0  2 0  0 0  0 0
   132  -11.87773712406149       4   1 1  2 0  0 0  0 0
   133  -6.975252225817515       4   0 2  2 0  0 0  0 0
   134  0.3927805965206642E-02   4   1 0  3 0  0 0  0 0
   135  0.2885007344237723E-02   4   0 1  3 0  0 0  0 0
   136  -1.134814905550818       4   0 0  4 0  0 0  0 0
   137  0.2315868431067427E-02   4   3 0  0 1  0 0  0 0
   138  0.8343180616545284E-02   4   2 1  0 1  0 0  0 0
   139  0.9326336110639325E-02   4   1 2  0 1  0 0  0 0
   140  0.3301112430741986E-02   4   0 3  0 1  0 0  0 0
   141  -8.397619840001200       4   2 0  1 1  0 0  0 0
   142  -15.93205187965410       4   1 1  1 1  0 0  0 0
   143  -9.164484817082917       4   0 2  1 1  0 0  0 0
   144  0.9449107901637731E-02   4   1 0  2 1  0 0  0 0
   145  0.6777709425245616E-02   4   0 1  2 1  0 0  0 0
   146  -3.663431896677410       4   0 0  3 1  0 0  0 0
   147  -2.855347243299737       4   2 0  0 2  0 0  0 0
   148  -5.613683271308150       4   1 1  0 2  0 0  0 0
   149  -3.788338599956442       4   0 2  0 2  0 0  0 0
   150  0.7391952616517917E-02   4   1 0  1 2  0 0  0 0
   151  0.5074685719503223E-02   4   0 1  1 2  0 0  0 0
   152  -4.582277839943560       4   0 0  2 2  0 0  0 0
   153  0.1814812408441905E-02   4   1 0  0 3  0 0  0 0
   154  0.1127844305402147E-02   4   0 1  0 3  0 0  0 0
   155  -2.605144128850874       4   0 0  1 3  0 0  0 0
   156  -.6629974564483565       4   0 0  0 4  0 0  0 0
   157  -.2478555534419215       4   3 0  0 0  0 1  0 0
   158  -.9844503748912347       4   2 1  0 0  0 1  0 0
   159  -1.234119165322270       4   1 2  0 0  0 1  0 0
   160  -.4948509563825783       4   0 3  0 0  0 1  0 0
   161  -.2278308092759893E-03   4   2 0  1 0  0 1  0 0
   162  -.1389510584825148E-02   4   1 1  1 0  0 1  0 0
   163  -.1374061247749425E-02   4   0 2  1 0  0 1  0 0
   164  -.8866795271135458E-01   4   1 0  2 0  0 1  0 0
   165  -.3584869861792245E-01   4   0 1  2 0  0 1  0 0
   166  -.3202406220677460E-03   4   0 0  3 0  0 1  0 0
   167  -.2706734713061288E-03   4   2 0  0 1  0 1  0 0
   168  -.9597998408444014E-03   4   1 1  0 1  0 1  0 0
   169  -.9216570707742588E-03   4   0 2  0 1  0 1  0 0
   170  -.8420087979734545E-01   4   1 0  1 1  0 1  0 0
   171  0.8863386099147397E-01   4   0 1  1 1  0 1  0 0
   172  -.1070534636468289E-02   4   0 0  2 1  0 1  0 0
   173  0.4477286969935550E-01   4   1 0  0 2  0 1  0 0
   174  0.1542087890014431       4   0 1  0 2  0 1  0 0
   175  -.1331853355739044E-02   4   0 0  1 2  0 1  0 0
   176  -.5543478551430056E-03   4   0 0  0 3  0 1  0 0
   177  -.9970000855631747E-01   4   3 0  0 0  0 0  1 0
   178  -.5121866778966496       4   2 1  0 0  0 0  1 0
   179  -.7438934892993461       4   1 2  0 0  0 0  1 0
   180  -.3278090226379377       4   0 3  0 0  0 0  1 0
   181  -.1674705967685087E-03   4   2 0  1 0  0 0  1 0
   182  -.1245377926602620E-02   4   1 1  1 0  0 0  1 0
   183  -.1174849815240597E-02   4   0 2  1 0  0 0  1 0
   184  -.1817713445608432E-01   4   1 0  2 0  0 0  1 0
   185  -.2386732363846301E-01   4   0 1  2 0  0 0  1 0
   186  -.1889120156521535E-03   4   0 0  3 0  0 0  1 0
   187  -.3244997877717395E-03   4   2 0  0 1  0 0  1 0
   188  -.1136301699559313E-02   4   1 1  0 1  0 0  1 0
   189  -.9575655114897111E-03   4   0 2  0 1  0 0  1 0
   190  -.5584964762492721E-01   4   1 0  1 1  0 0  1 0
   191  0.2395720154091521E-01   4   0 1  1 1  0 0  1 0
   192  -.7501243225196521E-03   4   0 0  2 1  0 0  1 0
   193  0.1148985702310163E-01   4   1 0  0 2  0 0  1 0
   194  0.8396143311130033E-01   4   0 1  0 2  0 0  1 0
   195  -.1001375426150736E-02   4   0 0  1 2  0 0  1 0
   196  -.4325042090633110E-03   4   0 0  0 3  0 0  1 0
   197  0.3462491215007363       4   3 0  0 0  0 0  0 1
   198   1.022075808125900       4   2 1  0 0  0 0  0 1
   199  0.9985783436510325       4   1 2  0 0  0 0  0 1
   200  0.3235478036481799       4   0 3  0 0  0 0  0 1
   201  0.5414700327917894E-03   4   2 0  1 0  0 0  0 1
   202  0.1432585612208348E-02   4   1 1  1 0  0 0  0 1
   203  0.1013889983112063E-02   4   0 2  1 0  0 0  0 1
   204  0.1062810466507999       4   1 0  2 0  0 0  0 1
   205  0.4692885084968831E-01   4   0 1  2 0  0 0  0 1
   206  0.5547385026707587E-03   4   0 0  3 0  0 0  0 1
   207  0.4953946280172365E-04   4   2 0  0 1  0 0  0 1
   208  0.2904506714447851E-03   4   1 1  0 1  0 0  0 1
   209  0.3777839965984922E-03   4   0 2  0 1  0 0  0 1
   210  0.1113167940730529       4   1 0  1 1  0 0  0 1
   211  0.1690559276478281E-01   4   0 1  1 1  0 0  0 1
   212  0.1187927521265185E-02   4   0 0  2 1  0 0  0 1
   213  0.1026897256160255E-01   4   1 0  0 2  0 0  0 1
   214  -.2708726391314675E-01   4   0 1  0 2  0 0  0 1
   215  0.8800035019666810E-03   4   0 0  1 2  0 0  0 1
   216  0.2614030172784588E-03   4   0 0  0 3  0 0  0 1
   217  -.5944247244548431       4   2 0  0 0  0 2  0 0
   218  -2.220467313862181       4   1 1  0 0  0 2  0 0
   219  -2.389310978573444       4   0 2  0 0  0 2  0 0
   220  -.3593691851821203E-04   4   1 0  1 0  0 2  0 0
   221  -.7642707897492358E-04   4   0 1  1 0  0 2  0 0
   222  -.3413352228789298       4   0 0  2 0  0 2  0 0
   223  -.7821172355673386E-04   4   1 0  0 1  0 2  0 0
   224  -.1314001104870359E-03   4   0 1  0 1  0 2  0 0
   225  -.5886018946093609       4   0 0  1 1  0 2  0 0
   226  -.5971121074122360       4   0 0  0 2  0 2  0 0
   227  -.2784643534221048       4   2 0  0 0  0 1  1 0
   228  -1.423079302750210       4   1 1  0 0  0 1  1 0
   229  -1.701850854605677       4   0 2  0 0  0 1  1 0
   230  -.1449022964239046E-04   4   1 0  1 0  0 1  1 0
   231  -.4421601340156435E-04   4   0 1  1 0  0 1  1 0
   232  -.1091459768943387       4   0 0  2 0  0 1  1 0
   233  -.4599241766347666E-04   4   1 0  0 1  0 1  1 0
   234  -.9734786424102381E-04   4   0 1  0 1  0 1  1 0
   235  -.4720716212440181       4   0 0  1 1  0 1  1 0
   236  -.3761504943931950       4   0 0  0 2  0 1  1 0
   237  -.1393505511500398       4   2 0  0 0  0 0  2 0
   238  -.7115954927247309       4   1 1  0 0  0 0  2 0
   239  -.8508133709352308       4   0 2  0 0  0 0  2 0
   240  -.7316655235105771E-05   4   1 0  1 0  0 0  2 0
   241  -.2217765004777603E-04   4   0 1  1 0  0 0  2 0
   242  -.5469216905724100E-01   4   0 0  2 0  0 0  2 0
   243  -.2304930804290032E-04   4   1 0  0 1  0 0  2 0
   244  -.4869304369737873E-04   4   0 1  0 1  0 0  2 0
   245  -.2359548798482400       4   0 0  1 1  0 0  2 0
   246  -.1880968617045476       4   0 0  0 2  0 0  2 0
   247   1.012049267297611       4   2 0  0 0  0 1  0 1
   248   2.846136317047790       4   1 1  0 0  0 1  0 1
   249   1.865651424768163       4   0 2  0 0  0 1  0 1
   250  0.4847072515110662E-04   4   1 0  1 0  0 1  0 1
   251  0.8006680724300504E-04   4   0 1  1 0  0 1  0 1
   252  0.5050282056895032       4   0 0  2 0  0 1  0 1
   253  0.8305113451216313E-04   4   1 0  0 1  0 1  0 1
   254  0.1157920780706980E-03   4   0 1  0 1  0 1  0 1
   255  0.9441738102514317       4   0 0  1 1  0 1  0 1
   256  0.3433210595651975       4   0 0  0 2  0 1  0 1
   257  0.3889925792610237       4   2 0  0 0  0 0  1 1
   258   1.425160271414987       4   1 1  0 0  0 0  1 1
   259   1.095965813398049       4   0 2  0 0  0 0  1 1
   260  0.1679111813353627E-04   4   1 0  1 0  0 0  1 1
   261  0.3810096652117750E-04   4   0 1  1 0  0 0  1 1
   262  0.1347356572207325       4   0 0  2 0  0 0  1 1
   263  0.4004858477221902E-04   4   1 0  0 1  0 0  1 1
   264  0.6530183917175466E-04   4   0 1  0 1  0 0  1 1
   265  0.4924086835656706       4   0 0  1 1  0 0  1 1
   266  0.2365502885698860       4   0 0  0 2  0 0  1 1
   267  -.3888215197917203       4   2 0  0 0  0 0  0 2
   268  -.7146678110125336       4   1 1  0 0  0 0  0 2
   269  -.3269421050755624       4   0 2  0 0  0 0  0 2
   270  -.1405334213571828E-04   4   1 0  1 0  0 0  0 2
   271  -.1249267824634592E-04   4   0 1  1 0  0 0  0 2
   272  -.1345809954062072       4   0 0  2 0  0 0  0 2
   273  -.1368678248221629E-04   4   1 0  0 1  0 0  0 2
   274  -.1225344461522887E-04   4   0 1  0 1  0 0  0 2
   275  -.2665812492497827       4   0 0  1 1  0 0  0 2
   276  -.1300392683921171       4   0 0  0 2  0 0  0 2
   277  -.1305842250236591E-03   4   1 0  0 0  0 3  0 0
   278  -.2148626056394317E-03   4   0 1  0 0  0 3  0 0
   279  -.6745486993363366E-04   4   0 0  1 0  0 3  0 0
   280  -.6601927069235672E-04   4   0 0  0 1  0 3  0 0
   281  -.6769964296525905E-04   4   1 0  0 0  0 2  1 0
   282  -.1067254275454103E-03   4   0 1  0 0  0 2  1 0
   283  -.2044123478005747E-04   4   0 0  1 0  0 2  1 0
   284  -.5867864702171244E-04   4   0 0  0 1  0 2  1 0
   285  -.4251501830408462E-04   4   1 0  0 0  0 1  2 0
   286  -.6649561995427712E-04   4   0 1  0 0  0 1  2 0
   287  -.1104147093239796E-04   4   0 0  1 0  0 1  2 0
   288  -.3914862512822953E-04   4   0 0  0 1  0 1  2 0
   289  -.2259511402464002E-04   4   1 0  0 0  0 0  3 0
   290  -.3562663685869280E-04   4   0 1  0 0  0 0  3 0
   291  -.6842681216077693E-05   4   0 0  1 0  0 0  3 0
   292  -.1955176051414296E-04   4   0 0  0 1  0 0  3 0
   293  0.1133046819695441E-03   4   1 0  0 0  0 2  0 1
   294  0.9220917883507409E-04   4   0 1  0 0  0 2  0 1
   295  0.7551478493519962E-04   4   0 0  1 0  0 2  0 1
   296  0.1194358076463057E-03   4   0 0  0 1  0 2  0 1
   297  0.6007904685262138E-04   4   1 0  0 0  0 1  1 1
   298  0.4923264601990467E-04   4   0 1  0 0  0 1  1 1
   299  0.1695109690480596E-04   4   0 0  1 0  0 1  1 1
   300  0.7869023567856418E-04   4   0 0  0 1  0 1  1 1
   301  0.3005487964074891E-04   4   1 0  0 0  0 0  2 1
   302  0.2462841660886700E-04   4   0 1  0 0  0 0  2 1
   303  0.8509365978465936E-05   4   0 0  1 0  0 0  2 1
   304  0.3934642218495082E-04   4   0 0  0 1  0 0  2 1
   305  -.5169991819323594E-06   4   1 0  0 0  0 1  0 2
   306  0.1793368197530671E-05   4   0 1  0 0  0 1  0 2
   307  -.8569954827267244E-05   4   0 0  1 0  0 1  0 2
   308  -.2126521878505537E-04   4   0 0  0 1  0 1  0 2
   309  -.3326966085827692E-05   4   1 0  0 0  0 0  1 2
   310  -.8234783540748445E-06   4   0 1  0 0  0 0  1 2
   311  0.1510065047070709E-05   4   0 0  1 0  0 0  1 2
   312  -.1044812901277262E-04   4   0 0  0 1  0 0  1 2
   313  -.2181136160935841E-07   4   1 0  0 0  0 0  0 3
   314  0.2527353917339530E-07   4   0 1  0 0  0 0  0 3
   315  -.3550739066297037E-05   4   0 0  1 0  0 0  0 3
   316  -.3224144846287336E-05   4   0 0  0 1  0 0  0 3
   317  -.1565302511276925       4   0 0  0 0  0 4  0 0
   318  0.8947684386840474E-01   4   0 0  0 0  0 3  1 0
   319  0.2686485541839164E-01   4   0 0  0 0  0 2  2 0
   320  0.1798162713460297E-01   4   0 0  0 0  0 1  3 0
   321  0.2220686171680838E-01   4   0 0  0 0  0 0  4 0
   322  0.5327450258942961E-08   4   0 0  0 0  0 3  0 1
   323  0.2927115019768418E-08   4   0 0  0 0  0 2  1 1
   324  0.2353308316215483E-08   4   0 0  0 0  0 1  2 1
   325  0.8081137187431135E-09   4   0 0  0 0  0 0  3 1
   326  -.5805507124909136E-09   4   0 0  0 0  0 2  0 2
   327  0.2129156782714974E-10   4   0 0  0 0  0 1  1 2
   328  -.4112132322008739E-12   4   0 0  0 0  0 0  2 2
   329  -.2946364441773048E-09   4   0 0  0 0  0 1  0 3
   330  -.1371830438292670E-09   4   0 0  0 0  0 0  1 3
   331  -.1511311838589071E-10   4   0 0  0 0  0 0  0 4
   ----------------------------------------------------
     I  COEFFICIENT            ORDER EXPONENTS
     1   1.000000000000000       1   0 0  0 0  0 1  0 0
     --------------------------------------------------
     I  COEFFICIENT            ORDER EXPONENTS
     1   1.000000000000000       1   0 0  0 0  0 0  1 0
     --------------------------------------------------
     I  COEFFICIENT            ORDER EXPONENTS
     1   1.000000000000000       1   0 0  0 0  0 0  0 1
     --------------------------------------------------
