 L    0.1145458000000000E+01
 P (  0.0000000000000000E+00,  0.0000000000000000E+00,  0.9555200000000000E-01)
 A (  0.0000000000000000E+00,  0.0000000000000000E+00,  0.0000000000000000E+00)
     I  COEFFICIENT            ORDER EXPONENTS
     1  0.9510176167023163E-04   0   0 0  0 0  0 0  0 0
     2   1.616518865288300       1   1 0  0 0  0 0  0 0
     3   1.692296471540989       1   0 1  0 0  0 0  0 0
     4  0.1849657889717065E-04   1   0 0  1 0  0 0  0 0
     5  0.1628407522890044E-04   1   0 0  0 1  0 0  0 0
     6  -.9169372079889881E-06   1   0 0  0 0  0 1  0 0
     7  -.9157032371083547E-06   1   0 0  0 0  0 0  1 0
     8  0.1832640446858757E-05   1   0 0  0 0  0 0  0 1
     9  -.1555291089916924       2   2 0  0 0  0 0  0 0
    10  -.2779334094491641       2   1 1  0 0  0 0  0 0
    11  -.1247974025754279       2   0 2  0 0  0 0  0 0
    12  0.6282952932703900E-03   2   1 0  1 0  0 0  0 0
    13  0.1906414717131837E-03   2   0 1  1 0  0 0  0 0
    14  0.1127411392179434       2   0 0  2 0  0 0  0 0
    15  0.6326191394097120E-03   2   1 0  0 1  0 0  0 0
    16  0.2835874213480531E-03   2   0 1  0 1  0 0  0 0
    17  0.2010451052382762       2   0 0  1 1  0 0  0 0
    18  0.9036951273302349E-01   2   0 0  0 2  0 0  0 0
    19  -.3334644838765246       2   1 0  0 0  0 1  0 0
    20  -1.141171848846536       2   0 1  0 0  0 1  0 0
    21  -.1009457819044074E-04   2   0 0  1 0  0 1  0 0
    22  -.1709038349882041E-04   2   0 0  0 1  0 1  0 0
    23  -.3330157230897591       2   1 0  0 0  0 0  1 0
    24  -1.139636113553924       2   0 1  0 0  0 0  1 0
    25  -.1008099338285301E-04   2   0 0  1 0  0 0  1 0
    26  -.1706738406614954E-04   2   0 0  0 1  0 0  1 0
    27  0.6664802069971976       2   1 0  0 0  0 0  0 1
    28  0.5885114908904603       2   0 1  0 0  0 0  0 1
    29  0.2017555021484284E-04   2   0 0  1 0  0 0  0 1
    30  0.1787367176295920E-04   2   0 0  0 1  0 0  0 1
    31  0.4853120028140668E-06   2   0 0  0 0  0 2  0 0
    32  0.5486314816735713E-07   2   0 0  0 0  0 1  1 0
    33  0.4846219765814933E-06   2   0 0  0 0  0 0  2 0
    34  -.1086124338216412E-06   2   0 0  0 0  0 1  0 1
    35  -.1084662683269731E-06   2   0 0  0 0  0 0  1 1
    36  -.8077756361441272E-06   2   0 0  0 0  0 0  0 2
    37   1.810387078530005       3   3 0  0 0  0 0  0 0
    38   8.543137323229240       3   2 1  0 0  0 0  0 0
    39   11.68756470489890       3   1 2  0 0  0 0  0 0
    40   5.765166004177551       3   0 3  0 0  0 0  0 0
    41  -.1204273819021959E-01   3   2 0  1 0  0 0  0 0
    42  -.2120521972838224E-01   3   1 1  1 0  0 0  0 0
    43  -.9351403004402846E-02   3   0 2  1 0  0 0  0 0
    44  -1.617912477800280       3   1 0  2 0  0 0  0 0
    45  0.3406671458450137       3   0 1  2 0  0 0  0 0
    46  0.2923750136286967E-02   3   0 0  3 0  0 0  0 0
    47  -.1090708545642036E-01   3   2 0  0 1  0 0  0 0
    48  -.1935004611974627E-01   3   1 1  0 1  0 0  0 0
    49  -.8590706268050422E-02   3   0 2  0 1  0 0  0 0
    50  -4.586434557762084       3   1 0  1 1  0 0  0 0
    51  -1.477400914967928       3   0 1  1 1  0 0  0 0
    52  0.7783669181288654E-02   3   0 0  2 1  0 0  0 0
    53  -2.140686618939467       3   1 0  0 2  0 0  0 0
    54  -.1452963868195370       3   0 1  0 2  0 0  0 0
    55  0.6975597084554645E-02   3   0 0  1 2  0 0  0 0
    56  0.2113431545853660E-02   3   0 0  0 3  0 0  0 0
    57  0.9646867164501437E-01   3   2 0  0 0  0 1  0 0
    58  0.3109063850900113       3   1 1  0 0  0 1  0 0
    59  0.2017255018830620       3   0 2  0 0  0 1  0 0
    60  -.3643226506200575E-03   3   1 0  1 0  0 1  0 0
    61  -.1913548876849909E-03   3   0 1  1 0  0 1  0 0
    62  -.5269344253743766E-01   3   0 0  2 0  0 1  0 0
    63  -.7485355976610778E-03   3   1 0  0 1  0 1  0 0
    64  -.4927607399790204E-03   3   0 1  0 1  0 1  0 0
    65  -.1938483658339381       3   0 0  1 1  0 1  0 0
    66  -.1321071599554567       3   0 0  0 2  0 1  0 0
    67  0.9633884865312556E-01   3   2 0  0 0  0 0  1 0
    68  0.3104879819294680       3   1 1  0 0  0 0  1 0
    69  0.2014540292096217       3   0 2  0 0  0 0  1 0
    70  -.3638323623667865E-03   3   1 0  1 0  0 0  1 0
    71  -.1910973712953900E-03   3   0 1  1 0  0 0  1 0
    72  -.5262253018582663E-01   3   0 0  2 0  0 0  1 0
    73  -.7475282537310076E-03   3   1 0  0 1  0 0  1 0
    74  -.4920976057981674E-03   3   0 1  0 1  0 0  1 0
    75  -.1935874938389556       3   0 0  1 1  0 0  1 0
    76  -.1319293763655834       3   0 0  0 2  0 0  1 0
    77  -.1928078225041717       3   2 0  0 0  0 0  0 1
    78  -.3434614555672595       3   1 1  0 0  0 0  0 1
    79  -.1535849303296418       3   0 2  0 0  0 0  0 1
    80  0.7273718498656323E-03   3   1 0  1 0  0 0  0 1
    81  0.1910159417935900E-03   3   0 1  1 0  0 0  0 1
    82  0.1053161373365530       3   0 0  2 0  0 0  0 1
    83  0.8626280144557598E-03   3   1 0  0 1  0 0  0 1
    84  0.4168507742131839E-03   3   0 1  0 1  0 0  0 1
    85  0.1863910123325652       3   0 0  1 1  0 0  0 1
    86  0.8329761033257001E-01   3   0 0  0 2  0 0  0 1
    87  0.2629480027838397       3   1 0  0 0  0 2  0 0
    88   1.013766580955918       3   0 1  0 0  0 2  0 0
    89  0.8001113973567173E-05   3   0 0  1 0  0 2  0 0
    90  0.1770757768425919E-04   3   0 0  0 1  0 2  0 0
    91  0.1926208120851647       3   1 0  0 0  0 1  1 0
    92  0.8867023576427961       3   0 1  0 0  0 1  1 0
    93  0.5842757082938177E-05   3   0 0  1 0  0 1  1 0
    94  0.1825095157073396E-04   3   0 0  0 1  0 1  1 0
    95  0.2624645297485045       3   1 0  0 0  0 0  2 0
    96   1.011805660546391       3   0 1  0 0  0 0  2 0
    97  0.7986414997899829E-05   3   0 0  1 0  0 0  2 0
    98  0.1767146702553221E-04   3   0 0  0 1  0 0  2 0
    99  -.3850527664910505       3   1 0  0 0  0 1  0 1
   100  -.6318926604785751       3   0 1  0 0  0 1  0 1
   101  -.1163160052243882E-04   3   0 0  1 0  0 1  0 1
   102  -.1932015425895439E-04   3   0 0  0 1  0 1  0 1
   103  -.3845345806248127       3   1 0  0 0  0 0  1 1
   104  -.6310422891161707       3   0 1  0 0  0 0  1 1
   105  -.1161594726263397E-04   3   0 0  1 0  0 0  1 1
   106  -.1929415410587993E-04   3   0 0  0 1  0 0  1 1
   107  0.5155368906797519E-01   3   1 0  0 0  0 0  0 2
   108  0.4295611945137737E-01   3   0 1  0 0  0 0  0 2
   109  0.1471133878311641E-05   3   0 0  1 0  0 0  0 2
   110  0.1387235397184394E-05   3   0 0  0 1  0 0  0 2
   111  -.2644274687918103E-06   3   0 0  0 0  0 3  0 0
   112  0.1769291827306603E-06   3   0 0  0 0  0 2  1 0
   113  0.1760389655959211E-06   3   0 0  0 0  0 1  2 0
   114  -.2640125793398992E-06   3   0 0  0 0  0 0  3 0
   115  -.3545366865315875E-06   3   0 0  0 0  0 2  0 1
   116  -.8163223872032529E-06   3   0 0  0 0  0 1  1 1
   117  -.3535102837613393E-06   3   0 0  0 0  0 0  2 1
   118  0.8713226963595045E-06   3   0 0  0 0  0 1  0 2
   119  0.8701501113388184E-06   3   0 0  0 0  0 0  1 2
   120  -.4200945967314447E-07   3   0 0  0 0  0 0  0 3
   121  -18.14207602195856       4   4 0  0 0  0 0  0 0
   122  -67.24259285748565       4   3 1  0 0  0 0  0 0
   123  -93.99207626367343       4   2 2  0 0  0 0  0 0
   124  -58.83630355790309       4   1 3  0 0  0 0  0 0
   125  -13.93711066737055       4   0 4  0 0  0 0  0 0
   126  -.8466767189155707E-02   4   3 0  1 0  0 0  0 0
   127  -.2295262105987764E-01   4   2 1  1 0  0 0  0 0
   128  -.2210746505116629E-01   4   1 2  1 0  0 0  0 0
   129  -.7540262957692426E-02   4   0 3  1 0  0 0  0 0
   130   71.09525135261683       4   2 0  2 0  0 0  0 0
   131   125.7295208285778       4   1 1  2 0  0 0  0 0
   132   56.03818546748750       4   0 2  2 0  0 0  0 0
   133  0.6141129974070831E-02   4   1 0  3 0  0 0  0 0
   134  0.5237180476441676E-02   4   0 1  3 0  0 0  0 0
   135  -8.692243311741505       4   0 0  4 0  0 0  0 0
   136  -.7361871384718111E-02   4   3 0  0 1  0 0  0 0
   137  -.1907709257768495E-01   4   2 1  0 1  0 0  0 0
   138  -.1690668055651727E-01   4   1 2  0 1  0 0  0 0
   139  -.5208151406880173E-02   4   0 3  0 1  0 0  0 0
   140   130.0330549855923       4   2 0  1 1  0 0  0 0
   141   231.6744262523389       4   1 1  1 1  0 0  0 0
   142   104.1061756078062       4   0 2  1 1  0 0  0 0
   143  0.1613317686269256E-01   4   1 0  2 1  0 0  0 0
   144  0.1393248542022447E-01   4   0 1  2 1  0 0  0 0
   145  -30.65886101585537       4   0 0  3 1  0 0  0 0
   146   59.74962926248519       4   2 0  0 2  0 0  0 0
   147   107.1122988608154       4   1 1  0 2  0 0  0 0
   148   48.46298054381020       4   0 2  0 2  0 0  0 0
   149  0.1383293641870471E-01   4   1 0  1 2  0 0  0 0
   150  0.1205628593356736E-01   4   0 1  1 2  0 0  0 0
   151  -40.81558631765665       4   0 0  2 2  0 0  0 0
   152  0.4327163489451049E-02   4   1 0  0 3  0 0  0 0
   153  0.3757693411775789E-02   4   0 1  0 3  0 0  0 0
   154  -24.21212492191341       4   0 0  1 3  0 0  0 0
   155  -5.378221816201730       4   0 0  0 4  0 0  0 0
   156  -2.947619805262150       4   3 0  0 0  0 1  0 0
   157  -15.47265328159483       4   2 1  0 0  0 1  0 0
   158  -25.07092120710463       4   1 2  0 0  0 1  0 0
   159  -13.91453489485840       4   0 3  0 0  0 1  0 0
   160  0.1328864778465907E-02   4   2 0  1 0  0 1  0 0
   161  0.1162406860298643E-01   4   1 1  1 0  0 1  0 0
   162  0.9124253327508889E-02   4   0 2  1 0  0 1  0 0
   163  0.8943332358476226       4   1 0  2 0  0 1  0 0
   164  -.5308325091092936       4   0 1  2 0  0 1  0 0
   165  -.4178171051728803E-03   4   0 0  3 0  0 1  0 0
   166  0.5872003171649524E-02   4   2 0  0 1  0 1  0 0
   167  0.1875130103222510E-01   4   1 1  0 1  0 1  0 0
   168  0.1193047605352421E-01   4   0 2  0 1  0 1  0 0
   169   5.650520703405602       4   1 0  1 1  0 1  0 0
   170   2.723898778433961       4   0 1  1 1  0 1  0 0
   171  -.4607971361869236E-02   4   0 0  2 1  0 1  0 0
   172   4.046264351147201       4   1 0  0 2  0 1  0 0
   173   1.131509683534346       4   0 1  0 2  0 1  0 0
   174  -.7236929328287386E-02   4   0 0  1 2  0 1  0 0
   175  -.3134494885624820E-02   4   0 0  0 3  0 1  0 0
   176  -2.943653037444640       4   3 0  0 0  0 0  1 0
   177  -15.45183091400895       4   2 1  0 0  0 0  1 0
   178  -25.03718194289518       4   1 2  0 0  0 0  1 0
   179  -13.89580936956601       4   0 3  0 0  0 0  1 0
   180  0.1327076454874287E-02   4   2 0  1 0  0 0  1 0
   181  0.1160842547928394E-01   4   1 1  1 0  0 0  1 0
   182  0.9111974337391908E-02   4   0 2  1 0  0 0  1 0
   183  0.8931296843272967       4   1 0  2 0  0 0  1 0
   184  -.5301181397357907       4   0 1  2 0  0 0  1 0
   185  -.4172548266037765E-03   4   0 0  3 0  0 0  1 0
   186  0.5864100906519057E-02   4   2 0  0 1  0 0  1 0
   187  0.1872606641501416E-01   4   1 1  0 1  0 0  1 0
   188  0.1191442058111525E-01   4   0 2  0 1  0 0  1 0
   189   5.642916498942798       4   1 0  1 1  0 0  1 0
   190   2.720233083830869       4   0 1  1 1  0 0  1 0
   191  -.4601770171176597E-02   4   0 0  2 1  0 0  1 0
   192   4.040819079277265       4   1 0  0 2  0 0  1 0
   193   1.129986951128459       4   0 1  0 2  0 0  1 0
   194  -.7227190209862039E-02   4   0 0  1 2  0 0  1 0
   195  -.3130276630131372E-02   4   0 0  0 3  0 0  1 0
   196   5.888871875117429       4   3 0  0 0  0 0  0 1
   197   22.37386696086125       4   2 1  0 0  0 0  0 1
   198   26.72518506209462       4   1 2  0 0  0 0  0 1
   199   10.51213497139851       4   0 3  0 0  0 0  0 1
   200  0.1164783909360932E-02   4   2 0  1 0  0 0  0 1
   201  0.2546723737379279E-02   4   1 1  1 0  0 0  0 1
   202  0.1394873347918442E-02   4   0 2  1 0  0 0  0 1
   203  -1.783655525662695       4   1 0  2 0  0 0  0 1
   204  0.7241214753803891       4   0 1  2 0  0 0  0 1
   205  -.8001024015248972E-04   4   0 0  3 0  0 0  0 1
   206  0.1306894027754482E-02   4   2 0  0 1  0 0  0 1
   207  0.2755675410321912E-02   4   1 1  0 1  0 0  0 1
   208  0.1472965745095335E-02   4   0 2  0 1  0 0  0 1
   209  -6.699113722629610       4   1 0  1 1  0 0  0 1
   210  -2.481333783959676       4   0 1  1 1  0 0  0 1
   211  -.2744412625951155E-03   4   0 0  2 1  0 0  0 1
   212  -3.801601967973591       4   1 0  0 2  0 0  0 1
   213  -1.821423297621338       4   0 1  0 2  0 0  0 1
   214  -.2793009306222538E-03   4   0 0  1 2  0 0  0 1
   215  -.7691250539294470E-04   4   0 0  0 3  0 0  0 1
   216  -.8420662373695853E-01   4   2 0  0 0  0 2  0 0
   217  -.3408545231590404       4   1 1  0 0  0 2  0 0
   218  -.2697159983027863       4   0 2  0 0  0 2  0 0
   219  -.1397956295298909E-03   4   1 0  1 0  0 2  0 0
   220  -.9047108458594709E-05   4   0 1  1 0  0 2  0 0
   221  0.3751806034466489E-01   4   0 0  2 0  0 2  0 0
   222  0.4841294923689131E-03   4   1 0  0 1  0 2  0 0
   223  0.5740895566350257E-03   4   0 1  0 1  0 2  0 0
   224  0.1883125255359173       4   0 0  1 1  0 2  0 0
   225  0.1615594496535222       4   0 0  0 2  0 2  0 0
   226  -.7075050324174542E-01   4   2 0  0 0  0 1  1 0
   227  -.3679576178786295       4   1 1  0 0  0 1  1 0
   228  -.3357650042686587       4   0 2  0 0  0 1  1 0
   229  -.2406864658213286E-03   4   1 0  1 0  0 1  1 0
   230  -.4757946951491600E-04   4   0 1  1 0  0 1  1 0
   231  0.2292845008708088E-01   4   0 0  2 0  0 1  1 0
   232  0.5448352792269733E-03   4   1 0  0 1  0 1  1 0
   233  0.7443196892749095E-03   4   0 1  0 1  0 1  1 0
   234  0.1835801132964190       4   0 0  1 1  0 1  1 0
   235  0.1913040475715728       4   0 0  0 2  0 1  1 0
   236  -.8404569608480146E-01   4   2 0  0 0  0 0  2 0
   237  -.3401482271952414       4   1 1  0 0  0 0  2 0
   238  -.2691270988642013       4   0 2  0 0  0 0  2 0
   239  -.1394455469087409E-03   4   1 0  1 0  0 0  2 0
   240  -.9002918182496241E-05   4   0 1  1 0  0 0  2 0
   241  0.3745214229344476E-01   4   0 0  2 0  0 0  2 0
   242  0.4831113668935330E-03   4   1 0  0 1  0 0  2 0
   243  0.5728161387859804E-03   4   0 1  0 1  0 0  2 0
   244  0.1879355766815916       4   0 0  1 1  0 0  2 0
   245  0.1612133065745246       4   0 0  0 2  0 0  2 0
   246  0.1399029891017650       4   2 0  0 0  0 1  0 1
   247  0.4205924531630472       4   1 1  0 0  0 1  0 1
   248  0.2646239669240972       4   0 2  0 0  0 1  0 1
   249  0.4264848253002720E-03   4   1 0  1 0  0 1  0 1
   250  0.3685917869788157E-03   4   0 1  1 0  0 1  0 1
   251  -.4629108449632859E-01   4   0 0  2 0  0 1  0 1
   252  -.2057318935575056E-03   4   1 0  0 1  0 1  0 1
   253  -.1336087205314227E-03   4   0 1  0 1  0 1  0 1
   254  -.1738774625242415       4   0 0  1 1  0 1  0 1
   255  -.1189106238412822       4   0 0  0 2  0 1  0 1
   256  0.1397147142524312       4   2 0  0 0  0 0  1 1
   257  0.4200264396614153       4   1 1  0 0  0 0  1 1
   258  0.2642678484607059       4   0 2  0 0  0 0  1 1
   259  0.4259108821219165E-03   4   1 0  1 0  0 0  1 1
   260  0.3680957535230289E-03   4   0 1  1 0  0 0  1 1
   261  -.4622878813643683E-01   4   0 0  2 0  0 0  1 1
   262  -.2054550292709640E-03   4   1 0  0 1  0 0  1 1
   263  -.1334289162120925E-03   4   0 1  0 1  0 0  1 1
   264  -.1736434664297375       4   0 0  1 1  0 0  1 1
   265  -.1187505995277803       4   0 0  0 2  0 0  1 1
   266  -.4179915260733990E-01   4   2 0  0 0  0 0  0 2
   267  -.7330740862087566E-01   4   1 1  0 0  0 0  0 2
   268  -.3212981682472300E-01   4   0 2  0 0  0 0  0 2
   269  -.4199464164071148E-03   4   1 0  1 0  0 0  0 2
   270  -.4107321880397354E-03   4   0 1  1 0  0 0  0 2
   271  -.5855578340902196E-02   4   0 0  2 0  0 0  0 2
   272  -.3267334907514907E-03   4   1 0  0 1  0 0  0 2
   273  -.3275194652554272E-03   4   0 1  0 1  0 0  0 2
   274  -.1188881367175305E-01   4   0 0  1 1  0 0  0 2
   275  -.5854476783970447E-02   4   0 0  0 2  0 0  0 2
   276  -.2279223981884621       4   1 0  0 0  0 3  0 0
   277  -.9556570268822959       4   0 1  0 0  0 3  0 0
   278  -.1070885021909444E-04   4   0 0  1 0  0 3  0 0
   279  -.2255713478581386E-04   4   0 0  0 1  0 3  0 0
   280  -.1579063701757201       4   1 0  0 0  0 2  1 0
   281  -.8394892399114446       4   0 1  0 0  0 2  1 0
   282  -.7110614530858408E-05   4   0 0  1 0  0 2  1 0
   283  -.2221368058375436E-04   4   0 0  0 1  0 2  1 0
   284  -.1580470874132990       4   1 0  0 0  0 1  2 0
   285  -.8397211434956848       4   0 1  0 0  0 1  2 0
   286  -.7117848943466435E-05   4   0 0  1 0  0 1  2 0
   287  -.2221431261229719E-04   4   0 0  0 1  0 1  2 0
   288  -.2273561991460763       4   1 0  0 0  0 0  3 0
   289  -.9531637984157069       4   0 1  0 0  0 0  3 0
   290  -.1068245490712320E-04   4   0 0  1 0  0 0  3 0
   291  -.2249667337276590E-04   4   0 0  0 1  0 0  3 0
   292  0.3157600328136359       4   1 0  0 0  0 2  0 1
   293  0.6651405327494574       4   0 1  0 0  0 2  0 1
   294  0.1300330956248198E-04   4   0 0  1 0  0 2  0 1
   295  0.2432375631905826E-04   4   0 0  0 1  0 2  0 1
   296  0.2466466173287267       4   1 0  0 0  0 1  1 1
   297  0.6982913379374909       4   0 1  0 0  0 1  1 1
   298  0.9471282342495122E-05   4   0 0  1 0  0 1  1 1
   299  0.2415453917046244E-04   4   0 0  0 1  0 1  1 1
   300  0.3151691351459558       4   1 0  0 0  0 0  2 1
   301  0.6637755541808368       4   0 1  0 0  0 0  2 1
   302  0.1297943731859231E-04   4   0 0  1 0  0 0  2 1
   303  0.2427476953391715E-04   4   0 0  0 1  0 0  2 1
   304  -.5402029242405537E-01   4   1 0  0 0  0 1  0 2
   305  -.6643646459748273E-01   4   0 1  0 0  0 1  0 2
   306  -.5620965683564887E-06   4   0 0  1 0  0 1  0 2
   307  -.1096684502621206E-05   4   0 0  0 1  0 1  0 2
   308  -.5394759446040027E-01   4   1 0  0 0  0 0  1 2
   309  -.6634705753447029E-01   4   0 1  0 0  0 0  1 2
   310  -.5613401252855240E-06   4   0 0  1 0  0 0  1 2
   311  -.1095208636302555E-05   4   0 0  0 1  0 0  1 2
   312  0.1619412780404125E-02   4   1 0  0 0  0 0  0 3
   313  0.1304398385533065E-02   4   0 1  0 0  0 0  0 3
   314  0.1037055485181119E-06   4   0 0  1 0  0 0  0 3
   315  0.8376204250494741E-07   4   0 0  0 1  0 0  0 3
   316  -.3366153278355222E-04   4   0 0  0 0  0 4  0 0
   317  -.2310697927387923E-04   4   0 0  0 0  0 3  1 0
   318  -.2171453749543168E-04   4   0 0  0 0  0 2  2 0
   319  -.2313711794834243E-04   4   0 0  0 0  0 1  3 0
   320  -.3355544571780389E-04   4   0 0  0 0  0 0  4 0
   321  0.9007809694266788E-05   4   0 0  0 0  0 3  0 1
   322  0.9477540653901942E-05   4   0 0  0 0  0 2  1 1
   323  0.9476567970818892E-05   4   0 0  0 0  0 1  2 1
   324  0.8983257644977298E-05   4   0 0  0 0  0 0  3 1
   325  -.6831553831551482E-06   4   0 0  0 0  0 2  0 2
   326  -.8507879206830393E-06   4   0 0  0 0  0 1  1 2
   327  -.6816635496927889E-06   4   0 0  0 0  0 0  2 2
   328  0.1780693489169453E-07   4   0 0  0 0  0 1  0 3
   329  0.1778297115792906E-07   4   0 0  0 0  0 0  1 3
   330  -.5901387682679210E-14   4   0 0  0 0  0 0  0 4
   ----------------------------------------------------
     I  COEFFICIENT            ORDER EXPONENTS
     1  0.4353469452514241E-04   0   0 0  0 0  0 0  0 0
     2   2.913382070347823       1   1 0  0 0  0 0  0 0
     3   3.668566031068136       1   0 1  0 0  0 0  0 0
     4  0.8331197184399322E-04   1   0 0  1 0  0 0  0 0
     5  0.7668707493573835E-04   1   0 0  0 1  0 0  0 0
     6  0.1897793907600883E-05   1   0 0  0 0  0 1  0 0
     7  0.1895239945999923E-05   1   0 0  0 0  0 0  1 0
     8  0.3974166068001275E-04   1   0 0  0 0  0 0  0 1
     9  -.7790265995265925       2   2 0  0 0  0 0  0 0
    10  -1.426074620955635       2   1 1  0 0  0 0  0 0
    11  -.6560050282261840       2   0 2  0 0  0 0  0 0
    12  0.3415124223732387E-02   2   1 0  1 0  0 0  0 0
    13  0.2492192270366069E-02   2   0 1  1 0  0 0  0 0
    14  0.5008967819564848       2   0 0  2 0  0 0  0 0
    15  0.3118194212590413E-02   2   1 0  0 1  0 0  0 0
    16  0.2339091901908132E-02   2   0 1  0 1  0 0  0 0
    17  0.9172749552505016       2   0 0  1 1  0 0  0 0
    18  0.4242188604884962       2   0 0  0 2  0 0  0 0
    19  -.1759479131433464       2   1 0  0 0  0 1  0 0
    20  -1.484108357451411       2   0 1  0 0  0 1  0 0
    21  -.4747193958979279E-05   2   0 0  1 0  0 1  0 0
    22  -.4299693282761495E-04   2   0 0  0 1  0 1  0 0
    23  -.1757111307339739       2   1 0  0 0  0 0  1 0
    24  -1.482111114367555       2   0 1  0 0  0 0  1 0
    25  -.4740805409076750E-05   2   0 0  1 0  0 0  1 0
    26  -.4293906958179068E-04   2   0 0  0 1  0 0  1 0
    27   3.265041114391167       2   1 0  0 0  0 0  0 1
    28   2.966219471985482       2   0 1  0 0  0 0  0 1
    29  0.9279982334690781E-04   2   0 0  1 0  0 0  0 1
    30  0.8593585639470326E-04   2   0 0  0 1  0 0  0 1
    31  -.1505189675214976E-05   2   0 0  0 0  0 2  0 0
    32  -.1113634672295111E-05   2   0 0  0 0  0 1  1 0
    33  -.1502414723357259E-05   2   0 0  0 0  0 0  2 0
    34  0.4124013549529572E-05   2   0 0  0 0  0 1  0 1
    35  0.4118463646452851E-05   2   0 0  0 0  0 0  1 1
    36  -.4121238343477548E-05   2   0 0  0 0  0 0  0 2
    37  -13.03137180353380       3   3 0  0 0  0 0  0 0
    38  -37.86193906864423       3   2 1  0 0  0 0  0 0
    39  -37.96674478471405       3   1 2  0 0  0 0  0 0
    40  -11.70166838867997       3   0 3  0 0  0 0  0 0
    41  -.5974557021703547E-01   3   2 0  1 0  0 0  0 0
    42  -.1083748475446852       3   1 1  1 0  0 0  0 0
    43  -.4939160810808264E-01   3   0 2  1 0  0 0  0 0
    44  -16.57234306212325       3   1 0  2 0  0 0  0 0
    45  -13.06686143349405       3   0 1  2 0  0 0  0 0
    46  0.1272384191923276E-01   3   0 0  3 0  0 0  0 0
    47  -.5650813254775363E-01   3   2 0  0 1  0 0  0 0
    48  -.1034400850516836       3   1 1  0 1  0 0  0 0
    49  -.4752823909645593E-01   3   0 2  0 1  0 0  0 0
    50  -35.34255534289681       3   1 0  1 1  0 0  0 0
    51  -29.25973856882425       3   0 1  1 1  0 0  0 0
    52  0.3465908242530387E-01   3   0 0  2 1  0 0  0 0
    53  -16.63425483243849       3   1 0  0 2  0 0  0 0
    54  -12.82071654619772       3   0 1  0 2  0 0  0 0
    55  0.3179037569983472E-01   3   0 0  1 2  0 0  0 0
    56  0.9860756526606848E-02   3   0 0  0 3  0 0  0 0
    57  0.1300869483845797       3   2 0  0 0  0 1  0 0
    58  0.9452387952109635       3   1 1  0 0  0 1  0 0
    59  0.7595861655271205       3   0 2  0 0  0 1  0 0
    60  -.1363111750698914E-02   3   1 0  1 0  0 1  0 0
    61  -.2285137399287103E-02   3   0 1  1 0  0 1  0 0
    62  0.1822388771865744E-01   3   0 0  2 0  0 1  0 0
    63  -.3014400359520589E-02   3   1 0  0 1  0 1  0 0
    64  -.3512939057056099E-02   3   0 1  0 1  0 1  0 0
    65  -.4203349006245420       3   0 0  1 1  0 1  0 0
    66  -.4048948515288580       3   0 0  0 2  0 1  0 0
    67  0.1299118835002291       3   2 0  0 0  0 0  1 0
    68  0.9439667373879307       3   1 1  0 0  0 0  1 0
    69  0.7585639502636101       3   0 2  0 0  0 0  1 0
    70  -.1361277339146056E-02   3   1 0  1 0  0 0  1 0
    71  -.2282062169069939E-02   3   0 1  1 0  0 0  1 0
    72  0.1819936286942796E-01   3   0 0  2 0  0 0  1 0
    73  -.3010343721580518E-02   3   1 0  0 1  0 0  1 0
    74  -.3508211509232197E-02   3   0 1  0 1  0 0  1 0
    75  -.4197692337249786       3   0 0  1 1  0 0  1 0
    76  -.4043499631197041       3   0 0  0 2  0 0  1 0
    77  -1.039028058769332       3   2 0  0 0  0 0  0 1
    78  -1.889209953524102       3   1 1  0 0  0 0  0 1
    79  -.8621469443431174       3   0 2  0 0  0 0  0 1
    80  0.6135546269039067E-02   3   1 0  1 0  0 0  0 1
    81  0.4563200702981717E-02   3   0 1  1 0  0 0  0 1
    82  0.4644751052189641       3   0 0  2 0  0 0  0 1
    83  0.6020441863812260E-02   3   1 0  0 1  0 0  0 1
    84  0.4677669609358554E-02   3   0 1  0 1  0 0  0 1
    85  0.8401067852268070       3   0 0  1 1  0 0  0 1
    86  0.3850270621488207       3   0 0  0 2  0 0  0 1
    87  0.1355569135464622       3   1 0  0 0  0 2  0 0
    88   1.190298041346106       3   0 1  0 0  0 2  0 0
    89  0.3261455320800743E-05   3   0 0  1 0  0 2  0 0
    90  0.3425547777862924E-04   3   0 0  0 1  0 2  0 0
    91  0.9527392373049229E-01   3   1 0  0 0  0 1  1 0
    92  0.8972755270102611       3   0 1  0 0  0 1  1 0
    93  0.1768188265472262E-05   3   0 0  1 0  0 1  1 0
    94  0.2553858932600857E-04   3   0 0  0 1  0 1  1 0
    95  0.1353103798625619       3   1 0  0 0  0 0  2 0
    96   1.188092438780305       3   0 1  0 0  0 0  2 0
    97  0.3255876435721576E-05   3   0 0  1 0  0 0  2 0
    98  0.3419219405607725E-04   3   0 0  0 1  0 0  2 0
    99  -.3663870049294375       3   1 0  0 0  0 1  0 1
   100  -1.793762625818432       3   0 1  0 0  0 1  0 1
   101  -.8385913040297844E-05   3   0 0  1 0  0 1  0 1
   102  -.5113978483041190E-04   3   0 0  0 1  0 1  0 1
   103  -.3658939385654205       3   1 0  0 0  0 0  1 1
   104  -1.791348664613705       3   0 1  0 0  0 0  1 1
   105  -.8374627673742361E-05   3   0 0  1 0  0 0  1 1
   106  -.5107096331812144E-04   3   0 0  0 1  0 0  1 1
   107  0.3661400406806341       3   1 0  0 0  0 0  0 2
   108  0.3094455515914393       3   0 1  0 0  0 0  0 2
   109  0.8416405621640709E-05   3   0 0  1 0  0 0  0 2
   110  0.8198175089129351E-05   3   0 0  0 1  0 0  0 2
   111  0.1309146791516538E-05   3   0 0  0 0  0 3  0 0
   112  0.9189557137472933E-06   3   0 0  0 0  0 2  1 0
   113  0.9197398084947259E-06   3   0 0  0 0  0 1  2 0
   114  0.1305886599524387E-05   3   0 0  0 0  0 0  3 0
   115  -.3344676823328017E-05   3   0 0  0 0  0 2  0 1
   116  -.2568115735621576E-05   3   0 0  0 0  0 1  1 1
   117  -.3338447690325249E-05   3   0 0  0 0  0 0  2 1
   118  0.2568388186742933E-05   3   0 0  0 0  0 1  0 2
   119  0.2564931770965426E-05   3   0 0  0 0  0 0  1 2
   120  -.3375340559845564E-06   3   0 0  0 0  0 0  0 3
   121  -82.23393097641700       4   4 0  0 0  0 0  0 0
   122  -304.8570214858477       4   3 1  0 0  0 0  0 0
   123  -425.5325815780839       4   2 2  0 0  0 0  0 0
   124  -265.7130538694199       4   1 3  0 0  0 0  0 0
   125  -62.76300243401675       4   0 4  0 0  0 0  0 0
   126  -.4074654677746928E-01   4   3 0  1 0  0 0  0 0
   127  -.1076800975643057       4   2 1  1 0  0 0  0 0
   128  -.9530608445214493E-01   4   1 2  1 0  0 0  0 0
   129  -.2692845351445805E-01   4   0 3  1 0  0 0  0 0
   130   332.0711187031290       4   2 0  2 0  0 0  0 0
   131   597.5659935693639       4   1 1  2 0  0 0  0 0
   132   270.2347066460488       4   0 2  2 0  0 0  0 0
   133  0.3159654843124222E-01   4   1 0  3 0  0 0  0 0
   134  0.3046886729386783E-01   4   0 1  3 0  0 0  0 0
   135  -38.06055382255764       4   0 0  4 0  0 0  0 0
   136  -.3836538148829916E-01   4   3 0  0 1  0 0  0 0
   137  -.1027460118597957       4   2 1  0 1  0 0  0 0
   138  -.9073370688431516E-01   4   1 2  0 1  0 0  0 0
   139  -.2540722957044451E-01   4   0 3  0 1  0 0  0 0
   140   623.1344270798384       4   2 0  1 1  0 0  0 0
   141   1129.841115055430       4   1 1  1 1  0 0  0 0
   142   515.2151520144798       4   0 2  1 1  0 0  0 0
   143  0.9153713412340414E-01   4   1 0  2 1  0 0  0 0
   144  0.8847205040765579E-01   4   0 1  2 1  0 0  0 0
   145  -137.2629210219686       4   0 0  3 1  0 0  0 0
   146   294.4522740456703       4   2 0  0 2  0 0  0 0
   147   537.1748730495303       4   1 1  0 2  0 0  0 0
   148   246.6252997140795       4   0 2  0 2  0 0  0 0
   149  0.8843059860570311E-01   4   1 0  1 2  0 0  0 0
   150  0.8666105330399529E-01   4   0 1  1 2  0 0  0 0
   151  -187.3826129876939       4   0 0  2 2  0 0  0 0
   152  0.2996870933281870E-01   4   1 0  0 3  0 0  0 0
   153  0.2972338549472912E-01   4   0 1  0 3  0 0  0 0
   154  -114.3482810652359       4   0 0  1 3  0 0  0 0
   155  -26.22230739496733       4   0 0  0 4  0 0  0 0
   156   10.18138301869494       4   3 0  0 0  0 1  0 0
   157   48.00843923602066       4   2 1  0 0  0 1  0 0
   158   65.66412666675200       4   1 2  0 0  0 1  0 0
   159   26.27464138408161       4   0 3  0 0  0 1  0 0
   160  -.5433233301812571E-02   4   2 0  1 0  0 1  0 0
   161  0.3738733758659770E-01   4   1 1  1 0  0 1  0 0
   162  0.3833170127614910E-01   4   0 2  1 0  0 1  0 0
   163   5.600391617943143       4   1 0  2 0  0 1  0 0
   164   10.36088543360649       4   0 1  2 0  0 1  0 0
   165  0.1122902974423498E-02   4   0 0  3 0  0 1  0 0
   166  0.1839180975363560E-01   4   2 0  0 1  0 1  0 0
   167  0.7815093405992968E-01   4   1 1  0 1  0 1  0 0
   168  0.5612227790122781E-01   4   0 2  0 1  0 1  0 0
   169   31.05447110817701       4   1 0  1 1  0 1  0 0
   170   39.46941979929388       4   0 1  1 1  0 1  0 0
   171  -.1182753186490729E-01   4   0 0  2 1  0 1  0 0
   172   23.91347403850357       4   1 0  0 2  0 1  0 0
   173   25.04569929233075       4   0 1  0 2  0 1  0 0
   174  -.2422856728834547E-01   4   0 0  1 2  0 1  0 0
   175  -.1160467524671104E-01   4   0 0  0 3  0 1  0 0
   176   10.16768139326052       4   3 0  0 0  0 0  1 0
   177   47.94383174105692       4   2 1  0 0  0 0  1 0
   178   65.57575897972791       4   1 2  0 0  0 0  1 0
   179   26.23928220998821       4   0 3  0 0  0 0  1 0
   180  -.5425921512494378E-02   4   2 0  1 0  0 0  1 0
   181  0.3733702346967799E-01   4   1 1  1 0  0 0  1 0
   182  0.3828011627908220E-01   4   0 2  1 0  0 0  1 0
   183   5.592854874841032       4   1 0  2 0  0 0  1 0
   184   10.34694224228157       4   0 1  2 0  0 0  1 0
   185  0.1121391824521103E-02   4   0 0  3 0  0 0  1 0
   186  0.1836705892284517E-01   4   2 0  0 1  0 0  1 0
   187  0.7804576221599778E-01   4   1 1  0 1  0 0  1 0
   188  0.5604675118457968E-01   4   0 2  0 1  0 0  1 0
   189   31.01267946450618       4   1 0  1 1  0 0  1 0
   190   39.41630371425733       4   0 1  1 1  0 0  1 0
   191  -.1181161492993576E-01   4   0 0  2 1  0 0  1 0
   192   23.88129241214554       4   1 0  0 2  0 0  1 0
   193   25.01199397058606       4   0 1  0 2  0 0  1 0
   194  -.2419596162434164E-01   4   0 0  1 2  0 0  1 0
   195  -.1158905822167342E-01   4   0 0  0 3  0 0  1 0
   196  -33.38964743618704       4   3 0  0 0  0 0  0 1
   197  -95.98152393808640       4   2 1  0 0  0 0  0 1
   198  -93.30427179768860       4   1 2  0 0  0 0  0 1
   199  -29.12167864098348       4   0 3  0 0  0 0  0 1
   200  0.2562638839686566E-03   4   2 0  1 0  0 0  0 1
   201  0.6109103418460297E-03   4   1 1  1 0  0 0  0 1
   202  0.3569679215187702E-03   4   0 2  1 0  0 0  0 1
   203  -27.74698857853092       4   1 0  2 0  0 0  0 1
   204  -20.68946220216385       4   0 1  2 0  0 0  0 1
   205  -.7868681285577771E-03   4   0 0  3 0  0 0  0 1
   206  0.4775690161992858E-03   4   2 0  0 1  0 0  0 1
   207  0.8227537290045022E-03   4   1 1  0 1  0 0  0 1
   208  0.4126841585569579E-03   4   0 2  0 1  0 0  0 1
   209  -62.02745306186033       4   1 0  1 1  0 0  0 1
   210  -49.58611977713052       4   0 1  1 1  0 0  0 1
   211  -.2392681386941710E-02   4   0 0  2 1  0 0  0 1
   212  -31.13904957162329       4   1 0  0 2  0 0  0 1
   213  -24.39442707766745       4   0 1  0 2  0 0  0 1
   214  -.2385357170586062E-02   4   0 0  1 2  0 0  0 1
   215  -.7345154620815621E-03   4   0 0  0 3  0 0  0 1
   216  -.1036099618608102       4   2 0  0 0  0 2  0 0
   217  -.8332421521530669       4   1 1  0 0  0 2  0 0
   218  -.8398754694759413       4   0 2  0 0  0 2  0 0
   219  -.6780435360211964E-03   4   1 0  1 0  0 2  0 0
   220  0.7300787732760638E-03   4   0 1  1 0  0 2  0 0
   221  -.1097866207086303E-01   4   0 0  2 0  0 2  0 0
   222  0.1160671296184857E-02   4   1 0  0 1  0 2  0 0
   223  0.2733585157282756E-02   4   0 1  0 1  0 2  0 0
   224  0.3011938492741233       4   0 0  1 1  0 2  0 0
   225  0.3926321582473309       4   0 0  0 2  0 2  0 0
   226  -.7927768538277416E-01   4   2 0  0 0  0 1  1 0
   227  -.7267287376874217       4   1 1  0 0  0 1  1 0
   228  -.9228032787907029       4   0 2  0 0  0 1  1 0
   229  -.8136144141740008E-03   4   1 0  1 0  0 1  1 0
   230  0.8117621101439135E-03   4   0 1  1 0  0 1  1 0
   231  -.3318868629581768E-02   4   0 0  2 0  0 1  1 0
   232  0.1269082924439008E-02   4   1 0  0 1  0 1  1 0
   233  0.3672995402937077E-02   4   0 1  0 1  0 1  1 0
   234  0.1826356308832779       4   0 0  1 1  0 1  1 0
   235  0.3804227279213688       4   0 0  0 2  0 1  1 0
   236  -.1034171843707287       4   2 0  0 0  0 0  2 0
   237  -.8316318154912229       4   1 1  0 0  0 0  2 0
   238  -.8381242720698889       4   0 2  0 0  0 0  2 0
   239  -.6765835950183664E-03   4   1 0  1 0  0 0  2 0
   240  0.7285500520750058E-03   4   0 1  1 0  0 0  2 0
   241  -.1096165431635974E-01   4   0 0  2 0  0 0  2 0
   242  0.1158255383460044E-02   4   1 0  0 1  0 0  2 0
   243  0.2727434955151995E-02   4   0 1  0 1  0 0  2 0
   244  0.3006656255741835       4   0 0  1 1  0 0  2 0
   245  0.3918477949036073       4   0 0  0 2  0 0  2 0
   246  0.2894314606172290       4   2 0  0 0  0 1  0 1
   247   1.456855655183406       4   1 1  0 0  0 1  0 1
   248   1.088806389397984       4   0 2  0 0  0 1  0 1
   249  0.1090330519442251E-02   4   1 0  1 0  0 1  0 1
   250  -.1186614597334358E-02   4   0 1  1 0  0 1  0 1
   251  0.2499806310229952E-01   4   0 0  2 0  0 1  0 1
   252  -.1662489157737799E-02   4   1 0  0 1  0 1  0 1
   253  -.3299510079895755E-02   4   0 1  0 1  0 1  0 1
   254  -.3640219660212552       4   0 0  1 1  0 1  0 1
   255  -.3554767468376481       4   0 0  0 2  0 1  0 1
   256  0.2890419573979605       4   2 0  0 0  0 0  1 1
   257   1.454895087501884       4   1 1  0 0  0 0  1 1
   258   1.087341125072796       4   0 2  0 0  0 0  1 1
   259  0.1088863204014683E-02   4   1 0  1 0  0 0  1 1
   260  -.1185017707332472E-02   4   0 1  1 0  0 0  1 1
   261  0.2496442188709400E-01   4   0 0  2 0  0 0  1 1
   262  -.1660251858179715E-02   4   1 0  0 1  0 0  1 1
   263  -.3295069754730755E-02   4   0 1  0 1  0 0  1 1
   264  -.3635320824151455       4   0 0  1 1  0 0  1 1
   265  -.3549983629847931       4   0 0  0 2  0 0  1 1
   266  -.2921697819553958       4   2 0  0 0  0 0  0 2
   267  -.5183640463946874       4   1 1  0 0  0 0  0 2
   268  -.2298117708679616       4   0 2  0 0  0 0  0 2
   269  -.1216685666941050E-04   4   1 0  1 0  0 0  0 2
   270  -.5474270289635397E-04   4   0 1  1 0  0 0  0 2
   271  -.2470271647201046E-01   4   0 0  2 0  0 0  0 2
   272  -.1111722354310529E-04   4   1 0  0 1  0 0  0 2
   273  -.4495231305406793E-04   4   0 1  0 1  0 0  0 2
   274  -.5646392195917085E-01   4   0 0  1 1  0 0  0 2
   275  -.3005623278431692E-01   4   0 0  0 2  0 0  0 2
   276  -.1154409498834138       4   1 0  0 0  0 3  0 0
   277  -1.045030407970043       4   0 1  0 0  0 3  0 0
   278  -.4493145597602193E-05   4   0 0  1 0  0 3  0 0
   279  -.3563074621248144E-04   4   0 0  0 1  0 3  0 0
   280  -.7517547409539509E-01   4   1 0  0 0  0 2  1 0
   281  -.7546211122587944       4   0 1  0 0  0 2  1 0
   282  -.2272715652827426E-05   4   0 0  1 0  0 2  1 0
   283  -.2474864464151355E-04   4   0 0  0 1  0 2  1 0
   284  -.7525644156076534E-01   4   1 0  0 0  0 1  2 0
   285  -.7552045020695528       4   0 1  0 0  0 1  2 0
   286  -.2277185671816839E-05   4   0 0  1 0  0 1  2 0
   287  -.2477051477703466E-04   4   0 0  0 1  0 1  2 0
   288  -.1151574018076075       4   1 0  0 0  0 0  3 0
   289  -1.042413796798999       4   0 1  0 0  0 0  3 0
   290  -.4482548408885062E-05   4   0 0  1 0  0 0  3 0
   291  -.3554219061807944E-04   4   0 0  0 1  0 0  3 0
   292  0.2858752105221090       4   1 0  0 0  0 2  0 1
   293   1.509033855268041       4   0 1  0 0  0 2  0 1
   294  0.6088647099867310E-05   4   0 0  1 0  0 2  0 1
   295  0.4563509979897349E-04   4   0 0  0 1  0 2  0 1
   296  0.2055346825080436       4   1 0  0 0  0 1  1 1
   297   1.225023709415966       4   0 1  0 0  0 1  1 1
   298  0.3658706691072819E-05   4   0 0  1 0  0 1  1 1
   299  0.3535498034545372E-04   4   0 0  0 1  0 1  1 1
   300  0.2853521936920198       4   1 0  0 0  0 0  2 1
   301   1.506178779036542       4   0 1  0 0  0 0  2 1
   302  0.6077991428030380E-05   4   0 0  1 0  0 0  2 1
   303  0.4554989669920858E-04   4   0 0  0 1  0 0  2 1
   304  -.2053963818817144       4   1 0  0 0  0 1  0 2
   305  -.3277254659504592       4   0 1  0 0  0 1  0 2
   306  -.1649106337206839E-05   4   0 0  1 0  0 1  0 2
   307  -.4644850403165198E-05   4   0 0  0 1  0 1  0 2
   308  -.2051199691109755       4   1 0  0 0  0 0  1 2
   309  -.3272844284635496       4   0 1  0 0  0 0  1 2
   310  -.1646887047617982E-05   4   0 0  1 0  0 0  1 2
   311  -.4638599582396867E-05   4   0 0  0 1  0 0  1 2
   312  0.1478484586972434E-01   4   1 0  0 0  0 0  0 3
   313  0.1203317150515606E-01   4   0 1  0 0  0 0  0 3
   314  0.9377540045161102E-06   4   0 0  1 0  0 0  0 3
   315  0.7679799128402059E-06   4   0 0  0 1  0 0  0 3
   316  -.3699128212181042E-04   4   0 0  0 0  0 4  0 0
   317  -.2378339704451675E-04   4   0 0  0 0  0 3  1 0
   318  -.2203704568018243E-04   4   0 0  0 0  0 2  2 0
   319  -.2382114077777083E-04   4   0 0  0 0  0 1  3 0
   320  -.3687578164898538E-04   4   0 0  0 0  0 0  4 0
   321  0.4563787689245568E-04   4   0 0  0 0  0 3  0 1
   322  0.3236615737027361E-04   4   0 0  0 0  0 2  1 1
   323  0.3239282407349184E-04   4   0 0  0 0  0 1  2 1
   324  0.4552400187601076E-04   4   0 0  0 0  0 0  3 1
   325  -.3892042874293908E-05   4   0 0  0 0  0 2  0 2
   326  -.4714739051928048E-05   4   0 0  0 0  0 1  1 2
   327  -.3883632709610128E-05   4   0 0  0 0  0 0  2 2
   328  0.3826391167134728E-07   4   0 0  0 0  0 1  0 3
   329  0.3821241790233568E-07   4   0 0  0 0  0 0  1 3
   330  0.1590521582905176E-12   4   0 0  0 0  0 0  0 4
   ----------------------------------------------------
     I  COEFFICIENT            ORDER EXPONENTS
     1  0.1428704960168803E-04   0   0 0  0 0  0 0  0 0
     2  0.1817231778160436E-04   1   1 0  0 0  0 0  0 0
     3  0.1608535934819193E-04   1   0 1  0 0  0 0  0 0
     4  0.4772466363178972       1   0 0  1 0  0 0  0 0
     5  0.6769999261233881       1   0 0  0 1  0 0  0 0
     6  -.2070262709099729E-04   1   0 0  0 0  0 1  0 0
     7  -.2067476647113924E-04   1   0 0  0 0  0 0  1 0
     8  0.4137739356226214E-04   1   0 0  0 0  0 0  0 1
     9  0.4864086265580211E-03   2   2 0  0 0  0 0  0 0
    10  0.9419474050929822E-03   2   1 1  0 0  0 0  0 0
    11  0.4949298332553979E-03   2   0 2  0 0  0 0  0 0
    12  0.2234897457125706       2   1 0  1 0  0 0  0 0
    13  0.1988888108710982       2   0 1  1 0  0 0  0 0
    14  0.6342605130464548E-04   2   0 0  2 0  0 0  0 0
    15  0.2040657177743922       2   1 0  0 1  0 0  0 0
    16  0.1827935720002158       2   0 1  0 1  0 0  0 0
    17  0.1278122736394447E-03   2   0 0  1 1  0 0  0 0
    18  0.1099795475950650E-03   2   0 0  0 2  0 0  0 0
    19  -.9894879007580208E-05   2   1 0  0 0  0 1  0 0
    20  -.1686920545972771E-04   2   0 1  0 0  0 1  0 0
    21  0.2395837292124652       2   0 0  1 0  0 1  0 0
    22  -.1227482464353895       2   0 0  0 1  0 1  0 0
    23  -.9881562945741256E-05   2   1 0  0 0  0 0  1 0
    24  -.1684650367803809E-04   2   0 1  0 0  0 0  1 0
    25  0.2392613087208812       2   0 0  1 0  0 0  1 0
    26  -.1225830576302613       2   0 0  0 1  0 0  1 0
    27  0.1977641478635386E-04   2   1 0  0 0  0 0  0 1
    28  0.1763032306693659E-04   2   0 1  0 0  0 0  0 1
    29  -.4788450379537869       2   0 0  1 0  0 0  0 1
    30  -.4316686220784642       2   0 0  0 1  0 0  0 1
    31  0.1468604955718438E-04   2   0 0  0 0  0 2  0 0
    32  0.8685632614543692E-05   2   0 0  0 0  0 1  1 0
    33  0.1466044140620950E-04   2   0 0  0 0  0 0  2 0
    34  -.1735511597573289E-04   2   0 0  0 0  0 1  0 1
    35  -.1733176027857104E-04   2   0 0  0 0  0 0  1 1
    36  -.3345251649379404E-05   2   0 0  0 0  0 0  0 2
    37  -.4330705512774034E-02   3   3 0  0 0  0 0  0 0
    38  -.1170222691383674E-01   3   2 1  0 0  0 0  0 0
    39  -.1058118498872378E-01   3   1 2  0 0  0 0  0 0
    40  -.3193032463068067E-02   3   0 3  0 0  0 0  0 0
    41  -4.496057343295326       3   2 0  1 0  0 0  0 0
    42  -9.413376163724564       3   1 1  1 0  0 0  0 0
    43  -5.288630520816390       3   0 2  1 0  0 0  0 0
    44  0.8601545605684789E-02   3   1 0  2 0  0 0  0 0
    45  0.7594084965073055E-02   3   0 1  2 0  0 0  0 0
    46  -.8250181946202945       3   0 0  3 0  0 0  0 0
    47  -4.957136167187204       3   2 0  0 1  0 0  0 0
    48  -9.722540018823619       3   1 1  0 1  0 0  0 0
    49  -4.822977587103031       3   0 2  0 1  0 0  0 0
    50  0.1559331926152694E-01   3   1 0  1 1  0 0  0 0
    51  0.1385836437989559E-01   3   0 1  1 1  0 0  0 0
    52  -1.990008310866368       3   0 0  2 1  0 0  0 0
    53  0.7161445212234691E-02   3   1 0  0 2  0 0  0 0
    54  0.6416208928226648E-02   3   0 1  0 2  0 0  0 0
    55  -2.100177959417241       3   0 0  1 2  0 0  0 0
    56  -.5509292208057255       3   0 0  0 3  0 0  0 0
    57  -.4807843051850326E-03   3   2 0  0 0  0 1  0 0
    58  -.1425879822411776E-02   3   1 1  0 0  0 1  0 0
    59  -.9810438134182700E-03   3   0 2  0 0  0 1  0 0
    60  -.1007726157834382       3   1 0  1 0  0 1  0 0
    61  -.1884152861289879       3   0 1  1 0  0 1  0 0
    62  -.2211630109194908E-03   3   0 0  2 0  0 1  0 0
    63  -.1961333940212650       3   1 0  0 1  0 1  0 0
    64  -.2664458419398903       3   0 1  0 1  0 1  0 0
    65  -.3616556045992020E-03   3   0 0  1 1  0 1  0 0
    66  -.2174001116511531E-03   3   0 0  0 2  0 1  0 0
    67  -.4801372883256927E-03   3   2 0  0 0  0 0  1 0
    68  -.1423960940546160E-02   3   1 1  0 0  0 0  1 0
    69  -.9797235708891643E-03   3   0 2  0 0  0 0  1 0
    70  -.1006370007463658       3   1 0  1 0  0 0  1 0
    71  -.1881617257166205       3   0 1  1 0  0 0  1 0
    72  -.2208653801624476E-03   3   0 0  2 0  0 0  1 0
    73  -.1958694469430379       3   1 0  0 1  0 0  1 0
    74  -.2660872716829654       3   0 1  0 1  0 0  1 0
    75  -.3611689055307716E-03   3   0 0  1 1  0 0  1 0
    76  -.2171075448266055E-03   3   0 0  0 2  0 0  1 0
    77  0.9604407907093482E-03   3   2 0  0 0  0 0  0 1
    78  0.1906898135392949E-02   3   1 1  0 0  0 0  0 1
    79  0.9703903892104649E-03   3   0 2  0 0  0 0  0 1
    80  0.2014099480975893       3   1 0  1 0  0 0  0 1
    81  0.1776884673904716       3   0 1  1 0  0 0  0 1
    82  0.4422838946063152E-03   3   0 0  2 0  0 0  0 1
    83  0.1879373904947940       3   1 0  0 1  0 0  0 1
    84  0.1669461830773051       3   0 1  0 1  0 0  0 1
    85  0.5955410115635013E-03   3   0 0  1 1  0 0  0 1
    86  0.2148232007718166E-03   3   0 0  0 2  0 0  0 1
    87  0.7834125770364995E-05   3   1 0  0 0  0 2  0 0
    88  0.1743219280077486E-04   3   0 1  0 0  0 2  0 0
    89  -.1690151281983146       3   0 0  1 0  0 2  0 0
    90  -.7102559843546297E-02   3   0 0  0 1  0 2  0 0
    91  0.5821384804363508E-05   3   1 0  0 0  0 1  1 0
    92  0.1805191015864202E-04   3   0 1  0 0  0 1  1 0
    93  -.9863610767727982E-01   3   0 0  1 0  0 1  1 0
    94  -.1366041544919588       3   0 0  0 1  0 1  1 0
    95  0.7819665900454289E-05   3   1 0  0 0  0 0  2 0
    96  0.1739658667228287E-04   3   0 1  0 0  0 0  2 0
    97  -.1687213056916158       3   0 0  1 0  0 0  2 0
    98  -.7001083836648547E-02   3   0 0  0 1  0 0  2 0
    99  -.1168806191289058E-04   3   1 0  0 0  0 1  0 1
   100  -.1931510619835340E-04   3   0 1  0 0  0 1  0 1
   101  0.1970828584355044       3   0 0  1 0  0 1  0 1
   102  0.3963059206959885       3   0 0  0 1  0 1  0 1
   103  -.1167233267000742E-04   3   1 0  0 0  0 0  1 1
   104  -.1928911283872102E-04   3   0 1  0 0  0 0  1 1
   105  0.1968176336128155       3   0 0  1 0  0 0  1 1
   106  0.3957725908651670       3   0 0  0 1  0 0  1 1
   107  0.1855919783195329E-05   3   1 0  0 0  0 0  0 2
   108  0.1763393553610672E-05   3   0 1  0 0  0 0  0 2
   109  0.4247220983731626E-01   3   0 0  1 0  0 0  0 2
   110  0.3562928995409539E-01   3   0 0  0 1  0 0  0 2
   111  -.1169341283015913E-04   3   0 0  0 0  0 3  0 0
   112  -.5711408945536810E-05   3   0 0  0 0  0 2  1 0
   113  -.5723452627848969E-05   3   0 0  0 0  0 1  2 0
   114  -.1166597027789736E-04   3   0 0  0 0  0 0  3 0
   115  0.1141830481538844E-04   3   0 0  0 0  0 2  0 1
   116  0.5497168529555937E-05   3   0 0  0 0  0 1  1 1
   117  0.1139923968372670E-04   3   0 0  0 0  0 0  2 1
   118  0.3188704661494589E-05   3   0 0  0 0  0 1  0 2
   119  0.3184413453039589E-05   3   0 0  0 0  0 0  1 2
   120  0.1058571919494897E-06   3   0 0  0 0  0 0  0 3
   121  -.1466800922075414E-02   4   4 0  0 0  0 0  0 0
   122  -.4515293100170063E-02   4   3 1  0 0  0 0  0 0
   123  -.4843119871295840E-02   4   2 2  0 0  0 0  0 0
   124  -.1542043465567069E-02   4   1 3  0 0  0 0  0 0
   125  0.2517580723386804E-03   4   0 4  0 0  0 0  0 0
   126   50.57562506999199       4   3 0  1 0  0 0  0 0
   127   137.8328286263165       4   2 1  1 0  0 0  0 0
   128   125.9256585295791       4   1 2  1 0  0 0  0 0
   129   38.65653522182986       4   0 3  1 0  0 0  0 0
   130  0.1153026944219447E-01   4   2 0  2 0  0 0  0 0
   131  0.2216409512942853E-01   4   1 1  2 0  0 0  0 0
   132  0.1117026888183109E-01   4   0 2  2 0  0 0  0 0
   133  -33.91502688315536       4   1 0  3 0  0 0  0 0
   134  -29.77889381405542       4   0 1  3 0  0 0  0 0
   135  -.3173439995430806E-03   4   0 0  4 0  0 0  0 0
   136   46.97891358906972       4   3 0  0 1  0 0  0 0
   137   128.7644710551637       4   2 1  0 1  0 0  0 0
   138   118.4054241244950       4   1 2  0 1  0 0  0 0
   139   36.60569853551733       4   0 3  0 1  0 0  0 0
   140  0.1885100177846694E-01   4   2 0  1 1  0 0  0 0
   141  0.3599868550964967E-01   4   1 1  1 1  0 0  0 0
   142  0.1778581695537120E-01   4   0 2  1 1  0 0  0 0
   143  -92.41916374452551       4   1 0  2 1  0 0  0 0
   144  -81.68374987664205       4   0 1  2 1  0 0  0 0
   145  -.2213522488536551E-02   4   0 0  3 1  0 0  0 0
   146  0.7977719747622763E-02   4   2 0  0 2  0 0  0 0
   147  0.1568049793551004E-01   4   1 1  0 2  0 0  0 0
   148  0.7906513796022844E-02   4   0 2  0 2  0 0  0 0
   149  -84.39360938642997       4   1 0  1 2  0 0  0 0
   150  -74.98472679074223       4   0 1  1 2  0 0  0 0
   151  -.3965800853880598E-02   4   0 0  2 2  0 0  0 0
   152  -25.72095783281439       4   1 0  0 3  0 0  0 0
   153  -22.94333844597552       4   0 1  0 3  0 0  0 0
   154  -.2829261445273751E-02   4   0 0  1 3  0 0  0 0
   155  -.6855920405599793E-03   4   0 0  0 4  0 0  0 0
   156  0.4864004187236645E-03   4   3 0  0 0  0 1  0 0
   157  0.6351884438879211E-02   4   2 1  0 0  0 1  0 0
   158  0.1021820679336025E-01   4   1 2  0 0  0 1  0 0
   159  0.4402473468576007E-02   4   0 3  0 0  0 1  0 0
   160   5.190976683666795       4   2 0  1 0  0 1  0 0
   161   15.27012377871896       4   1 1  1 0  0 1  0 0
   162   10.76678489772073       4   0 2  1 0  0 1  0 0
   163  -.7267464503556041E-03   4   1 0  2 0  0 1  0 0
   164  -.4065452098981655E-02   4   0 1  2 0  0 1  0 0
   165   1.128801353165324       4   0 0  3 0  0 1  0 0
   166   7.477052866567284       4   2 0  0 1  0 1  0 0
   167   19.68946776511850       4   1 1  0 1  0 1  0 0
   168   12.43013357631165       4   0 2  0 1  0 1  0 0
   169  -.8094489543978341E-02   4   1 0  1 1  0 1  0 0
   170  -.1335496430707570E-01   4   0 1  1 1  0 1  0 0
   171   3.349200869056688       4   0 0  2 1  0 1  0 0
   172  -.6826074635697132E-02   4   1 0  0 2  0 1  0 0
   173  -.8939158245113661E-02   4   0 1  0 2  0 1  0 0
   174   3.797237216669583       4   0 0  1 2  0 1  0 0
   175   1.384362634932509       4   0 0  0 3  0 1  0 0
   176  0.4857458439634072E-03   4   3 0  0 0  0 0  1 0
   177  0.6343336372155329E-02   4   2 1  0 0  0 0  1 0
   178  0.1020445561222517E-01   4   1 2  0 0  0 0  1 0
   179  0.4396548827263389E-02   4   0 3  0 0  0 0  1 0
   180   5.183990911888154       4   2 0  1 0  0 0  1 0
   181   15.24957396579353       4   1 1  1 0  0 0  1 0
   182   10.75229546602636       4   0 2  1 0  0 0  1 0
   183  -.7257684292330910E-03   4   1 0  2 0  0 0  1 0
   184  -.4059981005144965E-02   4   0 1  2 0  0 0  1 0
   185   1.127282265502801       4   0 0  3 0  0 0  1 0
   186   7.466990601200740       4   2 0  0 1  0 0  1 0
   187   19.66297060733265       4   1 1  0 1  0 0  1 0
   188   12.41340568835654       4   0 2  0 1  0 0  1 0
   189  -.8083596361430131E-02   4   1 0  1 1  0 0  1 0
   190  -.1333699182550890E-01   4   0 1  1 1  0 0  1 0
   191   3.344693672369487       4   0 0  2 1  0 0  1 0
   192  -.6816888426154162E-02   4   1 0  0 2  0 0  1 0
   193  -.8927128347235323E-02   4   0 1  0 2  0 0  1 0
   194   3.792127073780984       4   0 0  1 2  0 0  1 0
   195   1.382499624941169       4   0 0  0 3  0 0  1 0
   196  0.3399505782188213E-03   4   3 0  0 0  0 0  0 1
   197  0.1154042820131689E-02   4   2 1  0 0  0 0  0 1
   198  0.1274662042924102E-02   4   1 2  0 0  0 0  0 1
   199  0.4701215486751069E-03   4   0 3  0 0  0 0  0 1
   200  -10.37047802782514       4   2 0  1 0  0 0  0 1
   201  -21.09711914608031       4   1 1  1 0  0 0  0 1
   202  -10.93707666083105       4   0 2  1 0  0 0  0 1
   203  -.8024431091082783E-03   4   1 0  2 0  0 0  0 1
   204  -.7524807090357332E-03   4   0 1  2 0  0 0  0 1
   205  -2.256921761742012       4   0 0  3 0  0 0  0 1
   206  -9.982100124299809       4   2 0  0 1  0 0  0 1
   207  -19.89742565916064       4   1 1  0 1  0 0  0 1
   208  -10.36945140135546       4   0 2  0 1  0 0  0 1
   209  -.1658959638133012E-02   4   1 0  1 1  0 0  0 1
   210  -.1560146710339459E-02   4   0 1  1 1  0 0  0 1
   211  -4.706465797732927       4   0 0  2 1  0 0  0 1
   212  -.7921645663174080E-03   4   1 0  0 2  0 0  0 1
   213  -.7382965258699234E-03   4   0 1  0 2  0 0  0 1
   214  -3.391673231539170       4   0 0  1 2  0 0  0 1
   215  -1.114996354024204       4   0 0  0 3  0 0  0 1
   216  0.1032201281619962E-03   4   2 0  0 0  0 2  0 0
   217  0.9779121851324806E-03   4   1 1  0 0  0 2  0 0
   218  0.1007003199889111E-02   4   0 2  0 0  0 2  0 0
   219  0.7016722968066938E-01   4   1 0  1 0  0 2  0 0
   220  0.1810336937573233       4   0 1  1 0  0 2  0 0
   221  0.2244043497139316E-03   4   0 0  2 0  0 2  0 0
   222  0.1902939472316906       4   1 0  0 1  0 2  0 0
   223  0.3256925968196440       4   0 1  0 1  0 2  0 0
   224  0.3901399216652753E-03   4   0 0  1 1  0 2  0 0
   225  0.2246596135641049E-03   4   0 0  0 2  0 2  0 0
   226  0.1365071085997637E-03   4   2 0  0 0  0 1  1 0
   227  0.1363672724532890E-02   4   1 1  0 0  0 1  1 0
   228  0.1476122193135086E-02   4   0 2  0 0  0 1  1 0
   229  0.3919555407562536E-01   4   1 0  1 0  0 1  1 0
   230  0.1729237337103197       4   0 1  1 0  0 1  1 0
   231  0.2938141725576390E-03   4   0 0  2 0  0 1  1 0
   232  0.1840351092769296       4   1 0  0 1  0 1  1 0
   233  0.3841572553251040       4   0 1  0 1  0 1  1 0
   234  0.6550962341573566E-03   4   0 0  1 1  0 1  1 0
   235  0.3823892718136026E-03   4   0 0  0 2  0 1  1 0
   236  0.1029893669614153E-03   4   2 0  0 0  0 0  2 0
   237  0.9756785737586721E-03   4   1 1  0 0  0 0  2 0
   238  0.1004654774600975E-02   4   0 2  0 0  0 0  2 0
   239  0.7004642816510585E-01   4   1 0  1 0  0 0  2 0
   240  0.1806737108384802       4   0 1  1 0  0 0  2 0
   241  0.2239046562826776E-03   4   0 0  2 0  0 0  2 0
   242  0.1899140257173540       4   1 0  0 1  0 0  2 0
   243  0.3249958047074483       4   0 1  0 1  0 0  2 0
   244  0.3891740909261875E-03   4   0 0  1 1  0 0  2 0
   245  0.2240999765137853E-03   4   0 0  0 2  0 0  2 0
   246  -.3605673762886261E-03   4   2 0  0 0  0 1  0 1
   247  -.1592380725266246E-02   4   1 1  0 0  0 1  0 1
   248  -.1224613182637497E-02   4   0 2  0 0  0 1  0 1
   249  -.7791332928822593E-01   4   1 0  1 0  0 1  0 1
   250  -.1563499894420659       4   0 1  1 0  0 1  0 1
   251  -.5692065782948983E-03   4   0 0  2 0  0 1  0 1
   252  -.1714290519983223       4   1 0  0 1  0 1  0 1
   253  -.2347306124550625       4   0 1  0 1  0 1  0 1
   254  -.1145244548844892E-02   4   0 0  1 1  0 1  0 1
   255  -.4759476049855066E-03   4   0 0  0 2  0 1  0 1
   256  -.3600821417065686E-03   4   2 0  0 0  0 0  1 1
   257  -.1590237774332487E-02   4   1 1  0 0  0 0  1 1
   258  -.1222965155930323E-02   4   0 2  0 0  0 0  1 1
   259  -.7780847720159781E-01   4   1 0  1 0  0 0  1 1
   260  -.1561395809947945       4   0 1  1 0  0 0  1 1
   261  -.5684405669076060E-03   4   0 0  2 0  0 0  1 1
   262  -.1711983508593142       4   1 0  0 1  0 0  1 1
   263  -.2344147230592911       4   0 1  0 1  0 0  1 1
   264  -.1143703332704562E-02   4   0 0  1 1  0 0  1 1
   265  -.4753070971293508E-03   4   0 0  0 2  0 0  1 1
   266  0.2054523040148837E-03   4   2 0  0 0  0 0  0 2
   267  0.4269503422453145E-03   4   1 1  0 0  0 0  0 2
   268  0.2170833525522148E-03   4   0 2  0 0  0 0  0 2
   269  -.2346441464999935E-01   4   1 0  1 0  0 0  0 2
   270  -.2230937095914117E-01   4   0 1  1 0  0 0  0 2
   271  0.3644869661128864E-03   4   0 0  2 0  0 0  0 2
   272  -.1726734654176680E-01   4   1 0  0 1  0 0  0 2
   273  -.1676444095316704E-01   4   0 1  0 1  0 0  0 2
   274  0.6118609594068362E-03   4   0 0  1 1  0 0  0 2
   275  0.2479268657179914E-03   4   0 0  0 2  0 0  0 2
   276  -.1126425142344363E-04   4   1 0  0 0  0 3  0 0
   277  -.2283765083438011E-04   4   0 1  0 0  0 3  0 0
   278  0.1339341571442099       4   0 0  1 0  0 3  0 0
   279  0.6766821652651872E-01   4   0 0  0 1  0 3  0 0
   280  -.8005455024365364E-05   4   1 0  0 0  0 2  1 0
   281  -.2281023778988095E-04   4   0 1  0 0  0 2  1 0
   282  0.6381304683492062E-01   4   0 0  1 0  0 2  1 0
   283  0.1887220966719609       4   0 0  0 1  0 2  1 0
   284  -.8012002726086464E-05   4   1 0  0 0  0 1  2 0
   285  -.2281023108635440E-04   4   0 1  0 0  0 1  2 0
   286  0.6395423152091992E-01   4   0 0  1 0  0 1  2 0
   287  0.1884775499358534       4   0 0  0 1  0 1  2 0
   288  -.1123613365621965E-04   4   1 0  0 0  0 0  3 0
   289  -.2277622229458514E-04   4   0 1  0 0  0 0  3 0
   290  0.1336209133813659       4   0 0  1 0  0 0  3 0
   291  0.6740480380479991E-01   4   0 0  0 1  0 0  3 0
   292  0.1407996643759762E-04   4   1 0  0 0  0 2  0 1
   293  0.2516633812224350E-04   4   0 1  0 0  0 2  0 1
   294  -.1275759825261450       4   0 0  1 0  0 2  0 1
   295  -.3704071543444220       4   0 0  0 1  0 2  0 1
   296  0.1105439501449746E-04   4   1 0  0 0  0 1  1 1
   297  0.2552705118316664E-04   4   0 1  0 0  0 1  1 1
   298  -.5825356094175019E-01   4   0 0  1 0  0 1  1 1
   299  -.3445747053128948       4   0 0  0 1  0 1  1 1
   300  0.1405358004047743E-04   4   1 0  0 0  0 0  2 1
   301  0.2511529389927653E-04   4   0 1  0 0  0 0  2 1
   302  -.1273650993328491       4   0 0  1 0  0 0  2 1
   303  -.3696768216532065       4   0 0  0 1  0 0  2 1
   304  -.1086170964819404E-05   4   1 0  0 0  0 1  0 2
   305  -.1709126336725801E-05   4   0 1  0 0  0 1  0 2
   306  -.4038358817437971E-01   4   0 0  1 0  0 1  0 2
   307  -.5176893114899916E-01   4   0 0  0 1  0 1  0 2
   308  -.1084709247124450E-05   4   1 0  0 0  0 0  1 2
   309  -.1706826275050195E-05   4   0 1  0 0  0 0  1 2
   310  -.4032924184462716E-01   4   0 0  1 0  0 0  1 2
   311  -.5169926296124400E-01   4   0 0  0 1  0 0  1 2
   312  0.1036868790875704E-06   4   1 0  0 0  0 0  0 3
   313  0.8371018807025463E-07   4   0 1  0 0  0 0  0 3
   314  -.1411237478838382E-02   4   0 0  1 0  0 0  0 3
   315  -.1140537845080299E-02   4   0 0  0 1  0 0  0 3
   316  0.9956437313419947E-05   4   0 0  0 0  0 4  0 0
   317  0.3763120613357711E-05   4   0 0  0 0  0 3  1 0
   318  0.2953869212564308E-05   4   0 0  0 0  0 2  2 0
   319  0.3780839542393597E-05   4   0 0  0 0  0 1  3 0
   320  0.9927121164112189E-05   4   0 0  0 0  0 0  4 0
   321  -.1144503458274557E-05   4   0 0  0 0  0 3  0 1
   322  0.1829091917588116E-05   4   0 0  0 0  0 2  1 1
   323  0.1823092439944744E-05   4   0 0  0 0  0 1  2 1
   324  -.1143422228007020E-05   4   0 0  0 0  0 0  3 1
   325  -.1170504438703185E-05   4   0 0  0 0  0 2  0 2
   326  -.1345810801709368E-05   4   0 0  0 0  0 1  1 2
   327  -.1168023664618004E-05   4   0 0  0 0  0 0  2 2
   328  -.4468752323591173E-07   4   0 0  0 0  0 1  0 3
   329  -.4462738487319083E-07   4   0 0  0 0  0 0  1 3
   330  -.8748465531564965E-13   4   0 0  0 0  0 0  0 4
   ----------------------------------------------------
     I  COEFFICIENT            ORDER EXPONENTS
     1  0.2050780699777033E-03   0   0 0  0 0  0 0  0 0
     2  0.8301009149766363E-04   1   1 0  0 0  0 0  0 0
     3  0.7687721950398220E-04   1   0 1  0 0  0 0  0 0
     4  -2.265615531155305       1   0 0  1 0  0 0  0 0
     5  -1.118544389249808       1   0 0  0 1  0 0  0 0
     6  0.1195407299613622E-04   1   0 0  0 0  0 1  0 0
     7  0.1193798576807398E-04   1   0 0  0 0  0 0  1 0
     8  0.1811860112120579E-03   1   0 0  0 0  0 0  0 1
     9  0.1558708308788809E-02   2   2 0  0 0  0 0  0 0
    10  0.2811392045550801E-02   2   1 1  0 0  0 0  0 0
    11  0.1338626151744592E-02   2   0 2  0 0  0 0  0 0
    12  0.9558167785322094       2   1 0  1 0  0 0  0 0
    13  0.8748715369830733       2   0 1  1 0  0 0  0 0
    14  0.8451776675846757E-03   2   0 0  2 0  0 0  0 0
    15  0.9109265512753727       2   1 0  0 1  0 0  0 0
    16  0.8394275613499469       2   0 1  0 1  0 0  0 0
    17  0.2085905666907235E-02   2   0 0  1 1  0 0  0 0
    18  0.1105993057462455E-02   2   0 0  0 2  0 0  0 0
    19  -.6211493861377672E-05   2   1 0  0 0  0 1  0 0
    20  -.4445334128069218E-04   2   0 1  0 0  0 1  0 0
    21  -.1487325479795187       2   0 0  1 0  0 1  0 0
    22  0.9332563329972433       2   0 0  0 1  0 1  0 0
    23  -.6203134725676546E-05   2   1 0  0 0  0 0  1 0
    24  -.4439351806900999E-04   2   0 1  0 0  0 0  1 0
    25  -.1485323907259700       2   0 0  1 0  0 0  1 0
    26  0.9320004006071433       2   0 0  0 1  0 0  1 0
    27  0.9542450796136129E-04   2   1 0  0 0  0 0  0 1
    28  0.8884665127530197E-04   2   0 1  0 0  0 0  0 1
    29  -1.968350592548070       2   0 0  1 0  0 0  0 1
    30  -1.865256733710941       2   0 0  0 1  0 0  0 1
    31  -.8720795983185995E-05   2   0 0  0 0  0 2  0 0
    32  -.5496180926529167E-05   2   0 0  0 0  0 1  1 0
    33  -.8705361696311850E-05   2   0 0  0 0  0 0  2 0
    34  0.2293772139215344E-04   2   0 0  0 0  0 1  0 1
    35  0.2290685288772125E-04   2   0 0  0 0  0 0  1 1
    36  -.2292226830092255E-04   2   0 0  0 0  0 0  0 2
    37  -.2152468208124192E-01   3   3 0  0 0  0 0  0 0
    38  -.6043778382113415E-01   3   2 1  0 0  0 0  0 0
    39  -.5678939691318633E-01   3   1 2  0 0  0 0  0 0
    40  -.1781444201625178E-01   3   0 3  0 0  0 0  0 0
    41  -24.87052839520885       3   2 0  1 0  0 0  0 0
    42  -47.88799000424431       3   1 1  1 0  0 0  0 0
    43  -23.79813949653679       3   0 2  1 0  0 0  0 0
    44  0.3556151415785948E-01   3   1 0  2 0  0 0  0 0
    45  0.3219712681499560E-01   3   0 1  2 0  0 0  0 0
    46  -3.464208275132278       3   0 0  3 0  0 0  0 0
    47  -22.30283681846114       3   2 0  0 1  0 0  0 0
    48  -43.87130766843341       3   1 1  0 1  0 0  0 0
    49  -23.27292402250772       3   0 2  0 1  0 0  0 0
    50  0.6699116291832162E-01   3   1 0  1 1  0 0  0 0
    51  0.6099389081472815E-01   3   0 1  1 1  0 0  0 0
    52  -11.10766387668794       3   0 0  2 1  0 0  0 0
    53  0.3189355519655299E-01   3   1 0  0 2  0 0  0 0
    54  0.2924340826952842E-01   3   0 1  0 2  0 0  0 0
    55  -10.46152438645143       3   0 0  1 2  0 0  0 0
    56  -3.975442279719897       3   0 0  0 3  0 0  0 0
    57  -.9280315177916121E-03   3   2 0  0 0  0 1  0 0
    58  -.3187809766168161E-02   3   1 1  0 0  0 1  0 0
    59  -.2173671699319699E-02   3   0 2  0 0  0 1  0 0
    60  0.7885731765912318E-01   3   1 0  1 0  0 1  0 0
    61  -.3616362056931586       3   0 1  1 0  0 1  0 0
    62  -.4226490750358575E-04   3   0 0  2 0  0 1  0 0
    63  -.3969901249521016       3   1 0  0 1  0 1  0 0
    64  -.7820249374417501       3   0 1  0 1  0 1  0 0
    65  -.1206749766617088E-02   3   0 0  1 1  0 1  0 0
    66  -.1228488453700619E-02   3   0 0  0 2  0 1  0 0
    67  -.9267826167115808E-03   3   2 0  0 0  0 0  1 0
    68  -.3183519762021128E-02   3   1 1  0 0  0 0  1 0
    69  -.2170746474388355E-02   3   0 2  0 0  0 0  1 0
    70  0.7875119519743436E-01   3   1 0  1 0  0 0  1 0
    71  -.3611495327308604       3   0 1  1 0  0 0  1 0
    72  -.4220802938294258E-04   3   0 0  2 0  0 0  1 0
    73  -.3964558743514373       3   1 0  0 1  0 0  1 0
    74  -.7809725251364997       3   0 1  0 1  0 0  1 0
    75  -.1205125779653322E-02   3   0 0  1 1  0 0  1 0
    76  -.1226835211836283E-02   3   0 0  0 2  0 0  1 0
    77  0.3411178848929310E-02   3   2 0  0 0  0 0  0 1
    78  0.6366299078526835E-02   3   1 1  0 0  0 0  0 1
    79  0.3003086944667572E-02   3   0 2  0 0  0 0  0 1
    80  0.7982117701180836       3   1 0  1 0  0 0  0 1
    81  0.7227887425407684       3   0 1  1 0  0 0  0 1
    82  0.9308859364720327E-03   3   0 0  2 0  0 0  0 1
    83  0.7934490827353844       3   1 0  0 1  0 0  0 1
    84  0.7235725483469717       3   0 1  0 1  0 0  0 1
    85  0.2414573296477331E-02   3   0 0  1 1  0 0  0 1
    86  0.1350821073641622E-02   3   0 0  0 2  0 0  0 1
    87  0.4831318901923704E-05   3   1 0  0 0  0 2  0 0
    88  0.3634292745717900E-04   3   0 1  0 0  0 2  0 0
    89  0.1083341054712242       3   0 0  1 0  0 2  0 0
    90  -.6389848786225855       3   0 0  0 1  0 2  0 0
    91  0.3708006595171566E-05   3   1 0  0 0  0 1  1 0
    92  0.2857089945106055E-04   3   0 1  0 0  0 1  1 0
    93  0.6804396322664570E-01   3   0 0  1 0  0 1  1 0
    94  -.3455039724863478       3   0 0  0 1  0 1  1 0
    95  0.4822322110377732E-05   3   1 0  0 0  0 0  2 0
    96  0.3627479417323438E-04   3   0 1  0 0  0 0  2 0
    97  0.1081425293582359       3   0 0  1 0  0 0  2 0
    98  -.6378924814056818       3   0 0  0 1  0 0  2 0
    99  -.1380246602471625E-04   3   1 0  0 0  0 1  0 1
   100  -.5745526398914048E-04   3   0 1  0 0  0 1  0 1
   101  -.2847118381143512       3   0 0  1 0  0 1  0 1
   102  0.6902178973194594       3   0 0  0 1  0 1  0 1
   103  -.1378389131642771E-04   3   1 0  0 0  0 0  1 1
   104  -.5737794340263652E-04   3   0 1  0 0  0 0  1 1
   105  -.2843286863406213       3   0 0  1 0  0 0  1 1
   106  0.6892890346020898       3   0 0  0 1  0 0  1 1
   107  0.1414699596945823E-04   3   1 0  0 0  0 0  0 2
   108  0.1339744560482584E-04   3   0 1  0 0  0 0  0 2
   109  0.2845201090557900       3   0 0  1 0  0 0  0 2
   110  0.2428746943708412       3   0 0  0 1  0 0  0 2
   111  0.7106356355704588E-05   3   0 0  0 0  0 3  0 0
   112  0.3882884958060728E-05   3   0 0  0 0  0 2  1 0
   113  0.3889372646936986E-05   3   0 0  0 0  0 1  2 0
   114  0.7089402079414522E-05   3   0 0  0 0  0 0  3 0
   115  -.1648530016797182E-04   3   0 0  0 0  0 2  0 1
   116  -.1005164527167416E-04   3   0 0  0 0  0 1  1 1
   117  -.1645635151268658E-04   3   0 0  0 0  0 0  2 1
   118  0.1004402748667747E-04   3   0 0  0 0  0 1  0 2
   119  0.1003051070784448E-04   3   0 0  0 0  0 0  1 2
   120  0.9496651285458229E-06   3   0 0  0 0  0 0  0 3
   121  -.7016682158053837E-02   4   4 0  0 0  0 0  0 0
   122  -.2573527953172821E-01   4   3 1  0 0  0 0  0 0
   123  -.3587384515772568E-01   4   2 2  0 0  0 0  0 0
   124  -.2141033294302427E-01   4   1 3  0 0  0 0  0 0
   125  -.4409240746296911E-02   4   0 4  0 0  0 0  0 0
   126   234.9611440253685       4   3 0  1 0  0 0  0 0
   127   654.6495100911077       4   2 1  1 0  0 0  0 0
   128   610.5900327433344       4   1 2  1 0  0 0  0 0
   129   191.0354092051172       4   0 3  1 0  0 0  0 0
   130  0.4575003919141994E-01   4   2 0  2 0  0 0  0 0
   131  0.8986444652698079E-01   4   1 1  2 0  0 0  0 0
   132  0.4363377703345141E-01   4   0 2  2 0  0 0  0 0
   133  -137.9261065248422       4   1 0  3 0  0 0  0 0
   134  -124.1465123837567       4   0 1  3 0  0 0  0 0
   135  -.7206230450169639E-02   4   0 0  4 0  0 0  0 0
   136   227.2834026094277       4   3 0  0 1  0 0  0 0
   137   637.5785551769865       4   2 1  0 1  0 0  0 0
   138   599.0330894146615       4   1 2  0 1  0 0  0 0
   139   188.8683366167505       4   0 3  0 1  0 0  0 0
   140  0.9525842687886814E-01   4   2 0  1 1  0 0  0 0
   141  0.1879370336604133       4   1 1  1 1  0 0  0 0
   142  0.9307934566616813E-01   4   0 2  1 1  0 0  0 0
   143  -385.8856564949369       4   1 0  2 1  0 0  0 0
   144  -350.1900068845832       4   0 1  2 1  0 0  0 0
   145  -.2457131577026215E-01   4   0 0  3 1  0 0  0 0
   146  0.4779067442291168E-01   4   2 0  0 2  0 0  0 0
   147  0.9560702890253078E-01   4   1 1  0 2  0 0  0 0
   148  0.4862786632579076E-01   4   0 2  0 2  0 0  0 0
   149  -363.6698401156718       4   1 0  1 2  0 0  0 0
   150  -332.2920198483208       4   0 1  1 2  0 0  0 0
   151  -.3137629013890433E-01   4   0 0  2 2  0 0  0 0
   152  -115.0020898057714       4   1 0  0 3  0 0  0 0
   153  -105.6500455727618       4   0 1  0 3  0 0  0 0
   154  -.1709528419323728E-01   4   0 0  1 3  0 0  0 0
   155  -.2932986827408813E-02   4   0 0  0 4  0 0  0 0
   156  -.2724008557879147E-02   4   3 0  0 0  0 1  0 0
   157  0.1783627056155336E-01   4   2 1  0 0  0 1  0 0
   158  0.4049473232380461E-01   4   1 2  0 0  0 1  0 0
   159  0.2006178250752456E-01   4   0 3  0 0  0 1  0 0
   160   13.70566444946982       4   2 0  1 0  0 1  0 0
   161   49.54894334213596       4   1 1  1 0  0 1  0 0
   162   35.53113870148665       4   0 2  1 0  0 1  0 0
   163  0.4419494435138301E-02   4   1 0  2 0  0 1  0 0
   164  -.9954747461201905E-02   4   0 1  2 0  0 1  0 0
   165  0.3055264559000469       4   0 0  3 0  0 1  0 0
   166   24.06667811304187       4   2 0  0 1  0 1  0 0
   167   68.44508689227031       4   1 1  0 1  0 1  0 0
   168   46.31276569943316       4   0 2  0 1  0 1  0 0
   169  -.1935964556532137E-01   4   1 0  1 1  0 1  0 0
   170  -.4356147910913676E-01   4   0 1  1 1  0 1  0 0
   171   7.055017381986689       4   0 0  2 1  0 1  0 0
   172  -.2212821217480039E-01   4   1 0  0 2  0 1  0 0
   173  -.3250785091898342E-01   4   0 1  0 2  0 1  0 0
   174   12.49879258068105       4   0 0  1 2  0 1  0 0
   175   6.743708547391333       4   0 0  0 3  0 1  0 0
   176  -.2720342715540027E-02   4   3 0  0 0  0 0  1 0
   177  0.1781226734922597E-01   4   2 1  0 0  0 0  1 0
   178  0.4044023642149389E-01   4   1 2  0 0  0 0  1 0
   179  0.2003478430610499E-01   4   0 3  0 0  0 0  1 0
   180   13.68722001217932       4   2 0  1 0  0 0  1 0
   181   49.48226270934692       4   1 1  1 0  0 0  1 0
   182   35.48332256954679       4   0 2  1 0  0 0  1 0
   183  0.4413546887811046E-02   4   1 0  2 0  0 0  1 0
   184  -.9941350831219598E-02   4   0 1  2 0  0 0  1 0
   185  0.3051152927946500       4   0 0  3 0  0 0  1 0
   186   24.03429031186061       4   2 0  0 1  0 0  1 0
   187   68.35297672003593       4   1 1  0 1  0 0  1 0
   188   46.25044016199986       4   0 2  0 1  0 0  1 0
   189  -.1933359226670803E-01   4   1 0  1 1  0 0  1 0
   190  -.4350285612353309E-01   4   0 1  1 1  0 0  1 0
   191   7.045523072085455       4   0 0  2 1  0 0  1 0
   192  -.2209843306972203E-01   4   1 0  0 2  0 0  1 0
   193  -.3246410338525859E-01   4   0 1  0 2  0 0  1 0
   194   12.48197229467365       4   0 0  1 2  0 0  1 0
   195   6.734633182248226       4   0 0  0 3  0 0  1 0
   196  0.1305833768059393E-02   4   3 0  0 0  0 0  0 1
   197  0.3686420647914733E-02   4   2 1  0 0  0 0  0 1
   198  0.3497345089345702E-02   4   1 2  0 0  0 0  0 1
   199  0.1163099549928034E-02   4   0 3  0 0  0 0  0 1
   200  -52.24367073496593       4   2 0  1 0  0 0  0 1
   201  -98.98904449310663       4   1 1  1 0  0 0  0 1
   202  -47.19372522001635       4   0 2  1 0  0 0  0 1
   203  -.3888815565634425E-02   4   1 0  2 0  0 0  0 1
   204  -.3573180695276004E-02   4   0 1  2 0  0 0  0 1
   205  -4.078713341938695       4   0 0  3 0  0 0  0 1
   206  -48.07795113288891       4   2 0  0 1  0 0  0 1
   207  -92.87739328858241       4   1 1  0 1  0 0  0 1
   208  -45.99082886553200       4   0 2  0 1  0 0  0 1
   209  -.7579515263497674E-02   4   1 0  1 1  0 0  0 1
   210  -.7153839117654003E-02   4   0 1  1 1  0 0  0 1
   211  -14.11290331993129       4   0 0  2 1  0 0  0 1
   212  -.3684839590744990E-02   4   1 0  0 2  0 0  0 1
   213  -.3511435824768038E-02   4   0 1  0 2  0 0  0 1
   214  -14.53268225007817       4   0 0  1 2  0 0  0 1
   215  -5.532393726160548       4   0 0  0 3  0 0  0 1
   216  -.5063613740576359E-03   4   2 0  0 0  0 2  0 0
   217  0.3730484679070421E-03   4   1 1  0 0  0 2  0 0
   218  0.1025556547623823E-02   4   0 2  0 0  0 2  0 0
   219  -.5978063224942644E-01   4   1 0  1 0  0 2  0 0
   220  0.2335380836428845       4   0 1  1 0  0 2  0 0
   221  -.2457684592792130E-03   4   0 0  2 0  0 2  0 0
   222  0.2685654023479550       4   1 0  0 1  0 2  0 0
   223  0.7400918715392109       4   0 1  0 1  0 2  0 0
   224  0.3169518731678083E-03   4   0 0  1 1  0 2  0 0
   225  0.9465344378382897E-03   4   0 0  0 2  0 2  0 0
   226  -.5432558304338865E-03   4   2 0  0 0  0 1  1 0
   227  0.6905602667326579E-03   4   1 1  0 0  0 1  1 0
   228  0.1676388091318262E-02   4   0 2  0 0  0 1  1 0
   229  -.4283551125638842E-01   4   1 0  1 0  0 1  1 0
   230  0.1032843808228114       4   0 1  1 0  0 1  1 0
   231  -.2011692504815018E-03   4   0 0  2 0  0 1  1 0
   232  0.1380095975854698       4   1 0  0 1  0 1  1 0
   233  0.6951932877299968       4   0 1  0 1  0 1  1 0
   234  0.1730598224489754E-03   4   0 0  1 1  0 1  1 0
   235  0.1039797409585640E-02   4   0 0  0 2  0 1  1 0
   236  -.5053143927374967E-03   4   2 0  0 0  0 0  2 0
   237  0.3720817751291018E-03   4   1 1  0 0  0 0  2 0
   238  0.1023048399910910E-02   4   0 2  0 0  0 0  2 0
   239  -.5967135928576878E-01   4   1 0  1 0  0 0  2 0
   240  0.2331543014701427       4   0 1  1 0  0 0  2 0
   241  -.2453023536211217E-03   4   0 0  2 0  0 0  2 0
   242  0.2681111162803917       4   1 0  0 1  0 0  2 0
   243  0.7386281115961637       4   0 1  0 1  0 0  2 0
   244  0.3164088863978081E-03   4   0 0  1 1  0 0  2 0
   245  0.9445609812255357E-03   4   0 0  0 2  0 0  2 0
   246  0.1170674745538368E-02   4   2 0  0 0  0 1  0 1
   247  -.8892510798515392E-04   4   1 1  0 0  0 1  0 1
   248  -.1065631059989713E-02   4   0 2  0 0  0 1  0 1
   249  0.1652512068149795       4   1 0  1 0  0 1  0 1
   250  -.2045504396741747       4   0 1  1 0  0 1  0 1
   251  0.4287573599665557E-03   4   0 0  2 0  0 1  0 1
   252  -.2740633724514669       4   1 0  0 1  0 1  0 1
   253  -.6051833867801873       4   0 1  0 1  0 1  0 1
   254  -.1289970993369117E-03   4   0 0  1 1  0 1  0 1
   255  -.7386851231487399E-03   4   0 0  0 2  0 1  0 1
   256  0.1169099306637809E-02   4   2 0  0 0  0 0  1 1
   257  -.8880543676572771E-04   4   1 1  0 0  0 0  1 1
   258  -.1064196983930636E-02   4   0 2  0 0  0 0  1 1
   259  0.1650288195288674       4   1 0  1 0  0 0  1 1
   260  -.2042751653325895       4   0 1  1 0  0 0  1 1
   261  0.4281803585181484E-03   4   0 0  2 0  0 0  1 1
   262  -.2736945508809814       4   1 0  0 1  0 0  1 1
   263  -.6043689594995640       4   0 1  0 1  0 0  1 1
   264  -.1288235011200400E-03   4   0 0  1 1  0 0  1 1
   265  -.7376910355230296E-03   4   0 0  0 2  0 0  1 1
   266  -.7857255385755228E-03   4   2 0  0 0  0 0  0 2
   267  -.1465294815327269E-02   4   1 1  0 0  0 0  0 2
   268  -.6788381180285406E-03   4   0 2  0 0  0 0  0 2
   269  -.1679907320872839       4   1 0  1 0  0 0  0 2
   270  -.1601116366886414       4   0 1  1 0  0 0  0 2
   271  -.1643197107395434E-03   4   0 0  2 0  0 0  0 2
   272  -.1262951365414495       4   1 0  0 1  0 0  0 2
   273  -.1227122260409899       4   0 1  0 1  0 0  0 2
   274  -.3886076878292097E-03   4   0 0  1 1  0 0  0 2
   275  -.2112965230010090E-03   4   0 0  0 2  0 0  0 2
   276  -.6900997547792217E-05   4   1 0  0 0  0 3  0 0
   277  -.3861552808665476E-04   4   0 1  0 0  0 3  0 0
   278  -.8817478185691581E-01   4   0 0  1 0  0 3  0 0
   279  0.4932376528445086       4   0 0  0 1  0 3  0 0
   280  -.5084913486085237E-05   4   1 0  0 0  0 2  1 0
   281  -.2929767421390757E-04   4   0 1  0 0  0 2  1 0
   282  -.4790569376233327E-01   4   0 0  1 0  0 2  1 0
   283  0.2019059838194827       4   0 0  0 1  0 2  1 0
   284  -.5088560739511310E-05   4   1 0  0 0  0 1  2 0
   285  -.2931637860486016E-04   4   0 1  0 0  0 1  2 0
   286  -.4798674259023257E-01   4   0 0  1 0  0 1  2 0
   287  0.2024927345471025       4   0 0  0 1  0 1  2 0
   288  -.6883650086357000E-05   4   1 0  0 0  0 0  3 0
   289  -.3851789051224551E-04   4   0 1  0 0  0 0  3 0
   290  -.8796459853288065E-01   4   0 0  1 0  0 0  3 0
   291  0.4921063145162386       4   0 0  0 1  0 0  3 0
   292  0.1032169912868693E-04   4   1 0  0 0  0 2  0 1
   293  0.5208691841377822E-04   4   0 1  0 0  0 2  0 1
   294  0.2041168254843310       4   0 0  1 0  0 2  0 1
   295  -.4036114737688334       4   0 0  0 1  0 2  0 1
   296  0.8729577404335223E-05   4   1 0  0 0  0 1  1 1
   297  0.4448322529991660E-04   4   0 1  0 0  0 1  1 1
   298  0.1237490909403617       4   0 0  1 0  0 1  1 1
   299  -.1177612967090264       4   0 0  0 1  0 1  1 1
   300  0.1030193474544249E-04   4   1 0  0 0  0 0  2 1
   301  0.5198689057971770E-04   4   0 1  0 0  0 0  2 1
   302  0.2037588668330398       4   0 0  1 0  0 0  2 1
   303  -.4029890736673777       4   0 0  0 1  0 0  2 1
   304  -.3190319299624389E-05   4   1 0  0 0  0 1  0 2
   305  -.8210048913492517E-05   4   0 1  0 0  0 1  0 2
   306  -.1236441729189894       4   0 0  1 0  0 1  0 2
   307  -.2277418256775824       4   0 0  0 1  0 1  0 2
   308  -.3186025918265559E-05   4   1 0  0 0  0 0  1 2
   309  -.8199000216590964E-05   4   0 1  0 0  0 0  1 2
   310  -.1234777784182226       4   0 0  1 0  0 0  1 2
   311  -.2274353414616856       4   0 0  0 1  0 0  1 2
   312  0.9037397811939880E-06   4   1 0  0 0  0 0  0 3
   313  0.7371860628348597E-06   4   0 1  0 0  0 0  0 3
   314  -.1247083248155812E-01   4   0 0  1 0  0 0  0 3
   315  -.1019512076746691E-01   4   0 0  0 1  0 0  0 3
   316  -.9385666583969397E-05   4   0 0  0 0  0 4  0 0
   317  -.4568963311178813E-05   4   0 0  0 0  0 3  1 0
   318  -.3931594400507101E-05   4   0 0  0 0  0 2  2 0
   319  -.4582747103594961E-05   4   0 0  0 0  0 1  3 0
   320  -.9357345089886385E-05   4   0 0  0 0  0 0  4 0
   321  0.9715837491390056E-05   4   0 0  0 0  0 3  0 1
   322  0.4361974057134800E-05   4   0 0  0 0  0 2  1 1
   323  0.4372755128958492E-05   4   0 0  0 0  0 1  2 1
   324  0.9693293709244975E-05   4   0 0  0 0  0 0  3 1
   325  0.1147896050096017E-05   4   0 0  0 0  0 2  0 2
   326  0.1361243087400974E-05   4   0 0  0 0  0 1  1 2
   327  0.1145435317293337E-05   4   0 0  0 0  0 0  2 2
   328  0.1342740405926168E-07   4   0 0  0 0  0 1  0 3
   329  0.1340933409169044E-07   4   0 0  0 0  0 0  1 3
   330  -.5251721954974759E-13   4   0 0  0 0  0 0  0 4
   ----------------------------------------------------
     I  COEFFICIENT            ORDER EXPONENTS
     1  0.7648102066043754E-08   0   0 0  0 0  0 0  0 0
     2  -.5741143825310359E-05   1   1 0  0 0  0 0  0 0
     3  -.6577258462315864E-05   1   0 1  0 0  0 0  0 0
     4  0.4119904084451343E-04   1   0 0  1 0  0 0  0 0
     5  0.1506379961549673E-04   1   0 0  0 1  0 0  0 0
     6   1.000000000000000       1   0 0  0 0  1 0  0 0
     7  0.2859789923675807       1   0 0  0 0  0 1  0 0
     8  -.2859789889953942       1   0 0  0 0  0 0  1 0
     9  -.3372193235391542E-08   1   0 0  0 0  0 0  0 1
    10  -.3435421925468501       2   2 0  0 0  0 0  0 0
    11  -.9255786802894201       2   1 1  0 0  0 0  0 0
    12  -.8374556672254949       2   0 2  0 0  0 0  0 0
    13  -.2160866872625964E-04   2   1 0  1 0  0 0  0 0
    14  -.2868040047721709E-04   2   0 1  1 0  0 0  0 0
    15  -.2359119467258771       2   0 0  2 0  0 0  0 0
    16  -.2873635304332751E-04   2   1 0  0 1  0 0  0 0
    17  -.3394818455089195E-04   2   0 1  0 1  0 0  0 0
    18  -.1672943801400240       2   0 0  1 1  0 0  0 0
    19  -.2472581380937617       2   0 0  0 2  0 0  0 0
    20  0.8491377556555981E-05   2   1 0  0 0  0 1  0 0
    21  0.1218551688632796E-04   2   0 1  0 0  0 1  0 0
    22  -.5800664090608454E-04   2   0 0  1 0  0 1  0 0
    23  -.3889937078137734E-04   2   0 0  0 1  0 1  0 0
    24  0.2754266256928725E-05   2   1 0  0 0  0 0  1 0
    25  0.5609581169993306E-05   2   0 1  0 0  0 0  1 0
    26  -.1684036673115643E-04   2   0 0  1 0  0 0  1 0
    27  -.2382375398643411E-04   2   0 0  0 1  0 0  1 0
    28  -.1124570987576299E-04   2   1 0  0 0  0 0  0 1
    29  -.1121795640855310E-04   2   0 1  0 0  0 0  0 1
    30  0.7484703734882843E-04   2   0 0  1 0  0 0  0 1
    31  0.4765935679731474E-04   2   0 0  0 1  0 0  0 1
    32  -.2146286639929424       2   0 0  0 0  0 2  0 0
    33  0.1432783310217839       2   0 0  0 0  0 1  1 0
    34  0.7135032837308515E-01   2   0 0  0 0  0 0  2 0
    35  0.4596745270418736E-08   2   0 0  0 0  0 1  0 1
    36  0.1227500878589138E-08   2   0 0  0 0  0 0  1 1
    37  -.1226092666289156E-08   2   0 0  0 0  0 0  0 2
    38  0.1785380975746771       3   3 0  0 0  0 0  0 0
    39  0.5604191072402105       3   2 1  0 0  0 0  0 0
    40  0.5747449933505266       3   1 2  0 0  0 0  0 0
    41  0.1938007089319616       3   0 3  0 0  0 0  0 0
    42  0.1067159817007636E-02   3   2 0  1 0  0 0  0 0
    43  0.2082683302204996E-02   3   1 1  1 0  0 0  0 0
    44  0.1248956749963171E-02   3   0 2  1 0  0 0  0 0
    45  0.7928091245241822E-01   3   1 0  2 0  0 0  0 0
    46  0.1504772865274366E-01   3   0 1  2 0  0 0  0 0
    47  0.3924710210682239E-03   3   0 0  3 0  0 0  0 0
    48  0.7532318549061053E-03   3   2 0  0 1  0 0  0 0
    49  0.1417372899947375E-02   3   1 1  0 1  0 0  0 0
    50  0.8543020311619494E-03   3   0 2  0 1  0 0  0 0
    51  0.3746157061731624E-01   3   1 0  1 1  0 0  0 0
    52  -.6448795065909357E-01   3   0 1  1 1  0 0  0 0
    53  0.1037070220331300E-02   3   0 0  2 1  0 0  0 0
    54  -.3259991263355883E-01   3   1 0  0 2  0 0  0 0
    55  -.7306162632725287E-01   3   0 1  0 2  0 0  0 0
    56  0.9359134226037467E-03   3   0 0  1 2  0 0  0 0
    57  0.2852147062373249E-03   3   0 0  0 3  0 0  0 0
    58  0.5469367042357371       3   2 0  0 0  0 1  0 0
    59   1.764587389092594       3   1 1  0 0  0 1  0 0
    60   1.704731127672602       3   0 2  0 0  0 1  0 0
    61  0.3260537875678303E-04   3   1 0  1 0  0 1  0 0
    62  0.5330297087055431E-04   3   0 1  1 0  0 1  0 0
    63  0.3312221395351262       3   0 0  2 0  0 1  0 0
    64  0.5370785032142356E-04   3   1 0  0 1  0 1  0 0
    65  0.7787806811349573E-04   3   0 1  0 1  0 1  0 0
    66  0.4367561756991136       3   0 0  1 1  0 1  0 0
    67  0.4405386534922714       3   0 0  0 2  0 1  0 0
    68  0.2035827747645961       3   2 0  0 0  0 0  1 0
    69  0.8391241552605198       3   1 1  0 0  0 0  1 0
    70  0.8672341929733702       3   0 2  0 0  0 0  1 0
    71  0.1096305705829282E-04   3   1 0  1 0  0 0  1 0
    72  0.2450558090388079E-04   3   0 1  1 0  0 0  1 0
    73  0.9549912269517802E-01   3   0 0  2 0  0 0  1 0
    74  0.2491746826012100E-04   3   1 0  0 1  0 0  1 0
    75  0.4379140223026972E-04   3   0 1  0 1  0 0  1 0
    76  0.2693242154029228       3   0 0  1 1  0 0  1 0
    77  0.1933527989831116       3   0 0  0 2  0 0  1 0
    78  -.7505200798135472       3   2 0  0 0  0 0  0 1
    79  -1.678134410276901       3   1 1  0 0  0 0  0 1
    80  -.8970550951957910       3   0 2  0 0  0 0  0 1
    81  -.4347436974784155E-04   3   1 0  1 0  0 0  0 1
    82  -.4888675279152015E-04   3   0 1  1 0  0 0  0 1
    83  -.4267215109637325       3   0 0  2 0  0 0  0 1
    84  -.4974492625004441E-04   3   1 0  0 1  0 0  0 1
    85  -.5347501400249117E-04   3   0 1  0 1  0 0  0 1
    86  -.5387863555201915       3   0 0  1 1  0 0  0 1
    87  -.1393753378788930       3   0 0  0 2  0 0  0 1
    88  -.1046703839787576E-04   3   1 0  0 0  0 2  0 0
    89  -.1745872036035034E-04   3   0 1  0 0  0 2  0 0
    90  0.6888335367624237E-04   3   0 0  1 0  0 2  0 0
    91  0.6338228987835110E-04   3   0 0  0 1  0 2  0 0
    92  -.3953495447022039E-05   3   1 0  0 0  0 1  1 0
    93  -.1054779667820322E-04   3   0 1  0 0  0 1  1 0
    94  0.2177517083146179E-04   3   0 0  1 0  0 1  1 0
    95  0.4896941770326891E-04   3   0 0  0 1  0 1  1 0
    96  -.1979785331001554E-05   3   1 0  0 0  0 0  2 0
    97  -.5274981238960225E-05   3   0 1  0 0  0 0  2 0
    98  0.1091189028755922E-04   3   0 0  1 0  0 0  2 0
    99  0.2447787408534081E-04   3   0 0  0 1  0 0  2 0
   100  0.1639465116623192E-04   3   1 0  0 0  0 1  0 1
   101  0.2109296877886556E-04   3   0 1  0 0  0 1  0 1
   102  -.1015413864567079E-03   3   0 0  1 0  0 1  0 1
   103  -.9794172748137483E-04   3   0 0  0 1  0 1  0 1
   104  0.5157151949100471E-05   3   1 0  0 0  0 0  1 1
   105  0.9876965113282432E-05   3   0 1  0 0  0 0  1 1
   106  -.2676072837406413E-04   3   0 0  1 0  0 0  1 1
   107  -.5028024485123216E-04   3   0 0  0 1  0 0  1 1
   108  -.5152803712855114E-05   3   1 0  0 0  0 0  0 2
   109  -.4266909004532223E-05   3   0 1  0 0  0 0  0 2
   110  0.2672922753552529E-04   3   0 0  1 0  0 0  0 2
   111  0.2645324715661983E-04   3   0 0  0 1  0 0  0 2
   112  0.1788813505518503       3   0 0  0 0  0 3  0 0
   113  -.1073867927037018       3   0 0  0 0  0 2  1 0
   114  -.3589155548102844E-01   3   0 0  0 0  0 1  2 0
   115  -.3560303947992819E-01   3   0 0  0 0  0 0  3 0
   116  -.4288578393672054E-08   3   0 0  0 0  0 2  0 1
   117  0.1743015889765808E-09   3   0 0  0 0  0 1  1 1
   118  0.8408143002379534E-10   3   0 0  0 0  0 0  2 1
   119  0.5310990568547972E-09   3   0 0  0 0  0 1  0 2
   120  -.6322316735949023E-10   3   0 0  0 0  0 0  1 2
   121  0.1950480122807338E-09   3   0 0  0 0  0 0  0 3
   122  -2.795545681903598       4   4 0  0 0  0 0  0 0
   123  -14.03328541132405       4   3 1  0 0  0 0  0 0
   124  -26.50648083386405       4   2 2  0 0  0 0  0 0
   125  -22.43445633960883       4   1 3  0 0  0 0  0 0
   126  -7.468467129421344       4   0 4  0 0  0 0  0 0
   127  0.1898365307608296E-02   4   3 0  1 0  0 0  0 0
   128  0.7373641596629162E-02   4   2 1  1 0  0 0  0 0
   129  0.8519985795786809E-02   4   1 2  1 0  0 0  0 0
   130  0.3059110924689408E-02   4   0 3  1 0  0 0  0 0
   131  -7.231819908741242       4   2 0  2 0  0 0  0 0
   132  -14.65564594528781       4   1 1  2 0  0 0  0 0
   133  -8.520372477720020       4   0 2  2 0  0 0  0 0
   134  0.4275046204216366E-02   4   1 0  3 0  0 0  0 0
   135  0.3141788212027273E-02   4   0 1  3 0  0 0  0 0
   136  -1.405808235128442       4   0 0  4 0  0 0  0 0
   137  0.2808681368777551E-02   4   3 0  0 1  0 0  0 0
   138  0.9768140667417357E-02   4   2 1  0 1  0 0  0 0
   139  0.1066779629068896E-01   4   1 2  0 1  0 0  0 0
   140  0.3710316345216133E-02   4   0 3  0 1  0 0  0 0
   141  -10.20542299131054       4   2 0  1 1  0 0  0 0
   142  -19.60925896839195       4   1 1  1 1  0 0  0 0
   143  -11.22769034927035       4   0 2  1 1  0 0  0 0
   144  0.1039891790136305E-01   4   1 0  2 1  0 0  0 0
   145  0.7496971675861944E-02   4   0 1  2 1  0 0  0 0
   146  -4.483085082554623       4   0 0  3 1  0 0  0 0
   147  -3.481407640813253       4   2 0  0 2  0 0  0 0
   148  -6.909361961656591       4   1 1  0 2  0 0  0 0
   149  -4.544688130423819       4   0 2  0 2  0 0  0 0
   150  0.8260015404194493E-02   4   1 0  1 2  0 0  0 0
   151  0.5744504014455500E-02   4   0 1  1 2  0 0  0 0
   152  -5.546604450927485       4   0 0  2 2  0 0  0 0
   153  0.2075005166705612E-02   4   1 0  0 3  0 0  0 0
   154  0.1330019372710212E-02   4   0 1  0 3  0 0  0 0
   155  -3.154781880584480       4   0 0  1 3  0 0  0 0
   156  -.7876173013537721       4   0 0  0 4  0 0  0 0
   157  -.3032381814029917       4   3 0  0 0  0 1  0 0
   158  -1.189111136899998       4   2 1  0 0  0 1  0 0
   159  -1.474688299090381       4   1 2  0 0  0 1  0 0
   160  -.5860241582798296       4   0 3  0 0  0 1  0 0
   161  -.3845697597967654E-03   4   2 0  1 0  0 1  0 0
   162  -.1963217602195263E-02   4   1 1  1 0  0 1  0 0
   163  -.1820855078981695E-02   4   0 2  1 0  0 1  0 0
   164  -.9745419085612458E-01   4   1 0  2 0  0 1  0 0
   165  -.4175170936028630E-01   4   0 1  2 0  0 1  0 0
   166  -.4329755032394802E-03   4   0 0  3 0  0 1  0 0
   167  -.3867576366421734E-03   4   2 0  0 1  0 1  0 0
   168  -.1372668045517930E-02   4   1 1  0 1  0 1  0 0
   169  -.1257055121704939E-02   4   0 2  0 1  0 1  0 0
   170  -.1002801458631857       4   1 0  1 1  0 1  0 0
   171  0.8364815946786844E-01   4   0 1  1 1  0 1  0 0
   172  -.1409497033952338E-02   4   0 0  2 1  0 1  0 0
   173  0.4130910590667330E-01   4   1 0  0 2  0 1  0 0
   174  0.1581584414027628       4   0 1  0 2  0 1  0 0
   175  -.1658655329167079E-02   4   0 0  1 2  0 1  0 0
   176  -.6682044968020569E-03   4   0 0  0 3  0 1  0 0
   177  -.1234954676116519       4   3 0  0 0  0 0  1 0
   178  -.6239282692262439       4   2 1  0 0  0 0  1 0
   179  -.8939360286637003       4   1 2  0 0  0 0  1 0
   180  -.3897206818442997       4   0 3  0 0  0 0  1 0
   181  -.2688954477826439E-03   4   2 0  1 0  0 0  1 0
   182  -.1674996200596046E-02   4   1 1  1 0  0 0  1 0
   183  -.1522489591262051E-02   4   0 2  1 0  0 0  1 0
   184  -.1788361360569063E-01   4   1 0  2 0  0 0  1 0
   185  -.2575449806269285E-01   4   0 1  2 0  0 0  1 0
   186  -.2491563472866688E-03   4   0 0  3 0  0 0  1 0
   187  -.4318102181487996E-03   4   2 0  0 1  0 0  1 0
   188  -.1512095047318081E-02   4   1 1  0 1  0 0  1 0
   189  -.1252928992317777E-02   4   0 2  0 1  0 0  1 0
   190  -.6224793625091171E-01   4   1 0  1 1  0 0  1 0
   191  0.2058568517555686E-01   4   0 1  1 1  0 0  1 0
   192  -.9756875454253622E-03   4   0 0  2 1  0 0  1 0
   193  0.9035035151611890E-02   4   1 0  0 2  0 0  1 0
   194  0.8572454332986476E-01   4   0 1  0 2  0 0  1 0
   195  -.1243985017866518E-02   4   0 0  1 2  0 0  1 0
   196  -.5217345113267792E-03   4   0 0  0 3  0 0  1 0
   197  0.4250835731683330       4   3 0  0 0  0 0  0 1
   198   1.245063348688349       4   2 1  0 0  0 0  0 1
   199   1.208416743726012       4   1 2  0 0  0 0  0 1
   200  0.3892766510711821       4   0 3  0 0  0 0  0 1
   201  0.8222958629883294E-03   4   2 0  1 0  0 0  0 1
   202  0.2105510013762585E-02   4   1 1  1 0  0 0  0 1
   203  0.1412426426944477E-02   4   0 2  1 0  0 0  0 1
   204  0.1146696748767398       4   1 0  2 0  0 0  0 1
   205  0.5059714737989457E-01   4   0 1  2 0  0 0  0 1
   206  0.7279126004096900E-03   4   0 0  3 0  0 0  0 1
   207  0.1731887154265380E-03   4   2 0  0 1  0 0  0 1
   208  0.6282769049030954E-03   4   1 1  0 1  0 0  0 1
   209  0.6030684601750595E-03   4   0 2  0 1  0 0  0 1
   210  0.1240368815214806       4   1 0  1 1  0 0  0 1
   211  0.2204276059524215E-01   4   0 1  1 1  0 0  0 1
   212  0.1581517508841166E-02   4   0 0  2 1  0 0  0 1
   213  0.1416604772630674E-01   4   1 0  0 2  0 0  0 1
   214  -.2618043829317678E-01   4   0 1  0 2  0 0  0 1
   215  0.1174362118677382E-02   4   0 0  1 2  0 0  0 1
   216  0.3385669337377300E-03   4   0 0  0 3  0 0  0 1
   217  -.7167292878846131       4   2 0  0 0  0 2  0 0
   218  -2.612162851147328       4   1 1  0 0  0 2  0 0
   219  -2.679265625348561       4   0 2  0 0  0 2  0 0
   220  -.4142612817625393E-04   4   1 0  1 0  0 2  0 0
   221  -.8678594727075109E-04   4   0 1  1 0  0 2  0 0
   222  -.3924182268911557       4   0 0  2 0  0 2  0 0
   223  -.8908375795409223E-04   4   1 0  0 1  0 2  0 0
   224  -.1484318324177054E-03   4   0 1  0 1  0 2  0 0
   225  -.7133120559504963       4   0 0  1 1  0 2  0 0
   226  -.6569142958041320       4   0 0  0 2  0 2  0 0
   227  -.3396215595260304       4   2 0  0 0  0 1  1 0
   228  -1.695027497921930       4   1 1  0 0  0 1  1 0
   229  -1.948733131563445       4   0 2  0 0  0 1  1 0
   230  -.1682826054384175E-04   4   1 0  1 0  0 1  1 0
   231  -.5079822780477199E-04   4   0 1  1 0  0 1  1 0
   232  -.1225169205587299       4   0 0  2 0  0 1  1 0
   233  -.5304619091124803E-04   4   1 0  0 1  0 1  1 0
   234  -.1110433129355119E-03   4   0 1  0 1  0 1  1 0
   235  -.5531515766969616       4   0 0  1 1  0 1  1 0
   236  -.4327170292019784       4   0 0  0 2  0 1  1 0
   237  -.1699496116114583       4   2 0  0 0  0 0  2 0
   238  -.8475583300136849       4   1 1  0 0  0 0  2 0
   239  -.9742001828336755       4   0 2  0 0  0 0  2 0
   240  -.8499186551880441E-05   4   1 0  1 0  0 0  2 0
   241  -.2548050710031646E-04   4   0 1  1 0  0 0  2 0
   242  -.6139846840833431E-01   4   0 0  2 0  0 0  2 0
   243  -.2658613367954216E-04   4   1 0  0 1  0 0  2 0
   244  -.5554591238664189E-04   4   0 1  0 1  0 0  2 0
   245  -.2764968233673094       4   0 0  1 1  0 0  2 0
   246  -.2163632227675602       4   0 0  0 2  0 0  2 0
   247   1.226078587914195       4   2 0  0 0  0 1  0 1
   248   3.390048454687872       4   1 1  0 0  0 1  0 1
   249   2.193005007730378       4   0 2  0 0  0 1  0 1
   250  0.5690769463812583E-04   4   1 0  1 0  0 1  0 1
   251  0.9215702406314603E-04   4   0 1  1 0  0 1  0 1
   252  0.5761617498348708       4   0 0  2 0  0 1  0 1
   253  0.9598160272535984E-04   4   1 0  0 1  0 1  0 1
   254  0.1323259162899223E-03   4   0 1  0 1  0 1  0 1
   255   1.106325615342678       4   0 0  1 1  0 1  0 1
   256  0.4249622568028621       4   0 0  0 2  0 1  0 1
   257  0.4759095591167276       4   2 0  0 0  0 0  1 1
   258   1.711834580640555       4   1 1  0 0  0 0  1 1
   259   1.295397738837188       4   0 2  0 0  0 0  1 1
   260  0.1987317319431540E-04   4   1 0  1 0  0 0  1 1
   261  0.4425083238420963E-04   4   0 1  1 0  0 0  1 1
   262  0.1498232904508925       4   0 0  2 0  0 0  1 1
   263  0.4672007314030671E-04   4   1 0  0 1  0 0  1 1
   264  0.7520776279207786E-04   4   0 1  0 1  0 0  1 1
   265  0.5675177576383348       4   0 0  1 1  0 0  1 1
   266  0.2853977654464133       4   0 0  0 2  0 0  1 1
   267  -.4757094448006122       4   2 0  0 0  0 0  0 2
   268  -.8727610294531860       4   1 1  0 0  0 0  0 2
   269  -.3985969611310697       4   0 2  0 0  0 0  0 2
   270  -.1700673664823619E-04   4   1 0  1 0  0 0  0 2
   271  -.1504940224787934E-04   4   0 1  1 0  0 0  0 2
   272  -.1496412668114123       4   0 0  2 0  0 0  0 2
   273  -.1656471369331393E-04   4   1 0  0 1  0 0  0 2
   274  -.1475841628332873E-04   4   0 1  0 1  0 0  0 2
   275  -.2981528207740793       4   0 0  1 1  0 0  0 2
   276  -.1461253113567823       4   0 0  0 2  0 0  0 2
   277  -.1428144898801084E-03   4   1 0  0 0  0 3  0 0
   278  -.2248242875483730E-03   4   0 1  0 0  0 3  0 0
   279  -.7432422145437704E-04   4   0 0  1 0  0 3  0 0
   280  -.7962731833675979E-04   4   0 0  0 1  0 3  0 0
   281  -.7512841721770384E-04   4   1 0  0 0  0 2  1 0
   282  -.1128862467569624E-03   4   0 1  0 0  0 2  1 0
   283  -.2154277534162788E-04   4   0 0  1 0  0 2  1 0
   284  -.6818253906692754E-04   4   0 0  0 1  0 2  1 0
   285  -.4733110651540766E-04   4   1 0  0 0  0 1  2 0
   286  -.7052932619929083E-04   4   0 1  0 0  0 1  2 0
   287  -.1144692594486344E-04   4   0 0  1 0  0 1  2 0
   288  -.4522927157418545E-04   4   0 0  0 1  0 1  2 0
   289  -.2507298095084900E-04   4   1 0  0 0  0 0  3 0
   290  -.3768142379128332E-04   4   0 1  0 0  0 0  3 0
   291  -.7213737834606559E-05   4   0 0  1 0  0 0  3 0
   292  -.2272056437337509E-04   4   0 0  0 1  0 0  3 0
   293  0.1240969011330471E-03   4   1 0  0 0  0 2  0 1
   294  0.1002389362154974E-03   4   0 1  0 0  0 2  0 1
   295  0.8268087446309308E-04   4   0 0  1 0  0 2  0 1
   296  0.1347124616205836E-03   4   0 0  0 1  0 2  0 1
   297  0.6718375711702192E-04   4   1 0  0 0  0 1  1 1
   298  0.5434951278659588E-04   4   0 1  0 0  0 1  1 1
   299  0.1689828835150666E-04   4   0 0  1 0  0 1  1 1
   300  0.8797616624312388E-04   4   0 0  0 1  0 1  1 1
   301  0.3360729291661360E-04   4   1 0  0 0  0 0  2 1
   302  0.2718706277017193E-04   4   0 1  0 0  0 0  2 1
   303  0.8487849759287977E-05   4   0 0  1 0  0 0  2 1
   304  0.4399032305145130E-04   4   0 0  0 1  0 0  2 1
   305  -.6907460347054987E-06   4   1 0  0 0  0 1  0 2
   306  0.1970290774498697E-05   4   0 1  0 0  0 1  0 2
   307  -.8238818186793678E-05   4   0 0  1 0  0 1  0 2
   308  -.2269608737032336E-04   4   0 0  0 1  0 1  0 2
   309  -.4006031120778414E-05   4   1 0  0 0  0 0  1 2
   310  -.1103399415291676E-05   4   0 1  0 0  0 0  1 2
   311  0.2586485017904943E-05   4   0 0  1 0  0 0  1 2
   312  -.1090649721085889E-04   4   0 0  0 1  0 0  1 2
   313  0.2121656685617505E-08   4   1 0  0 0  0 0  0 3
   314  0.5923559678188255E-07   4   0 1  0 0  0 0  0 3
   315  -.4383055429101849E-05   4   0 0  1 0  0 0  0 3
   316  -.3986985917647929E-05   4   0 0  0 1  0 0  0 3
   317  -.1565302516297737       4   0 0  0 0  0 4  0 0
   318  0.8947684351342665E-01   4   0 0  0 0  0 3  1 0
   319  0.2686485509165458E-01   4   0 0  0 0  0 2  2 0
   320  0.1798162692825489E-01   4   0 0  0 0  0 1  3 0
   321  0.2220686165262123E-01   4   0 0  0 0  0 0  4 0
   322  0.5857348120058352E-08   4   0 0  0 0  0 3  0 1
   323  0.3150174380430891E-08   4   0 0  0 0  0 2  1 1
   324  0.2529343858082188E-08   4   0 0  0 0  0 1  2 1
   325  0.8626538091341362E-09   4   0 0  0 0  0 0  3 1
   326  -.5712523105323500E-09   4   0 0  0 0  0 2  0 2
   327  0.9006975947463885E-10   4   0 0  0 0  0 1  1 2
   328  0.2806892646666130E-10   4   0 0  0 0  0 0  2 2
   329  -.3622285936566624E-09   4   0 0  0 0  0 1  0 3
   330  -.1672177308092369E-09   4   0 0  0 0  0 0  1 3
   331  -.2055077827131289E-10   4   0 0  0 0  0 0  0 4
   ----------------------------------------------------
     I  COEFFICIENT            ORDER EXPONENTS
     1   1.000000000000000       1   0 0  0 0  0 1  0 0
     --------------------------------------------------
     I  COEFFICIENT            ORDER EXPONENTS
     1   1.000000000000000       1   0 0  0 0  0 0  1 0
     --------------------------------------------------
     I  COEFFICIENT            ORDER EXPONENTS
     1   1.000000000000000       1   0 0  0 0  0 0  0 1
     --------------------------------------------------
