 L    0.1145458000000000E+01
 P (  0.0000000000000000E+00,  0.0000000000000000E+00,  0.9555200000000000E-01)
 A (  0.0000000000000000E+00,  0.0000000000000000E+00,  0.0000000000000000E+00)
     I  COEFFICIENT            ORDER EXPONENTS
     1  0.9511777529077311E-04   0   0 0  0 0  0 0  0 0
     2   1.622369150454690       1   1 0  0 0  0 0  0 0
     3   1.697462158916099       1   0 1  0 0  0 0  0 0
     4  0.1867366910397928E-04   1   0 0  1 0  0 0  0 0
     5  0.1644096752333587E-04   1   0 0  0 1  0 0  0 0
     6  -.9178229140763183E-06   1   0 0  0 0  0 1  0 0
     7  -.9165877512541609E-06   1   0 0  0 0  0 0  1 0
     8  0.1834410667104750E-05   1   0 0  0 0  0 0  0 1
     9  -.1572235788575195       2   2 0  0 0  0 0  0 0
    10  -.2809517930144597       2   1 1  0 0  0 0  0 0
    11  -.1261470769003223       2   0 2  0 0  0 0  0 0
    12  0.6346646813815782E-03   2   1 0  1 0  0 0  0 0
    13  0.1922997264326160E-03   2   0 1  1 0  0 0  0 0
    14  0.1136645241907619       2   0 0  2 0  0 0  0 0
    15  0.6401871627374901E-03   2   1 0  0 1  0 0  0 0
    16  0.2872387387125437E-03   2   0 1  0 1  0 0  0 0
    17  0.2026792133811486       2   0 0  1 1  0 0  0 0
    18  0.9109974776056803E-01   2   0 0  0 2  0 0  0 0
    19  -.3368462986689912       2   1 0  0 0  0 1  0 0
    20  -1.146719881425571       2   0 1  0 0  0 1  0 0
    21  -.1019596510349564E-04   2   0 0  1 0  0 1  0 0
    22  -.1725947873639332E-04   2   0 0  0 1  0 1  0 0
    23  -.3363929867952590       2   1 0  0 0  0 0  1 0
    24  -1.145176679852185       2   0 1  0 0  0 0  1 0
    25  -.1018224385417855E-04   2   0 0  1 0  0 0  1 0
    26  -.1723625174332096E-04   2   0 0  0 1  0 0  1 0
    27  0.6732392854954364       2   1 0  0 0  0 0  0 1
    28  0.5944344023929038       2   0 1  0 0  0 0  0 1
    29  0.2037818746839756E-04   2   0 0  1 0  0 0  0 1
    30  0.1805474225266683E-04   2   0 0  0 1  0 0  0 1
    31  0.4821312016305305E-06   2   0 0  0 0  0 2  0 0
    32  0.4762683321995901E-07   2   0 0  0 0  0 1  1 0
    33  0.4814503251157287E-06   2   0 0  0 0  0 0  2 0
    34  -.9412897808102120E-07   2   0 0  0 0  0 1  0 1
    35  -.9400230373861152E-07   2   0 0  0 0  0 0  1 1
    36  -.8231344135204467E-06   2   0 0  0 0  0 0  0 2
    37   1.862565220627508       3   3 0  0 0  0 0  0 0
    38   8.741055380848772       3   2 1  0 0  0 0  0 0
    39   11.92371179700431       3   1 2  0 0  0 0  0 0
    40   5.857961673933568       3   0 3  0 0  0 0  0 0
    41  -.1215091947049054E-01   3   2 0  1 0  0 0  0 0
    42  -.2139097863740312E-01   3   1 1  1 0  0 0  0 0
    43  -.9431043326253854E-02   3   0 2  1 0  0 0  0 0
    44  -1.633463113207160       3   1 0  2 0  0 0  0 0
    45  0.3471485331282733       3   0 1  2 0  0 0  0 0
    46  0.2944120439985926E-02   3   0 0  3 0  0 0  0 0
    47  -.1100583151691024E-01   3   2 0  0 1  0 0  0 0
    48  -.1952103804684956E-01   3   1 1  0 1  0 0  0 0
    49  -.8664590237036198E-02   3   0 2  0 1  0 0  0 0
    50  -4.645169408839262       3   1 0  1 1  0 0  0 0
    51  -1.499065654866071       3   0 1  1 1  0 0  0 0
    52  0.7836438730223983E-02   3   0 0  2 1  0 0  0 0
    53  -2.174076867167280       3   1 0  0 2  0 0  0 0
    54  -.1612789322605315       3   0 1  0 2  0 0  0 0
    55  0.7021645425778317E-02   3   0 0  1 2  0 0  0 0
    56  0.2127066394216817E-02   3   0 0  0 3  0 0  0 0
    57  0.9768073793400202E-01   3   2 0  0 0  0 1  0 0
    58  0.3145654703638552       3   1 1  0 0  0 1  0 0
    59  0.2040312398187270       3   0 2  0 0  0 1  0 0
    60  -.3662584205121179E-03   3   1 0  1 0  0 1  0 0
    61  -.1910829608090737E-03   3   0 1  1 0  0 1  0 0
    62  -.5310527887846697E-01   3   0 0  2 0  0 1  0 0
    63  -.7563177615595460E-03   3   1 0  0 1  0 1  0 0
    64  -.4977458690544020E-03   3   0 1  0 1  0 1  0 0
    65  -.1953809591034323       3   0 0  1 1  0 1  0 0
    66  -.1331524324083770       3   0 0  0 2  0 1  0 0
    67  0.9754928380042373E-01   3   2 0  0 0  0 0  1 0
    68  0.3141421429787963       3   1 1  0 0  0 0  1 0
    69  0.2037566641918382       3   0 2  0 0  0 0  1 0
    70  -.3657655271909528E-03   3   1 0  1 0  0 0  1 0
    71  -.1908258103658442E-03   3   0 1  1 0  0 0  1 0
    72  -.5303381229691732E-01   3   0 0  2 0  0 0  1 0
    73  -.7552999447600583E-03   3   1 0  0 1  0 0  1 0
    74  -.4970760261217771E-03   3   0 1  0 1  0 0  1 0
    75  -.1951180246166564       3   0 0  1 1  0 0  1 0
    76  -.1329732421400985       3   0 0  0 2  0 0  1 0
    77  -.1952303274674313       3   2 0  0 0  0 0  0 1
    78  -.3477563243375138       3   1 1  0 0  0 0  0 1
    79  -.1554939571788689       3   0 2  0 0  0 0  0 1
    80  0.7312336504836185E-03   3   1 0  1 0  0 0  0 1
    81  0.1888073061733861E-03   3   0 1  1 0  0 0  0 1
    82  0.1061392568515912       3   0 0  2 0  0 0  0 1
    83  0.8706063248614850E-03   3   1 0  0 1  0 0  0 1
    84  0.4195043721664973E-03   3   0 1  0 1  0 0  0 1
    85  0.1878200299037534       3   0 0  1 1  0 0  0 1
    86  0.8392627915909348E-01   3   0 0  0 2  0 0  0 1
    87  0.2657220647523716       3   1 0  0 0  0 2  0 0
    88   1.019607627362927       3   0 1  0 0  0 2  0 0
    89  0.8083194447220948E-05   3   0 0  1 0  0 2  0 0
    90  0.1788526289696826E-04   3   0 0  0 1  0 2  0 0
    91  0.1947887517884644       3   1 0  0 0  0 1  1 0
    92  0.8928356202624470       3   0 1  0 0  0 1  1 0
    93  0.5904845488015339E-05   3   0 0  1 0  0 1  1 0
    94  0.1843668230490491E-04   3   0 0  0 1  0 1  1 0
    95  0.2652333997596355       3   1 0  0 0  0 0  2 0
    96   1.017634719420535       3   0 1  0 0  0 0  2 0
    97  0.8068343233695760E-05   3   0 0  1 0  0 0  2 0
    98  0.1784878814402197E-04   3   0 0  0 1  0 0  2 0
    99  -.3893870200721531       3   1 0  0 0  0 1  0 1
   100  -.6386119561046444       3   0 1  0 0  0 1  0 1
   101  -.1175538852140355E-04   3   0 0  1 0  0 1  0 1
   102  -.1952239183744153E-04   3   0 0  0 1  0 1  0 1
   103  -.3888630013717156       3   1 0  0 0  0 0  1 1
   104  -.6377525422308592       3   0 1  0 0  0 0  1 1
   105  -.1173956867354377E-04   3   0 0  1 0  0 0  1 1
   106  -.1949611952256521E-04   3   0 0  0 1  0 0  1 1
   107  0.5250548822787314E-01   3   1 0  0 0  0 0  0 2
   108  0.4374798366233301E-01   3   0 1  0 0  0 0  0 2
   109  0.1492818626585828E-05   3   0 0  1 0  0 0  0 2
   110  0.1407842491067954E-05   3   0 0  0 1  0 0  0 2
   111  -.2590717213724377E-06   3   0 0  0 0  0 3  0 0
   112  0.1866314194328489E-06   3   0 0  0 0  0 2  1 0
   113  0.1857324137986710E-06   3   0 0  0 0  0 1  2 0
   114  -.2586741628037084E-06   3   0 0  0 0  0 0  3 0
   115  -.3739478228011656E-06   3   0 0  0 0  0 2  0 1
   116  -.8406475367293830E-06   3   0 0  0 0  0 1  1 1
   117  -.3728789296195526E-06   3   0 0  0 0  0 0  2 1
   118  0.8884140637890380E-06   3   0 0  0 0  0 1  0 2
   119  0.8872184780113887E-06   3   0 0  0 0  0 0  1 2
   120  -.4315731705720991E-07   3   0 0  0 0  0 0  0 3
   121  -18.39975098898699       4   4 0  0 0  0 0  0 0
   122  -68.20800894154786       4   3 1  0 0  0 0  0 0
   123  -95.35304681415468       4   2 2  0 0  0 0  0 0
   124  -59.69305271881564       4   1 3  0 0  0 0  0 0
   125  -14.14052844858362       4   0 4  0 0  0 0  0 0
   126  -.8556397084401757E-02   4   3 0  1 0  0 0  0 0
   127  -.2322968458007513E-01   4   2 1  1 0  0 0  0 0
   128  -.2242187883087089E-01   4   1 2  1 0  0 0  0 0
   129  -.7665730881061456E-02   4   0 3  1 0  0 0  0 0
   130   71.75713241659410       4   2 0  2 0  0 0  0 0
   131   126.8859201523032       4   1 1  2 0  0 0  0 0
   132   56.54648227789765       4   0 2  2 0  0 0  0 0
   133  0.6186331518264149E-02   4   1 0  3 0  0 0  0 0
   134  0.5262014263549400E-02   4   0 1  3 0  0 0  0 0
   135  -8.753589963253571       4   0 0  4 0  0 0  0 0
   136  -.7417794070613442E-02   4   3 0  0 1  0 0  0 0
   137  -.1923014637887183E-01   4   2 1  0 1  0 0  0 0
   138  -.1706557149483633E-01   4   1 2  0 1  0 0  0 0
   139  -.5269770251377847E-02   4   0 3  0 1  0 0  0 0
   140   131.2618438672145       4   2 0  1 1  0 0  0 0
   141   233.8383696594999       4   1 1  1 1  0 0  0 0
   142   105.0654463424508       4   0 2  1 1  0 0  0 0
   143  0.1626711842393157E-01   4   1 0  2 1  0 0  0 0
   144  0.1402225609204128E-01   4   0 1  2 1  0 0  0 0
   145  -30.87222950879880       4   0 0  3 1  0 0  0 0
   146   60.32354437626168       4   2 0  0 2  0 0  0 0
   147   108.1295963389680       4   1 1  0 2  0 0  0 0
   148   48.91710209099021       4   0 2  0 2  0 0  0 0
   149  0.1395111673328915E-01   4   1 0  1 2  0 0  0 0
   150  0.1214439317268405E-01   4   0 1  1 2  0 0  0 0
   151  -41.09582365249123       4   0 0  2 2  0 0  0 0
   152  0.4363021410665689E-02   4   1 0  0 3  0 0  0 0
   153  0.3786222968024297E-02   4   0 1  0 3  0 0  0 0
   154  -24.37614443821532       4   0 0  1 3  0 0  0 0
   155  -5.414152940315440       4   0 0  0 4  0 0  0 0
   156  -3.035511407618073       4   3 0  0 0  0 1  0 0
   157  -15.86645108087000       4   2 1  0 0  0 1  0 0
   158  -25.62780392269562       4   1 2  0 0  0 1  0 0
   159  -14.16905974658219       4   0 3  0 0  0 1  0 0
   160  0.1332940574647273E-02   4   2 0  1 0  0 1  0 0
   161  0.1170990909418861E-01   4   1 1  1 0  0 1  0 0
   162  0.9193866590149148E-02   4   0 2  1 0  0 1  0 0
   163  0.8907610435169979       4   1 0  2 0  0 1  0 0
   164  -.5522913565123815       4   0 1  2 0  0 1  0 0
   165  -.4207478330541556E-03   4   0 0  3 0  0 1  0 0
   166  0.5916060877879223E-02   4   2 0  0 1  0 1  0 0
   167  0.1889859856510863E-01   4   1 1  0 1  0 1  0 0
   168  0.1202381273498489E-01   4   0 2  0 1  0 1  0 0
   169   5.705914993989211       4   1 0  1 1  0 1  0 0
   170   2.745189374535043       4   0 1  1 1  0 1  0 0
   171  -.4638828366828994E-02   4   0 0  2 1  0 1  0 0
   172   4.101626976779420       4   1 0  0 2  0 1  0 0
   173   1.164565710017433       4   0 1  0 2  0 1  0 0
   174  -.7283848978016517E-02   4   0 0  1 2  0 1  0 0
   175  -.3154290414998035E-02   4   0 0  0 3  0 1  0 0
   176  -3.031426359424273       4   3 0  0 0  0 0  1 0
   177  -15.84509875876495       4   2 1  0 0  0 0  1 0
   178  -25.59331523197267       4   1 2  0 0  0 0  1 0
   179  -14.14999169373976       4   0 3  0 0  0 0  1 0
   180  0.1331146766041237E-02   4   2 0  1 0  0 0  1 0
   181  0.1169415045039857E-01   4   1 1  1 0  0 0  1 0
   182  0.9181493917784061E-02   4   0 2  1 0  0 0  1 0
   183  0.8895622992847491       4   1 0  2 0  0 0  1 0
   184  -.5515481088333709       4   0 1  2 0  0 0  1 0
   185  -.4201816104495901E-03   4   0 0  3 0  0 0  1 0
   186  0.5908099321964076E-02   4   2 0  0 1  0 0  1 0
   187  0.1887316572181982E-01   4   1 1  0 1  0 0  1 0
   188  0.1200763165446883E-01   4   0 2  0 1  0 0  1 0
   189   5.698236242500750       4   1 0  1 1  0 0  1 0
   190   2.741495028051081       4   0 1  1 1  0 0  1 0
   191  -.4632585650233322E-02   4   0 0  2 1  0 0  1 0
   192   4.096107200497045       4   1 0  0 2  0 0  1 0
   193   1.162998492368966       4   0 1  0 2  0 0  1 0
   194  -.7274046717337813E-02   4   0 0  1 2  0 0  1 0
   195  -.3150045519614089E-02   4   0 0  0 3  0 0  1 0
   196   6.064502965351195       4   3 0  0 0  0 0  0 1
   197   22.96291030465763       4   2 1  0 0  0 0  0 1
   198   27.36579985802084       4   1 2  0 0  0 0  0 1
   199   10.74241850730926       4   0 3  0 0  0 0  0 1
   200  0.1191465283600771E-02   4   2 0  1 0  0 0  0 1
   201  0.2602623727685640E-02   4   1 1  1 0  0 0  0 1
   202  0.1423964437058571E-02   4   0 2  1 0  0 0  0 1
   203  -1.776481445410228       4   1 0  2 0  0 0  0 1
   204  0.7605619399169345       4   0 1  2 0  0 0  0 1
   205  -.8083398165547000E-04   4   0 0  3 0  0 0  0 1
   206  0.1335535861620859E-02   4   2 0  0 1  0 0  0 1
   207  0.2814370581992011E-02   4   1 1  0 1  0 0  0 1
   208  0.1503044905105723E-02   4   0 2  0 1  0 0  0 1
   209  -6.751021113282835       4   1 0  1 1  0 0  0 1
   210  -2.480487596000746       4   0 1  1 1  0 0  0 1
   211  -.2782737291092634E-03   4   0 0  2 1  0 0  0 1
   212  -3.845434468265039       4   1 0  0 2  0 0  0 1
   213  -1.839506563343631       4   0 1  0 2  0 0  0 1
   214  -.2840634126457488E-03   4   0 0  1 2  0 0  0 1
   215  -.7859220897522387E-04   4   0 0  0 3  0 0  0 1
   216  -.8535146649546489E-01   4   2 0  0 0  0 2  0 0
   217  -.3450965467509387       4   1 1  0 0  0 2  0 0
   218  -.2729291624261931       4   0 2  0 0  0 2  0 0
   219  -.1455563259917008E-03   4   1 0  1 0  0 2  0 0
   220  -.1455099727458751E-04   4   0 1  1 0  0 2  0 0
   221  0.3780581008336052E-01   4   0 0  2 0  0 2  0 0
   222  0.4850739219803586E-03   4   1 0  0 1  0 2  0 0
   223  0.5749995872768574E-03   4   0 1  0 1  0 2  0 0
   224  0.1897779274942531       4   0 0  1 1  0 2  0 0
   225  0.1628205328280710       4   0 0  0 2  0 2  0 0
   226  -.7180944762297667E-01   4   2 0  0 0  0 1  1 0
   227  -.3727414391145472       4   1 1  0 0  0 1  1 0
   228  -.3398623678665064       4   0 2  0 0  0 1  1 0
   229  -.2484217906130544E-03   4   1 0  1 0  0 1  1 0
   230  -.5530216957836560E-04   4   0 1  1 0  0 1  1 0
   231  0.2309847386451127E-01   4   0 0  2 0  0 1  1 0
   232  0.5449556704688987E-03   4   1 0  0 1  0 1  1 0
   233  0.7450070098699963E-03   4   0 1  0 1  0 1  1 0
   234  0.1849868796230030       4   0 0  1 1  0 1  1 0
   235  0.1927833048917391       4   0 0  0 2  0 1  1 0
   236  -.8518828562915592E-01   4   2 0  0 0  0 0  2 0
   237  -.3443813231511251       4   1 1  0 0  0 0  2 0
   238  -.2723331818433476       4   0 2  0 0  0 0  2 0
   239  -.1451932859789685E-03   4   1 0  1 0  0 0  2 0
   240  -.1449420370141643E-04   4   0 1  1 0  0 0  2 0
   241  0.3773939038710982E-01   4   0 0  2 0  0 0  2 0
   242  0.4840544445276862E-03   4   1 0  0 1  0 0  2 0
   243  0.5737244822696286E-03   4   0 1  0 1  0 0  2 0
   244  0.1893980599911220       4   0 0  1 1  0 0  2 0
   245  0.1624716972853766       4   0 0  0 2  0 0  2 0
   246  0.1419940282385904       4   2 0  0 0  0 1  0 1
   247  0.4264351024553599       4   1 1  0 0  0 1  0 1
   248  0.2681685638552967       4   0 2  0 0  0 1  0 1
   249  0.4401770602267451E-03   4   1 0  1 0  0 1  0 1
   250  0.3831171193337620E-03   4   0 1  1 0  0 1  0 1
   251  -.4663547644217503E-01   4   0 0  2 0  0 1  0 1
   252  -.1989213816942629E-03   4   1 0  0 1  0 1  0 1
   253  -.1252446829478220E-03   4   0 1  0 1  0 1  0 1
   254  -.1751628024956268       4   0 0  1 1  0 1  0 1
   255  -.1197802448156957       4   0 0  0 2  0 1  0 1
   256  0.1418029393673306       4   2 0  0 0  0 0  1 1
   257  0.4258612261916608       4   1 1  0 0  0 0  1 1
   258  0.2678076752404049       4   0 2  0 0  0 0  1 1
   259  0.4395846906839182E-03   4   1 0  1 0  0 0  1 1
   260  0.3826015383702474E-03   4   0 1  1 0  0 0  1 1
   261  -.4657271661583301E-01   4   0 0  2 0  0 0  1 1
   262  -.1986536826736187E-03   4   1 0  0 1  0 0  1 1
   263  -.1250761345560881E-03   4   0 1  0 1  0 0  1 1
   264  -.1749270766511650       4   0 0  1 1  0 0  1 1
   265  -.1196190502072701       4   0 0  0 2  0 0  1 1
   266  -.4265055519275161E-01   4   2 0  0 0  0 0  0 2
   267  -.7479543264936628E-01   4   1 1  0 0  0 0  0 2
   268  -.3277973560222201E-01   4   0 2  0 0  0 0  0 2
   269  -.4296543889689052E-03   4   1 0  1 0  0 0  0 2
   270  -.4197631374433849E-03   4   0 1  1 0  0 0  0 2
   271  -.5916664770666042E-02   4   0 0  2 0  0 0  0 2
   272  -.3347536493815180E-03   4   1 0  0 1  0 0  0 2
   273  -.3350811946304605E-03   4   0 1  0 1  0 0  0 2
   274  -.1202516269980033E-01   4   0 0  1 1  0 0  0 2
   275  -.5925913246118049E-02   4   0 0  0 2  0 0  0 2
   276  -.2303983666457180       4   1 0  0 0  0 3  0 0
   277  -.9617481719177938       4   0 1  0 0  0 3  0 0
   278  -.1080711133971011E-04   4   0 0  1 0  0 3  0 0
   279  -.2277195800623193E-04   4   0 0  0 1  0 3  0 0
   280  -.1597864114170675       4   1 0  0 0  0 2  1 0
   281  -.8460798351624141       4   0 1  0 0  0 2  1 0
   282  -.7177038336158910E-05   4   0 0  1 0  0 2  1 0
   283  -.2243136976299976E-04   4   0 0  0 1  0 2  1 0
   284  -.1599283248846319       4   1 0  0 0  0 1  2 0
   285  -.8463107139947503       4   0 1  0 0  0 1  2 0
   286  -.7184336749570863E-05   4   0 0  1 0  0 1  2 0
   287  -.2243199542265041E-04   4   0 0  0 1  0 1  2 0
   288  -.2298259062108334       4   1 0  0 0  0 0  3 0
   289  -.9592382190064546       4   0 1  0 0  0 0  3 0
   290  -.1078047304021586E-04   4   0 0  1 0  0 0  3 0
   291  -.2271091666420119E-04   4   0 0  0 1  0 0  3 0
   292  0.3195196576885789       4   1 0  0 0  0 2  0 1
   293  0.6724812101467557       4   0 1  0 0  0 2  0 1
   294  0.1312731169901259E-04   4   0 0  1 0  0 2  0 1
   295  0.2456309477886362E-04   4   0 0  0 1  0 2  0 1
   296  0.2498330770269669       4   1 0  0 0  0 1  1 1
   297  0.7062516401778850       4   0 1  0 0  0 1  1 1
   298  0.9564312207629468E-05   4   0 0  1 0  0 1  1 1
   299  0.2439915571619629E-04   4   0 0  0 1  0 1  1 1
   300  0.3189215564012827       4   1 0  0 0  0 0  2 1
   301  0.6711009965406499       4   0 1  0 0  0 0  2 1
   302  0.1310320998128754E-04   4   0 0  1 0  0 0  2 1
   303  0.2451362130659357E-04   4   0 0  0 1  0 0  2 1
   304  -.5503876685075888E-01   4   1 0  0 0  0 1  0 2
   305  -.6767822260274384E-01   4   0 1  0 0  0 1  0 2
   306  -.5740119045325557E-06   4   0 0  1 0  0 1  0 2
   307  -.1115801577197513E-05   4   0 0  0 1  0 1  0 2
   308  -.5496469827221762E-01   4   1 0  0 0  0 0  1 2
   309  -.6758714444032887E-01   4   0 1  0 0  0 0  1 2
   310  -.5732394263636478E-06   4   0 0  1 0  0 0  1 2
   311  -.1114299984020810E-05   4   0 0  0 1  0 0  1 2
   312  0.1663392007434252E-02   4   1 0  0 0  0 0  0 3
   313  0.1339803714822905E-02   4   0 1  0 0  0 0  0 3
   314  0.1064639652917667E-06   4   0 0  1 0  0 0  0 3
   315  0.8599112783820613E-07   4   0 0  0 1  0 0  0 3
   316  -.3374204000422516E-04   4   0 0  0 0  0 4  0 0
   317  -.2319177852431617E-04   4   0 0  0 0  0 3  1 0
   318  -.2180012711242919E-04   4   0 0  0 0  0 2  2 0
   319  -.2322190421472525E-04   4   0 0  0 0  0 1  3 0
   320  -.3363567938197774E-04   4   0 0  0 0  0 0  4 0
   321  0.9100742893169433E-05   4   0 0  0 0  0 3  0 1
   322  0.9578230916337354E-05   4   0 0  0 0  0 2  1 1
   323  0.9577242322158301E-05   4   0 0  0 0  0 1  2 1
   324  0.9075935585386899E-05   4   0 0  0 0  0 0  3 1
   325  -.6960219734598852E-06   4   0 0  0 0  0 2  0 2
   326  -.8669592370314998E-06   4   0 0  0 0  0 1  1 2
   327  -.6945019434489910E-06   4   0 0  0 0  0 0  2 2
   328  0.1829333986166775E-07   4   0 0  0 0  0 1  0 3
   329  0.1826872154701716E-07   4   0 0  0 0  0 0  1 3
   330  -.6027831686735705E-14   4   0 0  0 0  0 0  0 4
   ----------------------------------------------------
     I  COEFFICIENT            ORDER EXPONENTS
     1  0.4388298827846319E-04   0   0 0  0 0  0 0  0 0
     2   2.942050963734113       1   1 0  0 0  0 0  0 0
     3   3.694609317942259       1   0 1  0 0  0 0  0 0
     4  0.8412664184926772E-04   1   0 0  1 0  0 0  0 0
     5  0.7744152090650854E-04   1   0 0  0 1  0 0  0 0
     6  0.1934167292232254E-05   1   0 0  0 0  0 1  0 0
     7  0.1931564381044183E-05   1   0 0  0 0  0 0  1 0
     8  0.4001725661371136E-04   1   0 0  0 0  0 0  0 1
     9  -.7881635280882168       2   2 0  0 0  0 0  0 0
    10  -1.442686837885023       2   1 1  0 0  0 0  0 0
    11  -.6635855510516067       2   0 2  0 0  0 0  0 0
    12  0.3469079986802556E-02   2   1 0  1 0  0 0  0 0
    13  0.2532304845401935E-02   2   0 1  1 0  0 0  0 0
    14  0.5049692999915893       2   0 0  2 0  0 0  0 0
    15  0.3171164518495199E-02   2   1 0  0 1  0 0  0 0
    16  0.2380238553385001E-02   2   0 1  0 1  0 0  0 0
    17  0.9246400825950688       2   0 0  1 1  0 0  0 0
    18  0.4275940194935088       2   0 0  0 2  0 0  0 0
    19  -.1791776429784690       2   1 0  0 0  0 1  0 0
    20  -1.499868341531422       2   0 1  0 0  0 1  0 0
    21  -.4820029788820933E-05   2   0 0  1 0  0 1  0 0
    22  -.4344567754357841E-04   2   0 0  0 1  0 1  0 0
    23  -.1789365141509003       2   1 0  0 0  0 0  1 0
    24  -1.497849889403737       2   0 1  0 0  0 0  1 0
    25  -.4813543219891328E-05   2   0 0  1 0  0 0  1 0
    26  -.4338721039826414E-04   2   0 0  0 1  0 0  1 0
    27   3.300165121030980       2   1 0  0 0  0 0  0 1
    28   2.997718231103032       2   0 1  0 0  0 0  0 1
    29  0.9376006621720764E-04   2   0 0  1 0  0 0  0 1
    30  0.8683274110815336E-04   2   0 0  0 1  0 0  0 1
    31  -.1534707316717495E-05   2   0 0  0 0  0 2  0 0
    32  -.1136314914045208E-05   2   0 0  0 0  0 1  1 0
    33  -.1531877380408257E-05   2   0 0  0 0  0 0  2 0
    34  0.4205729161821474E-05   2   0 0  0 0  0 1  0 1
    35  0.4200069289724074E-05   2   0 0  0 0  0 0  1 1
    36  -.4202898980054654E-05   2   0 0  0 0  0 0  0 2
    37  -13.32661171242925       3   3 0  0 0  0 0  0 0
    38  -38.71052010870988       3   2 1  0 0  0 0  0 0
    39  -38.79146122313792       3   1 2  0 0  0 0  0 0
    40  -11.95907717247523       3   0 3  0 0  0 0  0 0
    41  -.6031793759239040E-01   3   2 0  1 0  0 0  0 0
    42  -.1093886158594464       3   1 1  1 0  0 0  0 0
    43  -.4984168504068986E-01   3   0 2  1 0  0 0  0 0
    44  -16.81614301652201       3   1 0  2 0  0 0  0 0
    45  -13.24848464830217       3   0 1  2 0  0 0  0 0
    46  0.1280836780758091E-01   3   0 0  3 0  0 0  0 0
    47  -.5705761538616056E-01   3   2 0  0 1  0 0  0 0
    48  -.1044236264242963       3   1 1  0 1  0 0  0 0
    49  -.4796918002069483E-01   3   0 2  0 1  0 0  0 0
    50  -35.88792749269068       3   1 0  1 1  0 0  0 0
    51  -29.69548385327496       3   0 1  1 1  0 0  0 0
    52  0.3488048264516563E-01   3   0 0  2 1  0 0  0 0
    53  -16.90818383137242       3   1 0  0 2  0 0  0 0
    54  -13.03524980146752       3   0 1  0 2  0 0  0 0
    55  0.3198577650739329E-01   3   0 0  1 2  0 0  0 0
    56  0.9919346883390098E-02   3   0 0  0 3  0 0  0 0
    57  0.1326858986892170       3   2 0  0 0  0 1  0 0
    58  0.9581635947521573       3   1 1  0 0  0 1  0 0
    59  0.7692178470206873       3   0 2  0 0  0 1  0 0
    60  -.1379119586991133E-02   3   1 0  1 0  0 1  0 0
    61  -.2315468346887180E-02   3   0 1  1 0  0 1  0 0
    62  0.1843128406001067E-01   3   0 0  2 0  0 1  0 0
    63  -.3060068245658360E-02   3   1 0  0 1  0 1  0 0
    64  -.3568153619719417E-02   3   0 1  0 1  0 1  0 0
    65  -.4235382174830080       3   0 0  1 1  0 1  0 0
    66  -.4080133443598034       3   0 0  0 2  0 1  0 0
    67  0.1325073362600302       3   2 0  0 0  0 0  1 0
    68  0.9568741433430256       3   1 1  0 0  0 0  1 0
    69  0.7681826698941480       3   0 2  0 0  0 0  1 0
    70  -.1377263632846614E-02   3   1 0  1 0  0 0  1 0
    71  -.2312352298710183E-02   3   0 1  1 0  0 0  1 0
    72  0.1840648010655927E-01   3   0 0  2 0  0 0  1 0
    73  -.3055950150029371E-02   3   1 0  0 1  0 0  1 0
    74  -.3563351766739250E-02   3   0 1  0 1  0 0  1 0
    75  -.4229682397105838       3   0 0  1 1  0 0  1 0
    76  -.4074642592299669       3   0 0  0 2  0 0  1 0
    77  -1.053359417756355       3   2 0  0 0  0 0  0 1
    78  -1.915042205834825       3   1 1  0 0  0 0  0 1
    79  -.8738168428154435       3   0 2  0 0  0 0  0 1
    80  0.6221459544240519E-02   3   1 0  1 0  0 0  0 1
    81  0.4623787639581066E-02   3   0 1  1 0  0 0  0 1
    82  0.4681331193781630       3   0 0  2 0  0 0  0 1
    83  0.6111676259228952E-02   3   1 0  0 1  0 0  0 1
    84  0.4746839821091661E-02   3   0 1  0 1  0 0  0 1
    85  0.8465091245889016       3   0 0  1 1  0 0  0 1
    86  0.3878846991937736       3   0 0  0 2  0 0  0 1
    87  0.1380769703106722       3   1 0  0 0  0 2  0 0
    88   1.203561095076267       3   0 1  0 0  0 2  0 0
    89  0.3310017910577658E-05   3   0 0  1 0  0 2  0 0
    90  0.3462138859920252E-04   3   0 0  0 1  0 2  0 0
    91  0.9708620639455989E-01   3   1 0  0 0  0 1  1 0
    92  0.9080483380247553       3   0 1  0 0  0 1  1 0
    93  0.1791613357988364E-05   3   0 0  1 0  0 1  1 0
    94  0.2582152204925116E-04   3   0 0  0 1  0 1  1 0
    95  0.1378258258108468       3   1 0  0 0  0 0  2 0
    96   1.201330394947148       3   0 1  0 0  0 0  2 0
    97  0.3304357910061111E-05   3   0 0  1 0  0 0  2 0
    98  0.3455742207235071E-04   3   0 0  0 1  0 0  2 0
    99  -.3732393899409594       3   1 0  0 0  0 1  0 1
   100  -1.815301550144146       3   0 1  0 0  0 1  0 1
   101  -.8507020931163398E-05   3   0 0  1 0  0 1  0 1
   102  -.5170720352232064E-04   3   0 0  0 1  0 1  0 1
   103  -.3727371019601413       3   1 0  0 0  0 0  1 1
   104  -1.812858602870164       3   0 1  0 0  0 0  1 1
   105  -.8495572583316316E-05   3   0 0  1 0  0 0  1 1
   106  -.5163761840469646E-04   3   0 0  0 1  0 0  1 1
   107  0.3729878082522743       3   1 0  0 0  0 0  0 2
   108  0.3152205975975005       3   0 1  0 0  0 0  0 2
   109  0.8537042075073516E-05   3   0 0  1 0  0 0  0 2
   110  0.8317152445892595E-05   3   0 0  0 1  0 0  0 2
   111  0.1335269059814663E-05   3   0 0  0 0  0 3  0 0
   112  0.9383104601064812E-06   3   0 0  0 0  0 2  1 0
   113  0.9391081450093765E-06   3   0 0  0 0  0 1  2 0
   114  0.1331943130850948E-05   3   0 0  0 0  0 0  3 0
   115  -.3412919600831492E-05   3   0 0  0 0  0 2  0 1
   116  -.2622930118801001E-05   3   0 0  0 0  0 1  1 1
   117  -.3406561746608155E-05   3   0 0  0 0  0 0  2 1
   118  0.2623200231859009E-05   3   0 0  0 0  0 1  0 2
   119  0.2619670052613653E-05   3   0 0  0 0  0 0  1 2
   120  -.3468326041399201E-06   3   0 0  0 0  0 0  0 3
   121  -83.31770777189875       4   4 0  0 0  0 0  0 0
   122  -308.8786502144429       4   3 1  0 0  0 0  0 0
   123  -431.1465447805503       4   2 2  0 0  0 0  0 0
   124  -269.2144081907791       4   1 3  0 0  0 0  0 0
   125  -63.58772101501908       4   0 4  0 0  0 0  0 0
   126  -.4117650698077817E-01   4   3 0  1 0  0 0  0 0
   127  -.1087529256369290       4   2 1  1 0  0 0  0 0
   128  -.9619455415889208E-01   4   1 2  1 0  0 0  0 0
   129  -.2715128455047609E-01   4   0 3  1 0  0 0  0 0
   130   335.1728528777963       4   2 0  2 0  0 0  0 0
   131   603.0034272383203       4   1 1  2 0  0 0  0 0
   132   272.6243030958153       4   0 2  2 0  0 0  0 0
   133  0.3186393781839920E-01   4   1 0  3 0  0 0  0 0
   134  0.3073270216063658E-01   4   0 1  3 0  0 0  0 0
   135  -38.33584792047991       4   0 0  4 0  0 0  0 0
   136  -.3877651920184914E-01   4   3 0  0 1  0 0  0 0
   137  -.1037965818297380       4   2 1  0 1  0 0  0 0
   138  -.9160608369471349E-01   4   1 2  0 1  0 0  0 0
   139  -.2562354273694155E-01   4   0 3  0 1  0 0  0 0
   140   629.0410242513210       4   2 0  1 1  0 0  0 0
   141   1140.291972647093       4   1 1  1 1  0 0  0 0
   142   519.8548388168145       4   0 2  1 1  0 0  0 0
   143  0.9233570416680452E-01   4   1 0  2 1  0 0  0 0
   144  0.8925857975100290E-01   4   0 1  2 1  0 0  0 0
   145  -138.2250293570552       4   0 0  3 1  0 0  0 0
   146   297.2909866346073       4   2 0  0 2  0 0  0 0
   147   542.2356392535505       4   1 1  0 2  0 0  0 0
   148   248.8905255649954       4   0 2  0 2  0 0  0 0
   149  0.8922289770609955E-01   4   1 0  1 2  0 0  0 0
   150  0.8745834840691613E-01   4   0 1  1 2  0 0  0 0
   151  -188.6548016850280       4   0 0  2 2  0 0  0 0
   152  0.3025203429788389E-01   4   1 0  0 3  0 0  0 0
   153  0.3001492911207342E-01   4   0 1  0 3  0 0  0 0
   154  -115.0999394929247       4   0 0  1 3  0 0  0 0
   155  -26.38909465379733       4   0 0  0 4  0 0  0 0
   156   10.44136828049045       4   3 0  0 0  0 1  0 0
   157   49.16687335569159       4   2 1  0 0  0 1  0 0
   158   67.18022059844145       4   1 2  0 0  0 1  0 0
   159   26.87648848298233       4   0 3  0 0  0 1  0 0
   160  -.5476640664011268E-02   4   2 0  1 0  0 1  0 0
   161  0.3776414424190559E-01   4   1 1  1 0  0 1  0 0
   162  0.3869910280076819E-01   4   0 2  1 0  0 1  0 0
   163   5.646738983754274       4   1 0  2 0  0 1  0 0
   164   10.46792680756673       4   0 1  2 0  0 1  0 0
   165  0.1129878215148198E-02   4   0 0  3 0  0 1  0 0
   166  0.1857242104351174E-01   4   2 0  0 1  0 1  0 0
   167  0.7890666815770057E-01   4   1 1  0 1  0 1  0 0
   168  0.5665359185350163E-01   4   0 2  0 1  0 1  0 0
   169   31.47725360261606       4   1 0  1 1  0 1  0 0
   170   39.99968611985000       4   0 1  1 1  0 1  0 0
   171  -.1190596098299988E-01   4   0 0  2 1  0 1  0 0
   172   24.28098205472994       4   1 0  0 2  0 1  0 0
   173   25.43465975676442       4   0 1  0 2  0 1  0 0
   174  -.2438089256703362E-01   4   0 0  1 2  0 1  0 0
   175  -.1167471890802906E-01   4   0 0  0 3  0 1  0 0
   176   10.42731677914348       4   3 0  0 0  0 0  1 0
   177   49.10070689468473       4   2 1  0 0  0 0  1 0
   178   67.08981262365496       4   1 2  0 0  0 0  1 0
   179   26.84031937142724       4   0 3  0 0  0 0  1 0
   180  -.5469270459110746E-02   4   2 0  1 0  0 0  1 0
   181  0.3771332303634731E-01   4   1 1  1 0  0 0  1 0
   182  0.3864702337204447E-01   4   0 2  1 0  0 0  1 0
   183   5.639139868551533       4   1 0  2 0  0 0  1 0
   184   10.45383956500543       4   0 1  2 0  0 0  1 0
   185  0.1128357678295565E-02   4   0 0  3 0  0 0  1 0
   186  0.1854742715455930E-01   4   2 0  0 1  0 0  1 0
   187  0.7880047928243650E-01   4   1 1  0 1  0 0  1 0
   188  0.5657735011957651E-01   4   0 2  0 1  0 0  1 0
   189   31.43489299818924       4   1 0  1 1  0 0  1 0
   190   39.94585642738981       4   0 1  1 1  0 0  1 0
   191  -.1188993850181745E-01   4   0 0  2 1  0 0  1 0
   192   24.24830585340372       4   1 0  0 2  0 0  1 0
   193   25.40043099035777       4   0 1  0 2  0 0  1 0
   194  -.2434808191084857E-01   4   0 0  1 2  0 0  1 0
   195  -.1165900762153307E-01   4   0 0  0 3  0 0  1 0
   196  -34.20462936066331       4   3 0  0 0  0 0  0 1
   197  -98.29721607058015       4   2 1  0 0  0 0  0 1
   198  -95.51010591453138       4   1 2  0 0  0 0  0 1
   199  -29.80988680310888       4   0 3  0 0  0 0  0 1
   200  0.2296423807339205E-03   4   2 0  1 0  0 0  0 1
   201  0.5626029739580732E-03   4   1 1  1 0  0 0  0 1
   202  0.3351540230884724E-03   4   0 2  1 0  0 0  0 1
   203  -28.08324716508811       4   1 0  2 0  0 0  0 1
   204  -20.90324360965661       4   0 1  2 0  0 0  0 1
   205  -.7977907236074758E-03   4   0 0  3 0  0 0  0 1
   206  0.4596206913828919E-03   4   2 0  0 1  0 0  0 1
   207  0.7886560527870912E-03   4   1 1  0 1  0 0  0 1
   208  0.3971068310349377E-03   4   0 2  0 1  0 0  0 1
   209  -62.87208187579119       4   1 0  1 1  0 0  0 1
   210  -50.20985298338629       4   0 1  1 1  0 0  0 1
   211  -.2426565800602888E-02   4   0 0  2 1  0 0  0 1
   212  -31.59944300041995       4   1 0  0 2  0 0  0 1
   213  -24.74256964648856       4   0 1  0 2  0 0  0 1
   214  -.2419734132121167E-02   4   0 0  1 2  0 0  0 1
   215  -.7455035233786117E-03   4   0 0  0 3  0 0  0 1
   216  -.1057463121307740       4   2 0  0 0  0 2  0 0
   217  -.8455368044815430       4   1 1  0 0  0 2  0 0
   218  -.8511574038612859       4   0 2  0 0  0 2  0 0
   219  -.6898891572536236E-03   4   1 0  1 0  0 2  0 0
   220  0.7392609310509067E-03   4   0 1  1 0  0 2  0 0
   221  -.1106916618345954E-01   4   0 0  2 0  0 2  0 0
   222  0.1174310187005781E-02   4   1 0  0 1  0 2  0 0
   223  0.2773140985344961E-02   4   0 1  0 1  0 2  0 0
   224  0.3034786875235096       4   0 0  1 1  0 2  0 0
   225  0.3956138798410559       4   0 0  0 2  0 2  0 0
   226  -.8099734483798979E-01   4   2 0  0 0  0 1  1 0
   227  -.7384930318829565       4   1 1  0 0  0 1  1 0
   228  -.9357819766099128       4   0 2  0 0  0 1  1 0
   229  -.8277148434872116E-03   4   1 0  1 0  0 1  1 0
   230  0.8196885139034993E-03   4   0 1  1 0  0 1  1 0
   231  -.3281311954828958E-02   4   0 0  2 0  0 1  1 0
   232  0.1281740423465772E-02   4   1 0  0 1  0 1  1 0
   233  0.3723053817524116E-02   4   0 1  0 1  0 1  1 0
   234  0.1840165252777905       4   0 0  1 1  0 1  1 0
   235  0.3832707123291159       4   0 0  0 2  0 1  1 0
   236  -.1055495025228546       4   2 0  0 0  0 0  2 0
   237  -.8439020063396726       4   1 1  0 0  0 0  2 0
   238  -.8493822906997067       4   0 2  0 0  0 0  2 0
   239  -.6884037871253820E-03   4   1 0  1 0  0 0  2 0
   240  0.7377145194443447E-03   4   0 1  1 0  0 0  2 0
   241  -.1105206190378828E-01   4   0 0  2 0  0 0  2 0
   242  0.1171867402771649E-02   4   1 0  0 1  0 0  2 0
   243  0.2766903867717404E-02   4   0 1  0 1  0 0  2 0
   244  0.3029464598246365       4   0 0  1 1  0 0  2 0
   245  0.3948235874953377       4   0 0  0 2  0 0  2 0
   246  0.2954904397138234       4   2 0  0 0  0 1  0 1
   247   1.480454585301944       4   1 1  0 0  0 1  0 1
   248   1.105183658339266       4   0 2  0 0  0 1  0 1
   249  0.1109366358565946E-02   4   1 0  1 0  0 1  0 1
   250  -.1200489486473973E-02   4   0 1  1 0  0 1  0 1
   251  0.2513129962793080E-01   4   0 0  2 0  0 1  0 1
   252  -.1681544656319732E-02   4   1 0  0 1  0 1  0 1
   253  -.3343747829258813E-02   4   0 1  0 1  0 1  0 1
   254  -.3667686330923047       4   0 0  1 1  0 1  0 1
   255  -.3580453710684823       4   0 0  0 2  0 1  0 1
   256  0.2950927826060311       4   2 0  0 0  0 0  1 1
   257   1.478462259292441       4   1 1  0 0  0 0  1 1
   258   1.103696354257370       4   0 2  0 0  0 0  1 1
   259  0.1107873425603212E-02   4   1 0  1 0  0 0  1 1
   260  -.1198873924300185E-02   4   0 1  1 0  0 0  1 1
   261  0.2509747910928896E-01   4   0 0  2 0  0 0  1 1
   262  -.1679281712769711E-02   4   1 0  0 1  0 0  1 1
   263  -.3339247971015573E-02   4   0 1  0 1  0 0  1 1
   264  -.3662750531510957       4   0 0  1 1  0 0  1 1
   265  -.3575635304821920       4   0 0  0 2  0 0  1 1
   266  -.2982912738496085       4   2 0  0 0  0 0  0 2
   267  -.5291759374494190       4   1 1  0 0  0 0  0 2
   268  -.2345835793235170       4   0 2  0 0  0 0  0 2
   269  -.1245758595088004E-04   4   1 0  1 0  0 0  0 2
   270  -.5582287916156267E-04   4   0 1  1 0  0 0  0 2
   271  -.2482565211005118E-01   4   0 0  2 0  0 0  0 2
   272  -.1137888117347238E-04   4   1 0  0 1  0 0  0 2
   273  -.4584085922199490E-04   4   0 1  0 1  0 0  0 2
   274  -.5691311455605028E-01   4   0 0  1 1  0 0  0 2
   275  -.3034784530683204E-01   4   0 0  0 2  0 0  0 2
   276  -.1176081467254008       4   1 0  0 0  0 3  0 0
   277  -1.057087343323680       4   0 1  0 0  0 3  0 0
   278  -.4536639699033505E-05   4   0 0  1 0  0 3  0 0
   279  -.3598337640543748E-04   4   0 0  0 1  0 3  0 0
   280  -.7663667436042390E-01   4   1 0  0 0  0 2  1 0
   281  -.7642665481998296       4   0 1  0 0  0 2  1 0
   282  -.2296423089121219E-05   4   0 0  1 0  0 2  1 0
   283  -.2500614598265151E-04   4   0 0  0 1  0 2  1 0
   284  -.7671906108381832E-01   4   1 0  0 0  0 1  2 0
   285  -.7648547731803933       4   0 1  0 0  0 1  2 0
   286  -.2300932931897695E-05   4   0 0  1 0  0 1  2 0
   287  -.2502820719011398E-04   4   0 0  0 1  0 1  2 0
   288  -.1173192420011052       4   1 0  0 0  0 0  3 0
   289  -1.054439912231901       4   0 1  0 0  0 0  3 0
   290  -.4525938781194062E-05   4   0 0  1 0  0 0  3 0
   291  -.3589393594841253E-04   4   0 0  0 1  0 0  3 0
   292  0.2913170780860241       4   1 0  0 0  0 2  0 1
   293   1.528322985340849       4   0 1  0 0  0 2  0 1
   294  0.6170493702815421E-05   4   0 0  1 0  0 2  0 1
   295  0.4611962481030965E-04   4   0 0  0 1  0 2  0 1
   296  0.2095692410801608       4   1 0  0 0  0 1  1 1
   297   1.242068509983577       4   0 1  0 0  0 1  1 1
   298  0.3717544715463495E-05   4   0 0  1 0  0 1  1 1
   299  0.3575198387915429E-04   4   0 0  0 1  0 1  1 1
   300  0.2907840230876391       4   1 0  0 0  0 0  2 1
   301   1.525430481662508       4   0 1  0 0  0 0  2 1
   302  0.6159688294957341E-05   4   0 0  1 0  0 0  2 1
   303  0.4603350252529666E-04   4   0 0  0 1  0 0  2 1
   304  -.2094285939058116       4   1 0  0 0  0 1  0 2
   305  -.3339973044008626       4   0 1  0 0  0 1  0 2
   306  -.1706038184221054E-05   4   0 0  1 0  0 1  0 2
   307  -.4738788207554388E-05   4   0 0  0 1  0 1  0 2
   308  -.2091467547741591       4   1 0  0 0  0 0  1 2
   309  -.3335478265693474       4   0 1  0 0  0 0  1 2
   310  -.1703742278435461E-05   4   0 0  1 0  0 0  1 2
   311  -.4732410969715996E-05   4   0 0  0 1  0 0  1 2
   312  0.1518844939021211E-01   4   1 0  0 0  0 0  0 3
   313  0.1236143033383593E-01   4   0 1  0 0  0 0  0 3
   314  0.9625522710800197E-06   4   0 0  1 0  0 0  0 3
   315  0.7882804521214385E-06   4   0 0  0 1  0 0  0 3
   316  -.3735572212786605E-04   4   0 0  0 0  0 4  0 0
   317  -.2403921318515051E-04   4   0 0  0 0  0 3  1 0
   318  -.2227867188707544E-04   4   0 0  0 0  0 2  2 0
   319  -.2407726682461984E-04   4   0 0  0 0  0 1  3 0
   320  -.3723906930159824E-04   4   0 0  0 0  0 0  4 0
   321  0.4611490282190822E-04   4   0 0  0 0  0 3  0 1
   322  0.3274235264607974E-04   4   0 0  0 0  0 2  1 1
   323  0.3276922159313309E-04   4   0 0  0 0  0 1  2 1
   324  0.4599981207524135E-04   4   0 0  0 0  0 0  3 1
   325  -.3962397217461945E-05   4   0 0  0 0  0 2  0 2
   326  -.4800336380656531E-05   4   0 0  0 0  0 1  1 2
   327  -.3953834776793670E-05   4   0 0  0 0  0 0  2 2
   328  0.3926620020745117E-07   4   0 0  0 0  0 1  0 3
   329  0.3921335760576385E-07   4   0 0  0 0  0 0  1 3
   330  0.1643113112212672E-12   4   0 0  0 0  0 0  0 4
   ----------------------------------------------------
     I  COEFFICIENT            ORDER EXPONENTS
     1  0.1464975183860118E-04   0   0 0  0 0  0 0  0 0
     2  0.1834593973766931E-04   1   1 0  0 0  0 0  0 0
     3  0.1624014816713209E-04   1   0 1  0 0  0 0  0 0
     4  0.4730495086658754       1   0 0  1 0  0 0  0 0
     5  0.6732161002757139       1   0 0  0 1  0 0  0 0
     6  -.2085461974524213E-04   1   0 0  0 0  0 1  0 0
     7  -.2082655458083315E-04   1   0 0  0 0  0 0  1 0
     8  0.4168117432620325E-04   1   0 0  0 0  0 0  0 1
     9  0.4948781036189834E-03   2   2 0  0 0  0 0  0 0
    10  0.9587616609937641E-03   2   1 1  0 0  0 0  0 0
    11  0.5034836105695118E-03   2   0 2  0 0  0 0  0 0
    12  0.2252546763431607       2   1 0  1 0  0 0  0 0
    13  0.2004457544928433       2   0 1  1 0  0 0  0 0
    14  0.6734257488778052E-04   2   0 0  2 0  0 0  0 0
    15  0.2057129420584435       2   1 0  0 1  0 0  0 0
    16  0.1842567085755269       2   0 1  0 1  0 0  0 0
    17  0.1330909990608557E-03   2   0 0  1 1  0 0  0 0
    18  0.1118825789197867E-03   2   0 0  0 2  0 0  0 0
    19  -.9998320364024962E-05   2   1 0  0 0  0 1  0 0
    20  -.1703978015278066E-04   2   0 1  0 0  0 1  0 0
    21  0.2413094206801952       2   0 0  1 0  0 1  0 0
    22  -.1192758602140259       2   0 0  0 1  0 1  0 0
    23  -.9984865095683585E-05   2   1 0  0 0  0 0  1 0
    24  -.1701684881970806E-04   2   0 1  0 0  0 0  1 0
    25  0.2409846778343627       2   0 0  1 0  0 0  1 0
    26  -.1191153443826266       2   0 0  0 1  0 0  1 0
    27  0.1998315806129369E-04   2   1 0  0 0  0 0  0 1
    28  0.1781645385802854E-04   2   0 1  0 0  0 0  0 1
    29  -.4822940985351175       2   0 0  1 0  0 0  0 1
    30  -.4348248956999076       2   0 0  0 1  0 0  0 1
    31  0.1478597151917624E-04   2   0 0  0 0  0 2  0 0
    32  0.8733623809342167E-05   2   0 0  0 0  0 1  1 0
    33  0.1476019660578827E-04   2   0 0  0 0  0 0  2 0
    34  -.1745095862085813E-04   2   0 0  0 0  0 1  0 1
    35  -.1742747394318139E-04   2   0 0  0 0  0 0  1 1
    36  -.3401363839146938E-05   2   0 0  0 0  0 0  0 2
    37  -.4374269464153830E-02   3   3 0  0 0  0 0  0 0
    38  -.1181987312740398E-01   3   2 1  0 0  0 0  0 0
    39  -.1068730412876572E-01   3   1 2  0 0  0 0  0 0
    40  -.3224921601366327E-02   3   0 3  0 0  0 0  0 0
    41  -4.587562851518803       3   2 0  1 0  0 0  0 0
    42  -9.599468778224136       3   1 1  1 0  0 0  0 0
    43  -5.385054192622701       3   0 2  1 0  0 0  0 0
    44  0.8654008491538089E-02   3   1 0  2 0  0 0  0 0
    45  0.7638864811189788E-02   3   0 1  2 0  0 0  0 0
    46  -.8449511958321071       3   0 0  3 0  0 0  0 0
    47  -5.045167705634579       3   2 0  0 1  0 0  0 0
    48  -9.897992343966070       3   1 1  0 1  0 0  0 0
    49  -4.914371047019044       3   0 2  0 1  0 0  0 0
    50  0.1568872824949805E-01   3   1 0  1 1  0 0  0 0
    51  0.1394027655874843E-01   3   0 1  1 1  0 0  0 0
    52  -2.031598736172141       3   0 0  2 1  0 0  0 0
    53  0.7205703524655712E-02   3   1 0  0 2  0 0  0 0
    54  0.6454551614276166E-02   3   0 1  0 2  0 0  0 0
    55  -2.130140931252650       3   0 0  1 2  0 0  0 0
    56  -.5607502656503183       3   0 0  0 3  0 0  0 0
    57  -.4903703566716404E-03   3   2 0  0 0  0 1  0 0
    58  -.1453158411471891E-02   3   1 1  0 0  0 1  0 0
    59  -.9988795303835073E-03   3   0 2  0 0  0 1  0 0
    60  -.1014472643213183       3   1 0  1 0  0 1  0 0
    61  -.1897758160433155       3   0 1  1 0  0 1  0 0
    62  -.2273788517490415E-03   3   0 0  2 0  0 1  0 0
    63  -.1976275758565263       3   1 0  0 1  0 1  0 0
    64  -.2684930469912343       3   0 1  0 1  0 1  0 0
    65  -.3732412820111437E-03   3   0 0  1 1  0 1  0 0
    66  -.2223948531036166E-03   3   0 0  0 2  0 1  0 0
    67  -.4897104393559859E-03   3   2 0  0 0  0 0  1 0
    68  -.1451202819366717E-02   3   1 1  0 0  0 0  1 0
    69  -.9975352853870793E-03   3   0 2  0 0  0 0  1 0
    70  -.1013107413740385       3   1 0  1 0  0 0  1 0
    71  -.1895204246939088       3   0 1  1 0  0 0  1 0
    72  -.2270728560063521E-03   3   0 0  2 0  0 0  1 0
    73  -.1973616179788037       3   1 0  0 1  0 0  1 0
    74  -.2681317217022325       3   0 1  0 1  0 0  1 0
    75  -.3727389914840658E-03   3   0 0  1 1  0 0  1 0
    76  -.2220955645914163E-03   3   0 0  0 2  0 0  1 0
    77  0.9795948213931764E-03   3   2 0  0 0  0 0  0 1
    78  0.1944593898579140E-02   3   1 1  0 0  0 0  0 1
    79  0.9889249831034198E-03   3   0 2  0 0  0 0  0 1
    80  0.2027583394338928       3   1 0  1 0  0 0  0 1
    81  0.1788507544307089       3   0 1  1 0  0 0  0 1
    82  0.4547087094855388E-03   3   0 0  2 0  0 0  0 1
    83  0.1892765209703353       3   1 0  0 1  0 0  0 1
    84  0.1681115665663609       3   0 1  0 1  0 0  0 1
    85  0.6134211659683920E-03   3   0 0  1 1  0 0  0 1
    86  0.2210015363116378E-03   3   0 0  0 2  0 0  0 1
    87  0.7920537887590478E-05   3   1 0  0 0  0 2  0 0
    88  0.1761455922235538E-04   3   0 1  0 0  0 2  0 0
    89  -.1701312133569572       3   0 0  1 0  0 2  0 0
    90  -.1034687505526136E-01   3   0 0  0 1  0 2  0 0
    91  0.5891557441957118E-05   3   1 0  0 0  0 1  1 0
    92  0.1824695322066491E-04   3   0 1  0 0  0 1  1 0
    93  -.9914422463996381E-01   3   0 0  1 0  0 1  1 0
    94  -.1396210068201091       3   0 0  0 1  0 1  1 0
    95  0.7905914510810576E-05   3   1 0  0 0  0 0  2 0
    96  0.1757857643384860E-04   3   0 1  0 0  0 0  2 0
    97  -.1698355469755204       3   0 0  1 0  0 0  2 0
    98  -.1023900303300901E-01   3   0 0  0 1  0 0  2 0
    99  -.1182931744621346E-04   3   1 0  0 0  0 1  0 1
   100  -.1953617053331378E-04   3   0 1  0 0  0 1  0 1
   101  0.1980974556285872       3   0 0  1 0  0 1  0 1
   102  0.3988666328322200       3   0 0  0 1  0 1  0 1
   103  -.1181339810829079E-04   3   1 0  0 0  0 0  1 1
   104  -.1950987967571790E-04   3   0 1  0 0  0 0  1 1
   105  0.1978308654088123       3   0 0  1 0  0 0  1 1
   106  0.3983298569156878       3   0 0  0 1  0 0  1 1
   107  0.1894822292289182E-05   3   1 0  0 0  0 0  0 2
   108  0.1799368483460879E-05   3   0 1  0 0  0 0  0 2
   109  0.4318282536067548E-01   3   0 0  1 0  0 0  0 2
   110  0.3622657416368731E-01   3   0 0  0 1  0 0  0 2
   111  -.1176766310648303E-04   3   0 0  0 0  0 3  0 0
   112  -.5734345006862654E-05   3   0 0  0 0  0 2  1 0
   113  -.5746492071846566E-05   3   0 0  0 0  0 1  2 0
   114  -.1174005525816184E-04   3   0 0  0 0  0 0  3 0
   115  0.1146413938466105E-04   3   0 0  0 0  0 2  0 1
   116  0.5493128576294747E-05   3   0 0  0 0  0 1  1 1
   117  0.1144501528938546E-04   3   0 0  0 0  0 0  2 1
   118  0.3240734681044274E-05   3   0 0  0 0  0 1  0 2
   119  0.3236373453041080E-05   3   0 0  0 0  0 0  1 2
   120  0.1086030122747083E-06   3   0 0  0 0  0 0  0 3
   121  -.1460708339165593E-02   4   4 0  0 0  0 0  0 0
   122  -.4464635175485686E-02   4   3 1  0 0  0 0  0 0
   123  -.4727166346539999E-02   4   2 2  0 0  0 0  0 0
   124  -.1430217588821245E-02   4   1 3  0 0  0 0  0 0
   125  0.2921230166299967E-03   4   0 4  0 0  0 0  0 0
   126   51.09524814174587       4   3 0  1 0  0 0  0 0
   127   139.2551286184622       4   2 1  1 0  0 0  0 0
   128   127.2279308850268       4   1 2  1 0  0 0  0 0
   129   39.05605422623948       4   0 3  1 0  0 0  0 0
   130  0.1171820964684850E-01   4   2 0  2 0  0 0  0 0
   131  0.2256052638325094E-01   4   1 1  2 0  0 0  0 0
   132  0.1138951586056517E-01   4   0 2  2 0  0 0  0 0
   133  -34.13270734361195       4   1 0  3 0  0 0  0 0
   134  -29.96653342650317       4   0 1  3 0  0 0  0 0
   135  -.2754110281056928E-03   4   0 0  4 0  0 0  0 0
   136   47.47536205408910       4   3 0  0 1  0 0  0 0
   137   130.1316412737736       4   2 1  0 1  0 0  0 0
   138   119.6655255446533       4   1 2  0 1  0 0  0 0
   139   36.99498935832757       4   0 3  0 1  0 0  0 0
   140  0.1911149723485025E-01   4   2 0  1 1  0 0  0 0
   141  0.3654482902581904E-01   4   1 1  1 1  0 0  0 0
   142  0.1809094661626819E-01   4   0 2  1 1  0 0  0 0
   143  -93.02160648284276       4   1 0  2 1  0 0  0 0
   144  -82.20643412930315       4   0 1  2 1  0 0  0 0
   145  -.2099199843896300E-02   4   0 0  3 1  0 0  0 0
   146  0.8071361221857991E-02   4   2 0  0 2  0 0  0 0
   147  0.1588182865891329E-01   4   1 1  0 2  0 0  0 0
   148  0.8022064975187150E-02   4   0 2  0 2  0 0  0 0
   149  -84.95392463871070       4   1 0  1 2  0 0  0 0
   150  -75.47334162857558       4   0 1  1 2  0 0  0 0
   151  -.3850365436284150E-02   4   0 0  2 2  0 0  0 0
   152  -25.89519789428074       4   1 0  0 3  0 0  0 0
   153  -23.09582259575868       4   0 1  0 3  0 0  0 0
   154  -.2775167835983272E-02   4   0 0  1 3  0 0  0 0
   155  -.6755016528581783E-03   4   0 0  0 4  0 0  0 0
   156  0.4895261064185673E-03   4   3 0  0 0  0 1  0 0
   157  0.6409943382320730E-02   4   2 1  0 0  0 1  0 0
   158  0.1031464799333819E-01   4   1 2  0 0  0 1  0 0
   159  0.4444419890403499E-02   4   0 3  0 0  0 1  0 0
   160   5.300305655821060       4   2 0  1 0  0 1  0 0
   161   15.57848070257151       4   1 1  1 0  0 1  0 0
   162   10.96903120166248       4   0 2  1 0  0 1  0 0
   163  -.7246198335293646E-03   4   1 0  2 0  0 1  0 0
   164  -.4083497402146867E-02   4   0 1  2 0  0 1  0 0
   165   1.154499712252546       4   0 0  3 0  0 1  0 0
   166   7.621304287992060       4   2 0  0 1  0 1  0 0
   167   20.06217974041298       4   1 1  0 1  0 1  0 0
   168   12.66498728504450       4   0 2  0 1  0 1  0 0
   169  -.8129256562258854E-02   4   1 0  1 1  0 1  0 0
   170  -.1342031945443488E-01   4   0 1  1 1  0 1  0 0
   171   3.426255940550143       4   0 0  2 1  0 1  0 0
   172  -.6860216006760500E-02   4   1 0  0 2  0 1  0 0
   173  -.8985120192304907E-02   4   0 1  0 2  0 1  0 0
   174   3.866684832125710       4   0 0  1 2  0 1  0 0
   175   1.408676391545169       4   0 0  0 3  0 1  0 0
   176  0.4888673252551195E-03   4   3 0  0 0  0 0  1 0
   177  0.6401317182606981E-02   4   2 1  0 0  0 0  1 0
   178  0.1030076702618129E-01   4   1 2  0 0  0 0  1 0
   179  0.4438438799573253E-02   4   0 3  0 0  0 0  1 0
   180   5.293172754264212       4   2 0  1 0  0 0  1 0
   181   15.55751591743037       4   1 1  1 0  0 0  1 0
   182   10.95426959642383       4   0 2  1 0  0 0  1 0
   183  -.7236446743075504E-03   4   1 0  2 0  0 0  1 0
   184  -.4078002023791623E-02   4   0 1  2 0  0 0  1 0
   185   1.152946040949486       4   0 0  3 0  0 0  1 0
   186   7.611047895860906       4   2 0  0 1  0 0  1 0
   187   20.03518100441612       4   1 1  0 1  0 0  1 0
   188   12.64794334203646       4   0 2  0 1  0 0  1 0
   189  -.8118316591895956E-02   4   1 0  1 1  0 0  1 0
   190  -.1340225902099085E-01   4   0 1  1 1  0 0  1 0
   191   3.421645046779204       4   0 0  2 1  0 0  1 0
   192  -.6850983851369384E-02   4   1 0  0 2  0 0  1 0
   193  -.8973028441004151E-02   4   0 1  0 2  0 0  1 0
   194   3.861481229909183       4   0 0  1 2  0 0  1 0
   195   1.406780661246047       4   0 0  0 3  0 0  1 0
   196  0.3467941456675922E-03   4   3 0  0 0  0 0  0 1
   197  0.1176056799486595E-02   4   2 1  0 0  0 0  0 1
   198  0.1297895467738137E-02   4   1 2  0 0  0 0  0 1
   199  0.4782867148372352E-03   4   0 3  0 0  0 0  0 1
   200  -10.58894342546673       4   2 0  1 0  0 0  0 1
   201  -21.52723462025856       4   1 1  1 0  0 0  0 1
   202  -11.14840430004206       4   0 2  1 0  0 0  0 1
   203  -.8174945370473396E-03   4   1 0  2 0  0 0  0 1
   204  -.7666020384056734E-03   4   0 1  2 0  0 0  0 1
   205  -2.308288834173490       4   0 0  3 0  0 0  0 1
   206  -10.18232615178949       4   2 0  0 1  0 0  0 1
   207  -20.29134023134039       4   1 1  0 1  0 0  0 1
   208  -10.56461031936642       4   0 2  0 1  0 0  0 1
   209  -.1690524995007992E-02   4   1 0  1 1  0 0  0 1
   210  -.1589866708578145E-02   4   0 1  1 1  0 0  0 1
   211  -4.818896957499184       4   0 0  2 1  0 0  0 1
   212  -.8078887321054729E-03   4   1 0  0 2  0 0  0 1
   213  -.7530490472588693E-03   4   0 1  0 2  0 0  0 1
   214  -3.470564752608583       4   0 0  1 2  0 0  0 1
   215  -1.134133493992221       4   0 0  0 3  0 0  0 1
   216  0.1075294123478928E-03   4   2 0  0 0  0 2  0 0
   217  0.1000683356126463E-02   4   1 1  0 0  0 2  0 0
   218  0.1027288923626567E-02   4   0 2  0 0  0 2  0 0
   219  0.7056642526943380E-01   4   1 0  1 0  0 2  0 0
   220  0.1822476184762343       4   0 1  1 0  0 2  0 0
   221  0.2299661661028912E-03   4   0 0  2 0  0 2  0 0
   222  0.1916728743526019       4   1 0  0 1  0 2  0 0
   223  0.3281074005498894       4   0 1  0 1  0 2  0 0
   224  0.4058502085673040E-03   4   0 0  1 1  0 2  0 0
   225  0.2329663770873323E-03   4   0 0  0 2  0 2  0 0
   226  0.1419230702549336E-03   4   2 0  0 0  0 1  1 0
   227  0.1395113457830808E-02   4   1 1  0 0  0 1  1 0
   228  0.1505853990207932E-02   4   0 2  0 0  0 1  1 0
   229  0.3931323365813282E-01   4   1 0  1 0  0 1  1 0
   230  0.1739832233794720       4   0 1  1 0  0 1  1 0
   231  0.2999154759852278E-03   4   0 0  2 0  0 1  1 0
   232  0.1852916783622855       4   1 0  0 1  0 1  1 0
   233  0.3869295635983985       4   0 1  0 1  0 1  1 0
   234  0.6763729005649685E-03   4   0 0  1 1  0 1  1 0
   235  0.3947706902233039E-03   4   0 0  0 2  0 1  1 0
   236  0.1072892076427697E-03   4   2 0  0 0  0 0  2 0
   237  0.9983979446553405E-03   4   1 1  0 0  0 0  2 0
   238  0.1024893192941814E-02   4   0 2  0 0  0 0  2 0
   239  0.7044500735144242E-01   4   1 0  1 0  0 0  2 0
   240  0.1818852890090825       4   0 1  1 0  0 0  2 0
   241  0.2294548824179563E-03   4   0 0  2 0  0 0  2 0
   242  0.1912902516274053       4   1 0  0 1  0 0  2 0
   243  0.3274054932877297       4   0 1  0 1  0 0  2 0
   244  0.4048489190970455E-03   4   0 0  1 1  0 0  2 0
   245  0.2323872300214587E-03   4   0 0  0 2  0 0  2 0
   246  -.3715965176762265E-03   4   2 0  0 0  0 1  0 1
   247  -.1630921691458698E-02   4   1 1  0 0  0 1  0 1
   248  -.1251756817934368E-02   4   0 2  0 0  0 1  0 1
   249  -.7814143451585083E-01   4   1 0  1 0  0 1  0 1
   250  -.1570970636892442       4   0 1  1 0  0 1  0 1
   251  -.5807647667185131E-03   4   0 0  2 0  0 1  0 1
   252  -.1724386152329747       4   1 0  0 1  0 1  0 1
   253  -.2361672342989733       4   0 1  0 1  0 1  0 1
   254  -.1174736503472342E-02   4   0 0  1 1  0 1  0 1
   255  -.4909277933282339E-03   4   0 0  0 2  0 1  0 1
   256  -.3710964405954756E-03   4   2 0  0 0  0 0  1 1
   257  -.1628726873909010E-02   4   1 1  0 0  0 0  1 1
   258  -.1250072262602049E-02   4   0 2  0 0  0 0  1 1
   259  -.7803627545595794E-01   4   1 0  1 0  0 0  1 1
   260  -.1568856498646596       4   0 1  1 0  0 0  1 1
   261  -.5799832008659589E-03   4   0 0  2 0  0 0  1 1
   262  -.1722065554713448       4   1 0  0 1  0 0  1 1
   263  -.2358494115652304       4   0 1  0 1  0 0  1 1
   264  -.1173155598449382E-02   4   0 0  1 1  0 0  1 1
   265  -.4902671258405981E-03   4   0 0  0 2  0 0  1 1
   266  0.2117552285395389E-03   4   2 0  0 0  0 0  0 2
   267  0.4392872694691683E-03   4   1 1  0 0  0 0  0 2
   268  0.2230575669496665E-03   4   0 2  0 0  0 0  0 2
   269  -.2392028112191918E-01   4   1 0  1 0  0 0  0 2
   270  -.2273510796179706E-01   4   0 1  1 0  0 0  0 2
   271  0.3708602355998910E-03   4   0 0  2 0  0 0  0 2
   272  -.1760857604513648E-01   4   1 0  0 1  0 0  0 2
   273  -.1708854729839331E-01   4   0 1  0 1  0 0  0 2
   274  0.6234858042438078E-03   4   0 0  1 1  0 0  0 2
   275  0.2531049840769781E-03   4   0 0  0 2  0 0  0 2
   276  -.1137519510060165E-04   4   1 0  0 0  0 3  0 0
   277  -.2306521075259290E-04   4   0 1  0 0  0 3  0 0
   278  0.1347502381443086       4   0 0  1 0  0 3  0 0
   279  0.7072748642314040E-01   4   0 0  0 1  0 3  0 0
   280  -.8091539290079720E-05   4   1 0  0 0  0 2  1 0
   281  -.2305125556271189E-04   4   0 1  0 0  0 2  1 0
   282  0.6402948078112926E-01   4   0 0  1 0  0 2  1 0
   283  0.1914116733464433       4   0 0  0 1  0 2  1 0
   284  -.8098136872350355E-05   4   1 0  0 0  0 1  2 0
   285  -.2305122107458243E-04   4   0 1  0 0  0 1  2 0
   286  0.6417187371529939E-01   4   0 0  1 0  0 1  2 0
   287  0.1911678645731690       4   0 0  0 1  0 1  2 0
   288  -.1134679553323230E-04   4   1 0  0 0  0 0  3 0
   289  -.2300316089702373E-04   4   0 1  0 0  0 0  3 0
   290  0.1344352015801189       4   0 0  1 0  0 0  3 0
   291  0.7045609085599019E-01   4   0 0  0 1  0 0  3 0
   292  0.1422893261952544E-04   4   1 0  0 0  0 2  0 1
   293  0.2543585470261996E-04   4   0 1  0 0  0 2  0 1
   294  -.1280084379424403       4   0 0  1 0  0 2  0 1
   295  -.3725415172080813       4   0 0  0 1  0 2  0 1
   296  0.1118336301201939E-04   4   1 0  0 0  0 1  1 1
   297  0.2581829419844725E-04   4   0 1  0 0  0 1  1 1
   298  -.5810543679931090E-01   4   0 0  1 0  0 1  1 1
   299  -.3462838541274474       4   0 0  0 1  0 1  1 1
   300  0.1420225897121142E-04   4   1 0  0 0  0 0  2 1
   301  0.2538425180637925E-04   4   0 1  0 0  0 0  2 1
   302  -.1277970724402712       4   0 0  1 0  0 0  2 1
   303  -.3718071621459506       4   0 0  0 1  0 0  2 1
   304  -.1110511033087596E-05   4   1 0  0 0  0 1  0 2
   305  -.1745874527523105E-05   4   0 1  0 0  0 1  0 2
   306  -.4103979768643679E-01   4   0 0  1 0  0 1  0 2
   307  -.5262107905643007E-01   4   0 0  0 1  0 1  0 2
   308  -.1109016559675807E-05   4   1 0  0 0  0 0  1 2
   309  -.1743525011864162E-05   4   0 1  0 0  0 0  1 2
   310  -.4098456826084928E-01   4   0 0  1 0  0 0  1 2
   311  -.5255026408818167E-01   4   0 0  0 1  0 0  1 2
   312  0.1064334031429539E-06   4   1 0  0 0  0 0  0 3
   313  0.8592603223360011E-07   4   0 1  0 0  0 0  0 3
   314  -.1447814150628799E-02   4   0 0  1 0  0 0  0 3
   315  -.1170116428957492E-02   4   0 0  0 1  0 0  0 3
   316  0.9958441258078452E-05   4   0 0  0 0  0 4  0 0
   317  0.3741305709407886E-05   4   0 0  0 0  0 3  1 0
   318  0.2929231662046579E-05   4   0 0  0 0  0 2  2 0
   319  0.3759092558091780E-05   4   0 0  0 0  0 1  3 0
   320  0.9929134364778465E-05   4   0 0  0 0  0 0  4 0
   321  -.1132925224019242E-05   4   0 0  0 0  0 3  0 1
   322  0.1868594625494392E-05   4   0 0  0 0  0 2  1 1
   323  0.1862538747236961E-05   4   0 0  0 0  0 1  2 1
   324  -.1131893910571190E-05   4   0 0  0 0  0 0  3 1
   325  -.1189080183105860E-05   4   0 0  0 0  0 2  0 2
   326  -.1366624619880198E-05   4   0 0  0 0  0 1  1 2
   327  -.1186560405531521E-05   4   0 0  0 0  0 0  2 2
   328  -.4583894933321004E-07   4   0 0  0 0  0 1  0 3
   329  -.4577726143551229E-07   4   0 0  0 0  0 0  1 3
   330  -.8981833578782560E-13   4   0 0  0 0  0 0  0 4
   ----------------------------------------------------
     I  COEFFICIENT            ORDER EXPONENTS
     1  0.2066656577363842E-03   0   0 0  0 0  0 0  0 0
     2  0.8384824706683163E-04   1   1 0  0 0  0 0  0 0
     3  0.7765761378599644E-04   1   0 1  0 0  0 0  0 0
     4  -2.282859879158719       1   0 0  1 0  0 0  0 0
     5  -1.134887608210938       1   0 0  0 1  0 0  0 0
     6  0.1215605313739677E-04   1   0 0  0 0  0 1  0 0
     7  0.1213969409397937E-04   1   0 0  0 0  0 0  1 0
     8  0.1823699105035681E-03   1   0 0  0 0  0 0  0 1
     9  0.1588769378649857E-02   2   2 0  0 0  0 0  0 0
    10  0.2867492791952235E-02   2   1 1  0 0  0 0  0 0
    11  0.1365084705443823E-02   2   0 2  0 0  0 0  0 0
    12  0.9628056320133433       2   1 0  1 0  0 0  0 0
    13  0.8811994230690873       2   0 1  1 0  0 0  0 0
    14  0.8533092872273345E-03   2   0 0  2 0  0 0  0 0
    15  0.9178768107175560       2   1 0  0 1  0 0  0 0
    16  0.8457651763959532       2   0 1  0 1  0 0  0 0
    17  0.2107034295683201E-02   2   0 0  1 1  0 0  0 0
    18  0.1117824658763954E-02   2   0 0  0 2  0 0  0 0
    19  -.6337413825079737E-05   2   1 0  0 0  0 1  0 0
    20  -.4496274741398301E-04   2   0 1  0 0  0 1  0 0
    21  -.1512395247837703       2   0 0  1 0  0 1  0 0
    22  0.9392933636352293       2   0 0  0 1  0 1  0 0
    23  -.6328885232225954E-05   2   1 0  0 0  0 0  1 0
    24  -.4490223866753415E-04   2   0 1  0 0  0 0  1 0
    25  -.1510359937589880       2   0 0  1 0  0 0  1 0
    26  0.9380293068938118       2   0 0  0 1  0 0  1 0
    27  0.9651433217559663E-04   2   1 0  0 0  0 0  0 1
    28  0.8986477623259565E-04   2   0 1  0 0  0 0  0 1
    29  -1.980584360714678       2   0 0  1 0  0 0  0 1
    30  -1.877322670636062       2   0 0  0 1  0 0  0 1
    31  -.8865938662332412E-05   2   0 0  0 0  0 2  0 0
    32  -.5584638627428297E-05   2   0 0  0 0  0 1  1 0
    33  -.8850249528178385E-05   2   0 0  0 0  0 0  2 0
    34  0.2331646400821443E-04   2   0 0  0 0  0 1  0 1
    35  0.2328508580981899E-04   2   0 0  0 0  0 0  1 1
    36  -.2330075594537022E-04   2   0 0  0 0  0 0  0 2
    37  -.2175480898455266E-01   3   3 0  0 0  0 0  0 0
    38  -.6108367405485771E-01   3   2 1  0 0  0 0  0 0
    39  -.5739458580925226E-01   3   1 2  0 0  0 0  0 0
    40  -.1800332540060805E-01   3   0 3  0 0  0 0  0 0
    41  -25.33088284028873       3   2 0  1 0  0 0  0 0
    42  -48.76007528132702       3   1 1  1 0  0 0  0 0
    43  -24.21379066610437       3   0 2  1 0  0 0  0 0
    44  0.3573931231181315E-01   3   1 0  2 0  0 0  0 0
    45  0.3235126898350518E-01   3   0 1  2 0  0 0  0 0
    46  -3.499865496937619       3   0 0  3 0  0 0  0 0
    47  -22.72660547646691       3   2 0  0 1  0 0  0 0
    48  -44.68977185986366       3   1 1  0 1  0 0  0 0
    49  -23.67804325583098       3   0 2  0 1  0 0  0 0
    50  0.6733148360902121E-01   3   1 0  1 1  0 0  0 0
    51  0.6129007304539141E-01   3   0 1  1 1  0 0  0 0
    52  -11.23121522808803       3   0 0  2 1  0 0  0 0
    53  0.3205940362968639E-01   3   1 0  0 2  0 0  0 0
    54  0.2938888457956994E-01   3   0 1  0 2  0 0  0 0
    55  -10.58886613958092       3   0 0  1 2  0 0  0 0
    56  -4.023950309998453       3   0 0  0 3  0 0  0 0
    57  -.9457313151360445E-03   3   2 0  0 0  0 1  0 0
    58  -.3248736842152361E-02   3   1 1  0 0  0 1  0 0
    59  -.2215096009594717E-02   3   0 2  0 0  0 1  0 0
    60  0.8034585595132843E-01   3   1 0  1 0  0 1  0 0
    61  -.3633866892745268       3   0 1  1 0  0 1  0 0
    62  -.3835200956985209E-04   3   0 0  2 0  0 1  0 0
    63  -.3993437628226928       3   1 0  0 1  0 1  0 0
    64  -.7872780854136812       3   0 1  0 1  0 1  0 0
    65  -.1211229236923852E-02   3   0 0  1 1  0 1  0 0
    66  -.1238160277918546E-02   3   0 0  0 2  0 1  0 0
    67  -.9444585945029057E-03   3   2 0  0 0  0 0  1 0
    68  -.3244364845217864E-02   3   1 1  0 0  0 0  1 0
    69  -.2212115037778862E-02   3   0 2  0 0  0 0  1 0
    70  0.8023773028495781E-01   3   1 0  1 0  0 0  1 0
    71  -.3628976605939226       3   0 1  1 0  0 0  1 0
    72  -.3830039724283997E-04   3   0 0  2 0  0 0  1 0
    73  -.3988063448071060       3   1 0  0 1  0 0  1 0
    74  -.7862186036694636       3   0 1  0 1  0 0  1 0
    75  -.1209599221700055E-02   3   0 0  1 1  0 0  1 0
    76  -.1236494020168996E-02   3   0 0  0 2  0 0  1 0
    77  0.3476589565341383E-02   3   2 0  0 0  0 0  0 1
    78  0.6488016706418158E-02   3   1 1  0 0  0 0  0 1
    79  0.3059392886895839E-02   3   0 2  0 0  0 0  0 1
    80  0.8022255739301153       3   1 0  1 0  0 0  0 1
    81  0.7262873746921927       3   0 1  1 0  0 0  0 1
    82  0.9312034920613867E-03   3   0 0  2 0  0 0  0 1
    83  0.7981532139045455       3   1 0  0 1  0 0  0 1
    84  0.7277341801156693       3   0 1  0 1  0 0  0 1
    85  0.2423539914376687E-02   3   0 0  1 1  0 0  0 1
    86  0.1358327630141605E-02   3   0 0  0 2  0 0  0 1
    87  0.4933209610462789E-05   3   1 0  0 0  0 2  0 0
    88  0.3678914642968433E-04   3   0 1  0 0  0 2  0 0
    89  0.1101310746574048       3   0 0  1 0  0 2  0 0
    90  -.6425086019472324       3   0 0  0 1  0 2  0 0
    91  0.3790018431480830E-05   3   1 0  0 0  0 1  1 0
    92  0.2895830487405211E-04   3   0 1  0 0  0 1  1 0
    93  0.6913283045257469E-01   3   0 0  1 0  0 1  1 0
    94  -.3465211435604150       3   0 0  0 1  0 1  1 0
    95  0.4924020515371082E-05   3   1 0  0 0  0 0  2 0
    96  0.3672015196929650E-04   3   0 1  0 0  0 0  2 0
    97  0.1099363475948754       3   0 0  1 0  0 0  2 0
    98  -.6414107782391000       3   0 0  0 1  0 0  2 0
    99  -.1409570996010747E-04   3   1 0  0 0  0 1  0 1
   100  -.5823449728175339E-04   3   0 1  0 0  0 1  0 1
   101  -.2893946412276246       3   0 0  1 0  0 1  0 1
   102  0.6922454888846379       3   0 0  0 1  0 1  0 1
   103  -.1407674061795095E-04   3   1 0  0 0  0 0  1 1
   104  -.5815612803980846E-04   3   0 1  0 0  0 0  1 1
   105  -.2890051875581573       3   0 0  1 0  0 0  1 1
   106  0.6913138975300969       3   0 0  0 1  0 0  1 1
   107  0.1444603636059207E-04   3   1 0  0 0  0 0  0 2
   108  0.1367289670535971E-04   3   0 1  0 0  0 0  0 2
   109  0.2891997604384832       3   0 0  1 0  0 0  0 2
   110  0.2468814340602247       3   0 0  0 1  0 0  0 2
   111  0.7223181656268985E-05   3   0 0  0 0  0 3  0 0
   112  0.3943130162794877E-05   3   0 0  0 0  0 2  1 0
   113  0.3949731748545972E-05   3   0 0  0 0  0 1  2 0
   114  0.7205951070120602E-05   3   0 0  0 0  0 0  3 0
   115  -.1675090108420547E-04   3   0 0  0 0  0 2  0 1
   116  -.1020441080529950E-04   3   0 0  0 0  0 1  1 1
   117  -.1672149220339666E-04   3   0 0  0 0  0 0  2 1
   118  0.1019664261757238E-04   3   0 0  0 0  0 1  0 2
   119  0.1018292045648882E-04   3   0 0  0 0  0 0  1 2
   120  0.9741596985685224E-06   3   0 0  0 0  0 0  0 3
   121  -.7025672800823950E-02   4   4 0  0 0  0 0  0 0
   122  -.2576913807568378E-01   4   3 1  0 0  0 0  0 0
   123  -.3592875498444733E-01   4   2 2  0 0  0 0  0 0
   124  -.2143169620852472E-01   4   1 3  0 0  0 0  0 0
   125  -.4402323478685019E-02   4   0 4  0 0  0 0  0 0
   126   237.3739981545523       4   3 0  1 0  0 0  0 0
   127   661.3641064669982       4   2 1  1 0  0 0  0 0
   128   616.8308167578322       4   1 2  1 0  0 0  0 0
   129   192.9754563326879       4   0 3  1 0  0 0  0 0
   130  0.4608757949364811E-01   4   2 0  2 0  0 0  0 0
   131  0.9056215682665689E-01   4   1 1  2 0  0 0  0 0
   132  0.4398213475718518E-01   4   0 2  2 0  0 0  0 0
   133  -138.7005660215837       4   1 0  3 0  0 0  0 0
   134  -124.8179055124643       4   0 1  3 0  0 0  0 0
   135  -.7270891265636871E-02   4   0 0  4 0  0 0  0 0
   136   229.7294239432470       4   3 0  0 1  0 0  0 0
   137   644.4338372926655       4   2 1  0 1  0 0  0 0
   138   605.4522404838184       4   1 2  0 1  0 0  0 0
   139   190.8792862557578       4   0 3  0 1  0 0  0 0
   140  0.9610648507446064E-01   4   2 0  1 1  0 0  0 0
   141  0.1896661144999728       4   1 1  1 1  0 0  0 0
   142  0.9395011565081629E-01   4   0 2  1 1  0 0  0 0
   143  -388.0727824231729       4   1 0  2 1  0 0  0 0
   144  -352.1005596690793       4   0 1  2 1  0 0  0 0
   145  -.2478560750049028E-01   4   0 0  3 1  0 0  0 0
   146  0.4826026468553631E-01   4   2 0  0 2  0 0  0 0
   147  0.9658092731744183E-01   4   1 1  0 2  0 0  0 0
   148  0.4913310605224235E-01   4   0 2  0 2  0 0  0 0
   149  -365.7608302983493       4   1 0  1 2  0 0  0 0
   150  -334.1303579662635       4   0 1  1 2  0 0  0 0
   151  -.3163736692474862E-01   4   0 0  2 2  0 0  0 0
   152  -115.6757741895325       4   1 0  0 3  0 0  0 0
   153  -106.2452332188797       4   0 1  0 3  0 0  0 0
   154  -.1722745292288659E-01   4   0 0  1 3  0 0  0 0
   155  -.2951711728691111E-02   4   0 0  0 4  0 0  0 0
   156  -.2760262548788293E-02   4   3 0  0 0  0 1  0 0
   157  0.1800643847073533E-01   4   2 1  0 0  0 1  0 0
   158  0.4090780813661746E-01   4   1 2  0 0  0 1  0 0
   159  0.2026927435765385E-01   4   0 3  0 0  0 1  0 0
   160   13.95949751698259       4   2 0  1 0  0 1  0 0
   161   50.44650694873276       4   1 1  1 0  0 1  0 0
   162   36.15307373937917       4   0 2  1 0  0 1  0 0
   163  0.4460066315632540E-02   4   1 0  2 0  0 1  0 0
   164  -.9988314528072877E-02   4   0 1  2 0  0 1  0 0
   165  0.2919078007690261       4   0 0  3 0  0 1  0 0
   166   24.52972035586269       4   2 0  0 1  0 1  0 0
   167   69.72861424650601       4   1 1  0 1  0 1  0 0
   168   47.13130735515304       4   0 2  0 1  0 1  0 0
   169  -.1941474782915668E-01   4   1 0  1 1  0 1  0 0
   170  -.4373811426929147E-01   4   0 1  1 1  0 1  0 0
   171   7.088667398083313       4   0 0  2 1  0 1  0 0
   172  -.2221772757075488E-01   4   1 0  0 2  0 1  0 0
   173  -.3264812173018052E-01   4   0 1  0 2  0 1  0 0
   174   12.60978159509036       4   0 0  1 2  0 1  0 0
   175   6.813603247078435       4   0 0  0 3  0 1  0 0
   176  -.2756547917536793E-02   4   3 0  0 0  0 0  1 0
   177  0.1798220625445549E-01   4   2 1  0 0  0 0  1 0
   178  0.4085275633634541E-01   4   1 2  0 0  0 0  1 0
   179  0.2024199692348114E-01   4   0 3  0 0  0 0  1 0
   180   13.94071148311257       4   2 0  1 0  0 0  1 0
   181   50.37861841714271       4   1 1  1 0  0 0  1 0
   182   36.10442063657613       4   0 2  1 0  0 0  1 0
   183  0.4454064168580608E-02   4   1 0  2 0  0 0  1 0
   184  -.9974872725113958E-02   4   0 1  2 0  0 0  1 0
   185  0.2915149650078874       4   0 0  3 0  0 0  1 0
   186   24.49670941425344       4   2 0  0 1  0 0  1 0
   187   69.63477676364890       4   1 1  0 1  0 0  1 0
   188   47.06788026293605       4   0 2  0 1  0 0  1 0
   189  -.1938862037651358E-01   4   1 0  1 1  0 0  1 0
   190  -.4367925357641374E-01   4   0 1  1 1  0 0  1 0
   191   7.079127803576284       4   0 0  2 1  0 0  1 0
   192  -.2218782800007539E-01   4   1 0  0 2  0 0  1 0
   193  -.3260418542660872E-01   4   0 1  0 2  0 0  1 0
   194   12.59281194529811       4   0 0  1 2  0 0  1 0
   195   6.804433820942511       4   0 0  0 3  0 0  1 0
   196  0.1326706514827828E-02   4   3 0  0 0  0 0  0 1
   197  0.3744674512875817E-02   4   2 1  0 0  0 0  0 1
   198  0.3552041946292338E-02   4   1 2  0 0  0 0  0 1
   199  0.1180887059126631E-02   4   0 3  0 0  0 0  0 1
   200  -53.21114699441092       4   2 0  1 0  0 0  0 1
   201  -100.7825430611606       4   1 1  1 0  0 0  0 1
   202  -48.02088932478079       4   0 2  1 0  0 0  0 1
   203  -.3964015247682812E-02   4   1 0  2 0  0 0  0 1
   204  -.3639136519722218E-02   4   0 1  2 0  0 0  0 1
   205  -4.087173274083458       4   0 0  3 0  0 0  0 1
   206  -49.00315924068805       4   2 0  0 1  0 0  0 1
   207  -94.62372844853532       4   1 1  0 1  0 0  0 1
   208  -46.81629758749963       4   0 2  0 1  0 0  0 1
   209  -.7725183468761981E-02   4   1 0  1 1  0 0  0 1
   210  -.7283918511185769E-02   4   0 1  1 1  0 0  0 1
   211  -14.18022363549795       4   0 0  2 1  0 0  0 1
   212  -.3755492879349036E-02   4   1 0  0 2  0 0  0 1
   213  -.3574995401834712E-02   4   0 1  0 2  0 0  0 1
   214  -14.62723798669917       4   0 0  1 2  0 0  0 1
   215  -5.575097989928779       4   0 0  0 3  0 0  0 1
   216  -.5180551550089637E-03   4   2 0  0 0  0 2  0 0
   217  0.3782572423214402E-03   4   1 1  0 0  0 2  0 0
   218  0.1046471080460154E-02   4   0 2  0 0  0 2  0 0
   219  -.6093762518263502E-01   4   1 0  1 0  0 2  0 0
   220  0.2341182502182311       4   0 1  1 0  0 2  0 0
   221  -.2484351819869485E-03   4   0 0  2 0  0 2  0 0
   222  0.2697479784152591       4   1 0  0 1  0 2  0 0
   223  0.7445245357610787       4   0 1  0 1  0 2  0 0
   224  0.3142511744489186E-03   4   0 0  1 1  0 2  0 0
   225  0.9512882264603722E-03   4   0 0  0 2  0 2  0 0
   226  -.5563182080021013E-03   4   2 0  0 0  0 1  1 0
   227  0.7001815161551826E-03   4   1 1  0 0  0 1  1 0
   228  0.1708788843627180E-02   4   0 2  0 0  0 1  1 0
   229  -.4369304607507384E-01   4   1 0  1 0  0 1  1 0
   230  0.1026669197455409       4   0 1  1 0  0 1  1 0
   231  -.2027401690603412E-03   4   0 0  2 0  0 1  1 0
   232  0.1379847594721803       4   1 0  0 1  0 1  1 0
   233  0.6987673410363585       4   0 1  0 1  0 1  1 0
   234  0.1665835541644566E-03   4   0 0  1 1  0 1  1 0
   235  0.1042864256493847E-02   4   0 0  0 2  0 1  1 0
   236  -.5169836473834643E-03   4   2 0  0 0  0 0  2 0
   237  0.3772770659083526E-03   4   1 1  0 0  0 0  2 0
   238  0.1043912985251880E-02   4   0 2  0 0  0 0  2 0
   239  -.6082621817744132E-01   4   1 0  1 0  0 0  2 0
   240  0.2337341027596648       4   0 1  1 0  0 0  2 0
   241  -.2479644305450215E-03   4   0 0  2 0  0 0  2 0
   242  0.2692921176055404       4   1 0  0 1  0 0  2 0
   243  0.7430524056511773       4   0 1  0 1  0 0  2 0
   244  0.3137161798802971E-03   4   0 0  1 1  0 0  2 0
   245  0.9493063088139138E-03   4   0 0  0 2  0 0  2 0
   246  0.1197863507030235E-02   4   2 0  0 0  0 1  0 1
   247  -.8437207938410615E-04   4   1 1  0 0  0 1  0 1
   248  -.1084795303598013E-02   4   0 2  0 0  0 1  0 1
   249  0.1684682326329863       4   1 0  1 0  0 1  0 1
   250  -.2032919577662764       4   0 1  1 0  0 1  0 1
   251  0.4327901041273415E-03   4   0 0  2 0  0 1  0 1
   252  -.2739802425055214       4   1 0  0 1  0 1  0 1
   253  -.6070346148936361       4   0 1  0 1  0 1  0 1
   254  -.1210149371246204E-03   4   0 0  1 1  0 1  0 1
   255  -.7379841470649353E-03   4   0 0  0 2  0 1  0 1
   256  0.1196251478775824E-02   4   2 0  0 0  0 0  1 1
   257  -.8425853541598697E-04   4   1 1  0 0  0 0  1 1
   258  -.1083335437203066E-02   4   0 2  0 0  0 0  1 1
   259  0.1682415160251406       4   1 0  1 0  0 0  1 1
   260  -.2030183770303334       4   0 1  1 0  0 0  1 1
   261  0.4322076756018974E-03   4   0 0  2 0  0 0  1 1
   262  -.2736115328073997       4   1 0  0 1  0 0  1 1
   263  -.6062176963174634       4   0 1  0 1  0 0  1 1
   264  -.1208520809254742E-03   4   0 0  1 1  0 0  1 1
   265  -.7369910027798020E-03   4   0 0  0 2  0 0  1 1
   266  -.8036521914309030E-03   4   2 0  0 0  0 0  0 2
   267  -.1498316813219330E-02   4   1 1  0 0  0 0  0 2
   268  -.6939699529887788E-03   4   0 2  0 0  0 0  0 2
   269  -.1712510510930193       4   1 0  1 0  0 0  0 2
   270  -.1631600735657184       4   0 1  1 0  0 0  0 2
   271  -.1654784013865354E-03   4   0 0  2 0  0 0  0 2
   272  -.1287881620755267       4   1 0  0 1  0 0  0 2
   273  -.1250794408837411       4   0 1  0 1  0 0  0 2
   274  -.3922396268262871E-03   4   0 0  1 1  0 0  0 2
   275  -.2135441155351553E-03   4   0 0  0 2  0 0  0 2
   276  -.6982889869381135E-05   4   1 0  0 0  0 3  0 0
   277  -.3904325201322665E-04   4   0 1  0 0  0 3  0 0
   278  -.8961818749880937E-01   4   0 0  1 0  0 3  0 0
   279  0.4955385432628979       4   0 0  0 1  0 3  0 0
   280  -.5152747969302592E-05   4   1 0  0 0  0 2  1 0
   281  -.2966770949659289E-04   4   0 1  0 0  0 2  1 0
   282  -.4864251323684755E-01   4   0 0  1 0  0 2  1 0
   283  0.2017626237164738       4   0 0  0 1  0 2  1 0
   284  -.5156423377826405E-05   4   1 0  0 0  0 1  2 0
   285  -.2968652917758901E-04   4   0 1  0 0  0 1  2 0
   286  -.4872498447917104E-01   4   0 0  1 0  0 1  2 0
   287  0.2023543022292865       4   0 0  0 1  0 1  2 0
   288  -.6965331515005931E-05   4   1 0  0 0  0 0  3 0
   289  -.3894450237034031E-04   4   0 1  0 0  0 0  3 0
   290  -.8940459535434908E-01   4   0 0  1 0  0 0  3 0
   291  0.4944026566264202       4   0 0  0 1  0 0  3 0
   292  0.1046918121477174E-04   4   1 0  0 0  0 2  0 1
   293  0.5273340375177925E-04   4   0 1  0 0  0 2  0 1
   294  0.2073869276294639       4   0 0  1 0  0 2  0 1
   295  -.4033231494008629       4   0 0  0 1  0 2  0 1
   296  0.8866259559186476E-05   4   1 0  0 0  0 1  1 1
   297  0.4510843669323123E-04   4   0 1  0 0  0 1  1 1
   298  0.1256102678627920       4   0 0  1 0  0 1  1 1
   299  -.1151632692361601       4   0 0  0 1  0 1  1 1
   300  0.1044912638688622E-04   4   1 0  0 0  0 0  2 1
   301  0.5263208521820565E-04   4   0 1  0 0  0 0  2 1
   302  0.2070233158867255       4   0 0  1 0  0 0  2 1
   303  -.4027028854642216       4   0 0  0 1  0 0  2 1
   304  -.3269162644990647E-05   4   1 0  0 0  0 1  0 2
   305  -.8393228269731192E-05   4   0 1  0 0  0 1  0 2
   306  -.1255033993813373       4   0 0  1 0  0 1  0 2
   307  -.2313567652200192       4   0 0  0 1  0 1  0 2
   308  -.3264763159973253E-05   4   1 0  0 0  0 0  1 2
   309  -.8381933058684911E-05   4   0 1  0 0  0 0  1 2
   310  -.1253345028212204       4   0 0  1 0  0 0  1 2
   311  -.2310454161888530       4   0 0  0 1  0 0  1 2
   312  0.9277854054450024E-06   4   1 0  0 0  0 0  0 3
   313  0.7567992726895821E-06   4   0 1  0 0  0 0  0 3
   314  -.1279214420985812E-01   4   0 0  1 0  0 0  0 3
   315  -.1045801480436728E-01   4   0 0  0 1  0 0  0 3
   316  -.9456162315068903E-05   4   0 0  0 0  0 4  0 0
   317  -.4595575967690942E-05   4   0 0  0 0  0 3  1 0
   318  -.3952459665905835E-05   4   0 0  0 0  0 2  2 0
   319  -.4609485326781379E-05   4   0 0  0 0  0 1  3 0
   320  -.9427633271766435E-05   4   0 0  0 0  0 0  4 0
   321  0.9779048842327497E-05   4   0 0  0 0  0 3  0 1
   322  0.4374804689848114E-05   4   0 0  0 0  0 2  1 1
   323  0.4385687289947710E-05   4   0 0  0 0  0 1  2 1
   324  0.9756368838161937E-05   4   0 0  0 0  0 0  3 1
   325  0.1167489390950613E-05   4   0 0  0 0  0 2  0 2
   326  0.1384322447666872E-05   4   0 0  0 0  0 1  1 2
   327  0.1164986760795543E-05   4   0 0  0 0  0 0  2 2
   328  0.1378657895948718E-07   4   0 0  0 0  0 1  0 3
   329  0.1376802563126207E-07   4   0 0  0 0  0 0  1 3
   330  -.5425373222633301E-13   4   0 0  0 0  0 0  0 4
   ----------------------------------------------------
     I  COEFFICIENT            ORDER EXPONENTS
     1  0.7618427254516288E-08   0   0 0  0 0  0 0  0 0
     2  -.5840186762179832E-05   1   1 0  0 0  0 0  0 0
     3  -.6675989802607201E-05   1   0 1  0 0  0 0  0 0
     4  0.4185764640988302E-04   1   0 0  1 0  0 0  0 0
     5  0.1548389595426052E-04   1   0 0  0 1  0 0  0 0
     6   1.000000000000000       1   0 0  0 0  1 0  0 0
     7  0.2859789924080134       1   0 0  0 0  0 1  0 0
     8  -.2859789889846109       1   0 0  0 0  0 0  1 0
     9  -.3423409074736819E-08   1   0 0  0 0  0 0  0 1
    10  -.3501623604498837       2   2 0  0 0  0 0  0 0
    11  -.9403664093988309       2   1 1  0 0  0 0  0 0
    12  -.8453552846432297       2   0 2  0 0  0 0  0 0
    13  -.2199080509962495E-04   2   1 0  1 0  0 0  0 0
    14  -.2910909145469303E-04   2   0 1  1 0  0 0  0 0
    15  -.2396666083423153       2   0 0  2 0  0 0  0 0
    16  -.2917347543133355E-04   2   1 0  0 1  0 0  0 0
    17  -.3441733370710634E-04   2   0 1  0 1  0 0  0 0
    18  -.1720434751702384       2   0 0  1 1  0 0  0 0
    19  -.2484919534400395       2   0 0  0 2  0 0  0 0
    20  0.8635724530126133E-05   2   1 0  0 0  0 1  0 0
    21  0.1237114032224542E-04   2   0 1  0 0  0 1  0 0
    22  -.5889972249904964E-04   2   0 0  1 0  0 1  0 0
    23  -.3976193985870993E-04   2   0 0  0 1  0 1  0 0
    24  0.2799642637835673E-05   2   1 0  0 0  0 0  1 0
    25  0.5696489243756083E-05   2   0 1  0 0  0 0  1 0
    26  -.1707541252494844E-04   2   0 0  1 0  0 0  1 0
    27  -.2426619599421282E-04   2   0 0  0 1  0 0  1 0
    28  -.1143543403322085E-04   2   1 0  0 0  0 0  0 1
    29  -.1139175745402179E-04   2   0 1  0 0  0 0  0 1
    30  0.7597516508794764E-04   2   0 0  1 0  0 0  0 1
    31  0.4854427180615657E-04   2   0 0  0 1  0 0  0 1
    32  -.2146286640396300       2   0 0  0 0  0 2  0 0
    33  0.1432783310092602       2   0 0  0 0  0 1  1 0
    34  0.7135032836680458E-01   2   0 0  0 0  0 0  2 0
    35  0.4662212964659278E-08   2   0 0  0 0  0 1  0 1
    36  0.1241802817580802E-08   2   0 0  0 0  0 0  1 1
    37  -.1240369917002530E-08   2   0 0  0 0  0 0  0 2
    38  0.1822604799097086       3   3 0  0 0  0 0  0 0
    39  0.5713061150690962       3   2 1  0 0  0 0  0 0
    40  0.5852958898796657       3   1 2  0 0  0 0  0 0
    41  0.1971943934203813       3   0 3  0 0  0 0  0 0
    42  0.1090611986588057E-02   3   2 0  1 0  0 0  0 0
    43  0.2132118285802433E-02   3   1 1  1 0  0 0  0 0
    44  0.1277189973095536E-02   3   0 2  1 0  0 0  0 0
    45  0.8027897352808949E-01   3   1 0  2 0  0 0  0 0
    46  0.1547862577507475E-01   3   0 1  2 0  0 0  0 0
    47  0.4021771426452973E-03   3   0 0  3 0  0 0  0 0
    48  0.7696314292790000E-03   3   2 0  0 1  0 0  0 0
    49  0.1451393375101931E-02   3   1 1  0 1  0 0  0 0
    50  0.8740315769273622E-03   3   0 2  0 1  0 0  0 0
    51  0.3854024655562861E-01   3   1 0  1 1  0 0  0 0
    52  -.6431192463983360E-01   3   0 1  1 1  0 0  0 0
    53  0.1059715128032162E-02   3   0 0  2 1  0 0  0 0
    54  -.3247910982049314E-01   3   1 0  0 2  0 0  0 0
    55  -.7329763271406284E-01   3   0 1  0 2  0 0  0 0
    56  0.9543283481246957E-03   3   0 0  1 2  0 0  0 0
    57  0.2906818627187789E-03   3   0 0  0 3  0 0  0 0
    58  0.5577550409010998       3   2 0  0 0  0 1  0 0
    59   1.794473582463004       3   1 1  0 0  0 1  0 0
    60   1.724051065473369       3   0 2  0 0  0 1  0 0
    61  0.3318288270958363E-04   3   1 0  1 0  0 1  0 0
    62  0.5412405033598164E-04   3   0 1  1 0  0 1  0 0
    63  0.3362892104583199       3   0 0  2 0  0 1  0 0
    64  0.5455447365245262E-04   3   1 0  0 1  0 1  0 0
    65  0.7899106214430238E-04   3   0 1  0 1  0 1  0 0
    66  0.4464990499366829       3   0 0  1 1  0 1  0 0
    67  0.4442911044173845       3   0 0  0 2  0 1  0 0
    68  0.2077841955050798       3   2 0  0 0  0 0  1 0
    69  0.8542221839668731       3   1 1  0 0  0 0  1 0
    70  0.8786497658957839       3   0 2  0 0  0 0  1 0
    71  0.1115776835923742E-04   3   1 0  1 0  0 0  1 0
    72  0.2489635574482654E-04   3   0 1  1 0  0 0  1 0
    73  0.9681481342579254E-01   3   0 0  2 0  0 0  1 0
    74  0.2532612061223655E-04   3   1 0  0 1  0 0  1 0
    75  0.4443358663402173E-04   3   0 1  0 1  0 0  1 0
    76  0.2743176592545038       3   0 0  1 1  0 0  1 0
    77  0.1958697042960352       3   0 0  0 2  0 0  1 0
    78  -.7655398477840185       3   2 0  0 0  0 0  0 1
    79  -1.708330927698689       3   1 1  0 0  0 0  0 1
    80  -.9119913849350207       3   0 2  0 0  0 0  0 1
    81  -.4424490253683687E-04   3   1 0  1 0  0 0  0 1
    82  -.4966661487918648E-04   3   0 1  1 0  0 0  0 1
    83  -.4331042752112230       3   0 0  2 0  0 0  0 1
    84  -.5056106820488474E-04   3   1 0  0 1  0 0  0 1
    85  -.5428879455569037E-04   3   0 1  0 1  0 0  0 1
    86  -.5487735827024390       3   0 0  1 1  0 0  0 1
    87  -.1431770650209258       3   0 0  0 2  0 0  0 1
    88  -.1064220341644119E-04   3   1 0  0 0  0 2  0 0
    89  -.1772506607201305E-04   3   0 1  0 0  0 2  0 0
    90  0.6991048309366364E-04   3   0 0  1 0  0 2  0 0
    91  0.6465553396706688E-04   3   0 0  0 1  0 2  0 0
    92  -.4015162393306426E-05   3   1 0  0 0  0 1  1 0
    93  -.1070925350199564E-04   3   0 1  0 0  0 1  1 0
    94  0.2204358000779220E-04   3   0 0  1 0  0 1  1 0
    95  0.4979089173488621E-04   3   0 0  0 1  0 1  1 0
    96  -.2010674161773196E-05   3   1 0  0 0  0 0  2 0
    97  -.5355725594773839E-05   3   0 1  0 0  0 0  2 0
    98  0.1104651410139444E-04   3   0 0  1 0  0 0  2 0
    99  0.2488863753471457E-04   3   0 0  0 1  0 0  2 0
   100  0.1666227548869802E-04   3   1 0  0 0  0 1  0 1
   101  0.2141584819184871E-04   3   0 1  0 0  0 1  0 1
   102  -.1029710149360395E-03   3   0 0  1 0  0 1  0 1
   103  -.9958459562986660E-04   3   0 0  0 1  0 1  0 1
   104  0.5235198367077470E-05   3   1 0  0 0  0 0  1 1
   105  0.1002607394422953E-04   3   0 1  0 0  0 0  1 1
   106  -.2706335177022645E-04   3   0 0  1 0  0 0  1 1
   107  -.5103837747923135E-04   3   0 0  0 1  0 0  1 1
   108  -.5230770831875021E-05   3   1 0  0 0  0 0  0 2
   109  -.4329097107410324E-05   3   0 1  0 0  0 0  0 2
   110  0.2703129997640204E-04   3   0 0  1 0  0 0  0 2
   111  0.2676884194696751E-04   3   0 0  0 1  0 0  0 2
   112  0.1788813505852322       3   0 0  0 0  0 3  0 0
   113  -.1073867927164727       3   0 0  0 0  0 2  1 0
   114  -.3589155549300489E-01   3   0 0  0 0  0 1  2 0
   115  -.3560303948414875E-01   3   0 0  0 0  0 0  3 0
   116  -.4331829141138793E-08   3   0 0  0 0  0 2  0 1
   117  0.1832035297862710E-09   3   0 0  0 0  0 1  1 1
   118  0.8849421447553025E-10   3   0 0  0 0  0 0  2 1
   119  0.5315000304290175E-09   3   0 0  0 0  0 1  0 2
   120  -.6808284091333457E-10   3   0 0  0 0  0 0  1 2
   121  0.1994941312341815E-09   3   0 0  0 0  0 0  0 3
   122  -2.883293366933055       4   4 0  0 0  0 0  0 0
   123  -14.45423577940189       4   3 1  0 0  0 0  0 0
   124  -27.25244263784974       4   2 2  0 0  0 0  0 0
   125  -23.01953478106811       4   1 3  0 0  0 0  0 0
   126  -7.641359390165706       4   0 4  0 0  0 0  0 0
   127  0.1949032658949155E-02   4   3 0  1 0  0 0  0 0
   128  0.7517863900523416E-02   4   2 1  1 0  0 0  0 0
   129  0.8652840616613287E-02   4   1 2  1 0  0 0  0 0
   130  0.3098491486879329E-02   4   0 3  1 0  0 0  0 0
   131  -7.392248016447617       4   2 0  2 0  0 0  0 0
   132  -14.99030610520060       4   1 1  2 0  0 0  0 0
   133  -8.705786938268211       4   0 2  2 0  0 0  0 0
   134  0.4311967493791691E-02   4   1 0  3 0  0 0  0 0
   135  0.3168724889954269E-02   4   0 1  3 0  0 0  0 0
   136  -1.438396648836511       4   0 0  4 0  0 0  0 0
   137  0.2866134304771957E-02   4   3 0  0 1  0 0  0 0
   138  0.9932155411782072E-02   4   2 1  0 1  0 0  0 0
   139  0.1082032525423714E-01   4   1 2  0 1  0 0  0 0
   140  0.3756263924760933E-02   4   0 3  0 1  0 0  0 0
   141  -10.42237958125388       4   2 0  1 1  0 0  0 0
   142  -20.05273635756344       4   1 1  1 1  0 0  0 0
   143  -11.47589284513934       4   0 2  1 1  0 0  0 0
   144  0.1050085873548239E-01   4   1 0  2 1  0 0  0 0
   145  0.7573436784309870E-02   4   0 1  2 1  0 0  0 0
   146  -4.581495355285529       4   0 0  3 1  0 0  0 0
   147  -3.556357979661144       4   2 0  0 2  0 0  0 0
   148  -7.065460320971567       4   1 1  0 2  0 0  0 0
   149  -4.635621041648499       4   0 2  0 2  0 0  0 0
   150  0.8354122515555493E-02   4   1 0  1 2  0 0  0 0
   151  0.5816678585017535E-02   4   0 1  1 2  0 0  0 0
   152  -5.661796518599863       4   0 0  2 2  0 0  0 0
   153  0.2103498878856498E-02   4   1 0  0 3  0 0  0 0
   154  0.1352086716303296E-02   4   0 1  0 3  0 0  0 0
   155  -3.219893274733393       4   0 0  1 3  0 0  0 0
   156  -.8023163313958195       4   0 0  0 4  0 0  0 0
   157  -.3098560248969254       4   3 0  0 0  0 1  0 0
   158  -1.213453669564198       4   2 1  0 0  0 1  0 0
   159  -1.503185569451640       4   1 2  0 0  0 1  0 0
   160  -.5967855662128576       4   0 3  0 0  0 1  0 0
   161  -.4051160037920187E-03   4   2 0  1 0  0 1  0 0
   162  -.2035741209069433E-02   4   1 1  1 0  0 1  0 0
   163  -.1876248407229175E-02   4   0 2  1 0  0 1  0 0
   164  -.9837202965059701E-01   4   1 0  2 0  0 1  0 0
   165  -.4235426268745641E-01   4   0 1  2 0  0 1  0 0
   166  -.4466712443428599E-03   4   0 0  3 0  0 1  0 0
   167  -.4020968495355698E-03   4   2 0  0 1  0 1  0 0
   168  -.1425530167989124E-02   4   1 1  0 1  0 1  0 0
   169  -.1298981552268922E-02   4   0 2  0 1  0 1  0 0
   170  -.1020071500496728       4   1 0  1 1  0 1  0 0
   171  0.8313478640841207E-01   4   0 1  1 1  0 1  0 0
   172  -.1450984202471865E-02   4   0 0  2 1  0 1  0 0
   173  0.4092592626613823E-01   4   1 0  0 2  0 1  0 0
   174  0.1585866341092823       4   0 1  0 2  0 1  0 0
   175  -.1698610412910949E-02   4   0 0  1 2  0 1  0 0
   176  -.6819439162047633E-03   4   0 0  0 3  0 1  0 0
   177  -.1263608915129782       4   3 0  0 0  0 0  1 0
   178  -.6372777406377046       4   2 1  0 0  0 0  1 0
   179  -.9117609015653020       4   1 2  0 0  0 0  1 0
   180  -.3970430161727797       4   0 3  0 0  0 0  1 0
   181  -.2821077043216568E-03   4   2 0  1 0  0 0  1 0
   182  -.1728734309849648E-02   4   1 1  1 0  0 0  1 0
   183  -.1565298885075386E-02   4   0 2  1 0  0 0  1 0
   184  -.1779784480204254E-01   4   1 0  2 0  0 0  1 0
   185  -.2591418171915906E-01   4   0 1  2 0  0 0  1 0
   186  -.2564008483913600E-03   4   0 0  3 0  0 0  1 0
   187  -.4455577623807891E-03   4   2 0  0 1  0 0  1 0
   188  -.1559238271849196E-02   4   1 1  0 1  0 0  1 0
   189  -.1289428465390727E-02   4   0 2  0 1  0 0  1 0
   190  -.6288670047450512E-01   4   1 0  1 1  0 0  1 0
   191  0.2026694331722951E-01   4   0 1  1 1  0 0  1 0
   192  -.1003130695850226E-02   4   0 0  2 1  0 0  1 0
   193  0.8777455952059044E-02   4   1 0  0 2  0 0  1 0
   194  0.8592440410735401E-01   4   0 1  0 2  0 0  1 0
   195  -.1273496162879852E-02   4   0 0  1 2  0 0  1 0
   196  -.5324638971511271E-03   4   0 0  0 3  0 0  1 0
   197  0.4345249559330094       4   3 0  0 0  0 0  0 1
   198   1.271702492469587       4   2 1  0 0  0 0  0 1
   199   1.233427651355049       4   1 2  0 0  0 0  0 1
   200  0.3970941652468778       4   0 3  0 0  0 0  0 1
   201  0.8586269555256583E-03   4   2 0  1 0  0 0  0 1
   202  0.2191388837252466E-02   4   1 1  1 0  0 0  0 1
   203  0.1462586045357640E-02   4   0 2  1 0  0 0  0 1
   204  0.1154896108336064       4   1 0  2 0  0 0  0 1
   205  0.5090437634299991E-01   4   0 1  2 0  0 0  0 1
   206  0.7487990029715534E-03   4   0 0  3 0  0 0  0 1
   207  0.1902220285452283E-03   4   2 0  0 1  0 0  0 1
   208  0.6732880131385611E-03   4   1 1  0 1  0 0  0 1
   209  0.6322055349152856E-03   4   0 2  0 1  0 0  0 1
   210  0.1253054870331590       4   1 0  1 1  0 0  0 1
   211  0.2248643181120796E-01   4   0 1  1 1  0 0  0 1
   212  0.1629389224897040E-02   4   0 0  2 1  0 0  0 1
   213  0.1455517207039485E-01   4   1 0  0 2  0 0  0 1
   214  -.2611669499951480E-01   4   0 1  0 2  0 0  0 1
   215  0.1210463778453478E-02   4   0 0  1 2  0 0  0 1
   216  0.3480594375715055E-03   4   0 0  0 3  0 0  0 1
   217  -.7311908670131348       4   2 0  0 0  0 2  0 0
   218  -2.658088374339458       4   1 1  0 0  0 2  0 0
   219  -2.713021627586834       4   0 2  0 0  0 2  0 0
   220  -.4206401277230887E-04   4   1 0  1 0  0 2  0 0
   221  -.8797742820192887E-04   4   0 1  1 0  0 2  0 0
   222  -.3982218866724748       4   0 0  2 0  0 2  0 0
   223  -.9033723875699745E-04   4   1 0  0 1  0 2  0 0
   224  -.1503840719773940E-03   4   0 1  0 1  0 2  0 0
   225  -.7276652307854543       4   0 0  1 1  0 2  0 0
   226  -.6639507420746626       4   0 0  0 2  0 2  0 0
   227  -.3469089179775278       4   2 0  0 0  0 1  1 0
   228  -1.727102473047139       4   1 1  0 0  0 1  1 0
   229  -1.977596599737943       4   0 2  0 0  0 1  1 0
   230  -.1710197341546849E-04   4   1 0  1 0  0 1  1 0
   231  -.5155942033460799E-04   4   0 1  1 0  0 1  1 0
   232  -.1239919032408916       4   0 0  2 0  0 1  1 0
   233  -.5386399317905343E-04   4   1 0  0 1  0 1  1 0
   234  -.1126200712524552E-03   4   0 1  0 1  0 1  1 0
   235  -.5623736471012367       4   0 0  1 1  0 1  1 0
   236  -.4392831558731916       4   0 0  0 2  0 1  1 0
   237  -.1735956532584555       4   2 0  0 0  0 0  2 0
   238  -.8635943059488178       4   1 1  0 0  0 0  2 0
   239  -.9886254692920455       4   0 2  0 0  0 0  2 0
   240  -.8637624312013728E-05   4   1 0  1 0  0 0  2 0
   241  -.2586246767242636E-04   4   0 1  1 0  0 0  2 0
   242  -.6213837055314740E-01   4   0 0  2 0  0 0  2 0
   243  -.2699619892615849E-04   4   1 0  0 1  0 0  2 0
   244  -.5633490083129119E-04   4   0 1  0 1  0 0  2 0
   245  -.2811081954464019       4   0 0  1 1  0 0  2 0
   246  -.2196443872973344       4   0 0  0 2  0 0  2 0
   247   1.251469933183486       4   2 0  0 0  0 1  0 1
   248   3.454200453448842       4   1 1  0 0  0 1  0 1
   249   2.231419861429558       4   0 2  0 0  0 1  0 1
   250  0.5789624227000239E-04   4   1 0  1 0  0 1  0 1
   251  0.9355858929289737E-04   4   0 1  1 0  0 1  0 1
   252  0.5841772002373802       4   0 0  2 0  0 1  0 1
   253  0.9748448803509425E-04   4   1 0  0 1  0 1  0 1
   254  0.1342346758688955E-03   4   0 1  0 1  0 1  0 1
   255   1.124768717531826       4   0 0  1 1  0 1  0 1
   256  0.4343441459289569       4   0 0  0 2  0 1  0 1
   257  0.4862871708017468       4   2 0  0 0  0 0  1 1
   258   1.745784609211239       4   1 1  0 0  0 0  1 1
   259   1.318864630234200       4   0 2  0 0  0 0  1 1
   260  0.2023664021782937E-04   4   1 0  1 0  0 0  1 1
   261  0.4496630910673346E-04   4   0 1  1 0  0 0  1 1
   262  0.1514624380519697       4   0 0  2 0  0 0  1 1
   263  0.4749818621591585E-04   4   1 0  0 1  0 0  1 1
   264  0.7635455988979484E-04   4   0 1  0 1  0 0  1 1
   265  0.5759758070559000       4   0 0  1 1  0 0  1 1
   266  0.2909755818721507       4   0 0  0 2  0 0  1 1
   267  -.4860837041915114       4   2 0  0 0  0 0  0 2
   268  -.8916149069908613       4   1 1  0 0  0 0  0 2
   269  -.4071331121082737       4   0 2  0 0  0 0  0 2
   270  -.1735692253797530E-04   4   1 0  1 0  0 0  0 2
   271  -.1535192923784726E-04   4   0 1  1 0  0 0  0 2
   272  -.1512772481197042       4   0 0  2 0  0 0  0 2
   273  -.1690578427549566E-04   4   1 0  0 1  0 0  0 2
   274  -.1505459718127021E-04   4   0 1  0 1  0 0  0 2
   275  -.3016162792949384       4   0 0  1 1  0 0  0 2
   276  -.1479026225570729       4   0 0  0 2  0 0  0 2
   277  -.1441845135115810E-03   4   1 0  0 0  0 3  0 0
   278  -.2259351052572856E-03   4   0 1  0 0  0 3  0 0
   279  -.7508602356966757E-04   4   0 0  1 0  0 3  0 0
   280  -.8116672821461697E-04   4   0 0  0 1  0 3  0 0
   281  -.7597124400555591E-04   4   1 0  0 0  0 2  1 0
   282  -.1135806410050169E-03   4   0 1  0 0  0 2  1 0
   283  -.2165182710165914E-04   4   0 0  1 0  0 2  1 0
   284  -.6924896182123008E-04   4   0 0  0 1  0 2  1 0
   285  -.4787884320013580E-04   4   1 0  0 0  0 1  2 0
   286  -.7098514549398254E-04   4   0 1  0 0  0 1  2 0
   287  -.1148240561747385E-04   4   0 0  1 0  0 1  2 0
   288  -.4590940951825683E-04   4   0 0  0 1  0 1  2 0
   289  -.2535409295409297E-04   4   1 0  0 0  0 0  3 0
   290  -.3791301268158439E-04   4   0 1  0 0  0 0  3 0
   291  -.7250530585478688E-05   4   0 0  1 0  0 0  3 0
   292  -.2307614263944269E-04   4   0 0  0 1  0 0  3 0
   293  0.1253089110187055E-03   4   1 0  0 0  0 2  0 1
   294  0.1011363157562881E-03   4   0 1  0 0  0 2  0 1
   295  0.8345960586379424E-04   4   0 0  1 0  0 2  0 1
   296  0.1364198427044820E-03   4   0 0  0 1  0 2  0 1
   297  0.6799523744338820E-04   4   1 0  0 0  0 1  1 1
   298  0.5493179308702846E-04   4   0 1  0 0  0 1  1 1
   299  0.1686550141080837E-04   4   0 0  1 0  0 1  1 1
   300  0.8900066220695319E-04   4   0 0  0 1  0 1  1 1
   301  0.3401302585934204E-04   4   1 0  0 0  0 0  2 1
   302  0.2747821617375129E-04   4   0 1  0 0  0 0  2 1
   303  0.8472014741017832E-05   4   0 0  1 0  0 0  2 1
   304  0.4450268896419114E-04   4   0 0  0 1  0 0  2 1
   305  -.7132965818218725E-06   4   1 0  0 0  0 1  0 2
   306  0.1987436685298632E-05   4   0 1  0 0  0 1  0 2
   307  -.8178936400530907E-05   4   0 0  1 0  0 1  0 2
   308  -.2283396557893310E-04   4   0 0  0 1  0 1  0 2
   309  -.4086884053492879E-05   4   1 0  0 0  0 0  1 2
   310  -.1138768581109485E-05   4   0 1  0 0  0 0  1 2
   311  0.2720016737383249E-05   4   0 0  1 0  0 0  1 2
   312  -.1094326454407011E-04   4   0 0  0 1  0 0  1 2
   313  0.5679988530741420E-08   4   1 0  0 0  0 0  0 3
   314  0.6393987841881172E-07   4   0 1  0 0  0 0  0 3
   315  -.4481268110335352E-05   4   0 0  1 0  0 0  0 3
   316  -.4077143837080242E-05   4   0 0  0 1  0 0  0 3
   317  -.1565302516857742       4   0 0  0 0  0 4  0 0
   318  0.8947684347417571E-01   4   0 0  0 0  0 3  1 0
   319  0.2686485505549845E-01   4   0 0  0 0  0 2  2 0
   320  0.1798162690546268E-01   4   0 0  0 0  0 1  3 0
   321  0.2220686164558962E-01   4   0 0  0 0  0 0  4 0
   322  0.5915629233463266E-08   4   0 0  0 0  0 3  0 1
   323  0.3173878115263834E-08   4   0 0  0 0  0 2  1 1
   324  0.2548172079900517E-08   4   0 0  0 0  0 1  2 1
   325  0.8683791752493311E-09   4   0 0  0 0  0 0  3 1
   326  -.5688873307330922E-09   4   0 0  0 0  0 2  0 2
   327  0.9872169903540261E-10   4   0 0  0 0  0 1  1 2
   328  0.3166357056175276E-10   4   0 0  0 0  0 0  2 2
   329  -.3701758021353138E-09   4   0 0  0 0  0 1  0 3
   330  -.1707200840583595E-09   4   0 0  0 0  0 0  1 3
   331  -.2123030164397706E-10   4   0 0  0 0  0 0  0 4
   ----------------------------------------------------
     I  COEFFICIENT            ORDER EXPONENTS
     1   1.000000000000000       1   0 0  0 0  0 1  0 0
     --------------------------------------------------
     I  COEFFICIENT            ORDER EXPONENTS
     1   1.000000000000000       1   0 0  0 0  0 0  1 0
     --------------------------------------------------
     I  COEFFICIENT            ORDER EXPONENTS
     1   1.000000000000000       1   0 0  0 0  0 0  0 1
     --------------------------------------------------
