 L    0.1145458000000000E+01
 P (  0.0000000000000000E+00,  0.0000000000000000E+00,  0.9555200000000000E-01)
 A (  0.0000000000000000E+00,  0.0000000000000000E+00,  0.0000000000000000E+00)
     I  COEFFICIENT            ORDER EXPONENTS
     1  0.9513366443038754E-04   0   0 0  0 0  0 0  0 0
     2   1.628227375966484       1   1 0  0 0  0 0  0 0
     3   1.702634462251101       1   0 1  0 0  0 0  0 0
     4  0.1885098210003094E-04   1   0 0  1 0  0 0  0 0
     5  0.1659807068296102E-04   1   0 0  0 1  0 0  0 0
     6  -.9185742612271885E-06   1   0 0  0 0  0 1  0 0
     7  -.9173380872772518E-06   1   0 0  0 0  0 0  1 0
     8  0.1835912350291366E-05   1   0 0  0 0  0 0  0 1
     9  -.1589244156212737       2   2 0  0 0  0 0  0 0
    10  -.2839813394763123       2   1 1  0 0  0 0  0 0
    11  -.1275016426143884       2   0 2  0 0  0 0  0 0
    12  0.6410117030346001E-03   2   1 0  1 0  0 0  0 0
    13  0.1939237880389933E-03   2   0 1  1 0  0 0  0 0
    14  0.1145870367028455       2   0 0  2 0  0 0  0 0
    15  0.6477583606972282E-03   2   1 0  0 1  0 0  0 0
    16  0.2908809702530968E-03   2   0 1  0 1  0 0  0 0
    17  0.2043115359449212       2   0 0  1 1  0 0  0 0
    18  0.9182909818198090E-01   2   0 0  0 2  0 0  0 0
    19  -.3402364367487051       2   1 0  0 0  0 1  0 0
    20  -1.152278148766869       2   0 1  0 0  0 1  0 0
    21  -.1029753694042089E-04   2   0 0  1 0  0 1  0 0
    22  -.1742885600077394E-04   2   0 0  0 1  0 1  0 0
    23  -.3397785625869171       2   1 0  0 0  0 0  1 0
    24  -1.150727467139246       2   0 1  0 0  0 0  1 0
    25  -.1028367900051259E-04   2   0 0  1 0  0 0  1 0
    26  -.1740540106776163E-04   2   0 0  0 1  0 0  1 0
    27  0.6800149993670737       2   1 0  0 0  0 0  0 1
    28  0.6003711536865111       2   0 1  0 0  0 0  0 1
    29  0.2058119432172163E-04   2   0 0  1 0  0 0  0 1
    30  0.1823616555237327E-04   2   0 0  0 1  0 0  0 1
    31  0.4788084776539636E-06   2   0 0  0 0  0 2  0 0
    32  0.4024105229035368E-07   2   0 0  0 0  0 1  1 0
    33  0.4781370424213519E-06   2   0 0  0 0  0 0  2 0
    34  -.7934656966998260E-07   2   0 0  0 0  0 1  0 1
    35  -.7923978879607135E-07   2   0 0  0 0  0 0  1 1
    36  -.8386576738119554E-06   2   0 0  0 0  0 0  0 2
    37   1.915828565586200       3   3 0  0 0  0 0  0 0
    38   8.942409185290405       3   2 1  0 0  0 0  0 0
    39   12.16340990355697       3   1 2  0 0  0 0  0 0
    40   5.951963871682144       3   0 3  0 0  0 0  0 0
    41  -.1225906670847938E-01   3   2 0  1 0  0 0  0 0
    42  -.2157658709686218E-01   3   1 1  1 0  0 0  0 0
    43  -.9510574932470896E-02   3   0 2  1 0  0 0  0 0
    44  -1.648812539151014       3   1 0  2 0  0 0  0 0
    45  0.3538940332484023       3   0 1  2 0  0 0  0 0
    46  0.2964430537211914E-02   3   0 0  3 0  0 0  0 0
    47  -.1110455898068812E-01   3   2 0  0 1  0 0  0 0
    48  -.1969191666200828E-01   3   1 1  0 1  0 0  0 0
    49  -.8738386097068201E-02   3   0 2  0 1  0 0  0 0
    50  -4.703839825335323       3   1 0  1 1  0 0  0 0
    51  -1.520529441369569       3   0 1  1 1  0 0  0 0
    52  0.7889026949444010E-02   3   0 0  2 1  0 0  0 0
    53  -2.207556212709381       3   1 0  0 2  0 0  0 0
    54  -.1772779054014469       3   0 1  0 2  0 0  0 0
    55  0.7067512640775203E-02   3   0 0  1 2  0 0  0 0
    56  0.2140641333444185E-02   3   0 0  0 3  0 0  0 0
    57  0.9890016275440647E-01   3   2 0  0 0  0 1  0 0
    58  0.3182429997306001       3   1 1  0 0  0 1  0 0
    59  0.2063474882661946       3   0 2  0 0  0 1  0 0
    60  -.3681169296459908E-03   3   1 0  1 0  0 1  0 0
    61  -.1907103742129440E-03   3   0 1  1 0  0 1  0 0
    62  -.5351661435355871E-01   3   0 0  2 0  0 1  0 0
    63  -.7640573268416499E-03   3   1 0  0 1  0 1  0 0
    64  -.5026698897630116E-03   3   0 1  0 1  0 1  0 0
    65  -.1969115202560070       3   0 0  1 1  0 1  0 0
    66  -.1341962161095178       3   0 0  0 2  0 1  0 0
    67  0.9876706757637613E-01   3   2 0  0 0  0 0  1 0
    68  0.3178147232998392       3   1 1  0 0  0 0  1 0
    69  0.2060697955413083       3   0 2  0 0  0 0  1 0
    70  -.3676215352308235E-03   3   1 0  1 0  0 0  1 0
    71  -.1904537251791967E-03   3   0 1  1 0  0 0  1 0
    72  -.5344459421611238E-01   3   0 0  2 0  0 0  1 0
    73  -.7630290944999619E-03   3   1 0  0 1  0 0  1 0
    74  -.5019934203153804E-03   3   0 1  0 1  0 0  1 0
    75  -.1966465260121650       3   0 0  1 1  0 0  1 0
    76  -.1340156211663262       3   0 0  0 2  0 0  1 0
    77  -.1976675396072817       3   2 0  0 0  0 0  0 1
    78  -.3520768936070766       3   1 1  0 0  0 0  0 1
    79  -.1574142081438320       3   0 2  0 0  0 0  0 1
    80  0.7349410322063341E-03   3   1 0  1 0  0 0  0 1
    81  0.1864316837029705E-03   3   0 1  1 0  0 0  0 1
    82  0.1069613753038121       3   0 0  2 0  0 0  0 1
    83  0.8784963178123425E-03   3   1 0  0 1  0 0  0 1
    84  0.4220540098045026E-03   3   0 1  0 1  0 0  0 1
    85  0.1892467715468676       3   0 0  1 1  0 0  0 1
    86  0.8455374169473157E-01   3   0 0  0 2  0 0  0 1
    87  0.2685047398518295       3   1 0  0 0  0 2  0 0
    88   1.025461778369528       3   0 1  0 0  0 2  0 0
    89  0.8165440463619376E-05   3   0 0  1 0  0 2  0 0
    90  0.1806327259542070E-04   3   0 0  0 1  0 2  0 0
    91  0.1969655936727272       3   1 0  0 0  0 1  1 0
    92  0.8989848495776658       3   0 1  0 0  0 1  1 0
    93  0.5967076261034540E-05   3   0 0  1 0  0 1  1 0
    94  0.1862277753177650E-04   3   0 0  0 1  0 1  1 0
    95  0.2680108653204788       3   1 0  0 0  0 0  2 0
    96   1.023476854515102       3   0 1  0 0  0 0  2 0
    97  0.8150436693660701E-05   3   0 0  1 0  0 0  2 0
    98  0.1802643306631888E-04   3   0 0  0 1  0 0  2 0
    99  -.3937390788264330       3   1 0  0 0  0 1  0 1
   100  -.6453529581161459       3   0 1  0 0  0 1  0 1
   101  -.1187946074682864E-04   3   0 0  1 0  0 1  0 1
   102  -.1972507829900735E-04   3   0 0  0 1  0 1  0 1
   103  -.3932092033304279       3   1 0  0 0  0 0  1 1
   104  -.6444844725195441       3   0 1  0 0  0 0  1 1
   105  -.1186347392841513E-04   3   0 0  1 0  0 0  1 1
   106  -.1969853321824326E-04   3   0 0  0 1  0 0  1 1
   107  0.5346676289728651E-01   3   1 0  0 0  0 0  0 2
   108  0.4454769986495266E-01   3   0 1  0 0  0 0  0 2
   109  0.1514597387963986E-05   3   0 0  1 0  0 0  0 2
   110  0.1428542244922422E-05   3   0 0  0 1  0 0  0 2
   111  -.2535676105625130E-06   3   0 0  0 0  0 3  0 0
   112  0.1964948960834117E-06   3   0 0  0 0  0 2  1 0
   113  0.1955870755529388E-06   3   0 0  0 0  0 1  2 0
   114  -.2531877907158400E-06   3   0 0  0 0  0 0  3 0
   115  -.3936814648193032E-06   3   0 0  0 0  0 2  0 1
   116  -.8653186862023251E-06   3   0 0  0 0  0 1  1 1
   117  -.3925694143975986E-06   3   0 0  0 0  0 0  2 1
   118  0.9057019961498908E-06   3   0 0  0 0  0 1  0 2
   119  0.9044831450877655E-06   3   0 0  0 0  0 0  1 2
   120  -.4432647429569790E-07   3   0 0  0 0  0 0  0 3
   121  -18.65993061671909       4   4 0  0 0  0 0  0 0
   122  -69.18290599662194       4   3 1  0 0  0 0  0 0
   123  -96.72746439321961       4   2 2  0 0  0 0  0 0
   124  -60.55827670962871       4   1 3  0 0  0 0  0 0
   125  -14.34594965660933       4   0 4  0 0  0 0  0 0
   126  -.8646932613731347E-02   4   3 0  1 0  0 0  0 0
   127  -.2351087887817650E-01   4   2 1  1 0  0 0  0 0
   128  -.2274208626903044E-01   4   1 2  1 0  0 0  0 0
   129  -.7793756778824594E-02   4   0 3  1 0  0 0  0 0
   130   72.41944750356495       4   2 0  2 0  0 0  0 0
   131   128.0428374022595       4   1 1  2 0  0 0  0 0
   132   57.05488966053474       4   0 2  2 0  0 0  0 0
   133  0.6231049649936242E-02   4   1 0  3 0  0 0  0 0
   134  0.5285985504744427E-02   4   0 1  3 0  0 0  0 0
   135  -8.814736744447805       4   0 0  4 0  0 0  0 0
   136  -.7473546705151893E-02   4   3 0  0 1  0 0  0 0
   137  -.1938365599408628E-01   4   2 1  0 1  0 0  0 0
   138  -.1722614134261423E-01   4   1 2  0 1  0 0  0 0
   139  -.5332430141896239E-02   4   0 3  0 1  0 0  0 0
   140   132.4917509324930       4   2 0  1 1  0 0  0 0
   141   236.0038484214479       4   1 1  1 1  0 0  0 0
   142   106.0251815296875       4   0 2  1 1  0 0  0 0
   143  0.1640050010888613E-01   4   1 0  2 1  0 0  0 0
   144  0.1411057806669309E-01   4   0 1  2 1  0 0  0 0
   145  -31.08485341245763       4   0 0  3 1  0 0  0 0
   146   60.89814840990203       4   2 0  0 2  0 0  0 0
   147   109.1479160523302       4   1 1  0 2  0 0  0 0
   148   49.37157845383522       4   0 2  0 2  0 0  0 0
   149  0.1406922578890883E-01   4   1 0  1 2  0 0  0 0
   150  0.1223174828860667E-01   4   0 1  1 2  0 0  0 0
   151  -41.37501753296758       4   0 0  2 2  0 0  0 0
   152  0.4398912706844270E-02   4   1 0  0 3  0 0  0 0
   153  0.3814619514323173E-02   4   0 1  0 3  0 0  0 0
   154  -24.53951342691339       4   0 0  1 3  0 0  0 0
   155  -5.449932207810271       4   0 0  0 4  0 0  0 0
   156  -3.125329293264587       4   3 0  0 0  0 1  0 0
   157  -16.26778060352263       4   2 1  0 0  0 1  0 0
   158  -26.19401818961560       4   1 2  0 0  0 1  0 0
   159  -14.42729450112699       4   0 3  0 0  0 1  0 0
   160  0.1336808112268280E-02   4   2 0  1 0  0 1  0 0
   161  0.1179526160816084E-01   4   1 1  1 0  0 1  0 0
   162  0.9263172373785374E-02   4   0 2  1 0  0 1  0 0
   163  0.8866592383424950       4   1 0  2 0  0 1  0 0
   164  -.5744398856842788       4   0 1  2 0  0 1  0 0
   165  -.4236832153048050E-03   4   0 0  3 0  0 1  0 0
   166  0.5959877123060296E-02   4   2 0  0 1  0 1  0 0
   167  0.1904532872341175E-01   4   1 1  0 1  0 1  0 0
   168  0.1211680049183169E-01   4   0 2  0 1  0 1  0 0
   169   5.760644338850660       4   1 0  1 1  0 1  0 0
   170   2.765566030804557       4   0 1  1 1  0 1  0 0
   171  -.4669607688003138E-02   4   0 0  2 1  0 1  0 0
   172   4.156923247076374       4   1 0  0 2  0 1  0 0
   173   1.197440487660755       4   0 1  0 2  0 1  0 0
   174  -.7330600279061253E-02   4   0 0  1 2  0 1  0 0
   175  -.3174000515100193E-02   4   0 0  0 3  0 1  0 0
   176  -3.121123372393393       4   3 0  0 0  0 0  1 0
   177  -16.24588819106047       4   2 1  0 0  0 0  1 0
   178  -26.15876751441743       4   1 2  0 0  0 0  1 0
   179  -14.40787892812223       4   0 3  0 0  0 0  1 0
   180  0.1335009098912372E-02   4   2 0  1 0  0 0  1 0
   181  0.1177938810097998E-01   4   1 1  1 0  0 0  1 0
   182  0.9250706432962920E-02   4   0 2  1 0  0 0  1 0
   183  0.8854660141263362       4   1 0  2 0  0 0  1 0
   184  -.5736668315585388       4   0 1  2 0  0 0  1 0
   185  -.4231130424011460E-03   4   0 0  3 0  0 0  1 0
   186  0.5951856601307354E-02   4   2 0  0 1  0 0  1 0
   187  0.1901969841759103E-01   4   1 1  0 1  0 0  1 0
   188  0.1210049427277481E-01   4   0 2  0 1  0 0  1 0
   189   5.752891935189203       4   1 0  1 1  0 0  1 0
   190   2.761844262376911       4   0 1  1 1  0 0  1 0
   191  -.4663323550047610E-02   4   0 0  2 1  0 0  1 0
   192   4.151329055679469       4   1 0  0 2  0 0  1 0
   193   1.195829028685882       4   0 1  0 2  0 0  1 0
   194  -.7320735102684914E-02   4   0 0  1 2  0 0  1 0
   195  -.3169729094792432E-02   4   0 0  0 3  0 0  1 0
   196   6.243983738497612       4   3 0  0 0  0 0  0 1
   197   23.56357034358186       4   2 1  0 0  0 0  0 1
   198   28.01796231070740       4   1 2  0 0  0 0  0 1
   199   10.97649699073338       4   0 3  0 0  0 0  0 1
   200  0.1218548331924497E-02   4   2 0  1 0  0 0  0 1
   201  0.2659319404574288E-02   4   1 1  1 0  0 0  0 1
   202  0.1453445295459137E-02   4   0 2  1 0  0 0  0 1
   203  -1.768248847998844       4   1 0  2 0  0 0  0 1
   204  0.7981167043475668       4   0 1  2 0  0 0  0 1
   205  -.8163871780775035E-04   4   0 0  3 0  0 0  0 1
   206  0.1364595552514910E-02   4   2 0  0 1  0 0  0 1
   207  0.2873884422434318E-02   4   1 1  0 1  0 0  0 1
   208  0.1533521711473846E-02   4   0 2  0 1  0 0  0 1
   209  -6.801663929232806       4   1 0  1 1  0 0  0 1
   210  -2.478216706770699       4   0 1  1 1  0 0  0 1
   211  -.2820726796283679E-03   4   0 0  2 1  0 0  0 1
   212  -3.888956139389649       4   1 0  0 2  0 0  0 1
   213  -1.857178306621726       4   0 1  0 2  0 0  0 1
   214  -.2888126082759386E-03   4   0 0  1 2  0 0  0 1
   215  -.8027311392239373E-04   4   0 0  0 3  0 0  0 1
   216  -.8650472884156943E-01   4   2 0  0 0  0 2  0 0
   217  -.3493639163201538       4   1 1  0 0  0 2  0 0
   218  -.2761592756120922       4   0 2  0 0  0 2  0 0
   219  -.1514297341799342E-03   4   1 0  1 0  0 2  0 0
   220  -.2021072134162215E-04   4   0 1  1 0  0 2  0 0
   221  0.3809327160999487E-01   4   0 0  2 0  0 2  0 0
   222  0.4858926920761551E-03   4   1 0  0 1  0 2  0 0
   223  0.5757509362649955E-03   4   0 1  0 1  0 2  0 0
   224  0.1912413368365745       4   0 0  1 1  0 2  0 0
   225  0.1640796987308369       4   0 0  0 2  0 2  0 0
   226  -.7287770302742144E-01   4   2 0  0 0  0 1  1 0
   227  -.3775571790347984       4   1 1  0 0  0 1  1 0
   228  -.3439829583137478       4   0 2  0 0  0 1  1 0
   229  -.2562956502739511E-03   4   1 0  1 0  0 1  1 0
   230  -.6323777808078173E-04   4   0 1  1 0  0 1  1 0
   231  0.2326845250240054E-01   4   0 0  2 0  0 1  1 0
   232  0.5449002709036996E-03   4   1 0  0 1  0 1  1 0
   233  0.7454606588574763E-03   4   0 1  0 1  0 1  1 0
   234  0.1863917362456428       4   0 0  1 1  0 1  1 0
   235  0.1942602313675056       4   0 0  0 2  0 1  1 0
   236  -.8633927716525858E-01   4   2 0  0 0  0 0  2 0
   237  -.3486397094975788       4   1 1  0 0  0 0  2 0
   238  -.2755561754469404       4   0 2  0 0  0 0  2 0
   239  -.1510534918765773E-03   4   1 0  1 0  0 0  2 0
   240  -.2014097149448765E-04   4   0 1  1 0  0 0  2 0
   241  0.3802635068694910E-01   4   0 0  2 0  0 0  2 0
   242  0.4848721500383695E-03   4   1 0  0 1  0 0  2 0
   243  0.5744745148780354E-03   4   0 1  0 1  0 0  2 0
   244  0.1908585546512014       4   0 0  1 1  0 0  2 0
   245  0.1637281748729900       4   0 0  0 2  0 0  2 0
   246  0.1441034016445935       4   2 0  0 0  0 1  0 1
   247  0.4323225547391784       4   1 1  0 0  0 1  0 1
   248  0.2717383002425655       4   0 2  0 0  0 1  0 1
   249  0.4541088728362420E-03   4   1 0  1 0  0 1  0 1
   250  0.3979360811315762E-03   4   0 1  1 0  0 1  0 1
   251  -.4697979704030854E-01   4   0 0  2 0  0 1  0 1
   252  -.1918487715693581E-03   4   1 0  0 1  0 1  0 1
   253  -.1165813978717938E-03   4   0 1  0 1  0 1  0 1
   254  -.1764463661568490       4   0 0  1 1  0 1  0 1
   255  -.1206481740995715       4   0 0  0 2  0 1  0 1
   256  0.1439094740780226       4   2 0  0 0  0 0  1 1
   257  0.4317407554196736       4   1 1  0 0  0 0  1 1
   258  0.2713726076446846       4   0 2  0 0  0 0  1 1
   259  0.4534977545165890E-03   4   1 0  1 0  0 0  1 1
   260  0.3974005575076673E-03   4   0 1  1 0  0 0  1 1
   261  -.4691657384353290E-01   4   0 0  2 0  0 0  1 1
   262  -.1915905905340992E-03   4   1 0  0 1  0 0  1 1
   263  -.1164245081208288E-03   4   0 1  0 1  0 0  1 1
   264  -.1762089129529044       4   0 0  1 1  0 0  1 1
   265  -.1204858114728198       4   0 0  0 2  0 0  1 1
   266  -.4351264726026199E-01   4   2 0  0 0  0 0  0 2
   267  -.7630200372345085E-01   4   1 1  0 0  0 0  0 2
   268  -.3343769591834790E-01   4   0 2  0 0  0 0  0 2
   269  -.4394922831757772E-03   4   1 0  1 0  0 0  0 2
   270  -.4289063764915453E-03   4   0 1  1 0  0 0  0 2
   271  -.5977279636269690E-02   4   0 0  2 0  0 0  0 2
   272  -.3428901642836264E-03   4   1 0  0 1  0 0  0 2
   273  -.3427443116171542E-03   4   0 1  0 1  0 0  0 2
   274  -.1216095172556834E-01   4   0 0  1 1  0 0  0 2
   275  -.5997212342946460E-02   4   0 0  0 2  0 0  0 2
   276  -.2328831944071360       4   1 0  0 0  0 3  0 0
   277  -.9678549205241703       4   0 1  0 0  0 3  0 0
   278  -.1090545554882598E-04   4   0 0  1 0  0 3  0 0
   279  -.2298704242114955E-04   4   0 0  0 1  0 3  0 0
   280  -.1616758032278151       4   1 0  0 0  0 2  1 0
   281  -.8526910252687427       4   0 1  0 0  0 2  1 0
   282  -.7243538085957017E-05   4   0 0  1 0  0 2  1 0
   283  -.2264939319132571E-04   4   0 0  0 1  0 2  1 0
   284  -.1618189119096173       4   1 0  0 0  0 1  2 0
   285  -.8529208692312367       4   0 1  0 0  0 1  2 0
   286  -.7250900514368338E-05   4   0 0  1 0  0 1  2 0
   287  -.2265001233390463E-04   4   0 0  0 1  0 1  2 0
   288  -.2323044484128033       4   1 0  0 0  0 0  3 0
   289  -.9653281978311290       4   0 1  0 0  0 0  3 0
   290  -.1087857404305152E-04   4   0 0  1 0  0 0  3 0
   291  -.2292542039827582E-04   4   0 0  0 1  0 0  3 0
   292  0.3232979839541271       4   1 0  0 0  0 2  0 1
   293  0.6798499785546613       4   0 1  0 0  0 2  0 1
   294  0.1325151881563076E-04   4   0 0  1 0  0 2  0 1
   295  0.2480284500684592E-04   4   0 0  0 1  0 2  0 1
   296  0.2530391315728055       4   1 0  0 0  0 1  1 1
   297  0.7142464005606265       4   0 1  0 0  0 1  1 1
   298  0.9657542363041347E-05   4   0 0  1 0  0 1  1 1
   299  0.2464426488232074E-04   4   0 0  0 1  0 1  1 1
   300  0.3226926406948575       4   1 0  0 0  0 0  2 1
   301  0.6784544689214423       4   0 1  0 0  0 0  2 1
   302  0.1322718721344730E-04   4   0 0  1 0  0 0  2 1
   303  0.2475288396183613E-04   4   0 0  0 1  0 0  2 1
   304  -.5606793422503098E-01   4   1 0  0 0  0 1  0 2
   305  -.6893274049532183E-01   4   0 1  0 0  0 1  0 2
   306  -.5860897288262004E-06   4   0 0  1 0  0 1  0 2
   307  -.1135091383144203E-05   4   0 0  0 1  0 1  0 2
   308  -.5599248064154234E-01   4   1 0  0 0  0 0  1 2
   309  -.6883997406185174E-01   4   0 1  0 0  0 0  1 2
   310  -.5853009968906385E-06   4   0 0  1 0  0 0  1 2
   311  -.1133563830655803E-05   4   0 0  0 1  0 0  1 2
   312  0.1708177921411254E-02   4   1 0  0 0  0 0  0 3
   313  0.1375857801275952E-02   4   0 1  0 0  0 0  0 3
   314  0.1092709219527782E-06   4   0 0  1 0  0 0  0 3
   315  0.8825947206537611E-07   4   0 0  0 1  0 0  0 3
   316  -.3382267996679732E-04   4   0 0  0 0  0 4  0 0
   317  -.2327674541155922E-04   4   0 0  0 0  0 3  1 0
   318  -.2188589176964620E-04   4   0 0  0 0  0 2  2 0
   319  -.2330685801339882E-04   4   0 0  0 0  0 1  3 0
   320  -.3371604531832757E-04   4   0 0  0 0  0 0  4 0
   321  0.9193937745218342E-05   4   0 0  0 0  0 3  0 1
   322  0.9679256196209492E-05   4   0 0  0 0  0 2  1 1
   323  0.9678251542128660E-05   4   0 0  0 0  0 1  2 1
   324  0.9168874425640624E-05   4   0 0  0 0  0 0  3 1
   325  -.7090234662717709E-06   4   0 0  0 0  0 2  0 2
   326  -.8833039619144488E-06   4   0 0  0 0  0 1  1 2
   327  -.7074749414843456E-06   4   0 0  0 0  0 0  2 2
   328  0.1878876651104788E-07   4   0 0  0 0  0 1  0 3
   329  0.1876348147456121E-07   4   0 0  0 0  0 0  1 3
   330  -.6154190995633588E-14   4   0 0  0 0  0 0  0 4
   ----------------------------------------------------
     I  COEFFICIENT            ORDER EXPONENTS
     1  0.4423064643468653E-04   0   0 0  0 0  0 0  0 0
     2   2.970776263608926       1   1 0  0 0  0 0  0 0
     3   3.720700275246435       1   0 1  0 0  0 0  0 0
     4  0.8494258108942118E-04   1   0 0  1 0  0 0  0 0
     5  0.7819720890759364E-04   1   0 0  0 1  0 0  0 0
     6  0.1970937399426812E-05   1   0 0  0 0  0 1  0 0
     7  0.1968285004762045E-05   1   0 0  0 0  0 0  1 0
     8  0.4029142403907490E-04   1   0 0  0 0  0 0  0 1
     9  -.7973458970347812       2   2 0  0 0  0 0  0 0
    10  -1.459379707088853       2   1 1  0 0  0 0  0 0
    11  -.6712018440533321       2   0 2  0 0  0 0  0 0
    12  0.3523312989765997E-02   2   1 0  1 0  0 0  0 0
    13  0.2572594415167492E-02   2   0 1  1 0  0 0  0 0
    14  0.5090382217478416       2   0 0  2 0  0 0  0 0
    15  0.3224467446469733E-02   2   1 0  0 1  0 0  0 0
    16  0.2421628404537894E-02   2   0 1  0 1  0 0  0 0
    17  0.9319968430356029       2   0 0  1 1  0 0  0 0
    18  0.4309646768794903       2   0 0  0 2  0 0  0 0
    19  -.1824390428363641       2   1 0  0 0  0 1  0 0
    20  -1.515678834200898       2   0 1  0 0  0 1  0 0
    21  -.4893252474376074E-05   2   0 0  1 0  0 1  0 0
    22  -.4389543619706837E-04   2   0 0  0 1  0 1  0 0
    23  -.1821935249705688       2   1 0  0 0  0 0  1 0
    24  -1.513639105057298       2   0 1  0 0  0 0  1 0
    25  -.4886667365807067E-05   2   0 0  1 0  0 0  1 0
    26  -.4383636378775459E-04   2   0 0  0 1  0 0  1 0
    27   3.335408831584819       2   1 0  0 0  0 0  0 1
    28   3.029317939427410       2   0 1  0 0  0 0  0 1
    29  0.9472235152151406E-04   2   0 0  1 0  0 0  0 1
    30  0.8773165233977374E-04   2   0 0  0 1  0 0  0 1
    31  -.1564564024338493E-05   2   0 0  0 0  0 2  0 0
    32  -.1159276719280467E-05   2   0 0  0 0  0 1  1 0
    33  -.1561678457821721E-05   2   0 0  0 0  0 0  2 0
    34  0.4288404470571978E-05   2   0 0  0 0  0 1  0 1
    35  0.4282633337940867E-05   2   0 0  0 0  0 0  1 1
    36  -.4285518666729766E-05   2   0 0  0 0  0 0  0 2
    37  -13.62641421572522       3   3 0  0 0  0 0  0 0
    38  -39.57197854685853       3   2 1  0 0  0 0  0 0
    39  -39.62829860894681       3   1 2  0 0  0 0  0 0
    40  -12.22026631669354       3   0 3  0 0  0 0  0 0
    41  -.6089090043841115E-01   3   2 0  1 0  0 0  0 0
    42  -.1104030186216541       3   1 1  1 0  0 0  0 0
    43  -.5029184160064264E-01   3   0 2  1 0  0 0  0 0
    44  -17.06073874389119       3   1 0  2 0  0 0  0 0
    45  -13.43037749097216       3   0 1  2 0  0 0  0 0
    46  0.1289263485796532E-01   3   0 0  3 0  0 0  0 0
    47  -.5760781925713923E-01   3   2 0  0 1  0 0  0 0
    48  -.1054080786519545       3   1 1  0 1  0 0  0 0
    49  -.4841034566648481E-01   3   0 2  0 1  0 0  0 0
    50  -36.43589346580762       3   1 0  1 1  0 0  0 0
    51  -30.13285176170293       3   0 1  1 1  0 0  0 0
    52  0.3510105610073839E-01   3   0 0  2 1  0 0  0 0
    53  -17.18373304828427       3   1 0  0 2  0 0  0 0
    54  -13.25094177130330       3   0 1  0 2  0 0  0 0
    55  0.3218030921994866E-01   3   0 0  1 2  0 0  0 0
    56  0.9977637270486311E-02   3   0 0  0 3  0 0  0 0
    57  0.1353161692494485       3   2 0  0 0  0 1  0 0
    58  0.9711839088069132       3   1 1  0 0  0 1  0 0
    59  0.7789095977448195       3   0 2  0 0  0 1  0 0
    60  -.1395040983891499E-02   3   1 0  1 0  0 1  0 0
    61  -.2345757290027533E-02   3   0 1  1 0  0 1  0 0
    62  0.1863772354873653E-01   3   0 0  2 0  0 1  0 0
    63  -.3105884273289121E-02   3   1 0  0 1  0 1  0 0
    64  -.3623550469396615E-02   3   0 1  0 1  0 1  0 0
    65  -.4267379864011707       3   0 0  1 1  0 1  0 0
    66  -.4111271880273440       3   0 0  0 2  0 1  0 0
    67  0.1351340671261061       3   2 0  0 0  0 0  1 0
    68  0.9698769352727618       3   1 1  0 0  0 0  1 0
    69  0.7778613779169182       3   0 2  0 0  0 0  1 0
    70  -.1393163603481381E-02   3   1 0  1 0  0 0  1 0
    71  -.2342600480418324E-02   3   0 1  1 0  0 0  1 0
    72  0.1861264177875029E-01   3   0 0  2 0  0 0  1 0
    73  -.3101704520609384E-02   3   1 0  0 1  0 0  1 0
    74  -.3618674065946918E-02   3   0 1  0 1  0 0  1 0
    75  -.4261637025305361       3   0 0  1 1  0 0  1 0
    76  -.4105739124334496       3   0 0  0 2  0 0  1 0
    77  -1.067798815560702       3   2 0  0 0  0 0  0 1
    78  -1.941065358769418       3   1 1  0 0  0 0  0 1
    79  -.8855710288016104       3   0 2  0 0  0 0  0 1
    80  0.6307477295651415E-02   3   1 0  1 0  0 0  0 1
    81  0.4684290665927378E-02   3   0 1  1 0  0 0  0 1
    82  0.4717894496211661       3   0 0  2 0  0 0  0 1
    83  0.6203206731325900E-02   3   1 0  0 1  0 0  0 1
    84  0.4816131198024264E-02   3   0 1  0 1  0 0  0 1
    85  0.8529043727504527       3   0 0  1 1  0 0  0 1
    86  0.3907375457487124       3   0 0  0 2  0 0  0 1
    87  0.1406225719481518       3   1 0  0 0  0 2  0 0
    88   1.216876820998090       3   0 1  0 0  0 2  0 0
    89  0.3358809337635630E-05   3   0 0  1 0  0 2  0 0
    90  0.3498818952442056E-04   3   0 0  0 1  0 2  0 0
    91  0.9891792518088416E-01   3   1 0  0 0  0 1  1 0
    92  0.9188759788933248       3   0 1  0 0  0 1  1 0
    93  0.1815084659719931E-05   3   0 0  1 0  0 1  1 0
    94  0.2610520451213348E-04   3   0 0  0 1  0 1  1 0
    95  0.1403667691772034       3   1 0  0 0  0 0  2 0
    96   1.214620915528176       3   0 1  0 0  0 0  2 0
    97  0.3353067882630269E-05   3   0 0  1 0  0 0  2 0
    98  0.3492353849092578E-04   3   0 0  0 1  0 0  2 0
    99  -.3801623007255989       3   1 0  0 0  0 1  0 1
   100  -1.836950140027193       3   0 1  0 0  0 1  0 1
   101  -.8628610299007067E-05   3   0 0  1 0  0 1  0 1
   102  -.5227613127908960E-04   3   0 0  0 1  0 1  0 1
   103  -.3796506962177109       3   1 0  0 0  0 0  1 1
   104  -1.834478059101206       3   0 1  0 0  0 0  1 1
   105  -.8616998321919021E-05   3   0 0  1 0  0 0  1 1
   106  -.5220578052530295E-04   3   0 0  0 1  0 0  1 1
   107  0.3799060540850806       3   1 0  0 0  0 0  0 2
   108  0.3210547607170001       3   0 1  0 0  0 0  0 2
   109  0.8658131207140094E-05   3   0 0  1 0  0 0  0 2
   110  0.8436606160735353E-05   3   0 0  0 1  0 0  0 2
   111  0.1361702689650364E-05   3   0 0  0 0  0 3  0 0
   112  0.9579212382900524E-06   3   0 0  0 0  0 2  1 0
   113  0.9587326241920249E-06   3   0 0  0 0  0 1  2 0
   114  0.1358310223146668E-05   3   0 0  0 0  0 0  3 0
   115  -.3482013554027320E-05   3   0 0  0 0  0 2  0 1
   116  -.2678487444479273E-05   3   0 0  0 0  0 1  1 1
   117  -.3475525333202362E-05   3   0 0  0 0  0 0  2 1
   118  0.2678755137835785E-05   3   0 0  0 0  0 1  0 2
   119  0.2675150195416682E-05   3   0 0  0 0  0 0  1 2
   120  -.3563063669810987E-06   3   0 0  0 0  0 0  0 3
   121  -84.40918606529851       4   4 0  0 0  0 0  0 0
   122  -312.9288974068393       4   3 1  0 0  0 0  0 0
   123  -436.8004191630689       4   2 2  0 0  0 0  0 0
   124  -272.7405518715304       4   1 3  0 0  0 0  0 0
   125  -64.41823123236648       4   0 4  0 0  0 0  0 0
   126  -.4160773674620243E-01   4   3 0  1 0  0 0  0 0
   127  -.1098274747165808       4   2 1  1 0  0 0  0 0
   128  -.9708297786843732E-01   4   1 2  1 0  0 0  0 0
   129  -.2737349379793931E-01   4   0 3  1 0  0 0  0 0
   130   338.2753151579714       4   2 0  2 0  0 0  0 0
   131   608.4395218905780       4   1 1  2 0  0 0  0 0
   132   275.0120687018068       4   0 2  2 0  0 0  0 0
   133  0.3213110536412232E-01   4   1 0  3 0  0 0  0 0
   134  0.3099632740196614E-01   4   0 1  3 0  0 0  0 0
   135  -38.61062606206154       4   0 0  4 0  0 0  0 0
   136  -.3918899474967248E-01   4   3 0  0 1  0 0  0 0
   137  -.1048494329952550       4   2 1  0 1  0 0  0 0
   138  -.9247916442490409E-01   4   1 2  0 1  0 0  0 0
   139  -.2583951277793210E-01   4   0 3  0 1  0 0  0 0
   140   634.9507012056812       4   2 0  1 1  0 0  0 0
   141   1150.743645125732       4   1 1  1 1  0 0  0 0
   142   524.4926716734318       4   0 2  1 1  0 0  0 0
   143  0.9313384268826455E-01   4   1 0  2 1  0 0  0 0
   144  0.9004470630078190E-01   4   0 1  2 1  0 0  0 0
   145  -139.1848993618891       4   0 0  3 1  0 0  0 0
   146   300.1321499196188       4   2 0  0 2  0 0  0 0
   147   547.2986856604638       4   1 1  0 2  0 0  0 0
   148   251.1557639409099       4   0 2  0 2  0 0  0 0
   149  0.9001501502595124E-01   4   1 0  1 2  0 0  0 0
   150  0.8825558314714377E-01   4   0 1  1 2  0 0  0 0
   151  -189.9234072355350       4   0 0  2 2  0 0  0 0
   152  0.3053548243486549E-01   4   1 0  0 3  0 0  0 0
   153  0.3030668443386535E-01   4   0 1  0 3  0 0  0 0
   154  -115.8490839068548       4   0 0  1 3  0 0  0 0
   155  -26.55522932771550       4   0 0  0 4  0 0  0 0
   156   10.70618508546874       4   3 0  0 0  0 1  0 0
   157   50.34517431841202       4   2 1  0 0  0 1  0 0
   158   68.72087735501491       4   1 2  0 0  0 1  0 0
   159   27.48783551129937       4   0 3  0 0  0 1  0 0
   160  -.5519689992220354E-02   4   2 0  1 0  0 1  0 0
   161  0.3814215598931688E-01   4   1 1  1 0  0 1  0 0
   162  0.3906712739166638E-01   4   0 2  1 0  0 1  0 0
   163   5.692041798960691       4   1 0  2 0  0 1  0 0
   164   10.57386219491291       4   0 1  2 0  0 1  0 0
   165  0.1136798808055627E-02   4   0 0  3 0  0 1  0 0
   166  0.1875351266376281E-01   4   2 0  0 1  0 1  0 0
   167  0.7966373946758447E-01   4   1 1  0 1  0 1  0 0
   168  0.5718556368446110E-01   4   0 2  0 1  0 1  0 0
   169   31.90023387768563       4   1 0  1 1  0 1  0 0
   170   40.53006839912919       4   0 1  1 1  0 1  0 0
   171  -.1198420937967408E-01   4   0 0  2 1  0 1  0 0
   172   24.64993564661783       4   1 0  0 2  0 1  0 0
   173   25.82496809315995       4   0 1  0 2  0 1  0 0
   174  -.2453265695235974E-01   4   0 0  1 2  0 1  0 0
   175  -.1174444110556248E-01   4   0 0  0 3  0 1  0 0
   176   10.69177720614578       4   3 0  0 0  0 0  1 0
   177   50.27742215550004       4   2 1  0 0  0 0  1 0
   178   68.62839603697320       4   1 2  0 0  0 0  1 0
   179   27.45084367772511       4   0 3  0 0  0 0  1 0
   180  -.5512261853562794E-02   4   2 0  1 0  0 0  1 0
   181  0.3809082607336393E-01   4   1 1  1 0  0 0  1 0
   182  0.3901455269279262E-01   4   0 2  1 0  0 0  1 0
   183   5.684381717364284       4   1 0  2 0  0 0  1 0
   184   10.55963238949986       4   0 1  2 0  0 0  1 0
   185  0.1135268957795216E-02   4   0 0  3 0  0 0  1 0
   186  0.1872827507024232E-01   4   2 0  0 1  0 0  1 0
   187  0.7955653176143100E-01   4   1 1  0 1  0 0  1 0
   188  0.5710860604791683E-01   4   0 2  0 1  0 0  1 0
   189   31.85730404633897       4   1 0  1 1  0 0  1 0
   190   40.47552494319357       4   0 1  1 1  0 0  1 0
   191  -.1196808159548715E-01   4   0 0  2 1  0 0  1 0
   192   24.61676292493583       4   1 0  0 2  0 0  1 0
   193   25.79021406818877       4   0 1  0 2  0 0  1 0
   194  -.2449964205881732E-01   4   0 0  1 2  0 0  1 0
   195  -.1172863599021894E-01   4   0 0  0 3  0 0  1 0
   196  -35.03383132561125       4   3 0  0 0  0 0  0 1
   197  -100.6526178134190       4   2 1  0 0  0 0  0 1
   198  -97.75291439047109       4   1 2  0 0  0 0  0 1
   199  -30.50952223222471       4   0 3  0 0  0 0  0 1
   200  0.2018165101726760E-03   4   2 0  1 0  0 0  0 1
   201  0.5120705461766430E-03   4   1 1  1 0  0 0  0 1
   202  0.3123117335920335E-03   4   0 2  1 0  0 0  0 1
   203  -28.41821378875776       4   1 0  2 0  0 0  0 1
   204  -21.11481471784588       4   0 1  2 0  0 0  0 1
   205  -.8087105000063706E-03   4   0 0  3 0  0 0  0 1
   206  0.4406869091506325E-03   4   2 0  0 1  0 0  0 1
   207  0.7527332702615675E-03   4   1 1  0 1  0 0  0 1
   208  0.3806852084573878E-03   4   0 2  0 1  0 0  0 1
   209  -63.71710595914667       4   1 0  1 1  0 0  0 1
   210  -50.83219574404658       4   0 1  1 1  0 0  0 1
   211  -.2460492710162783E-02   4   0 0  2 1  0 0  0 1
   212  -32.06110538628654       4   1 0  0 2  0 0  0 1
   213  -25.09108890468909       4   0 1  0 2  0 0  0 1
   214  -.2454193450044595E-02   4   0 0  1 2  0 0  0 1
   215  -.7565286427834624E-03   4   0 0  0 3  0 0  0 1
   216  -.1079101727851428       4   2 0  0 0  0 2  0 0
   217  -.8579373532527799       4   1 1  0 0  0 2  0 0
   218  -.8625203777185477       4   0 2  0 0  0 2  0 0
   219  -.7018317743393323E-03   4   1 0  1 0  0 2  0 0
   220  0.7483947640058980E-03   4   0 1  1 0  0 2  0 0
   221  -.1115800005173558E-01   4   0 0  2 0  0 2  0 0
   222  0.1187907089858380E-02   4   1 0  0 1  0 2  0 0
   223  0.2812756673715760E-02   4   0 1  0 1  0 2  0 0
   224  0.3057629204211297       4   0 0  1 1  0 2  0 0
   225  0.3985916371575944       4   0 0  0 2  0 2  0 0
   226  -.8274134140337175E-01   4   2 0  0 0  0 1  1 0
   227  -.7503747990664914       4   1 1  0 0  0 1  1 0
   228  -.9488632197228932       4   0 2  0 0  0 1  1 0
   229  -.8419268285824600E-03   4   1 0  1 0  0 1  1 0
   230  0.8274891002734632E-03   4   0 1  1 0  0 1  1 0
   231  -.3241185438483213E-02   4   0 0  2 0  0 1  1 0
   232  0.1294276039132434E-02   4   1 0  0 1  0 1  1 0
   233  0.3773100489377014E-02   4   0 1  0 1  0 1  1 0
   234  0.1854000269703862       4   0 0  1 1  0 1  1 0
   235  0.3861155115180584       4   0 0  0 2  0 1  1 0
   236  -.1077092776613417       4   2 0  0 0  0 0  2 0
   237  -.8562778720756424       4   1 1  0 0  0 0  2 0
   238  -.8607211707420332       4   0 2  0 0  0 0  2 0
   239  -.7003207694899776E-03   4   1 0  1 0  0 0  2 0
   240  0.7468308116866540E-03   4   0 1  1 0  0 0  2 0
   241  -.1114080322381846E-01   4   0 0  2 0  0 0  2 0
   242  0.1185437572632797E-02   4   1 0  0 1  0 0  2 0
   243  0.2806432567935633E-02   4   0 1  0 1  0 0  2 0
   244  0.3052266877835864       4   0 0  1 1  0 0  2 0
   245  0.3977954232880773       4   0 0  0 2  0 0  2 0
   246  0.3016298105648320       4   2 0  0 0  0 1  0 1
   247   1.504289519704101       4   1 1  0 0  0 1  0 1
   248   1.121706612660452       4   0 2  0 0  0 1  0 1
   249  0.1128557304848663E-02   4   1 0  1 0  0 1  0 1
   250  -.1214255069263980E-02   4   0 1  1 0  0 1  0 1
   251  0.2525840791732652E-01   4   0 0  2 0  0 1  0 1
   252  -.1700501844776424E-02   4   1 0  0 1  0 1  0 1
   253  -.3387934084225711E-02   4   0 1  0 1  0 1  0 1
   254  -.3695205126685808       4   0 0  1 1  0 1  0 1
   255  -.3606122342734556       4   0 0  0 2  0 1  0 1
   256  0.3012238913811076       4   2 0  0 0  0 0  1 1
   257   1.502265117763215       4   1 1  0 0  0 0  1 1
   258   1.120197072765345       4   0 2  0 0  0 0  1 1
   259  0.1127038545614860E-02   4   1 0  1 0  0 0  1 1
   260  -.1212620982017622E-02   4   0 1  1 0  0 0  1 1
   261  0.2522441634233914E-01   4   0 0  2 0  0 0  1 1
   262  -.1698213389535599E-02   4   1 0  0 1  0 0  1 1
   263  -.3383374762202961E-02   4   0 1  0 1  0 0  1 1
   264  -.3690232293775295       4   0 0  1 1  0 0  1 1
   265  -.3601269393236362       4   0 0  0 2  0 0  1 1
   266  -.3044941366869381       4   2 0  0 0  0 0  0 2
   267  -.5401302697935618       4   1 1  0 0  0 0  0 2
   268  -.2394176910288822       4   0 2  0 0  0 0  0 2
   269  -.1275297417256541E-04   4   1 0  1 0  0 0  0 2
   270  -.5691565343481831E-04   4   0 1  1 0  0 0  0 2
   271  -.2494224591346564E-01   4   0 0  2 0  0 0  0 2
   272  -.1164464630132178E-04   4   1 0  0 1  0 0  0 2
   273  -.4673980459083133E-04   4   0 1  0 1  0 0  0 2
   274  -.5735323493060395E-01   4   0 0  1 1  0 0  0 2
   275  -.3063632090427362E-01   4   0 0  0 2  0 0  0 2
   276  -.1197978673395101       4   1 0  0 0  0 3  0 0
   277  -1.069198794796094       4   0 1  0 0  0 3  0 0
   278  -.4580391773045926E-05   4   0 0  1 0  0 3  0 0
   279  -.3633672165893437E-04   4   0 0  0 1  0 3  0 0
   280  -.7811435607647312E-01   4   1 0  0 0  0 2  1 0
   281  -.7739701798445133       4   0 1  0 0  0 2  1 0
   282  -.2320394132038417E-05   4   0 0  1 0  0 2  1 0
   283  -.2526433162332505E-04   4   0 0  0 1  0 2  1 0
   284  -.7819817419391481E-01   4   1 0  0 0  0 1  2 0
   285  -.7745632324190703       4   0 1  0 0  0 1  2 0
   286  -.2324943786528298E-05   4   0 0  1 0  0 1  2 0
   287  -.2528658396288175E-04   4   0 0  0 1  0 1  2 0
   288  -.1195035494245505       4   1 0  0 0  0 0  3 0
   289  -1.066520394629985       4   0 1  0 0  0 0  3 0
   290  -.4569586428197556E-05   4   0 0  1 0  0 0  3 0
   291  -.3624639443601570E-04   4   0 0  0 1  0 0  3 0
   292  0.2968174479212452       4   1 0  0 0  0 2  0 1
   293   1.547728509628188       4   0 1  0 0  0 2  0 1
   294  0.6253358722628270E-05   4   0 0  1 0  0 2  0 1
   295  0.4660576703633198E-04   4   0 0  0 1  0 2  0 1
   296  0.2136503073073145       4   1 0  0 0  0 1  1 1
   297   1.259236412189852       4   0 1  0 0  0 1  1 1
   298  0.3777390415753399E-05   4   0 0  1 0  0 1  1 1
   299  0.3615058293612382E-04   4   0 0  0 1  0 1  1 1
   300  0.2962742447310743       4   1 0  0 0  0 0  2 1
   301   1.544798339032975       4   0 1  0 0  0 0  2 1
   302  0.6242401530170733E-05   4   0 0  1 0  0 0  2 1
   303  0.4651872231610988E-04   4   0 0  0 1  0 0  2 1
   304  -.2135072935620061       4   1 0  0 0  0 1  0 2
   305  -.3403374171815799       4   0 1  0 0  0 1  0 2
   306  -.1764190125757576E-05   4   0 0  1 0  0 1  0 2
   307  -.4833906300521220E-05   4   0 0  0 1  0 1  0 2
   308  -.2132199655085839       4   1 0  0 0  0 0  1 2
   309  -.3398794071250869       4   0 1  0 0  0 0  1 2
   310  -.1761815961829826E-05   4   0 0  1 0  0 0  1 2
   311  -.4827401057236170E-05   4   0 0  0 1  0 0  1 2
   312  0.1559952951884105E-01   4   1 0  0 0  0 0  0 3
   313  0.1269576202617918E-01   4   0 1  0 0  0 0  0 3
   314  0.9877829821894808E-06   4   0 0  1 0  0 0  0 3
   315  0.8089347065859749E-06   4   0 0  0 1  0 0  0 3
   316  -.3772087430280771E-04   4   0 0  0 0  0 4  0 0
   317  -.2429587674568353E-04   4   0 0  0 0  0 3  1 0
   318  -.2252116777995826E-04   4   0 0  0 0  0 2  2 0
   319  -.2433423989402754E-04   4   0 0  0 0  0 1  3 0
   320  -.3760306663788815E-04   4   0 0  0 0  0 0  4 0
   321  0.4659330434493464E-04   4   0 0  0 0  0 3  0 1
   322  0.3312021594925447E-04   4   0 0  0 0  0 2  1 1
   323  0.3314728654609118E-04   4   0 0  0 0  0 1  2 1
   324  0.4647699397036798E-04   4   0 0  0 0  0 0  3 1
   325  -.4033411626408476E-05   4   0 0  0 0  0 2  0 2
   326  -.4886745971748247E-05   4   0 0  0 0  0 1  1 2
   327  -.4024695474917574E-05   4   0 0  0 0  0 0  2 2
   328  0.4028557238910658E-07   4   0 0  0 0  0 1  0 3
   329  0.4023135796437857E-07   4   0 0  0 0  0 0  1 3
   330  0.1696929547151092E-12   4   0 0  0 0  0 0  0 4
   ----------------------------------------------------
     I  COEFFICIENT            ORDER EXPONENTS
     1  0.1501193969214379E-04   0   0 0  0 0  0 0  0 0
     2  0.1851985142035139E-04   1   1 0  0 0  0 0  0 0
     3  0.1639521107634420E-04   1   0 1  0 0  0 0  0 0
     4  0.4688589114923446       1   0 0  1 0  0 0  0 0
     5  0.6694377529215340       1   0 0  0 1  0 0  0 0
     6  -.2100612232071199E-04   1   0 0  0 0  0 1  0 0
     7  -.2097785327127702E-04   1   0 0  0 0  0 0  1 0
     8  0.4198397559210982E-04   1   0 0  0 0  0 0  0 1
     9  0.5034411352299678E-03   2   2 0  0 0  0 0  0 0
    10  0.9757586798633066E-03   2   1 1  0 0  0 0  0 0
    11  0.5121247153227038E-03   2   0 2  0 0  0 0  0 0
    12  0.2270159660060883       2   1 0  1 0  0 0  0 0
    13  0.2019992489801010       2   0 1  1 0  0 0  0 0
    14  0.7133349250305581E-04   2   0 0  2 0  0 0  0 0
    15  0.2073574728817698       2   1 0  0 1  0 0  0 0
    16  0.1857172426100793       2   0 1  0 1  0 0  0 0
    17  0.1384800469397616E-03   2   0 0  1 1  0 0  0 0
    18  0.1138231185960171E-03   2   0 0  0 2  0 0  0 0
    19  -.1010210408466558E-04   2   1 0  0 0  0 1  0 0
    20  -.1721080761362305E-04   2   0 1  0 0  0 1  0 0
    21  0.2430289059027460       2   0 0  1 0  0 1  0 0
    22  -.1158114316693793       2   0 0  0 1  0 1  0 0
    23  -.1008850914908414E-04   2   1 0  0 0  0 0  1 0
    24  -.1718764611985393E-04   2   0 1  0 0  0 0  1 0
    25  0.2427018490547379       2   0 0  1 0  0 0  1 0
    26  -.1156555781026422       2   0 0  0 1  0 0  1 0
    27  0.2019058560409847E-04   2   1 0  0 0  0 0  0 1
    28  0.1800321548538048E-04   2   0 1  0 0  0 0  0 1
    29  -.4857307549781623       2   0 0  1 0  0 0  0 1
    30  -.4379707431704769       2   0 0  0 1  0 0  0 1
    31  0.1488542148285520E-04   2   0 0  0 0  0 2  0 0
    32  0.8781161038248650E-05   2   0 0  0 0  0 1  1 0
    33  0.1485948074770057E-04   2   0 0  0 0  0 0  2 0
    34  -.1754589338159215E-04   2   0 0  0 0  0 1  0 1
    35  -.1752228094518853E-04   2   0 0  0 0  0 0  1 1
    36  -.3457893553738682E-05   2   0 0  0 0  0 0  0 2
    37  -.4417937096239267E-02   3   3 0  0 0  0 0  0 0
    38  -.1193779132523346E-01   3   2 1  0 0  0 0  0 0
    39  -.1079365822351624E-01   3   1 2  0 0  0 0  0 0
    40  -.3256877303707389E-02   3   0 3  0 0  0 0  0 0
    41  -4.680179554395957       3   2 0  1 0  0 0  0 0
    42  -9.787696383145846       3   1 1  1 0  0 0  0 0
    43  -5.482482883483580       3   0 2  1 0  0 0  0 0
    44  0.8706099003334477E-02   3   1 0  2 0  0 0  0 0
    45  0.7683299080980258E-02   3   0 1  2 0  0 0  0 0
    46  -.8651589667729565       3   0 0  3 0  0 0  0 0
    47  -5.134181533033672       3   2 0  0 1  0 0  0 0
    48  -10.07535658063947       3   1 1  0 1  0 0  0 0
    49  -5.006672346602863       3   0 2  0 1  0 0  0 0
    50  0.1578345484695074E-01   3   1 0  1 1  0 0  0 0
    51  0.1402154979105346E-01   3   0 1  1 1  0 0  0 0
    52  -2.073809146696670       3   0 0  2 1  0 0  0 0
    53  0.7249650313666065E-02   3   1 0  0 2  0 0  0 0
    54  0.6492600254206210E-02   3   0 1  0 2  0 0  0 0
    55  -2.160532966237643       3   0 0  1 2  0 0  0 0
    56  -.5706533679950070       3   0 0  0 3  0 0  0 0
    57  -.5000797873474874E-03   3   2 0  0 0  0 1  0 0
    58  -.1480760408822056E-02   3   1 1  0 0  0 1  0 0
    59  -.1016910115474779E-02   3   0 2  0 0  0 1  0 0
    60  -.1021179193015819       3   1 0  1 0  0 1  0 0
    61  -.1911309010133803       3   0 1  1 0  0 1  0 0
    62  -.2336796426032908E-03   3   0 0  2 0  0 1  0 0
    63  -.1991174090924740       3   1 0  0 1  0 1  0 0
    64  -.2705348074903597       3   0 1  0 1  0 1  0 0
    65  -.3850242418573967E-03   3   0 0  1 1  0 1  0 0
    66  -.2274845781262681E-03   3   0 0  0 2  0 1  0 0
    67  -.4994068035376198E-03   3   2 0  0 0  0 0  1 0
    68  -.1478767671249686E-02   3   1 1  0 0  0 0  1 0
    69  -.1015541605766688E-02   3   0 2  0 0  0 0  1 0
    70  -.1019804938184365       3   1 0  1 0  0 0  1 0
    71  -.1908736860544836       3   0 1  1 0  0 0  1 0
    72  -.2333651675532147E-03   3   0 0  2 0  0 0  1 0
    73  -.1988494462673957       3   1 0  0 1  0 0  1 0
    74  -.2701707344963029       3   0 1  0 1  0 0  1 0
    75  -.3845060943782684E-03   3   0 0  1 1  0 0  1 0
    76  -.2271784401020024E-03   3   0 0  0 2  0 0  1 0
    77  0.9989954271873440E-03   3   2 0  0 0  0 0  0 1
    78  0.1982753250165444E-02   3   1 1  0 0  0 0  0 1
    79  0.1007674383593309E-02   3   0 2  0 0  0 0  0 1
    80  0.2040987490173433       3   1 0  1 0  0 0  0 1
    81  0.1800056080349930       3   0 1  1 0  0 0  0 1
    82  0.4673032983677123E-03   3   0 0  2 0  0 0  0 1
    83  0.1906096535531827       3   1 0  0 1  0 0  0 1
    84  0.1692712733547285       3   0 1  0 1  0 0  0 1
    85  0.6315852733001876E-03   3   0 0  1 1  0 0  0 1
    86  0.2272946822811230E-03   3   0 0  0 2  0 0  0 1
    87  0.8007325475375595E-05   3   1 0  0 0  0 2  0 0
    88  0.1779752920506775E-04   3   0 1  0 0  0 2  0 0
    89  -.1712413331130810       3   0 0  1 0  0 2  0 0
    90  -.1358150304045419E-01   3   0 0  0 1  0 2  0 0
    91  0.5962143449399898E-05   3   1 0  0 0  0 1  1 0
    92  0.1844275327031694E-04   3   0 1  0 0  0 1  1 0
    93  -.9964661640405255E-01   3   0 0  1 0  0 1  1 0
    94  -.1426264470388023       3   0 0  0 1  0 1  1 0
    95  0.7992537808289148E-05   3   1 0  0 0  0 0  2 0
    96  0.1776116843494288E-04   3   0 1  0 0  0 0  2 0
    97  -.1709438347372146       3   0 0  1 0  0 0  2 0
    98  -.1346725571839974E-01   3   0 0  0 1  0 0  2 0
    99  -.1197140813754166E-04   3   1 0  0 0  0 1  0 1
   100  -.1975830232455353E-04   3   0 1  0 0  0 1  0 1
   101  0.1991006030564798       3   0 0  1 0  0 1  0 1
   102  0.4014124737508757       3   0 0  0 1  0 1  0 1
   103  -.1195529758066311E-04   3   1 0  0 0  0 0  1 1
   104  -.1973171253246172E-04   3   0 1  0 0  0 0  1 1
   105  0.1988326628481727       3   0 0  1 0  0 0  1 1
   106  0.4008722717616165       3   0 0  0 1  0 0  1 1
   107  0.1934224968457459E-05   3   1 0  0 0  0 0  0 2
   108  0.1835784177520596E-05   3   0 1  0 0  0 0  0 2
   109  0.4389868087800032E-01   3   0 0  1 0  0 0  0 2
   110  0.3682829343666433E-01   3   0 0  0 1  0 0  0 2
   111  -.1184145615517707E-04   3   0 0  0 0  0 3  0 0
   112  -.5756853377786070E-05   3   0 0  0 0  0 2  1 0
   113  -.5769103767054314E-05   3   0 0  0 0  0 1  2 0
   114  -.1181368422115976E-04   3   0 0  0 0  0 0  3 0
   115  0.1150911862252361E-04   3   0 0  0 0  0 2  0 1
   116  0.5488285728543745E-05   3   0 0  0 0  0 1  1 1
   117  0.1148993725494763E-04   3   0 0  0 0  0 0  2 1
   118  0.3293113558318468E-05   3   0 0  0 0  0 1  0 2
   119  0.3288681841290749E-05   3   0 0  0 0  0 0  1 2
   120  0.1113947745393648E-06   3   0 0  0 0  0 0  0 3
   121  -.1453707399083503E-02   4   4 0  0 0  0 0  0 0
   122  -.4409899540322398E-02   4   3 1  0 0  0 0  0 0
   123  -.4604432172988757E-02   4   2 2  0 0  0 0  0 0
   124  -.1313357004379468E-02   4   1 3  0 0  0 0  0 0
   125  0.3339094029167637E-03   4   0 4  0 0  0 0  0 0
   126   51.61638195883090       4   3 0  1 0  0 0  0 0
   127   140.6815801074052       4   2 1  1 0  0 0  0 0
   128   128.5339756606727       4   1 2  1 0  0 0  0 0
   129   39.45670483015090       4   0 3  1 0  0 0  0 0
   130  0.1191012884488494E-01   4   2 0  2 0  0 0  0 0
   131  0.2296569555342264E-01   4   1 1  2 0  0 0  0 0
   132  0.1161358393800035E-01   4   0 2  2 0  0 0  0 0
   133  -34.34913303084915       4   1 0  3 0  0 0  0 0
   134  -30.15303674652511       4   0 1  3 0  0 0  0 0
   135  -.2320421656839902E-03   4   0 0  4 0  0 0  0 0
   136   47.97354825604199       4   3 0  0 1  0 0  0 0
   137   131.5036213412601       4   2 1  0 1  0 0  0 0
   138   120.9300357467885       4   1 2  0 1  0 0  0 0
   139   37.38561699950164       4   0 3  0 1  0 0  0 0
   140  0.1937710355767783E-01   4   2 0  1 1  0 0  0 0
   141  0.3710246248347755E-01   4   1 1  1 1  0 0  0 0
   142  0.1840265207180866E-01   4   0 2  1 1  0 0  0 0
   143  -93.62070172080948       4   1 0  2 1  0 0  0 0
   144  -82.72605897340259       4   0 1  2 1  0 0  0 0
   145  -.1980368662179869E-02   4   0 0  3 1  0 0  0 0
   146  0.8166573236731711E-02   4   2 0  0 2  0 0  0 0
   147  0.1608686492538258E-01   4   1 1  0 2  0 0  0 0
   148  0.8139864477764330E-02   4   0 2  0 2  0 0  0 0
   149  -85.51128064116588       4   1 0  1 2  0 0  0 0
   150  -75.95922825415978       4   0 1  1 2  0 0  0 0
   151  -.3729663004031880E-02   4   0 0  2 2  0 0  0 0
   152  -26.06857350377196       4   1 0  0 3  0 0  0 0
   153  -23.24750292050927       4   0 1  0 3  0 0  0 0
   154  -.2718283806353438E-02   4   0 0  1 3  0 0  0 0
   155  -.6648328590858889E-03   4   0 0  0 4  0 0  0 0
   156  0.4926216630252176E-03   4   3 0  0 0  0 1  0 0
   157  0.6468017758064225E-02   4   2 1  0 0  0 1  0 0
   158  0.1041118136847574E-01   4   1 2  0 0  0 1  0 0
   159  0.4486413447956287E-02   4   0 3  0 0  0 1  0 0
   160   5.411034631662723       4   2 0  1 0  0 1  0 0
   161   15.89050452322232       4   1 1  1 0  0 1  0 0
   162   11.17347227502113       4   0 2  1 0  0 1  0 0
   163  -.7223774857554385E-03   4   1 0  2 0  0 1  0 0
   164  -.4101284253814942E-02   4   0 1  2 0  0 1  0 0
   165   1.180502898404836       4   0 0  3 0  0 1  0 0
   166   7.767329847258557       4   2 0  0 1  0 1  0 0
   167   20.43920989696262       4   1 1  0 1  0 1  0 0
   168   12.90231247902231       4   0 2  0 1  0 1  0 0
   169  -.8163463792348349E-02   4   1 0  1 1  0 1  0 0
   170  -.1348487385109154E-01   4   0 1  1 1  0 1  0 0
   171   3.504396701936717       4   0 0  2 1  0 1  0 0
   172  -.6893941969796747E-02   4   1 0  0 2  0 1  0 0
   173  -.9030564354752184E-02   4   0 1  0 2  0 1  0 0
   174   3.937196954919250       4   0 0  1 2  0 1  0 0
   175   1.433276831732305       4   0 0  0 3  0 1  0 0
   176  0.4919587160075714E-03   4   3 0  0 0  0 0  1 0
   177  0.6459313404592536E-02   4   2 1  0 0  0 0  1 0
   178  0.1039717049125202E-01   4   1 2  0 0  0 0  1 0
   179  0.4480375844175368E-02   4   0 3  0 0  0 0  1 0
   180   5.403752716268668       4   2 0  1 0  0 0  1 0
   181   15.86911983112853       4   1 1  1 0  0 0  1 0
   182   11.15843554262092       4   0 2  1 0  0 0  1 0
   183  -.7214053441795797E-03   4   1 0  2 0  0 0  1 0
   184  -.4095764938752987E-02   4   0 1  2 0  0 0  1 0
   185   1.178914233239334       4   0 0  3 0  0 0  1 0
   186   7.756876940811698       4   2 0  0 1  0 0  1 0
   187   20.41170377154990       4   1 1  0 1  0 0  1 0
   188   12.88494915495298       4   0 2  0 1  0 0  1 0
   189  -.8152477787507321E-02   4   1 0  1 1  0 0  1 0
   190  -.1346672654338282E-01   4   0 1  1 1  0 0  1 0
   191   3.499680650011738       4   0 0  2 1  0 0  1 0
   192  -.6884664427594025E-02   4   1 0  0 2  0 0  1 0
   193  -.9018411446839316E-02   4   0 1  0 2  0 0  1 0
   194   3.931898460810979       4   0 0  1 2  0 0  1 0
   195   1.431347995320156       4   0 0  0 3  0 0  1 0
   196  0.3537204125340196E-03   4   3 0  0 0  0 0  0 1
   197  0.1198324390406820E-02   4   2 1  0 0  0 0  0 1
   198  0.1321384973195723E-02   4   1 2  0 0  0 0  0 1
   199  0.4865374335856430E-03   4   0 3  0 0  0 0  0 1
   200  -10.81020685012153       4   2 0  1 0  0 0  0 1
   201  -21.96254381553753       4   1 1  1 0  0 0  0 1
   202  -11.36210843713092       4   0 2  1 0  0 0  0 1
   203  -.8326570035979850E-03   4   1 0  2 0  0 0  0 1
   204  -.7808207310645897E-03   4   0 1  2 0  0 0  0 1
   205  -2.360265112186734       4   0 0  3 0  0 0  0 1
   206  -10.38511561874132       4   2 0  0 1  0 0  0 1
   207  -20.69006125776142       4   1 1  0 1  0 0  0 1
   208  -10.76198525072824       4   0 2  0 1  0 0  0 1
   209  -.1722348788870976E-02   4   1 0  1 1  0 0  0 1
   210  -.1619818228856021E-02   4   0 1  1 1  0 0  0 1
   211  -4.932877932466601       4   0 0  2 1  0 0  0 1
   212  -.8237547065939603E-03   4   1 0  0 2  0 0  0 1
   213  -.7679299671595808E-03   4   0 1  0 2  0 0  0 1
   214  -3.550725608335378       4   0 0  1 2  0 0  0 1
   215  -1.153597401721634       4   0 0  0 3  0 0  0 1
   216  0.1119285823848801E-03   4   2 0  0 0  0 2  0 0
   217  0.1023794403510545E-02   4   1 1  0 0  0 2  0 0
   218  0.1047837743719934E-02   4   0 2  0 0  0 2  0 0
   219  0.7096139662241194E-01   4   1 0  1 0  0 2  0 0
   220  0.1834544757431468       4   0 1  1 0  0 2  0 0
   221  0.2355723745014826E-03   4   0 0  2 0  0 2  0 0
   222  0.1930461166887175       4   1 0  0 1  0 2  0 0
   223  0.3305137736582854       4   0 1  0 1  0 2  0 0
   224  0.4217736016647462E-03   4   0 0  1 1  0 2  0 0
   225  0.2414246356732820E-03   4   0 0  0 2  0 2  0 0
   226  0.1474499993432130E-03   4   2 0  0 0  0 1  1 0
   227  0.1427019099645744E-02   4   1 1  0 0  0 1  1 0
   228  0.1535968584011694E-02   4   0 2  0 0  0 1  1 0
   229  0.3942642969702129E-01   4   1 0  1 0  0 1  1 0
   230  0.1750340170330265       4   0 1  1 0  0 1  1 0
   231  0.3060486965630537E-03   4   0 0  2 0  0 1  1 0
   232  0.1865411844399621       4   1 0  0 1  0 1  1 0
   233  0.3896904363246831       4   0 1  0 1  0 1  1 0
   234  0.6979067175772914E-03   4   0 0  1 1  0 1  1 0
   235  0.4073609207611649E-03   4   0 0  0 2  0 1  1 0
   236  0.1116787385436584E-03   4   2 0  0 0  0 0  2 0
   237  0.1021456421726386E-02   4   1 1  0 0  0 0  2 0
   238  0.1045394096000921E-02   4   0 2  0 0  0 0  2 0
   239  0.7083937100364084E-01   4   1 0  1 0  0 0  2 0
   240  0.1830898150900738       4   0 1  1 0  0 0  2 0
   241  0.2350494193458179E-03   4   0 0  2 0  0 0  2 0
   242  0.1926608051555072       4   1 0  0 1  0 0  2 0
   243  0.3298067702864048       4   0 1  0 1  0 0  2 0
   244  0.4207363936443828E-03   4   0 0  1 1  0 0  2 0
   245  0.2408256342121579E-03   4   0 0  0 2  0 0  2 0
   246  -.3828404897140529E-03   4   2 0  0 0  0 1  0 1
   247  -.1670079326498068E-02   4   1 1  0 0  0 1  0 1
   248  -.1279288856560263E-02   4   0 2  0 0  0 1  0 1
   249  -.7836052980874078E-01   4   1 0  1 0  0 1  0 1
   250  -.1578321703096471       4   0 1  1 0  0 1  0 1
   251  -.5923920251302137E-03   4   0 0  2 0  0 1  0 1
   252  -.1734383210816580       4   1 0  0 1  0 1  0 1
   253  -.2375918151530041       4   0 1  0 1  0 1  0 1
   254  -.1204528924043000E-02   4   0 0  1 1  0 1  0 1
   255  -.5061101933027526E-03   4   0 0  0 2  0 1  0 1
   256  -.3823252810256430E-03   4   2 0  0 0  0 0  1 1
   257  -.1667831812448578E-02   4   1 1  0 0  0 0  1 1
   258  -.1277567249907898E-02   4   0 2  0 0  0 0  1 1
   259  -.7825507590072751E-01   4   1 0  1 0  0 0  1 1
   260  -.1576197672132163       4   0 1  1 0  0 0  1 1
   261  -.5915948118612625E-03   4   0 0  2 0  0 0  1 1
   262  -.1732049159630109       4   1 0  0 1  0 0  1 1
   263  -.2372720752854852       4   0 1  0 1  0 0  1 1
   264  -.1202907925784505E-02   4   0 0  1 1  0 0  1 1
   265  -.5054290940567531E-03   4   0 0  0 2  0 0  1 1
   266  0.2181922765543065E-03   4   2 0  0 0  0 0  0 2
   267  0.4518725057105558E-03   4   1 1  0 0  0 0  0 2
   268  0.2291461566411453E-03   4   0 2  0 0  0 0  0 2
   269  -.2438120676727678E-01   4   1 0  1 0  0 0  0 2
   270  -.2316538830930778E-01   4   0 1  1 0  0 0  0 2
   271  0.3772586892612357E-03   4   0 0  2 0  0 0  0 2
   272  -.1795373043591578E-01   4   1 0  0 1  0 0  0 2
   273  -.1741621461528388E-01   4   0 1  0 1  0 0  0 2
   274  0.6351773078811483E-03   4   0 0  1 1  0 0  0 2
   275  0.2583220391597070E-03   4   0 0  0 2  0 0  0 2
   276  -.1148639939789310E-04   4   1 0  0 0  0 3  0 0
   277  -.2329333825403104E-04   4   0 1  0 0  0 3  0 0
   278  0.1355605504104331       4   0 0  1 0  0 3  0 0
   279  0.7377571117479637E-01   4   0 0  0 1  0 3  0 0
   280  -.8177965693159220E-05   4   1 0  0 0  0 2  1 0
   281  -.2329312746560962E-04   4   0 1  0 0  0 2  1 0
   282  0.6424053920707416E-01   4   0 0  1 0  0 2  1 0
   283  0.1940874925226214       4   0 0  0 1  0 2  1 0
   284  -.8184612990718403E-05   4   1 0  0 0  0 1  2 0
   285  -.2329306461290368E-04   4   0 1  0 0  0 1  2 0
   286  0.6438413961133375E-01   4   0 0  1 0  0 1  2 0
   287  0.1938444272174211       4   0 0  0 1  0 1  2 0
   288  -.1145771727437697E-04   4   1 0  0 0  0 0  3 0
   289  -.2323066536299769E-04   4   0 1  0 0  0 0  3 0
   290  0.1352437363020197       4   0 0  1 0  0 0  3 0
   291  0.7349636430289362E-01   4   0 0  0 1  0 0  3 0
   292  0.1437846327487412E-04   4   1 0  0 0  0 2  0 1
   293  0.2570641206746653E-04   4   0 1  0 0  0 2  0 1
   294  -.1284301429412414       4   0 0  1 0  0 2  0 1
   295  -.3746580492844366       4   0 0  0 1  0 2  0 1
   296  0.1131303927792577E-04   4   1 0  0 0  0 1  1 1
   297  0.2611097783646454E-04   4   0 1  0 0  0 1  1 1
   298  -.5794725998643982E-01   4   0 0  1 0  0 1  1 1
   299  -.3479722208225831       4   0 0  0 1  0 1  1 1
   300  0.1435150113914757E-04   4   1 0  0 0  0 0  2 1
   301  0.2565424812795241E-04   4   0 1  0 0  0 0  2 1
   302  -.1282183163618090       4   0 0  1 0  0 0  2 1
   303  -.3739197098310218       4   0 0  0 1  0 0  2 1
   304  -.1135198368924991E-05   4   1 0  0 0  0 1  0 2
   305  -.1783115162772910E-05   4   0 1  0 0  0 1  0 2
   306  -.4170033378298671E-01   4   0 0  1 0  0 1  0 2
   307  -.5347914160762318E-01   4   0 0  0 1  0 1  0 2
   308  -.1133670672460177E-05   4   1 0  0 0  0 0  1 2
   309  -.1780715530422188E-05   4   0 1  0 0  0 0  1 2
   310  -.4164421543905024E-01   4   0 0  1 0  0 0  1 2
   311  -.5340717189923230E-01   4   0 0  0 1  0 0  1 2
   312  0.1092278811805601E-06   4   1 0  0 0  0 0  0 3
   313  0.8818051052050680E-07   4   0 1  0 0  0 0  0 3
   314  -.1485001782134689E-02   4   0 0  1 0  0 0  0 3
   315  -.1200189709388987E-02   4   0 0  0 1  0 0  0 3
   316  0.9960255818258142E-05   4   0 0  0 0  0 4  0 0
   317  0.3719296583369422E-05   4   0 0  0 0  0 3  1 0
   318  0.2904404596629629E-05   4   0 0  0 0  0 2  2 0
   319  0.3737151359246510E-05   4   0 0  0 0  0 1  3 0
   320  0.9930958820945751E-05   4   0 0  0 0  0 0  4 0
   321  -.1121018914060003E-05   4   0 0  0 0  0 3  0 1
   322  0.1908433542985905E-05   4   0 0  0 0  0 2  1 1
   323  0.1902321246803880E-05   4   0 0  0 0  0 1  2 1
   324  -.1120038405617308E-05   4   0 0  0 0  0 0  3 1
   325  -.1207766523722993E-05   4   0 0  0 0  0 2  0 2
   326  -.1387547415639637E-05   4   0 0  0 0  0 1  1 2
   327  -.1205207520495869E-05   4   0 0  0 0  0 0  2 2
   328  -.4700937102582616E-07   4   0 0  0 0  0 1  0 3
   329  -.4694610802977452E-07   4   0 0  0 0  0 0  1 3
   330  -.9218375855673987E-13   4   0 0  0 0  0 0  0 4
   ----------------------------------------------------
     I  COEFFICIENT            ORDER EXPONENTS
     1  0.2082497217546039E-03   0   0 0  0 0  0 0  0 0
     2  0.8468860430719707E-04   1   1 0  0 0  0 0  0 0
     3  0.7844008723462090E-04   1   0 1  0 0  0 0  0 0
     4  -2.300060491880366       1   0 0  1 0  0 0  0 0
     5  -1.151193491638357       1   0 0  0 1  0 0  0 0
     6  0.1235957521645394E-04   1   0 0  0 0  0 1  0 0
     7  0.1234294228261425E-04   1   0 0  0 0  0 0  1 0
     8  0.1835472042539909E-03   1   0 0  0 0  0 0  0 1
     9  0.1619139134508196E-02   2   2 0  0 0  0 0  0 0
    10  0.2924166306039929E-02   2   1 1  0 0  0 0  0 0
    11  0.1391803700696837E-02   2   0 2  0 0  0 0  0 0
    12  0.9697684807385952       2   1 0  1 0  0 0  0 0
    13  0.8875025831290132       2   0 1  1 0  0 0  0 0
    14  0.8613718857328619E-03   2   0 0  2 0  0 0  0 0
    15  0.9248074338225539       2   1 0  0 1  0 0  0 0
    16  0.8520837723748016       2   0 1  0 1  0 0  0 0
    17  0.2128055188270103E-02   2   0 0  1 1  0 0  0 0
    18  0.1129617745273969E-02   2   0 0  0 2  0 0  0 0
    19  -.6464859373981657E-05   2   1 0  0 0  0 1  0 0
    20  -.4547456880145999E-04   2   0 1  0 0  0 1  0 0
    21  -.1537654803389684       2   0 0  1 0  0 1  0 0
    22  0.9452954073990011       2   0 0  0 1  0 1  0 0
    23  -.6456159270914411E-05   2   1 0  0 0  0 0  1 0
    24  -.4541337126990910E-04   2   0 1  0 0  0 0  1 0
    25  -.1535585500022444       2   0 0  1 0  0 0  1 0
    26  0.9440232733899525       2   0 0  0 1  0 0  1 0
    27  0.9760940717971808E-04   2   1 0  0 0  0 0  0 1
    28  0.9088772844970569E-04   2   0 1  0 0  0 0  0 1
    29  -1.992736461638328       2   0 0  1 0  0 0  0 1
    30  -1.889318680896435       2   0 0  0 1  0 0  0 1
    31  -.9012131577536065E-05   2   0 0  0 0  0 2  0 0
    32  -.5673656184461935E-05   2   0 0  0 0  0 1  1 0
    33  -.8996185806130349E-05   2   0 0  0 0  0 0  2 0
    34  0.2369786695358137E-04   2   0 0  0 0  0 1  0 1
    35  0.2366597548107707E-04   2   0 0  0 0  0 0  1 1
    36  -.2368190213026193E-04   2   0 0  0 0  0 0  0 2
    37  -.2198574926004090E-01   3   3 0  0 0  0 0  0 0
    38  -.6173179450462623E-01   3   2 1  0 0  0 0  0 0
    39  -.5800179476334035E-01   3   1 2  0 0  0 0  0 0
    40  -.1819281178936313E-01   3   0 3  0 0  0 0  0 0
    41  -25.79566556791632       3   2 0  1 0  0 0  0 0
    42  -49.64020383614719       3   1 1  1 0  0 0  0 0
    43  -24.63303289229827       3   0 2  1 0  0 0  0 0
    44  0.3591510779215180E-01   3   1 0  2 0  0 0  0 0
    45  0.3250355264909640E-01   3   0 1  2 0  0 0  0 0
    46  -3.535281998772070       3   0 0  3 0  0 0  0 0
    47  -23.15475553800288       3   2 0  0 1  0 0  0 0
    48  -45.51634090740193       3   1 1  0 1  0 0  0 0
    49  -24.08683314607018       3   0 2  0 1  0 0  0 0
    50  0.6766805263747845E-01   3   1 0  1 1  0 0  0 0
    51  0.6158273911129430E-01   3   0 1  1 1  0 0  0 0
    52  -11.35426619685491       3   0 0  2 1  0 0  0 0
    53  0.3222349526165889E-01   3   1 0  0 2  0 0  0 0
    54  0.2953269950801597E-01   3   0 1  0 2  0 0  0 0
    55  -10.71591254540626       3   0 0  1 2  0 0  0 0
    56  -4.072404752750484       3   0 0  0 3  0 0  0 0
    57  -.9635990182416435E-03   3   2 0  0 0  0 1  0 0
    58  -.3310236169051436E-02   3   1 1  0 0  0 1  0 0
    59  -.2256900061992630E-02   3   0 2  0 0  0 1  0 0
    60  0.8184990191825514E-01   3   1 0  1 0  0 1  0 0
    61  -.3651105549947627       3   0 1  1 0  0 1  0 0
    62  -.3431896147092946E-04   3   0 0  2 0  0 1  0 0
    63  -.4016755184181138       3   1 0  0 1  0 1  0 0
    64  -.7925009871512365       3   0 1  0 1  0 1  0 0
    65  -.1215433235692393E-02   3   0 0  1 1  0 1  0 0
    66  -.1247692236988918E-02   3   0 0  0 2  0 1  0 0
    67  -.9623022520957428E-03   3   2 0  0 0  0 0  1 0
    68  -.3305781409221151E-02   3   1 1  0 0  0 0  1 0
    69  -.2253862832253215E-02   3   0 2  0 0  0 0  1 0
    70  0.8173975217770582E-01   3   1 0  1 0  0 0  1 0
    71  -.3646192064169151       3   0 1  1 0  0 0  1 0
    72  -.3427277662997929E-04   3   0 0  2 0  0 0  1 0
    73  -.4011349624357381       3   1 0  0 1  0 0  1 0
    74  -.7914344766720061       3   0 1  0 1  0 0  1 0
    75  -.1213797562925184E-02   3   0 0  1 1  0 0  1 0
    76  -.1246013151578078E-02   3   0 0  0 2  0 0  1 0
    77  0.3542644447503332E-02   3   2 0  0 0  0 0  0 1
    78  0.6610877876712264E-02   3   1 1  0 0  0 0  0 1
    79  0.3116197279649301E-02   3   0 2  0 0  0 0  0 1
    80  0.8061823783908291       3   1 0  1 0  0 0  0 1
    81  0.7297328068445715       3   0 1  1 0  0 0  0 1
    82  0.9312118277226149E-03   3   0 0  2 0  0 0  0 1
    83  0.8028136099037195       3   1 0  0 1  0 0  0 1
    84  0.7318543791346481       3   0 1  0 1  0 0  0 1
    85  0.2431955822976128E-02   3   0 0  1 1  0 0  0 1
    86  0.1365593082697539E-02   3   0 0  0 2  0 0  0 1
    87  0.5036424201417843E-05   3   1 0  0 0  0 2  0 0
    88  0.3723800837183512E-04   3   0 1  0 0  0 2  0 0
    89  0.1119408855890032       3   0 0  1 0  0 2  0 0
    90  -.6459990693043159       3   0 0  0 1  0 2  0 0
    91  0.3873177672735519E-05   3   1 0  0 0  0 1  1 0
    92  0.2934859778887202E-04   3   0 1  0 0  0 1  1 0
    93  0.7022841892109057E-01   3   0 0  1 0  0 1  1 0
    94  -.3475067849628044       3   0 0  0 1  0 1  1 0
    95  0.5027040249100069E-05   3   1 0  0 0  0 0  2 0
    96  0.3716814723529467E-04   3   0 1  0 0  0 0  2 0
    97  0.1117429857725525       3   0 0  1 0  0 0  2 0
    98  -.6448958850748404       3   0 0  0 1  0 0  2 0
    99  -.1439280760312473E-04   3   1 0  0 0  0 1  0 1
   100  -.5901953521049553E-04   3   0 1  0 0  0 1  0 1
   101  -.2941098490922524       3   0 0  1 0  0 1  0 1
   102  0.6942100257072399       3   0 0  0 1  0 1  0 1
   103  -.1437343844096200E-04   3   1 0  0 0  0 0  1 1
   104  -.5894010950150357E-04   3   0 1  0 0  0 0  1 1
   105  -.2937140499182618       3   0 0  1 0  0 0  1 1
   106  0.6932757905716284       3   0 0  0 1  0 0  1 1
   107  0.1474897151022846E-04   3   1 0  0 0  0 0  0 2
   108  0.1395176676009530E-04   3   0 1  0 0  0 0  0 2
   109  0.2939117947854164       3   0 0  1 0  0 0  0 2
   110  0.2509162227455851       3   0 0  0 1  0 0  0 2
   111  0.7340813895787047E-05   3   0 0  0 0  0 3  0 0
   112  0.4003695845554407E-05   3   0 0  0 0  0 2  1 0
   113  0.4010412307972507E-05   3   0 0  0 0  0 1  2 0
   114  0.7323305155518785E-05   3   0 0  0 0  0 0  3 0
   115  -.1701819282833223E-04   3   0 0  0 0  0 2  0 1
   116  -.1035790011409944E-04   3   0 0  0 0  0 1  1 1
   117  -.1698832095955218E-04   3   0 0  0 0  0 0  2 1
   118  0.1034998009209602E-04   3   0 0  0 0  0 1  0 2
   119  0.1033605157666576E-04   3   0 0  0 0  0 0  1 2
   120  0.9990592592315532E-06   3   0 0  0 0  0 0  0 3
   121  -.7032703295232077E-02   4   4 0  0 0  0 0  0 0
   122  -.2579593393802218E-01   4   3 1  0 0  0 0  0 0
   123  -.3597419474939363E-01   4   2 2  0 0  0 0  0 0
   124  -.2144723392430473E-01   4   1 3  0 0  0 0  0 0
   125  -.4393963879472417E-02   4   0 4  0 0  0 0  0 0
   126   239.7927095179812       4   3 0  1 0  0 0  0 0
   127   668.0943699375617       4   2 1  1 0  0 0  0 0
   128   623.0853760255765       4   1 2  1 0  0 0  0 0
   129   194.9194633845989       4   0 3  1 0  0 0  0 0
   130  0.4642296343053447E-01   4   2 0  2 0  0 0  0 0
   131  0.9125602586773995E-01   4   1 1  2 0  0 0  0 0
   132  0.4432870539551872E-01   4   0 2  2 0  0 0  0 0
   133  -139.4689096153419       4   1 0  3 0  0 0  0 0
   134  -125.4835883723686       4   0 1  3 0  0 0  0 0
   135  -.7335649462335786E-02   4   0 0  4 0  0 0  0 0
   136   232.1839055931312       4   3 0  0 1  0 0  0 0
   137   651.3122449115310       4   2 1  0 1  0 0  0 0
   138   611.8922836073458       4   1 2  0 1  0 0  0 0
   139   192.8964592454356       4   0 3  0 1  0 0  0 0
   140  0.9695349376118735E-01   4   2 0  1 1  0 0  0 0
   141  0.1913936426211686       4   1 1  1 1  0 0  0 0
   142  0.9482014128476063E-01   4   0 2  1 1  0 0  0 0
   143  -390.2428784094919       4   1 0  2 1  0 0  0 0
   144  -353.9950373179998       4   0 1  2 1  0 0  0 0
   145  -.2500032247186479E-01   4   0 0  3 1  0 0  0 0
   146  0.4873040675960071E-01   4   2 0  0 2  0 0  0 0
   147  0.9755631319520765E-01   4   1 1  0 2  0 0  0 0
   148  0.4963913517086747E-01   4   0 2  0 2  0 0  0 0
   149  -367.8359786023620       4   1 0  1 2  0 0  0 0
   150  -335.9535912959559       4   0 1  1 2  0 0  0 0
   151  -.3189903597746781E-01   4   0 0  2 2  0 0  0 0
   152  -116.3445601755479       4   1 0  0 3  0 0  0 0
   153  -106.8357047865311       4   0 1  0 3  0 0  0 0
   154  -.1736001285918401E-01   4   0 0  1 3  0 0  0 0
   155  -.2970547356601264E-02   4   0 0  0 4  0 0  0 0
   156  -.2796746870060254E-02   4   3 0  0 0  0 1  0 0
   157  0.1817692137170869E-01   4   2 1  0 0  0 1  0 0
   158  0.4132203451739309E-01   4   1 2  0 0  0 1  0 0
   159  0.2047736970574585E-01   4   0 3  0 0  0 1  0 0
   160   14.21558851215012       4   2 0  1 0  0 1  0 0
   161   51.35188468173023       4   1 1  1 0  0 1  0 0
   162   36.78016097793812       4   0 2  1 0  0 1  0 0
   163  0.4500683461701123E-02   4   1 0  2 0  0 1  0 0
   164  -.1002106786436753E-01   4   0 1  2 0  0 1  0 0
   165  0.2778148153388791       4   0 0  3 0  0 1  0 0
   166   24.99755653042249       4   2 0  0 1  0 1  0 0
   167   71.02476796039696       4   1 1  0 1  0 1  0 0
   168   47.95728482514001       4   0 2  0 1  0 1  0 0
   169  -.1946807291176010E-01   4   1 0  1 1  0 1  0 0
   170  -.4391165375011784E-01   4   0 1  1 1  0 1  0 0
   171   7.120786274308547       4   0 0  2 1  0 1  0 0
   172  -.2230561196895922E-01   4   1 0  0 2  0 1  0 0
   173  -.3278618972234942E-01   4   0 1  0 2  0 1  0 0
   174   12.71932670125332       4   0 0  1 2  0 1  0 0
   175   6.883068241087762       4   0 0  0 3  0 1  0 0
   176  -.2792983139928647E-02   4   3 0  0 0  0 0  1 0
   177  0.1815245972757528E-01   4   2 1  0 0  0 0  1 0
   178  0.4126642527077967E-01   4   1 2  0 0  0 0  1 0
   179  0.2044981222666086E-01   4   0 3  0 0  0 0  1 0
   180   14.19645784308794       4   2 0  1 0  0 0  1 0
   181   51.28277773545602       4   1 1  1 0  0 0  1 0
   182   36.73066397068290       4   0 2  1 0  0 0  1 0
   183  0.4494626654008224E-02   4   1 0  2 0  0 0  1 0
   184  -.1000758198351222E-01   4   0 1  2 0  0 0  1 0
   185  0.2774409452533567       4   0 0  3 0  0 0  1 0
   186   24.96391599693788       4   2 0  0 1  0 0  1 0
   187   70.92918617495725       4   1 1  0 1  0 0  1 0
   188   47.89274617137087       4   0 2  0 1  0 0  1 0
   189  -.1944187369673395E-01   4   1 0  1 1  0 0  1 0
   190  -.4385255951598547E-01   4   0 1  1 1  0 0  1 0
   191   7.111203455731617       4   0 0  2 1  0 0  1 0
   192  -.2227559412759849E-01   4   1 0  0 2  0 0  1 0
   193  -.3274206761338071E-01   4   0 1  0 2  0 0  1 0
   194   12.70220963081988       4   0 0  1 2  0 0  1 0
   195   6.873805332236681       4   0 0  0 3  0 0  1 0
   196  0.1347659630601287E-02   4   3 0  0 0  0 0  0 1
   197  0.3803151222845923E-02   4   2 1  0 0  0 0  0 1
   198  0.3606949762196430E-02   4   1 2  0 0  0 0  0 1
   199  0.1198744452070063E-02   4   0 3  0 0  0 0  0 1
   200  -54.18756386113629       4   2 0  1 0  0 0  0 1
   201  -102.5916586129271       4   1 1  1 0  0 0  0 1
   202  -48.85475960015683       4   0 2  1 0  0 0  0 1
   203  -.4039950326112400E-02   4   1 0  2 0  0 0  0 1
   204  -.3705692466647179E-02   4   0 1  2 0  0 0  0 1
   205  -4.094444292695103       4   0 0  3 0  0 0  0 1
   206  -49.93794779898541       4   2 0  0 1  0 0  0 1
   207  -96.38719278401457       4   1 1  0 1  0 0  0 1
   208  -47.64928590672739       4   0 2  0 1  0 0  0 1
   209  -.7872313791651027E-02   4   1 0  1 1  0 0  0 1
   210  -.7415209207630079E-02   4   0 1  1 1  0 0  0 1
   211  -14.24448313967737       4   0 0  2 1  0 0  0 1
   212  -.3826873424039049E-02   4   1 0  0 2  0 0  0 1
   213  -.3639162867908768E-02   4   0 1  0 2  0 0  0 1
   214  -14.71920252183222       4   0 0  1 2  0 0  0 1
   215  -5.617050342782879       4   0 0  0 3  0 0  0 1
   216  -.5299294550966039E-03   4   2 0  0 0  0 2  0 0
   217  0.3834160611728304E-03   4   1 1  0 0  0 2  0 0
   218  0.1067551542975183E-02   4   0 2  0 0  0 2  0 0
   219  -.6210735029380743E-01   4   1 0  1 0  0 2  0 0
   220  0.2346704496862408       4   0 1  1 0  0 2  0 0
   221  -.2510891073186711E-03   4   0 0  2 0  0 2  0 0
   222  0.2709072911816925       4   1 0  0 1  0 2  0 0
   223  0.7489178932643490       4   0 1  0 1  0 2  0 0
   224  0.3114150756945783E-03   4   0 0  1 1  0 2  0 0
   225  0.9559016796103108E-03   4   0 0  0 2  0 2  0 0
   226  -.5695939124022654E-03   4   2 0  0 0  0 1  1 0
   227  0.7097500502211778E-03   4   1 1  0 0  0 1  1 0
   228  0.1741436289560300E-02   4   0 2  0 0  0 1  1 0
   229  -.4456066144408526E-01   4   1 0  1 0  0 1  1 0
   230  0.1020200988034380       4   0 1  1 0  0 1  1 0
   231  -.2042834162003973E-03   4   0 0  2 0  0 1  1 0
   232  0.1379350561518151       4   1 0  0 1  0 1  1 0
   233  0.7022928998208101       4   0 1  0 1  0 1  1 0
   234  0.1599160160757826E-03   4   0 0  1 1  0 1  1 0
   235  0.1045713451284811E-02   4   0 0  0 2  0 1  1 0
   236  -.5288330346890055E-03   4   2 0  0 0  0 0  2 0
   237  0.3824225038233614E-03   4   1 1  0 0  0 0  2 0
   238  0.1064943110976888E-02   4   0 2  0 0  0 0  2 0
   239  -.6199378532974958E-01   4   1 0  1 0  0 0  2 0
   240  0.2342859943342241       4   0 1  1 0  0 0  2 0
   241  -.2506137459344713E-03   4   0 0  2 0  0 0  2 0
   242  0.2704499036676811       4   1 0  0 1  0 0  2 0
   243  0.7474374785155415       4   0 1  0 1  0 0  2 0
   244  0.3108883842432676E-03   4   0 0  1 1  0 0  2 0
   245  0.9539116362399903E-03   4   0 0  0 2  0 0  2 0
   246  0.1225478109518648E-02   4   2 0  0 0  0 1  0 1
   247  -.7951239108664517E-04   4   1 1  0 0  0 1  0 1
   248  -.1104024451571345E-02   4   0 2  0 0  0 1  0 1
   249  0.1717210465370760       4   1 0  1 0  0 1  0 1
   250  -.2019746788071288       4   0 1  1 0  0 1  0 1
   251  0.4367822615762953E-03   4   0 0  2 0  0 1  0 1
   252  -.2738470766418715       4   1 0  0 1  0 1  0 1
   253  -.6088188237482428       4   0 1  0 1  0 1  0 1
   254  -.1128267301791908E-03   4   0 0  1 1  0 1  0 1
   255  -.7370674919035471E-03   4   0 0  0 2  0 1  0 1
   256  0.1223828918833640E-02   4   2 0  0 0  0 0  1 1
   257  -.7940538705801092E-04   4   1 1  0 0  0 0  1 1
   258  -.1102538707495287E-02   4   0 2  0 0  0 0  1 1
   259  0.1714899524455795       4   1 0  1 0  0 0  1 1
   260  -.2017028708031265       4   0 1  1 0  0 0  1 1
   261  0.4361944605935009E-03   4   0 0  2 0  0 0  1 1
   262  -.2734785461520925       4   1 0  0 1  0 0  1 1
   263  -.6079995040678794       4   0 1  0 1  0 0  1 1
   264  -.1126748932830586E-03   4   0 0  1 1  0 0  1 1
   265  -.7360755812097305E-03   4   0 0  0 2  0 0  1 1
   266  -.8218560440293036E-03   4   2 0  0 0  0 0  0 2
   267  -.1531839285564626E-02   4   1 1  0 0  0 0  0 2
   268  -.7093269564896853E-03   4   0 2  0 0  0 0  0 2
   269  -.1745473771213197       4   1 0  1 0  0 0  0 2
   270  -.1662407956034242       4   0 1  1 0  0 0  0 2
   271  -.1666092257050339E-03   4   0 0  2 0  0 0  0 2
   272  -.1313097266812523       4   1 0  0 1  0 0  0 2
   273  -.1274724826432324       4   0 1  0 1  0 0  0 2
   274  -.3958320984954275E-03   4   0 0  1 1  0 0  0 2
   275  -.2157783364002338E-03   4   0 0  0 2  0 0  0 2
   276  -.7065274133516743E-05   4   1 0  0 0  0 3  0 0
   277  -.3947289641547015E-04   4   0 1  0 0  0 3  0 0
   278  -.9107140066390519E-01   4   0 0  1 0  0 3  0 0
   279  0.4978075857003348       4   0 0  0 1  0 3  0 0
   280  -.5221094016550279E-05   4   1 0  0 0  0 2  1 0
   281  -.3004021516126987E-04   4   0 1  0 0  0 2  1 0
   282  -.4938307374053730E-01   4   0 0  1 0  0 2  1 0
   283  0.2015902301827941       4   0 0  0 1  0 2  1 0
   284  -.5224797539227093E-05   4   1 0  0 0  0 1  2 0
   285  -.3005914901703565E-04   4   0 1  0 0  0 1  2 0
   286  -.4946697961664467E-01   4   0 0  1 0  0 1  2 0
   287  0.2021868308857831       4   0 0  0 1  0 1  2 0
   288  -.7047503549396405E-05   4   1 0  0 0  0 0  3 0
   289  -.3937302916735569E-04   4   0 1  0 0  0 0  3 0
   290  -.9085437738741436E-01   4   0 0  1 0  0 0  3 0
   291  0.4966672345544978       4   0 0  0 1  0 0  3 0
   292  0.1061803138817554E-04   4   1 0  0 0  0 2  0 1
   293  0.5338409888387710E-04   4   0 1  0 0  0 2  0 1
   294  0.2106773491950815       4   0 0  1 0  0 2  0 1
   295  -.4029767619500376       4   0 0  0 1  0 2  0 1
   296  0.9004339167610345E-05   4   1 0  0 0  0 1  1 1
   297  0.4573888490740164E-04   4   0 1  0 0  0 1  1 1
   298  0.1274797096440291       4   0 0  1 0  0 1  1 1
   299  -.1125121586254098       4   0 0  0 1  0 1  1 1
   300  0.1059768333422834E-04   4   1 0  0 0  0 0  2 1
   301  0.5328148046171493E-04   4   0 1  0 0  0 0  2 1
   302  0.2103080514547504       4   0 0  1 0  0 0  2 1
   303  -.4023587480351597       4   0 0  0 1  0 0  2 1
   304  -.3349288970905298E-05   4   1 0  0 0  0 1  0 2
   305  -.8579009490087536E-05   4   0 1  0 0  0 1  0 2
   306  -.1273708730960456       4   0 0  1 0  0 1  0 2
   307  -.2349932525513138       4   0 0  0 1  0 1  0 2
   308  -.3344781655654866E-05   4   1 0  0 0  0 0  1 2
   309  -.8567464263430569E-05   4   0 1  0 0  0 0  1 2
   310  -.1271994633778147       4   0 0  1 0  0 0  1 2
   311  -.2346770097068788       4   0 0  0 1  0 0  1 2
   312  0.9522552006189135E-06   4   1 0  0 0  0 0  0 3
   313  0.7767584177038761E-06   4   0 1  0 0  0 0  0 3
   314  -.1311875631396686E-01   4   0 0  1 0  0 0  0 3
   315  -.1072525314697800E-01   4   0 0  0 1  0 0  0 3
   316  -.9526458413624287E-05   4   0 0  0 0  0 4  0 0
   317  -.4621964145998917E-05   4   0 0  0 0  0 3  1 0
   318  -.3973098745312305E-05   4   0 0  0 0  0 2  2 0
   319  -.4635999141860454E-05   4   0 0  0 0  0 1  3 0
   320  -.9497722508973852E-05   4   0 0  0 0  0 0  4 0
   321  0.9841892479801987E-05   4   0 0  0 0  0 3  0 1
   322  0.4387216269401927E-05   4   0 0  0 0  0 2  1 1
   323  0.4398200502412125E-05   4   0 0  0 0  0 1  2 1
   324  0.9819077277484203E-05   4   0 0  0 0  0 0  3 1
   325  0.1187237103435694E-05   4   0 0  0 0  0 2  0 2
   326  0.1407579384607976E-05   4   0 0  0 0  0 1  1 2
   327  0.1184692248694991E-05   4   0 0  0 0  0 0  2 2
   328  0.1415214300425483E-07   4   0 0  0 0  0 1  0 3
   329  0.1413309771716678E-07   4   0 0  0 0  0 0  1 3
   330  -.5603068989822043E-13   4   0 0  0 0  0 0  0 4
   ----------------------------------------------------
     I  COEFFICIENT            ORDER EXPONENTS
     1  0.7588564870701540E-08   0   0 0  0 0  0 0  0 0
     2  -.5940020706762345E-05   1   1 0  0 0  0 0  0 0
     3  -.6775375793485237E-05   1   0 1  0 0  0 0  0 0
     4  0.4252033986854332E-04   1   0 0  1 0  0 0  0 0
     5  0.1590804049315392E-04   1   0 0  0 1  0 0  0 0
     6   1.000000000000000       1   0 0  0 0  1 0  0 0
     7  0.2859789924486636       1   0 0  0 0  0 1  0 0
     8  -.2859789889737974       1   0 0  0 0  0 0  1 0
     9  -.3474872826509414E-08   1   0 0  0 0  0 0  0 1
    10  -.3568560379321871       2   2 0  0 0  0 0  0 0
    11  -.9552889758880304       2   1 1  0 0  0 0  0 0
    12  -.8533164721127431       2   0 2  0 0  0 0  0 0
    13  -.2237631670661594E-04   2   1 0  1 0  0 0  0 0
    14  -.2954082440818427E-04   2   0 1  1 0  0 0  0 0
    15  -.2434441473630695       2   0 0  2 0  0 0  0 0
    16  -.2961389429594426E-04   2   1 0  0 1  0 0  0 0
    17  -.3488947244177397E-04   2   0 1  0 1  0 0  0 0
    18  -.1768381830926208       2   0 0  1 1  0 0  0 0
    19  -.2497481358232447       2   0 0  0 2  0 0  0 0
    20  0.8781145575177753E-05   2   1 0  0 0  0 1  0 0
    21  0.1255795948487305E-04   2   0 1  0 0  0 1  0 0
    22  -.5979746706096657E-04   2   0 0  1 0  0 1  0 0
    23  -.4063129748021574E-04   2   0 0  0 1  0 1  0 0
    24  0.2845302765476645E-05   2   1 0  0 0  0 0  1 0
    25  0.5783938546093745E-05   2   0 1  0 0  0 0  1 0
    26  -.1731103811483996E-04   2   0 0  1 0  0 0  1 0
    27  -.2471138009919011E-04   2   0 0  0 1  0 0  1 0
    28  -.1162651601303582E-04   2   1 0  0 0  0 0  0 1
    29  -.1156664080813845E-04   2   0 1  0 0  0 0  0 1
    30  0.7710853559303210E-04   2   0 0  1 0  0 0  0 1
    31  0.4943466925728120E-04   2   0 0  0 1  0 0  0 1
    32  -.2146286640865313       2   0 0  0 0  0 2  0 0
    33  0.1432783309967441       2   0 0  0 0  0 1  1 0
    34  0.7135032836052763E-01   2   0 0  0 0  0 0  2 0
    35  0.4727883130472148E-08   2   0 0  0 0  0 1  0 1
    36  0.1256059708314818E-08   2   0 0  0 0  0 0  1 1
    37  -.1254601920388095E-08   2   0 0  0 0  0 0  0 2
    38  0.1860321808609115       3   3 0  0 0  0 0  0 0
    39  0.5823286779832163       3   2 1  0 0  0 0  0 0
    40  0.5959709449248005       3   1 2  0 0  0 0  0 0
    41  0.2006259733310555       3   0 3  0 0  0 0  0 0
    42  0.1114440571748064E-02   3   2 0  1 0  0 0  0 0
    43  0.2182381213673301E-02   3   1 1  1 0  0 0  0 0
    44  0.1305871511252510E-02   3   0 2  1 0  0 0  0 0
    45  0.8127525409877320E-01   3   1 0  2 0  0 0  0 0
    46  0.1590817735321216E-01   3   0 1  2 0  0 0  0 0
    47  0.4120503657564204E-03   3   0 0  3 0  0 0  0 0
    48  0.7862885769701548E-03   3   2 0  0 1  0 0  0 0
    49  0.1485991749308823E-02   3   1 1  0 1  0 0  0 0
    50  0.8940822746921428E-03   3   0 2  0 1  0 0  0 0
    51  0.3962023482791557E-01   3   1 0  1 1  0 0  0 0
    52  -.6413397562790929E-01   3   0 1  1 1  0 0  0 0
    53  0.1082728355861002E-02   3   0 0  2 1  0 0  0 0
    54  -.3235610667661954E-01   3   1 0  0 2  0 0  0 0
    55  -.7353119131404061E-01   3   0 1  0 2  0 0  0 0
    56  0.9730108141149825E-03   3   0 0  1 2  0 0  0 0
    57  0.2962161203316714E-03   3   0 0  0 3  0 0  0 0
    58  0.5687009733962931       3   2 0  0 0  0 1  0 0
    59   1.824659729807002       3   1 1  0 0  0 1  0 0
    60   1.743538127656782       3   0 2  0 0  0 1  0 0
    61  0.3376552208412189E-04   3   1 0  1 0  0 1  0 0
    62  0.5495120597518237E-04   3   0 1  1 0  0 1  0 0
    63  0.3413818957026090       3   0 0  2 0  0 1  0 0
    64  0.5540782815120184E-04   3   1 0  0 1  0 1  0 0
    65  0.8011158065500050E-04   3   0 1  0 1  0 1  0 0
    66  0.4563175971360741       3   0 0  1 1  0 1  0 0
    67  0.4480925513610821       3   0 0  0 2  0 1  0 0
    68  0.2120397285435253       3   2 0  0 0  0 0  1 0
    69  0.8694852883522424       3   1 1  0 0  0 0  1 0
    70  0.8901708338818428       3   0 2  0 0  0 0  1 0
    71  0.1135423265981248E-04   3   1 0  1 0  0 0  1 0
    72  0.2529015463290993E-04   3   0 1  1 0  0 0  1 0
    73  0.9813326814068130E-01   3   0 0  2 0  0 0  1 0
    74  0.2573820044404637E-04   3   1 0  0 1  0 0  1 0
    75  0.4508029579777385E-04   3   0 1  0 1  0 0  1 0
    76  0.2793411840305356       3   0 0  1 1  0 0  1 0
    77  0.1984132328177311       3   0 0  0 2  0 0  1 0
    78  -.7807413240016239       3   2 0  0 0  0 0  0 1
    79  -1.738857637632638       3   1 1  0 0  0 0  0 1
    80  -.9270771541356195       3   0 2  0 0  0 0  0 1
    81  -.4502230891698088E-04   3   1 0  1 0  0 0  0 1
    82  -.5045251641392325E-04   3   0 1  1 0  0 0  0 1
    83  -.4395154177667163       3   0 0  2 0  0 0  0 1
    84  -.5138405971748352E-04   3   1 0  0 1  0 0  0 1
    85  -.5510862848345224E-04   3   0 1  0 1  0 0  0 1
    86  -.5588209508849151       3   0 0  1 1  0 0  0 1
    87  -.1470096773213208       3   0 0  0 2  0 0  0 1
    88  -.1081856725759021E-04   3   1 0  0 0  0 2  0 0
    89  -.1799303584267574E-04   3   0 1  0 0  0 2  0 0
    90  0.7094210829802513E-04   3   0 0  1 0  0 2  0 0
    91  0.6593744088904412E-04   3   0 0  0 1  0 2  0 0
    92  -.4077079158685142E-05   3   1 0  0 0  0 1  1 0
    93  -.1087156718373088E-04   3   0 1  0 0  0 1  1 0
    94  0.2231165671867654E-04   3   0 0  1 0  0 1  1 0
    95  0.5061611656037065E-04   3   0 0  0 1  0 1  1 0
    96  -.2041688454411798E-05   3   1 0  0 0  0 0  2 0
    97  -.5436898605158955E-05   3   0 1  0 0  0 0  2 0
    98  0.1118097503903407E-04   3   0 0  1 0  0 0  2 0
    99  0.2530127841631995E-04   3   0 0  0 1  0 0  2 0
   100  0.1693147302049346E-04   3   1 0  0 0  0 1  0 1
   101  0.2174044094677286E-04   3   0 1  0 0  0 1  0 1
   102  -.1044046393973142E-03   3   0 0  1 0  0 1  0 1
   103  -.1012349629673533E-03   3   0 0  0 1  0 1  0 1
   104  0.5313461667333939E-05   3   1 0  0 0  0 0  1 1
   105  0.1017581437497103E-04   3   0 1  0 0  0 0  1 1
   106  -.2736473707183437E-04   3   0 0  1 0  0 0  1 1
   107  -.5179853147116444E-04   3   0 0  0 1  0 0  1 1
   108  -.5308954037867183E-05   3   1 0  0 0  0 0  0 2
   109  -.4391375324945773E-05   3   0 1  0 0  0 0  0 2
   110  0.2733212992641398E-04   3   0 0  1 0  0 0  0 2
   111  0.2708371451129885E-04   3   0 0  0 1  0 0  0 2
   112  0.1788813506186207       3   0 0  0 0  0 3  0 0
   113  -.1073867927293682       3   0 0  0 0  0 2  1 0
   114  -.3589155550507354E-01   3   0 0  0 0  0 1  2 0
   115  -.3560303948841069E-01   3   0 0  0 0  0 0  3 0
   116  -.4374974226692282E-08   3   0 0  0 0  0 2  0 1
   117  0.1923274722789596E-09   3   0 0  0 0  0 1  1 1
   118  0.9301784710560244E-10   3   0 0  0 0  0 0  2 1
   119  0.5317157571585549E-09   3   0 0  0 0  0 1  0 2
   120  -.7305656713478269E-10   3   0 0  0 0  0 0  1 2
   121  0.2039944532508700E-09   3   0 0  0 0  0 0  0 3
   122  -2.973339974981612       4   4 0  0 0  0 0  0 0
   123  -14.88546026643485       4   3 1  0 0  0 0  0 0
   124  -28.01530259624629       4   2 2  0 0  0 0  0 0
   125  -23.61683441012684       4   1 3  0 0  0 0  0 0
   126  -7.817545319523844       4   0 4  0 0  0 0  0 0
   127  0.2000246162927802E-02   4   3 0  1 0  0 0  0 0
   128  0.7663177309155129E-02   4   2 1  1 0  0 0  0 0
   129  0.8786290362220020E-02   4   1 2  1 0  0 0  0 0
   130  0.3137920070638891E-02   4   0 3  1 0  0 0  0 0
   131  -7.555230404015683       4   2 0  2 0  0 0  0 0
   132  -15.33038212643756       4   1 1  2 0  0 0  0 0
   133  -8.894053793305741       4   0 2  2 0  0 0  0 0
   134  0.4348531493406824E-02   4   1 0  3 0  0 0  0 0
   135  0.3195319459419546E-02   4   0 1  3 0  0 0  0 0
   136  -1.471494913906273       4   0 0  4 0  0 0  0 0
   137  0.2924111192129813E-02   4   3 0  0 1  0 0  0 0
   138  0.1009725019340432E-01   4   2 1  0 1  0 0  0 0
   139  0.1097348405270192E-01   4   1 2  0 1  0 0  0 0
   140  0.3802283650211502E-02   4   0 3  0 1  0 0  0 0
   141  -10.64270628133210       4   2 0  1 1  0 0  0 0
   142  -20.50351041175011       4   1 1  1 1  0 0  0 0
   143  -11.72804537771672       4   0 2  1 1  0 0  0 0
   144  0.1060200856368630E-01   4   1 0  2 1  0 0  0 0
   145  0.7649143494664261E-02   4   0 1  2 1  0 0  0 0
   146  -4.681422522853701       4   0 0  3 1  0 0  0 0
   147  -3.632438625100128       4   2 0  0 2  0 0  0 0
   148  -7.224101115876350       4   1 1  0 2  0 0  0 0
   149  -4.727992426001867       4   0 2  0 2  0 0  0 0
   150  0.8447691650096026E-02   4   1 0  1 2  0 0  0 0
   151  0.5888337486722696E-02   4   0 1  1 2  0 0  0 0
   152  -5.778657798032368       4   0 0  2 2  0 0  0 0
   153  0.2131887342725001E-02   4   1 0  0 3  0 0  0 0
   154  0.1374053626499266E-02   4   0 1  0 3  0 0  0 0
   155  -3.285842369900720       4   0 0  1 3  0 0  0 0
   156  -.8171902918567129       4   0 0  0 4  0 0  0 0
   157  -.3165697169504550       4   3 0  0 0  0 1  0 0
   158  -1.238126435002129       4   2 1  0 0  0 1  0 0
   159  -1.532046516100843       4   1 2  0 0  0 1  0 0
   160  -.6076766651055936       4   0 3  0 0  0 1  0 0
   161  -.4263349447991026E-03   4   2 0  1 0  0 1  0 0
   162  -.2110128487399182E-02   4   1 1  1 0  0 1  0 0
   163  -.1932852498489199E-02   4   0 2  1 0  0 1  0 0
   164  -.9927684110568757E-01   4   1 0  2 0  0 1  0 0
   165  -.4294461018343633E-01   4   0 1  2 0  0 1  0 0
   166  -.4606030508112001E-03   4   0 0  3 0  0 1  0 0
   167  -.4179668736619065E-03   4   2 0  0 1  0 1  0 0
   168  -.1479888136318181E-02   4   1 1  0 1  0 1  0 0
   169  -.1341894936252177E-02   4   0 2  0 1  0 1  0 0
   170  -.1037194184539426       4   1 0  1 1  0 1  0 0
   171  0.8263264859219865E-01   4   0 1  1 1  0 1  0 0
   172  -.1493252886335747E-02   4   0 0  2 1  0 1  0 0
   173  0.4054449743734774E-01   4   1 0  0 2  0 1  0 0
   174  0.1590142258731841       4   0 1  0 2  0 1  0 0
   175  -.1739317517633245E-02   4   0 0  1 2  0 1  0 0
   176  -.6959097122428346E-03   4   0 0  0 3  0 1  0 0
   177  -.1292723148148212       4   3 0  0 0  0 0  1 0
   178  -.6508202142586526       4   2 1  0 0  0 0  1 0
   179  -.9298235598583232       4   1 2  0 0  0 0  1 0
   180  -.4044565576373673       4   0 3  0 0  0 0  1 0
   181  -.2957367282900245E-03   4   2 0  1 0  0 0  1 0
   182  -.1783743947296200E-02   4   1 1  1 0  0 0  1 0
   183  -.1608987278583232E-02   4   0 2  1 0  0 0  1 0
   184  -.1770076988070954E-01   4   1 0  2 0  0 0  1 0
   185  -.2606294463158798E-01   4   0 1  2 0  0 0  1 0
   186  -.2637550137121555E-03   4   0 0  3 0  0 0  1 0
   187  -.4596989762804699E-03   4   2 0  0 1  0 0  1 0
   188  -.1607528883454361E-02   4   1 1  0 1  0 0  1 0
   189  -.1326704807462978E-02   4   0 2  0 1  0 0  1 0
   190  -.6350933537656216E-01   4   1 0  1 1  0 0  1 0
   191  0.1996145099333043E-01   4   0 1  1 1  0 0  1 0
   192  -.1031058437288550E-02   4   0 0  2 1  0 0  1 0
   193  0.8523858506630651E-02   4   1 0  0 2  0 0  1 0
   194  0.8612614976502153E-01   4   0 1  0 2  0 0  1 0
   195  -.1303533554185593E-02   4   0 0  1 2  0 0  1 0
   196  -.5433624749391315E-03   4   0 0  0 3  0 0  1 0
   197  0.4441074102086814       4   3 0  0 0  0 0  0 1
   198   1.298726647487315       4   2 1  0 0  0 0  0 1
   199   1.258788738439377       4   1 2  0 0  0 0  0 1
   200  0.4050178193564055       4   0 3  0 0  0 0  0 1
   201  0.8960573755843754E-03   4   2 0  1 0  0 0  0 1
   202  0.2279632241070133E-02   4   1 1  1 0  0 0  0 1
   203  0.1513989379589596E-02   4   0 2  1 0  0 0  0 1
   204  0.1162850991755192       4   1 0  2 0  0 0  0 1
   205  0.5118969293604306E-01   4   0 1  2 0  0 0  0 1
   206  0.7700158678986990E-03   4   0 0  3 0  0 0  0 1
   207  0.2079725827318707E-03   4   2 0  0 1  0 0  0 1
   208  0.7199087605449187E-03   4   1 1  0 1  0 0  0 1
   209  0.6622190398214582E-03   4   0 2  0 1  0 0  0 1
   210  0.1265417493184762       4   1 0  1 1  0 0  0 1
   211  0.2290156732956138E-01   4   0 1  1 1  0 0  0 1
   212  0.1678097893530112E-02   4   0 0  2 1  0 0  0 1
   213  0.1493409543973022E-01   4   1 0  0 2  0 0  0 1
   214  -.2606166731224786E-01   4   0 1  0 2  0 0  0 1
   215  0.1247256426061338E-02   4   0 0  1 2  0 0  0 1
   216  0.3577400813912131E-03   4   0 0  0 3  0 0  0 1
   217  -.7458306556492307       4   2 0  0 0  0 2  0 0
   218  -2.704503995380993       4   1 1  0 0  0 2  0 0
   219  -2.747090863978969       4   0 2  0 0  0 2  0 0
   220  -.4270758851506955E-04   4   1 0  1 0  0 2  0 0
   221  -.8917708802596979E-04   4   0 1  1 0  0 2  0 0
   222  -.4040497044972284       4   0 0  2 0  0 2  0 0
   223  -.9159991643561686E-04   4   1 0  0 1  0 2  0 0
   224  -.1523483588961843E-03   4   0 1  0 1  0 2  0 0
   225  -.7421139008221983       4   0 0  1 1  0 2  0 0
   226  -.6710631507081766       4   0 0  0 2  0 2  0 0
   227  -.3542975105225756       4   2 0  0 0  0 1  1 0
   228  -1.759557663731278       4   1 1  0 0  0 1  1 0
   229  -2.006752176068794       4   0 2  0 0  0 1  1 0
   230  -.1737854582152794E-04   4   1 0  1 0  0 1  1 0
   231  -.5232664620272012E-04   4   0 1  1 0  0 1  1 0
   232  -.1254639842446598       4   0 0  2 0  0 1  1 0
   233  -.5468868653603722E-04   4   1 0  0 1  0 1  1 0
   234  -.1142079092339657E-03   4   0 1  0 1  0 1  1 0
   235  -.5716353885010588       4   0 0  1 1  0 1  1 0
   236  -.4459032137148322       4   0 0  0 2  0 1  1 0
   237  -.1772923295249360       4   2 0  0 0  0 0  2 0
   238  -.8798203352488605       4   1 1  0 0  0 0  2 0
   239  -1.003196725495780       4   0 2  0 0  0 0  2 0
   240  -.8777507838539952E-05   4   1 0  1 0  0 0  2 0
   241  -.2624745666798502E-04   4   0 1  1 0  0 0  2 0
   242  -.6287684102114349E-01   4   0 0  2 0  0 0  2 0
   243  -.2740972175897557E-04   4   1 0  0 1  0 0  2 0
   244  -.5712943666962497E-04   4   0 1  0 1  0 0  2 0
   245  -.2857394271533881       4   0 0  1 1  0 0  2 0
   246  -.2229525140233637       4   0 0  0 2  0 0  2 0
   247   1.277191330524167       4   2 0  0 0  0 1  0 1
   248   3.519112945951937       4   1 1  0 0  0 1  0 1
   249   2.270251914080898       4   0 2  0 0  0 1  0 1
   250  0.5889521717336235E-04   4   1 0  1 0  0 1  0 1
   251  0.9497196848643086E-04   4   0 1  1 0  0 1  0 1
   252  0.5922124501626487       4   0 0  2 0  0 1  0 1
   253  0.9900080993600761E-04   4   1 0  0 1  0 1  0 1
   254  0.1361579356089484E-03   4   0 1  0 1  0 1  0 1
   255   1.143291133695074       4   0 0  1 1  0 1  0 1
   256  0.4437849020030106       4   0 0  0 2  0 1  0 1
   257  0.4968131703233988       4   2 0  0 0  0 0  1 1
   258   1.780164802746459       4   1 1  0 0  0 0  1 1
   259   1.342599081332025       4   0 2  0 0  0 0  1 1
   260  0.2060442436055257E-04   4   1 0  1 0  0 0  1 1
   261  0.4568831813455380E-04   4   0 1  1 0  0 0  1 1
   262  0.1530930564000207       4   0 0  2 0  0 0  1 1
   263  0.4828378255241773E-04   4   1 0  0 1  0 0  1 1
   264  0.7751068447903428E-04   4   0 1  0 1  0 0  1 1
   265  0.5844530841311506       4   0 0  1 1  0 0  1 1
   266  0.2965813837550806       4   0 0  0 2  0 0  1 1
   267  -.4966063270802458       4   2 0  0 0  0 0  0 2
   268  -.9107339172377629       4   1 1  0 0  0 0  0 2
   269  -.4157874213970270       4   0 2  0 0  0 0  0 2
   270  -.1771162782355476E-04   4   1 0  1 0  0 0  0 2
   271  -.1565824046505924E-04   4   0 1  1 0  0 0  0 2
   272  -.1529046752281666       4   0 0  2 0  0 0  0 2
   273  -.1725121776758288E-04   4   1 0  0 1  0 0  0 2
   274  -.1535443315778840E-04   4   0 1  0 1  0 0  0 2
   275  -.3050688671438446       4   0 0  1 1  0 0  0 2
   276  -.1496770319306972       4   0 0  0 2  0 0  0 2
   277  -.1455567866637774E-03   4   1 0  0 0  0 3  0 0
   278  -.2270467649866063E-03   4   0 1  0 0  0 3  0 0
   279  -.7584735022726630E-04   4   0 0  1 0  0 3  0 0
   280  -.8271126131367548E-04   4   0 0  0 1  0 3  0 0
   281  -.7681759195509327E-04   4   1 0  0 0  0 2  1 0
   282  -.1142770777796609E-03   4   0 1  0 0  0 2  1 0
   283  -.2175812009604914E-04   4   0 0  1 0  0 2  1 0
   284  -.7031714271109439E-04   4   0 0  0 1  0 2  1 0
   285  -.4842913297035249E-04   4   1 0  0 0  0 1  2 0
   286  -.7144254534163379E-04   4   0 1  0 0  0 1  2 0
   287  -.1151591919752517E-04   4   0 0  1 0  0 1  2 0
   288  -.4659022221619474E-04   4   0 0  0 1  0 1  2 0
   289  -.2563637685532146E-04   4   1 0  0 0  0 0  3 0
   290  -.3814528097291725E-04   4   0 1  0 0  0 0  3 0
   291  -.7286405988383013E-05   4   0 0  1 0  0 0  3 0
   292  -.2343230914942893E-04   4   0 0  0 1  0 0  3 0
   293  0.1265235685436088E-03   4   1 0  0 0  0 2  0 1
   294  0.1020348445283417E-03   4   0 1  0 0  0 2  0 1
   295  0.8423449242526352E-04   4   0 0  1 0  0 2  0 1
   296  0.1381286200915314E-03   4   0 0  0 1  0 2  0 1
   297  0.6881121417597757E-04   4   1 0  0 0  0 1  1 1
   298  0.5551695602536032E-04   4   0 1  0 0  0 1  1 1
   299  0.1682719118613283E-04   4   0 0  1 0  0 1  1 1
   300  0.9002323606632744E-04   4   0 0  0 1  0 1  1 1
   301  0.3442100423565346E-04   4   1 0  0 0  0 0  2 1
   302  0.2777080875889505E-04   4   0 1  0 0  0 0  2 1
   303  0.8453421055008127E-05   4   0 0  1 0  0 0  2 1
   304  0.4501409668798668E-04   4   0 0  0 1  0 0  2 1
   305  -.7365615095317435E-06   4   1 0  0 0  0 1  0 2
   306  0.2003997726337457E-05   4   0 1  0 0  0 1  0 2
   307  -.8114288539057958E-05   4   0 0  1 0  0 1  0 2
   308  -.2296739443690914E-04   4   0 0  0 1  0 1  0 2
   309  -.4168864296684984E-05   4   1 0  0 0  0 0  1 2
   310  -.1175054703160669E-05   4   0 1  0 0  0 0  1 2
   311  0.2856370916108011E-05   4   0 0  1 0  0 0  1 2
   312  -.1097707690766060E-04   4   0 0  0 1  0 0  1 2
   313  0.9439377214398128E-08   4   1 0  0 0  0 0  0 3
   314  0.6884995521132165E-07   4   0 1  0 0  0 0  0 3
   315  -.4580616876361886E-05   4   0 0  1 0  0 0  0 3
   316  -.4168374842161909E-05   4   0 0  0 1  0 0  0 3
   317  -.1565302517418080       4   0 0  0 0  0 4  0 0
   318  0.8947684343496896E-01   4   0 0  0 0  0 3  1 0
   319  0.2686485501937572E-01   4   0 0  0 0  0 2  2 0
   320  0.1798162688269989E-01   4   0 0  0 0  0 1  3 0
   321  0.2220686163857885E-01   4   0 0  0 0  0 0  4 0
   322  0.5973772432349946E-08   4   0 0  0 0  0 3  0 1
   323  0.3197356082980379E-08   4   0 0  0 0  0 2  1 1
   324  0.2566848770067268E-08   4   0 0  0 0  0 1  2 1
   325  0.8740355546189550E-09   4   0 0  0 0  0 0  3 1
   326  -.5662474701627849E-09   4   0 0  0 0  0 2  0 2
   327  0.1075778946490854E-09   4   0 0  0 0  0 1  1 2
   328  0.3534508219629011E-10   4   0 0  0 0  0 0  2 2
   329  -.3782089441494278E-09   4   0 0  0 0  0 1  0 3
   330  -.1742541979240946E-09   4   0 0  0 0  0 0  1 3
   331  -.2192565174311681E-10   4   0 0  0 0  0 0  0 4
   ----------------------------------------------------
     I  COEFFICIENT            ORDER EXPONENTS
     1   1.000000000000000       1   0 0  0 0  0 1  0 0
     --------------------------------------------------
     I  COEFFICIENT            ORDER EXPONENTS
     1   1.000000000000000       1   0 0  0 0  0 0  1 0
     --------------------------------------------------
     I  COEFFICIENT            ORDER EXPONENTS
     1   1.000000000000000       1   0 0  0 0  0 0  0 1
     --------------------------------------------------
