 L    0.1145458000000000E+01
 P (  0.0000000000000000E+00,  0.0000000000000000E+00,  0.9555200000000000E-01)
 A (  0.0000000000000000E+00,  0.0000000000000000E+00,  0.0000000000000000E+00)
     I  COEFFICIENT            ORDER EXPONENTS
     1  0.9521123693368141E-04   0   0 0  0 0  0 0  0 0
     2   1.657637838184381       1   1 0  0 0  0 0  0 0
     3   1.728595403083883       1   0 1  0 0  0 0  0 0
     4  0.1974086590580272E-04   1   0 0  1 0  0 0  0 0
     5  0.1738672857267633E-04   1   0 0  0 1  0 0  0 0
     6  -.9203063895692583E-06   1   0 0  0 0  0 1  0 0
     7  -.9190678846029485E-06   1   0 0  0 0  0 0  1 0
     8  0.1839374276022925E-05   1   0 0  0 0  0 0  0 1
     9  -.1675247053698810       2   2 0  0 0  0 0  0 0
    10  -.2992975454211073       2   1 1  0 0  0 0  0 0
    11  -.1343482819748670       2   0 2  0 0  0 0  0 0
    12  0.6723781058112105E-03   2   1 0  1 0  0 0  0 0
    13  0.2015013723611822E-03   2   0 1  1 0  0 0  0 0
    14  0.1191867379273775       2   0 0  2 0  0 0  0 0
    15  0.6856333092477905E-03   2   1 0  0 1  0 0  0 0
    16  0.3089298898760836E-03   2   0 1  0 1  0 0  0 0
    17  0.2124467578827554       2   0 0  1 1  0 0  0 0
    18  0.9546275192597470E-01   2   0 0  0 2  0 0  0 0
    19  -.3573123292370954       2   1 0  0 0  0 1  0 0
    20  -1.180223383306233       2   0 1  0 0  0 1  0 0
    21  -.1080814045080149E-04   2   0 0  1 0  0 1  0 0
    22  -.1827993516496848E-04   2   0 0  0 1  0 1  0 0
    23  -.3568314751439560       2   1 0  0 0  0 0  1 0
    24  -1.178635094298981       2   0 1  0 0  0 0  1 0
    25  -.1079359536475288E-04   2   0 0  1 0  0 0  1 0
    26  -.1825533488972704E-04   2   0 0  0 1  0 0  1 0
    27  0.7141438044138522       2   1 0  0 0  0 0  0 1
    28  0.6302630745541016       2   0 1  0 0  0 0  0 1
    29  0.2160171355995745E-04   2   0 0  1 0  0 0  0 1
    30  0.1914852001354901E-04   2   0 0  0 1  0 0  0 1
    31  0.4600542218817759E-06   2   0 0  0 0  0 2  0 0
    32  0.1055800289455876E-08   2   0 0  0 0  0 1  1 0
    33  0.4594343920712962E-06   2   0 0  0 0  0 0  2 0
    34  -.9215154462680706E-09   2   0 0  0 0  0 1  0 1
    35  -.9202753139942956E-09   2   0 0  0 0  0 0  1 1
    36  -.9187607045262613E-06   2   0 0  0 0  0 0  0 2
    37   2.198939900508557       3   3 0  0 0  0 0  0 0
    38   10.00217330149624       3   2 1  0 0  0 0  0 0
    39   13.41653178041312       3   1 2  0 0  0 0  0 0
    40   6.440497246525097       3   0 3  0 0  0 0  0 0
    41  -.1279921420638724E-01   3   2 0  1 0  0 0  0 0
    42  -.2250222912759693E-01   3   1 1  1 0  0 0  0 0
    43  -.9906537062736736E-02   3   0 2  1 0  0 0  0 0
    44  -1.722342847404259       3   1 0  2 0  0 0  0 0
    45  0.3917605595365733       3   0 1  2 0  0 0  0 0
    46  0.3065100646088435E-02   3   0 0  3 0  0 0  0 0
    47  -.1159784447594258E-01   3   2 0  0 1  0 0  0 0
    48  -.2054447537674833E-01   3   1 1  0 1  0 0  0 0
    49  -.9105982292114755E-02   3   0 2  0 1  0 0  0 0
    50  -4.995881522847585       3   1 0  1 1  0 0  0 0
    51  -1.624524652735477       3   0 1  1 1  0 0  0 0
    52  0.8149312440343065E-02   3   0 0  2 1  0 0  0 0
    53  -2.376141345083845       3   1 0  0 2  0 0  0 0
    54  -.2573847618160560       3   0 1  0 2  0 0  0 0
    55  0.7294192296286885E-02   3   0 0  1 2  0 0  0 0
    56  0.2207636250182408E-02   3   0 0  0 3  0 0  0 0
    57  0.1051086438649832       3   2 0  0 0  0 1  0 0
    58  0.3369094950580922       3   1 1  0 0  0 1  0 0
    59  0.2180875413236374       3   0 2  0 0  0 1  0 0
    60  -.3762018440683060E-03   3   1 0  1 0  0 1  0 0
    61  -.1872795669974784E-03   3   0 1  1 0  0 1  0 0
    62  -.5556608620295932E-01   3   0 0  2 0  0 1  0 0
    63  -.8020593268455364E-03   3   1 0  0 1  0 1  0 0
    64  -.5263095468724173E-03   3   0 1  0 1  0 1  0 0
    65  -.2045345776830158       3   0 0  1 1  0 1  0 0
    66  -.1393932081611404       3   0 0  0 2  0 1  0 0
    67  0.1049671936056693       3   2 0  0 0  0 0  1 0
    68  0.3364560981376393       3   1 1  0 0  0 0  1 0
    69  0.2177940493886350       3   0 2  0 0  0 0  1 0
    70  -.3756955693563407E-03   3   1 0  1 0  0 0  1 0
    71  -.1870275349823941E-03   3   0 1  1 0  0 0  1 0
    72  -.5549130798288630E-01   3   0 0  2 0  0 0  1 0
    73  -.8009799532032180E-03   3   1 0  0 1  0 0  1 0
    74  -.5256012642883479E-03   3   0 1  0 1  0 0  1 0
    75  -.2042593246877505       3   0 0  1 1  0 0  1 0
    76  -.1392056193509713       3   0 0  0 2  0 0  1 0
    77  -.2100761647137259       3   2 0  0 0  0 0  0 1
    78  -.3740685885171162       3   1 1  0 0  0 0  0 1
    79  -.1671852495350845       3   0 2  0 0  0 0  0 1
    80  0.7510642862131063E-03   3   1 0  1 0  0 0  0 1
    81  0.1719627191662303E-03   3   0 1  1 0  0 0  0 1
    82  0.1110575661359428       3   0 0  2 0  0 0  0 1
    83  0.9165365667279529E-03   3   1 0  0 1  0 0  0 1
    84  0.4331671412438538E-03   3   0 1  0 1  0 0  0 1
    85  0.1963474138861056       3   0 0  1 1  0 0  0 1
    86  0.8767342765264546E-01   3   0 0  0 2  0 0  0 1
    87  0.2825477615268346       3   1 0  0 0  0 2  0 0
    88   1.054929675230104       3   0 1  0 0  0 2  0 0
    89  0.8579123369454753E-05   3   0 0  1 0  0 2  0 0
    90  0.1895813894669216E-04   3   0 0  0 1  0 2  0 0
    91  0.2079838811955980       3   1 0  0 0  0 1  1 0
    92  0.9299712653271871       3   0 1  0 0  0 1  1 0
    93  0.6280333207585397E-05   3   0 0  1 0  0 1  1 0
    94  0.1955865849131823E-04   3   0 0  0 1  0 1  1 0
    95  0.2820275746127001       3   1 0  0 0  0 0  2 0
    96   1.052884244839867       3   0 1  0 0  0 0  2 0
    97  0.8563352101319878E-05   3   0 0  1 0  0 0  2 0
    98  0.1891946541638586E-04   3   0 0  0 1  0 0  2 0
    99  -.4157675412302048       3   1 0  0 0  0 1  0 1
   100  -.6793847255657579       3   0 1  0 0  0 1  0 1
   101  -.1250401864545687E-04   3   0 0  1 0  0 1  0 1
   102  -.2074515449917145E-04   3   0 0  0 1  0 1  0 1
   103  -.4152080208676616       3   1 0  0 0  0 0  1 1
   104  -.6784704416203828       3   0 1  0 0  0 0  1 1
   105  -.1248719132645784E-04   3   0 0  1 0  0 0  1 1
   106  -.2071723664793176E-04   3   0 0  0 1  0 0  1 1
   107  0.5841600664415764E-01   3   1 0  0 0  0 0  0 2
   108  0.4866465405037126E-01   3   0 1  0 0  0 0  0 2
   109  0.1624861956625441E-05   3   0 0  1 0  0 0  0 2
   110  0.1533393518155349E-05   3   0 0  0 1  0 0  0 2
   111  -.2238075742064968E-06   3   0 0  0 0  0 3  0 0
   112  0.2482493751712042E-06   3   0 0  0 0  0 2  1 0
   113  0.2472970751686135E-06   3   0 0  0 0  0 1  2 0
   114  -.2235226063096976E-06   3   0 0  0 0  0 0  3 0
   115  -.4972242602236947E-06   3   0 0  0 0  0 2  0 1
   116  -.9939096814744352E-06   3   0 0  0 0  0 1  1 1
   117  -.4958863409412476E-06   3   0 0  0 0  0 0  2 1
   118  0.9951210285545081E-06   3   0 0  0 0  0 1  0 2
   119  0.9937818415727662E-06   3   0 0  0 0  0 0  1 2
   120  -.5049934968132739E-07   3   0 0  0 0  0 0  0 3
   121  -19.99933391997366       4   4 0  0 0  0 0  0 0
   122  -74.20306995468098       4   3 1  0 0  0 0  0 0
   123  -103.8060624604369       4   2 2  0 0  0 0  0 0
   124  -65.01447739464628       4   1 3  0 0  0 0  0 0
   125  -15.40378940764269       4   0 4  0 0  0 0  0 0
   126  -.9114714662150771E-02   4   3 0  1 0  0 0  0 0
   127  -.2498441108748661E-01   4   2 1  1 0  0 0  0 0
   128  -.2443657250121359E-01   4   1 2  1 0  0 0  0 0
   129  -.8474727696886791E-02   4   0 3  1 0  0 0  0 0
   130   75.73735433825226       4   2 0  2 0  0 0  0 0
   131   133.8348827727933       4   1 1  2 0  0 0  0 0
   132   59.59845439942439       4   0 2  2 0  0 0  0 0
   133  0.6446729100435080E-02   4   1 0  3 0  0 0  0 0
   134  0.5392143319991983E-02   4   0 1  3 0  0 0  0 0
   135  -9.117513031653367       4   0 0  4 0  0 0  0 0
   136  -.7750325097013695E-02   4   3 0  0 1  0 0  0 0
   137  -.2016069713484173E-01   4   2 1  0 1  0 0  0 0
   138  -.1805773678886701E-01   4   1 2  0 1  0 0  0 0
   139  -.5662821202637780E-02   4   0 3  0 1  0 0  0 0
   140   138.6577207163660       4   2 0  1 1  0 0  0 0
   141   246.8536728840510       4   1 1  1 1  0 0  0 0
   142   110.8305644512120       4   0 2  1 1  0 0  0 0
   143  0.1705772247576564E-01   4   1 0  2 1  0 0  0 0
   144  0.1452885957985358E-01   4   0 1  2 1  0 0  0 0
   145  -32.13695809211418       4   0 0  3 1  0 0  0 0
   146   63.78135241280591       4   2 0  0 2  0 0  0 0
   147   114.2545761527784       4   1 1  0 2  0 0  0 0
   148   51.64916195283982       4   0 2  0 2  0 0  0 0
   149  0.1465796327326058E-01   4   1 0  1 2  0 0  0 0
   150  0.1265618447114439E-01   4   0 1  1 2  0 0  0 0
   151  -42.75555338608704       4   0 0  2 2  0 0  0 0
   152  0.4578748701867729E-02   4   1 0  0 3  0 0  0 0
   153  0.3954379465535538E-02   4   0 1  0 3  0 0  0 0
   154  -25.34673680719724       4   0 0  1 3  0 0  0 0
   155  -5.626582360642542       4   0 0  0 4  0 0  0 0
   156  -3.604319772629100       4   3 0  0 0  0 1  0 0
   157  -18.39094560194338       4   2 1  0 0  0 1  0 0
   158  -29.16903600492070       4   1 2  0 0  0 1  0 0
   159  -15.77555619836192       4   0 3  0 0  0 1  0 0
   160  0.1352942350799734E-02   4   2 0  1 0  0 1  0 0
   161  0.1221449307968414E-01   4   1 1  1 0  0 1  0 0
   162  0.9604962763526306E-02   4   0 2  1 0  0 1  0 0
   163  0.8579178699276466       4   1 0  2 0  0 1  0 0
   164  -.6958695426503806       4   0 1  2 0  0 1  0 0
   165  -.4384430834133537E-03   4   0 0  3 0  0 1  0 0
   166  0.6175220963982020E-02   4   2 0  0 1  0 1  0 0
   167  0.1977019576619832E-01   4   1 1  0 1  0 1  0 0
   168  0.1257635271656075E-01   4   0 2  0 1  0 1  0 0
   169   6.023640656941716       4   1 0  1 1  0 1  0 0
   170   2.852984327791034       4   0 1  1 1  0 1  0 0
   171  -.4822405231947590E-02   4   0 0  2 1  0 1  0 0
   172   4.432041689812687       4   1 0  0 2  0 1  0 0
   173   1.358697983402239       4   0 1  0 2  0 1  0 0
   174  -.7561921216643149E-02   4   0 0  1 2  0 1  0 0
   175  -.3271306133954681E-02   4   0 0  0 3  0 1  0 0
   176  -3.599469248944958       4   3 0  0 0  0 0  1 0
   177  -18.36619593408809       4   2 1  0 0  0 0  1 0
   178  -29.12978169095496       4   1 2  0 0  0 0  1 0
   179  -15.75432619830661       4   0 3  0 0  0 0  1 0
   180  0.1351121624745974E-02   4   2 0  1 0  0 0  1 0
   181  0.1219805539054658E-01   4   1 1  1 0  0 0  1 0
   182  0.9592036857305343E-02   4   0 2  1 0  0 0  1 0
   183  0.8567633244905785       4   1 0  2 0  0 0  1 0
   184  -.6949330742150759       4   0 1  2 0  0 0  1 0
   185  -.4378530473748025E-03   4   0 0  3 0  0 0  1 0
   186  0.6166910642636755E-02   4   2 0  0 1  0 0  1 0
   187  0.1974358996847318E-01   4   1 1  0 1  0 0  1 0
   188  0.1255942805377775E-01   4   0 2  0 1  0 0  1 0
   189   6.015534325229984       4   1 0  1 1  0 0  1 0
   190   2.849144915939194       4   0 1  1 1  0 0  1 0
   191  -.4815915466258518E-02   4   0 0  2 1  0 0  1 0
   192   4.426077256981448       4   1 0  0 2  0 0  1 0
   193   1.356869511689404       4   0 1  0 2  0 0  1 0
   194  -.7551744739450788E-02   4   0 0  1 2  0 0  1 0
   195  -.3266903764330922E-02   4   0 0  0 3  0 0  1 0
   196   7.201145022278153       4   3 0  0 0  0 0  0 1
   197   26.74674016703585       4   2 1  0 0  0 0  0 1
   198   31.45719804978916       4   1 2  0 0  0 0  0 1
   199   12.20541698871546       4   0 3  0 0  0 0  0 1
   200  0.1360112389375965E-02   4   2 0  1 0  0 0  0 1
   201  0.2954958417172928E-02   4   1 1  1 0  0 0  0 1
   202  0.1606798018688665E-02   4   0 2  1 0  0 0  0 1
   203  -1.710632205322609       4   1 0  2 0  0 0  0 1
   204   1.003110790529875       4   0 1  2 0  0 0  0 1
   205  -.8535885696545143E-04   4   0 0  3 0  0 0  0 1
   206  0.1516289309623710E-02   4   2 0  0 1  0 0  0 1
   207  0.3183965157173394E-02   4   1 1  0 1  0 0  0 1
   208  0.1691974887596933E-02   4   0 2  0 1  0 0  0 1
   209  -7.034901753899867       4   1 0  1 1  0 0  0 1
   210  -2.444599849137520       4   0 1  1 1  0 0  0 1
   211  -.3005132612971457E-03   4   0 0  2 1  0 0  0 1
   212  -4.101463520346522       4   1 0  0 2  0 0  0 1
   213  -1.938972688701547       4   0 1  0 2  0 0  0 1
   214  -.3123115731405272E-03   4   0 0  1 2  0 0  0 1
   215  -.8868095878106807E-04   4   0 0  0 3  0 0  0 1
   216  -.9239868414564584E-01   4   2 0  0 0  0 2  0 0
   217  -.3710844795893741       4   1 1  0 0  0 2  0 0
   218  -.2925662122105620       4   0 2  0 0  0 2  0 0
   219  -.1825113237976833E-03   4   1 0  1 0  0 2  0 0
   220  -.5089528544833404E-04   4   0 1  1 0  0 2  0 0
   221  0.3952660192352758E-01   4   0 0  2 0  0 2  0 0
   222  0.4880462883448471E-03   4   1 0  0 1  0 2  0 0
   223  0.5770480085424556E-03   4   0 1  0 1  0 2  0 0
   224  0.1985295127863779       4   0 0  1 1  0 2  0 0
   225  0.1703474360983961       4   0 0  0 2  0 2  0 0
   226  -.7836034096614400E-01   4   2 0  0 0  0 1  1 0
   227  -.4021194796073759       4   1 1  0 0  0 1  1 0
   228  -.3649374102917647       4   0 2  0 0  0 1  1 0
   229  -.2977708529514672E-03   4   1 0  1 0  0 1  1 0
   230  -.1061771464328889E-03   4   0 1  1 0  0 1  1 0
   231  0.2411805954394480E-01   4   0 0  2 0  0 1  1 0
   232  0.5419093835944030E-03   4   1 0  0 1  0 1  1 0
   233  0.7441050078720749E-03   4   0 1  0 1  0 1  1 0
   234  0.1933886901529230       4   0 0  1 1  0 1  1 0
   235  0.2016108360626912       4   0 0  0 2  0 1  1 0
   236  -.9222161152418534E-01   4   2 0  0 0  0 0  2 0
   237  -.3703145148631437       4   1 1  0 0  0 0  2 0
   238  -.2919269326064076       4   0 2  0 0  0 0  2 0
   239  -.1820653456693572E-03   4   1 0  1 0  0 0  2 0
   240  -.5075534887188430E-04   4   0 1  1 0  0 0  2 0
   241  0.3945718041153846E-01   4   0 0  2 0  0 0  2 0
   242  0.4870248605962590E-03   4   1 0  0 1  0 0  2 0
   243  0.5757707538023165E-03   4   0 1  0 1  0 0  2 0
   244  0.1981322144318847       4   0 0  1 1  0 0  2 0
   245  0.1699825313662996       4   0 0  0 2  0 0  2 0
   246  0.1549286086521240       4   2 0  0 0  0 1  0 1
   247  0.4624391979991193       4   1 1  0 0  0 1  0 1
   248  0.2899679098152405       4   0 2  0 0  0 1  0 1
   249  0.5274035762843113E-03   4   1 0  1 0  0 1  0 1
   250  0.4765054354084484E-03   4   0 1  1 0  0 1  0 1
   251  -.4870112024026420E-01   4   0 0  2 0  0 1  0 1
   252  -.1524691874557815E-03   4   1 0  0 1  0 1  0 1
   253  -.6867210596248630E-04   4   0 1  0 1  0 1  0 1
   254  -.1828394574497029       4   0 0  1 1  0 1  0 1
   255  -.1249635150783465       4   0 0  0 2  0 1  0 1
   256  0.1547201130321288       4   2 0  0 0  0 0  1 1
   257  0.4618168691204502       4   1 1  0 0  0 0  1 1
   258  0.2895776846679224       4   0 2  0 0  0 0  1 1
   259  0.5266938214070172E-03   4   1 0  1 0  0 0  1 1
   260  0.4758641768503985E-03   4   0 1  1 0  0 0  1 1
   261  -.4863558056784868E-01   4   0 0  2 0  0 0  1 1
   262  -.1522640016089272E-03   4   1 0  0 1  0 0  1 1
   263  -.6857969027868641E-04   4   0 1  0 1  0 0  1 1
   264  -.1825934007247914       4   0 0  1 1  0 0  1 1
   265  -.1247953450690801       4   0 0  0 2  0 0  1 1
   266  -.4798574250026545E-01   4   2 0  0 0  0 0  0 2
   267  -.8411696562050860E-01   4   1 1  0 0  0 0  0 2
   268  -.3684977832699107E-01   4   0 2  0 0  0 0  0 2
   269  -.4906392918872203E-03   4   1 0  1 0  0 0  0 2
   270  -.4763108493319938E-03   4   0 1  1 0  0 0  0 2
   271  -.6272785663048030E-02   4   0 0  2 0  0 0  0 2
   272  -.3853302718621736E-03   4   1 0  0 1  0 0  0 2
   273  -.3825881342873329E-03   4   0 1  0 1  0 0  0 2
   274  -.1283062940682859E-01   4   0 0  1 1  0 0  0 2
   275  -.6351267905325210E-02   4   0 0  0 2  0 0  0 2
   276  -.2454407551257437       4   1 0  0 0  0 3  0 0
   277  -.9986234904471933       4   0 1  0 0  0 3  0 0
   278  -.1139843314842220E-04   4   0 0  1 0  0 3  0 0
   279  -.2406636148223719E-04   4   0 0  0 1  0 3  0 0
   280  -.1712637192229039       4   1 0  0 0  0 2  1 0
   281  -.8860570723934906       4   0 1  0 0  0 2  1 0
   282  -.7577186245077028E-05   4   0 0  1 0  0 2  1 0
   283  -.2374448479187314E-04   4   0 0  0 1  0 2  1 0
   284  -.1714127884030048       4   1 0  0 0  0 1  2 0
   285  -.8862815894272120       4   0 1  0 0  0 1  2 0
   286  -.7584868961355121E-05   4   0 0  1 0  0 1  2 0
   287  -.2374506916348907E-04   4   0 0  0 1  0 1  2 0
   288  -.2448302172859742       4   1 0  0 0  0 0  3 0
   289  -.9960122364415863       4   0 1  0 0  0 0  3 0
   290  -.1137033230236075E-04   4   0 0  1 0  0 0  3 0
   291  -.2400182484589006E-04   4   0 0  0 1  0 0  3 0
   292  0.3424715331028163       4   1 0  0 0  0 2  0 1
   293  0.7171169609525895       4   0 1  0 0  0 2  0 1
   294  0.1387566571540507E-04   4   0 0  1 0  0 2  0 1
   295  0.2600775362610123E-04   4   0 0  0 1  0 2  0 1
   296  0.2693650290881627       4   1 0  0 0  0 1  1 1
   297  0.7547394617543670       4   0 1  0 0  0 1  1 1
   298  0.1012673362986803E-04   4   0 0  1 0  0 1  1 1
   299  0.2587715754384645E-04   4   0 0  0 1  0 1  1 1
   300  0.3418294016729825       4   1 0  0 0  0 0  2 1
   301  0.7156440523440935       4   0 1  0 0  0 0  2 1
   302  0.1385017845799137E-04   4   0 0  1 0  0 0  2 1
   303  0.2595534148743698E-04   4   0 0  0 1  0 0  2 1
   304  -.6137532222001078E-01   4   1 0  0 0  0 1  0 2
   305  -.7539795458266654E-01   4   0 1  0 0  0 1  0 2
   306  -.6489582045598714E-06   4   0 0  1 0  0 1  0 2
   307  -.1234147926057746E-05   4   0 0  0 1  0 1  0 2
   308  -.6129272620388358E-01   4   1 0  0 0  0 0  1 2
   309  -.7529648756876958E-01   4   0 1  0 0  0 0  1 2
   310  -.6480848671924393E-06   4   0 0  1 0  0 0  1 2
   311  -.1232487067942163E-05   4   0 0  0 1  0 0  1 2
   312  0.1944486701529803E-02   4   1 0  0 0  0 0  0 3
   313  0.1566083279806897E-02   4   0 1  0 0  0 0  0 3
   314  0.1240486615252939E-06   4   0 0  1 0  0 0  0 3
   315  0.1002021151972239E-06   4   0 0  0 1  0 0  0 3
   316  -.3422787812428684E-04   4   0 0  0 0  0 4  0 0
   317  -.2370410556863710E-04   4   0 0  0 0  0 3  1 0
   318  -.2231735293223767E-04   4   0 0  0 0  0 2  2 0
   319  -.2373415114773314E-04   4   0 0  0 0  0 1  3 0
   320  -.3411986627194598E-04   4   0 0  0 0  0 0  4 0
   321  0.9663855345362852E-05   4   0 0  0 0  0 3  0 1
   322  0.1018943617032434E-04   4   0 0  0 0  0 2  1 1
   323  0.1018834896486836E-04   4   0 0  0 0  0 1  2 1
   324  0.9637500610816140E-05   4   0 0  0 0  0 0  3 1
   325  -.7760691561675774E-06   4   0 0  0 0  0 2  0 2
   326  -.9676498200839130E-06   4   0 0  0 0  0 1  1 2
   327  -.7743736501099748E-06   4   0 0  0 0  0 0  2 2
   328  0.2140443826258782E-07   4   0 0  0 0  0 1  0 3
   329  0.2137563317833025E-07   4   0 0  0 0  0 0  1 3
   330  -.6780800388580843E-14   4   0 0  0 0  0 0  0 4
   ----------------------------------------------------
     I  COEFFICIENT            ORDER EXPONENTS
     1  0.4595935543468651E-04   0   0 0  0 0  0 0  0 0
     2   3.115250960685170       1   1 0  0 0  0 0  0 0
     3   3.851871827993989       1   0 1  0 0  0 0  0 0
     4  0.8904116583865882E-04   1   0 0  1 0  0 0  0 0
     5  0.8199414096861956E-04   1   0 0  0 1  0 0  0 0
     6  0.2160789474207338E-05   1   0 0  0 0  0 1  0 0
     7  0.2157881585566907E-05   1   0 0  0 0  0 0  1 0
     8  0.4164068438375134E-04   1   0 0  0 0  0 0  0 1
     9  -.8439445866808564       2   2 0  0 0  0 0  0 0
    10  -1.544062872663509       2   1 1  0 0  0 0  0 0
    11  -.7098237525605062       2   0 2  0 0  0 0  0 0
    12  0.3798499496378532E-02   2   1 0  1 0  0 0  0 0
    13  0.2776563875068329E-02   2   0 1  1 0  0 0  0 0
    14  0.5293305567292107       2   0 0  2 0  0 0  0 0
    15  0.3495858586416029E-02   2   1 0  0 1  0 0  0 0
    16  0.2632114111711119E-02   2   0 1  0 1  0 0  0 0
    17  0.9686580659545680       2   0 0  1 1  0 0  0 0
    18  0.4477517172784515       2   0 0  0 2  0 0  0 0
    19  -.1992232834457966       2   1 0  0 0  0 1  0 0
    20  -1.595491563192082       2   0 1  0 0  0 1  0 0
    21  -.5265058093028279E-05   2   0 0  1 0  0 1  0 0
    22  -.4615926418362963E-04   2   0 0  0 1  0 1  0 0
    23  -.1989551781400043       2   1 0  0 0  0 0  1 0
    24  -1.593344425839251       2   0 1  0 0  0 0  1 0
    25  -.5257972625980320E-05   2   0 0  1 0  0 0  1 0
    26  -.4609714522130214E-04   2   0 0  0 1  0 0  1 0
    27   3.513429422447265       2   1 0  0 0  0 0  0 1
    28   3.188835989207261       2   0 1  0 0  0 0  0 1
    29  0.9956404343710737E-04   2   0 0  1 0  0 0  0 1
    30  0.9225625781715938E-04   2   0 0  0 1  0 0  0 1
    31  -.1718986354479595E-05   2   0 0  0 0  0 2  0 0
    32  -.1278364091747029E-05   2   0 0  0 0  0 1  1 0
    33  -.1715812842582113E-05   2   0 0  0 0  0 0  2 0
    34  0.4716336954986963E-05   2   0 0  0 0  0 1  0 1
    35  0.4709989930986603E-05   2   0 0  0 0  0 0  1 1
    36  -.4713163236688729E-05   2   0 0  0 0  0 0  0 2
    37  -15.19542651912010       3   3 0  0 0  0 0  0 0
    38  -44.07670293957938       3   2 1  0 0  0 0  0 0
    39  -43.99819277902366       3   1 2  0 0  0 0  0 0
    40  -13.58409828433573       3   0 3  0 0  0 0  0 0
    41  -.6376443148285656E-01   3   2 0  1 0  0 0  0 0
    42  -.1154841519605542       3   1 1  1 0  0 0  0 0
    43  -.5254364086926938E-01   3   0 2  1 0  0 0  0 0
    44  -18.29477732121736       3   1 0  2 0  0 0  0 0
    45  -14.34305093620063       3   0 1  2 0  0 0  0 0
    46  0.1331022724307515E-01   3   0 0  3 0  0 0  0 0
    47  -.6036945829776075E-01   3   2 0  0 1  0 0  0 0
    48  -.1103436354390278       3   1 1  0 1  0 0  0 0
    49  -.5061937757795545E-01   3   0 2  0 1  0 0  0 0
    50  -39.21317128190162       3   1 0  1 1  0 0  0 0
    51  -32.34262014846415       3   0 1  1 1  0 0  0 0
    52  0.3619192878174550E-01   3   0 0  2 1  0 0  0 0
    53  -18.58518036051166       3   1 0  0 2  0 0  0 0
    54  -14.34619013706464       3   0 1  0 2  0 0  0 0
    55  0.3314034520776253E-01   3   0 0  1 2  0 0  0 0
    56  0.1026471630602322E-01   3   0 0  0 3  0 0  0 0
    57  0.1489433132890427       3   2 0  0 0  0 1  0 0
    58   1.037733012072717       3   1 1  0 0  0 1  0 0
    59  0.8282777032800885       3   0 2  0 0  0 1  0 0
    60  -.1473198512327614E-02   3   1 0  1 0  0 1  0 0
    61  -.2496363417483496E-02   3   0 1  1 0  0 1  0 0
    62  0.1965414041853677E-01   3   0 0  2 0  0 1  0 0
    63  -.3337001048148585E-02   3   1 0  0 1  0 1  0 0
    64  -.3903036352513326E-02   3   0 1  0 1  0 1  0 0
    65  -.4426875868952444       3   0 0  1 1  0 1  0 0
    66  -.4266290503495095       3   0 0  0 2  0 1  0 0
    67  0.1487428723974761       3   2 0  0 0  0 0  1 0
    68   1.036336479891738       3   1 1  0 0  0 0  1 0
    69  0.8271630461823939       3   0 2  0 0  0 0  1 0
    70  -.1471215951199168E-02   3   1 0  1 0  0 0  1 0
    71  -.2493003929245781E-02   3   0 1  1 0  0 0  1 0
    72  0.1962769080262913E-01   3   0 0  2 0  0 0  1 0
    73  -.3332510269405403E-02   3   1 0  0 1  0 0  1 0
    74  -.3897783830133851E-02   3   0 1  0 1  0 0  1 0
    75  -.4420918388039435       3   0 0  1 1  0 0  1 0
    76  -.4260549130798795       3   0 0  0 2  0 0  1 0
    77  -1.141633592728591       3   2 0  0 0  0 0  0 1
    78  -2.074074243435614       3   1 1  0 0  0 0  0 1
    79  -.9456189963098556       3   0 2  0 0  0 0  0 1
    80  0.6738690593376493E-02   3   1 0  1 0  0 0  0 1
    81  0.4985130405645040E-02   3   0 1  1 0  0 0  0 1
    82  0.4900503661340968       3   0 0  2 0  0 0  0 1
    83  0.6664929549538613E-02   3   1 0  0 1  0 0  0 1
    84  0.5164052101226828E-02   3   0 1  0 1  0 0  0 1
    85  0.8847821902305262       3   0 0  1 1  0 0  0 1
    86  0.4049334030888027       3   0 0  0 2  0 0  0 1
    87  0.1537360127453478       3   1 0  0 0  0 2  0 0
    88   1.284248901875830       3   0 1  0 0  0 2  0 0
    89  0.3606125350724647E-05   3   0 0  1 0  0 2  0 0
    90  0.3683536926869053E-04   3   0 0  0 1  0 2  0 0
    91  0.1083703888047791       3   1 0  0 0  0 1  1 0
    92  0.9738407290634650       3   0 1  0 0  0 1  1 0
    93  0.1933089780532967E-05   3   0 0  1 0  0 1  1 0
    94  0.2753467668074747E-04   3   0 0  0 1  0 1  1 0
    95  0.1534562021837530       3   1 0  0 0  0 0  2 0
    96   1.281865345749413       3   0 1  0 0  0 0  2 0
    97  0.3599971666619368E-05   3   0 0  1 0  0 0  2 0
    98  0.3676727052961243E-04   3   0 0  0 1  0 0  2 0
    99  -.4158415881116541       3   1 0  0 0  0 1  0 1
   100  -1.946846270794078       3   0 1  0 0  0 1  0 1
   101  -.9243573234100872E-05   3   0 0  1 0  0 1  0 1
   102  -.5514302636573024E-04   3   0 0  0 1  0 1  0 1
   103  -.4152819681003054       3   1 0  0 0  0 0  1 1
   104  -1.944226296834526       3   0 1  0 0  0 0  1 1
   105  -.9231133668877054E-05   3   0 0  1 0  0 0  1 1
   106  -.5506881747964814E-04   3   0 0  0 1  0 0  1 1
   107  0.4155612994199386       3   1 0  0 0  0 0  0 2
   108  0.3511178904607495       3   0 1  0 0  0 0  0 2
   109  0.9270148271193071E-05   3   0 0  1 0  0 0  0 2
   110  0.9040802194705728E-05   3   0 0  0 1  0 0  0 2
   111  0.1498595859445261E-05   3   0 0  0 0  0 3  0 0
   112  0.1059873768086158E-05   3   0 0  0 0  0 2  1 0
   113  0.1060755314307246E-05   3   0 0  0 0  0 1  2 0
   114  0.1494858547409728E-05   3   0 0  0 0  0 0  3 0
   115  -.3840420091252744E-05   3   0 0  0 0  0 2  0 1
   116  -.2967595930180113E-05   3   0 0  0 0  0 1  1 1
   117  -.3833255009514148E-05   3   0 0  0 0  0 0  2 1
   118  0.2967850303782165E-05   3   0 0  0 0  0 1  0 2
   119  0.2963856310713525E-05   3   0 0  0 0  0 0  1 2
   120  -.4063683277011997E-06   3   0 0  0 0  0 0  0 3
   121  -89.98352006731534       4   4 0  0 0  0 0  0 0
   122  -333.6146612083725       4   3 1  0 0  0 0  0 0
   123  -465.6757232618764       4   2 2  0 0  0 0  0 0
   124  -290.7475713082259       4   1 3  0 0  0 0  0 0
   125  -68.65868324322769       4   0 4  0 0  0 0  0 0
   126  -.4378292768720508E-01   4   3 0  1 0  0 0  0 0
   127  -.1152254484778080       4   2 1  1 0  0 0  0 0
   128  -.1015233347445489       4   1 2  1 0  0 0  0 0
   129  -.2847477683694665E-01   4   0 3  1 0  0 0  0 0
   130   353.7961167297069       4   2 0  2 0  0 0  0 0
   131   635.5954798887007       4   1 1  2 0  0 0  0 0
   132   286.9214444303203       4   0 2  2 0  0 0  0 0
   133  0.3346353606980410E-01   4   1 0  3 0  0 0  0 0
   134  0.3231113853692684E-01   4   0 1  3 0  0 0  0 0
   135  -39.97707360134595       4   0 0  4 0  0 0  0 0
   136  -.4127147080018509E-01   4   3 0  0 1  0 0  0 0
   137  -.1101475239625672       4   2 1  0 1  0 0  0 0
   138  -.9685440288357809E-01   4   1 2  0 1  0 0  0 0
   139  -.2691394516147339E-01   4   0 3  0 1  0 0  0 0
   140   664.5408374298423       4   2 0  1 1  0 0  0 0
   141   1203.006064846253       4   1 1  1 1  0 0  0 0
   142   547.6503304700425       4   0 2  1 1  0 0  0 0
   143  0.9711763878999034E-01   4   1 0  2 1  0 0  0 0
   144  0.9396866312202136E-01   4   0 1  2 1  0 0  0 0
   145  -143.9518679400582       4   0 0  3 1  0 0  0 0
   146   314.3727508542925       4   2 0  0 2  0 0  0 0
   147   572.6444537868422       4   1 1  0 2  0 0  0 0
   148   262.4804684496867       4   0 2  0 2  0 0  0 0
   149  0.9397234534295847E-01   4   1 0  1 2  0 0  0 0
   150  0.9224010557811665E-01   4   0 1  1 2  0 0  0 0
   151  -196.2144751337608       4   0 0  2 2  0 0  0 0
   152  0.3195432217305612E-01   4   1 0  0 3  0 0  0 0
   153  0.3176830345635809E-01   4   0 1  0 3  0 0  0 0
   154  -119.5582746928476       4   0 0  1 3  0 0  0 0
   155  -27.37640298657480       4   0 0  0 4  0 0  0 0
   156   12.10492704729061       4   3 0  0 0  0 1  0 0
   157   56.54276025120647       4   2 1  0 0  0 1  0 0
   158   76.80188104134203       4   1 2  0 0  0 1  0 0
   159   30.69046483435259       4   0 3  0 0  0 1  0 0
   160  -.5729239290693275E-02   4   2 0  1 0  0 1  0 0
   161  0.4005074299252777E-01   4   1 1  1 0  0 1  0 0
   162  0.4091673483724698E-01   4   0 2  1 0  0 1  0 0
   163   5.901940223362889       4   1 0  2 0  0 1  0 0
   164   11.08566569861687       4   0 1  2 0  0 1  0 0
   165  0.1170567824385880E-02   4   0 0  3 0  0 1  0 0
   166  0.1966637208643359E-01   4   2 0  0 1  0 1  0 0
   167  0.8346937986357526E-01   4   1 1  0 1  0 1  0 0
   168  0.5985533173378643E-01   4   0 2  0 1  0 1  0 0
   169   34.01575621825251       4   1 0  1 1  0 1  0 0
   170   43.18081600122957       4   0 1  1 1  0 1  0 0
   171  -.1237294099239896E-01   4   0 0  2 1  0 1  0 0
   172   26.51510141180586       4   1 0  0 2  0 1  0 0
   173   27.79520006291831       4   0 1  0 2  0 1  0 0
   174  -.2528341570098661E-01   4   0 0  1 2  0 1  0 0
   175  -.1208839359618970E-01   4   0 0  0 3  0 1  0 0
   176   12.08863680695547       4   3 0  0 0  0 0  1 0
   177   56.46666766922718       4   2 1  0 0  0 0  1 0
   178   76.69852468938264       4   1 2  0 0  0 0  1 0
   179   30.64916305316955       4   0 3  0 0  0 0  1 0
   180  -.5721529150465601E-02   4   2 0  1 0  0 0  1 0
   181  0.3999684459013453E-01   4   1 1  1 0  0 0  1 0
   182  0.4086167102384185E-01   4   0 2  1 0  0 0  1 0
   183   5.893997670359112       4   1 0  2 0  0 0  1 0
   184   11.07074713216899       4   0 1  2 0  0 0  1 0
   185  0.1168992529374771E-02   4   0 0  3 0  0 0  1 0
   186  0.1963990600972364E-01   4   2 0  0 1  0 0  1 0
   187  0.8335705070593041E-01   4   1 1  0 1  0 0  1 0
   188  0.5977478124922311E-01   4   0 2  0 1  0 0  1 0
   189   33.96997941664108       4   1 0  1 1  0 0  1 0
   190   43.12270529409650       4   0 1  1 1  0 0  1 0
   191  -.1235629007152788E-01   4   0 0  2 1  0 0  1 0
   192   26.47941863793934       4   1 0  0 2  0 0  1 0
   193   27.75779459261607       4   0 1  0 2  0 0  1 0
   194  -.2524939047170233E-01   4   0 0  1 2  0 0  1 0
   195  -.1207212560579419E-01   4   0 0  0 3  0 0  1 0
   196  -39.39906942512136       4   3 0  0 0  0 0  0 1
   197  -113.0414172238768       4   2 1  0 0  0 0  0 1
   198  -109.5362221506884       4   1 2  0 0  0 0  0 1
   199  -34.18353275596882       4   0 3  0 0  0 0  0 1
   200  0.4382322579509093E-04   4   2 0  1 0  0 0  0 1
   201  0.2245759665479181E-03   4   1 1  1 0  0 0  0 1
   202  0.1820096540738945E-03   4   0 2  1 0  0 0  0 1
   203  -30.07089743594343       4   1 0  2 0  0 0  0 1
   204  -22.13695033954204       4   0 1  2 0  0 0  0 1
   205  -.8631865748309870E-03   4   0 0  3 0  0 0  0 1
   206  0.3305494609840415E-03   4   2 0  0 1  0 0  0 1
   207  0.5444885013629057E-03   4   1 1  0 1  0 0  0 1
   208  0.2853394275730148E-03   4   0 2  0 1  0 0  0 1
   209  -67.94346737423616       4   1 0  1 1  0 0  0 1
   210  -53.91866117336799       4   0 1  1 1  0 0  0 1
   211  -.2630559585243819E-02   4   0 0  2 1  0 0  0 1
   212  -34.38648393360624       4   1 0  0 2  0 0  0 1
   213  -26.83746653696486       4   0 1  0 2  0 0  0 1
   214  -.2627550932362209E-02   4   0 0  1 2  0 0  0 1
   215  -.8121607138268513E-03   4   0 0  0 3  0 0  0 1
   216  -.1191484330435114       4   2 0  0 0  0 2  0 0
   217  -.9215478519368752       4   1 1  0 0  0 2  0 0
   218  -.9205637499597541       4   0 2  0 0  0 2  0 0
   219  -.7629915410884991E-03   4   1 0  1 0  0 2  0 0
   220  0.7932466068954125E-03   4   0 1  1 0  0 2  0 0
   221  -.1157590060220923E-01   4   0 0  2 0  0 2  0 0
   222  0.1255165007805735E-02   4   1 0  0 1  0 2  0 0
   223  0.3011530803830092E-02   4   0 1  0 1  0 2  0 0
   224  0.3171794882435402       4   0 0  1 1  0 2  0 0
   225  0.4134242729546430       4   0 0  0 2  0 2  0 0
   226  -.9183316683355640E-01   4   2 0  0 0  0 1  1 0
   227  -.8115698333017024       4   1 1  0 0  0 1  1 0
   228  -1.015825253837100       4   0 2  0 0  0 1  1 0
   229  -.9146466191967890E-03   4   1 0  1 0  0 1  1 0
   230  0.8644711170257989E-03   4   0 1  1 0  0 1  1 0
   231  -.3000964094605038E-02   4   0 0  2 0  0 1  1 0
   232  0.1354985463108317E-02   4   1 0  0 1  0 1  1 0
   233  0.4022849425054809E-02   4   0 1  0 1  0 1  1 0
   234  0.1923617136308982       4   0 0  1 1  0 1  1 0
   235  0.4002960109970116       4   0 0  0 2  0 1  1 0
   236  -.1189262963236084       4   2 0  0 0  0 0  2 0
   237  -.9197615900519497       4   1 1  0 0  0 0  2 0
   238  -.9186413737735201       4   0 2  0 0  0 0  2 0
   239  -.7613492988738925E-03   4   1 0  1 0  0 0  2 0
   240  0.7915974107521796E-03   4   0 1  1 0  0 0  2 0
   241  -.1155830302270814E-01   4   0 0  2 0  0 0  2 0
   242  0.1252564128103108E-02   4   1 0  0 1  0 0  2 0
   243  0.3004771147019872E-02   4   0 1  0 1  0 0  2 0
   244  0.3166232073721575       4   0 0  1 1  0 0  2 0
   245  0.4125985562989601       4   0 0  0 2  0 0  2 0
   246  0.3335522852762090       4   2 0  0 0  0 1  0 1
   247   1.627052863201317       4   1 1  0 0  0 1  0 1
   248   1.206533841573327       4   0 2  0 0  0 1  0 1
   249  0.1226824381010618E-02   4   1 0  1 0  0 1  0 1
   250  -.1281281303216219E-02   4   0 1  1 0  0 1  0 1
   251  0.2579848969842438E-01   4   0 0  2 0  0 1  0 1
   252  -.1793646081978801E-02   4   1 0  0 1  0 1  0 1
   253  -.3607789119446149E-02   4   0 1  0 1  0 1  0 1
   254  -.3833683001930867       4   0 0  1 1  0 1  0 1
   255  -.3734263551620782       4   0 0  0 2  0 1  0 1
   256  0.3331034063304481       4   2 0  0 0  0 0  1 1
   257   1.624863252138346       4   1 1  0 0  0 0  1 1
   258   1.204910145191298       4   0 2  0 0  0 0  1 1
   259  0.1225173378576883E-02   4   1 0  1 0  0 0  1 1
   260  -.1279557015223051E-02   4   0 1  1 0  0 0  1 1
   261  0.2576377130683018E-01   4   0 0  2 0  0 0  1 1
   262  -.1791232277613286E-02   4   1 0  0 1  0 0  1 1
   263  -.3602933926878410E-02   4   0 1  0 1  0 0  1 1
   264  -.3828523812022065       4   0 0  1 1  0 0  1 1
   265  -.3729238155722744       4   0 0  0 2  0 0  1 1
   266  -.3367491013990525       4   2 0  0 0  0 0  0 2
   267  -.5970729808099379       4   1 1  0 0  0 0  0 2
   268  -.2645375369626857       4   0 2  0 0  0 0  0 2
   269  -.1430124907137044E-04   4   1 0  1 0  0 0  0 2
   270  -.6257059626215782E-04   4   0 1  1 0  0 0  0 2
   271  -.2542648898093959E-01   4   0 0  2 0  0 0  0 2
   272  -.1303632552031232E-04   4   1 0  0 1  0 0  0 2
   273  -.5139226970074893E-04   4   0 1  0 1  0 0  0 2
   274  -.5941140026466210E-01   4   0 0  1 1  0 0  0 2
   275  -.3202884613952759E-01   4   0 0  0 2  0 0  0 2
   276  -.1310866448325545       4   1 0  0 0  0 3  0 0
   277  -1.130577797125986       4   0 1  0 0  0 3  0 0
   278  -.4803187601371463E-05   4   0 0  1 0  0 3  0 0
   279  -.3811421490469830E-04   4   0 0  0 1  0 3  0 0
   280  -.8575242051305507E-01   4   1 0  0 0  0 2  1 0
   281  -.8233665446060037       4   0 1  0 0  0 2  1 0
   282  -.2444378035512691E-05   4   0 0  1 0  0 2  1 0
   283  -.2656555040282678E-04   4   0 0  0 1  0 2  1 0
   284  -.8584357740003674E-01   4   1 0  0 0  0 1  2 0
   285  -.8239836189431936       4   0 1  0 0  0 1  2 0
   286  -.2449126549407950E-05   4   0 0  1 0  0 1  2 0
   287  -.2658875933528344E-04   4   0 0  0 1  0 1  2 0
   288  -.1307644065171433       4   1 0  0 0  0 0  3 0
   289  -1.127742302661508       4   0 1  0 0  0 0  3 0
   290  -.4791849201029311E-05   4   0 0  1 0  0 0  3 0
   291  -.3801942520281801E-04   4   0 0  0 1  0 0  3 0
   292  0.3252039586509777       4   1 0  0 0  0 2  0 1
   293   1.646512587507639       4   0 1  0 0  0 2  0 1
   294  0.6683426022210561E-05   4   0 0  1 0  0 2  0 1
   295  0.4906093444445908E-04   4   0 0  0 1  0 2  0 1
   296  0.2347606604922468       4   1 0  0 0  0 1  1 1
   297   1.346935329864400       4   0 1  0 0  0 1  1 1
   298  0.4092215104090827E-05   4   0 0  1 0  0 1  1 1
   299  0.3816768036325116E-04   4   0 0  0 1  0 1  1 1
   300  0.3246083495732515       4   1 0  0 0  0 0  2 1
   301   1.643390467420781       4   0 1  0 0  0 0  2 1
   302  0.6671678227334835E-05   4   0 0  1 0  0 0  2 1
   303  0.4896922841831913E-04   4   0 0  0 1  0 0  2 1
   304  -.2346055133226721       4   1 0  0 0  0 1  0 2
   305  -.3730708817558729       4   0 1  0 0  0 1  0 2
   306  -.2073681877296808E-05   4   0 0  1 0  0 1  0 2
   307  -.5327470653607996E-05   4   0 0  0 1  0 1  0 2
   308  -.2342897922794089       4   1 0  0 0  0 0  1 2
   309  -.3725688205454196       4   0 1  0 0  0 0  1 2
   310  -.2070891213955303E-05   4   0 0  1 0  0 0  1 2
   311  -.5320301194677108E-05   4   0 0  0 1  0 0  1 2
   312  0.1776973301241419E-01   4   1 0  0 0  0 0  0 3
   313  0.1446066153095678E-01   4   0 1  0 0  0 0  0 3
   314  0.1120553638137443E-05   4   0 0  1 0  0 0  0 3
   315  0.9176181043885447E-06   4   0 0  0 1  0 0  0 3
   316  -.3955733312112871E-04   4   0 0  0 0  0 4  0 0
   317  -.2559192950509027E-04   4   0 0  0 0  0 3  1 0
   318  -.2374671847269878E-04   4   0 0  0 0  0 2  2 0
   319  -.2563183421235485E-04   4   0 0  0 0  0 1  3 0
   320  -.3943371392747620E-04   4   0 0  0 0  0 0  4 0
   321  0.4900598288297175E-04   4   0 0  0 0  0 3  0 1
   322  0.3503460848714241E-04   4   0 0  0 0  0 2  1 1
   323  0.3506267838447710E-04   4   0 0  0 0  0 1  2 1
   324  0.4888351579164165E-04   4   0 0  0 0  0 0  3 1
   325  -.4398411207572207E-05   4   0 0  0 0  0 2  0 2
   326  -.5331015326105426E-05   4   0 0  0 0  0 1  1 2
   327  -.4388904918466842E-05   4   0 0  0 0  0 0  2 2
   328  0.4564338173842207E-07   4   0 0  0 0  0 1  0 3
   329  0.4558195702637654E-07   4   0 0  0 0  0 0  1 3
   330  0.1984949314623058E-12   4   0 0  0 0  0 0  0 4
   ----------------------------------------------------
     I  COEFFICIENT            ORDER EXPONENTS
     1  0.1681517816427799E-04   0   0 0  0 0  0 0  0 0
     2  0.1939378759300483E-04   1   1 0  0 0  0 0  0 0
     3  0.1717466209515024E-04   1   0 1  0 0  0 0  0 0
     4  0.4480036833303147       1   0 0  1 0  0 0  0 0
     5  0.6506280324022822       1   0 0  0 1  0 0  0 0
     6  -.2175630597598606E-04   1   0 0  0 0  0 1  0 0
     7  -.2172702736474279E-04   1   0 0  0 0  0 0  1 0
     8  0.4348333334086148E-04   1   0 0  0 0  0 0  0 1
     9  0.5476776203697223E-03   2   2 0  0 0  0 0  0 0
    10  0.1063514894394657E-02   2   1 1  0 0  0 0  0 0
    11  0.5566522918460044E-03   2   0 2  0 0  0 0  0 0
    12  0.2357675871576492       2   1 0  1 0  0 0  0 0
    13  0.2097148218173011       2   0 1  1 0  0 0  0 0
    14  0.9240998698753432E-04   2   0 0  2 0  0 0  0 0
    15  0.2155395393676448       2   1 0  0 1  0 0  0 0
    16  0.1929807313276427       2   0 1  0 1  0 0  0 0
    17  0.1670986456287599E-03   2   0 0  1 1  0 0  0 0
    18  0.1241002009551100E-03   2   0 0  0 2  0 0  0 0
    19  -.1062620532224521E-04   2   1 0  0 0  0 1  0 0
    20  -.1807278611933491E-04   2   0 1  0 0  0 1  0 0
    21  0.2515335308934982       2   0 0  1 0  0 1  0 0
    22  -.9860833690598464E-01   2   0 0  0 1  0 1  0 0
    23  -.1061190507591829E-04   2   1 0  0 0  0 0  1 0
    24  -.1804846461551645E-04   2   0 1  0 0  0 0  1 0
    25  0.2511950289219867       2   0 0  1 0  0 0  1 0
    26  -.9847563445342622E-01   2   0 0  0 1  0 0  1 0
    27  0.2123808161560456E-04   2   1 0  0 0  0 0  0 1
    28  0.1894656034993958E-04   2   0 1  0 0  0 0  0 1
    29  -.5027285598367406       2   0 0  1 0  0 0  0 1
    30  -.4535440610644109       2   0 0  0 1  0 0  0 1
    31  0.1537561827473003E-04   2   0 0  0 0  0 2  0 0
    32  0.9012069618368156E-05   2   0 0  0 0  0 1  1 0
    33  0.1534886248299992E-04   2   0 0  0 0  0 0  2 0
    34  -.1800701278089929E-04   2   0 0  0 0  0 1  0 1
    35  -.1798277979173987E-04   2   0 0  0 0  0 0  1 1
    36  -.3746763125350738E-05   2   0 0  0 0  0 0  0 2
    37  -.4637831906472130E-02   3   3 0  0 0  0 0  0 0
    38  -.1253145864571555E-01   3   2 1  0 0  0 0  0 0
    39  -.1132894321959434E-01   3   1 2  0 0  0 0  0 0
    40  -.3417649292608294E-02   3   0 3  0 0  0 0  0 0
    41  -5.160104793568947       3   2 0  1 0  0 0  0 0
    42  -10.76113777538502       3   1 1  1 0  0 0  0 0
    43  -5.984811921789014       3   0 2  1 0  0 0  0 0
    44  0.8960999906667717E-02   3   1 0  2 0  0 0  0 0
    45  0.7900324783093934E-02   3   0 1  2 0  0 0  0 0
    46  -.9703360601527651       3   0 0  3 0  0 0  0 0
    47  -5.594166264638732       3   2 0  0 1  0 0  0 0
    48  -10.99115360249907       3   1 1  0 1  0 0  0 0
    49  -5.481917395110692       3   0 2  0 1  0 0  0 0
    50  0.1624690252100579E-01   3   1 0  1 1  0 0  0 0
    51  0.1441839095495866E-01   3   0 1  1 1  0 0  0 0
    52  -2.294251067950411       3   0 0  2 1  0 0  0 0
    53  0.7464729372450213E-02   3   1 0  0 2  0 0  0 0
    54  0.6678455214096611E-02   3   0 1  0 2  0 0  0 0
    55  -2.319050238946139       3   0 0  1 2  0 0  0 0
    56  -.6214479868973450       3   0 0  0 3  0 0  0 0
    57  -.5505035026720354E-03   3   2 0  0 0  0 1  0 0
    58  -.1623678447030611E-02   3   1 1  0 0  0 1  0 0
    59  -.1110015177073582E-02   3   0 2  0 0  0 1  0 0
    60  -.1054109821149497       3   1 0  1 0  0 1  0 0
    61  -.1978243355406374       3   0 1  1 0  0 1  0 0
    62  -.2664534408135412E-03   3   0 0  2 0  0 1  0 0
    63  -.2065009823553386       3   1 0  0 1  0 1  0 0
    64  -.2806615900503850       3   0 1  0 1  0 1  0 0
    65  -.4469098560381443E-03   3   0 0  1 1  0 1  0 0
    66  -.2543753550402211E-03   3   0 0  0 2  0 1  0 0
    67  -.5497626610024708E-03   3   2 0  0 0  0 0  1 0
    68  -.1621493377097913E-02   3   1 1  0 0  0 0  1 0
    69  -.1108521370961481E-02   3   0 2  0 0  0 0  1 0
    70  -.1052691249830671       3   1 0  1 0  0 0  1 0
    71  -.1975581128730049       3   0 1  1 0  0 0  1 0
    72  -.2660948603304100E-03   3   0 0  2 0  0 0  1 0
    73  -.2062230830653391       3   1 0  0 1  0 0  1 0
    74  -.2802838889096178       3   0 1  0 1  0 0  1 0
    75  -.4463084258160201E-03   3   0 0  1 1  0 0  1 0
    76  -.2540330286757032E-03   3   0 0  0 2  0 0  1 0
    77  0.1099748796114719E-02   3   2 0  0 0  0 0  0 1
    78  0.2180587936911739E-02   3   1 1  0 0  0 0  0 1
    79  0.1104677392815989E-02   3   0 2  0 0  0 0  0 1
    80  0.2106804536102612       3   1 0  1 0  0 0  0 1
    81  0.1856679052061117       3   0 1  1 0  0 0  0 1
    82  0.5328140471352199E-03   3   0 0  2 0  0 0  0 1
    83  0.1971848064328137       3   1 0  0 1  0 0  0 1
    84  0.1749842406425385       3   0 1  0 1  0 0  0 1
    85  0.7266697252320038E-03   3   0 0  1 1  0 0  0 1
    86  0.2604938254875461E-03   3   0 0  0 2  0 0  0 1
    87  0.8446955986504533E-05   3   1 0  0 0  0 2  0 0
    88  0.1872150837131882E-04   3   0 1  0 0  0 2  0 0
    89  -.1767028096140531       3   0 0  1 0  0 2  0 0
    90  -.2960980363978893E-01   3   0 0  0 1  0 2  0 0
    91  0.6321346303103971E-05   3   1 0  0 0  0 1  1 0
    92  0.1943320885462311E-04   3   0 1  0 0  0 1  1 0
    93  -.1020731220286482       3   0 0  1 0  0 1  1 0
    94  -.1574830870338688       3   0 0  0 1  0 1  1 0
    95  0.8431334986259287E-05   3   1 0  0 0  0 0  2 0
    96  0.1868323769935973E-04   3   0 1  0 0  0 0  2 0
    97  -.1763963287020464       3   0 0  1 0  0 0  2 0
    98  -.2946398950320768E-01   3   0 0  0 1  0 0  2 0
    99  -.1269453278461839E-04   3   1 0  0 0  0 1  0 1
   100  -.2088512360623080E-04   3   0 1  0 0  0 1  0 1
   101  0.2039454434638141       3   0 0  1 0  0 1  0 1
   102  0.4139195343871435       3   0 0  0 1  0 1  0 1
   103  -.1267744908066947E-04   3   1 0  0 0  0 0  1 1
   104  -.2085701739116331E-04   3   0 1  0 0  0 0  1 1
   105  0.2036709832976164       3   0 0  1 0  0 0  1 1
   106  0.4133625009851172       3   0 0  0 1  0 0  1 1
   107  0.2138835399380833E-05   3   1 0  0 0  0 0  0 2
   108  0.2024548372020741E-05   3   0 1  0 0  0 0  0 2
   109  0.4755600155738003E-01   3   0 0  1 0  0 0  0 2
   110  0.3990296486999656E-01   3   0 0  0 1  0 0  0 2
   111  -.1220359392438331E-04   3   0 0  0 0  0 3  0 0
   112  -.5863018788839624E-05   3   0 0  0 0  0 2  1 0
   113  -.5875784907641883E-05   3   0 0  0 0  0 1  2 0
   114  -.1217501962882991E-04   3   0 0  0 0  0 0  3 0
   115  0.1172126267570627E-04   3   0 0  0 0  0 2  0 1
   116  0.5452119840736370E-05   3   0 0  0 0  0 1  1 1
   117  0.1170182014983520E-04   3   0 0  0 0  0 0  2 1
   118  0.3560180954915460E-05   3   0 0  0 0  0 1  0 2
   119  0.3555389831171854E-05   3   0 0  0 0  0 0  1 2
   120  0.1260546750066036E-06   3   0 0  0 0  0 0  0 3
   121  -.1404132289540629E-02   4   4 0  0 0  0 0  0 0
   122  -.4071099740195943E-02   4   3 1  0 0  0 0  0 0
   123  -.3882905317064764E-02   4   2 2  0 0  0 0  0 0
   124  -.6493142096428888E-03   4   1 3  0 0  0 0  0 0
   125  0.5652444581361978E-03   4   0 4  0 0  0 0  0 0
   126   54.24483798289847       4   3 0  1 0  0 0  0 0
   127   147.8763779483267       4   2 1  1 0  0 0  0 0
   128   135.1209611700274       4   1 2  1 0  0 0  0 0
   129   41.47696435799035       4   0 3  1 0  0 0  0 0
   130  0.1293278378408831E-01   4   2 0  2 0  0 0  0 0
   131  0.2512950280409717E-01   4   1 1  2 0  0 0  0 0
   132  0.1280970125752069E-01   4   0 2  2 0  0 0  0 0
   133  -35.41260315766664       4   1 0  3 0  0 0  0 0
   134  -31.06867300349142       4   0 1  3 0  0 0  0 0
   135  0.6906797158165532E-05   4   0 0  4 0  0 0  0 0
   136   50.49076883326556       4   3 0  0 1  0 0  0 0
   137   138.4362139290198       4   2 1  0 1  0 0  0 0
   138   127.3191534669597       4   1 2  0 1  0 0  0 0
   139   39.35892092341530       4   0 3  0 1  0 0  0 0
   140  0.2078683866204747E-01   4   2 0  1 1  0 0  0 0
   141  0.4007345832820298E-01   4   1 1  1 1  0 0  0 0
   142  0.2006516479053084E-01   4   0 2  1 1  0 0  0 0
   143  -96.56633512907837       4   1 0  2 1  0 0  0 0
   144  -85.27867352362334       4   0 1  2 1  0 0  0 0
   145  -.1316582662914415E-02   4   0 0  3 1  0 0  0 0
   146  0.8668025505455625E-02   4   2 0  0 2  0 0  0 0
   147  0.1717153694069265E-01   4   1 1  0 2  0 0  0 0
   148  0.8764628048576407E-02   4   0 2  0 2  0 0  0 0
   149  -88.25394062634217       4   1 0  1 2  0 0  0 0
   150  -78.34802579654865       4   0 1  1 2  0 0  0 0
   151  -.3044551945916081E-02   4   0 0  2 2  0 0  0 0
   152  -26.92254649181800       4   1 0  0 3  0 0  0 0
   153  -23.99391687815503       4   0 1  0 3  0 0  0 0
   154  -.2390539840378250E-02   4   0 0  1 3  0 0  0 0
   155  -.6025014474746720E-03   4   0 0  0 4  0 0  0 0
   156  0.5076349603615673E-03   4   3 0  0 0  0 1  0 0
   157  0.6758582815453106E-02   4   2 1  0 0  0 1  0 0
   158  0.1089518636997240E-01   4   1 2  0 0  0 1  0 0
   159  0.4697070050457592E-02   4   0 3  0 0  0 1  0 0
   160   5.985913868452124       4   2 0  1 0  0 1  0 0
   161   17.50613309309405       4   1 1  1 0  0 1  0 0
   162   12.22885066652743       4   0 2  1 0  0 1  0 0
   163  -.7094673226842776E-03   4   1 0  2 0  0 1  0 0
   164  -.4186396044872088E-02   4   0 1  2 0  0 1  0 0
   165   1.315065676351344       4   0 0  3 0  0 1  0 0
   166   8.524417863431301       4   2 0  0 1  0 1  0 0
   167   22.38984670186719       4   1 1  0 1  0 1  0 0
   168   14.12635879781761       4   0 2  0 1  0 1  0 0
   169  -.8326190122246420E-02   4   1 0  1 1  0 1  0 0
   170  -.1379575161166703E-01   4   0 1  1 1  0 1  0 0
   171   3.911420919194315       4   0 0  2 1  0 1  0 0
   172  -.7056383966154323E-02   4   1 0  0 2  0 1  0 0
   173  -.9250075697852456E-02   4   0 1  0 2  0 1  0 0
   174   4.305890576593028       4   0 0  1 2  0 1  0 0
   175   1.560680944557315       4   0 0  0 3  0 1  0 0
   176  0.5069518091559140E-03   4   3 0  0 0  0 0  1 0
   177  0.6749487433221023E-02   4   2 1  0 0  0 0  1 0
   178  0.1088052414162801E-01   4   1 2  0 0  0 0  1 0
   179  0.4690748954948920E-02   4   0 3  0 0  0 0  1 0
   180   5.977858307674310       4   2 0  1 0  0 0  1 0
   181   17.48257416421286       4   1 1  1 0  0 0  1 0
   182   12.21239365562620       4   0 2  1 0  0 0  1 0
   183  -.7085125549974447E-03   4   1 0  2 0  0 0  1 0
   184  -.4180762190372909E-02   4   0 1  2 0  0 0  1 0
   185   1.313295922941008       4   0 0  3 0  0 0  1 0
   186   8.512946103612594       4   2 0  0 1  0 0  1 0
   187   22.35971550137276       4   1 1  0 1  0 0  1 0
   188   14.10734820989975       4   0 2  0 1  0 0  1 0
   189  -.8314985127979648E-02   4   1 0  1 1  0 0  1 0
   190  -.1377718593931930E-01   4   0 1  1 1  0 0  1 0
   191   3.906157113260145       4   0 0  2 1  0 0  1 0
   192  -.7046887817168529E-02   4   1 0  0 2  0 0  1 0
   193  -.9237627381919255E-02   4   0 1  0 2  0 0  1 0
   194   4.300095911984641       4   0 0  1 2  0 0  1 0
   195   1.558580653694474       4   0 0  0 3  0 0  1 0
   196  0.3896080407515298E-03   4   3 0  0 0  0 0  0 1
   197  0.1313515178347495E-02   4   2 1  0 0  0 0  0 1
   198  0.1442722793685928E-02   4   1 2  0 0  0 0  0 1
   199  0.5290906233726988E-03   4   0 3  0 0  0 0  0 1
   200  -11.95896268244667       4   2 0  1 0  0 0  0 1
   201  -24.21772848329630       4   1 1  1 0  0 0  0 1
   202  -12.46655864482742       4   0 2  1 0  0 0  0 1
   203  -.9100898872999691E-03   4   1 0  2 0  0 0  0 1
   204  -.8533270118619747E-03   4   0 1  2 0  0 0  0 1
   205  -2.629233506782717       4   0 0  3 0  0 0  0 1
   206  -11.43802912308396       4   2 0  0 1  0 0  0 1
   207  -22.75659453353818       4   1 1  0 1  0 0  0 1
   208  -11.78243292424977       4   0 2  0 1  0 0  0 1
   209  -.1885275937499839E-02   4   1 0  1 1  0 0  0 1
   210  -.1772974484461546E-02   4   0 1  1 1  0 0  0 1
   211  -5.526010034149760       4   0 0  2 1  0 0  0 1
   212  -.9051867174967362E-03   4   1 0  0 2  0 0  0 1
   213  -.8442324515226644E-03   4   0 1  0 2  0 0  0 1
   214  -3.970658191166549       4   0 0  1 2  0 0  0 1
   215  -1.255876906707306       4   0 0  0 3  0 0  0 1
   216  0.1353031293460370E-03   4   2 0  0 0  0 2  0 0
   217  0.1144534782494387E-02   4   1 1  0 0  0 2  0 0
   218  0.1154582191150732E-02   4   0 2  0 0  0 2  0 0
   219  0.7287248575110400E-01   4   1 0  1 0  0 2  0 0
   220  0.1893822615795053       4   0 1  1 0  0 2  0 0
   221  0.2642447919470329E-03   4   0 0  2 0  0 2  0 0
   222  0.1998264967131684       4   1 0  0 1  0 2  0 0
   223  0.3424185530296638       4   0 1  0 1  0 2  0 0
   224  0.5045515870796282E-03   4   0 0  1 1  0 2  0 0
   225  0.2859863035508032E-03   4   0 0  0 2  0 2  0 0
   226  0.1767862742028781E-03   4   2 0  0 0  0 1  1 0
   227  0.1593637556060176E-02   4   1 1  0 0  0 1  1 0
   228  0.1692360081771945E-02   4   0 2  0 0  0 1  1 0
   229  0.3992467741535261E-01   4   1 0  1 0  0 1  1 0
   230  0.1801569018608562       4   0 1  1 0  0 1  1 0
   231  0.3371584517313197E-03   4   0 0  2 0  0 1  1 0
   232  0.1926820309617617       4   1 0  0 1  0 1  1 0
   233  0.4033223802927828       4   0 1  0 1  0 1  1 0
   234  0.8093742539635010E-03   4   0 0  1 1  0 1  1 0
   235  0.4734364584306056E-03   4   0 0  0 2  0 1  1 0
   236  0.1350020894530939E-03   4   2 0  0 0  0 0  2 0
   237  0.1141922200365503E-02   4   1 1  0 0  0 0  2 0
   238  0.1151889659631520E-02   4   0 2  0 0  0 0  2 0
   239  0.7274755301950095E-01   4   1 0  1 0  0 0  2 0
   240  0.1890061765231366       4   0 1  1 0  0 0  2 0
   241  0.2636623177821534E-03   4   0 0  2 0  0 0  2 0
   242  0.1994279284331489       4   1 0  0 1  0 0  2 0
   243  0.3416863561528875       4   0 1  0 1  0 0  2 0
   244  0.5033279764691679E-03   4   0 0  1 1  0 0  2 0
   245  0.2852828724249105E-03   4   0 0  0 2  0 0  2 0
   246  -.4423616513211493E-03   4   2 0  0 0  0 1  0 1
   247  -.1875299936205116E-02   4   1 1  0 0  0 1  0 1
   248  -.1422871443624694E-02   4   0 2  0 0  0 1  0 1
   249  -.7931991094530119E-01   4   1 0  1 0  0 1  0 1
   250  -.1613272323085113       4   0 1  1 0  0 1  0 1
   251  -.6515024307793832E-03   4   0 0  2 0  0 1  0 1
   252  -.1782878840427070       4   1 0  0 1  0 1  0 1
   253  -.2445330447016937       4   0 1  0 1  0 1  0 1
   254  -.1357894920478174E-02   4   0 0  1 1  0 1  0 1
   255  -.5850222863191651E-03   4   0 0  0 2  0 1  0 1
   256  -.4417663418585837E-03   4   2 0  0 0  0 0  1 1
   257  -.1872776245930796E-02   4   1 1  0 0  0 0  1 1
   258  -.1420956610293471E-02   4   0 2  0 0  0 0  1 1
   259  -.7921316594736830E-01   4   1 0  1 0  0 0  1 1
   260  -.1611101257223590       4   0 1  1 0  0 0  1 1
   261  -.6506256695122858E-03   4   0 0  2 0  0 0  1 1
   262  -.1780479526107787       4   1 0  0 1  0 0  1 1
   263  -.2442039636545768       4   0 1  0 1  0 0  1 1
   264  -.1356067529489565E-02   4   0 0  1 1  0 0  1 1
   265  -.5842349908973821E-03   4   0 0  0 2  0 0  1 1
   266  0.2524480727367284E-03   4   2 0  0 0  0 0  0 2
   267  0.5186260925125058E-03   4   1 1  0 0  0 0  0 2
   268  0.2613495481269135E-03   4   0 2  0 0  0 0  0 2
   269  -.2676233224469977E-01   4   1 0  1 0  0 0  0 2
   270  -.2538540155178256E-01   4   0 1  1 0  0 0  0 2
   271  0.4095848708676945E-03   4   0 0  2 0  0 0  0 2
   272  -.1973891676821567E-01   4   1 0  0 1  0 0  0 2
   273  -.1910837994580040E-01   4   0 1  0 1  0 0  0 2
   274  0.6945624626625462E-03   4   0 0  1 1  0 0  0 2
   275  0.2849622446595261E-03   4   0 0  0 2  0 0  0 2
   276  -.1204637430983512E-04   4   1 0  0 0  0 3  0 0
   277  -.2444257053548192E-04   4   0 1  0 0  0 3  0 0
   278  0.1395259923848476       4   0 0  1 0  0 3  0 0
   279  0.8885177531162027E-01   4   0 0  0 1  0 3  0 0
   280  -.8615288349662996E-05   4   1 0  0 0  0 2  1 0
   281  -.2451542594649707E-04   4   0 1  0 0  0 2  1 0
   282  0.6521571582567888E-01   4   0 0  1 0  0 2  1 0
   283  0.2072611400294259       4   0 0  0 1  0 2  1 0
   284  -.8622181715445007E-05   4   1 0  0 0  0 1  2 0
   285  -.2451521247824611E-04   4   0 1  0 0  0 1  2 0
   286  0.6536534169479749E-01   4   0 0  1 0  0 1  2 0
   287  0.2070218740429133       4   0 0  0 1  0 1  2 0
   288  -.1201626793712895E-04   4   1 0  0 0  0 0  3 0
   289  -.2437675642286524E-04   4   0 1  0 0  0 0  3 0
   290  0.1392005182335599       4   0 0  1 0  0 0  3 0
   291  0.8853314316527305E-01   4   0 0  0 1  0 0  3 0
   292  0.1513469181216513E-04   4   1 0  0 0  0 2  0 1
   293  0.2707498188065180E-04   4   0 1  0 0  0 2  0 1
   294  -.1303784463861601       4   0 0  1 0  0 2  0 1
   295  -.3849746073857368       4   0 0  0 1  0 2  0 1
   296  0.1197217869062129E-04   4   1 0  0 0  0 1  1 1
   297  0.2759624428809953E-04   4   0 1  0 0  0 1  1 1
   298  -.5700680501364268E-01   4   0 0  1 0  0 1  1 1
   299  -.3561041160583736       4   0 0  0 1  0 1  1 1
   300  0.1510626846033264E-04   4   1 0  0 0  0 0  2 1
   301  0.2701997678358655E-04   4   0 1  0 0  0 0  2 1
   302  -.1301646306817622       4   0 0  1 0  0 0  2 1
   303  -.3842169126339490       4   0 0  0 1  0 0  2 1
   304  -.1263923643952270E-05   4   1 0  0 0  0 1  0 2
   305  -.1976806000400062E-05   4   0 1  0 0  0 1  0 2
   306  -.4506711852060691E-01   4   0 0  1 0  0 1  0 2
   307  -.5785730419721721E-01   4   0 0  0 1  0 1  0 2
   308  -.1262222715078820E-05   4   1 0  0 0  0 0  1 2
   309  -.1974145708048291E-05   4   0 1  0 0  0 0  1 2
   310  -.4500646931644166E-01   4   0 0  1 0  0 0  1 2
   311  -.5777944256394892E-01   4   0 0  0 1  0 0  1 2
   312  0.1239339392235508E-06   4   1 0  0 0  0 0  0 3
   313  0.1000439301231157E-06   4   0 1  0 0  0 0  0 3
   314  -.1680262428764263E-02   4   0 0  1 0  0 0  0 3
   315  -.1358105157867005E-02   4   0 0  0 1  0 0  0 3
   316  0.9966505307580078E-05   4   0 0  0 0  0 4  0 0
   317  0.3606364161809117E-05   4   0 0  0 0  0 3  1 0
   318  0.2777455541421756E-05   4   0 0  0 0  0 2  2 0
   319  0.3624558659038119E-05   4   0 0  0 0  0 1  3 0
   320  0.9937267325191490E-05   4   0 0  0 0  0 0  4 0
   321  -.1056607506758401E-05   4   0 0  0 0  0 3  0 1
   322  0.2112609926204892E-05   4   0 0  0 0  0 2  1 1
   323  0.2106215321367834E-05   4   0 0  0 0  0 1  2 1
   324  -.1055894221581856E-05   4   0 0  0 0  0 0  3 1
   325  -.1302828383925181E-05   4   0 0  0 0  0 2  0 2
   326  -.1493755816251683E-05   4   0 0  0 0  0 1  1 2
   327  -.1300069985796650E-05   4   0 0  0 0  0 0  2 2
   328  -.5315110870828484E-07   4   0 0  0 0  0 1  0 3
   329  -.5307958045111020E-07   4   0 0  0 0  0 0  1 3
   330  -.1044764236359117E-12   4   0 0  0 0  0 0  0 4
   ----------------------------------------------------
     I  COEFFICIENT            ORDER EXPONENTS
     1  0.2161173200571168E-03   0   0 0  0 0  0 0  0 0
     2  0.8892367355901602E-04   1   1 0  0 0  0 0  0 0
     3  0.8238384567590921E-04   1   0 1  0 0  0 0  0 0
     4  -2.385409289662663       1   0 0  1 0  0 0  0 0
     5  -1.232164317670160       1   0 0  0 1  0 0  0 0
     6  0.1340018602102637E-04   1   0 0  0 0  0 1  0 0
     7  0.1338215268220820E-04   1   0 0  0 0  0 0  1 0
     8  0.1893349813523123E-03   1   0 0  0 0  0 0  0 1
     9  0.1775626328582054E-02   2   2 0  0 0  0 0  0 0
    10  0.3216125035342939E-02   2   1 1  0 0  0 0  0 0
    11  0.1529298748453306E-02   2   0 2  0 0  0 0  0 0
    12   1.004191135381878       2   1 0  1 0  0 0  0 0
    13  0.9186463529127601       2   0 1  1 0  0 0  0 0
    14  0.9005982660345790E-03   2   0 0  2 0  0 0  0 0
    15  0.9591646459475093       2   1 0  0 1  0 0  0 0
    16  0.8833904325756292       2   0 1  0 1  0 0  0 0
    17  0.2231443133111460E-02   2   0 0  1 1  0 0  0 0
    18  0.1187956288888662E-02   2   0 0  0 2  0 0  0 0
    19  -.7125221904878376E-05   2   1 0  0 0  0 1  0 0
    20  -.4807020395277912E-04   2   0 1  0 0  0 1  0 0
    21  -.1666782527102937       2   0 0  1 0  0 1  0 0
    22  0.9747829251915039       2   0 0  0 1  0 1  0 0
    23  -.7115633117038918E-05   2   1 0  0 0  0 0  1 0
    24  -.4800551333776976E-04   2   0 1  0 0  0 0  1 0
    25  -.1664539449730703       2   0 0  1 0  0 0  1 0
    26  0.9734711082707085       2   0 0  0 1  0 0  1 0
    27  0.1031643037105479E-03   2   1 0  0 0  0 0  0 1
    28  0.9607549683288701E-04   2   0 1  0 0  0 0  0 1
    29  -2.052277092080687       2   0 0  1 0  0 0  0 1
    30  -1.948254033571905       2   0 0  0 1  0 0  0 1
    31  -.9758725258613843E-05   2   0 0  0 0  0 2  0 0
    32  -.6127021582798798E-05   2   0 0  0 0  0 1  1 0
    33  -.9741469697624443E-05   2   0 0  0 0  0 0  2 0
    34  0.2564441751611427E-04   2   0 0  0 0  0 1  0 1
    35  0.2560990646760063E-04   2   0 0  0 0  0 0  1 1
    36  -.2562714230623251E-04   2   0 0  0 0  0 0  0 2
    37  -.2315271110093864E-01   3   3 0  0 0  0 0  0 0
    38  -.6500596902909606E-01   3   2 1  0 0  0 0  0 0
    39  -.6106820741259961E-01   3   1 2  0 0  0 0  0 0
    40  -.1914929636838857E-01   3   0 3  0 0  0 0  0 0
    41  -28.18602323746016       3   2 0  1 0  0 0  0 0
    42  -54.16134462479496       3   1 1  1 0  0 0  0 0
    43  -26.78296250011115       3   0 2  1 0  0 0  0 0
    44  0.3676435105956709E-01   3   1 0  2 0  0 0  0 0
    45  0.3323742239348880E-01   3   0 1  2 0  0 0  0 0
    46  -3.708541511825922       3   0 0  3 0  0 0  0 0
    47  -25.36147525717815       3   2 0  0 1  0 0  0 0
    48  -49.77104076986983       3   1 1  0 1  0 0  0 0
    49  -26.18589911502668       3   0 2  0 1  0 0  0 0
    50  0.6929514214517660E-01   3   1 0  1 1  0 0  0 0
    51  0.6299389741727718E-01   3   0 1  1 1  0 0  0 0
    52  -11.96139719346403       3   0 0  2 1  0 0  0 0
    53  0.3301781837694115E-01   3   1 0  0 2  0 0  0 0
    54  0.3022709815629116E-01   3   0 1  0 2  0 0  0 0
    55  -11.34611400888266       3   0 0  1 2  0 0  0 0
    56  -4.313679695720833       3   0 0  0 3  0 0  0 0
    57  -.1055433542030171E-02   3   2 0  0 0  0 1  0 0
    58  -.3626260328896327E-02   3   1 1  0 0  0 1  0 0
    59  -.2471578180183622E-02   3   0 2  0 0  0 1  0 0
    60  0.8960415646521518E-01   3   1 0  1 0  0 1  0 0
    61  -.3733289988838600       3   0 1  1 0  0 1  0 0
    62  -.1233676279364000E-04   3   0 0  2 0  0 1  0 0
    63  -.4130041067626323       3   1 0  0 1  0 1  0 0
    64  -.8181598067152445       3   0 1  0 1  0 1  0 0
    65  -.1232238367335340E-02   3   0 0  1 1  0 1  0 0
    66  -.1293187114083857E-02   3   0 0  0 2  0 1  0 0
    67  -.1054013189310173E-02   3   2 0  0 0  0 0  1 0
    68  -.3621380278645443E-02   3   1 1  0 0  0 0  1 0
    69  -.2468252046750185E-02   3   0 2  0 0  0 0  1 0
    70  0.8948357141434192E-01   3   1 0  1 0  0 0  1 0
    71  -.3728265903115481       3   0 1  1 0  0 0  1 0
    72  -.1232016055968568E-04   3   0 0  2 0  0 0  1 0
    73  -.4124483052999606       3   1 0  0 1  0 0  1 0
    74  -.8170587658059029       3   0 1  0 1  0 0  1 0
    75  -.1230580079013965E-02   3   0 0  1 1  0 0  1 0
    76  -.1291446803811522E-02   3   0 0  0 2  0 0  1 0
    77  0.3882544338974474E-02   3   2 0  0 0  0 0  0 1
    78  0.7242224463008420E-02   3   1 1  0 0  0 0  0 1
    79  0.3407626056822456E-02   3   0 2  0 0  0 0  0 1
    80  0.8251070754965414       3   1 0  1 0  0 0  0 1
    81  0.7461587362041348       3   0 1  1 0  0 0  0 1
    82  0.9265345334628387E-03   3   0 0  2 0  0 0  0 1
    83  0.8254556539727823       3   1 0  0 1  0 0  0 1
    84  0.7518309281353061       3   0 1  0 1  0 0  0 1
    85  0.2465609289557222E-02   3   0 0  1 1  0 0  0 1
    86  0.1398219177731472E-02   3   0 0  0 2  0 0  0 1
    87  0.5572611841995596E-05   3   1 0  0 0  0 2  0 0
    88  0.3952234106175812E-04   3   0 1  0 0  0 2  0 0
    89  0.1211809371978076       3   0 0  1 0  0 2  0 0
    90  -.6629551332816517       3   0 0  0 1  0 2  0 0
    91  0.4306438861450670E-05   3   1 0  0 0  0 1  1 0
    92  0.3134382457489183E-04   3   0 1  0 0  0 1  1 0
    93  0.7580560796315963E-01   3   0 0  1 0  0 1  1 0
    94  -.3519650769642973       3   0 0  0 1  0 1  1 0
    95  0.5562214782376360E-05   3   1 0  0 0  0 0  2 0
    96  0.3944806323685484E-04   3   0 1  0 0  0 0  2 0
    97  0.1209668497962849       3   0 0  1 0  0 0  2 0
    98  -.6618261305007551       3   0 0  0 1  0 0  2 0
    99  -.1593686137276332E-04   3   1 0  0 0  0 1  0 1
   100  -.6303269345395367E-04   3   0 1  0 0  0 1  0 1
   101  -.3181671292929707       3   0 0  1 0  0 1  0 1
   102  0.7030929500616909       3   0 0  0 1  0 1  0 1
   103  -.1591541429580612E-04   3   1 0  0 0  0 0  1 1
   104  -.6294786702573126E-04   3   0 1  0 0  0 0  1 1
   105  -.3177389549650662       3   0 0  1 0  0 0  1 1
   106  0.7021467607051207       3   0 0  0 1  0 0  1 1
   107  0.1632281981636497E-04   3   1 0  0 0  0 0  0 2
   108  0.1539799197458669E-04   3   0 1  0 0  0 0  0 2
   109  0.3179528838464906       3   0 0  1 0  0 0  0 2
   110  0.2715069444891761       3   0 0  0 1  0 0  0 2
   111  0.7940958190258126E-05   3   0 0  0 0  0 3  0 0
   112  0.4311217348527390E-05   3   0 0  0 0  0 2  1 0
   113  0.4318522877550694E-05   3   0 0  0 0  0 1  2 0
   114  0.7922031336355355E-05   3   0 0  0 0  0 0  3 0
   115  -.1837966137128535E-04   3   0 0  0 0  0 2  0 1
   116  -.1113586717279940E-04   3   0 0  0 0  0 1  1 1
   117  -.1834743382660240E-04   3   0 0  0 0  0 0  2 1
   118  0.1112716653208228E-04   3   0 0  0 0  0 1  0 2
   119  0.1111219211576859E-04   3   0 0  0 0  0 0  1 2
   120  0.1129732870028746E-05   3   0 0  0 0  0 0  0 3
   121  -.7037170223063514E-02   4   4 0  0 0  0 0  0 0
   122  -.2581942992078525E-01   4   3 1  0 0  0 0  0 0
   123  -.3605333406797159E-01   4   2 2  0 0  0 0  0 0
   124  -.2143401454832523E-01   4   1 3  0 0  0 0  0 0
   125  -.4329761611689202E-02   4   0 4  0 0  0 0  0 0
   126   251.9732573660360       4   3 0  1 0  0 0  0 0
   127   701.9778085845172       4   2 1  1 0  0 0  0 0
   128   654.5617064442330       4   1 2  1 0  0 0  0 0
   129   204.6978175949708       4   0 3  1 0  0 0  0 0
   130  0.4806618028999550E-01   4   2 0  2 0  0 0  0 0
   131  0.9466494363030006E-01   4   1 1  2 0  0 0  0 0
   132  0.4603332408125674E-01   4   0 2  2 0  0 0  0 0
   133  -143.2201192531406       4   1 0  3 0  0 0  0 0
   134  -128.7276199978602       4   0 1  3 0  0 0  0 0
   135  -.7660891951528222E-02   4   0 0  4 0  0 0  0 0
   136   244.5833317200710       4   3 0  0 1  0 0  0 0
   137   686.0510126720322       4   2 1  0 1  0 0  0 0
   138   644.4053154621763       4   1 2  0 1  0 0  0 0
   139   203.0753733908401       4   0 3  0 1  0 0  0 0
   140  0.1011709113410337       4   2 0  1 1  0 0  0 0
   141  0.2000039640387991       4   1 1  1 1  0 0  0 0
   142  0.9915696718212742E-01   4   0 2  1 1  0 0  0 0
   143  -400.8411759036065       4   1 0  2 1  0 0  0 0
   144  -363.2297226074026       4   0 1  2 1  0 0  0 0
   145  -.2608034643523626E-01   4   0 0  3 1  0 0  0 0
   146  0.5108876941201728E-01   4   2 0  0 2  0 0  0 0
   147  0.1024541547347345       4   1 1  0 2  0 0  0 0
   148  0.5218032543438128E-01   4   0 2  0 2  0 0  0 0
   149  -377.9769523108432       4   1 0  1 2  0 0  0 0
   150  -344.8462329685882       4   0 1  1 2  0 0  0 0
   151  -.3321657503489694E-01   4   0 0  2 2  0 0  0 0
   152  -119.6158408310092       4   1 0  0 3  0 0  0 0
   153  -109.7182181490992       4   0 1  0 3  0 0  0 0
   154  -.1802900563330367E-01   4   0 0  1 3  0 0  0 0
   155  -.3066510528450232E-02   4   0 0  0 4  0 0  0 0
   156  -.2982622773945632E-02   4   3 0  0 0  0 1  0 0
   157  0.1903413870114188E-01   4   2 1  0 0  0 1  0 0
   158  0.4341052952824673E-01   4   1 2  0 0  0 1  0 0
   159  0.2152692945599897E-01   4   0 3  0 0  0 1  0 0
   160   15.52954566322660       4   2 0  1 0  0 1  0 0
   161   55.99506197688528       4   1 1  1 0  0 1  0 0
   162   39.99227286454174       4   0 2  1 0  0 1  0 0
   163  0.4704430640272679E-02   4   1 0  2 0  0 1  0 0
   164  -.1017276979698178E-01   4   0 1  2 0  0 1  0 0
   165  0.2001669579796863       4   0 0  3 0  0 1  0 0
   166   27.40872687235930       4   2 0  0 1  0 1  0 0
   167   77.69496290795318       4   1 1  0 1  0 1  0 0
   168   52.19860927908655       4   0 2  0 1  0 1  0 0
   169  -.1970829693562544E-01   4   1 0  1 1  0 1  0 0
   170  -.4473340165364004E-01   4   0 1  1 1  0 1  0 0
   171   7.257888228185440       4   0 0  2 1  0 1  0 0
   172  -.2272077168905934E-01   4   1 0  0 2  0 1  0 0
   173  -.3344379973430814E-01   4   0 1  0 2  0 1  0 0
   174   13.24456478558053       4   0 0  1 2  0 1  0 0
   175   7.223578246807590       4   0 0  0 3  0 1  0 0
   176  -.2978608900782618E-02   4   3 0  0 0  0 0  1 0
   177  0.1900852345432572E-01   4   2 1  0 0  0 0  1 0
   178  0.4335210968347498E-01   4   1 2  0 0  0 0  1 0
   179  0.2149795952886610E-01   4   0 3  0 0  0 0  1 0
   180   15.50864673255527       4   2 0  1 0  0 0  1 0
   181   55.91970646143289       4   1 1  1 0  0 0  1 0
   182   39.93845314849125       4   0 2  1 0  0 0  1 0
   183  0.4698099639229149E-02   4   1 0  2 0  0 0  1 0
   184  -.1015907976281502E-01   4   0 1  2 0  0 0  1 0
   185  0.1998975827211915       4   0 0  3 0  0 0  1 0
   186   27.37184149946309       4   2 0  0 1  0 0  1 0
   187   77.59040468850864       4   1 1  0 1  0 0  1 0
   188   52.12836285075415       4   0 2  0 1  0 0  1 0
   189  -.1968177443842935E-01   4   1 0  1 1  0 0  1 0
   190  -.4467320154990674E-01   4   0 1  1 1  0 0  1 0
   191   7.248120904260390       4   0 0  2 1  0 0  1 0
   192  -.2269019514531308E-01   4   1 0  0 2  0 0  1 0
   193  -.3339879264477742E-01   4   0 1  0 2  0 0  1 0
   194   13.22674087448683       4   0 0  1 2  0 0  1 0
   195   7.213857095638491       4   0 0  0 3  0 0  1 0
   196  0.1453505352249174E-02   4   3 0  0 0  0 0  0 1
   197  0.4098540918820075E-02   4   2 1  0 0  0 0  0 1
   198  0.3884352741492295E-02   4   1 2  0 0  0 0  0 1
   199  0.1288990664892206E-02   4   0 3  0 0  0 0  0 1
   200  -59.20304418440744       4   2 0  1 0  0 0  0 1
   201  -111.8696460616015       4   1 1  1 0  0 0  0 1
   202  -53.12363723471125       4   0 2  1 0  0 0  0 1
   203  -.4430588760153681E-02   4   1 0  2 0  0 0  0 1
   204  -.4047395419818122E-02   4   0 1  2 0  0 0  0 1
   205  -4.112617660695161       4   0 0  3 0  0 0  0 1
   206  -54.75575820321733       4   2 0  0 1  0 0  0 1
   207  -105.4612322781503       4   1 1  0 1  0 0  0 1
   208  -51.92670810440050       4   0 2  0 1  0 0  0 1
   209  -.8629822815813626E-02   4   1 0  1 1  0 0  0 1
   210  -.8089734560200125E-02   4   0 1  1 1  0 0  0 1
   211  -14.51881866604982       4   0 0  2 1  0 0  0 1
   212  -.4194673745878891E-02   4   1 0  0 2  0 0  0 1
   213  -.3969094437538455E-02   4   0 1  0 2  0 0  0 1
   214  -15.13910114833379       4   0 0  1 2  0 0  0 1
   215  -5.815182152049228       4   0 0  0 3  0 0  0 1
   216  -.5920640053729973E-03   4   2 0  0 0  0 2  0 0
   217  0.4083474492209914E-03   4   1 1  0 0  0 2  0 0
   218  0.1175373703770174E-02   4   0 2  0 0  0 2  0 0
   219  -.6814843833836062E-01   4   1 0  1 0  0 2  0 0
   220  0.2370098701749826       4   0 1  1 0  0 2  0 0
   221  -.2641532207518155E-03   4   0 0  2 0  0 2  0 0
   222  0.2763524270298842       4   1 0  0 1  0 2  0 0
   223  0.7702920644057013       4   0 1  0 1  0 2  0 0
   224  0.2951907858661713E-03   4   0 0  1 1  0 2  0 0
   225  0.9768245874292414E-03   4   0 0  0 2  0 2  0 0
   226  -.6392426745455635E-03   4   2 0  0 0  0 1  1 0
   227  0.7566407869970407E-03   4   1 1  0 0  0 1  1 0
   228  0.1908268067050171E-02   4   0 2  0 0  0 1  1 0
   229  -.4905138685743322E-01   4   1 0  1 0  0 1  1 0
   230  0.9834317378542122E-01   4   0 1  1 0  0 1  1 0
   231  -.2115709670560010E-03   4   0 0  2 0  0 1  1 0
   232  0.1373106479045396       4   1 0  0 1  0 1  1 0
   233  0.7191893232575511       4   0 1  0 1  0 1  1 0
   234  0.1236977184503586E-03   4   0 0  1 1  0 1  1 0
   235  0.1056642953465568E-02   4   0 0  0 2  0 1  1 0
   236  -.5908371022051057E-03   4   2 0  0 0  0 0  2 0
   237  0.4072887887126334E-03   4   1 1  0 0  0 0  2 0
   238  0.1172507912617548E-02   4   0 2  0 0  0 0  2 0
   239  -.6802372185940922E-01   4   1 0  1 0  0 0  2 0
   240  0.2366247406573256       4   0 1  1 0  0 0  2 0
   241  -.2636553746782034E-03   4   0 0  2 0  0 0  2 0
   242  0.2758881318582643       4   1 0  0 1  0 0  2 0
   243  0.7687715160995204       4   0 1  0 1  0 0  2 0
   244  0.2947102987385037E-03   4   0 0  1 1  0 0  2 0
   245  0.9747990327911705E-03   4   0 0  0 2  0 0  2 0
   246  0.1370074900293539E-02   4   2 0  0 0  0 1  0 1
   247  -.5034205642459166E-04   4   1 1  0 0  0 1  0 1
   248  -.1200991259029600E-02   4   0 2  0 0  0 1  0 1
   249  0.1885262069090602       4   1 0  1 0  0 1  0 1
   250  -.1945015214727758       4   0 1  1 0  0 1  0 1
   251  0.4561066522625457E-03   4   0 0  2 0  0 1  0 1
   252  -.2724248751135089       4   1 0  0 1  0 1  0 1
   253  -.6167286810327053       4   0 1  0 1  0 1  0 1
   254  -.6878828110295612E-04   4   0 0  1 1  0 1  0 1
   255  -.7292122439036542E-03   4   0 0  0 2  0 1  0 1
   256  0.1368231118062116E-02   4   2 0  0 0  0 0  1 1
   257  -.5027430845760267E-04   4   1 1  0 0  0 0  1 1
   258  -.1199375021593955E-02   4   0 2  0 0  0 0  1 1
   259  0.1882724972247355       4   1 0  1 0  0 0  1 1
   260  -.1942397704917157       4   0 1  1 0  0 0  1 1
   261  0.4554928454254942E-03   4   0 0  2 0  0 0  1 1
   262  -.2720582585555195       4   1 0  0 1  0 0  1 1
   263  -.6158987166391858       4   0 1  0 1  0 0  1 1
   264  -.6869570907612635E-04   4   0 0  1 1  0 0  1 1
   265  -.7282309044323912E-03   4   0 0  0 2  0 0  1 1
   266  -.9171247150355560E-03   4   2 0  0 0  0 0  0 2
   267  -.1707118464200509E-02   4   1 1  0 0  0 0  0 2
   268  -.7895591294190918E-03   4   0 2  0 0  0 0  0 2
   269  -.1915732490044062       4   1 0  1 0  0 0  0 2
   270  -.1821317421060436       4   0 1  1 0  0 0  0 2
   271  -.1718308832856500E-03   4   0 0  2 0  0 0  0 2
   272  -.1443494182988548       4   1 0  0 1  0 0  0 2
   273  -.1398279388479279       4   0 1  0 1  0 0  0 2
   274  -.4131742092557353E-03   4   0 0  1 1  0 0  0 2
   275  -.2267353416034634E-03   4   0 0  0 2  0 0  0 2
   276  -.7484684015978231E-05   4   1 0  0 0  0 3  0 0
   277  -.4165025887220476E-04   4   0 1  0 0  0 3  0 0
   278  -.9848299704371555E-01   4   0 0  1 0  0 3  0 0
   279  0.5086780124565731       4   0 0  0 1  0 3  0 0
   280  -.5570594579664322E-05   4   1 0  0 0  0 2  1 0
   281  -.3194024805830860E-04   4   0 1  0 0  0 2  1 0
   282  -.5314050334639103E-01   4   0 0  1 0  0 2  1 0
   283  0.2002964294841695       4   0 0  0 1  0 2  1 0
   284  -.5574438083982949E-05   4   1 0  0 0  0 1  2 0
   285  -.3195973582468537E-04   4   0 1  0 0  0 1  2 0
   286  -.5323176549647736E-01   4   0 0  1 0  0 1  2 0
   287  0.2009175557228591       4   0 0  0 1  0 1  2 0
   288  -.7465831945076789E-05   4   1 0  0 0  0 0  3 0
   289  -.4154471957224500E-04   4   0 1  0 0  0 0  3 0
   290  -.9824848762719635E-01   4   0 0  1 0  0 0  3 0
   291  0.5075165873583803       4   0 0  0 1  0 0  3 0
   292  0.1138314702072475E-04   4   1 0  0 0  0 2  0 1
   293  0.5670153746994366E-04   4   0 1  0 0  0 2  0 1
   294  0.2274296424683077       4   0 0  1 0  0 2  0 1
   295  -.4003812162143213       4   0 0  0 1  0 2  0 1
   296  0.9716017438061381E-05   4   1 0  0 0  0 1  1 1
   297  0.4897070161931354E-04   4   0 1  0 0  0 1  1 1
   298  0.1369465097539110       4   0 0  1 0  0 1  1 1
   299  -.9846896899482742E-01   4   0 0  0 1  0 1  1 1
   300  0.1136129043868461E-04   4   1 0  0 0  0 0  2 1
   301  0.5659227998197163E-04   4   0 1  0 0  0 0  2 1
   302  0.2270314302944813       4   0 0  1 0  0 0  2 1
   303  -.3997761445939571       4   0 0  0 1  0 0  2 1
   304  -.3769528405360154E-05   4   1 0  0 0  0 1  0 2
   305  -.9547542614121370E-05   4   0 1  0 0  0 1  0 2
   306  -.1368275691352089       4   0 0  1 0  0 1  0 2
   307  -.2534933245620209       4   0 0  0 1  0 1  0 2
   308  -.3764455551683662E-05   4   1 0  0 0  0 0  1 2
   309  -.9534693981231111E-05   4   0 1  0 0  0 0  1 2
   310  -.1366434330411269       4   0 0  1 0  0 0  1 2
   311  -.2531521851925517       4   0 0  0 1  0 0  1 2
   312  0.1081098716977840E-05   4   1 0  0 0  0 0  0 3
   313  0.8818507398807407E-06   4   0 1  0 0  0 0  0 3
   314  -.1483263224016111E-01   4   0 0  1 0  0 0  0 3
   315  -.1212769009673305E-01   4   0 0  0 1  0 0  0 3
   316  -.9874950073569388E-05   4   0 0  0 0  0 4  0 0
   317  -.4750546745331266E-05   4   0 0  0 0  0 3  1 0
   318  -.4072911162387425E-05   4   0 0  0 0  0 2  2 0
   319  -.4765210966540823E-05   4   0 0  0 0  0 1  3 0
   320  -.9845190159071588E-05   4   0 0  0 0  0 0  4 0
   321  0.1015060882794802E-04   4   0 0  0 0  0 3  0 1
   322  0.4443009642723981E-05   4   0 0  0 0  0 2  1 1
   323  0.4454503594812214E-05   4   0 0  0 0  0 1  2 1
   324  0.1012713295061451E-04   4   0 0  0 0  0 0  3 1
   325  0.1288280926949104E-05   4   0 0  0 0  0 2  0 2
   326  0.1526512932348406E-05   4   0 0  0 0  0 1  1 2
   327  0.1285520064611036E-05   4   0 0  0 0  0 0  2 2
   328  0.1607781551354984E-07   4   0 0  0 0  0 1  0 3
   329  0.1605617874715284E-07   4   0 0  0 0  0 0  1 3
   330  -.6554077610237244E-13   4   0 0  0 0  0 0  0 4
   ----------------------------------------------------
     I  COEFFICIENT            ORDER EXPONENTS
     1  0.7436477799820619E-08   0   0 0  0 0  0 0  0 0
     2  -.6450986273810461E-05   1   1 0  0 0  0 0  0 0
     3  -.7282055504538837E-05   1   0 1  0 0  0 0  0 0
     4  0.4589423708336938E-04   1   0 0  1 0  0 0  0 0
     5  0.1808869421314233E-04   1   0 0  0 1  0 0  0 0
     6   1.000000000000000       1   0 0  0 0  1 0  0 0
     7  0.2859789926551090       1   0 0  0 0  0 1  0 0
     8  -.2859789889193078       1   0 0  0 0  0 0  1 0
     9  -.3735807918770547E-08   1   0 0  0 0  0 0  0 1
    10  -.3914376695367539       2   2 0  0 0  0 0  0 0
    11  -1.031942859788181       2   1 1  0 0  0 0  0 0
    12  -.8940540069196680       2   0 2  0 0  0 0  0 0
    13  -.2435453499491930E-04   2   1 0  1 0  0 0  0 0
    14  -.3174510010653424E-04   2   0 1  1 0  0 0  0 0
    15  -.2626697410203896       2   0 0  2 0  0 0  0 0
    16  -.3186550952141418E-04   2   1 0  0 1  0 0  0 0
    17  -.3729502835996335E-04   2   0 1  0 1  0 0  0 0
    18  -.2014865000320366       2   0 0  1 1  0 0  0 0
    19  -.2563603574676837       2   0 0  0 2  0 0  0 0
    20  0.9524184122598013E-05   2   1 0  0 0  0 1  0 0
    21  0.1350978193149231E-04   2   0 1  0 0  0 1  0 0
    22  -.6435452219630963E-04   2   0 0  1 0  0 1  0 0
    23  -.4507807425027977E-04   2   0 0  0 1  0 1  0 0
    24  0.3077751179084992E-05   2   1 0  0 0  0 0  1 0
    25  0.6229164314675117E-05   2   0 1  0 0  0 0  1 0
    26  -.1849713905495606E-04   2   0 0  1 0  0 0  1 0
    27  -.2697738490363906E-04   2   0 0  0 1  0 0  1 0
    28  -.1260200707196214E-04   2   1 0  0 0  0 0  0 1
    29  -.1245701377172025E-04   2   0 1  0 0  0 0  0 1
    30  0.8285169344838373E-04   2   0 0  1 0  0 0  0 1
    31  0.5396679844468102E-04   2   0 0  0 1  0 0  0 1
    32  -.2146286643241480       2   0 0  0 0  0 2  0 0
    33  0.1432783309343310       2   0 0  0 0  0 1  1 0
    34  0.7135032832922439E-01   2   0 0  0 0  0 0  2 0
    35  0.5059091424212080E-08   2   0 0  0 0  0 1  0 1
    36  0.1326591149129143E-08   2   0 0  0 0  0 0  1 1
    37  -.1325005955970343E-08   2   0 0  0 0  0 0  0 2
    38  0.2056429450778868       3   3 0  0 0  0 0  0 0
    39  0.6395081946050609       3   2 1  0 0  0 0  0 0
    40  0.6512383339296248       3   1 2  0 0  0 0  0 0
    41  0.2183611300484833       3   0 3  0 0  0 0  0 0
    42  0.1239395019269265E-02   3   2 0  1 0  0 0  0 0
    43  0.2446452617944631E-02   3   1 1  1 0  0 0  0 0
    44  0.1456171156216549E-02   3   0 2  1 0  0 0  0 0
    45  0.8622354116144548E-01   3   1 0  2 0  0 0  0 0
    46  0.1802985725578105E-01   3   0 1  2 0  0 0  0 0
    47  0.4639735497931431E-03   3   0 0  3 0  0 0  0 0
    48  0.8735578541551516E-03   3   2 0  0 1  0 0  0 0
    49  0.1667905123234944E-02   3   1 1  0 1  0 0  0 0
    50  0.9992808383128687E-03   3   0 2  0 1  0 0  0 0
    51  0.4502914261986372E-01   3   1 0  1 1  0 0  0 0
    52  -.6322530833741902E-01   3   0 1  1 1  0 0  0 0
    53  0.1203449367423413E-02   3   0 0  2 1  0 0  0 0
    54  -.3171255896027005E-01   3   1 0  0 2  0 0  0 0
    55  -.7466643614030405E-01   3   0 1  0 2  0 0  0 0
    56  0.1070541411196975E-02   3   0 0  1 2  0 0  0 0
    57  0.3249196707059704E-03   3   0 0  0 3  0 0  0 0
    58  0.6253674691201986       3   2 0  0 0  0 1  0 0
    59   1.980138875293348       3   1 1  0 0  0 1  0 0
    60   1.843505659891569       3   0 2  0 0  0 1  0 0
    61  0.3675584301889312E-04   3   1 0  1 0  0 1  0 0
    62  0.5917811913835133E-04   3   0 1  1 0  0 1  0 0
    63  0.3672200330919252       3   0 0  2 0  0 1  0 0
    64  0.5977576885896961E-04   3   1 0  0 1  0 1  0 0
    65  0.8582712202242103E-04   3   0 1  0 1  0 1  0 0
    66  0.5065236328452425       3   0 0  1 1  0 1  0 0
    67  0.4678228830285234       3   0 0  0 2  0 1  0 0
    68  0.2341413712063867       3   2 0  0 0  0 0  1 0
    69  0.9483075375367559       3   1 1  0 0  0 0  1 0
    70  0.9493758961863646       3   0 2  0 0  0 0  1 0
    71  0.1236290943893919E-04   3   1 0  1 0  0 0  1 0
    72  0.2730452089023068E-04   3   0 1  1 0  0 0  1 0
    73  0.1047627589787561       3   0 0  2 0  0 0  1 0
    74  0.2785013828611936E-04   3   1 0  0 1  0 0  1 0
    75  0.4838177628634888E-04   3   0 1  0 1  0 0  1 0
    76  0.3048976471228240       3   0 0  1 1  0 0  1 0
    77  0.2115225807058533       3   0 0  0 2  0 0  1 0
    78  -.8595095176263463       3   2 0  0 0  0 0  0 1
    79  -1.896505275513105       3   1 1  0 0  0 0  0 1
    80  -1.004774750714070       3   0 2  0 0  0 0  0 1
    81  -.4901259816948262E-04   3   1 0  1 0  0 0  0 1
    82  -.5447263973101153E-04   3   0 1  1 0  0 0  0 1
    83  -.4719830590129478       3   0 0  2 0  0 0  0 1
    84  -.5560201500113144E-04   3   1 0  0 1  0 0  0 1
    85  -.5929870868426631E-04   3   0 1  0 1  0 0  0 1
    86  -.6099351534790419       3   0 0  1 1  0 0  0 1
    87  -.1666249216630381       3   0 0  0 2  0 0  0 1
    88  -.1171804942450962E-04   3   1 0  0 0  0 2  0 0
    89  -.1935682482113704E-04   3   0 1  0 0  0 2  0 0
    90  0.7616544800389741E-04   3   0 0  1 0  0 2  0 0
    91  0.7247390085539496E-04   3   0 0  0 1  0 2  0 0
    92  -.4390127150352626E-05   3   1 0  0 0  0 1  1 0
    93  -.1169556571297399E-04   3   0 1  0 0  0 1  1 0
    94  0.2364583119257375E-04   3   0 0  1 0  0 1  1 0
    95  0.5479614768612755E-04   3   0 0  0 1  0 1  1 0
    96  -.2198500355845986E-05   3   1 0  0 0  0 0  2 0
    97  -.5848982245269886E-05   3   0 1  0 0  0 0  2 0
    98  0.1185022527376240E-04   3   0 0  1 0  0 0  2 0
    99  0.2739146720263467E-04   3   0 0  0 1  0 0  2 0
   100  0.1830031472188379E-04   3   1 0  0 0  0 1  0 1
   101  0.2338825914906655E-04   3   0 1  0 0  0 1  0 1
   102  -.1116286453432435E-03   3   0 0  1 0  0 1  0 1
   103  -.1095945773336822E-03   3   0 0  0 1  0 1  0 1
   104  0.5707573742874799E-05   3   1 0  0 0  0 0  1 1
   105  0.1093342367813771E-04   3   0 1  0 0  0 0  1 1
   106  -.2885137141693894E-04   3   0 0  1 0  0 0  1 1
   107  -.5562700715073857E-04   3   0 0  0 1  0 0  1 1
   108  -.5702653604386396E-05   3   1 0  0 0  0 0  0 2
   109  -.4703690317953229E-05   3   0 1  0 0  0 0  0 2
   110  0.2881592199790784E-04   3   0 0  1 0  0 0  0 2
   111  0.2864567621722849E-04   3   0 0  0 1  0 0  0 2
   112  0.1788813507855916       3   0 0  0 0  0 3  0 0
   113  -.1073867927957416       3   0 0  0 0  0 2  1 0
   114  -.3589155556681440E-01   3   0 0  0 0  0 1  2 0
   115  -.3560303951035051E-01   3   0 0  0 0  0 0  3 0
   116  -.4588978512536354E-08   3   0 0  0 0  0 2  0 1
   117  0.2413235282934839E-09   3   0 0  0 0  0 1  1 1
   118  0.1173219376552694E-09   3   0 0  0 0  0 0  2 1
   119  0.5299530579065152E-09   3   0 0  0 0  0 1  0 2
   120  -.9964990955208733E-10   3   0 0  0 0  0 0  1 2
   121  0.2273063483552943E-09   3   0 0  0 0  0 0  0 3
   122  -3.459802852759243       4   4 0  0 0  0 0  0 0
   123  -17.20284728048719       4   3 1  0 0  0 0  0 0
   124  -32.09393456670770       4   2 2  0 0  0 0  0 0
   125  -26.79391403945121       4   1 3  0 0  0 0  0 0
   126  -8.749689371133412       4   0 4  0 0  0 0  0 0
   127  0.2264342085460231E-02   4   3 0  1 0  0 0  0 0
   128  0.8405503070695080E-02   4   2 1  1 0  0 0  0 0
   129  0.9461769098659282E-02   4   1 2  1 0  0 0  0 0
   130  0.3335532107798326E-02   4   0 3  1 0  0 0  0 0
   131  -8.409509291869620       4   2 0  2 0  0 0  0 0
   132  -17.11411054345244       4   1 1  2 0  0 0  0 0
   133  -9.879204860805398       4   0 2  2 0  0 0  0 0
   134  0.4525763478434227E-02   4   1 0  3 0  0 0  0 0
   135  0.3322950256072990E-02   4   0 1  3 0  0 0  0 0
   136  -1.644765885525383       4   0 0  4 0  0 0  0 0
   137  0.3221692587123367E-02   4   3 0  0 1  0 0  0 0
   138  0.1093833285101500E-01   4   2 1  0 1  0 0  0 0
   139  0.1174805584124510E-01   4   1 2  0 1  0 0  0 0
   140  0.4033223122020255E-02   4   0 3  0 1  0 0  0 0
   141  -11.79640382333294       4   2 0  1 1  0 0  0 0
   142  -22.86995585189500       4   1 1  1 1  0 0  0 0
   143  -13.04961411254028       4   0 2  1 1  0 0  0 0
   144  0.1109523152191272E-01   4   1 0  2 1  0 0  0 0
   145  0.8015683397229984E-02   4   0 1  2 1  0 0  0 0
   146  -5.204274659834443       4   0 0  3 1  0 0  0 0
   147  -4.030325761575666       4   2 0  0 2  0 0  0 0
   148  -8.056589831499585       4   1 1  0 2  0 0  0 0
   149  -5.212014736984387       4   0 2  0 2  0 0  0 0
   150  0.8906833206659009E-02   4   1 0  1 2  0 0  0 0
   151  0.6238295788267787E-02   4   0 1  1 2  0 0  0 0
   152  -6.388575893351851       4   0 0  2 2  0 0  0 0
   153  0.2272048905532929E-02   4   1 0  0 3  0 0  0 0
   154  0.1482187737381712E-02   4   0 1  0 3  0 0  0 0
   155  -3.628440665232370       4   0 0  1 3  0 0  0 0
   156  -.8942290702063521       4   0 0  0 4  0 0  0 0
   157  -.3516053096188881       4   3 0  0 0  0 1  0 0
   158  -1.366538975055441       4   2 1  0 0  0 1  0 0
   159  -1.681906008296178       4   1 2  0 0  0 1  0 0
   160  -.6641114762004015       4   0 3  0 0  0 1  0 0
   161  -.5429798330044600E-03   4   2 0  1 0  0 1  0 0
   162  -.2511082086833096E-02   4   1 1  1 0  0 1  0 0
   163  -.2234630488669120E-02   4   0 2  1 0  0 1  0 0
   164  -.1035926400934256       4   1 0  2 0  0 1  0 0
   165  -.4569858887098652E-01   4   0 1  2 0  0 1  0 0
   166  -.5338177796668475E-03   4   0 0  3 0  0 1  0 0
   167  -.5057030392384039E-03   4   2 0  0 1  0 1  0 0
   168  -.1775087309637193E-02   4   1 1  0 1  0 1  0 0
   169  -.1571806912695896E-02   4   0 2  0 1  0 1  0 0
   170  -.1120327797700718       4   1 0  1 1  0 1  0 0
   171  0.8032022429053468E-01   4   0 1  1 1  0 1  0 0
   172  -.1716461393279555E-02   4   0 0  2 1  0 1  0 0
   173  0.3867713828019233E-01   4   1 0  0 2  0 1  0 0
   174  0.1611577827254690       4   0 1  0 2  0 1  0 0
   175  -.1954342401814417E-02   4   0 0  1 2  0 1  0 0
   176  -.7692138360622840E-03   4   0 0  0 3  0 1  0 0
   177  -.1445361339275330       4   3 0  0 0  0 0  1 0
   178  -.7214888515372631       4   2 1  0 0  0 0  1 0
   179  -1.023772931559690       4   1 2  0 0  0 0  1 0
   180  -.4429173161023562       4   0 3  0 0  0 0  1 0
   181  -.3704116664839880E-03   4   2 0  1 0  0 0  1 0
   182  -.2078562922325594E-02   4   1 1  1 0  0 0  1 0
   183  -.1841032692511776E-02   4   0 2  1 0  0 0  1 0
   184  -.1703935747186289E-01   4   1 0  2 0  0 0  1 0
   185  -.2663417374093522E-01   4   0 1  2 0  0 0  1 0
   186  -.3021627803413783E-03   4   0 0  3 0  0 0  1 0
   187  -.5365965594872405E-03   4   2 0  0 1  0 0  1 0
   188  -.1866881631172647E-02   4   1 1  0 1  0 0  1 0
   189  -.1525139000662439E-02   4   0 2  0 1  0 0  1 0
   190  -.6636434427171140E-01   4   1 0  1 1  0 0  1 0
   191  0.1865253253682446E-01   4   0 1  1 1  0 0  1 0
   192  -.1178036261029833E-02   4   0 0  2 1  0 0  1 0
   193  0.7324643610021945E-02   4   1 0  0 2  0 0  1 0
   194  0.8717358519457366E-01   4   0 1  0 2  0 0  1 0
   195  -.1461751629155968E-02   4   0 0  1 2  0 0  1 0
   196  -.6004505394368396E-03   4   0 0  0 3  0 0  1 0
   197  0.4941815153259775       4   3 0  0 0  0 0  0 1
   198   1.439744588411668       4   2 1  0 0  0 0  0 1
   199   1.390955219677434       4   1 2  0 0  0 0  0 1
   200  0.4462602486989881       4   0 3  0 0  0 0  0 1
   201  0.1100426992834460E-02   4   2 0  1 0  0 0  0 1
   202  0.2757720828046100E-02   4   1 1  1 0  0 0  0 1
   203  0.1790329438157720E-02   4   0 2  1 0  0 0  0 1
   204  0.1198765283941863       4   1 0  2 0  0 0  0 1
   205  0.5227004245824350E-01   4   0 1  2 0  0 0  0 1
   206  0.8810627796388861E-03   4   0 0  3 0  0 0  0 1
   207  0.3080633922545831E-03   4   2 0  0 1  0 0  0 1
   208  0.9782898440583768E-03   4   1 1  0 1  0 0  0 1
   209  0.8259773519691538E-03   4   0 2  0 1  0 0  0 1
   210  0.1322054633845748       4   1 0  1 1  0 0  0 1
   211  0.2451953398332118E-01   4   0 1  1 1  0 0  0 1
   212  0.1934260108325288E-02   4   0 0  2 1  0 0  0 1
   213  0.1666207874005863E-01   4   1 0  0 2  0 0  0 1
   214  -.2592979272245045E-01   4   0 1  0 2  0 0  0 1
   215  0.1441680596764700E-02   4   0 0  1 2  0 0  0 1
   216  0.4090025189068641E-03   4   0 0  0 3  0 0  0 1
   217  -.8217393052509383       4   2 0  0 0  0 2  0 0
   218  -2.944023964368260       4   1 1  0 0  0 2  0 0
   219  -2.922188462512805       4   0 2  0 0  0 2  0 0
   220  -.4601177524700485E-04   4   1 0  1 0  0 2  0 0
   221  -.9529885601110484E-04   4   0 1  1 0  0 2  0 0
   222  -.4335381167018888       4   0 0  2 0  0 2  0 0
   223  -.9805224281513817E-04   4   1 0  0 1  0 2  0 0
   224  -.1623513104290671E-03   4   0 1  0 1  0 2  0 0
   225  -.8157540447976950       4   0 0  1 1  0 2  0 0
   226  -.7077421999172095       4   0 0  0 2  0 2  0 0
   227  -.3927863169626292       4   2 0  0 0  0 1  1 0
   228  -1.927619415522792       4   1 1  0 0  0 1  1 0
   229  -2.156966749892468       4   0 2  0 0  0 1  1 0
   230  -.1880501821331733E-04   4   1 0  1 0  0 1  1 0
   231  -.5625393402819950E-04   4   0 1  1 0  0 1  1 0
   232  -.1327737745067694       4   0 0  2 0  0 1  1 0
   233  -.5891631279690524E-04   4   1 0  0 1  0 1  1 0
   234  -.1223140010653710E-03   4   0 1  0 1  0 1  1 0
   235  -.6185114856055269       4   0 0  1 1  0 1  1 0
   236  -.4797913063779292       4   0 0  0 2  0 1  1 0
   237  -.1965488932871201       4   2 0  0 0  0 0  2 0
   238  -.9638425421249522       4   1 1  0 0  0 0  2 0
   239  -1.078270067574608       4   0 2  0 0  0 0  2 0
   240  -.9498971384254286E-05   4   1 0  1 0  0 0  2 0
   241  -.2821815714512553E-04   4   0 1  1 0  0 0  2 0
   242  -.6654417180852779E-01   4   0 0  2 0  0 0  2 0
   243  -.2952959703608329E-04   4   1 0  0 1  0 0  2 0
   244  -.6118568041054664E-04   4   0 1  0 1  0 0  2 0
   245  -.3091796466848804       4   0 0  1 1  0 0  2 0
   246  -.2398870048380183       4   0 0  0 2  0 0  2 0
   247   1.410826661908444       4   2 0  0 0  0 1  0 1
   248   3.855247972519935       4   1 1  0 0  0 1  0 1
   249   2.470754972925794       4   0 2  0 0  0 1  0 1
   250  0.6404851199429572E-04   4   1 0  1 0  0 1  0 1
   251  0.1022177726777322E-03   4   0 1  1 0  0 1  0 1
   252  0.6326620117935062       4   0 0  2 0  0 1  0 1
   253  0.1067859468806042E-03   4   1 0  0 1  0 1  0 1
   254  0.1459933757073801E-03   4   0 1  0 1  0 1  0 1
   255   1.237037570691319       4   0 0  1 1  0 1  0 1
   256  0.4918411938712207       4   0 0  0 2  0 1  0 1
   257  0.5517113506887601       4   2 0  0 0  0 0  1 1
   258   1.958622144932548       4   1 1  0 0  0 0  1 1
   259   1.465342942423485       4   0 2  0 0  0 0  1 1
   260  0.2250921890751904E-04   4   1 0  1 0  0 0  1 1
   261  0.4939734558842926E-04   4   0 1  1 0  0 0  1 1
   262  0.1611082696102784       4   0 0  2 0  0 0  1 1
   263  0.5232514735388345E-04   4   1 0  0 1  0 0  1 1
   264  0.8343220538634981E-04   4   0 1  0 1  0 0  1 1
   265  0.6270972922833338       4   0 0  1 1  0 0  1 1
   266  0.3250107880874188       4   0 0  0 2  0 0  1 1
   267  -.5514872637727628       4   2 0  0 0  0 0  0 2
   268  -1.010379287241830       4   1 1  0 0  0 0  0 2
   269  -.4608630151124493       4   0 2  0 0  0 0  0 2
   270  -.1955405598569348E-04   4   1 0  1 0  0 0  0 2
   271  -.1724749641114044E-04   4   0 1  1 0  0 0  0 2
   272  -.1609035606857800       4   0 0  2 0  0 0  0 2
   273  -.1904483354737068E-04   4   1 0  0 1  0 0  0 2
   274  -.1690927362927605E-04   4   0 1  0 1  0 0  0 2
   275  -.3221505270953486       4   0 0  1 1  0 0  0 2
   276  -.1584972534734855       4   0 0  0 2  0 0  0 2
   277  -.1524521807507132E-03   4   1 0  0 0  0 3  0 0
   278  -.2326181843792557E-03   4   0 1  0 0  0 3  0 0
   279  -.7964515457036999E-04   4   0 0  1 0  0 3  0 0
   280  -.9050744021558990E-04   4   0 0  0 1  0 3  0 0
   281  -.8110254274758267E-04   4   1 0  0 0  0 2  1 0
   282  -.1177906024782957E-03   4   0 1  0 0  0 2  1 0
   283  -.2224739036214714E-04   4   0 0  1 0  0 2  1 0
   284  -.7568137174487636E-04   4   0 0  0 1  0 2  1 0
   285  -.5121917464476977E-04   4   1 0  0 0  0 1  2 0
   286  -.7375379518720947E-04   4   0 1  0 0  0 1  2 0
   287  -.1165353472449970E-04   4   0 0  1 0  0 1  2 0
   288  -.5000230418786679E-04   4   0 0  0 1  0 1  2 0
   289  -.2706550585520247E-04   4   1 0  0 0  0 0  3 0
   290  -.3931704740392098E-04   4   0 1  0 0  0 0  3 0
   291  -.7451751230717239E-05   4   0 0  1 0  0 0  3 0
   292  -.2522095007248175E-04   4   0 0  0 1  0 0  3 0
   293  0.1326373075698295E-03   4   1 0  0 0  0 2  0 1
   294  0.1065458542552727E-03   4   0 1  0 0  0 2  0 1
   295  0.8804810144397092E-04   4   0 0  1 0  0 2  0 1
   296  0.1466879140743959E-03   4   0 0  0 1  0 2  0 1
   297  0.7295937311886431E-04   4   1 0  0 0  0 1  1 1
   298  0.5848735522336647E-04   4   0 1  0 0  0 1  1 1
   299  0.1655156722546117E-04   4   0 0  1 0  0 1  1 1
   300  0.9510298347421861E-04   4   0 0  0 1  0 1  1 1
   301  0.3649499188555241E-04   4   1 0  0 0  0 0  2 1
   302  0.2925603128523929E-04   4   0 1  0 0  0 0  2 1
   303  0.8318459921118433E-05   4   0 0  1 0  0 0  2 1
   304  0.4755461790757815E-04   4   0 0  0 1  0 0  2 1
   305  -.8642678641961261E-06   4   1 0  0 0  0 1  0 2
   306  0.2077196908312496E-05   4   0 1  0 0  0 1  0 2
   307  -.7718249557680632E-05   4   0 0  1 0  0 1  0 2
   308  -.2356574111244839E-04   4   0 0  0 1  0 1  0 2
   309  -.4596151385165900E-05   4   1 0  0 0  0 0  1 2
   310  -.1370878989980926E-05   4   0 1  0 0  0 0  1 2
   311  0.3580768810559709E-05   4   0 0  1 0  0 0  1 2
   312  -.1110072120248458E-04   4   0 0  0 1  0 0  1 2
   313  0.3146897646320191E-07   4   1 0  0 0  0 0  0 3
   314  0.9668715904777059E-07   4   0 1  0 0  0 0  0 3
   315  -.5094278300186270E-05   4   0 0  1 0  0 0  0 3
   316  -.4640543944213646E-05   4   0 0  0 1  0 0  0 3
   317  -.1565302520223910       4   0 0  0 0  0 4  0 0
   318  0.8947684323965081E-01   4   0 0  0 0  0 3  1 0
   319  0.2686485483929728E-01   4   0 0  0 0  0 2  2 0
   320  0.1798162676934786E-01   4   0 0  0 0  0 1  3 0
   321  0.2220686160384396E-01   4   0 0  0 0  0 0  4 0
   322  0.6262249365903959E-08   4   0 0  0 0  0 3  0 1
   323  0.3311273925946898E-08   4   0 0  0 0  0 2  1 1
   324  0.2657913228917207E-08   4   0 0  0 0  0 1  2 1
   325  0.9012647890623632E-09   4   0 0  0 0  0 0  3 1
   326  -.5488503597601787E-09   4   0 0  0 0  0 2  0 2
   327  0.1549394663037069E-09   4   0 0  0 0  0 1  1 2
   328  0.5506133096511702E-10   4   0 0  0 0  0 0  2 2
   329  -.4196477114720623E-09   4   0 0  0 0  0 1  0 3
   330  -.1923880056827175E-09   4   0 0  0 0  0 0  1 3
   331  -.2564709055684735E-10   4   0 0  0 0  0 0  0 4
   ----------------------------------------------------
     I  COEFFICIENT            ORDER EXPONENTS
     1   1.000000000000000       1   0 0  0 0  0 1  0 0
     --------------------------------------------------
     I  COEFFICIENT            ORDER EXPONENTS
     1   1.000000000000000       1   0 0  0 0  0 0  1 0
     --------------------------------------------------
     I  COEFFICIENT            ORDER EXPONENTS
     1   1.000000000000000       1   0 0  0 0  0 0  0 1
     --------------------------------------------------
