 L    0.1145458000000000E+01
 P (  0.0000000000000000E+00,  0.0000000000000000E+00,  0.9555200000000000E-01)
 A (  0.0000000000000000E+00,  0.0000000000000000E+00,  0.0000000000000000E+00)
     I  COEFFICIENT            ORDER EXPONENTS
     1  0.9524138861240242E-04   0   0 0  0 0  0 0  0 0
     2   1.669457835695284       1   1 0  0 0  0 0  0 0
     3   1.739026276600046       1   0 1  0 0  0 0  0 0
     4  0.2009835606783628E-04   1   0 0  1 0  0 0  0 0
     5  0.1770364701337338E-04   1   0 0  0 1  0 0  0 0
     6  -.9200495090769100E-06   1   0 0  0 0  0 1  0 0
     7  -.9188113498082566E-06   1   0 0  0 0  0 0  1 0
     8  0.1838860860760937E-05   1   0 0  0 0  0 0  0 1
     9  -.1710099934646795       2   2 0  0 0  0 0  0 0
    10  -.3055032006584919       2   1 1  0 0  0 0  0 0
    11  -.1371216183834771       2   0 2  0 0  0 0  0 0
    12  0.6847347992306412E-03   2   1 0  1 0  0 0  0 0
    13  0.2042631505522908E-03   2   0 1  1 0  0 0  0 0
    14  0.1210207361319064       2   0 0  2 0  0 0  0 0
    15  0.7007767378899199E-03   2   1 0  0 1  0 0  0 0
    16  0.3160598101704094E-03   2   0 1  0 1  0 0  0 0
    17  0.2156887393325218       2   0 0  1 1  0 0  0 0
    18  0.9691019145593041E-01   2   0 0  0 2  0 0  0 0
    19  -.3642013027379747       2   1 0  0 0  0 1  0 0
    20  -1.191473497845158       2   0 1  0 0  0 1  0 0
    21  -.1101364699579348E-04   2   0 0  1 0  0 1  0 0
    22  -.1862230369221214E-04   2   0 0  0 1  0 1  0 0
    23  -.3637111777889669       2   1 0  0 0  0 0  1 0
    24  -1.189870068963964       2   0 1  0 0  0 0  1 0
    25  -.1099882534872182E-04   2   0 0  1 0  0 0  1 0
    26  -.1859724267354199E-04   2   0 0  0 1  0 0  1 0
    27  0.7279124805602775       2   1 0  0 0  0 0  0 1
    28  0.6423172902423508       2   0 1  0 0  0 0  0 1
    29  0.2201244984052993E-04   2   0 0  1 0  0 0  0 1
    30  0.1951587763546391E-04   2   0 0  0 1  0 0  0 1
    31  0.4515472605600608E-06   2   0 0  0 0  0 2  0 0
    32  -.1567893501141202E-07   2   0 0  0 0  0 1  1 0
    33  0.4509501394245983E-06   2   0 0  0 0  0 0  2 0
    34  0.3256992708364999E-07   2   0 0  0 0  0 1  0 1
    35  0.3252609601070767E-07   2   0 0  0 0  0 0  1 1
    36  -.9519728168507406E-06   2   0 0  0 0  0 0  0 2
    37   2.320302891490479       3   3 0  0 0  0 0  0 0
    38   10.45160299582864       3   2 1  0 0  0 0  0 0
    39   13.94401734562813       3   1 2  0 0  0 0  0 0
    40   6.644784883881126       3   0 3  0 0  0 0  0 0
    41  -.1301495663519470E-01   3   2 0  1 0  0 0  0 0
    42  -.2287128894596877E-01   3   1 1  1 0  0 0  0 0
    43  -.1006409562062133E-01   3   0 2  1 0  0 0  0 0
    44  -1.750147461842796       3   1 0  2 0  0 0  0 0
    45  0.4089335636305101       3   0 1  2 0  0 0  0 0
    46  0.3104969846216840E-02   3   0 0  3 0  0 0  0 0
    47  -.1179495535709887E-01   3   2 0  0 1  0 0  0 0
    48  -.2088457057189649E-01   3   1 1  0 1  0 0  0 0
    49  -.9252342367831554E-02   3   0 2  0 1  0 0  0 0
    50  -5.111902361539878       3   1 0  1 1  0 0  0 0
    51  -1.664405892500421       3   0 1  1 1  0 0  0 0
    52  0.8252221378200440E-02   3   0 0  2 1  0 0  0 0
    53  -2.444050464844577       3   1 0  0 2  0 0  0 0
    54  -.2894076006194665       3   0 1  0 2  0 0  0 0
    55  0.7383656512412190E-02   3   0 0  1 2  0 0  0 0
    56  0.2234033647124685E-02   3   0 0  0 3  0 0  0 0
    57  0.1076445282784065       3   2 0  0 0  0 1  0 0
    58  0.3445073955015714       3   1 1  0 0  0 1  0 0
    59  0.2228582924965547       3   0 2  0 0  0 1  0 0
    60  -.3788462997639392E-03   3   1 0  1 0  0 1  0 0
    61  -.1851446666334044E-03   3   0 1  1 0  0 1  0 0
    62  -.5638267515451703E-01   3   0 0  2 0  0 1  0 0
    63  -.8169050339296619E-03   3   1 0  0 1  0 1  0 0
    64  -.5352737579990073E-03   3   0 1  0 1  0 1  0 0
    65  -.2075703066911765       3   0 0  1 1  0 1  0 0
    66  -.1414619872302141       3   0 0  0 2  0 1  0 0
    67  0.1074996653453626       3   2 0  0 0  0 0  1 0
    68  0.3440437736847810       3   1 1  0 0  0 0  1 0
    69  0.2225583803094627       3   0 2  0 0  0 0  1 0
    70  -.3783364662681263E-03   3   1 0  1 0  0 0  1 0
    71  -.1848955076666157E-03   3   0 1  1 0  0 0  1 0
    72  -.5630679800751792E-01   3   0 0  2 0  0 0  1 0
    73  -.8158056816344007E-03   3   1 0  0 1  0 0  1 0
    74  -.5345534118020700E-03   3   0 1  0 1  0 0  1 0
    75  -.2072909683548818       3   0 0  1 1  0 0  1 0
    76  -.1412716143546724       3   0 0  0 2  0 0  1 0
    77  -.2151445281703612       3   2 0  0 0  0 0  0 1
    78  -.3830485217674521       3   1 1  0 0  0 0  0 1
    79  -.1711736642009827       3   0 2  0 0  0 0  0 1
    80  0.7563353545176279E-03   3   1 0  1 0  0 0  0 1
    81  0.1649202906410868E-03   3   0 1  1 0  0 0  0 1
    82  0.1126896471646498       3   0 0  2 0  0 0  0 1
    83  0.9310494917412372E-03   3   1 0  0 1  0 0  0 1
    84  0.4368090673661314E-03   3   0 1  0 1  0 0  0 1
    85  0.1991728083263458       3   0 0  1 1  0 0  0 1
    86  0.8891332392816508E-01   3   0 0  0 2  0 0  0 1
    87  0.2882257121709233       3   1 0  0 0  0 2  0 0
    88   1.066809140311683       3   0 1  0 0  0 2  0 0
    89  0.8745725288003997E-05   3   0 0  1 0  0 2  0 0
    90  0.1931830783107365E-04   3   0 0  0 1  0 2  0 0
    91  0.2124540578321432       3   1 0  0 0  0 1  1 0
    92  0.9424783688596341       3   0 1  0 0  0 1  1 0
    93  0.6406600471829731E-05   3   0 0  1 0  0 1  1 0
    94  0.1993550026783189E-04   3   0 0  0 1  0 1  1 0
    95  0.2876948762618825       3   1 0  0 0  0 0  2 0
    96   1.064739307361954       3   0 1  0 0  0 0  2 0
    97  0.8729644852592135E-05   3   0 0  1 0  0 0  2 0
    98  0.1927889603450626E-04   3   0 0  0 1  0 0  2 0
    99  -.4247046553862047       3   1 0  0 0  0 1  0 1
   100  -.6931505411142680       3   0 1  0 0  0 1  0 1
   101  -.1275576545505096E-04   3   0 0  1 0  0 1  0 1
   102  -.2115623857350061E-04   3   0 0  0 1  0 1  0 1
   103  -.4241331078766260       3   1 0  0 0  0 0  1 1
   104  -.6922177317830926       3   0 1  0 0  0 0  1 1
   105  -.1273859934705997E-04   3   0 0  1 0  0 0  1 1
   106  -.2112776750468737E-04   3   0 0  0 1  0 0  1 1
   107  0.6046277169960958E-01   3   1 0  0 0  0 0  0 2
   108  0.5036699395102907E-01   3   0 1  0 0  0 0  0 2
   109  0.1669586936860398E-05   3   0 0  1 0  0 0  0 2
   110  0.1575945671671809E-05   3   0 0  0 1  0 0  0 2
   111  -.2108509712379463E-06   3   0 0  0 0  0 3  0 0
   112  0.2700983718429827E-06   3   0 0  0 0  0 2  1 0
   113  0.2691280861961379E-06   3   0 0  0 0  0 1  2 0
   114  -.2106068397936276E-06   3   0 0  0 0  0 0  3 0
   115  -.5409359753042571E-06   3   0 0  0 0  0 2  0 1
   116  -.1047813413008037E-05   3   0 0  0 0  0 1  1 1
   117  -.5395029603065526E-06   3   0 0  0 0  0 0  2 1
   118  0.1032295562784834E-05   3   0 0  0 0  0 1  0 2
   119  0.1030906348066873E-05   3   0 0  0 0  0 0  1 2
   120  -.5312521418219148E-07   3   0 0  0 0  0 0  0 3
   121  -20.55357390151603       4   4 0  0 0  0 0  0 0
   122  -76.28100566984904       4   3 1  0 0  0 0  0 0
   123  -106.7364891305890       4   2 2  0 0  0 0  0 0
   124  -66.85927220809205       4   1 3  0 0  0 0  0 0
   125  -15.84163898834499       4   0 4  0 0  0 0  0 0
   126  -.9309742759004367E-02   4   3 0  1 0  0 0  0 0
   127  -.2560851083351612E-01   4   2 1  1 0  0 0  0 0
   128  -.2516164046039881E-01   4   1 2  1 0  0 0  0 0
   129  -.8767551183156603E-02   4   0 3  1 0  0 0  0 0
   130   77.06737860805239       4   2 0  2 0  0 0  0 0
   131   136.1550212322889       4   1 1  2 0  0 0  0 0
   132   60.61652578978702       4   0 2  2 0  0 0  0 0
   133  0.6528942791178263E-02   4   1 0  3 0  0 0  0 0
   134  0.5427796421588783E-02   4   0 1  3 0  0 0  0 0
   135  -9.237264581863444       4   0 0  4 0  0 0  0 0
   136  -.7860450608968044E-02   4   3 0  0 1  0 0  0 0
   137  -.2047748281467712E-01   4   2 1  0 1  0 0  0 0
   138  -.1840581662450648E-01   4   1 2  0 1  0 0  0 0
   139  -.5803783636264805E-02   4   0 3  0 1  0 0  0 0
   140   141.1316010061445       4   2 0  1 1  0 0  0 0
   141   251.2037573289107       4   1 1  1 1  0 0  0 0
   142   112.7557123755324       4   0 2  1 1  0 0  0 0
   143  0.1731536669568320E-01   4   1 0  2 1  0 0  0 0
   144  0.1468440086655889E-01   4   0 1  2 1  0 0  0 0
   145  -32.55274082233133       4   0 0  3 1  0 0  0 0
   146   64.93930768085332       4   2 0  0 2  0 0  0 0
   147   116.3041263042781       4   1 1  0 2  0 0  0 0
   148   52.56255974891627       4   0 2  0 2  0 0  0 0
   149  0.1489218804758071E-01   4   1 0  1 2  0 0  0 0
   150  0.1281960786639931E-01   4   0 1  1 2  0 0  0 0
   151  -43.30068057002863       4   0 0  2 2  0 0  0 0
   152  0.4650786477401608E-02   4   1 0  0 3  0 0  0 0
   153  0.4009116478115984E-02   4   0 1  0 3  0 0  0 0
   154  -25.66520814830698       4   0 0  1 3  0 0  0 0
   155  -5.696210955380152       4   0 0  0 4  0 0  0 0
   156  -3.810418564210938       4   3 0  0 0  0 1  0 0
   157  -19.29651451131874       4   2 1  0 0  0 1  0 0
   158  -30.42837937354206       4   1 2  0 0  0 1  0 0
   159  -16.34228431367908       4   0 3  0 0  0 1  0 0
   160  0.1357858089478404E-02   4   2 0  1 0  0 1  0 0
   161  0.1237855717749935E-01   4   1 1  1 0  0 1  0 0
   162  0.9739399623840794E-02   4   0 2  1 0  0 1  0 0
   163  0.8424262838799397       4   1 0  2 0  0 1  0 0
   164  -.7496105876782986       4   0 1  2 0  0 1  0 0
   165  -.4443926677676099E-03   4   0 0  3 0  0 1  0 0
   166  0.6259552090259635E-02   4   2 0  0 1  0 1  0 0
   167  0.2005589635792149E-01   4   1 1  0 1  0 1  0 0
   168  0.1275757771445746E-01   4   0 2  0 1  0 1  0 0
   169   6.123508273038409       4   1 0  1 1  0 1  0 0
   170   2.880798058727872       4   0 1  1 1  0 1  0 0
   171  -.4883046294091566E-02   4   0 0  2 1  0 1  0 0
   172   4.541256464588040       4   1 0  0 2  0 1  0 0
   173   1.421534013879159       4   0 1  0 2  0 1  0 0
   174  -.7653360391024312E-02   4   0 0  1 2  0 1  0 0
   175  -.3309666787276579E-02   4   0 0  0 3  0 1  0 0
   176  -3.805290682485756       4   3 0  0 0  0 0  1 0
   177  -19.27054617150179       4   2 1  0 0  0 0  1 0
   178  -30.38743029462008       4   1 2  0 0  0 0  1 0
   179  -16.32029163763457       4   0 3  0 0  0 0  1 0
   180  0.1356030748055244E-02   4   2 0  1 0  0 0  1 0
   181  0.1236189869863111E-01   4   1 1  1 0  0 0  1 0
   182  0.9726292798829065E-02   4   0 2  1 0  0 0  1 0
   183  0.8412925862892791       4   1 0  2 0  0 0  1 0
   184  -.7486017970773147       4   0 1  2 0  0 0  1 0
   185  -.4437946250588289E-03   4   0 0  3 0  0 0  1 0
   186  0.6251128280059063E-02   4   2 0  0 1  0 0  1 0
   187  0.2002890607780470E-01   4   1 1  0 1  0 0  1 0
   188  0.1274040916761319E-01   4   0 2  0 1  0 0  1 0
   189   6.115267544195515       4   1 0  1 1  0 0  1 0
   190   2.876921216467753       4   0 1  1 1  0 0  1 0
   191  -.4876474920518975E-02   4   0 0  2 1  0 0  1 0
   192   4.535145055660002       4   1 0  0 2  0 0  1 0
   193   1.419620980397853       4   0 1  0 2  0 0  1 0
   194  -.7643060859300453E-02   4   0 0  1 2  0 0  1 0
   195  -.3305212793693455E-02   4   0 0  0 3  0 0  1 0
   196   7.612993104139458       4   3 0  0 0  0 0  0 1
   197   28.10700780503332       4   2 1  0 0  0 0  0 1
   198   32.91899168161592       4   1 2  0 0  0 0  0 1
   199   12.72517006150565       4   0 3  0 0  0 0  0 1
   200  0.1419674456822059E-02   4   2 0  1 0  0 0  0 1
   201  0.3079010962731945E-02   4   1 1  1 0  0 0  0 1
   202  0.1670970183700945E-02   4   0 2  1 0  0 0  0 1
   203  -1.679600831447520       4   1 0  2 0  0 0  0 1
   204   1.093413270519201       4   0 1  2 0  0 0  0 1
   205  -.8669545154517652E-04   4   0 0  3 0  0 0  0 1
   206  0.1580020288011237E-02   4   2 0  0 1  0 0  0 1
   207  0.3313961448333343E-02   4   1 1  0 1  0 0  0 1
   208  0.1758244932572445E-02   4   0 2  0 1  0 0  0 1
   209  -7.118338016750762       4   1 0  1 1  0 0  0 1
   210  -2.420289561939129       4   0 1  1 1  0 0  0 1
   211  -.3076035382434233E-03   4   0 0  2 1  0 0  0 1
   212  -4.183852178189035       4   1 0  0 2  0 0  0 1
   213  -1.968418573921013       4   0 1  0 2  0 0  0 1
   214  -.3215704977675636E-03   4   0 0  1 2  0 0  0 1
   215  -.9203781721880809E-04   4   0 0  0 3  0 0  0 1
   216  -.9481655870173192E-01   4   2 0  0 0  0 2  0 0
   217  -.3799536655814365       4   1 1  0 0  0 2  0 0
   218  -.2992497723244627       4   0 2  0 0  0 2  0 0
   219  -.1957565478505965E-03   4   1 0  1 0  0 2  0 0
   220  -.6430813317532619E-04   4   0 1  1 0  0 2  0 0
   221  0.4009826081430445E-01   4   0 0  2 0  0 2  0 0
   222  0.4879729877931476E-03   4   1 0  0 1  0 2  0 0
   223  0.5763768106192983E-03   4   0 1  0 1  0 2  0 0
   224  0.2014318491553563       4   0 0  1 1  0 2  0 0
   225  0.1728417745693154       4   0 0  0 2  0 2  0 0
   226  -.8062027651089265E-01   4   2 0  0 0  0 1  1 0
   227  -.4121726703580164       4   1 1  0 0  0 1  1 0
   228  -.3734848871127190       4   0 2  0 0  0 1  1 0
   229  -.3153582148191863E-03   4   1 0  1 0  0 1  1 0
   230  -.1249106119955193E-03   4   0 1  1 0  0 1  1 0
   231  0.2445797525078462E-01   4   0 0  2 0  0 1  1 0
   232  0.5394058031585859E-03   4   1 0  0 1  0 1  1 0
   233  0.7418085145493374E-03   4   0 1  0 1  0 1  1 0
   234  0.1961754142923612       4   0 0  1 1  0 1  1 0
   235  0.2045356933065762       4   0 0  0 2  0 1  1 0
   236  -.9463471156127030E-01   4   2 0  0 0  0 0  2 0
   237  -.3791650005675294       4   1 1  0 0  0 0  2 0
   238  -.2985957469043551       4   0 2  0 0  0 0  2 0
   239  -.1952809108025961E-03   4   1 0  1 0  0 0  2 0
   240  -.6413754091299202E-04   4   0 1  1 0  0 0  2 0
   241  0.4002784126945196E-01   4   0 0  2 0  0 0  2 0
   242  0.4869533432892695E-03   4   1 0  0 1  0 0  2 0
   243  0.5751020044019339E-03   4   0 1  0 1  0 0  2 0
   244  0.2010287698523536       4   0 0  1 1  0 0  2 0
   245  0.1724715450065416       4   0 0  0 2  0 0  2 0
   246  0.1593903717320943       4   2 0  0 0  0 1  0 1
   247  0.4748068429065883       4   1 1  0 0  0 1  0 1
   248  0.2974395803568050       4   0 2  0 0  0 1  0 1
   249  0.5584397963267660E-03   4   1 0  1 0  0 1  0 1
   250  0.5100580477119372E-03   4   0 1  1 0  0 1  0 1
   251  -.4938993634771530E-01   4   0 0  2 0  0 1  0 1
   252  -.1347982292577167E-03   4   1 0  0 1  0 1  0 1
   253  -.4731009002077806E-04   4   0 1  0 1  0 1  0 1
   254  -.1853861683352952       4   0 0  1 1  0 1  0 1
   255  -.1266788748314958       4   0 0  0 2  0 1  0 1
   256  0.1591758716816307       4   2 0  0 0  0 0  1 1
   257  0.4741678702342854       4   1 1  0 0  0 0  1 1
   258  0.2970393001874065       4   0 2  0 0  0 0  1 1
   259  0.5576882743672264E-03   4   1 0  1 0  0 0  1 1
   260  0.5093716356295305E-03   4   0 1  1 0  0 0  1 1
   261  -.4932346969904606E-01   4   0 0  2 0  0 0  1 1
   262  -.1346168241536019E-03   4   1 0  0 1  0 0  1 1
   263  -.4724642233127455E-04   4   0 1  0 1  0 0  1 1
   264  -.1851366843668979       4   0 0  1 1  0 0  1 1
   265  -.1265083963719166       4   0 0  0 2  0 0  1 1
   266  -.4985211033641887E-01   4   2 0  0 0  0 0  0 2
   267  -.8737669844092733E-01   4   1 1  0 0  0 0  0 2
   268  -.3827256729640075E-01   4   0 2  0 0  0 0  0 2
   269  -.5120157252502390E-03   4   1 0  1 0  0 0  0 2
   270  -.4960621391449615E-03   4   0 1  1 0  0 0  0 2
   271  -.6387195331078230E-02   4   0 0  2 0  0 0  0 2
   272  -.4031325370324041E-03   4   1 0  0 1  0 0  0 2
   273  -.3992424012215190E-03   4   0 1  0 1  0 0  0 2
   274  -.1309371822552504E-01   4   0 0  1 1  0 0  0 2
   275  -.6491551326415991E-02   4   0 0  0 2  0 0  0 2
   276  -.2505263278912214       4   1 0  0 0  0 3  0 0
   277  -1.011040918401221       4   0 1  0 0  0 3  0 0
   278  -.1159621616075942E-04   4   0 0  1 0  0 3  0 0
   279  -.2449989685900207E-04   4   0 0  0 1  0 3  0 0
   280  -.1751650393186348       4   1 0  0 0  0 2  1 0
   281  -.8995488313618258       4   0 1  0 0  0 2  1 0
   282  -.7711187561811224E-05   4   0 0  1 0  0 2  1 0
   283  -.2418482244959776E-04   4   0 0  0 1  0 2  1 0
   284  -.1753164852505374       4   1 0  0 0  0 1  2 0
   285  -.8997711459865882       4   0 1  0 0  0 1  2 0
   286  -.7718998492396757E-05   4   0 0  1 0  0 1  2 0
   287  -.2418539191219817E-04   4   0 0  0 1  0 1  2 0
   288  -.2499029025978026       4   1 0  0 0  0 0  3 0
   289  -1.008395532157198       4   0 1  0 0  0 0  3 0
   290  -.1156762601936696E-04   4   0 0  1 0  0 0  3 0
   291  -.2443418918186909E-04   4   0 0  0 1  0 0  3 0
   292  0.3502732620816770       4   1 0  0 0  0 2  0 1
   293  0.7322221696159688       4   0 1  0 0  0 2  0 1
   294  0.1412679624557189E-04   4   0 0  1 0  0 2  0 1
   295  0.2649258107129871E-04   4   0 0  0 1  0 2  0 1
   296  0.2760342573972124       4   1 0  0 0  0 1  1 1
   297  0.7711802849715695       4   0 1  0 0  0 1  1 1
   298  0.1031584873989812E-04   4   0 0  1 0  0 1  1 1
   299  0.2637372149831078E-04   4   0 0  0 1  0 1  1 1
   300  0.3496161438860964       4   1 0  0 0  0 0  2 1
   301  0.7307178704870152       4   0 1  0 0  0 0  2 1
   302  0.1410084377742501E-04   4   0 0  1 0  0 0  2 1
   303  0.2643918234852415E-04   4   0 0  0 1  0 0  2 1
   304  -.6357428728551334E-01   4   1 0  0 0  0 1  0 2
   305  -.7807458808332016E-01   4   0 1  0 0  0 1  0 2
   306  -.6752852263741341E-06   4   0 0  1 0  0 1  0 2
   307  -.1274996560782422E-05   4   0 0  0 1  0 1  0 2
   308  -.6348873200583854E-01   4   1 0  0 0  0 0  1 2
   309  -.7796951898220689E-01   4   0 1  0 0  0 0  1 2
   310  -.6743764593416232E-06   4   0 0  1 0  0 0  1 2
   311  -.1273280730499472E-05   4   0 0  0 1  0 0  1 2
   312  0.2044936654841856E-02   4   1 0  0 0  0 0  0 3
   313  0.1646939031544316E-02   4   0 1  0 0  0 0  0 3
   314  0.1303143956348168E-06   4   0 0  1 0  0 0  0 3
   315  0.1052660242805343E-06   4   0 0  0 1  0 0  0 3
   316  -.3439089386093471E-04   4   0 0  0 0  0 4  0 0
   317  -.2387623434652228E-04   4   0 0  0 0  0 3  1 0
   318  -.2249117504736319E-04   4   0 0  0 0  0 2  2 0
   319  -.2390625237267535E-04   4   0 0  0 0  0 1  3 0
   320  -.3428232781183683E-04   4   0 0  0 0  0 0  4 0
   321  0.9853672591632089E-05   4   0 0  0 0  0 3  0 1
   322  0.1039588173143354E-04   4   0 0  0 0  0 2  1 1
   323  0.1039476044392087E-04   4   0 0  0 0  0 1  2 1
   324  0.9826795961248800E-05   4   0 0  0 0  0 0  3 1
   325  -.8038464772789056E-06   4   0 0  0 0  0 2  0 2
   326  -.1002623189822745E-05   4   0 0  0 0  0 1  1 2
   327  -.8020900570553322E-06   4   0 0  0 0  0 0  2 2
   328  0.2251708212023527E-07   4   0 0  0 0  0 1  0 3
   329  0.2248677969231118E-07   4   0 0  0 0  0 0  1 3
   330  -.7026798209269178E-14   4   0 0  0 0  0 0  0 4
   ----------------------------------------------------
     I  COEFFICIENT            ORDER EXPONENTS
     1  0.4664634180615703E-04   0   0 0  0 0  0 0  0 0
     2   3.173437785814384       1   1 0  0 0  0 0  0 0
     3   3.904675851715318       1   0 1  0 0  0 0  0 0
     4  0.9068933526965846E-04   1   0 0  1 0  0 0  0 0
     5  0.8352147032613100E-04   1   0 0  0 1  0 0  0 0
     6  0.2239558155433775E-05   1   0 0  0 0  0 1  0 0
     7  0.2236544263614209E-05   1   0 0  0 0  0 0  1 0
     8  0.4217023939604932E-04   1   0 0  0 0  0 0  0 1
     9  -.8629074015525712       2   2 0  0 0  0 0  0 0
    10  -1.578509770109124       2   1 1  0 0  0 0  0 0
    11  -.7255268111053393       2   0 2  0 0  0 0  0 0
    12  0.3910377172487003E-02   2   1 0  1 0  0 0  0 0
    13  0.2859257015954943E-02   2   0 1  1 0  0 0  0 0
    14  0.5374239818021318       2   0 0  2 0  0 0  0 0
    15  0.3606630369222086E-02   2   1 0  0 1  0 0  0 0
    16  0.2717899258216368E-02   2   0 1  0 1  0 0  0 0
    17  0.9832669018692637       2   0 0  1 1  0 0  0 0
    18  0.4544362958750389       2   0 0  0 2  0 0  0 0
    19  -.2061608629793411       2   1 0  0 0  0 1  0 0
    20  -1.627772853267589       2   0 1  0 0  0 1  0 0
    21  -.5416378801173908E-05   2   0 0  1 0  0 1  0 0
    22  -.4707171989943886E-04   2   0 0  0 1  0 1  0 0
    23  -.2058834214059770       2   1 0  0 0  0 0  1 0
    24  -1.625582273275947       2   0 1  0 0  0 0  1 0
    25  -.5409089693848546E-05   2   0 0  1 0  0 0  1 0
    26  -.4700837299721167E-04   2   0 0  0 1  0 0  1 0
    27   3.585482070378916       2   1 0  0 0  0 0  0 1
    28   3.253355126722123       2   0 1  0 0  0 0  0 1
    29  0.1015146492167584E-03   2   0 0  1 0  0 0  0 1
    30  0.9407993978486200E-04   2   0 0  0 1  0 0  0 1
    31  -.1783181664340340E-05   2   0 0  0 0  0 2  0 0
    32  -.1328025015512507E-05   2   0 0  0 0  0 1  1 0
    33  -.1779888345755256E-05   2   0 0  0 0  0 0  2 0
    34  0.4894388683584485E-05   2   0 0  0 0  0 1  0 1
    35  0.4887802045958308E-05   2   0 0  0 0  0 0  1 1
    36  -.4891095166083399E-05   2   0 0  0 0  0 0  0 2
    37  -15.85655057082316       3   3 0  0 0  0 0  0 0
    38  -45.97306360799629       3   2 1  0 0  0 0  0 0
    39  -45.83494609369228       3   1 2  0 0  0 0  0 0
    40  -14.15729261348151       3   0 3  0 0  0 0  0 0
    41  -.6491779770820691E-01   3   2 0  1 0  0 0  0 0
    42  -.1175206510255474       3   1 1  1 0  0 0  0 0
    43  -.5344474099785995E-01   3   0 2  1 0  0 0  0 0
    44  -18.79308302620434       3   1 0  2 0  0 0  0 0
    45  -14.70917008544377       3   0 1  2 0  0 0  0 0
    46  0.1347559075536726E-01   3   0 0  3 0  0 0  0 0
    47  -.6147896560856670E-01   3   2 0  0 1  0 0  0 0
    48  -.1123238677719498       3   1 1  0 1  0 0  0 0
    49  -.5150439674514826E-01   3   0 2  0 1  0 0  0 0
    50  -40.34077434097620       3   1 0  1 1  0 0  0 0
    51  -33.23647199067049       3   0 1  1 1  0 0  0 0
    52  0.3662289371624344E-01   3   0 0  2 1  0 0  0 0
    53  -19.15649744008918       3   1 0  0 2  0 0  0 0
    54  -14.79180799889625       3   0 1  0 2  0 0  0 0
    55  0.3351867323339917E-01   3   0 0  1 2  0 0  0 0
    56  0.1037757359632370E-01   3   0 0  0 3  0 0  0 0
    57  0.1546194257478483       3   2 0  0 0  0 1  0 0
    58   1.065036128538699       3   1 1  0 0  0 1  0 0
    59  0.8484537749237205       3   0 2  0 0  0 1  0 0
    60  -.1503702903554431E-02   3   1 0  1 0  0 1  0 0
    61  -.2556102630445105E-02   3   0 1  1 0  0 1  0 0
    62  0.2005258835171188E-01   3   0 0  2 0  0 1  0 0
    63  -.3430298411280481E-02   3   1 0  0 1  0 1  0 0
    64  -.4015873420855844E-02   3   0 1  0 1  0 1  0 0
    65  -.4490465501466241       3   0 0  1 1  0 1  0 0
    66  -.4327996236053375       3   0 0  0 2  0 1  0 0
    67  0.1544113462116453       3   2 0  0 0  0 0  1 0
    68   1.063602853110341       3   1 1  0 0  0 0  1 0
    69  0.8473119658196769       3   0 2  0 0  0 0  1 0
    70  -.1501679291053902E-02   3   1 0  1 0  0 0  1 0
    71  -.2552662747990002E-02   3   0 1  1 0  0 0  1 0
    72  0.2002560252335323E-01   3   0 0  2 0  0 0  1 0
    73  -.3425682077342955E-02   3   1 0  0 1  0 0  1 0
    74  -.4010469047667620E-02   3   0 1  0 1  0 0  1 0
    75  -.4484422444622684       3   0 0  1 1  0 0  1 0
    76  -.4322171822690299       3   0 0  0 2  0 0  1 0
    77  -1.171941049646932       3   2 0  0 0  0 0  0 1
    78  -2.128643828778342       3   1 1  0 0  0 0  0 1
    79  -.9702409704027837       3   0 2  0 0  0 0  0 1
    80  0.6911462786890138E-02   3   1 0  1 0  0 0  0 1
    81  0.5104460821697972E-02   3   0 1  1 0  0 0  0 1
    82  0.4973474501492098       3   0 0  2 0  0 0  0 1
    83  0.6851318819316042E-02   3   1 0  0 1  0 0  0 1
    84  0.5303713903824967E-02   3   0 1  0 1  0 0  0 1
    85  0.8974915907771008       3   0 0  1 1  0 0  0 1
    86  0.4105816805771295       3   0 0  0 2  0 0  0 1
    87  0.1591624657445544       3   1 0  0 0  0 2  0 0
    88   1.311569811084263       3   0 1  0 0  0 2  0 0
    89  0.3706581182514900E-05   3   0 0  1 0  0 2  0 0
    90  0.3758029721990295E-04   3   0 0  0 1  0 2  0 0
    91  0.1122897589273202       3   1 0  0 0  0 1  1 0
    92  0.9962145408148351       3   0 1  0 0  0 1  1 0
    93  0.1980572195062153E-05   3   0 0  1 0  0 1  1 0
    94  0.2811152979468275E-04   3   0 0  0 1  0 1  1 0
    95  0.1588727152664555       3   1 0  0 0  0 0  2 0
    96   1.309134432955121       3   0 1  0 0  0 0  2 0
    97  0.3700260359887783E-05   3   0 0  1 0  0 0  2 0
    98  0.3751080784102812E-04   3   0 0  0 1  0 0  2 0
    99  -.4306138404156041       3   1 0  0 0  0 1  0 1
   100  -1.991580589374791       3   0 1  0 0  0 1  0 1
   101  -.9492726651835913E-05   3   0 0  1 0  0 1  0 1
   102  -.5629997284805638E-04   3   0 0  0 1  0 1  0 1
   103  -.4300343406033092       3   1 0  0 0  0 0  1 1
   104  -1.988900414077561       3   0 1  0 0  0 0  1 1
   105  -.9479951787684688E-05   3   0 0  1 0  0 0  1 1
   106  -.5622420699792331E-04   3   0 0  0 1  0 0  1 1
   107  0.4303235976997131       3   1 0  0 0  0 0  0 2
   108  0.3635625274213528       3   0 1  0 0  0 0  0 2
   109  0.9517909055189647E-05   3   0 0  1 0  0 0  0 2
   110  0.9285600593573635E-05   3   0 0  0 1  0 0  0 2
   111  0.1555587389922183E-05   3   0 0  0 0  0 3  0 0
   112  0.1102505337616337E-05   3   0 0  0 0  0 2  1 0
   113  0.1103415716453070E-05   3   0 0  0 0  0 1  2 0
   114  0.1551706386007871E-05   3   0 0  0 0  0 0  3 0
   115  -.3989910533187512E-05   3   0 0  0 0  0 2  0 1
   116  -.3088618198507166E-05   3   0 0  0 0  0 1  1 1
   117  -.3982462841224995E-05   3   0 0  0 0  0 0  2 1
   118  0.3088866676171730E-05   3   0 0  0 0  0 1  0 2
   119  0.3084709824972235E-05   3   0 0  0 0  0 0  1 2
   120  -.4276847901724072E-06   3   0 0  0 0  0 0  0 3
   121  -92.26859443129145       4   4 0  0 0  0 0  0 0
   122  -342.0945866371528       4   3 1  0 0  0 0  0 0
   123  -477.5125458857570       4   2 2  0 0  0 0  0 0
   124  -298.1284032477810       4   1 3  0 0  0 0  0 0
   125  -70.39644121384492       4   0 4  0 0  0 0  0 0
   126  -.4466189005197937E-01   4   3 0  1 0  0 0  0 0
   127  -.1173960922513288       4   2 1  1 0  0 0  0 0
   128  -.1032980711875541       4   1 2  1 0  0 0  0 0
   129  -.2891049512359065E-01   4   0 3  1 0  0 0  0 0
   130   360.0070968002864       4   2 0  2 0  0 0  0 0
   131   646.4440509077856       4   1 1  2 0  0 0  0 0
   132   291.6703856041387       4   0 2  2 0  0 0  0 0
   133  0.3399487492752987E-01   4   1 0  3 0  0 0  0 0
   134  0.3283542344355809E-01   4   0 1  3 0  0 0  0 0
   135  -40.52033289485578       4   0 0  4 0  0 0  0 0
   136  -.4211385739074468E-01   4   3 0  0 1  0 0  0 0
   137  -.1122823418050733       4   2 1  0 1  0 0  0 0
   138  -.9860869263287354E-01   4   1 2  0 1  0 0  0 0
   139  -.2734104084431060E-01   4   0 3  0 1  0 0  0 0
   140   676.3939877576275       4   2 0  1 1  0 0  0 0
   141   1223.908541911132       4   1 1  1 1  0 0  0 0
   142   556.8967076219308       4   0 2  1 1  0 0  0 0
   143  0.9870770858093669E-01   4   1 0  2 1  0 0  0 0
   144  0.9553478740852142E-01   4   0 1  2 1  0 0  0 0
   145  -145.8441649403496       4   0 0  3 1  0 0  0 0
   146   320.0841592256405       4   2 0  0 2  0 0  0 0
   147   582.7950363795065       4   1 1  0 2  0 0  0 0
   148   267.0087541649203       4   0 2  0 2  0 0  0 0
   149  0.9555347054080351E-01   4   1 0  1 2  0 0  0 0
   150  0.9383274100146945E-01   4   0 1  1 2  0 0  0 0
   151  -198.7075857232479       4   0 0  2 2  0 0  0 0
   152  0.3252246970497036E-01   4   1 0  0 3  0 0  0 0
   153  0.3235409789493243E-01   4   0 1  0 3  0 0  0 0
   154  -121.0255180923452       4   0 0  1 3  0 0  0 0
   155  -27.70059014509408       4   0 0  0 4  0 0  0 0
   156   12.70045869928062       4   3 0  0 0  0 1  0 0
   157   59.16905000429987       4   2 1  0 0  0 1  0 0
   158   80.21562884795145       4   1 2  0 0  0 1  0 0
   159   32.04146080975347       4   0 3  0 0  0 1  0 0
   160  -.5810221964517687E-02   4   2 0  1 0  0 1  0 0
   161  0.4082307352570144E-01   4   1 1  1 0  0 1  0 0
   162  0.4166108214059702E-01   4   0 2  1 0  0 1  0 0
   163   5.977637962306938       4   1 0  2 0  0 1  0 0
   164   11.28135878941365       4   0 1  2 0  0 1  0 0
   165  0.1183678345558157E-02   4   0 0  3 0  0 1  0 0
   166  0.2003507880565647E-01   4   2 0  0 1  0 1  0 0
   167  0.8500123073801769E-01   4   1 1  0 1  0 1  0 0
   168  0.6092788922513958E-01   4   0 2  0 1  0 1  0 0
   169   34.86099468298356       4   1 0  1 1  0 1  0 0
   170   44.23901522267832       4   0 1  1 1  0 1  0 0
   171  -.1252736848155128E-01   4   0 0  2 1  0 1  0 0
   172   27.26999588198740       4   1 0  0 2  0 1  0 0
   173   28.59119666423549       4   0 1  0 2  0 1  0 0
   174  -.2558014120139279E-01   4   0 0  1 2  0 1  0 0
   175  -.1222388667903589E-01   4   0 0  0 3  0 1  0 0
   176   12.68336702051578       4   3 0  0 0  0 0  1 0
   177   59.08942308534724       4   2 1  0 0  0 0  1 0
   178   80.10767843508221       4   1 2  0 0  0 0  1 0
   179   31.99834092185841       4   0 3  0 0  0 0  1 0
   180  -.5802402841624031E-02   4   2 0  1 0  0 0  1 0
   181  0.4076813575727552E-01   4   1 1  1 0  0 0  1 0
   182  0.4160501661967111E-01   4   0 2  1 0  0 0  1 0
   183   5.969593538853650       4   1 0  2 0  0 0  1 0
   184   11.26617686842694       4   0 1  2 0  0 0  1 0
   185  0.1182085407025533E-02   4   0 0  3 0  0 0  1 0
   186  0.2000811654082044E-01   4   2 0  0 1  0 0  1 0
   187  0.8488684008765991E-01   4   1 1  0 1  0 0  1 0
   188  0.6084589534325242E-01   4   0 2  0 1  0 0  1 0
   189   34.81408039928107       4   1 0  1 1  0 0  1 0
   190   44.17948044090430       4   0 1  1 1  0 0  1 0
   191  -.1251050973944323E-01   4   0 0  2 1  0 0  1 0
   192   27.23329720671985       4   1 0  0 2  0 0  1 0
   193   28.55271997922122       4   0 1  0 2  0 0  1 0
   194  -.2554571665291424E-01   4   0 0  1 2  0 0  1 0
   195  -.1220743634843507E-01   4   0 0  0 3  0 0  1 0
   196  -41.25071122788158       4   3 0  0 0  0 0  0 1
   197  -118.2912686694122       4   2 1  0 0  0 0  0 1
   198  -114.5232176645886       4   1 2  0 0  0 0  0 1
   199  -35.73761478529548       4   0 3  0 0  0 0  0 1
   200  -.2861266065730157E-04   4   2 0  1 0  0 0  0 1
   201  0.9252860569395023E-04   4   1 1  1 0  0 0  0 1
   202  0.1220172410396290E-03   4   0 2  1 0  0 0  0 1
   203  -30.72014887958528       4   1 0  2 0  0 0  0 1
   204  -22.52776152631839       4   0 1  2 0  0 0  0 1
   205  -.8848761404655590E-03   4   0 0  3 0  0 0  0 1
   206  0.2789005682714978E-03   4   2 0  0 1  0 0  0 1
   207  0.4471439659717159E-03   4   1 1  0 1  0 0  0 1
   208  0.2407101437199832E-03   4   0 2  0 1  0 0  0 1
   209  -69.63207241343825       4   1 0  1 1  0 0  0 1
   210  -55.13910920306559       4   0 1  1 1  0 0  0 1
   211  -.2698676947543376E-02   4   0 0  2 1  0 0  0 1
   212  -35.32354157816586       4   1 0  0 2  0 0  0 1
   213  -27.53677899354460       4   0 1  0 2  0 0  0 1
   214  -.2697294324152276E-02   4   0 0  1 2  0 0  0 1
   215  -.8346230495939172E-03   4   0 0  0 3  0 0  0 1
   216  -.1238426402862242       4   2 0  0 0  0 2  0 0
   217  -.9477527150826239       4   1 1  0 0  0 2  0 0
   218  -.9443613364231606       4   0 2  0 0  0 2  0 0
   219  -.7881260076365747E-03   4   1 0  1 0  0 2  0 0
   220  0.8107563130654787E-03   4   0 1  1 0  0 2  0 0
   221  -.1173016165657131E-01   4   0 0  2 0  0 2  0 0
   222  0.1281677070626479E-02   4   1 0  0 1  0 2  0 0
   223  0.3091256535710936E-02   4   0 1  0 1  0 2  0 0
   224  0.3217463391145089       4   0 0  1 1  0 2  0 0
   225  0.4193328762935848       4   0 0  0 2  0 2  0 0
   226  -.9564707846716630E-01   4   2 0  0 0  0 1  1 0
   227  -.8368943700259668       4   1 1  0 0  0 1  1 0
   228  -1.043345596325038       4   0 2  0 0  0 1  1 0
   229  -.9445016357172197E-03   4   1 0  1 0  0 1  1 0
   230  0.8782491663928698E-03   4   0 1  1 0  0 1  1 0
   231  -.2885854190940246E-02   4   0 0  2 0  0 1  1 0
   232  0.1378275125809919E-02   4   1 0  0 1  0 1  1 0
   233  0.4122357394970208E-02   4   0 1  0 1  0 1  1 0
   234  0.1951696791750523       4   0 0  1 1  0 1  1 0
   235  0.4059501759015832       4   0 0  0 2  0 1  1 0
   236  -.1236116200321782       4   2 0  0 0  0 0  2 0
   237  -.9459141476438635       4   1 1  0 0  0 0  2 0
   238  -.9423884167766438       4   0 2  0 0  0 0  2 0
   239  -.7864298519043262E-03   4   1 0  1 0  0 0  2 0
   240  0.8090742822601393E-03   4   0 1  1 0  0 0  2 0
   241  -.1171243393455551E-01   4   0 0  2 0  0 0  2 0
   242  0.1279024841173954E-02   4   1 0  0 1  0 0  2 0
   243  0.3084322631199967E-02   4   0 1  0 1  0 0  2 0
   244  0.3211820229766056       4   0 0  1 1  0 0  2 0
   245  0.4184954035636632       4   0 0  0 2  0 0  2 0
   246  0.3469038611863730       4   2 0  0 0  0 1  0 1
   247   1.677859061355258       4   1 1  0 0  0 1  0 1
   248   1.241511825326594       4   0 2  0 0  0 1  0 1
   249  0.1267202387939708E-02   4   1 0  1 0  0 1  0 1
   250  -.1307164092042771E-02   4   0 1  1 0  0 1  0 1
   251  0.2596811283541186E-01   4   0 0  2 0  0 1  0 1
   252  -.1830047975066107E-02   4   1 0  0 1  0 1  0 1
   253  -.3695065747831462E-02   4   0 1  0 1  0 1  0 1
   254  -.3889540470111072       4   0 0  1 1  0 1  0 1
   255  -.3785458650245854       4   0 0  0 2  0 1  0 1
   256  0.3464370143190200       4   2 0  0 0  0 0  1 1
   257   1.675601077705278       4   1 1  0 0  0 0  1 1
   258   1.239841057222510       4   0 2  0 0  0 0  1 1
   259  0.1265497046687199E-02   4   1 0  1 0  0 0  1 1
   260  -.1305404972212210E-02   4   0 1  1 0  0 0  1 1
   261  0.2593316617299175E-01   4   0 0  2 0  0 0  1 1
   262  -.1827585182748436E-02   4   1 0  0 1  0 0  1 1
   263  -.3690093102490443E-02   4   0 1  0 1  0 0  1 1
   264  -.3884306109854108       4   0 0  1 1  0 0  1 1
   265  -.3780364358396849       4   0 0  0 2  0 0  1 1
   266  -.3502408752078330       4   2 0  0 0  0 0  0 2
   267  -.6208817603250156       4   1 1  0 0  0 0  0 2
   268  -.2750364105730099       4   0 2  0 0  0 0  0 2
   269  -.1495462708637312E-04   4   1 0  1 0  0 0  0 2
   270  -.6492286684786593E-04   4   0 1  1 0  0 0  0 2
   271  -.2557221931572388E-01   4   0 0  2 0  0 0  0 2
   272  -.1362299560504630E-04   4   1 0  0 1  0 0  0 2
   273  -.5332780538801173E-04   4   0 1  0 1  0 0  0 2
   274  -.6016484929384351E-01   4   0 0  1 1  0 0  0 2
   275  -.3256111664364744E-01   4   0 0  0 2  0 0  0 2
   276  -.1357621438607252       4   1 0  0 0  0 3  0 0
   277  -1.155515018772515       4   0 1  0 0  0 3  0 0
   278  -.4894277480573829E-05   4   0 0  1 0  0 3  0 0
   279  -.3883025962474863E-04   4   0 0  0 1  0 3  0 0
   280  -.8892545577794164E-01   4   1 0  0 0  0 2  1 0
   281  -.8435377392628864       4   0 1  0 0  0 2  1 0
   282  -.2495991250523420E-05   4   0 0  1 0  0 2  1 0
   283  -.2709085571059856E-04   4   0 0  0 1  0 2  1 0
   284  -.8901963288096236E-01   4   1 0  0 0  0 1  2 0
   285  -.8441643666979775       4   0 1  0 0  0 1  2 0
   286  -.2500819205717473E-05   4   0 0  1 0  0 1  2 0
   287  -.2711444773003293E-04   4   0 0  0 1  0 1  2 0
   288  -.1354283352642464       4   1 0  0 0  0 0  3 0
   289  -1.152615630875921       4   0 1  0 0  0 0  3 0
   290  -.4882720521063699E-05   4   0 0  1 0  0 0  3 0
   291  -.3873367150499758E-04   4   0 0  0 1  0 0  3 0
   292  0.3369752198671901       4   1 0  0 0  0 2  0 1
   293   1.686851537075759       4   0 1  0 0  0 2  0 1
   294  0.6863047504117094E-05   4   0 0  1 0  0 2  0 1
   295  0.5005452220225654E-04   4   0 0  0 1  0 2  0 1
   296  0.2435377795784767       4   1 0  0 0  0 1  1 1
   297   1.382889512451610       4   0 1  0 0  0 1  1 1
   298  0.4225679358515144E-05   4   0 0  1 0  0 1  1 1
   299  0.3898586072028269E-04   4   0 0  0 1  0 1  1 1
   300  0.3363578636642787       4   1 0  0 0  0 0  2 1
   301   1.683650938009461       4   0 1  0 0  0 0  2 1
   302  0.6850968178164732E-05   4   0 0  1 0  0 0  2 1
   303  0.4996092851825617E-04   4   0 0  0 1  0 0  2 1
   304  -.2433776386561775       4   1 0  0 0  0 1  0 2
   305  -.3866509909138460       4   0 1  0 0  0 1  0 2
   306  -.2206449691057370E-05   4   0 0  1 0  0 1  0 2
   307  -.5533429404160964E-05   4   0 0  0 1  0 1  0 2
   308  -.2430501125000709       4   1 0  0 0  0 0  1 2
   309  -.3861306542325093       4   0 1  0 0  0 0  1 2
   310  -.2203480355049712E-05   4   0 0  1 0  0 0  1 2
   311  -.5525982775650509E-05   4   0 0  0 1  0 0  1 2
   312  0.1869281237016989E-01   4   1 0  0 0  0 0  0 3
   313  0.1521128577597277E-01   4   0 1  0 0  0 0  0 3
   314  0.1176819460064762E-05   4   0 0  1 0  0 0  0 3
   315  0.9636738736432717E-06   4   0 0  0 1  0 0  0 3
   316  -.4029691714822680E-04   4   0 0  0 0  0 4  0 0
   317  -.2611630611291747E-04   4   0 0  0 0  0 3  1 0
   318  -.2424305239358798E-04   4   0 0  0 0  0 2  2 0
   319  -.2615682463702872E-04   4   0 0  0 0  0 1  3 0
   320  -.4017095588958567E-04   4   0 0  0 0  0 0  4 0
   321  0.4998072031380048E-04   4   0 0  0 0  0 3  0 1
   322  0.3581209711982769E-04   4   0 0  0 0  0 2  1 1
   323  0.3584056254141853E-04   4   0 0  0 0  0 1  2 1
   324  0.4985576314036930E-04   4   0 0  0 0  0 0  3 1
   325  -.4549057978439205E-05   4   0 0  0 0  0 2  0 2
   326  -.5514446266200493E-05   4   0 0  0 0  0 1  1 2
   327  -.4539225529652455E-05   4   0 0  0 0  0 0  2 2
   328  0.4791077180850618E-07   4   0 0  0 0  0 1  0 3
   329  0.4784629574976278E-07   4   0 0  0 0  0 0  1 3
   330  0.2109296341727272E-12   4   0 0  0 0  0 0  0 4
   ----------------------------------------------------
     I  COEFFICIENT            ORDER EXPONENTS
     1  0.1753288784258945E-04   0   0 0  0 0  0 0  0 0
     2  0.1974542204093440E-04   1   1 0  0 0  0 0  0 0
     3  0.1748838628767389E-04   1   0 1  0 0  0 0  0 0
     4  0.4397071058631183       1   0 0  1 0  0 0  0 0
     5  0.6431423323358407       1   0 0  0 1  0 0  0 0
     6  -.2205297083352178E-04   1   0 0  0 0  0 1  0 0
     7  -.2202329298469453E-04   1   0 0  0 0  0 0  1 0
     8  0.4407626381835392E-04   1   0 0  0 0  0 0  0 1
     9  0.5660451631581533E-03   2   2 0  0 0  0 0  0 0
    10  0.1099926504178964E-02   2   1 1  0 0  0 0  0 0
    11  0.5750868064497941E-03   2   0 2  0 0  0 0  0 0
    12  0.2392425361969099       2   1 0  1 0  0 0  0 0
    13  0.2127767444194433       2   0 1  1 0  0 0  0 0
    14  0.1013671060239370E-03   2   0 0  2 0  0 0  0 0
    15  0.2187933259699001       2   1 0  0 1  0 0  0 0
    16  0.1958677656370814       2   0 1  0 1  0 0  0 0
    17  0.1793364230018063E-03   2   0 0  1 1  0 0  0 0
    18  0.1284851444946965E-03   2   0 0  0 2  0 0  0 0
    19  -.1083828953578676E-04   2   1 0  0 0  0 1  0 0
    20  -.1842079659846580E-04   2   0 1  0 0  0 1  0 0
    21  0.2548922294818293       2   0 0  1 0  0 1  0 0
    22  -.9178248561797633E-01   2   0 0  0 1  0 1  0 0
    23  -.1082370387652048E-04   2   1 0  0 0  0 0  1 0
    24  -.1839600675854574E-04   2   0 1  0 0  0 0  1 0
    25  0.2545492075320471       2   0 0  1 0  0 0  1 0
    26  -.9165896907439061E-01   2   0 0  0 1  0 0  1 0
    27  0.2166196417017041E-04   2   1 0  0 0  0 0  0 1
    28  0.1932838833434912E-04   2   0 1  0 0  0 0  0 1
    29  -.5094414370353578       2   0 0  1 0  0 0  0 1
    30  -.4597008776652382       2   0 0  0 1  0 0  0 1
    31  0.1556841992400393E-04   2   0 0  0 0  0 2  0 0
    32  0.9101287170419307E-05   2   0 0  0 0  0 1  1 0
    33  0.1554134463651223E-04   2   0 0  0 0  0 0  2 0
    34  -.1818516912584940E-04   2   0 0  0 0  0 1  0 1
    35  -.1816069638227716E-04   2   0 0  0 0  0 0  1 1
    36  -.3865191826785692E-05   2   0 0  0 0  0 0  0 2
    37  -.4726516752958208E-02   3   3 0  0 0  0 0  0 0
    38  -.1277082524996159E-01   3   2 1  0 0  0 0  0 0
    39  -.1154469138915247E-01   3   1 2  0 0  0 0  0 0
    40  -.3482418838387157E-02   3   0 3  0 0  0 0  0 0
    41  -5.360027214832073       3   2 0  1 0  0 0  0 0
    42  -11.16573806233598       3   1 1  1 0  0 0  0 0
    43  -6.192889106801561       3   0 2  1 0  0 0  0 0
    44  0.9060387952508001E-02   3   1 0  2 0  0 0  0 0
    45  0.7984754299835251E-02   3   0 1  2 0  0 0  0 0
    46  -1.014346091260553       3   0 0  3 0  0 0  0 0
    47  -5.785217946449493       3   2 0  0 1  0 0  0 0
    48  -11.37115389376167       3   1 1  0 1  0 0  0 0
    49  -5.678491690275137       3   0 2  0 1  0 0  0 0
    50  0.1642755605682577E-01   3   1 0  1 1  0 0  0 0
    51  0.1457271451683457E-01   3   0 1  1 1  0 0  0 0
    52  -2.386855276496868       3   0 0  2 1  0 0  0 0
    53  0.7548598600754118E-02   3   1 0  0 2  0 0  0 0
    54  0.6750761572451865E-02   3   0 1  0 2  0 0  0 0
    55  -2.385579332275725       3   0 0  1 2  0 0  0 0
    56  -.6423877319912282       3   0 0  0 3  0 0  0 0
    57  -.5715624884754832E-03   3   2 0  0 0  0 1  0 0
    58  -.1683166438213747E-02   3   1 1  0 0  0 1  0 0
    59  -.1148650411145491E-02   3   0 2  0 0  0 1  0 0
    60  -.1066999439277994       3   1 0  1 0  0 1  0 0
    61  -.2004632788483796       3   0 1  1 0  0 1  0 0
    62  -.2801527967469224E-03   3   0 0  2 0  0 1  0 0
    63  -.2094236077211041       3   1 0  0 1  0 1  0 0
    64  -.2846738396883235       3   0 1  0 1  0 1  0 0
    65  -.4730556447173612E-03   3   0 0  1 1  0 1  0 0
    66  -.2658133621386769E-03   3   0 0  0 2  0 1  0 0
    67  -.5707933066153025E-03   3   2 0  0 0  0 0  1 0
    68  -.1680901312146091E-02   3   1 1  0 0  0 0  1 0
    69  -.1147104611556193E-02   3   0 2  0 0  0 0  1 0
    70  -.1065563521718561       3   1 0  1 0  0 0  1 0
    71  -.2001935048152131       3   0 1  1 0  0 0  1 0
    72  -.2797757803162039E-03   3   0 0  2 0  0 0  1 0
    73  -.2091417752996262       3   1 0  0 1  0 0  1 0
    74  -.2842907390510849       3   0 1  0 1  0 0  1 0
    75  -.4724190287250396E-03   3   0 0  1 1  0 0  1 0
    76  -.2654556430432598E-03   3   0 0  0 2  0 0  1 0
    77  0.1141827825313781E-02   3   2 0  0 0  0 0  0 1
    78  0.2263050907270492E-02   3   1 1  0 0  0 0  0 1
    79  0.1145016085590397E-02   3   0 2  0 0  0 0  0 1
    80  0.2132566467745073       3   1 0  1 0  0 0  0 1
    81  0.1878803212526592       3   0 1  1 0  0 0  0 1
    82  0.5601971453489203E-03   3   0 0  2 0  0 0  0 1
    83  0.1997723411044564       3   1 0  0 1  0 0  0 1
    84  0.1772292748694312       3   0 1  0 1  0 0  0 1
    85  0.7666942160465845E-03   3   0 0  1 1  0 0  0 1
    86  0.2745876528191769E-03   3   0 0  0 2  0 0  0 1
    87  0.8625496964493527E-05   3   1 0  0 0  0 2  0 0
    88  0.1909540078066847E-04   3   0 1  0 0  0 2  0 0
    89  -.1788460007244728       3   0 0  1 0  0 2  0 0
    90  -.3595378203874060E-01   3   0 0  0 1  0 2  0 0
    91  0.6467993246857064E-05   3   1 0  0 0  0 1  1 0
    92  0.1983479047661788E-04   3   0 1  0 0  0 1  1 0
    93  -.1030040720583262       3   0 0  1 0  0 1  1 0
    94  -.1633464782284137       3   0 0  0 1  0 1  1 0
    95  0.8609537016941618E-05   3   1 0  0 0  0 0  2 0
    96  0.1905635672711758E-04   3   0 1  0 0  0 0  2 0
    97  -.1785360091925368       3   0 0  1 0  0 0  2 0
    98  -.3579548513724233E-01   3   0 0  0 1  0 0  2 0
    99  -.1298977248864429E-04   3   1 0  0 0  0 1  0 1
   100  -.2134347472146324E-04   3   0 1  0 0  0 1  0 1
   101  0.2058040797894954       3   0 0  1 0  0 1  0 1
   102  0.4188191833343345       3   0 0  0 1  0 1  0 1
   103  -.1297229146501590E-04   3   1 0  0 0  0 0  1 1
   104  -.2131475167906626E-04   3   0 1  0 0  0 0  1 1
   105  0.2055271183581249       3   0 0  1 0  0 0  1 1
   106  0.4182555562156675       3   0 0  0 1  0 0  1 1
   107  0.2224275206713787E-05   3   1 0  0 0  0 0  0 2
   108  0.2103213589212007E-05   3   0 1  0 0  0 0  0 2
   109  0.4905505394878706E-01   3   0 0  1 0  0 0  0 2
   110  0.4116342879006932E-01   3   0 0  0 1  0 0  0 2
   111  -.1234527933887083E-04   3   0 0  0 0  0 3  0 0
   112  -.5902529968370401E-05   3   0 0  0 0  0 2  1 0
   113  -.5915501954178577E-05   3   0 0  0 0  0 1  2 0
   114  -.1231639248279671E-04   3   0 0  0 0  0 0  3 0
   115  0.1180021068283295E-04   3   0 0  0 0  0 2  0 1
   116  0.5432124819541960E-05   3   0 0  0 0  0 1  1 1
   117  0.1178067536663319E-04   3   0 0  0 0  0 0  2 1
   118  0.3669390192213965E-05   3   0 0  0 0  0 1  0 2
   119  0.3664452099825662E-05   3   0 0  0 0  0 0  1 2
   120  0.1322521505459871E-06   3   0 0  0 0  0 0  0 3
   121  -.1376975742569312E-02   4   4 0  0 0  0 0  0 0
   122  -.3902990535502236E-02   4   3 1  0 0  0 0  0 0
   123  -.3540554550794758E-02   4   2 2  0 0  0 0  0 0
   124  -.3441524812574557E-03   4   1 3  0 0  0 0  0 0
   125  0.6688296275784986E-03   4   0 4  0 0  0 0  0 0
   126   55.30691861987904       4   3 0  1 0  0 0  0 0
   127   150.7836179167017       4   2 1  1 0  0 0  0 0
   128   137.7823307426456       4   1 2  1 0  0 0  0 0
   129   42.29301981730055       4   0 3  1 0  0 0  0 0
   130  0.1337312071512427E-01   4   2 0  2 0  0 0  0 0
   131  0.2606317160536620E-01   4   1 1  2 0  0 0  0 0
   132  0.1332539587592683E-01   4   0 2  2 0  0 0  0 0
   133  -35.82937261342466       4   1 0  3 0  0 0  0 0
   134  -31.42713873962686       4   0 1  3 0  0 0  0 0
   135  0.1130986549647208E-03   4   0 0  4 0  0 0  0 0
   136   51.51004342343936       4   3 0  0 1  0 0  0 0
   137   141.2434608217826       4   2 1  0 1  0 0  0 0
   138   129.9060938068035       4   1 2  0 1  0 0  0 0
   139   40.15771274600311       4   0 3  0 1  0 0  0 0
   140  0.2139163312414217E-01   4   2 0  1 1  0 0  0 0
   141  0.4135292187622283E-01   4   1 1  1 1  0 0  0 0
   142  0.2078162018329106E-01   4   0 2  1 1  0 0  0 0
   143  -97.72153021321125       4   1 0  2 1  0 0  0 0
   144  -86.27868864414610       4   0 1  2 1  0 0  0 0
   145  -.1017520029816557E-02   4   0 0  3 1  0 0  0 0
   146  0.8881470474399026E-02   4   2 0  0 2  0 0  0 0
   147  0.1763532079911180E-01   4   1 1  0 2  0 0  0 0
   148  0.9032344730707702E-02   4   0 2  0 2  0 0  0 0
   149  -89.33056292666731       4   1 0  1 2  0 0  0 0
   150  -79.28473853973234       4   0 1  1 2  0 0  0 0
   151  -.2731056352814371E-02   4   0 0  2 2  0 0  0 0
   152  -27.25814761354696       4   1 0  0 3  0 0  0 0
   153  -24.28692654974773       4   0 1  0 3  0 0  0 0
   154  -.2238445337074868E-02   4   0 0  1 3  0 0  0 0
   155  -.5732089200259415E-03   4   0 0  0 4  0 0  0 0
   156  0.5134166891996646E-03   4   3 0  0 0  0 1  0 0
   157  0.6874877754872780E-02   4   2 1  0 0  0 1  0 0
   158  0.1108938800383267E-01   4   1 2  0 0  0 1  0 0
   159  0.4781643980611464E-02   4   0 3  0 0  0 1  0 0
   160   6.225898768279069       4   2 0  1 0  0 1  0 0
   161   18.17855681358988       4   1 1  1 0  0 1  0 0
   162   12.66661602230591       4   0 2  1 0  0 1  0 0
   163  -.7035309235250700E-03   4   1 0  2 0  0 1  0 0
   164  -.4218686235741123E-02   4   0 1  2 0  0 1  0 0
   165   1.370997506053254       4   0 0  3 0  0 1  0 0
   166   8.840019987697715       4   2 0  0 1  0 1  0 0
   167   23.20104200220677       4   1 1  0 1  0 1  0 0
   168   14.63362599529845       4   0 2  0 1  0 1  0 0
   169  -.8387449864752990E-02   4   1 0  1 1  0 1  0 0
   170  -.1391461533936710E-01   4   0 1  1 1  0 1  0 0
   171   4.081859779535824       4   0 0  2 1  0 1  0 0
   172  -.7118496672251727E-02   4   1 0  0 2  0 1  0 0
   173  -.9334313539360487E-02   4   0 1  0 2  0 1  0 0
   174   4.460978264755366       4   0 0  1 2  0 1  0 0
   175   1.613748535646625       4   0 0  0 3  0 1  0 0
   176  0.5127257572158383E-03   4   3 0  0 0  0 0  1 0
   177  0.6865625868392060E-02   4   2 1  0 0  0 0  1 0
   178  0.1107446442808189E-01   4   1 2  0 0  0 0  1 0
   179  0.4775209069493441E-02   4   0 3  0 0  0 0  1 0
   180   6.217520247133199       4   2 0  1 0  0 0  1 0
   181   18.15409296855594       4   1 1  1 0  0 0  1 0
   182   12.64956988742007       4   0 2  1 0  0 0  1 0
   183  -.7025841447644514E-03   4   1 0  2 0  0 0  1 0
   184  -.4213008926624852E-02   4   0 1  2 0  0 0  1 0
   185   1.369152482222479       4   0 0  3 0  0 0  1 0
   186   8.828123505414009       4   2 0  0 1  0 0  1 0
   187   23.16981913330750       4   1 1  0 1  0 0  1 0
   188   14.61393275109292       4   0 2  0 1  0 0  1 0
   189  -.8376162430011814E-02   4   1 0  1 1  0 0  1 0
   190  -.1389588970581648E-01   4   0 1  1 1  0 0  1 0
   191   4.076366605015905       4   0 0  2 1  0 0  1 0
   192  -.7108916934913334E-02   4   1 0  0 2  0 0  1 0
   193  -.9321751860110170E-02   4   0 1  0 2  0 0  1 0
   194   4.454974890445275       4   0 0  1 2  0 0  1 0
   195   1.611576828920683       4   0 0  0 3  0 0  1 0
   196  0.4045579899840765E-03   4   3 0  0 0  0 0  0 1
   197  0.1361416065371751E-02   4   2 1  0 0  0 0  0 1
   198  0.1493100219875297E-02   4   1 2  0 0  0 0  0 1
   199  0.5467272939350624E-03   4   0 3  0 0  0 0  0 1
   200  -12.43851726444255       4   2 0  1 0  0 0  0 1
   201  -25.15688699144975       4   1 1  1 0  0 0  0 1
   202  -12.92525425206439       4   0 2  1 0  0 0  0 1
   203  -.9417946365399695E-03   4   1 0  2 0  0 0  0 1
   204  -.8829628772570620E-03   4   0 1  2 0  0 0  0 1
   205  -2.741031202287200       4   0 0  3 0  0 0  0 1
   206  -11.87765227455056       4   2 0  0 1  0 0  0 1
   207  -23.61768249414749       4   1 1  0 1  0 0  0 1
   208  -12.20645598199027       4   0 2  0 1  0 0  0 1
   209  -.1952186329792208E-02   4   1 0  1 1  0 0  0 1
   210  -.1835782457265474E-02   4   0 1  1 1  0 0  0 1
   211  -5.774082699220484       4   0 0  2 1  0 0  0 1
   212  -.9387266831887240E-03   4   1 0  0 2  0 0  0 1
   213  -.8756236911642761E-03   4   0 1  0 2  0 0  0 1
   214  -4.147596258030860       4   0 0  1 2  0 0  0 1
   215  -1.299131790612979       4   0 0  0 3  0 0  0 1
   216  0.1453125795134417E-03   4   2 0  0 0  0 2  0 0
   217  0.1195297056033732E-02   4   1 1  0 0  0 2  0 0
   218  0.1199175525917502E-02   4   0 2  0 0  0 2  0 0
   219  0.7360694822000877E-01   4   1 0  1 0  0 2  0 0
   220  0.1917034156851027       4   0 1  1 0  0 2  0 0
   221  0.2759998319308684E-03   4   0 0  2 0  0 2  0 0
   222  0.2024982959332015       4   1 0  0 1  0 2  0 0
   223  0.3471208242054464       4   0 1  0 1  0 2  0 0
   224  0.5391180381135422E-03   4   0 0  1 1  0 2  0 0
   225  0.3048686122843465E-03   4   0 0  0 2  0 2  0 0
   226  0.1893346894207179E-03   4   2 0  0 0  0 1  1 0
   227  0.1663655839333100E-02   4   1 1  0 0  0 1  1 0
   228  0.1757672763141536E-02   4   0 2  0 0  0 1  1 0
   229  0.4009211315017442E-01   4   1 0  1 0  0 1  1 0
   230  0.1821445414555938       4   0 1  1 0  0 1  1 0
   231  0.3497905383450972E-03   4   0 0  2 0  0 1  1 0
   232  0.1950881906621098       4   1 0  0 1  0 1  1 0
   233  0.4086942235925280       4   0 1  0 1  0 1  1 0
   234  0.8557013275156044E-03   4   0 0  1 1  0 1  1 0
   235  0.5013194375231323E-03   4   0 0  0 2  0 1  1 0
   236  0.1449896258412856E-03   4   2 0  0 0  0 0  2 0
   237  0.1192569046776576E-02   4   1 1  0 0  0 0  2 0
   238  0.1196379035425720E-02   4   0 2  0 0  0 0  2 0
   239  0.7348091441986859E-01   4   1 0  1 0  0 0  2 0
   240  0.1913228694930848       4   0 1  1 0  0 0  2 0
   241  0.2753930385537572E-03   4   0 0  2 0  0 0  2 0
   242  0.2020945130235463       4   1 0  0 1  0 0  2 0
   243  0.3463786846469592       4   0 1  0 1  0 0  2 0
   244  0.5378167372062064E-03   4   0 0  1 1  0 0  2 0
   245  0.3041210084376616E-03   4   0 0  0 2  0 0  2 0
   246  -.4677529986855408E-03   4   2 0  0 0  0 1  0 1
   247  -.1961887539229704E-02   4   1 1  0 0  0 1  0 1
   248  -.1483119701183159E-02   4   0 2  0 0  0 1  0 1
   249  -.7963964909845542E-01   4   1 0  1 0  0 1  0 1
   250  -.1626405286538223       4   0 1  1 0  0 1  0 1
   251  -.6755677548794800E-03   4   0 0  2 0  0 1  0 1
   252  -.1801576034005478       4   1 0  0 1  0 1  0 1
   253  -.2472241911291325       4   0 1  0 1  0 1  0 1
   254  -.1421239825148027E-02   4   0 0  1 1  0 1  0 1
   255  -.6179683006439899E-03   4   0 0  0 2  0 1  0 1
   256  -.4671235187443458E-03   4   2 0  0 0  0 0  1 1
   257  -.1959247323439967E-02   4   1 1  0 0  0 0  1 1
   258  -.1481123788586318E-02   4   0 2  0 0  0 0  1 1
   259  -.7953247381198597E-01   4   1 0  1 0  0 0  1 1
   260  -.1624216546953431       4   0 1  1 0  0 0  1 1
   261  -.6746586076333682E-03   4   0 0  2 0  0 0  1 1
   262  -.1799151557884255       4   1 0  0 1  0 0  1 1
   263  -.2468914884639838       4   0 1  0 1  0 0  1 1
   264  -.1419327187572055E-02   4   0 0  1 1  0 0  1 1
   265  -.6171366680288202E-03   4   0 0  0 2  0 0  1 1
   266  0.2671482721822323E-03   4   2 0  0 0  0 0  0 2
   267  0.5471689637968519E-03   4   1 1  0 0  0 0  0 2
   268  0.2750765459846429E-03   4   0 2  0 0  0 0  0 2
   269  -.2775080495795090E-01   4   1 0  1 0  0 0  0 2
   270  -.2630567041797609E-01   4   0 1  1 0  0 0  0 2
   271  0.4226474838816512E-03   4   0 0  2 0  0 0  0 2
   272  -.2048100560770923E-01   4   1 0  0 1  0 0  0 2
   273  -.1981058618479097E-01   4   0 1  0 1  0 0  0 2
   274  0.7187101958941126E-03   4   0 0  1 1  0 0  0 2
   275  0.2958613830527471E-03   4   0 0  0 2  0 0  0 2
   276  -.1227223271378892E-04   4   1 0  0 0  0 3  0 0
   277  -.2490631753263009E-04   4   0 1  0 0  0 3  0 0
   278  0.1410721991021712       4   0 0  1 0  0 3  0 0
   279  0.9480550190039996E-01   4   0 0  0 1  0 3  0 0
   280  -.8792670919912297E-05   4   1 0  0 0  0 2  1 0
   281  -.2501045120993737E-04   4   0 1  0 0  0 2  1 0
   282  0.6556867422136992E-01   4   0 0  1 0  0 2  1 0
   283  0.2124352094852761       4   0 0  0 1  0 2  1 0
   284  -.8799661526871405E-05   4   1 0  0 0  0 1  2 0
   285  -.2501017334265886E-04   4   0 1  0 0  0 1  2 0
   286  0.6572070461613322E-01   4   0 0  1 0  0 1  2 0
   287  0.2121975011637498       4   0 0  0 1  0 1  2 0
   288  -.1224155122103719E-04   4   1 0  0 0  0 0  3 0
   289  -.2483923464472335E-04   4   0 1  0 0  0 0  3 0
   290  0.1407433665567983       4   0 0  1 0  0 0  3 0
   291  0.9447137457016458E-01   4   0 0  0 1  0 0  3 0
   292  0.1544124262640650E-04   4   1 0  0 0  0 2  0 1
   293  0.2762986642341763E-04   4   0 1  0 0  0 2  0 1
   294  -.1310835477491123       4   0 0  1 0  0 2  0 1
   295  -.3889777726512993       4   0 0  0 1  0 2  0 1
   296  0.1224092627462060E-04   4   1 0  0 0  0 1  1 1
   297  0.2820067398234864E-04   4   0 1  0 0  0 1  1 1
   298  -.5656147109597087E-01   4   0 0  1 0  0 1  1 1
   299  -.3592131899756353       4   0 0  0 1  0 1  1 1
   300  0.1541222589901852E-04   4   1 0  0 0  0 0  2 1
   301  0.2757370788238785E-04   4   0 1  0 0  0 0  2 1
   302  -.1308690828072296       4   0 0  1 0  0 0  2 1
   303  -.3882125986057837       4   0 0  0 1  0 0  2 1
   304  -.1317924146137587E-05   4   1 0  0 0  0 1  0 2
   305  -.2057830352555445E-05   4   0 1  0 0  0 1  0 2
   306  -.4644332576562463E-01   4   0 0  1 0  0 1  0 2
   307  -.5964910371942311E-01   4   0 0  0 1  0 1  0 2
   308  -.1316150545933381E-05   4   1 0  0 0  0 0  1 2
   309  -.2055061021449204E-05   4   0 1  0 0  0 0  1 2
   310  -.4638082452660743E-01   4   0 0  1 0  0 0  1 2
   311  -.5956883076680246E-01   4   0 0  0 1  0 0  1 2
   312  0.1301663937466992E-06   4   1 0  0 0  0 0  0 3
   313  0.1050712483480379E-06   4   0 1  0 0  0 0  0 3
   314  -.1762800971293998E-02   4   0 0  1 0  0 0  0 3
   315  -.1424862395419457E-02   4   0 0  0 1  0 0  0 3
   316  0.9967696834433912E-05   4   0 0  0 0  0 4  0 0
   317  0.3559858122146316E-05   4   0 0  0 0  0 3  1 0
   318  0.2725378246140079E-05   4   0 0  0 0  0 2  2 0
   319  0.3578188532979338E-05   4   0 0  0 0  0 1  3 0
   320  0.9938486873237338E-05   4   0 0  0 0  0 0  4 0
   321  -.1028587613818713E-05   4   0 0  0 0  0 3  0 1
   322  0.2196572734099245E-05   4   0 0  0 0  0 2  1 1
   323  0.2190065125136342E-05   4   0 0  0 0  0 1  2 1
   324  -.1027987310949555E-05   4   0 0  0 0  0 0  3 1
   325  -.1341598583109966E-05   4   0 0  0 0  0 2  0 2
   326  -.1536961883856849E-05   4   0 0  0 0  0 1  1 2
   327  -.1338758937529770E-05   4   0 0  0 0  0 0  2 2
   328  -.5574544698732891E-07   4   0 0  0 0  0 1  0 3
   329  -.5567042739196526E-07   4   0 0  0 0  0 0  1 3
   330  -.1096044099917296E-12   4   0 0  0 0  0 0  0 4
   ----------------------------------------------------
     I  COEFFICIENT            ORDER EXPONENTS
     1  0.2192398274226917E-03   0   0 0  0 0  0 0  0 0
     2  0.9063337057881724E-04   1   1 0  0 0  0 0  0 0
     3  0.8397610653532009E-04   1   0 1  0 0  0 0  0 0
     4  -2.419244424445606       1   0 0  1 0  0 0  0 0
     5  -1.264292740348496       1   0 0  0 1  0 0  0 0
     6  0.1382709538471815E-04   1   0 0  0 0  0 1  0 0
     7  0.1380848753139779E-04   1   0 0  0 0  0 0  1 0
     8  0.1916042445049968E-03   1   0 0  0 0  0 0  0 1
     9  0.1840388711633961E-02   2   2 0  0 0  0 0  0 0
    10  0.3336914654658152E-02   2   1 1  0 0  0 0  0 0
    11  0.1586111832965481E-02   2   0 2  0 0  0 0  0 0
    12   1.017776649705646       2   1 0  1 0  0 0  0 0
    13  0.9309296417079308       2   0 1  1 0  0 0  0 0
    14  0.9157552549141421E-03   2   0 0  2 0  0 0  0 0
    15  0.9727687216575677       2   1 0  0 1  0 0  0 0
    16  0.8957789329725153       2   0 1  0 1  0 0  0 0
    17  0.2271945260761726E-02   2   0 0  1 1  0 0  0 0
    18  0.1210973616746253E-02   2   0 0  0 2  0 0  0 0
    19  -.7400296795732221E-05   2   1 0  0 0  0 1  0 0
    20  -.4912566381532594E-04   2   0 1  0 0  0 1  0 0
    21  -.1719745281839867       2   0 0  1 0  0 1  0 0
    22  0.9863351243453911       2   0 0  0 1  0 1  0 0
    23  -.7390337825068563E-05   2   1 0  0 0  0 0  1 0
    24  -.4905955281217570E-04   2   0 1  0 0  0 0  1 0
    25  -.1717430929688355       2   0 0  1 0  0 0  1 0
    26  0.9850077610194113       2   0 0  0 1  0 0  1 0
    27  0.1054237767003574E-03   2   1 0  0 0  0 0  0 1
    28  0.9818499264887363E-04   2   0 1  0 0  0 0  0 1
    29  -2.075526803395024       2   0 0  1 0  0 0  0 1
    30  -1.971342885475341       2   0 0  0 1  0 0  0 1
    31  -.1006459013293032E-04   2   0 0  0 0  0 2  0 0
    32  -.6312166744311145E-05   2   0 0  0 0  0 1  1 0
    33  -.1004679837359156E-04   2   0 0  0 0  0 0  2 0
    34  0.2644129155365366E-04   2   0 0  0 0  0 1  0 1
    35  0.2640570810961568E-04   2   0 0  0 0  0 0  1 1
    36  -.2642347991544995E-04   2   0 0  0 0  0 0  0 2
    37  -.2362524987184242E-01   3   3 0  0 0  0 0  0 0
    38  -.6633137168411921E-01   3   2 1  0 0  0 0  0 0
    39  -.6230898287935607E-01   3   1 2  0 0  0 0  0 0
    40  -.1953612003970600E-01   3   0 3  0 0  0 0  0 0
    41  -29.17317286384963       3   2 0  1 0  0 0  0 0
    42  -56.02593071968789       3   1 1  1 0  0 0  0 0
    43  -27.66791350789613       3   0 2  1 0  0 0  0 0
    44  0.3709033569684558E-01   3   1 0  2 0  0 0  0 0
    45  0.3351828929504260E-01   3   0 1  2 0  0 0  0 0
    46  -3.775951585443751       3   0 0  3 0  0 0  0 0
    47  -26.27506821826248       3   2 0  0 1  0 0  0 0
    48  -51.52990975741933       3   1 1  0 1  0 0  0 0
    49  -27.05126310105449       3   0 2  0 1  0 0  0 0
    50  0.6992023608054419E-01   3   1 0  1 1  0 0  0 0
    51  0.6353431754207982E-01   3   0 1  1 1  0 0  0 0
    52  -12.20013843269034       3   0 0  2 1  0 0  0 0
    53  0.3332346732303019E-01   3   1 0  0 2  0 0  0 0
    54  0.3049347255949764E-01   3   0 1  0 2  0 0  0 0
    55  -11.59553546725746       3   0 0  1 2  0 0  0 0
    56  -4.409623616132716       3   0 0  0 3  0 0  0 0
    57  -.1093318880543800E-02   3   2 0  0 0  0 1  0 0
    58  -.3756615906692499E-02   3   1 1  0 0  0 1  0 0
    59  -.2560066942538933E-02   3   0 2  0 0  0 1  0 0
    60  0.9281581847486603E-01   3   1 0  1 0  0 1  0 0
    61  -.3764284387573270       3   0 1  1 0  0 1  0 0
    62  -.2688976630753277E-05   3   0 0  2 0  0 1  0 0
    63  -.4173804149915293       3   1 0  0 1  0 1  0 0
    64  -.8282096208542400       3   0 1  0 1  0 1  0 0
    65  -.1236951796717804E-02   3   0 0  1 1  0 1  0 0
    66  -.1310340578359512E-02   3   0 0  0 2  0 1  0 0
    67  -.1091847543520699E-02   3   2 0  0 0  0 0  1 0
    68  -.3751560430048445E-02   3   1 1  0 0  0 0  1 0
    69  -.2556621725099442E-02   3   0 2  0 0  0 0  1 0
    70  0.9269091132061867E-01   3   1 0  1 0  0 0  1 0
    71  -.3759218591049071       3   0 1  1 0  0 0  1 0
    72  -.2685357932732129E-05   3   0 0  2 0  0 0  1 0
    73  -.4168187240994925       3   1 0  0 1  0 0  1 0
    74  -.8270950553786632       3   0 1  0 1  0 0  1 0
    75  -.1235287165285302E-02   3   0 0  1 1  0 0  1 0
    76  -.1308577183763368E-02   3   0 0  0 2  0 0  1 0
    77  0.4022972564086561E-02   3   2 0  0 0  0 0  0 1
    78  0.7502648289318147E-02   3   1 1  0 0  0 0  0 1
    79  0.3527613445252281E-02   3   0 2  0 0  0 0  0 1
    80  0.8322736335971388       3   1 0  1 0  0 0  0 1
    81  0.7523534848143296       3   0 1  1 0  0 0  0 1
    82  0.9224209816289924E-03   3   0 0  2 0  0 0  0 1
    83  0.8342024256725302       3   1 0  0 1  0 0  0 1
    84  0.7595285712835256       3   0 1  0 1  0 0  0 1
    85  0.2475055203904315E-02   3   0 0  1 1  0 0  0 1
    86  0.1409499617414797E-02   3   0 0  0 2  0 0  0 1
    87  0.5796610435119332E-05   3   1 0  0 0  0 2  0 0
    88  0.4045495308927050E-04   3   0 1  0 0  0 2  0 0
    89  0.1249652234399268       3   0 0  1 0  0 2  0 0
    90  -.6695073306926227       3   0 0  0 1  0 2  0 0
    91  0.4488028970020656E-05   3   1 0  0 0  0 1  1 0
    92  0.3216257723447649E-04   3   0 1  0 0  0 1  1 0
    93  0.7808196362175449E-01   3   0 0  1 0  0 1  1 0
    94  -.3535307118367543       3   0 0  0 1  0 1  1 0
    95  0.5785789741045169E-05   3   1 0  0 0  0 0  2 0
    96  0.4037886927968298E-04   3   0 1  0 0  0 0  2 0
    97  0.1247445116182455       3   0 0  1 0  0 0  2 0
    98  -.6683684567944314       3   0 0  0 1  0 0  2 0
    99  -.1658221813463112E-04   3   1 0  0 0  0 1  0 1
   100  -.6467948734470803E-04   3   0 1  0 0  0 1  0 1
   101  -.3280120527452483       3   0 0  1 0  0 1  0 1
   102  0.7062107893999342       3   0 0  0 1  0 1  0 1
   103  -.1655990256695850E-04   3   1 0  0 0  0 0  1 1
   104  -.6459244473887825E-04   3   0 1  0 0  0 0  1 1
   105  -.3275706295833372       3   0 0  1 0  0 0  1 1
   106  0.7052604042021207       3   0 0  0 1  0 0  1 1
   107  0.1698037275228720E-04   3   1 0  0 0  0 0  0 2
   108  0.1600100460062774E-04   3   0 1  0 0  0 0  0 2
   109  0.3277911815829059       3   0 0  1 0  0 0  0 2
   110  0.2799356261862157       3   0 0  0 1  0 0  0 2
   111  0.8186543717639772E-05   3   0 0  0 0  0 3  0 0
   112  0.4436355514466457E-05   3   0 0  0 0  0 2  1 0
   113  0.4443903514911806E-05   3   0 0  0 0  0 1  2 0
   114  0.8167037028685932E-05   3   0 0  0 0  0 0  3 0
   115  -.1893573277385416E-04   3   0 0  0 0  0 2  0 1
   116  -.1145178527027065E-04   3   0 0  0 0  0 1  1 1
   117  -.1890254432064097E-04   3   0 0  0 0  0 0  2 1
   118  0.1144276238735618E-04   3   0 0  0 0  0 1  0 2
   119  0.1142736325701399E-04   3   0 0  0 0  0 0  1 2
   120  0.1184937760124322E-05   3   0 0  0 0  0 0  0 3
   121  -.7023934694729938E-02   4   4 0  0 0  0 0  0 0
   122  -.2577478177787135E-01   4   3 1  0 0  0 0  0 0
   123  -.3601260243272582E-01   4   2 2  0 0  0 0  0 0
   124  -.2138436996081441E-01   4   1 3  0 0  0 0  0 0
   125  -.4293203453302622E-02   4   0 4  0 0  0 0  0 0
   126   256.8855922863671       4   3 0  1 0  0 0  0 0
   127   715.6379262087257       4   2 1  1 0  0 0  0 0
   128   667.2455377099471       4   1 2  1 0  0 0  0 0
   129   208.6357908571207       4   0 3  1 0  0 0  0 0
   130  0.4870699998900158E-01   4   2 0  2 0  0 0  0 0
   131  0.9599878498829513E-01   4   1 1  2 0  0 0  0 0
   132  0.4670122023273700E-01   4   0 2  2 0  0 0  0 0
   133  -144.6790171005718       4   1 0  3 0  0 0  0 0
   134  -129.9865257036290       4   0 1  3 0  0 0  0 0
   135  -.7791659348487302E-02   4   0 0  4 0  0 0  0 0
   136   249.6024316631831       4   3 0  0 1  0 0  0 0
   137   700.1082347801494       4   2 1  0 1  0 0  0 0
   138   657.5562042465209       4   1 2  0 1  0 0  0 0
   139   207.1902024356716       4   0 3  0 1  0 0  0 0
   140  0.1028486225550450       4   2 0  1 1  0 0  0 0
   141  0.2034331460525990       4   1 1  1 1  0 0  0 0
   142  0.1008843271516524       4   0 2  1 1  0 0  0 0
   143  -404.9645398694674       4   1 0  2 1  0 0  0 0
   144  -366.8144782519252       4   0 1  2 1  0 0  0 0
   145  -.2651541025379136E-01   4   0 0  3 1  0 0  0 0
   146  0.5203534126054175E-01   4   2 0  0 2  0 0  0 0
   147  0.1044222819138368       4   1 1  0 2  0 0  0 0
   148  0.5320152054830753E-01   4   0 2  0 2  0 0  0 0
   149  -381.9252986880536       4   1 0  1 2  0 0  0 0
   150  -348.3005883228678       4   0 1  1 2  0 0  0 0
   151  -.3374803230120998E-01   4   0 0  2 2  0 0  0 0
   152  -120.8908879305104       4   1 0  0 3  0 0  0 0
   153  -110.8391031995925       4   0 1  0 3  0 0  0 0
   154  -.1829965600043158E-01   4   0 0  1 3  0 0  0 0
   155  -.3105792029343900E-02   4   0 0  0 4  0 0  0 0
   156  -.3058584227716034E-02   4   3 0  0 0  0 1  0 0
   157  0.1937931090222177E-01   4   2 1  0 0  0 1  0 0
   158  0.4425408976466534E-01   4   1 2  0 0  0 1  0 0
   159  0.2195101025279456E-01   4   0 3  0 0  0 1  0 0
   160   16.07055482011221       4   2 0  1 0  0 1  0 0
   161   57.90607631128118       4   1 1  1 0  0 1  0 0
   162   41.31255601912117       4   0 2  1 0  0 1  0 0
   163  0.4786227586773432E-02   4   1 0  2 0  0 1  0 0
   164  -.1022789692450507E-01   4   0 1  2 0  0 1  0 0
   165  0.1657227286022815       4   0 0  3 0  0 1  0 0
   166   28.40681510624287       4   2 0  0 1  0 1  0 0
   167   80.45140981868217       4   1 1  0 1  0 1  0 0
   168   53.94706065224755       4   0 2  0 1  0 1  0 0
   169  -.1979220527466647E-01   4   1 0  1 1  0 1  0 0
   170  -.4504091920285135E-01   4   0 1  1 1  0 1  0 0
   171   7.301499853389092       4   0 0  2 1  0 1  0 0
   172  -.2287562286493993E-01   4   1 0  0 2  0 1  0 0
   173  -.3369173768887779E-01   4   0 1  0 2  0 1  0 0
   174   13.44374162642320       4   0 0  1 2  0 1  0 0
   175   7.356411684152220       4   0 0  0 3  0 1  0 0
   176  -.3054468129208433E-02   4   3 0  0 0  0 0  1 0
   177  0.1935323113892488E-01   4   2 1  0 0  0 0  1 0
   178  0.4419453469628314E-01   4   1 2  0 0  0 0  1 0
   179  0.2192146961771165E-01   4   0 3  0 0  0 0  1 0
   180   16.04892782481438       4   2 0  1 0  0 0  1 0
   181   57.82814904280041       4   1 1  1 0  0 0  1 0
   182   41.25695952822400       4   0 2  1 0  0 0  1 0
   183  0.4779786507254246E-02   4   1 0  2 0  0 0  1 0
   184  -.1021413270284814E-01   4   0 1  2 0  0 0  1 0
   185  0.1654997067643701       4   0 0  3 0  0 0  1 0
   186   28.36858655323974       4   2 0  0 1  0 0  1 0
   187   80.34314210289186       4   1 1  0 1  0 0  1 0
   188   53.87446124045872       4   0 2  0 1  0 0  1 0
   189  -.1976556985758211E-01   4   1 0  1 1  0 0  1 0
   190  -.4498030525649313E-01   4   0 1  1 1  0 0  1 0
   191   7.291673838994169       4   0 0  2 1  0 0  1 0
   192  -.2284483792977907E-01   4   1 0  0 2  0 0  1 0
   193  -.3364639693613272E-01   4   0 1  0 2  0 0  1 0
   194   13.42564967252396       4   0 0  1 2  0 0  1 0
   195   7.346511772003358       4   0 0  0 3  0 0  1 0
   196  0.1496277873282729E-02   4   3 0  0 0  0 0  0 1
   197  0.4217911859709964E-02   4   2 1  0 0  0 0  0 1
   198  0.3996482267606754E-02   4   1 2  0 0  0 0  0 1
   199  0.1325486804786931E-02   4   0 3  0 0  0 0  0 1
   200  -61.27107133579548       4   2 0  1 0  0 0  0 1
   201  -115.6882505005282       4   1 1  1 0  0 0  0 1
   202  -54.87703668963618       4   0 2  1 0  0 0  0 1
   203  -.4591920345696982E-02   4   1 0  2 0  0 0  0 1
   204  -.4188195563454960E-02   4   0 1  2 0  0 0  0 1
   205  -4.111226494167226       4   0 0  3 0  0 0  0 1
   206  -56.75007056125227       4   2 0  0 1  0 0  0 1
   207  -109.2104661436860       4   1 1  0 1  0 0  0 1
   208  -53.68997017522108       4   0 2  0 1  0 0  0 1
   209  -.8942979899820295E-02   4   1 0  1 1  0 0  0 1
   210  -.8367919805173962E-02   4   0 1  1 1  0 0  0 1
   211  -14.60610565732716       4   0 0  2 1  0 0  0 1
   212  -.4346870047111210E-02   4   1 0  0 2  0 0  0 1
   213  -.4105295097069079E-02   4   0 1  0 2  0 0  0 1
   214  -15.28789305189553       4   0 0  1 2  0 0  0 1
   215  -5.888828678917796       4   0 0  0 3  0 0  0 1
   216  -.6182366363496844E-03   4   2 0  0 0  0 2  0 0
   217  0.4178554410373516E-03   4   1 1  0 0  0 2  0 0
   218  0.1219593148954102E-02   4   0 2  0 0  0 2  0 0
   219  -.7065547516036320E-01   4   1 0  1 0  0 2  0 0
   220  0.2377478037222150       4   0 1  1 0  0 2  0 0
   221  -.2692759595667919E-03   4   0 0  2 0  0 2  0 0
   222  0.2783651639578011       4   1 0  0 1  0 2  0 0
   223  0.7785635767494953       4   0 1  0 1  0 2  0 0
   224  0.2877412625448316E-03   4   0 0  1 1  0 2  0 0
   225  0.9841732168568472E-03   4   0 0  0 2  0 2  0 0
   226  -.6686657454028426E-03   4   2 0  0 0  0 1  1 0
   227  0.7748646930682275E-03   4   1 1  0 0  0 1  1 0
   228  0.1976619076759950E-02   4   0 2  0 0  0 1  1 0
   229  -.5091967687020638E-01   4   1 0  1 0  0 1  1 0
   230  0.9666446945763706E-01   4   0 1  1 0  0 1  1 0
   231  -.2142789923941507E-03   4   0 0  2 0  0 1  1 0
   232  0.1368839200085576       4   1 0  0 1  0 1  1 0
   233  0.7256044872715793       4   0 1  0 1  0 1  1 0
   234  0.1078610514338245E-03   4   0 0  1 1  0 1  1 0
   235  0.1059441234578064E-02   4   0 0  0 2  0 1  1 0
   236  -.6169547131974524E-03   4   2 0  0 0  0 0  2 0
   237  0.4167717226847322E-03   4   1 1  0 0  0 0  2 0
   238  0.1216621857572333E-02   4   0 2  0 0  0 0  2 0
   239  -.7052612770108568E-01   4   1 0  1 0  0 0  2 0
   240  0.2373628106889520       4   0 1  1 0  0 0  2 0
   241  -.2687693973862710E-03   4   0 0  2 0  0 0  2 0
   242  0.2778984472748264       4   1 0  0 1  0 0  2 0
   243  0.7770275804191290       4   0 1  0 1  0 0  2 0
   244  0.2872814567546225E-03   4   0 0  1 1  0 0  2 0
   245  0.9821358898821986E-03   4   0 0  0 2  0 0  2 0
   246  0.1431030859310558E-02   4   2 0  0 0  0 1  0 1
   247  -.3625204037212629E-04   4   1 1  0 0  0 1  0 1
   248  -.1240076951989451E-02   4   0 2  0 0  0 1  0 1
   249  0.1955030447606548       4   1 0  1 0  0 1  0 1
   250  -.1910958873088590       4   0 1  1 0  0 1  0 1
   251  0.4635252029473974E-03   4   0 0  2 0  0 1  0 1
   252  -.2714999221405485       4   1 0  0 1  0 1  0 1
   253  -.6194176055894743       4   0 1  0 1  0 1  0 1
   254  -.4972498860677469E-04   4   0 0  1 1  0 1  0 1
   255  -.7245251600089982E-03   4   0 0  0 2  0 1  0 1
   256  0.1429105045422252E-02   4   2 0  0 0  0 0  1 1
   257  -.3620325408468066E-04   4   1 1  0 0  0 0  1 1
   258  -.1238408114870256E-02   4   0 2  0 0  0 0  1 1
   259  0.1952399459767531       4   1 0  1 0  0 0  1 1
   260  -.1908387194697578       4   0 1  1 0  0 0  1 1
   261  0.4629014125744568E-03   4   0 0  2 0  0 0  1 1
   262  -.2711345503406818       4   1 0  0 1  0 0  1 1
   263  -.6185840225680146       4   0 1  0 1  0 0  1 1
   264  -.4965807106056499E-04   4   0 0  1 1  0 0  1 1
   265  -.7235501281943442E-03   4   0 0  0 2  0 0  1 1
   266  -.9572646092158635E-03   4   2 0  0 0  0 0  0 2
   267  -.1780894202591435E-02   4   1 1  0 0  0 0  0 2
   268  -.8232982490612017E-03   4   0 2  0 0  0 0  0 2
   269  -.1986397696475028       4   1 0  1 0  0 0  0 2
   270  -.1887171640185914       4   0 1  1 0  0 0  0 2
   271  -.1737102337259343E-03   4   0 0  2 0  0 0  0 2
   272  -.1497688406033745       4   1 0  0 1  0 0  0 2
   273  -.1449537444393886       4   0 1  0 1  0 0  0 2
   274  -.4198069314235888E-03   4   0 0  1 1  0 0  0 2
   275  -.2310111867986855E-03   4   0 0  0 2  0 0  0 2
   276  -.7656001020590192E-05   4   1 0  0 0  0 3  0 0
   277  -.4253498032527379E-04   4   0 1  0 0  0 3  0 0
   278  -.1015147090737295       4   0 0  1 0  0 3  0 0
   279  0.5128061772812647       4   0 0  0 1  0 3  0 0
   280  -.5714072478247223E-05   4   1 0  0 0  0 2  1 0
   281  -.3271800233172292E-04   4   0 1  0 0  0 2  1 0
   282  -.5466817814755578E-01   4   0 0  1 0  0 2  1 0
   283  0.1995793369643670       4   0 0  0 1  0 2  1 0
   284  -.5717971714005586E-05   4   1 0  0 0  0 1  2 0
   285  -.3273770362177241E-04   4   0 1  0 0  0 1  2 0
   286  -.5476246815539412E-01   4   0 0  1 0  0 1  2 0
   287  0.2002102327670597       4   0 0  0 1  0 1  2 0
   288  -.7636706711396832E-05   4   1 0  0 0  0 0  3 0
   289  -.4242713247349276E-04   4   0 1  0 0  0 0  3 0
   290  -.1012730532051227       4   0 0  1 0  0 0  3 0
   291  0.5116369008189146       4   0 0  0 1  0 0  3 0
   292  0.1169911342552824E-04   4   1 0  0 0  0 2  0 1
   293  0.5805879704166319E-04   4   0 1  0 0  0 2  0 1
   294  0.2342682006808293       4   0 0  1 0  0 2  0 1
   295  -.3989438807871227       4   0 0  0 1  0 2  0 1
   296  0.1001078921978041E-04   4   1 0  0 0  0 1  1 1
   297  0.5030110857504407E-04   4   0 1  0 0  0 1  1 1
   298  0.1407867152635660       4   0 0  1 0  0 1  1 1
   299  -.9248870363869924E-01   4   0 0  0 1  0 1  1 1
   300  0.1167663328580806E-04   4   1 0  0 0  0 0  2 1
   301  0.5794681781823653E-04   4   0 1  0 0  0 0  2 1
   302  0.2338582015138546       4   0 0  1 0  0 0  2 1
   303  -.3983447674446747       4   0 0  0 1  0 0  2 1
   304  -.3946968255473772E-05   4   1 0  0 0  0 1  0 2
   305  -.9953767714855298E-05   4   0 1  0 0  0 1  0 2
   306  -.1406636101334493       4   0 0  1 0  0 1  0 2
   307  -.2610386201535942       4   0 0  0 1  0 1  0 2
   308  -.3941656611609922E-05   4   1 0  0 0  0 0  1 2
   309  -.9940372403369640E-05   4   0 1  0 0  0 0  1 2
   310  -.1404743116761780       4   0 0  1 0  0 0  1 2
   311  -.2606873266809154       4   0 0  0 1  0 0  1 2
   312  0.1135737376012491E-05   4   1 0  0 0  0 0  0 3
   313  0.9264168469427143E-06   4   0 1  0 0  0 0  0 3
   314  -.1555658909157873E-01   4   0 0  1 0  0 0  0 3
   315  -.1272015094486807E-01   4   0 0  0 1  0 0  0 3
   316  -.1001295496329854E-04   4   0 0  0 0  0 4  0 0
   317  -.4800417325471879E-05   4   0 0  0 0  0 3  1 0
   318  -.4111262645652065E-05   4   0 0  0 0  0 2  2 0
   319  -.4815333717512740E-05   4   0 0  0 0  0 1  3 0
   320  -.9982790238782738E-05   4   0 0  0 0  0 0  4 0
   321  0.1027153524388887E-04   4   0 0  0 0  0 3  0 1
   322  0.4462414913544667E-05   4   0 0  0 0  0 2  1 1
   323  0.4474113470685906E-05   4   0 0  0 0  0 1  2 1
   324  0.1024780222131793E-04   4   0 0  0 0  0 0  3 1
   325  0.1329768732042293E-05   4   0 0  0 0  0 2  0 2
   326  0.1575314585420529E-05   4   0 0  0 0  0 1  1 2
   327  0.1326919199889016E-05   4   0 0  0 0  0 0  2 2
   328  0.1689482433460330E-07   4   0 0  0 0  0 1  0 3
   329  0.1687208807623927E-07   4   0 0  0 0  0 0  1 3
   330  -.6964657396954912E-13   4   0 0  0 0  0 0  0 4
   ----------------------------------------------------
     I  COEFFICIENT            ORDER EXPONENTS
     1  0.7374368355360723E-08   0   0 0  0 0  0 0  0 0
     2  -.6660839529900282E-05   1   1 0  0 0  0 0  0 0
     3  -.7489239301764562E-05   1   0 1  0 0  0 0  0 0
     4  0.4727152618359660E-04   1   0 0  1 0  0 0  0 0
     5  0.1898850406059999E-04   1   0 0  0 1  0 0  0 0
     6   1.000000000000000       1   0 0  0 0  1 0  0 0
     7  0.2859789927391405       1   0 0  0 0  0 1  0 0
     8  -.2859789888973318       1   0 0  0 0  0 0  1 0
     9  -.3841815510249575E-08   1   0 0  0 0  0 0  0 1
    10  -.4057955255687463       2   2 0  0 0  0 0  0 0
    11  -1.063566826838793       2   1 1  0 0  0 0  0 0
    12  -.9107880839378546       2   0 2  0 0  0 0  0 0
    13  -.2516948127836841E-04   2   1 0  1 0  0 0  0 0
    14  -.3264808634350852E-04   2   0 1  1 0  0 0  0 0
    15  -.2705148790300637       2   0 0  2 0  0 0  0 0
    16  -.3278930506058842E-04   2   1 0  0 1  0 0  0 0
    17  -.3827819694723161E-04   2   0 1  0 1  0 0  0 0
    18  -.2116557373508585       2   0 0  1 1  0 0  0 0
    19  -.2591576350589166       2   0 0  0 2  0 0  0 0
    20  0.9828738200441735E-05   2   1 0  0 0  0 1  0 0
    21  0.1389866960897482E-04   2   0 1  0 0  0 1  0 0
    22  -.6620838090416886E-04   2   0 0  1 0  0 1  0 0
    23  -.4690247365239436E-04   2   0 0  0 1  0 1  0 0
    24  0.3172607008567240E-05   2   1 0  0 0  0 0  1 0
    25  0.6410902569732822E-05   2   0 1  0 0  0 0  1 0
    26  -.1897491869172865E-04   2   0 0  1 0  0 0  1 0
    27  -.2790193977397078E-04   2   0 0  0 1  0 0  1 0
    28  -.1300141864761829E-04   2   1 0  0 0  0 0  0 1
    29  -.1282045771851664E-04   2   0 1  0 0  0 0  0 1
    30  0.8518333251104409E-04   2   0 0  1 0  0 0  0 1
    31  0.5581594340963895E-04   2   0 0  0 1  0 0  0 1
    32  -.2146286644205944       2   0 0  0 0  0 2  0 0
    33  0.1432783309094726       2   0 0  0 0  0 1  1 0
    34  0.7135032831675550E-01   2   0 0  0 0  0 0  2 0
    35  0.5192813650355788E-08   2   0 0  0 0  0 1  0 1
    36  0.1354411794372412E-08   2   0 0  0 0  0 0  1 1
    37  -.1352774263304438E-08   2   0 0  0 0  0 0  0 2
    38  0.2138450395129075       3   3 0  0 0  0 0  0 0
    39  0.6633624672395241       3   2 1  0 0  0 0  0 0
    40  0.6742443134637079       3   1 2  0 0  0 0  0 0
    41  0.2257293382561527       3   0 3  0 0  0 0  0 0
    42  0.1292179122441688E-02   3   2 0  1 0  0 0  0 0
    43  0.2558218107472811E-02   3   1 1  1 0  0 0  0 0
    44  0.1519598078151645E-02   3   0 2  1 0  0 0  0 0
    45  0.8818398299505453E-01   3   1 0  2 0  0 0  0 0
    46  0.1886321661954762E-01   3   0 1  2 0  0 0  0 0
    47  0.4859627445981399E-03   3   0 0  3 0  0 0  0 0
    48  0.9103904049121832E-03   3   2 0  0 1  0 0  0 0
    49  0.1744972101466213E-02   3   1 1  0 1  0 0  0 0
    50  0.1043737588633869E-02   3   0 2  0 1  0 0  0 0
    51  0.4719116986208442E-01   3   1 0  1 1  0 0  0 0
    52  -.6285830260502676E-01   3   0 1  1 1  0 0  0 0
    53  0.1254445667215451E-02   3   0 0  2 1  0 0  0 0
    54  -.3144421274831705E-01   3   1 0  0 2  0 0  0 0
    55  -.7510756852593187E-01   3   0 1  0 2  0 0  0 0
    56  0.1111531684213770E-02   3   0 0  1 2  0 0  0 0
    57  0.3368967187916482E-03   3   0 0  0 3  0 0  0 0
    58  0.6489502272076054       3   2 0  0 0  0 1  0 0
    59   2.044479499097141       3   1 1  0 0  0 1  0 0
    60   1.884687992125725       3   0 2  0 0  0 1  0 0
    61  0.3798801425966681E-04   3   1 0  1 0  0 1  0 0
    62  0.6091141307101777E-04   3   0 1  1 0  0 1  0 0
    63  0.3777251345138948       3   0 0  2 0  0 1  0 0
    64  0.6157026569380521E-04   3   1 0  0 1  0 1  0 0
    65  0.8816609414471905E-04   3   0 1  0 1  0 1  0 0
    66  0.5271140669373990       3   0 0  1 1  0 1  0 0
    67  0.4760461966417453       3   0 0  0 2  0 1  0 0
    68  0.2433731646867356       3   2 0  0 0  0 0  1 0
    69  0.9810226865034658       3   1 1  0 0  0 0  1 0
    70  0.9738137499514501       3   0 2  0 0  0 0  1 0
    71  0.1277871297267616E-04   3   1 0  1 0  0 0  1 0
    72  0.2813144902874164E-04   3   0 1  1 0  0 0  1 0
    73  0.1074296893328839       3   0 0  2 0  0 0  1 0
    74  0.2871903353579498E-04   3   1 0  0 1  0 0  1 0
    75  0.4973410700797128E-04   3   0 1  0 1  0 0  1 0
    76  0.3153184915724590       3   0 0  1 1  0 0  1 0
    77  0.2169450760876688       3   0 0  0 2  0 0  1 0
    78  -.8923240921528586       3   2 0  0 0  0 0  0 1
    79  -1.961937133803409       3   1 1  0 0  0 0  0 1
    80  -1.036926812191501       3   0 2  0 0  0 0  0 1
    81  -.5065698613201457E-04   3   1 0  1 0  0 0  0 1
    82  -.5612299346423099E-04   3   0 1  1 0  0 0  0 1
    83  -.4851550960128470       3   0 0  2 0  0 0  0 1
    84  -.5733740087239548E-04   3   1 0  0 1  0 0  0 1
    85  -.6101722753898845E-04   3   0 1  0 1  0 0  0 1
    86  -.6307772030309584       3   0 0  1 1  0 0  0 1
    87  -.1746761787348390       3   0 0  0 2  0 0  0 1
    88  -.1208591072837749E-04   3   1 0  0 0  0 2  0 0
    89  -.1991328351941957E-04   3   0 1  0 0  0 2  0 0
    90  0.7828404472198794E-04   3   0 0  1 0  0 2  0 0
    91  0.7514612362202980E-04   3   0 0  0 1  0 2  0 0
    92  -.4516808256605202E-05   3   1 0  0 0  0 1  1 0
    93  -.1203073553376645E-04   3   0 1  0 0  0 1  1 0
    94  0.2417596235677529E-04   3   0 0  1 0  0 1  1 0
    95  0.5649207618709177E-04   3   0 0  0 1  0 1  1 0
    96  -.2261960009606354E-05   3   1 0  0 0  0 0  2 0
    97  -.6016602630808288E-05   3   0 1  0 0  0 0  2 0
    98  0.1211617928838009E-04   3   0 0  1 0  0 0  2 0
    99  0.2823951533448410E-04   3   0 0  0 1  0 0  2 0
   100  0.1885811027258883E-04   3   1 0  0 0  0 1  0 1
   101  0.2405852442380078E-04   3   0 1  0 0  0 1  0 1
   102  -.1145421930527540E-03   3   0 0  1 0  0 1  0 1
   103  -.1129862380595939E-03   3   0 0  0 1  0 1  0 1
   104  0.5866273024002797E-05   3   1 0  0 0  0 0  1 1
   105  0.1124031501972993E-04   3   0 1  0 0  0 0  1 1
   106  -.2943565457167134E-04   3   0 0  1 0  0 0  1 1
   107  -.5716995213475168E-04   3   0 0  0 1  0 0  1 1
   108  -.5861182204938965E-05   3   1 0  0 0  0 0  0 2
   109  -.4828814051176835E-05   3   0 1  0 0  0 0  0 2
   110  0.2939903790074358E-04   3   0 0  1 0  0 0  0 2
   111  0.2926385205351306E-04   3   0 0  0 1  0 0  0 2
   112  0.1788813508523564       3   0 0  0 0  0 3  0 0
   113  -.1073867928231901       3   0 0  0 0  0 2  1 0
   114  -.3589155559217007E-01   3   0 0  0 0  0 1  2 0
   115  -.3560303951942532E-01   3   0 0  0 0  0 0  3 0
   116  -.4673706030857856E-08   3   0 0  0 0  0 2  0 1
   117  0.2625209986472771E-09   3   0 0  0 0  0 1  1 1
   118  0.1278420749574169E-09   3   0 0  0 0  0 0  2 1
   119  0.5278899268368288E-09   3   0 0  0 0  0 1  0 2
   120  -.1110988140700142E-09   3   0 0  0 0  0 0  1 2
   121  0.2370074797977072E-09   3   0 0  0 0  0 0  0 3
   122  -3.672261566521552       4   4 0  0 0  0 0  0 0
   123  -18.20900778010938       4   3 1  0 0  0 0  0 0
   124  -33.85472546019784       4   2 2  0 0  0 0  0 0
   125  -28.15767859427894       4   1 3  0 0  0 0  0 0
   126  -9.147440553519276       4   0 4  0 0  0 0  0 0
   127  0.2373633770048194E-02   4   3 0  1 0  0 0  0 0
   128  0.8709446787572496E-02   4   2 1  1 0  0 0  0 0
   129  0.9735415858518077E-02   4   1 2  1 0  0 0  0 0
   130  0.3414657116910629E-02   4   0 3  1 0  0 0  0 0
   131  -8.770165521238315       4   2 0  2 0  0 0  0 0
   132  -17.86764406084311       4   1 1  2 0  0 0  0 0
   133  -10.29427193225584       4   0 2  2 0  0 0  0 0
   134  0.4593929638056831E-02   4   1 0  3 0  0 0  0 0
   135  0.3371400462480628E-02   4   0 1  3 0  0 0  0 0
   136  -1.717774000043049       4   0 0  4 0  0 0  0 0
   137  0.3344224701134135E-02   4   3 0  0 1  0 0  0 0
   138  0.1128171808631978E-01   4   2 1  0 1  0 0  0 0
   139  0.1206160848345213E-01   4   1 2  0 1  0 0  0 0
   140  0.4125857877404600E-02   4   0 3  0 1  0 0  0 0
   141  -12.28300707443699       4   2 0  1 1  0 0  0 0
   142  -23.87077260126324       4   1 1  1 1  0 0  0 0
   143  -13.60746346128511       4   0 2  1 1  0 0  0 0
   144  0.1128633063898555E-01   4   1 0  2 1  0 0  0 0
   145  0.8156381102552379E-02   4   0 1  2 1  0 0  0 0
   146  -5.424494464745271       4   0 0  3 1  0 0  0 0
   147  -4.197931329849514       4   2 0  0 2  0 0  0 0
   148  -8.408546822428939       4   1 1  0 2  0 0  0 0
   149  -5.416288441047994       4   0 2  0 2  0 0  0 0
   150  0.9086096578118230E-02   4   1 0  1 2  0 0  0 0
   151  0.6374075528818917E-02   4   0 1  1 2  0 0  0 0
   152  -6.644800780551064       4   0 0  2 2  0 0  0 0
   153  0.2327176803061389E-02   4   1 0  0 3  0 0  0 0
   154  0.1524546549882787E-02   4   0 1  0 3  0 0  0 0
   155  -3.771632647488960       4   0 0  1 3  0 0  0 0
   156  -.9263148389205995       4   0 0  0 4  0 0  0 0
   157  -.3663201131589347       4   3 0  0 0  0 1  0 0
   158  -1.420311527214035       4   2 1  0 0  0 1  0 0
   159  -1.744495841373447       4   1 2  0 0  0 1  0 0
   160  -.6876274154427772       4   0 3  0 0  0 1  0 0
   161  -.5948108987047495E-03   4   2 0  1 0  0 1  0 0
   162  -.2685580652791418E-02   4   1 1  1 0  0 1  0 0
   163  -.2364417755719796E-02   4   0 2  1 0  0 1  0 0
   164  -.1052149183228285       4   1 0  2 0  0 1  0 0
   165  -.4670007236560862E-01   4   0 1  2 0  0 1  0 0
   166  -.5647692091767537E-03   4   0 0  3 0  0 1  0 0
   167  -.5449421310145044E-03   4   2 0  0 1  0 1  0 0
   168  -.1904619677640696E-02   4   1 1  0 1  0 1  0 0
   169  -.1671226090762941E-02   4   0 2  0 1  0 1  0 0
   170  -.1152280214880353       4   1 0  1 1  0 1  0 0
   171  0.7950363339962722E-01   4   0 1  1 1  0 1  0 0
   172  -.1811353180259953E-02   4   0 0  2 1  0 1  0 0
   173  0.3795597971582679E-01   4   1 0  0 2  0 1  0 0
   174  0.1620256113169130       4   0 1  0 2  0 1  0 0
   175  -.2045821764433148E-02   4   0 0  1 2  0 1  0 0
   176  -.8001987465779452E-03   4   0 0  0 3  0 1  0 0
   177  -.1509805109472406       4   3 0  0 0  0 0  1 0
   178  -.7511690320284610       4   2 1  0 0  0 0  1 0
   179  -1.063086980111172       4   1 2  0 0  0 0  1 0
   180  -.4589651855592101       4   0 3  0 0  0 0  1 0
   181  -.4034799668846130E-03   4   2 0  1 0  0 0  1 0
   182  -.2206095255245219E-02   4   1 1  1 0  0 0  1 0
   183  -.1940424861609032E-02   4   0 2  1 0  0 0  1 0
   184  -.1668920286391790E-01   4   1 0  2 0  0 0  1 0
   185  -.2677744874504737E-01   4   0 1  2 0  0 0  1 0
   186  -.3182844971010988E-03   4   0 0  3 0  0 0  1 0
   187  -.5704011374391016E-03   4   2 0  0 1  0 0  1 0
   188  -.1979350636176647E-02   4   1 1  0 1  0 0  1 0
   189  -.1610353998406386E-02   4   0 2  0 1  0 0  1 0
   190  -.6737721155652653E-01   4   1 0  1 1  0 0  1 0
   191  0.1824150914386494E-01   4   0 1  1 1  0 0  1 0
   192  -.1240286704874807E-02   4   0 0  2 1  0 0  1 0
   193  0.6881880585839110E-02   4   1 0  0 2  0 0  1 0
   194  0.8761618770881729E-01   4   0 1  0 2  0 0  1 0
   195  -.1528857406467647E-02   4   0 0  1 2  0 0  1 0
   196  -.6245268294825298E-03   4   0 0  0 3  0 0  1 0
   197  0.5152447787563625       4   3 0  0 0  0 0  0 1
   198   1.498969781160229       4   2 1  0 0  0 0  0 1
   199   1.446382241401452       4   1 2  0 0  0 0  0 1
   200  0.4635324974128376       4   0 3  0 0  0 0  0 1
   201  0.1190604899790894E-02   4   2 0  1 0  0 0  0 1
   202  0.2966923188830066E-02   4   1 1  1 0  0 0  0 1
   203  0.1910244117542094E-02   4   0 2  1 0  0 0  0 1
   204  0.1211226656057111       4   1 0  2 0  0 0  0 1
   205  0.5253125332869187E-01   4   0 1  2 0  0 0  0 1
   206  0.9277979478004522E-03   4   0 0  3 0  0 0  0 1
   207  0.3537063815367547E-03   4   2 0  0 1  0 0  0 1
   208  0.1094053531696892E-02   4   1 1  0 1  0 0  0 1
   209  0.8981646305276180E-03   4   0 2  0 1  0 0  0 1
   210  0.1342120867002274       4   1 0  1 1  0 0  0 1
   211  0.2493730004987376E-01   4   0 1  1 1  0 0  0 1
   212  0.2042641918345037E-02   4   0 0  2 1  0 0  0 1
   213  0.1726823908073967E-01   4   1 0  0 2  0 0  0 1
   214  -.2595058200561105E-01   4   0 1  0 2  0 0  0 1
   215  0.1524378031470446E-02   4   0 0  1 2  0 0  0 1
   216  0.4308601721808371E-03   4   0 0  0 3  0 0  0 1
   217  -.8533869645997884       4   2 0  0 0  0 2  0 0
   218  -3.043353421233371       4   1 1  0 0  0 2  0 0
   219  -2.994473259453544       4   0 2  0 0  0 2  0 0
   220  -.4737423467017347E-04   4   1 0  1 0  0 2  0 0
   221  -.9780560867114806E-04   4   0 1  1 0  0 2  0 0
   222  -.4454896232356084       4   0 0  2 0  0 2  0 0
   223  -.1006985417714327E-03   4   1 0  0 1  0 2  0 0
   224  -.1664376365355391E-03   4   0 1  0 1  0 2  0 0
   225  -.8458431335639797       4   0 0  1 1  0 2  0 0
   226  -.7229232400081255       4   0 0  0 2  0 2  0 0
   227  -.4089179623750687       4   2 0  0 0  0 1  1 0
   228  -1.997588589256926       4   1 1  0 0  0 1  1 0
   229  -2.219152648399177       4   0 2  0 0  0 1  1 0
   230  -.1939634711000345E-04   4   1 0  1 0  0 1  1 0
   231  -.5786774911878454E-04   4   0 1  1 0  0 1  1 0
   232  -.1356703553720686       4   0 0  2 0  0 1  1 0
   233  -.6065640005691803E-04   4   1 0  0 1  0 1  1 0
   234  -.1256347109391582E-03   4   0 1  0 1  0 1  1 0
   235  -.6375121369278778       4   0 0  1 1  0 1  1 0
   236  -.4937030197157430       4   0 0  0 2  0 1  1 0
   237  -.2046197001613928       4   2 0  0 0  0 0  2 0
   238  -.9988232577493438       4   1 1  0 0  0 0  2 0
   239  -1.109348828432418       4   0 2  0 0  0 0  2 0
   240  -.9798039507989474E-05   4   1 0  1 0  0 0  2 0
   241  -.2902796952876704E-04   4   0 1  1 0  0 0  2 0
   242  -.6799756901944264E-01   4   0 0  2 0  0 0  2 0
   243  -.3040215054900177E-04   4   1 0  0 1  0 0  2 0
   244  -.6284736754699196E-04   4   0 1  0 1  0 0  2 0
   245  -.3186810135822979       4   0 0  1 1  0 0  2 0
   246  -.2468390218217149       4   0 0  0 2  0 0  2 0
   247   1.466669119548772       4   2 0  0 0  0 1  0 1
   248   3.995191395690322       4   1 1  0 0  0 1  0 1
   249   2.553961791612850       4   0 2  0 0  0 1  0 1
   250  0.6618484659507783E-04   4   1 0  1 0  0 1  0 1
   251  0.1052005077689317E-03   4   0 1  1 0  0 1  0 1
   252  0.6489569343274469       4   0 0  2 0  0 1  0 1
   253  0.1099960488866213E-03   4   1 0  0 1  0 1  0 1
   254  0.1500307067524130E-03   4   0 1  0 1  0 1  0 1
   255   1.275036370631067       4   0 0  1 1  0 1  0 1
   256  0.5114454788149767       4   0 0  0 2  0 1  0 1
   257  0.5747519492314797       4   2 0  0 0  0 0  1 1
   258   2.033120679618678       4   1 1  0 0  0 0  1 1
   259   1.516371897838004       4   0 2  0 0  0 0  1 1
   260  0.2330248328034005E-04   4   1 0  1 0  0 0  1 1
   261  0.5092769211701380E-04   4   0 1  1 0  0 0  1 1
   262  0.1642448139167335       4   0 0  2 0  0 0  1 1
   263  0.5399521916173333E-04   4   1 0  0 1  0 0  1 1
   264  0.8586710259712296E-04   4   0 1  0 1  0 0  1 1
   265  0.6442592228278520       4   0 0  1 1  0 0  1 1
   266  0.3365591954967235       4   0 0  0 2  0 0  1 1
   267  -.5745207991125671       4   2 0  0 0  0 0  0 2
   268  -1.052167108038319       4   1 1  0 0  0 0  0 2
   269  -.4797522085161775       4   0 2  0 0  0 0  0 2
   270  -.2032378340295013E-04   4   1 0  1 0  0 0  0 2
   271  -.1791063417749050E-04   4   0 1  1 0  0 0  0 2
   272  -.1640334019276742       4   0 0  2 0  0 0  0 2
   273  -.1979383234967314E-04   4   1 0  0 1  0 0  0 2
   274  -.1755763728658449E-04   4   0 1  0 1  0 0  0 2
   275  -.3288890555851713       4   0 0  1 1  0 0  0 2
   276  -.1619968080841451       4   0 0  0 2  0 0  0 2
   277  -.1552263757235764E-03   4   1 0  0 0  0 3  0 0
   278  -.2348531441131738E-03   4   0 1  0 0  0 3  0 0
   279  -.8115926750003409E-04   4   0 0  1 0  0 3  0 0
   280  -.9365846305676721E-04   4   0 0  0 1  0 3  0 0
   281  -.8284157019819319E-04   4   1 0  0 0  0 2  1 0
   282  -.1192110222323504E-03   4   0 1  0 0  0 2  1 0
   283  -.2242298859771377E-04   4   0 0  1 0  0 2  1 0
   284  -.7783634989169528E-04   4   0 0  0 1  0 2  1 0
   285  -.5235336334606573E-04   4   1 0  0 0  0 1  2 0
   286  -.7468990836178910E-04   4   0 1  0 0  0 1  2 0
   287  -.1169436744735622E-04   4   0 0  1 0  0 1  2 0
   288  -.5136977737852427E-04   4   0 0  0 1  0 1  2 0
   289  -.2764549355764252E-04   4   1 0  0 0  0 0  3 0
   290  -.3979074682582459E-04   4   0 1  0 0  0 0  3 0
   291  -.7511201240196074E-05   4   0 0  1 0  0 0  3 0
   292  -.2593951786494881E-04   4   0 0  0 1  0 0  3 0
   293  0.1351020877547309E-03   4   1 0  0 0  0 2  0 1
   294  0.1083594481550825E-03   4   0 1  0 0  0 2  0 1
   295  0.8954352098240742E-04   4   0 0  1 0  0 2  0 1
   296  0.1501159208267603E-03   4   0 0  0 1  0 2  0 1
   297  0.7465095377456453E-04   4   1 0  0 0  0 1  1 1
   298  0.5969705737756142E-04   4   0 1  0 0  0 1  1 1
   299  0.1640146254247546E-04   4   0 0  1 0  0 1  1 1
   300  0.9711718759290659E-04   4   0 0  0 1  0 1  1 1
   301  0.3734072576597900E-04   4   1 0  0 0  0 0  2 1
   302  0.2986087597275829E-04   4   0 1  0 0  0 0  2 1
   303  0.8244567834932962E-05   4   0 0  1 0  0 0  2 1
   304  0.4856199959673533E-04   4   0 0  0 1  0 0  2 1
   305  -.9210305838095770E-06   4   1 0  0 0  0 1  0 2
   306  0.2101535032285726E-05   4   0 1  0 0  0 1  0 2
   307  -.7525194373148268E-05   4   0 0  1 0  0 1  0 2
   308  -.2377191175670856E-04   4   0 0  0 1  0 1  0 2
   309  -.4775442215931500E-05   4   1 0  0 0  0 0  1 2
   310  -.1456276889055561E-05   4   0 1  0 0  0 0  1 2
   311  0.3890558077208024E-05   4   0 0  1 0  0 0  1 2
   312  -.1112842350924314E-04   4   0 0  0 1  0 0  1 2
   313  0.4190938469940232E-07   4   1 0  0 0  0 0  0 3
   314  0.1094663083047081E-06   4   0 1  0 0  0 0  0 3
   315  -.5307565055248934E-05   4   0 0  1 0  0 0  0 3
   316  -.4836835031822523E-05   4   0 0  0 1  0 0  0 3
   317  -.1565302521347719       4   0 0  0 0  0 4  0 0
   318  0.8947684316188538E-01   4   0 0  0 0  0 3  1 0
   319  0.2686485476753326E-01   4   0 0  0 0  0 2  2 0
   320  0.1798162672423337E-01   4   0 0  0 0  0 1  3 0
   321  0.2220686159010233E-01   4   0 0  0 0  0 0  4 0
   322  0.6376506614460685E-08   4   0 0  0 0  0 3  0 1
   323  0.3355177198719504E-08   4   0 0  0 0  0 2  1 1
   324  0.2693233602092799E-08   4   0 0  0 0  0 1  2 1
   325  0.9116562591040108E-09   4   0 0  0 0  0 0  3 1
   326  -.5398947230741388E-09   4   0 0  0 0  0 2  0 2
   327  0.1753291868070519E-09   4   0 0  0 0  0 1  1 2
   328  0.6356091893386211E-10   4   0 0  0 0  0 0  2 2
   329  -.4368082253603258E-09   4   0 0  0 0  0 1  0 3
   330  -.1998503873994757E-09   4   0 0  0 0  0 0  1 3
   331  -.2725375056844842E-10   4   0 0  0 0  0 0  0 4
   ----------------------------------------------------
     I  COEFFICIENT            ORDER EXPONENTS
     1   1.000000000000000       1   0 0  0 0  0 1  0 0
     --------------------------------------------------
     I  COEFFICIENT            ORDER EXPONENTS
     1   1.000000000000000       1   0 0  0 0  0 0  1 0
     --------------------------------------------------
     I  COEFFICIENT            ORDER EXPONENTS
     1   1.000000000000000       1   0 0  0 0  0 0  0 1
     --------------------------------------------------
