 L    0.1145458000000000E+01
 P (  0.0000000000000000E+00,  0.0000000000000000E+00,  0.9555200000000000E-01)
 A (  0.0000000000000000E+00,  0.0000000000000000E+00,  0.0000000000000000E+00)
     I  COEFFICIENT            ORDER EXPONENTS
     1  0.9534294629992644E-04   0   0 0  0 0  0 0  0 0
     2   1.711079952062077       1   1 0  0 0  0 0  0 0
     3   1.775744350814227       1   0 1  0 0  0 0  0 0
     4  0.2135639202102386E-04   1   0 0  1 0  0 0  0 0
     5  0.1881932444042285E-04   1   0 0  0 1  0 0  0 0
     6  -.9148376584770705E-06   1   0 0  0 0  0 1  0 0
     7  -.9136065130712838E-06   1   0 0  0 0  0 0  1 0
     8  0.1828444173510571E-05   1   0 0  0 0  0 0  0 1
     9  -.1834143407662127       2   2 0  0 0  0 0  0 0
    10  -.3275836557852091       2   1 1  0 0  0 0  0 0
    11  -.1469862308333290       2   0 2  0 0  0 0  0 0
    12  0.7269893573042948E-03   2   1 0  1 0  0 0  0 0
    13  0.2125927238936285E-03   2   0 1  1 0  0 0  0 0
    14  0.1274141938380823       2   0 0  2 0  0 0  0 0
    15  0.7536286793443576E-03   2   1 0  0 1  0 0  0 0
    16  0.3405021860780659E-03   2   0 1  0 1  0 0  0 0
    17  0.2269828191186798       2   0 0  1 1  0 0  0 0
    18  0.1019498387329498       2   0 0  0 2  0 0  0 0
    19  -.3885779733611883       2   1 0  0 0  0 1  0 0
    20  -1.231174580510217       2   0 1  0 0  0 1  0 0
    21  -.1173849308788228E-04   2   0 0  1 0  0 1  0 0
    22  -.1982915601958327E-04   2   0 0  0 1  0 1  0 0
    23  -.3880550434376839       2   1 0  0 0  0 0  1 0
    24  -1.229517723783014       2   0 1  0 0  0 0  1 0
    25  -.1172269597710060E-04   2   0 0  1 0  0 0  1 0
    26  -.1980247087592784E-04   2   0 0  0 1  0 0  1 0
    27  0.7766330168340816       2   1 0  0 0  0 0  0 1
    28  0.6849479535140355       2   0 1  0 0  0 0  0 1
    29  0.2346116571910615E-04   2   0 0  1 0  0 0  0 1
    30  0.2081227989391396E-04   2   0 0  0 1  0 0  0 1
    31  0.4171993366687913E-06   2   0 0  0 0  0 2  0 0
    32  -.7908414546969353E-07   2   0 0  0 0  0 1  1 0
    33  0.4166911033222388E-06   2   0 0  0 0  0 0  2 0
    34  0.1594579622382986E-06   2   0 0  0 0  0 1  0 1
    35  0.1592433712277112E-06   2   0 0  0 0  0 0  1 1
    36  -.1073566821046942E-05   2   0 0  0 0  0 0  0 2
    37   2.783877497340812       3   3 0  0 0  0 0  0 0
    38   12.14586409660992       3   2 1  0 0  0 0  0 0
    39   15.91426169655844       3   1 2  0 0  0 0  0 0
    40   7.401579974348482       3   0 3  0 0  0 0  0 0
    41  -.1376829694334532E-01   3   2 0  1 0  0 0  0 0
    42  -.2415699996117653E-01   3   1 1  1 0  0 0  0 0
    43  -.1061155502394963E-01   3   0 2  1 0  0 0  0 0
    44  -1.839397554679781       3   1 0  2 0  0 0  0 0
    45  0.4788991063065766       3   0 1  2 0  0 0  0 0
    46  0.3242808645350539E-02   3   0 0  3 0  0 0  0 0
    47  -.1248361598726967E-01   3   2 0  0 1  0 0  0 0
    48  -.2207015034394197E-01   3   1 1  0 1  0 0  0 0
    49  -.9761287449517330E-02   3   0 2  0 1  0 0  0 0
    50  -5.512950230131576       3   1 0  1 1  0 0  0 0
    51  -1.794968071778536       3   0 1  1 1  0 0  0 0
    52  0.8607238407447889E-02   3   0 0  2 1  0 0  0 0
    53  -2.683247365203943       3   1 0  0 2  0 0  0 0
    54  -.4008337905398612       3   0 1  0 2  0 0  0 0
    55  0.7691591156100989E-02   3   0 0  1 2  0 0  0 0
    56  0.2324698268331335E-02   3   0 0  0 3  0 0  0 0
    57  0.1167605196400961       3   2 0  0 0  0 1  0 0
    58  0.3717002398023532       3   1 1  0 0  0 1  0 0
    59  0.2398971234352274       3   0 2  0 0  0 1  0 0
    60  -.3852458439539183E-03   3   1 0  1 0  0 1  0 0
    61  -.1739992828535063E-03   3   0 1  1 0  0 1  0 0
    62  -.5922760354596775E-01   3   0 0  2 0  0 1  0 0
    63  -.8670289666797540E-03   3   1 0  0 1  0 1  0 0
    64  -.5641691999041208E-03   3   0 1  0 1  0 1  0 0
    65  -.2181376619430474       3   0 0  1 1  0 1  0 0
    66  -.1486593069901700       3   0 0  0 2  0 1  0 0
    67  0.1166033888354974       3   2 0  0 0  0 0  1 0
    68  0.3712000231372538       3   1 1  0 0  0 0  1 0
    69  0.2395742811924685       3   0 2  0 0  0 0  1 0
    70  -.3847273982531337E-03   3   1 0  1 0  0 0  1 0
    71  -.1737651228189442E-03   3   0 1  1 0  0 0  1 0
    72  -.5914789782841584E-01   3   0 0  2 0  0 0  1 0
    73  -.8658621599580559E-03   3   1 0  0 1  0 0  1 0
    74  -.5634099675832620E-03   3   0 1  0 1  0 0  1 0
    75  -.2178441025580763       3   0 0  1 1  0 0  1 0
    76  -.1484592483008930       3   0 0  0 2  0 0  1 0
    77  -.2333642691157744       3   2 0  0 0  0 0  0 1
    78  -.4153172051402647       3   1 1  0 0  0 0  0 1
    79  -.1854991904697205       3   0 2  0 0  0 0  0 1
    80  0.7690758190697833E-03   3   1 0  1 0  0 0  0 1
    81  0.1342670665178038E-03   3   0 1  1 0  0 0  0 1
    82  0.1183756824124308       3   0 0  2 0  0 0  0 1
    83  0.9783251097242990E-03   3   1 0  0 1  0 0  0 1
    84  0.4456253431459496E-03   3   0 1  0 1  0 0  0 1
    85  0.2089992290041767       3   0 0  1 1  0 0  0 1
    86  0.9321898740563775E-01   3   0 0  0 2  0 0  0 1
    87  0.3083737758824302       3   1 0  0 0  0 2  0 0
    88   1.108805065346201       3   0 1  0 0  0 2  0 0
    89  0.9333789624005196E-05   3   0 0  1 0  0 2  0 0
    90  0.2058869899496709E-04   3   0 0  0 1  0 2  0 0
    91  0.2283848583367068       3   1 0  0 0  0 1  1 0
    92  0.9867628954732752       3   0 1  0 0  0 1  1 0
    93  0.6852747031966316E-05   3   0 0  1 0  0 1  1 0
    94  0.2126539599301062E-04   3   0 0  0 1  0 1  1 0
    95  0.3078051061985276       3   1 0  0 0  0 0  2 0
    96   1.106648918245329       3   0 1  0 0  0 0  2 0
    97  0.9316617597817245E-05   3   0 0  1 0  0 0  2 0
    98  0.2054668271034979E-04   3   0 0  0 1  0 0  2 0
    99  -.4565549473175780       3   1 0  0 0  0 1  0 1
   100  -.7420247912135024       3   0 1  0 0  0 1  0 1
   101  -.1364527023896868E-04   3   0 0  1 0  0 1  0 1
   102  -.2260841433818048E-04   3   0 0  0 1  0 1  0 1
   103  -.4559405371861682       3   1 0  0 0  0 0  1 1
   104  -.7410262092199048       3   0 1  0 0  0 0  1 1
   105  -.1362690707736040E-04   3   0 0  1 0  0 0  1 1
   106  -.2257798899966183E-04   3   0 0  0 1  0 0  1 1
   107  0.6793137321367575E-01   3   1 0  0 0  0 0  0 2
   108  0.5657770411499780E-01   3   0 1  0 0  0 0  0 2
   109  0.1828755396875530E-05   3   0 0  1 0  0 0  0 2
   110  0.1727482418746534E-05   3   0 0  0 1  0 0  0 2
   111  -.1607067990749056E-06   3   0 0  0 0  0 3  0 0
   112  0.3518106965228131E-06   3   0 0  0 0  0 2  1 0
   113  0.3507765501578552E-06   3   0 0  0 0  0 1  2 0
   114  -.1606187983703325E-06   3   0 0  0 0  0 0  3 0
   115  -.7044095162642309E-06   3   0 0  0 0  0 2  0 1
   116  -.1247771469347462E-05   3   0 0  0 0  0 1  1 1
   117  -.7026219591159826E-06   3   0 0  0 0  0 0  2 1
   118  0.1168868816042242E-05   3   0 0  0 0  0 1  0 2
   119  0.1167295807476361E-05   3   0 0  0 0  0 0  1 2
   120  -.6305333794959471E-07   3   0 0  0 0  0 0  0 3
   121  -22.58072343214011       4   4 0  0 0  0 0  0 0
   122  -83.88356966319392       4   3 1  0 0  0 0  0 0
   123  -117.4597243495639       4   2 2  0 0  0 0  0 0
   124  -73.60956855112067       4   1 3  0 0  0 0  0 0
   125  -17.44334215255108       4   0 4  0 0  0 0  0 0
   126  -.1003554799665499E-01   4   3 0  1 0  0 0  0 0
   127  -.2797616215002618E-01   4   2 1  1 0  0 0  0 0
   128  -.2794330541615835E-01   4   1 2  1 0  0 0  0 0
   129  -.9895997037135725E-02   4   0 3  1 0  0 0  0 0
   130   81.73462518011920       4   2 0  2 0  0 0  0 0
   131   144.2892182375825       4   1 1  2 0  0 0  0 0
   132   64.18216625312370       4   0 2  2 0  0 0  0 0
   133  0.6795362936229314E-02   4   1 0  3 0  0 0  0 0
   134  0.5518497996941583E-02   4   0 1  3 0  0 0  0 0
   135  -9.650440208425939       4   0 0  4 0  0 0  0 0
   136  -.8246462356459407E-02   4   3 0  0 1  0 0  0 0
   137  -.2162688293995685E-01   4   2 1  0 1  0 0  0 0
   138  -.1971125669493042E-01   4   1 2  0 1  0 0  0 0
   139  -.6343889169929026E-02   4   0 3  0 1  0 0  0 0
   140   149.8225242845020       4   2 0  1 1  0 0  0 0
   141   266.4723274044329       4   1 1  1 1  0 0  0 0
   142   119.5061636933840       4   0 2  1 1  0 0  0 0
   143  0.1818732417149055E-01   4   1 0  2 1  0 0  0 0
   144  0.1516844085862216E-01   4   0 1  2 1  0 0  0 0
   145  -33.98582801914890       4   0 0  3 1  0 0  0 0
   146   69.01256692398864       4   2 0  0 2  0 0  0 0
   147   123.5074274098205       4   1 1  0 2  0 0  0 0
   148   55.76960116268822       4   0 2  0 2  0 0  0 0
   149  0.1570247448060401E-01   4   1 0  1 2  0 0  0 0
   150  0.1335797496490123E-01   4   0 1  1 2  0 0  0 0
   151  -45.17760624256846       4   0 0  2 2  0 0  0 0
   152  0.4902684799018947E-02   4   1 0  0 3  0 0  0 0
   153  0.4194319466905027E-02   4   0 1  0 3  0 0  0 0
   154  -26.76052342218436       4   0 0  1 3  0 0  0 0
   155  -5.935396631402620       4   0 0  0 4  0 0  0 0
   156  -4.601489273448664       4   3 0  0 0  0 1  0 0
   157  -22.73500546774398       4   2 1  0 0  0 1  0 0
   158  -35.16557923271176       4   1 2  0 0  0 1  0 0
   159  -18.45555465458948       4   0 3  0 0  0 1  0 0
   160  0.1367798178469233E-02   4   2 0  1 0  0 1  0 0
   161  0.1293554347123204E-01   4   1 1  1 0  0 1  0 0
   162  0.1019913019822641E-01   4   0 2  1 0  0 1  0 0
   163  0.7690297029762602       4   1 0  2 0  0 1  0 0
   164  -.9623855886681140       4   0 1  2 0  0 1  0 0
   165  -.4654746998238680E-03   4   0 0  3 0  0 1  0 0
   166  0.6546084320729857E-02   4   2 0  0 1  0 1  0 0
   167  0.2103556633081013E-01   4   1 1  0 1  0 1  0 0
   168  0.1337952908060245E-01   4   0 2  0 1  0 1  0 0
   169   6.446230730267825       4   1 0  1 1  0 1  0 0
   170   2.942802179938481       4   0 1  1 1  0 1  0 0
   171  -.5093406771113364E-02   4   0 0  2 1  0 1  0 0
   172   4.918220703328804       4   1 0  0 2  0 1  0 0
   173   1.632295280863178       4   0 1  0 2  0 1  0 0
   174  -.7968858995077890E-02   4   0 0  1 2  0 1  0 0
   175  -.3441550076352704E-02   4   0 0  0 3  0 1  0 0
   176  -4.595296806045328       4   3 0  0 0  0 0  1 0
   177  -22.70440976884965       4   2 1  0 0  0 0  1 0
   178  -35.11825505347713       4   1 2  0 0  0 0  1 0
   179  -18.43071803891563       4   0 3  0 0  0 0  1 0
   180  0.1365957460142722E-02   4   2 0  1 0  0 0  1 0
   181  0.1291813542645947E-01   4   1 1  1 0  0 0  1 0
   182  0.1018540468947398E-01   4   0 2  1 0  0 0  1 0
   183  0.7679947790451209       4   1 0  2 0  0 0  1 0
   184  -.9610904554985409       4   0 1  2 0  0 0  1 0
   185  -.4648482859099077E-03   4   0 0  3 0  0 0  1 0
   186  0.6537274908957272E-02   4   2 0  0 1  0 0  1 0
   187  0.2100725765701402E-01   4   1 1  0 1  0 0  1 0
   188  0.1336152354092112E-01   4   0 2  0 1  0 0  1 0
   189   6.437555696751369       4   1 0  1 1  0 0  1 0
   190   2.938841895454185       4   0 1  1 1  0 0  1 0
   191  -.5086552304324744E-02   4   0 0  2 1  0 0  1 0
   192   4.911601993693975       4   1 0  0 2  0 0  1 0
   193   1.630098614801598       4   0 1  0 2  0 0  1 0
   194  -.7958134880201632E-02   4   0 0  1 2  0 0  1 0
   195  -.3436918600454586E-02   4   0 0  0 3  0 0  1 0
   196   9.193807597464941       4   3 0  0 0  0 0  0 1
   197   33.28429567530504       4   2 1  0 0  0 0  0 1
   198   38.44570356609123       4   1 2  0 0  0 0  0 1
   199   14.67820063183763       4   0 3  0 0  0 0  0 1
   200  0.1641893923883657E-02   4   2 0  1 0  0 0  0 1
   201  0.3540259680763536E-02   4   1 1  1 0  0 0  0 1
   202  0.1908754378776562E-02   4   0 2  1 0  0 0  0 1
   203  -1.532664755871170       4   1 0  2 0  0 0  0 1
   204   1.448940590443414       4   0 1  2 0  0 0  0 1
   205  -.9061551523262325E-04   4   0 0  3 0  0 0  0 1
   206  0.1817373079484376E-02   4   2 0  0 1  0 0  0 1
   207  0.3796790434450042E-02   4   1 1  0 1  0 0  0 1
   208  0.2003641807439833E-02   4   0 2  0 1  0 0  0 1
   209  -7.361797550098951       4   1 0  1 1  0 0  0 1
   210  -2.282609083251555       4   0 1  1 1  0 0  0 1
   211  -.3309193773202461E-03   4   0 0  2 1  0 0  0 1
   212  -4.458614407962195       4   1 0  0 2  0 0  0 1
   213  -2.055123627569485       4   0 1  0 2  0 0  0 1
   214  -.3531454310295357E-03   4   0 0  1 2  0 0  0 1
   215  -.1036973261486256E-03   4   0 0  0 3  0 0  0 1
   216  -.1035562152516613       4   2 0  0 0  0 2  0 0
   217  -.4118252129560462       4   1 1  0 0  0 2  0 0
   218  -.3231948840156679       4   0 2  0 0  0 2  0 0
   219  -.2458659907857192E-03   4   1 0  1 0  0 2  0 0
   220  -.1165760342409216E-03   4   0 1  1 0  0 2  0 0
   221  0.4209295590209104E-01   4   0 0  2 0  0 2  0 0
   222  0.4832830972993689E-03   4   1 0  0 1  0 2  0 0
   223  0.5683446151584320E-03   4   0 1  0 1  0 2  0 0
   224  0.2115360132528198       4   0 0  1 1  0 2  0 0
   225  0.1815173041648123       4   0 0  0 2  0 2  0 0
   226  -.8883828530837895E-01   4   2 0  0 0  0 1  1 0
   227  -.4484066868213774       4   1 1  0 0  0 1  1 0
   228  -.4041599238966187       4   0 2  0 0  0 1  1 0
   229  -.3815112213544695E-03   4   1 0  1 0  0 1  1 0
   230  -.1977633934211860E-03   4   0 1  1 0  0 1  1 0
   231  0.2564960607603382E-01   4   0 0  2 0  0 1  1 0
   232  0.5244449078252385E-03   4   1 0  0 1  0 1  1 0
   233  0.7253861283274655E-03   4   0 1  0 1  0 1  1 0
   234  0.2058800955269531       4   0 0  1 1  0 1  1 0
   235  0.2147073123250564       4   0 0  0 2  0 1  1 0
   236  -.1033570769888264       4   2 0  0 0  0 0  2 0
   237  -.4109692756998716       4   1 1  0 0  0 0  2 0
   238  -.3224879938833140       4   0 2  0 0  0 0  2 0
   239  -.2452784060117370E-03   4   1 0  1 0  0 0  2 0
   240  -.1162860813807254E-03   4   0 1  1 0  0 0  2 0
   241  0.4201905017029345E-01   4   0 0  2 0  0 0  2 0
   242  0.4822798310630186E-03   4   1 0  0 1  0 0  2 0
   243  0.5670916685278817E-03   4   0 1  0 1  0 0  2 0
   244  0.2111128061906470       4   0 0  1 1  0 0  2 0
   245  0.1811285552404204       4   0 0  0 2  0 0  2 0
   246  0.1756133690467060       4   2 0  0 0  0 1  0 1
   247  0.5195694723697106       4   1 1  0 0  0 1  0 1
   248  0.3244160634216334       4   0 2  0 0  0 1  0 1
   249  0.6749604349144626E-03   4   1 0  1 0  0 1  0 1
   250  0.6373339250598351E-03   4   0 1  1 0  0 1  0 1
   251  -.5180531476449504E-01   4   0 0  2 0  0 1  0 1
   252  -.6397051411656692E-04   4   1 0  0 1  0 1  0 1
   253  0.3777302305422596E-04   4   0 1  0 1  0 1  0 1
   254  -.1942601519844817       4   0 0  1 1  0 1  0 1
   255  -.1326385327773681       4   0 0  0 2  0 1  0 1
   256  0.1753770368510116       4   2 0  0 0  0 0  1 1
   257  0.5188702602602504       4   1 1  0 0  0 0  1 1
   258  0.3239794795726767       4   0 2  0 0  0 0  1 1
   259  0.6740521049709384E-03   4   1 0  1 0  0 0  1 1
   260  0.6364762310999969E-03   4   0 1  1 0  0 0  1 1
   261  -.5173559761338516E-01   4   0 0  2 0  0 0  1 1
   262  -.6388442561349481E-04   4   1 0  0 1  0 0  1 1
   263  0.3772218989998047E-04   4   0 1  0 1  0 0  1 1
   264  -.1939987258271051       4   0 0  1 1  0 0  1 1
   265  -.1324600340909939       4   0 0  0 2  0 0  1 1
   266  -.5674133500531030E-01   4   2 0  0 0  0 0  0 2
   267  -.9940438801661222E-01   4   1 1  0 0  0 0  0 2
   268  -.4352024989760656E-01   4   0 2  0 0  0 0  0 2
   269  -.5909879895185774E-03   4   1 0  1 0  0 0  0 2
   270  -.5687513190505447E-03   4   0 1  1 0  0 0  0 2
   271  -.6768548152333131E-02   4   0 0  2 0  0 0  0 2
   272  -.4692000138131852E-03   4   1 0  0 1  0 0  0 2
   273  -.4607804919554245E-03   4   0 1  0 1  0 0  0 2
   274  -.1398947573898379E-01   4   0 0  1 1  0 0  0 2
   275  -.6974971678410783E-02   4   0 0  0 2  0 0  0 2
   276  -.2686095510595420       4   1 0  0 0  0 3  0 0
   277  -1.055000183117038       4   0 1  0 0  0 3  0 0
   278  -.1229116591436620E-04   4   0 0  1 0  0 3  0 0
   279  -.2602532375130131E-04   4   0 0  0 1  0 3  0 0
   280  -.1891203062317872       4   1 0  0 0  0 2  1 0
   281  -.9474289793161144       4   0 1  0 0  0 2  1 0
   282  -.8182678393942225E-05   4   0 0  1 0  0 2  1 0
   283  -.2573620486689688E-04   4   0 0  0 1  0 2  1 0
   284  -.1892800358527114       4   1 0  0 0  0 1  2 0
   285  -.9476432597123672       4   0 1  0 0  0 1  2 0
   286  -.8190938517371657E-05   4   0 0  1 0  0 1  2 0
   287  -.2573671779097542E-04   4   0 0  0 1  0 1  2 0
   288  -.2679402449304858       4   1 0  0 0  0 0  3 0
   289  -1.052233885399881       4   0 1  0 0  0 0  3 0
   290  -.1226085609975707E-04   4   0 0  1 0  0 0  3 0
   291  -.2595549432074070E-04   4   0 0  0 1  0 0  3 0
   292  0.3781806160051847       4   1 0  0 0  0 2  0 1
   293  0.7859907760868632       4   0 1  0 0  0 2  0 1
   294  0.1501253557791292E-04   4   0 0  1 0  0 2  0 1
   295  0.2820229833315654E-04   4   0 0  0 1  0 2  0 1
   296  0.3000086749879602       4   1 0  0 0  0 1  1 1
   297  0.8298294574468159       4   0 1  0 0  0 1  1 1
   298  0.1098438575630054E-04   4   0 0  1 0  0 1  1 1
   299  0.2812686862587847E-04   4   0 0  0 1  0 1  1 1
   300  0.3774698095872581       4   1 0  0 0  0 0  2 1
   301  0.7843746540552037       4   0 1  0 0  0 0  2 1
   302  0.1498494128071106E-04   4   0 0  1 0  0 0  2 1
   303  0.2814541910207635E-04   4   0 0  0 1  0 0  2 1
   304  -.7161761206834222E-01   4   1 0  0 0  0 1  0 2
   305  -.8785546380162768E-01   4   0 1  0 0  0 1  0 2
   306  -.7729183475122631E-06   4   0 0  1 0  0 1  0 2
   307  -.1423560681832929E-05   4   0 0  0 1  0 1  0 2
   308  -.7152123246124292E-01   4   1 0  0 0  0 0  1 2
   309  -.8773723205892937E-01   4   0 1  0 0  0 0  1 2
   310  -.7718781904266009E-06   4   0 0  1 0  0 0  1 2
   311  -.1421644920957456E-05   4   0 0  0 1  0 0  1 2
   312  0.2424366791922694E-02   4   1 0  0 0  0 0  0 3
   313  0.1952330381043540E-02   4   0 1  0 0  0 0  0 3
   314  0.1539027417120168E-06   4   0 0  1 0  0 0  0 3
   315  0.1243311029417441E-06   4   0 0  0 1  0 0  0 3
   316  -.3496569368643905E-04   4   0 0  0 0  0 4  0 0
   317  -.2448406372203868E-04   4   0 0  0 0  0 3  1 0
   318  -.2310517402338391E-04   4   0 0  0 0  0 2  2 0
   319  -.2451398191382251E-04   4   0 0  0 0  0 1  3 0
   320  -.3485517291602815E-04   4   0 0  0 0  0 0  4 0
   321  0.1052643752413283E-04   4   0 0  0 0  0 3  0 1
   322  0.1112924249468727E-04   4   0 0  0 0  0 2  1 1
   323  0.1112799705903746E-04   4   0 0  0 0  0 1  2 1
   324  0.1049771003445973E-04   4   0 0  0 0  0 0  3 1
   325  -.9054451691900578E-06   4   0 0  0 0  0 2  0 2
   326  -.1130677299961526E-05   4   0 0  0 0  0 1  1 2
   327  -.9034658576419192E-06   4   0 0  0 0  0 0  2 2
   328  0.2672373123930750E-07   4   0 0  0 0  0 1  0 3
   329  0.2668776770125147E-07   4   0 0  0 0  0 0  1 3
   330  -.7847533703703852E-14   4   0 0  0 0  0 0  0 4
   ----------------------------------------------------
     I  COEFFICIENT            ORDER EXPONENTS
     1  0.4903035389151538E-04   0   0 0  0 0  0 0  0 0
     2   3.378886785949622       1   1 0  0 0  0 0  0 0
     3   4.091006450925772       1   0 1  0 0  0 0  0 0
     4  0.9649662484018183E-04   1   0 0  1 0  0 0  0 0
     5  0.8890506009860805E-04   1   0 0  0 1  0 0  0 0
     6  0.2528188650182986E-05   1   0 0  0 0  0 1  0 0
     7  0.2524786333046875E-05   1   0 0  0 0  0 0  1 0
     8  0.4397737891756885E-04   1   0 0  0 0  0 0  0 1
     9  -.9307546203401941       2   2 0  0 0  0 0  0 0
    10  -1.701693771571298       2   1 1  0 0  0 0  0 0
    11  -.7816484279493893       2   0 2  0 0  0 0  0 0
    12  0.4309480527083738E-02   2   1 0  1 0  0 0  0 0
    13  0.3153094039992311E-02   2   0 1  1 0  0 0  0 0
    14  0.5656520915480050       2   0 0  2 0  0 0  0 0
    15  0.4003821251311859E-02   2   1 0  0 1  0 0  0 0
    16  0.3024835362026575E-02   2   0 1  0 1  0 0  0 0
    17   1.034159494282532       2   0 0  1 1  0 0  0 0
    18  0.4777015441422854       2   0 0  0 2  0 0  0 0
    19  -.2314591250905128       2   1 0  0 0  0 1  0 0
    20  -1.742371392720726       2   0 1  0 0  0 1  0 0
    21  -.5957253211337717E-05   2   0 0  1 0  0 1  0 0
    22  -.5029576996922538E-04   2   0 0  0 1  0 1  0 0
    23  -.2311476383082564       2   1 0  0 0  0 0  1 0
    24  -1.740026591415519       2   0 1  0 0  0 0  1 0
    25  -.5949236220721482E-05   2   0 0  1 0  0 0  1 0
    26  -.5022808429235826E-04   2   0 0  0 1  0 0  1 0
    27   3.841493549537780       2   1 0  0 0  0 0  0 1
    28   3.482397984324034       2   0 1  0 0  0 0  0 1
    29  0.1084029549855526E-03   2   0 0  1 0  0 0  0 1
    30  0.1005236960532736E-03   2   0 0  0 1  0 0  0 1
    31  -.2019008043730610E-05   2   0 0  0 0  0 2  0 0
    32  -.1511188518108306E-05   2   0 0  0 0  0 1  1 0
    33  -.2015274114713042E-05   2   0 0  0 0  0 0  2 0
    34  0.5549205609886510E-05   2   0 0  0 0  0 1  0 1
    35  0.5541737750501617E-05   2   0 0  0 0  0 0  1 1
    36  -.5545471483468673E-05   2   0 0  0 0  0 0  0 2
    37  -18.32818272702320       3   3 0  0 0  0 0  0 0
    38  -53.05421864253029       3   2 1  0 0  0 0  0 0
    39  -52.68027286355144       3   1 2  0 0  0 0  0 0
    40  -16.29313978751815       3   0 3  0 0  0 0  0 0
    41  -.6897147795672835E-01   3   2 0  1 0  0 0  0 0
    42  -.1246649618022151       3   1 1  1 0  0 0  0 0
    43  -.5659957095926257E-01   3   0 2  1 0  0 0  0 0
    44  -20.55454187457316       3   1 0  2 0  0 0  0 0
    45  -15.99178580745519       3   0 1  2 0  0 0  0 0
    46  0.1404738453325181E-01   3   0 0  3 0  0 0  0 0
    47  -.6538325260298798E-01   3   2 0  0 1  0 0  0 0
    48  -.1192801907255492       3   1 1  0 1  0 0  0 0
    49  -.5460759711894486E-01   3   0 2  0 1  0 0  0 0
    50  -44.35630250033060       3   1 0  1 1  0 0  0 0
    51  -36.40374685320609       3   0 1  1 1  0 0  0 0
    52  0.3810865234542054E-01   3   0 0  2 1  0 0  0 0
    53  -21.20187165901350       3   1 0  0 2  0 0  0 0
    54  -16.38280401145602       3   0 1  0 2  0 0  0 0
    55  0.3481879278391434E-01   3   0 0  1 2  0 0  0 0
    56  0.1076419159946932E-01   3   0 0  0 3  0 0  0 0
    57  0.1755251389281241       3   2 0  0 0  0 1  0 0
    58   1.163736067582772       3   1 1  0 0  0 1  0 0
    59  0.9210352876044645       3   0 2  0 0  0 1  0 0
    60  -.1606404934644517E-02   3   1 0  1 0  0 1  0 0
    61  -.2762043904093758E-02   3   0 1  1 0  0 1  0 0
    62  0.2140476949193728E-01   3   0 0  2 0  0 1  0 0
    63  -.3759876805712208E-02   3   1 0  0 1  0 1  0 0
    64  -.4414510552380435E-02   3   0 1  0 1  0 1  0 0
    65  -.4712253357224982       3   0 0  1 1  0 1  0 0
    66  -.4542706801775214       3   0 0  0 2  0 1  0 0
    67  0.1752889254683700       3   2 0  0 0  0 0  1 0
    68   1.162169966428006       3   1 1  0 0  0 0  1 0
    69  0.9197958017212980       3   0 2  0 0  0 0  1 0
    70  -.1604243110590713E-02   3   1 0  1 0  0 0  1 0
    71  -.2758326875578248E-02   3   0 1  1 0  0 0  1 0
    72  0.2137596396192690E-01   3   0 0  2 0  0 0  1 0
    73  -.3754816940703933E-02   3   1 0  0 1  0 0  1 0
    74  -.4408569712127714E-02   3   0 1  0 1  0 0  1 0
    75  -.4705911828737641       3   0 0  1 1  0 0  1 0
    76  -.4536593441051741       3   0 0  0 2  0 0  1 0
    77  -1.281571758264062       3   2 0  0 0  0 0  0 1
    78  -2.325911220183360       3   1 1  0 0  0 0  0 1
    79  -1.059184849008547       3   0 2  0 0  0 0  0 1
    80  0.7515575958254851E-02   3   1 0  1 0  0 0  0 1
    81  0.5515831104973194E-02   3   0 1  1 0  0 0  0 1
    82  0.5228730807605961       3   0 0  2 0  0 0  0 1
    83  0.7509752461659753E-02   3   1 0  0 1  0 0  0 1
    84  0.5793253273613578E-02   3   0 1  0 1  0 0  0 1
    85  0.9418194226318680       3   0 0  1 1  0 0  0 1
    86  0.4302296972657279       3   0 0  0 2  0 0  0 1
    87  0.1789794598173757       3   1 0  0 0  0 2  0 0
    88   1.408881575699646       3   0 1  0 0  0 2  0 0
    89  0.4064775176941947E-05   3   0 0  1 0  0 2  0 0
    90  0.4021409300205949E-04   3   0 0  0 1  0 2  0 0
    91  0.1266401526520196       3   1 0  0 0  0 1  1 0
    92   1.076285818181693       3   0 1  0 0  0 1  1 0
    93  0.2147864377981145E-05   3   0 0  1 0  0 1  1 0
    94  0.3015257058982316E-04   3   0 0  0 1  0 1  1 0
    95  0.1786533845208130       3   1 0  0 0  0 0  2 0
    96   1.406261361908099       3   0 1  0 0  0 0  2 0
    97  0.4057859746750696E-05   3   0 0  1 0  0 0  2 0
    98  0.4013968581669185E-04   3   0 0  0 1  0 0  2 0
    99  -.4845981357878053       3   1 0  0 0  0 1  0 1
   100  -2.151676778279688       3   0 1  0 0  0 1  0 1
   101  -.1037823706702460E-04   3   0 0  1 0  0 1  0 1
   102  -.6039363523983150E-04   3   0 0  0 1  0 1  0 1
   103  -.4839459864549855       3   1 0  0 0  0 0  1 1
   104  -2.148781153076496       3   0 1  0 0  0 0  1 1
   105  -.1036427052468926E-04   3   0 0  1 0  0 0  1 1
   106  -.6031236033177933E-04   3   0 0  0 1  0 0  1 1
   107  0.4842715170351298       3   1 0  0 0  0 0  0 2
   108  0.4090295183165399       3   0 1  0 0  0 0  0 2
   109  0.1039752880289163E-04   3   0 0  1 0  0 0  0 2
   110  0.1015559025147219E-04   3   0 0  0 1  0 0  0 2
   111  0.1765344002255185E-05   3   0 0  0 0  0 3  0 0
   112  0.1260291245382874E-05   3   0 0  0 0  0 2  1 0
   113  0.1261305963987631E-05   3   0 0  0 0  0 1  2 0
   114  0.1760933550211310E-05   3   0 0  0 0  0 0  3 0
   115  -.4541422259317352E-05   3   0 0  0 0  0 2  0 1
   116  -.3537159170263491E-05   3   0 0  0 0  0 1  1 1
   117  -.4532930556215429E-05   3   0 0  0 0  0 0  2 1
   118  0.3537384472356708E-05   3   0 0  0 0  0 1  0 2
   119  0.3532624027044555E-05   3   0 0  0 0  0 0  1 2
   120  -.5083829353341119E-06   3   0 0  0 0  0 0  0 3
   121  -100.5215534218936       4   4 0  0 0  0 0  0 0
   122  -372.7224267360164       4   3 1  0 0  0 0  0 0
   123  -520.2631613929710       4   2 2  0 0  0 0  0 0
   124  -324.7818316909742       4   1 3  0 0  0 0  0 0
   125  -76.67016104654674       4   0 4  0 0  0 0  0 0
   126  -.4777824347188914E-01   4   3 0  1 0  0 0  0 0
   127  -.1250423268243873       4   2 1  1 0  0 0  0 0
   128  -.1094986305166969       4   1 2  1 0  0 0  0 0
   129  -.3041201469082958E-01   4   0 3  1 0  0 0  0 0
   130   381.7471871859802       4   2 0  2 0  0 0  0 0
   131   684.3331642472900       4   1 1  2 0  0 0  0 0
   132   308.2166448679229       4   0 2  2 0  0 0  0 0
   133  0.3584685291984081E-01   4   1 0  3 0  0 0  0 0
   134  0.3466229935470577E-01   4   0 1  3 0  0 0  0 0
   135  -42.40794136589977       4   0 0  4 0  0 0  0 0
   136  -.4510462934414555E-01   4   3 0  0 1  0 0  0 0
   137  -.1198226450917553       4   2 1  0 1  0 0  0 0
   138  -.1047644029160395       4   1 2  0 1  0 0  0 0
   139  -.2882262740335522E-01   4   0 3  0 1  0 0  0 0
   140   717.9380020519899       4   2 0  1 1  0 0  0 0
   141   1297.021297587903       4   1 1  1 1  0 0  0 0
   142   589.1682634814199       4   0 2  1 1  0 0  0 0
   143  0.1042555752153805       4   1 0  2 1  0 0  0 0
   144  0.1009979155986885       4   0 1  2 1  0 0  0 0
   145  -152.4066179242292       4   0 0  3 1  0 0  0 0
   146   340.1338793850714       4   2 0  0 2  0 0  0 0
   147   618.3616488940322       4   1 1  0 2  0 0  0 0
   148   282.8434303541509       4   0 2  0 2  0 0  0 0
   149  0.1010769701960792       4   1 0  1 2  0 0  0 0
   150  0.9939846814751854E-01   4   0 1  1 2  0 0  0 0
   151  -207.3355009527843       4   0 0  2 2  0 0  0 0
   152  0.3451266348449463E-01   4   1 0  0 3  0 0  0 0
   153  0.3440810967762925E-01   4   0 1  0 3  0 0  0 0
   154  -126.0915249097415       4   0 0  1 3  0 0  0 0
   155  -28.81710651622035       4   0 0  0 4  0 0  0 0
   156   14.95667434384847       4   3 0  0 0  0 1  0 0
   157   69.05945600663365       4   2 1  0 0  0 1  0 0
   158   93.02077281599391       4   1 2  0 0  0 1  0 0
   159   37.09967057780603       4   0 3  0 0  0 1  0 0
   160  -.6079451003529804E-02   4   2 0  1 0  0 1  0 0
   161  0.4356829690371446E-01   4   1 1  1 0  0 1  0 0
   162  0.4428721852429215E-01   4   0 2  1 0  0 1  0 0
   163   6.201397474230649       4   1 0  2 0  0 1  0 0
   164   11.92024988143439       4   0 1  2 0  0 1  0 0
   165  0.1227711888826665E-02   4   0 0  3 0  0 1  0 0
   166  0.2134247990592271E-01   4   2 0  0 1  0 1  0 0
   167  0.9040696402137793E-01   4   1 1  0 1  0 1  0 0
   168  0.6470300182589056E-01   4   0 2  0 1  0 1  0 0
   169   37.80500521260410       4   1 0  1 1  0 1  0 0
   170   47.92100181540769       4   0 1  1 1  0 1  0 0
   171  -.1306389108293150E-01   4   0 0  2 1  0 1  0 0
   172   29.94638223094621       4   1 0  0 2  0 1  0 0
   173   31.40629128245087       4   0 1  0 2  0 1  0 0
   174  -.2660399003197578E-01   4   0 0  1 2  0 1  0 0
   175  -.1268937172742659E-01   4   0 0  0 3  0 1  0 0
   176   14.93654635639965       4   3 0  0 0  0 0  1 0
   177   68.96651904539817       4   2 1  0 0  0 0  1 0
   178   92.89558984385427       4   1 2  0 0  0 0  1 0
   179   37.04974358958900       4   0 3  0 0  0 0  1 0
   180  -.6071269564883915E-02   4   2 0  1 0  0 0  1 0
   181  0.4350966474304412E-01   4   1 1  1 0  0 0  1 0
   182  0.4422761887278644E-01   4   0 2  1 0  0 0  1 0
   183   6.193051925771583       4   1 0  2 0  0 0  1 0
   184   11.90420817092587       4   0 1  2 0  0 0  1 0
   185  0.1226059692026737E-02   4   0 0  3 0  0 0  1 0
   186  0.2131375820230153E-01   4   2 0  0 1  0 0  1 0
   187  0.9028529858993070E-01   4   1 1  0 1  0 0  1 0
   188  0.6461592757538011E-01   4   0 2  0 1  0 0  1 0
   189   37.75412901827714       4   1 0  1 1  0 0  1 0
   190   47.85651198960310       4   0 1  1 1  0 0  1 0
   191  -.1304631031399193E-01   4   0 0  2 1  0 0  1 0
   192   29.90608180106388       4   1 0  0 2  0 0  1 0
   193   31.36402617577015       4   0 1  0 2  0 0  1 0
   194  -.2656818763599338E-01   4   0 0  1 2  0 0  1 0
   195  -.1267229496898520E-01   4   0 0  0 3  0 0  1 0
   196  -48.23266251678860       4   3 0  0 0  0 0  0 1
   197  -138.0616805352087       4   2 1  0 0  0 0  0 1
   198  -133.2740011792569       4   1 2  0 0  0 0  0 1
   199  -41.57660187723354       4   0 3  0 0  0 0  0 1
   200  -.3272315486855340E-03   4   2 0  1 0  0 0  0 1
   201  -.4527736543519788E-03   4   1 1  1 0  0 0  0 1
   202  -.1263020416444688E-03   4   0 2  1 0  0 0  0 1
   203  -32.92760800831495       4   1 0  2 0  0 0  0 1
   204  -23.80359999052705       4   0 1  2 0  0 0  0 1
   205  -.9599881579891943E-03   4   0 0  3 0  0 0  0 1
   206  0.6092455503798750E-04   4   2 0  0 1  0 0  0 1
   207  0.3769634497970451E-04   4   1 1  0 1  0 0  0 1
   208  0.5277320863723151E-04   4   0 2  0 1  0 0  0 1
   209  -75.51356285621330       4   1 0  1 1  0 0  0 1
   210  -59.32850696951790       4   0 1  1 1  0 0  0 1
   211  -.2936607603375622E-02   4   0 0  2 1  0 0  0 1
   212  -38.62594452860706       4   1 0  0 2  0 0  0 1
   213  -29.97988648577539       4   0 1  0 2  0 0  0 1
   214  -.2942440753632316E-02   4   0 0  1 2  0 0  0 1
   215  -.9139689992112626E-03   4   0 0  0 3  0 0  0 1
   216  -.1411945381335111       4   2 0  0 0  0 2  0 0
   217  -1.042975544003872       4   1 1  0 0  0 2  0 0
   218  -1.030319241515417       4   0 2  0 0  0 2  0 0
   219  -.8790772465762937E-03   4   1 0  1 0  0 2  0 0
   220  0.8697089202360124E-03   4   0 1  1 0  0 2  0 0
   221  -.1220708293074681E-01   4   0 0  2 0  0 2  0 0
   222  0.1372299551075362E-02   4   1 0  0 1  0 2  0 0
   223  0.3370412318403114E-02   4   0 1  0 1  0 2  0 0
   224  0.3377496987102655       4   0 0  1 1  0 2  0 0
   225  0.4399165825182291       4   0 0  0 2  0 2  0 0
   226  -.1098223747859409       4   2 0  0 0  0 1  1 0
   227  -.9294431713747467       4   1 1  0 0  0 1  1 0
   228  -1.143052284300991       4   0 2  0 0  0 1  1 0
   229  -.1052385689816861E-02   4   1 0  1 0  0 1  1 0
   230  0.9213400591728422E-03   4   0 1  1 0  0 1  1 0
   231  -.2393178312306318E-02   4   0 0  2 0  0 1  1 0
   232  0.1454721535055162E-02   4   1 0  0 1  0 1  1 0
   233  0.4467567165957988E-02   4   0 1  0 1  0 1  1 0
   234  0.2051230635866010       4   0 0  1 1  0 1  1 0
   235  0.4256761678793288       4   0 0  0 2  0 1  1 0
   236  -.1409306282902329       4   2 0  0 0  0 0  2 0
   237  -1.040946556262026       4   1 1  0 0  0 0  2 0
   238  -1.028163553490434       4   0 2  0 0  0 0  2 0
   239  -.8771861003152568E-03   4   1 0  1 0  0 0  2 0
   240  0.8679185589439314E-03   4   0 1  1 0  0 0  2 0
   241  -.1218904490054609E-01   4   0 0  2 0  0 0  2 0
   242  0.1369473927172151E-02   4   1 0  0 1  0 0  2 0
   243  0.3362870455675636E-02   4   0 1  0 1  0 0  2 0
   244  0.3371571486074023       4   0 0  1 1  0 0  2 0
   245  0.4390381360513714       4   0 0  0 2  0 0  2 0
   246  0.3963410853415255       4   2 0  0 0  0 1  0 1
   247   1.863543537143924       4   1 1  0 0  0 1  0 1
   248   1.368763307670669       4   0 2  0 0  0 1  0 1
   249  0.1413281691786169E-02   4   1 0  1 0  0 1  0 1
   250  -.1392892872836205E-02   4   0 1  1 0  0 1  0 1
   251  0.2633859849278847E-01   4   0 0  2 0  0 1  0 1
   252  -.1952896648423777E-02   4   1 0  0 1  0 1  0 1
   253  -.3996252615947924E-02   4   0 1  0 1  0 1  0 1
   254  -.4087556670644431       4   0 0  1 1  0 1  0 1
   255  -.3964620055815705       4   0 0  0 2  0 1  0 1
   256  0.3958077081877730       4   2 0  0 0  0 0  1 1
   257   1.861035668077384       4   1 1  0 0  0 0  1 1
   258   1.366921290518777       4   0 2  0 0  0 0  1 1
   259  0.1411379763891022E-02   4   1 0  1 0  0 0  1 1
   260  -.1391018383252708E-02   4   0 1  1 0  0 0  1 1
   261  0.2630315324823116E-01   4   0 0  2 0  0 0  1 1
   262  -.1950268532151159E-02   4   1 0  0 1  0 0  1 1
   263  -.3990874647514243E-02   4   0 1  0 1  0 0  1 1
   264  -.4082055829516958       4   0 0  1 1  0 0  1 1
   265  -.3959284656990659       4   0 0  0 2  0 0  1 1
   266  -.4002027079108233       4   2 0  0 0  0 0  0 2
   267  -.7090034395540235       4   1 1  0 0  0 0  0 2
   268  -.3138751364501516       4   0 2  0 0  0 0  0 2
   269  -.1740096783203903E-04   4   1 0  1 0  0 0  0 2
   270  -.7357109149334388E-04   4   0 1  1 0  0 0  0 2
   271  -.2585181725544089E-01   4   0 0  2 0  0 0  0 2
   272  -.1581664806810561E-04   4   1 0  0 1  0 0  0 2
   273  -.6044511275540143E-04   4   0 1  0 1  0 0  0 2
   274  -.6246192432029218E-01   4   0 0  1 1  0 0  0 2
   275  -.3430134775527875E-01   4   0 0  0 2  0 0  0 2
   276  -.1528561593125627       4   1 0  0 0  0 3  0 0
   277  -1.244547523693730       4   0 1  0 0  0 3  0 0
   278  -.5222658207182038E-05   4   0 0  1 0  0 3  0 0
   279  -.4135932130513196E-04   4   0 0  0 1  0 3  0 0
   280  -.1005715612851995       4   1 0  0 0  0 2  1 0
   281  -.9160161671354600       4   0 1  0 0  0 2  1 0
   282  -.2686455909748435E-05   4   0 0  1 0  0 2  1 0
   283  -.2895124719384805E-04   4   0 0  0 1  0 2  1 0
   284  -.1006766892617005       4   1 0  0 0  0 1  2 0
   285  -.9166759692520522       4   0 1  0 0  0 1  2 0
   286  -.2691561374286688E-05   4   0 0  1 0  0 1  2 0
   287  -.2897618214015053E-04   4   0 0  0 1  0 1  2 0
   288  -.1524800184122245       4   1 0  0 0  0 0  3 0
   289  -1.241419708886720       4   0 1  0 0  0 0  3 0
   290  -.5210310382402916E-05   4   0 0  1 0  0 0  3 0
   291  -.4125637782147570E-04   4   0 0  0 1  0 0  3 0
   292  0.3800798316676824       4   1 0  0 0  0 2  0 1
   293   1.831796453158197       4   0 1  0 0  0 2  0 1
   294  0.7527849510548599E-05   4   0 0  1 0  0 2  0 1
   295  0.5358480148185116E-04   4   0 0  0 1  0 2  0 1
   296  0.2757875812360600       4   1 0  0 0  0 1  1 1
   297   1.512719537954391       4   0 1  0 0  0 1  1 1
   298  0.4728722427270542E-05   4   0 0  1 0  0 1  1 1
   299  0.4190131111420496E-04   4   0 0  0 1  0 1  1 1
   300  0.3793827671780547       4   1 0  0 0  0 0  2 1
   301   1.828313434490019       4   0 1  0 0  0 0  2 1
   302  0.7514537039559419E-05   4   0 0  1 0  0 0  2 1
   303  0.5348449517650227E-04   4   0 0  0 1  0 0  2 1
   304  -.2756093295606062       4   1 0  0 0  0 1  0 2
   305  -.4364089180158867       4   0 1  0 0  0 1  0 2
   306  -.2713312637389715E-05   4   0 0  1 0  0 1  0 2
   307  -.6293846052348678E-05   4   0 0  0 1  0 1  0 2
   308  -.2752384275139040       4   1 0  0 0  0 0  1 2
   309  -.4358216194612644       4   0 1  0 0  0 0  1 2
   310  -.2709661189116398E-05   4   0 0  1 0  0 0  1 2
   311  -.6285376090950233E-05   4   0 0  0 1  0 0  1 2
   312  0.2218239696327579E-01   4   1 0  0 0  0 0  0 3
   313  0.1804861747873873E-01   4   0 1  0 0  0 0  0 3
   314  0.1388507185671119E-05   4   0 0  1 0  0 0  0 3
   315  0.1136937068830949E-05   4   0 0  0 1  0 0  0 3
   316  -.4290802763088236E-04   4   0 0  0 0  0 4  0 0
   317  -.2797852258477858E-04   4   0 0  0 0  0 3  1 0
   318  -.2600784057965386E-04   4   0 0  0 0  0 2  2 0
   319  -.2802117673182471E-04   4   0 0  0 0  0 1  3 0
   320  -.4277379036528924E-04   4   0 0  0 0  0 0  4 0
   321  0.5343595260278962E-04   4   0 0  0 0  0 3  0 1
   322  0.3858633127807059E-04   4   0 0  0 0  0 2  1 1
   323  0.3861616199604453E-04   4   0 0  0 0  0 1  2 1
   324  0.5330215639575302E-04   4   0 0  0 0  0 0  3 1
   325  -.5097343492099875E-05   4   0 0  0 0  0 2  0 2
   326  -.6182364887973135E-05   4   0 0  0 0  0 1  1 2
   327  -.5086323759807190E-05   4   0 0  0 0  0 0  2 2
   328  0.5642529172061292E-07   4   0 0  0 0  0 1  0 3
   329  0.5634935722224723E-07   4   0 0  0 0  0 0  1 3
   330  0.2588019846974577E-12   4   0 0  0 0  0 0  0 4
   ----------------------------------------------------
     I  COEFFICIENT            ORDER EXPONENTS
     1  0.2002879871497886E-04   0   0 0  0 0  0 0  0 0
     2  0.2098554598935511E-04   1   1 0  0 0  0 0  0 0
     3  0.1859527317062779E-04   1   0 1  0 0  0 0  0 0
     4  0.4108730608924673       1   0 0  1 0  0 0  0 0
     5  0.6171135532158245       1   0 0  0 1  0 0  0 0
     6  -.2307605096052027E-04   1   0 0  0 0  0 1  0 0
     7  -.2304499629867420E-04   1   0 0  0 0  0 0  1 0
     8  0.4612104725934993E-04   1   0 0  0 0  0 0  0 1
     9  0.6334350683223620E-03   2   2 0  0 0  0 0  0 0
    10  0.1233381906068429E-02   2   1 1  0 0  0 0  0 0
    11  0.6424637703089109E-03   2   0 2  0 0  0 0  0 0
    12  0.2512883225397702       2   1 0  1 0  0 0  0 0
    13  0.2233834159913682       2   0 1  1 0  0 0  0 0
    14  0.1351060498375791E-03   2   0 0  2 0  0 0  0 0
    15  0.2300951235644617       2   1 0  0 1  0 0  0 0
    16  0.2058891625449642       2   0 1  0 1  0 0  0 0
    17  0.2257924932154311E-03   2   0 0  1 1  0 0  0 0
    18  0.1451103931955060E-03   2   0 0  0 2  0 0  0 0
    19  -.1159177852486270E-04   2   1 0  0 0  0 1  0 0
    20  -.1965352708553332E-04   2   0 1  0 0  0 1  0 0
    21  0.2664547164885172       2   0 0  1 0  0 1  0 0
    22  -.6813991854609447E-01   2   0 0  0 1  0 1  0 0
    23  -.1157617885562550E-04   2   1 0  0 0  0 0  1 0
    24  -.1962707829502023E-04   2   0 1  0 0  0 0  1 0
    25  0.2660961342886425       2   0 0  1 0  0 0  1 0
    26  -.6804821905503841E-01   2   0 0  0 1  0 0  1 0
    27  0.2316792653740842E-04   2   1 0  0 0  0 0  0 1
    28  0.2068530192598639E-04   2   0 1  0 0  0 0  0 1
    29  -.5325508507994009       2   0 0  1 0  0 0  0 1
    30  -.4809254156372110       2   0 0  0 1  0 0  0 1
    31  0.1622859146579009E-04   2   0 0  0 0  0 2  0 0
    32  0.9399525386893190E-05   2   0 0  0 0  0 1  1 0
    33  0.1620042707308215E-04   2   0 0  0 0  0 0  2 0
    34  -.1878067151125773E-04   2   0 0  0 0  0 1  0 1
    35  -.1875539736864031E-04   2   0 0  0 0  0 0  1 1
    36  -.4292481628387509E-05   2   0 0  0 0  0 0  0 2
    37  -.5040186996377169E-02   3   3 0  0 0  0 0  0 0
    38  -.1361713172342461E-01   3   2 1  0 0  0 0  0 0
    39  -.1230711290379571E-01   3   1 2  0 0  0 0  0 0
    40  -.3711161839931321E-02   3   0 3  0 0  0 0  0 0
    41  -6.096262442377238       3   2 0  1 0  0 0  0 0
    42  -12.65149881319084       3   1 1  1 0  0 0  0 0
    43  -6.953769630655873       3   0 2  1 0  0 0  0 0
    44  0.9396819492943659E-02   3   1 0  2 0  0 0  0 0
    45  0.8269708386173630E-02   3   0 1  2 0  0 0  0 0
    46  -1.177156896928049       3   0 0  3 0  0 0  0 0
    47  -6.486415217392109       3   2 0  0 1  0 0  0 0
    48  -12.76395884194753       3   1 1  0 1  0 0  0 0
    49  -6.396147283457939       3   0 2  0 1  0 0  0 0
    50  0.1703880250154468E-01   3   1 0  1 1  0 0  0 0
    51  0.1509324649208738E-01   3   0 1  1 1  0 0  0 0
    52  -2.731212143604225       3   0 0  2 1  0 0  0 0
    53  0.7832491000836156E-02   3   1 0  0 2  0 0  0 0
    54  0.6994772036286036E-02   3   0 1  0 2  0 0  0 0
    55  -2.632933179167129       3   0 0  1 2  0 0  0 0
    56  -.7186602359691140       3   0 0  0 3  0 0  0 0
    57  -.6493789713776180E-03   3   2 0  0 0  0 1  0 0
    58  -.1902053750846622E-02   3   1 1  0 0  0 1  0 0
    59  -.1290263590129188E-02   3   0 2  0 0  0 1  0 0
    60  -.1110828380849719       3   1 0  1 0  0 1  0 0
    61  -.2095253257963909       3   0 1  1 0  0 1  0 0
    62  -.3307277051008612E-03   3   0 0  2 0  0 1  0 0
    63  -.2195126598778291       3   1 0  0 1  0 1  0 0
    64  -.2985421619498635       3   0 1  0 1  0 1  0 0
    65  -.5708545567565014E-03   3   0 0  1 1  0 1  0 0
    66  -.3089741500460318E-03   3   0 0  0 2  0 1  0 0
    67  -.6485050677621089E-03   3   2 0  0 0  0 0  1 0
    68  -.1899494056549421E-02   3   1 1  0 0  0 0  1 0
    69  -.1288527214197609E-02   3   0 2  0 0  0 0  1 0
    70  -.1109333480366300       3   1 0  1 0  0 0  1 0
    71  -.2092433564875208       3   0 1  1 0  0 0  1 0
    72  -.3302826273419942E-03   3   0 0  2 0  0 0  1 0
    73  -.2192172500854388       3   1 0  0 1  0 0  1 0
    74  -.2981403979781163       3   0 1  0 1  0 0  1 0
    75  -.5700863275974630E-03   3   0 0  1 1  0 0  1 0
    76  -.3085583471963475E-03   3   0 0  0 2  0 0  1 0
    77  0.1297318418493885E-02   3   2 0  0 0  0 0  0 1
    78  0.2566999914749829E-02   3   1 1  0 0  0 0  0 1
    79  0.1293259917794429E-02   3   0 2  0 0  0 0  0 1
    80  0.2220165509919234       3   1 0  1 0  0 0  0 1
    81  0.1953855598982501       3   0 1  1 0  0 0  0 1
    82  0.6612884204106302E-03   3   0 0  2 0  0 0  0 1
    83  0.2086350830967447       3   1 0  0 1  0 0  0 1
    84  0.1849044728241370       3   0 1  0 1  0 0  0 1
    85  0.9157241912474009E-03   3   0 0  1 1  0 0  0 1
    86  0.3276110999236395E-03   3   0 0  0 2  0 0  0 1
    87  0.9262743236605795E-05   3   1 0  0 0  0 2  0 0
    88  0.2042369494372435E-04   3   0 1  0 0  0 2  0 0
    89  -.1861623701493940       3   0 0  1 0  0 2  0 0
    90  -.5785662899773034E-01   3   0 0  0 1  0 2  0 0
    91  0.6994906155913020E-05   3   1 0  0 0  0 1  1 0
    92  0.2126504401019183E-04   3   0 1  0 0  0 1  1 0
    93  -.1060857346371137       3   0 0  1 0  0 1  1 0
    94  -.1835142484418190       3   0 0  0 1  0 1  1 0
    95  0.9245571165773034E-05   3   1 0  0 0  0 0  2 0
    96  0.2038190095059690E-04   3   0 1  0 0  0 0  2 0
    97  -.1858404590141622       3   0 0  1 0  0 0  2 0
    98  -.5765528585970069E-01   3   0 0  0 1  0 0  2 0
    99  -.1405066756829278E-04   3   1 0  0 0  0 1  0 1
   100  -.2298263476108575E-04   3   0 1  0 0  0 1  0 1
   101  0.2119560033386588       3   0 0  1 0  0 1  0 1
   102  0.4355075254334611       3   0 0  0 1  0 1  0 1
   103  -.1403175884206443E-04   3   1 0  0 0  0 0  1 1
   104  -.2295170581435835E-04   3   0 1  0 0  0 0  1 1
   105  0.2116707629385065       3   0 0  1 0  0 0  1 1
   106  0.4349214399304918       3   0 0  0 1  0 0  1 1
   107  0.2539890124892633E-05   3   1 0  0 0  0 0  0 2
   108  0.2393070005812764E-05   3   0 1  0 0  0 0  0 2
   109  0.5446197502015425E-01   3   0 0  1 0  0 0  0 2
   110  0.4571085186805152E-01   3   0 0  0 1  0 0  0 2
   111  -.1282704379259569E-04   3   0 0  0 0  0 3  0 0
   112  -.6027683838569811E-05   3   0 0  0 0  0 2  1 0
   113  -.6041374380203403E-05   3   0 0  0 0  0 1  2 0
   114  -.1279710033350299E-04   3   0 0  0 0  0 0  3 0
   115  0.1205025983244606E-04   3   0 0  0 0  0 2  0 1
   116  0.5337645313353913E-05   3   0 0  0 0  0 1  1 1
   117  0.1203045158491857E-04   3   0 0  0 0  0 0  2 1
   118  0.4062093908878336E-05   3   0 0  0 0  0 1  0 2
   119  0.4056627334335610E-05   3   0 0  0 0  0 0  1 2
   120  0.1554935425152264E-06   3   0 0  0 0  0 0  0 3
   121  -.1244485669410833E-02   4   4 0  0 0  0 0  0 0
   122  -.3149377203326005E-02   4   3 1  0 0  0 0  0 0
   123  -.2071832843719055E-02   4   2 2  0 0  0 0  0 0
   124  0.9214088795700386E-03   4   1 3  0 0  0 0  0 0
   125  0.1086084678131179E-02   4   0 4  0 0  0 0  0 0
   126   59.07283084898271       4   3 0  1 0  0 0  0 0
   127   161.0919156353053       4   2 1  1 0  0 0  0 0
   128   147.2173484641838       4   1 2  1 0  0 0  0 0
   129   45.18510256296212       4   0 3  1 0  0 0  0 0
   130  0.1507021856414189E-01   4   2 0  2 0  0 0  0 0
   131  0.2966846309731347E-01   4   1 1  2 0  0 0  0 0
   132  0.1531330430483768E-01   4   0 2  2 0  0 0  0 0
   133  -37.24999544754546       4   1 0  3 0  0 0  0 0
   134  -32.64742998210587       4   0 1  3 0  0 0  0 0
   135  0.5347857179211662E-03   4   0 0  4 0  0 0  0 0
   136   55.13416720193568       4   3 0  0 1  0 0  0 0
   137   151.2250143632829       4   2 1  0 1  0 0  0 0
   138   139.1029929551377       4   1 2  0 1  0 0  0 0
   139   42.99656527987815       4   0 3  0 1  0 0  0 0
   140  0.2371540055569753E-01   4   2 0  1 1  0 0  0 0
   141  0.4628812438589987E-01   4   1 1  1 1  0 0  0 0
   142  0.2354469056998695E-01   4   0 2  1 1  0 0  0 0
   143  -101.6625842651305       4   1 0  2 1  0 0  0 0
   144  -89.68576987209579       4   0 1  2 1  0 0  0 0
   145  0.1882632393500269E-03   4   0 0  3 1  0 0  0 0
   146  0.9694877832037077E-02   4   2 0  0 2  0 0  0 0
   147  0.1941102408592958E-01   4   1 1  0 2  0 0  0 0
   148  0.1005873353994666E-01   4   0 2  0 2  0 0  0 0
   149  -93.00795894593099       4   1 0  1 2  0 0  0 0
   150  -82.47987500834250       4   0 1  1 2  0 0  0 0
   151  -.1445675994809206E-02   4   0 0  2 2  0 0  0 0
   152  -28.40608846950910       4   1 0  0 3  0 0  0 0
   153  -25.28777119767785       4   0 1  0 3  0 0  0 0
   154  -.1605559093632024E-02   4   0 0  1 3  0 0  0 0
   155  -.4497670858071450E-03   4   0 0  0 4  0 0  0 0
   156  0.5325906902205566E-03   4   3 0  0 0  0 1  0 0
   157  0.7282044831078515E-02   4   2 1  0 0  0 1  0 0
   158  0.1177158716861487E-01   4   1 2  0 0  0 1  0 0
   159  0.5078970178681507E-02   4   0 3  0 0  0 1  0 0
   160   7.111953147236687       4   2 0  1 0  0 1  0 0
   161   20.65188310169424       4   1 1  1 0  0 1  0 0
   162   14.27008361007640       4   0 2  1 0  0 1  0 0
   163  -.6794409152599151E-03   4   1 0  2 0  0 1  0 0
   164  -.4324041239729603E-02   4   0 1  2 0  0 1  0 0
   165   1.576099908059139       4   0 0  3 0  0 1  0 0
   166   10.00352187668943       4   2 0  0 1  0 1  0 0
   167   26.18241098625749       4   1 1  0 1  0 1  0 0
   168   16.48991812091102       4   0 2  0 1  0 1  0 0
   169  -.8585001039688345E-02   4   1 0  1 1  0 1  0 0
   170  -.1430645364245515E-01   4   0 1  1 1  0 1  0 0
   171   4.712750709123465       4   0 0  2 1  0 1  0 0
   172  -.7323194229718005E-02   4   1 0  0 2  0 1  0 0
   173  -.9613346543990618E-02   4   0 1  0 2  0 1  0 0
   174   5.038578627835542       4   0 0  1 2  0 1  0 0
   175   1.809333275431297       4   0 0  0 3  0 1  0 0
   176  0.5318739547697810E-03   4   3 0  0 0  0 0  1 0
   177  0.7272244998335719E-02   4   2 1  0 0  0 0  1 0
   178  0.1175574552137902E-01   4   1 2  0 0  0 0  1 0
   179  0.5072135139978605E-02   4   0 3  0 0  0 0  1 0
   180   7.102382215865878       4   2 0  1 0  0 0  1 0
   181   20.62409077070551       4   1 1  1 0  0 0  1 0
   182   14.25087960407971       4   0 2  1 0  0 0  1 0
   183  -.6785265556970986E-03   4   1 0  2 0  0 0  1 0
   184  -.4318222148814180E-02   4   0 1  2 0  0 0  1 0
   185   1.573978867081892       4   0 0  3 0  0 0  1 0
   186   9.990059608397440       4   2 0  0 1  0 0  1 0
   187   26.14717593148647       4   1 1  0 1  0 0  1 0
   188   16.46772676624684       4   0 2  0 1  0 0  1 0
   189  -.8573447749886214E-02   4   1 0  1 1  0 0  1 0
   190  -.1428720069138294E-01   4   0 1  1 1  0 0  1 0
   191   4.706408511323386       4   0 0  2 1  0 0  1 0
   192  -.7313339020053837E-02   4   1 0  0 2  0 0  1 0
   193  -.9600409355273044E-02   4   0 1  0 2  0 0  1 0
   194   5.031797946178193       4   0 0  1 2  0 0  1 0
   195   1.806898359980146       4   0 0  0 3  0 0  1 0
   196  0.4596293116310729E-03   4   3 0  0 0  0 0  0 1
   197  0.1537493776989935E-02   4   2 1  0 0  0 0  0 1
   198  0.1677927458183782E-02   4   1 2  0 0  0 0  0 1
   199  0.6112966082439390E-03   4   0 3  0 0  0 0  0 1
   200  -14.20910781392728       4   2 0  1 0  0 0  0 1
   201  -28.61380297926858       4   1 1  1 0  0 0  0 1
   202  -14.60794851883092       4   0 2  1 0  0 0  0 1
   203  -.1055851010885793E-02   4   1 0  2 0  0 0  0 1
   204  -.9893270363944100E-03   4   0 1  2 0  0 0  0 1
   205  -3.150991390042964       4   0 0  3 0  0 0  0 1
   206  -13.50152156315338       4   2 0  0 1  0 0  0 1
   207  -26.79005352016527       4   1 1  0 1  0 0  0 1
   208  -13.76320162653583       4   0 2  0 1  0 0  0 1
   209  -.2193889189372502E-02   4   1 0  1 1  0 0  0 1
   210  -.2062232288394151E-02   4   0 1  1 1  0 0  0 1
   211  -6.690754877461720       4   0 0  2 1  0 0  0 1
   212  -.1060352847472057E-02   4   1 0  0 2  0 0  0 1
   213  -.9892813918792051E-03   4   0 1  0 2  0 0  0 1
   214  -4.807411832811783       4   0 0  1 2  0 0  0 1
   215  -1.461255527513426       4   0 0  0 3  0 0  0 1
   216  0.1834434795178809E-03   4   2 0  0 0  0 2  0 0
   217  0.1384429158830824E-02   4   1 1  0 0  0 2  0 0
   218  0.1364007946134310E-02   4   0 2  0 0  0 2  0 0
   219  0.7604100409732380E-01   4   1 0  1 0  0 2  0 0
   220  0.1996005997444867       4   0 1  1 0  0 2  0 0
   221  0.3183235397219699E-03   4   0 0  2 0  0 2  0 0
   222  0.2116656692730944       4   1 0  0 1  0 2  0 0
   223  0.3633077776029703       4   0 1  0 1  0 2  0 0
   224  0.6664805881696195E-03   4   0 0  1 1  0 2  0 0
   225  0.3756909206601881E-03   4   0 0  0 2  0 2  0 0
   226  0.2370746006886057E-03   4   2 0  0 0  0 1  1 0
   227  0.1924379049651433E-02   4   1 1  0 0  0 1  1 0
   228  0.1998989342757120E-02   4   0 2  0 0  0 1  1 0
   229  0.4053275812584664E-01   4   1 0  1 0  0 1  1 0
   230  0.1888217898693600       4   0 1  1 0  0 1  1 0
   231  0.3946996928106845E-03   4   0 0  2 0  0 1  1 0
   232  0.2032808629613660       4   1 0  0 1  0 1  1 0
   233  0.4271277765270338       4   0 1  0 1  0 1  1 0
   234  0.1025404472018120E-02   4   0 0  1 1  0 1  1 0
   235  0.6053906299664948E-03   4   0 0  0 2  0 1  1 0
   236  0.1830370880162056E-03   4   2 0  0 0  0 0  2 0
   237  0.1381271189998717E-02   4   1 1  0 0  0 0  2 0
   238  0.1360827255699685E-02   4   0 2  0 0  0 0  2 0
   239  0.7591139815987627E-01   4   1 0  1 0  0 0  2 0
   240  0.1992049329312291       4   0 1  1 0  0 0  2 0
   241  0.3176295707817687E-03   4   0 0  2 0  0 0  2 0
   242  0.2112440366883048       4   1 0  0 1  0 0  2 0
   243  0.3625314509020668       4   0 1  0 1  0 0  2 0
   244  0.6648936994977887E-03   4   0 0  1 1  0 0  2 0
   245  0.3747779804355955E-03   4   0 0  0 2  0 0  2 0
   246  -.5640828993561802E-03   4   2 0  0 0  0 1  0 1
   247  -.2285964545898008E-02   4   1 1  0 0  0 1  0 1
   248  -.1707063085564277E-02   4   0 2  0 0  0 1  0 1
   249  -.8046673119023648E-01   4   1 0  1 0  0 1  0 1
   250  -.1668518111479638       4   0 1  1 0  0 1  0 1
   251  -.7614236874183803E-03   4   0 0  2 0  0 1  0 1
   252  -.1863815362430760       4   1 0  0 1  0 1  0 1
   253  -.2562547353563618       4   0 1  0 1  0 1  0 1
   254  -.1651473071994156E-02   4   0 0  1 1  0 1  0 1
   255  -.7393302917700528E-03   4   0 0  0 2  0 1  0 1
   256  -.5633237831745329E-03   4   2 0  0 0  0 0  1 1
   257  -.2282888202545915E-02   4   1 1  0 0  0 0  1 1
   258  -.1704765800514821E-02   4   0 2  0 0  0 0  1 1
   259  -.8035844285566644E-01   4   1 0  1 0  0 0  1 1
   260  -.1666272698439745       4   0 1  1 0  0 0  1 1
   261  -.7603989993045083E-03   4   0 0  2 0  0 0  1 1
   262  -.1861307127554577       4   1 0  0 1  0 0  1 1
   263  -.2559098798103865       4   0 1  0 1  0 0  1 1
   264  -.1649250597365096E-02   4   0 0  1 1  0 0  1 1
   265  -.7383353359068184E-03   4   0 0  0 2  0 0  1 1
   266  0.3233425357705631E-03   4   2 0  0 0  0 0  0 2
   267  0.6557976320416593E-03   4   1 1  0 0  0 0  0 2
   268  0.3271188311525463E-03   4   0 2  0 0  0 0  0 2
   269  -.3137509162642360E-01   4   1 0  1 0  0 0  0 2
   270  -.2967370905045348E-01   4   0 1  1 0  0 0  0 2
   271  0.4687712798984374E-03   4   0 0  2 0  0 0  0 2
   272  -.2320663155988643E-01   4   1 0  0 1  0 0  0 2
   273  -.2238405859122145E-01   4   0 1  0 1  0 0  0 2
   274  0.8046816416818860E-03   4   0 0  1 1  0 0  0 2
   275  0.3349722364882208E-03   4   0 0  0 2  0 0  0 2
   276  -.1307132976053969E-04   4   1 0  0 0  0 3  0 0
   277  -.2654801451275493E-04   4   0 1  0 0  0 3  0 0
   278  0.1463057747276815       4   0 0  1 0  0 3  0 0
   279  0.1153009785655056       4   0 0  0 1  0 3  0 0
   280  -.9424795516345567E-05   4   1 0  0 0  0 2  1 0
   281  -.2677104729191494E-04   4   0 1  0 0  0 2  1 0
   282  0.6663917868229480E-01   4   0 0  1 0  0 2  1 0
   283  0.2301190143970173       4   0 0  0 1  0 2  1 0
   284  -.9432121007978362E-05   4   1 0  0 0  0 1  2 0
   285  -.2677052495163491E-04   4   0 1  0 0  0 1  2 0
   286  0.6679959855711283E-01   4   0 0  1 0  0 1  2 0
   287  0.2298869261209713       4   0 0  0 1  0 1  2 0
   288  -.1303861041870305E-04   4   1 0  0 0  0 0  3 0
   289  -.2647643457986373E-04   4   0 1  0 0  0 0  3 0
   290  0.1459656581916885       4   0 0  1 0  0 0  3 0
   291  0.1149135954878938       4   0 0  0 1  0 0  3 0
   292  0.1653289026224661E-04   4   1 0  0 0  0 2  0 1
   293  0.2960623334401417E-04   4   0 1  0 0  0 2  0 1
   294  -.1332217233976249       4   0 0  1 0  0 2  0 1
   295  -.4024389605639401       4   0 0  0 1  0 2  0 1
   296  0.1320501616242682E-04   4   1 0  0 0  0 1  1 1
   297  0.3036363073130127E-04   4   0 1  0 0  0 1  1 1
   298  -.5469669271298587E-01   4   0 0  1 0  0 1  1 1
   299  -.3694558459686106       4   0 0  0 1  0 1  1 1
   300  0.1650175573354785E-04   4   1 0  0 0  0 0  2 1
   301  0.2954595969889930E-04   4   0 1  0 0  0 0  2 1
   302  -.1330056357651554       4   0 0  1 0  0 0  2 1
   303  -.4016487790442781       4   0 0  0 1  0 0  2 1
   304  -.1518555512666397E-05   4   1 0  0 0  0 1  0 2
   305  -.2357803831443729E-05   4   0 1  0 0  0 1  0 2
   306  -.5138946904850832E-01   4   0 0  1 0  0 1  0 2
   307  -.6609918841948359E-01   4   0 0  0 1  0 1  0 2
   308  -.1516511912224532E-05   4   1 0  0 0  0 0  1 2
   309  -.2354630810166865E-05   4   0 1  0 0  0 0  1 2
   310  -.5132031152296454E-01   4   0 0  1 0  0 0  1 2
   311  -.6601023524685537E-01   4   0 0  0 1  0 0  1 2
   312  0.1536153094259910E-06   4   1 0  0 0  0 0  0 3
   313  0.1239838885316499E-06   4   0 1  0 0  0 0  0 3
   314  -.2072292815200181E-02   4   0 0  1 0  0 0  0 3
   315  -.1675203658883870E-02   4   0 0  0 1  0 0  0 3
   316  0.9966052680003747E-05   4   0 0  0 0  0 4  0 0
   317  0.3391198531250873E-05   4   0 0  0 0  0 3  1 0
   318  0.2537388691692049E-05   4   0 0  0 0  0 2  2 0
   319  0.3410004637125155E-05   4   0 0  0 0  0 1  3 0
   320  0.9936960391740267E-05   4   0 0  0 0  0 0  4 0
   321  -.9205407054326912E-06   4   0 0  0 0  0 3  0 1
   322  0.2500502948698985E-05   4   0 0  0 0  0 2  1 1
   323  0.2493599630435664E-05   4   0 0  0 0  0 1  2 1
   324  -.9203627413507245E-06   4   0 0  0 0  0 0  3 1
   325  -.1480529439442287E-05   4   0 0  0 0  0 2  0 2
   326  -.1691268628324411E-05   4   0 0  0 0  0 1  1 2
   327  -.1477398997890988E-05   4   0 0  0 0  0 0  2 2
   328  -.6546430844916597E-07   4   0 0  0 0  0 1  0 3
   329  -.6537620966808106E-07   4   0 0  0 0  0 0  1 3
   330  -.1284425000434077E-12   4   0 0  0 0  0 0  0 4
   ----------------------------------------------------
     I  COEFFICIENT            ORDER EXPONENTS
     1  0.2300587710694018E-03   0   0 0  0 0  0 0  0 0
     2  0.9668890073148229E-04   1   1 0  0 0  0 0  0 0
     3  0.8961627913454692E-04   1   0 1  0 0  0 0  0 0
     4  -2.536305041353412       1   0 0  1 0  0 0  0 0
     5  -1.375578664469045       1   0 0  0 1  0 0  0 0
     6  0.1536873397676034E-04   1   0 0  0 0  0 1  0 0
     7  0.1534805145887772E-04   1   0 0  0 0  0 0  1 0
     8  0.1993419856321579E-03   1   0 0  0 0  0 0  0 1
     9  0.2076827639480055E-02   2   2 0  0 0  0 0  0 0
    10  0.3777671771318645E-02   2   1 1  0 0  0 0  0 0
    11  0.1793082515104817E-02   2   0 2  0 0  0 0  0 0
    12   1.064493673269801       2   1 0  1 0  0 0  0 0
    13  0.9731324331884580       2   0 1  1 0  0 0  0 0
    14  0.9662041497295573E-03   2   0 0  2 0  0 0  0 0
    15   1.019752692773843       2   1 0  0 1  0 0  0 0
    16  0.9385306542341514       2   0 1  0 1  0 0  0 0
    17  0.2409471262628483E-02   2   0 0  1 1  0 0  0 0
    18  0.1289909683894729E-02   2   0 0  0 2  0 0  0 0
    19  -.8413292929974609E-05   2   1 0  0 0  0 1  0 0
    20  -.5289845056685397E-04   2   0 1  0 0  0 1  0 0
    21  -.1910947055972742       2   0 0  1 0  0 1  0 0
    22   1.025683963199068       2   0 0  0 1  0 1  0 0
    23  -.8401970716854164E-05   2   1 0  0 0  0 0  1 0
    24  -.5282726232509866E-04   2   0 1  0 0  0 0  1 0
    25  -.1908375393484627       2   0 0  1 0  0 0  1 0
    26   1.024303646060205       2   0 0  0 1  0 0  1 0
    27  0.1135039232281689E-03   2   1 0  0 0  0 0  0 1
    28  0.1057254766544501E-03   2   0 1  0 0  0 0  0 1
    29  -2.154372796512751       2   0 0  1 0  0 0  0 1
    30  -2.049987609372590       2   0 0  0 1  0 0  0 1
    31  -.1116712223318728E-04   2   0 0  0 0  0 2  0 0
    32  -.6976770603885752E-05   2   0 0  0 0  0 1  1 0
    33  -.1114739954183211E-04   2   0 0  0 0  0 0  2 0
    34  0.2931095659153512E-04   2   0 0  0 0  0 1  0 1
    35  0.2927151128753166E-04   2   0 0  0 0  0 0  1 1
    36  -.2929121325786836E-04   2   0 0  0 0  0 0  0 2
    37  -.2530527136698581E-01   3   3 0  0 0  0 0  0 0
    38  -.7104155684197201E-01   3   2 1  0 0  0 0  0 0
    39  -.6671590872276267E-01   3   1 2  0 0  0 0  0 0
    40  -.2090906535616352E-01   3   0 3  0 0  0 0  0 0
    41  -32.76761608995182       3   2 0  1 0  0 0  0 0
    42  -62.80357348391125       3   1 1  1 0  0 0  0 0
    43  -30.87686349675793       3   0 2  1 0  0 0  0 0
    44  0.3817085804516388E-01   3   1 0  2 0  0 0  0 0
    45  0.3444562817862013E-01   3   0 1  2 0  0 0  0 0
    46  -4.002536722178198       3   0 0  3 0  0 0  0 0
    47  -29.61259517679884       3   2 0  0 1  0 0  0 0
    48  -57.94327418772578       3   1 1  0 1  0 0  0 0
    49  -30.19594682726587       3   0 2  0 1  0 0  0 0
    50  0.7199441003920469E-01   3   1 0  1 1  0 0  0 0
    51  0.6531997214562704E-01   3   0 1  1 1  0 0  0 0
    52  -13.01481131274356       3   0 0  2 1  0 0  0 0
    53  0.3433979208299927E-01   3   1 0  0 2  0 0  0 0
    54  0.3137557224518654E-01   3   0 1  0 2  0 0  0 0
    55  -12.45418368698551       3   0 0  1 2  0 0  0 0
    56  -4.742116298844323       3   0 0  0 3  0 0  0 0
    57  -.1230980358016058E-02   3   2 0  0 0  0 1  0 0
    58  -.4230321293967339E-02   3   1 1  0 0  0 1  0 0
    59  -.2881361118413211E-02   3   0 2  0 0  0 1  0 0
    60  0.1045573051145313       3   1 0  1 0  0 1  0 0
    61  -.3864240567783342       3   0 1  1 0  0 1  0 0
    62  0.3497047401276550E-04   3   0 0  2 0  0 1  0 0
    63  -.4319912898858609       3   1 0  0 1  0 1  0 0
    64  -.8624139724440998       3   0 1  0 1  0 1  0 0
    65  -.1244108808873052E-02   3   0 0  1 1  0 1  0 0
    66  -.1365424899938792E-02   3   0 0  0 2  0 1  0 0
    67  -.1229323762664331E-02   3   2 0  0 0  0 0  1 0
    68  -.4224628326938047E-02   3   1 1  0 0  0 0  1 0
    69  -.2877483518413897E-02   3   0 2  0 0  0 0  1 0
    70  0.1044165968209231       3   1 0  1 0  0 0  1 0
    71  -.3859040254942575       3   0 1  1 0  0 0  1 0
    72  0.3492341239694153E-04   3   0 0  2 0  0 0  1 0
    73  -.4314099363669772       3   1 0  0 1  0 0  1 0
    74  -.8612533763641479       3   0 1  0 1  0 0  1 0
    75  -.1242434545870890E-02   3   0 0  1 1  0 0  1 0
    76  -.1363587375458703E-02   3   0 0  0 2  0 0  1 0
    77  0.4534357340152004E-02   3   2 0  0 0  0 0  0 1
    78  0.8449023948250971E-02   3   1 1  0 0  0 0  0 1
    79  0.3962593318676997E-02   3   0 2  0 0  0 0  0 1
    80  0.8555236413306107       3   1 0  1 0  0 0  0 1
    81  0.7723314059258056       3   0 1  1 0  0 0  0 1
    82  0.8976420416566644E-03   3   0 0  2 0  0 0  0 1
    83  0.8634046670622444       3   1 0  0 1  0 0  0 1
    84  0.7851396603426331       3   0 1  0 1  0 0  0 1
    85  0.2489444434787485E-02   3   0 0  1 1  0 0  0 1
    86  0.1440704520140986E-02   3   0 0  0 2  0 0  0 1
    87  0.6624534715329177E-05   3   1 0  0 0  0 2  0 0
    88  0.4380563295379249E-04   3   0 1  0 0  0 2  0 0
    89  0.1386006374221502       3   0 0  1 0  0 2  0 0
    90  -.6914146987410433       3   0 0  0 1  0 2  0 0
    91  0.5161941805868953E-05   3   1 0  0 0  0 1  1 0
    92  0.3512307079396034E-04   3   0 1  0 0  0 1  1 0
    93  0.8624733795274490E-01   3   0 0  1 0  0 1  1 0
    94  -.3580434901850934       3   0 0  0 1  0 1  1 0
    95  0.6612146379710439E-05   3   1 0  0 0  0 0  2 0
    96  0.4372304791080477E-04   3   0 1  0 0  0 0  2 0
    97  0.1383560814149694       3   0 0  1 0  0 0  2 0
    98  -.6902433063971809       3   0 0  0 1  0 0  2 0
    99  -.1896895213244279E-04   3   1 0  0 0  0 1  0 1
   100  -.7063391013465915E-04   3   0 1  0 0  0 1  0 1
   101  -.3634482392534221       3   0 0  1 0  0 1  0 1
   102  0.7151894953942366       3   0 0  0 1  0 1  0 1
   103  -.1894342461063889E-04   3   1 0  0 0  0 0  1 1
   104  -.7053885434726093E-04   3   0 1  0 0  0 0  1 1
   105  -.3629591277417557       3   0 0  1 0  0 0  1 1
   106  0.7142270270770491       3   0 0  0 1  0 0  1 1
   107  0.1941100646350980E-04   3   1 0  0 0  0 0  0 2
   108  0.1822436523400090E-04   3   0 1  0 0  0 0  0 2
   109  0.3632035199596549       3   0 0  1 0  0 0  0 2
   110  0.3102853142593952       3   0 0  0 1  0 0  0 2
   111  0.9070465118562959E-05   3   0 0  0 0  0 3  0 0
   112  0.4883449430650297E-05   3   0 0  0 0  0 2  1 0
   113  0.4891876822618799E-05   3   0 0  0 0  0 1  2 0
   114  0.9048873686934920E-05   3   0 0  0 0  0 0  3 0
   115  -.2093219695591192E-04   3   0 0  0 0  0 2  0 1
   116  -.1257739815976608E-04   3   0 0  0 0  0 1  1 1
   117  -.2089556435690342E-04   3   0 0  0 0  0 0  2 1
   118  0.1256720256638684E-04   3   0 0  0 0  0 1  0 2
   119  0.1255029021744472E-04   3   0 0  0 0  0 0  1 2
   120  0.1391779367566908E-05   3   0 0  0 0  0 0  0 3
   121  -.6904278092346528E-02   4   4 0  0 0  0 0  0 0
   122  -.2535502666273278E-01   4   3 1  0 0  0 0  0 0
   123  -.3551749097950781E-01   4   2 2  0 0  0 0  0 0
   124  -.2099529821949521E-01   4   1 3  0 0  0 0  0 0
   125  -.4112881584235313E-02   4   0 4  0 0  0 0  0 0
   126   274.2551510385696       4   3 0  1 0  0 0  0 0
   127   763.9152487882286       4   2 1  1 0  0 0  0 0
   128   712.0446392552927       4   1 2  1 0  0 0  0 0
   129   222.5336676915387       4   0 3  1 0  0 0  0 0
   130  0.5086973891834584E-01   4   2 0  2 0  0 0  0 0
   131  0.1005210581320110       4   1 1  2 0  0 0  0 0
   132  0.4896979146341004E-01   4   0 2  2 0  0 0  0 0
   133  -149.6030846172356       4   1 0  3 0  0 0  0 0
   134  -134.2237195482853       4   0 1  3 0  0 0  0 0
   135  -.8252277847791660E-02   4   0 0  4 0  0 0  0 0
   136   267.4364682417396       4   3 0  0 1  0 0  0 0
   137   750.0348707000637       4   2 1  0 1  0 0  0 0
   138   704.2368651832294       4   1 2  0 1  0 0  0 0
   139   221.7853494073716       4   0 3  0 1  0 0  0 0
   140  0.1086704654466999       4   2 0  1 1  0 0  0 0
   141  0.2153500192699391       4   1 1  1 1  0 0  0 0
   142  0.1068874510776087       4   0 2  1 1  0 0  0 0
   143  -418.8879934496448       4   1 0  2 1  0 0  0 0
   144  -378.8841407942281       4   0 1  2 1  0 0  0 0
   145  -.2805210919010552E-01   4   0 0  3 1  0 0  0 0
   146  0.5535997808458251E-01   4   2 0  0 2  0 0  0 0
   147  0.1113448113466523       4   1 1  0 2  0 0  0 0
   148  0.5679337048575572E-01   4   0 2  0 2  0 0  0 0
   149  -395.2701443098342       4   1 0  1 2  0 0  0 0
   150  -359.9412020808368       4   0 1  1 2  0 0  0 0
   151  -.3562913084880549E-01   4   0 0  2 2  0 0  0 0
   152  -125.2063840071597       4   1 0  0 3  0 0  0 0
   153  -114.6213510942496       4   0 1  0 3  0 0  0 0
   154  -.1926183199187377E-01   4   0 0  1 3  0 0  0 0
   155  -.3247773143520964E-02   4   0 0  0 4  0 0  0 0
   156  -.3331683826838060E-02   4   3 0  0 0  0 1  0 0
   157  0.2059804882542314E-01   4   2 1  0 0  0 1  0 0
   158  0.4724373451793942E-01   4   1 2  0 0  0 1  0 0
   159  0.2345458072038918E-01   4   0 3  0 0  0 1  0 0
   160   18.03167010705974       4   2 0  1 0  0 1  0 0
   161   64.83189284698921       4   1 1  1 0  0 1  0 0
   162   46.09007303171104       4   0 2  1 0  0 1  0 0
   163  0.5073758267414350E-02   4   1 0  2 0  0 1  0 0
   164  -.1039646811323342E-01   4   0 1  2 0  0 1  0 0
   165  0.2971386540541098E-01   4   0 0  3 0  0 1  0 0
   166   32.05143884504172       4   2 0  0 1  0 1  0 0
   167   90.49603932808249       4   1 1  0 1  0 1  0 0
   168   60.29946210344512       4   0 2  0 1  0 1  0 0
   169  -.2003219213344003E-01   4   1 0  1 1  0 1  0 0
   170  -.4602399106406327E-01   4   0 1  1 1  0 1  0 0
   171   7.401674761873776       4   0 0  2 1  0 1  0 0
   172  -.2336801957529387E-01   4   1 0  0 2  0 1  0 0
   173  -.3449287134771702E-01   4   0 1  0 2  0 1  0 0
   174   14.08858307438836       4   0 0  1 2  0 1  0 0
   175   7.804738456353573       4   0 0  0 3  0 1  0 0
   176  -.3327200203760739E-02   4   3 0  0 0  0 0  1 0
   177  0.2057032894206626E-01   4   2 1  0 0  0 0  1 0
   178  0.4718015612654521E-01   4   1 2  0 0  0 0  1 0
   179  0.2342301665103176E-01   4   0 3  0 0  0 0  1 0
   180   18.00740393523282       4   2 0  1 0  0 0  1 0
   181   64.74464514101689       4   1 1  1 0  0 0  1 0
   182   46.02804718357484       4   0 2  1 0  0 0  1 0
   183  0.5066930242656013E-02   4   1 0  2 0  0 0  1 0
   184  -.1038247703641521E-01   4   0 1  2 0  0 0  1 0
   185  0.2967387788570590E-01   4   0 0  3 0  0 0  1 0
   186   32.00830552917605       4   2 0  0 1  0 0  1 0
   187   90.37425402328529       4   1 1  0 1  0 0  1 0
   188   60.21831392916150       4   0 2  0 1  0 0  1 0
   189  -.2000523375335134E-01   4   1 0  1 1  0 0  1 0
   190  -.4596205414592480E-01   4   0 1  1 1  0 0  1 0
   191   7.391713936808102       4   0 0  2 1  0 0  1 0
   192  -.2333657199584606E-01   4   1 0  0 2  0 0  1 0
   193  -.3444645246704999E-01   4   0 1  0 2  0 0  1 0
   194   14.06962332325878       4   0 0  1 2  0 0  1 0
   195   7.794235207163597       4   0 0  0 3  0 0  1 0
   196  0.1647356350635214E-02   4   3 0  0 0  0 0  0 1
   197  0.4639624199636117E-02   4   2 1  0 0  0 0  0 1
   198  0.4392806264781965E-02   4   1 2  0 0  0 0  0 1
   199  0.1454601765664551E-02   4   0 3  0 0  0 0  0 1
   200  -68.78364660966773       4   2 0  1 0  0 0  0 1
   201  -129.5275577547660       4   1 1  1 0  0 0  0 1
   202  -61.21514829264741       4   0 2  1 0  0 0  0 1
   203  -.5179064722677827E-02   4   1 0  2 0  0 0  0 1
   204  -.4699135234020406E-02   4   0 1  2 0  0 0  0 1
   205  -4.066114867412812       4   0 0  3 0  0 0  0 1
   206  -64.03255955503765       4   2 0  0 1  0 0  0 1
   207  -122.8690049545931       4   1 1  0 1  0 0  0 1
   208  -60.09487593736622       4   0 2  0 1  0 0  0 1
   209  -.1008427705303309E-01   4   1 0  1 1  0 0  0 1
   210  -.9378728755978611E-02   4   0 1  1 1  0 0  0 1
   211  -14.80673161511575       4   0 0  2 1  0 0  0 1
   212  -.4902294346337439E-02   4   1 0  0 2  0 0  0 1
   213  -.4600870084411070E-02   4   0 1  0 2  0 0  0 1
   214  -15.71848694697302       4   0 0  1 2  0 0  0 1
   215  -6.120047907265875       4   0 0  0 3  0 0  0 1
   216  -.7160114288711243E-03   4   2 0  0 0  0 2  0 0
   217  0.4485310349619342E-03   4   1 1  0 0  0 2  0 0
   218  0.1378945629540162E-02   4   0 2  0 0  0 2  0 0
   219  -.7984395321492259E-01   4   1 0  1 0  0 2  0 0
   220  0.2394317335147139       4   0 1  1 0  0 2  0 0
   221  -.2866899419349068E-03   4   0 0  2 0  0 2  0 0
   222  0.2846555022056016       4   1 0  0 1  0 2  0 0
   223  0.8062496388129047       4   0 1  0 1  0 2  0 0
   224  0.2573097569419477E-03   4   0 0  1 1  0 2  0 0
   225  0.1005156985122409E-02   4   0 0  0 2  0 2  0 0
   226  -.7789832334892017E-03   4   2 0  0 0  0 1  1 0
   227  0.8355217626345966E-03   4   1 1  0 0  0 1  1 0
   228  0.2222633834234915E-02   4   0 2  0 0  0 1  1 0
   229  -.5778865427262783E-01   4   1 0  1 0  0 1  1 0
   230  0.8984327405542730E-01   4   0 1  1 0  0 1  1 0
   231  -.2227744616771934E-03   4   0 0  2 0  0 1  1 0
   232  0.1345819208915117       4   1 0  0 1  0 1  1 0
   233  0.7464958269472204       4   0 1  0 1  0 1  1 0
   234  0.4633362476445414E-04   4   0 0  1 1  0 1  1 0
   235  0.1061969927421694E-02   4   0 0  0 2  0 1  1 0
   236  -.7145236949728875E-03   4   2 0  0 0  0 0  2 0
   237  0.4473652201279293E-03   4   1 1  0 0  0 0  2 0
   238  0.1375594351566876E-02   4   0 2  0 0  0 0  2 0
   239  -.7969761836188413E-01   4   1 0  1 0  0 0  2 0
   240  0.2390490641497472       4   0 1  1 0  0 0  2 0
   241  -.2861542284365164E-03   4   0 0  2 0  0 0  2 0
   242  0.2841818692428269       4   1 0  0 1  0 0  2 0
   243  0.8046623265948305       4   0 1  0 1  0 0  2 0
   244  0.2569323047933529E-03   4   0 0  1 1  0 0  2 0
   245  0.1003089717683530E-02   4   0 0  0 2  0 0  2 0
   246  0.1658989195077963E-02   4   2 0  0 0  0 1  0 1
   247  0.2517811330591396E-04   4   1 1  0 0  0 1  0 1
   248  -.1377525237767768E-02   4   0 2  0 0  0 1  0 1
   249  0.2210861304307316       4   1 0  1 0  0 1  0 1
   250  -.1772826211801162       4   0 1  1 0  0 1  0 1
   251  0.4879835067574640E-03   4   0 0  2 0  0 1  0 1
   252  -.2666360305670659       4   1 0  0 1  0 1  0 1
   253  -.6266667924980622       4   0 1  0 1  0 1  0 1
   254  0.2351880452739309E-04   4   0 0  1 1  0 1  0 1
   255  -.7010426417025406E-03   4   0 0  0 2  0 1  0 1
   256  0.1656756605604682E-02   4   2 0  0 0  0 0  1 1
   257  0.2514422978763722E-04   4   1 1  0 0  0 0  1 1
   258  -.1375671429223295E-02   4   0 2  0 0  0 0  1 1
   259  0.2207886031358269       4   1 0  1 0  0 0  1 1
   260  -.1770440425835723       4   0 1  1 0  0 0  1 1
   261  0.4873268015519360E-03   4   0 0  2 0  0 0  1 1
   262  -.2662772043632489       4   1 0  0 1  0 0  1 1
   263  -.6258234538625007       4   0 1  0 1  0 0  1 1
   264  0.2348715402866598E-04   4   0 0  1 1  0 0  1 1
   265  -.7000992115543304E-03   4   0 0  0 2  0 0  1 1
   266  -.1107297141495379E-02   4   2 0  0 0  0 0  0 2
   267  -.2056290509018201E-02   4   1 1  0 0  0 0  0 2
   268  -.9490951373890999E-03   4   0 2  0 0  0 0  0 2
   269  -.2245424500740382       4   1 0  1 0  0 0  0 2
   270  -.2128094353443566       4   0 1  1 0  0 0  0 2
   271  -.1792898619517913E-03   4   0 0  2 0  0 0  0 2
   272  -.1696684443352756       4   1 0  0 1  0 0  0 2
   273  -.1637321236399632       4   0 1  0 1  0 0  0 2
   274  -.4415423388821971E-03   4   0 0  1 1  0 0  0 2
   275  -.2454420451651527E-03   4   0 0  0 2  0 0  0 2
   276  -.8272059485050411E-05   4   1 0  0 0  0 3  0 0
   277  -.4569489588041168E-04   4   0 1  0 0  0 3  0 0
   278  -.1124209551897477       4   0 0  1 0  0 3  0 0
   279  0.5262769507211325       4   0 0  0 1  0 3  0 0
   280  -.6233200840673241E-05   4   1 0  0 0  0 2  1 0
   281  -.3552185553719256E-04   4   0 1  0 0  0 2  1 0
   282  -.6012003973705037E-01   4   0 0  1 0  0 2  1 0
   283  0.1961866950590359       4   0 0  0 1  0 2  1 0
   284  -.6237294068806620E-05   4   1 0  0 0  0 1  2 0
   285  -.3554226700099232E-04   4   0 1  0 0  0 1  2 0
   286  -.6022531049769991E-01   4   0 0  1 0  0 1  2 0
   287  0.1968515952517857       4   0 0  0 1  0 1  2 0
   288  -.8251172743777430E-05   4   1 0  0 0  0 0  3 0
   289  -.4557878522654902E-04   4   0 1  0 0  0 0  3 0
   290  -.1121536201739923       4   0 0  1 0  0 0  3 0
   291  0.5250827615338090       4   0 0  0 1  0 0  3 0
   292  0.1285108110162226E-04   4   1 0  0 0  0 2  0 1
   293  0.6294890287405774E-04   4   0 1  0 0  0 2  0 1
   294  0.2588034286842978       4   0 0  1 0  0 2  0 1
   295  -.3921476974032617       4   0 0  0 1  0 2  0 1
   296  0.1108927997825187E-04   4   1 0  0 0  0 1  1 1
   297  0.5513137719657670E-04   4   0 1  0 0  0 1  1 1
   298  0.1544499947073113       4   0 0  1 0  0 1  1 1
   299  -.6996008734568754E-01   4   0 0  0 1  0 1  1 1
   300  0.1282632500708359E-04   4   1 0  0 0  0 0  2 1
   301  0.6282709260273693E-04   4   0 1  0 0  0 0  2 1
   302  0.2583512174650087       4   0 0  1 0  0 0  2 1
   303  -.3915728890191548       4   0 0  0 1  0 0  2 1
   304  -.4611583870912036E-05   4   1 0  0 0  0 1  0 2
   305  -.1146272008105805E-04   4   0 1  0 0  0 1  0 2
   306  -.1543117623834070       4   0 0  1 0  0 1  0 2
   307  -.2880777107015140       4   0 0  0 1  0 1  0 2
   308  -.4605377818675061E-05   4   1 0  0 0  0 0  1 2
   309  -.1144729409259235E-04   4   0 1  0 0  0 0  1 2
   310  -.1541040968860528       4   0 0  1 0  0 0  1 2
   311  -.2876900292950840       4   0 0  0 1  0 0  1 2
   312  0.1341484460194584E-05   4   1 0  0 0  0 0  0 3
   313  0.1094232769085933E-05   4   0 1  0 0  0 0  0 3
   314  -.1826864619241443E-01   4   0 0  1 0  0 0  0 3
   315  -.1493989262406494E-01   4   0 0  0 1  0 0  0 3
   316  -.1048973286531687E-04   4   0 0  0 0  0 4  0 0
   317  -.4967970665212217E-05   4   0 0  0 0  0 3  1 0
   318  -.4238453453266448E-05   4   0 0  0 0  0 2  2 0
   319  -.4983771776270282E-05   4   0 0  0 0  0 1  3 0
   320  -.1045817278932306E-04   4   0 0  0 0  0 0  4 0
   321  0.1068331547719784E-04   4   0 0  0 0  0 3  0 1
   322  0.4517318567114893E-05   4   0 0  0 0  0 2  1 1
   323  0.4529736407146825E-05   4   0 0  0 0  0 1  2 1
   324  0.1065871432982353E-04   4   0 0  0 0  0 0  3 1
   325  0.1479748857691434E-05   4   0 0  0 0  0 2  0 2
   326  0.1751585155098863E-05   4   0 0  0 0  0 1  1 2
   327  0.1476578881040705E-05   4   0 0  0 0  0 0  2 2
   328  0.1997316712772635E-07   4   0 0  0 0  0 1  0 3
   329  0.1994628818070875E-07   4   0 0  0 0  0 0  1 3
   330  -.8545348140099388E-13   4   0 0  0 0  0 0  0 4
   ----------------------------------------------------
     I  COEFFICIENT            ORDER EXPONENTS
     1  0.7151408475664369E-08   0   0 0  0 0  0 0  0 0
     2  -.7419619491780772E-05   1   1 0  0 0  0 0  0 0
     3  -.8234377234297523E-05   1   0 1  0 0  0 0  0 0
     4  0.5221316334452753E-04   1   0 0  1 0  0 0  0 0
     5  0.2225854042248888E-04   1   0 0  0 1  0 0  0 0
     6   1.000000000000000       1   0 0  0 0  1 0  0 0
     7  0.2859789930395018       1   0 0  0 0  0 1  0 0
     8  -.2859789888197348       1   0 0  0 0  0 0  1 0
     9  -.4219773974208808E-08   1   0 0  0 0  0 0  0 1
    10  -.4584566982073509       2   2 0  0 0  0 0  0 0
    11  -1.178660483724041       2   1 1  0 0  0 0  0 0
    12  -.9713674615616026       2   0 2  0 0  0 0  0 0
    13  -.2812840503019408E-04   2   1 0  1 0  0 0  0 0
    14  -.3590421943069029E-04   2   0 1  1 0  0 0  0 0
    15  -.2986482516078691       2   0 0  2 0  0 0  0 0
    16  -.3612707948166225E-04   2   1 0  0 1  0 0  0 0
    17  -.4181363551890772E-04   2   0 1  0 1  0 0  0 0
    18  -.2486038704062364       2   0 0  1 1  0 0  0 0
    19  -.2696165556708637       2   0 0  0 2  0 0  0 0
    20  0.1092690872353504E-04   2   1 0  0 0  0 1  0 0
    21  0.1529556401602447E-04   2   0 1  0 0  0 1  0 0
    22  -.7282994774895217E-04   2   0 0  1 0  0 1  0 0
    23  -.5348591854807133E-04   2   0 0  0 1  0 1  0 0
    24  0.3512562089917277E-05   2   1 0  0 0  0 0  1 0
    25  0.7062784998991360E-05   2   0 1  0 0  0 0  1 0
    26  -.2065923021405584E-04   2   0 0  1 0  0 0  1 0
    27  -.3121528505443076E-04   2   0 0  0 1  0 0  1 0
    28  -.1443955022314215E-04   2   1 0  0 0  0 0  0 1
    29  -.1412410308729757E-04   2   0 1  0 0  0 0  0 1
    30  0.9348921341699204E-04   2   0 0  1 0  0 0  0 1
    31  0.6244269914246919E-04   2   0 0  0 1  0 0  0 1
    32  -.2146286647640555       2   0 0  0 0  0 2  0 0
    33  0.1432783308231695       2   0 0  0 0  0 1  1 0
    34  0.7135032827346026E-01   2   0 0  0 0  0 0  2 0
    35  0.5665687465941273E-08   2   0 0  0 0  0 1  0 1
    36  0.1449710255695178E-08   2   0 0  0 0  0 0  1 1
    37  -.1447883426995581E-08   2   0 0  0 0  0 0  0 2
    38  0.2442164930847758       3   3 0  0 0  0 0  0 0
    39  0.7514180325051758       3   2 1  0 0  0 0  0 0
    40  0.7589395208572791       3   1 2  0 0  0 0  0 0
    41  0.2527898880604584       3   0 3  0 0  0 0  0 0
    42  0.1490267550916480E-02   3   2 0  1 0  0 0  0 0
    43  0.2978498542632831E-02   3   1 1  1 0  0 0  0 0
    44  0.1757205035280714E-02   3   0 2  1 0  0 0  0 0
    45  0.9493366769295337E-01   3   1 0  2 0  0 0  0 0
    46  0.2168633809616054E-01   3   0 1  2 0  0 0  0 0
    47  0.5686184462247717E-03   3   0 0  3 0  0 0  0 0
    48  0.1048504599169839E-02   3   2 0  0 1  0 0  0 0
    49  0.2035185816288580E-02   3   1 1  0 1  0 0  0 0
    50  0.1210596221846216E-02   3   0 2  0 1  0 0  0 0
    51  0.5470627007915622E-01   3   1 0  1 1  0 0  0 0
    52  -.6159951194411559E-01   3   0 1  1 1  0 0  0 0
    53  0.1445652120591826E-02   3   0 0  2 1  0 0  0 0
    54  -.3047465874909722E-01   3   1 0  0 2  0 0  0 0
    55  -.7661069897662434E-01   3   0 1  0 2  0 0  0 0
    56  0.1264339127067544E-02   3   0 0  1 2  0 0  0 0
    57  0.3811575695521702E-03   3   0 0  0 3  0 0  0 0
    58  0.7357106995708942       3   2 0  0 0  0 1  0 0
    59   2.279552142816483       3   1 1  0 0  0 1  0 0
    60   2.034313494333067       3   0 2  0 0  0 1  0 0
    61  0.4246324207681460E-04   3   1 0  1 0  0 1  0 0
    62  0.6716935361029016E-04   3   0 1  1 0  0 1  0 0
    63  0.4152184204773556       3   0 0  2 0  0 1  0 0
    64  0.6806482463739933E-04   3   1 0  0 1  0 1  0 0
    65  0.9659029250562689E-04   3   0 1  0 1  0 1  0 0
    66  0.6013772927352281       3   0 0  1 1  0 1  0 0
    67  0.5062694491000874       3   0 0  0 2  0 1  0 0
    68  0.2774973841725117       3   2 0  0 0  0 0  1 0
    69   1.100994962886376       3   1 1  0 0  0 0  1 0
    70   1.062821492602290       3   0 2  0 0  0 0  1 0
    71  0.1428980897354087E-04   3   1 0  1 0  0 0  1 0
    72  0.3112110797949748E-04   3   0 1  1 0  0 0  1 0
    73  0.1168148275249932       3   0 0  2 0  0 0  1 0
    74  0.3186926531180703E-04   3   1 0  0 1  0 0  1 0
    75  0.5461039383415501E-04   3   0 1  0 1  0 0  1 0
    76  0.3526330418938777       3   0 0  1 1  0 0  1 0
    77  0.2366968736043196       3   0 0  0 2  0 0  1 0
    78  -1.013208868363233       3   2 0  0 0  0 0  0 1
    79  -2.201888589001974       3   1 1  0 0  0 0  0 1
    80  -1.154401409039548       3   0 2  0 0  0 0  0 1
    81  -.5663029238489249E-04   3   1 0  1 0  0 0  0 1
    82  -.6208979462305531E-04   3   0 1  1 0  0 0  0 1
    83  -.5320335385168012       3   0 0  2 0  0 0  0 1
    84  -.6362929001361852E-04   3   1 0  0 1  0 0  0 1
    85  -.6722376355612516E-04   3   0 1  0 1  0 0  0 1
    86  -.7054068753827827       3   0 0  1 1  0 0  0 1
    87  -.2037333990060551       3   0 0  0 2  0 0  0 1
    88  -.1340830587205945E-04   3   1 0  0 0  0 2  0 0
    89  -.2190826529900228E-04   3   0 1  0 0  0 2  0 0
    90  0.8582174952742661E-04   3   0 0  1 0  0 2  0 0
    91  0.8474593987138264E-04   3   0 0  0 1  0 2  0 0
    92  -.4965501968271071E-05   3   1 0  0 0  0 1  1 0
    93  -.1322701572461622E-04   3   0 1  0 0  0 1  1 0
    94  0.2601058861695610E-04   3   0 0  1 0  0 1  1 0
    95  0.6252587799581279E-04   3   0 0  0 1  0 1  1 0
    96  -.2486741761556907E-05   3   1 0  0 0  0 0  2 0
    97  -.6614875294889900E-05   3   0 1  0 0  0 0  2 0
    98  0.1303670535203471E-04   3   0 0  1 0  0 0  2 0
    99  0.3125677685715879E-04   3   0 0  0 1  0 0  2 0
   100  0.2085322892970689E-04   3   1 0  0 0  0 1  0 1
   101  0.2645081090153618E-04   3   0 1  0 0  0 1  0 1
   102  -.1248309438372124E-03   3   0 0  1 0  0 1  0 1
   103  -.1250530763743259E-03   3   0 0  0 1  0 1  0 1
   104  0.6424413150733387E-05   3   1 0  0 0  0 0  1 1
   105  0.1232922278287325E-04   3   0 1  0 0  0 0  1 1
   106  -.3142710171523601E-04   3   0 0  1 0  0 0  1 1
   107  -.6261168834538768E-04   3   0 0  0 1  0 0  1 1
   108  -.6418698913637253E-05   3   1 0  0 0  0 0  0 2
   109  -.5265727309624203E-05   3   0 1  0 0  0 0  0 2
   110  0.3138626498103129E-04   3   0 0  1 0  0 0  0 2
   111  0.3139144466780858E-04   3   0 0  0 1  0 0  0 2
   112  0.1788813510856472       3   0 0  0 0  0 3  0 0
   113  -.1073867929234101       3   0 0  0 0  0 2  1 0
   114  -.3589155568393190E-01   3   0 0  0 0  0 1  2 0
   115  -.3560303955256693E-01   3   0 0  0 0  0 0  3 0
   116  -.4965781648941864E-08   3   0 0  0 0  0 2  0 1
   117  0.3440748919726923E-09   3   0 0  0 0  0 1  1 1
   118  0.1683395213738886E-09   3   0 0  0 0  0 0  2 1
   119  0.5143219014584362E-09   3   0 0  0 0  0 1  0 2
   120  -.1548654576842219E-09   3   0 0  0 0  0 0  1 2
   121  0.2726375989854905E-09   3   0 0  0 0  0 0  0 3
   122  -4.504364625721965       4   4 0  0 0  0 0  0 0
   123  -22.11982310260740       4   3 1  0 0  0 0  0 0
   124  -40.64907667043973       4   2 2  0 0  0 0  0 0
   125  -33.38203753022634       4   1 3  0 0  0 0  0 0
   126  -10.65977097579524       4   0 4  0 0  0 0  0 0
   127  0.2771784982230277E-02   4   3 0  1 0  0 0  0 0
   128  0.9801919957950765E-02   4   2 1  1 0  0 0  0 0
   129  0.1070550328972421E-01   4   1 2  1 0  0 0  0 0
   130  0.3690805513665569E-02   4   0 3  1 0  0 0  0 0
   131  -10.12236116428717       4   2 0  2 0  0 0  0 0
   132  -20.69444883914748       4   1 1  2 0  0 0  0 0
   133  -11.84602934387402       4   0 2  2 0  0 0  0 0
   134  0.4819346780552453E-02   4   1 0  3 0  0 0  0 0
   135  0.3528449268401028E-02   4   0 1  3 0  0 0  0 0
   136  -1.990477970382359       4   0 0  4 0  0 0  0 0
   137  0.3788033484422535E-02   4   3 0  0 1  0 0  0 0
   138  0.1251203178063428E-01   4   2 1  0 1  0 0  0 0
   139  0.1317267957642813E-01   4   1 2  0 1  0 0  0 0
   140  0.4450136980299967E-02   4   0 3  0 1  0 0  0 0
   141  -14.10592523737989       4   2 0  1 1  0 0  0 0
   142  -27.63150383721451       4   1 1  1 1  0 0  0 0
   143  -15.69825442155598       4   0 2  1 1  0 0  0 0
   144  0.1192472078563694E-01   4   1 0  2 1  0 0  0 0
   145  0.8619775623166469E-02   4   0 1  2 1  0 0  0 0
   146  -6.247003672903726       4   0 0  3 1  0 0  0 0
   147  -4.824975827117430       4   2 0  0 2  0 0  0 0
   148  -9.730842329627206       4   1 1  0 2  0 0  0 0
   149  -6.181835809357946       4   0 2  0 2  0 0  0 0
   150  0.9691238278742634E-02   4   1 0  1 2  0 0  0 0
   151  0.6828023475130262E-02   4   0 1  1 2  0 0  0 0
   152  -7.599130812922786       4   0 0  2 2  0 0  0 0
   153  0.2515105649340826E-02   4   1 0  0 3  0 0  0 0
   154  0.1668008474098720E-02   4   0 1  0 3  0 0  0 0
   155  -4.301718363805669       4   0 0  1 3  0 0  0 0
   156  -1.044533255102454       4   0 0  0 4  0 0  0 0
   157  -.4211026564705269       4   3 0  0 0  0 1  0 0
   158  -1.619763719964004       4   2 1  0 0  0 1  0 0
   159  -1.975900251100338       4   1 2  0 0  0 1  0 0
   160  -.7743196107239501       4   0 3  0 0  0 1  0 0
   161  -.8015246508372396E-03   4   2 0  1 0  0 1  0 0
   162  -.3364506599220063E-02   4   1 1  1 0  0 1  0 0
   163  -.2862113720218527E-02   4   0 2  1 0  0 1  0 0
   164  -.1103707156232918       4   1 0  2 0  0 1  0 0
   165  -.4969325831336706E-01   4   0 1  2 0  0 1  0 0
   166  -.6806211914156655E-03   4   0 0  3 0  0 1  0 0
   167  -.7028155934770867E-03   4   2 0  0 1  0 1  0 0
   168  -.2413808977872958E-02   4   1 1  0 1  0 1  0 0
   169  -.2055109232075068E-02   4   0 2  0 1  0 1  0 0
   170  -.1257125787867194       4   1 0  1 1  0 1  0 0
   171  0.7725806179345107E-01   4   0 1  1 1  0 1  0 0
   172  -.2169210898994635E-02   4   0 0  2 1  0 1  0 0
   173  0.3560488881152242E-01   4   1 0  0 2  0 1  0 0
   174  0.1651712114670859       4   0 1  0 2  0 1  0 0
   175  -.2391406169562220E-02   4   0 0  1 2  0 1  0 0
   176  -.9164444852452882E-03   4   0 0  0 3  0 1  0 0
   177  -.1751338329071527       4   3 0  0 0  0 0  1 0
   178  -.8616741030181430       4   2 1  0 0  0 0  1 0
   179  -1.208792136723864       4   1 2  0 0  0 0  1 0
   180  -.5182271585560210       4   0 3  0 0  0 0  1 0
   181  -.5348364000771128E-03   4   2 0  1 0  0 0  1 0
   182  -.2698737686169070E-02   4   1 1  1 0  0 0  1 0
   183  -.2319698647387266E-02   4   0 2  1 0  0 0  1 0
   184  -.1505142408372200E-01   4   1 0  2 0  0 0  1 0
   185  -.2685865261744144E-01   4   0 1  2 0  0 0  1 0
   186  -.3780692511316509E-03   4   0 0  3 0  0 0  1 0
   187  -.7036951829126304E-03   4   2 0  0 1  0 0  1 0
   188  -.2415308605685358E-02   4   1 1  0 1  0 0  1 0
   189  -.1936644788771276E-02   4   0 2  0 1  0 0  1 0
   190  -.7027288711377502E-01   4   1 0  1 1  0 0  1 0
   191  0.1739246073209767E-01   4   0 1  1 1  0 0  1 0
   192  -.1473958831883718E-02   4   0 0  2 1  0 0  1 0
   193  0.5536449406846667E-02   4   1 0  0 2  0 0  1 0
   194  0.8931544692551296E-01   4   0 1  0 2  0 0  1 0
   195  -.1781430371743485E-02   4   0 0  1 2  0 0  1 0
   196  -.7146057338028157E-03   4   0 0  0 3  0 0  1 0
   197  0.5938172854520734       4   3 0  0 0  0 0  0 1
   198   1.719471244846364       4   2 1  0 0  0 0  0 1
   199   1.652371082783245       4   1 2  0 0  0 0  0 1
   200  0.5276137627850574       4   0 3  0 0  0 0  0 1
   201  0.1547368314295102E-02   4   2 0  1 0  0 0  0 1
   202  0.3786125122943911E-02   4   1 1  1 0  0 0  0 1
   203  0.2375057806094021E-02   4   0 2  1 0  0 0  0 1
   204  0.1245460967162845       4   1 0  2 0  0 0  0 1
   205  0.5260274496271186E-01   4   0 1  2 0  0 0  0 1
   206  0.1101765905550410E-02   4   0 0  3 0  0 0  0 1
   207  0.5412586288446097E-03   4   2 0  0 1  0 0  0 1
   208  0.1560067553580662E-02   4   1 1  0 1  0 0  0 1
   209  0.1183281720645473E-02   4   0 2  0 1  0 0  0 1
   210  0.1399339050673984       4   1 0  1 1  0 0  0 1
   211  0.2524257853962077E-01   4   0 1  1 1  0 0  0 1
   212  0.2448741003137220E-02   4   0 0  2 1  0 0  0 1
   213  0.1894981009759352E-01   4   1 0  0 2  0 0  0 1
   214  -.2640688922565999E-01   4   0 1  0 2  0 0  0 1
   215  0.1836285283371616E-02   4   0 0  1 2  0 0  0 1
   216  0.5135744929696925E-03   4   0 0  0 3  0 0  0 1
   217  -.9700897689729582       4   2 0  0 0  0 2  0 0
   218  -3.407240860871996       4   1 1  0 0  0 2  0 0
   219  -3.257802576311351       4   0 2  0 0  0 2  0 0
   220  -.5233044749522322E-04   4   1 0  1 0  0 2  0 0
   221  -.1068439068029783E-03   4   0 1  1 0  0 2  0 0
   222  -.4879694603510207       4   0 0  2 0  0 2  0 0
   223  -.1102589944027262E-03   4   1 0  0 1  0 2  0 0
   224  -.1811264722804706E-03   4   0 1  0 1  0 2  0 0
   225  -.9538580583748828       4   0 0  1 1  0 2  0 0
   226  -.7782574223294241       4   0 0  0 2  0 2  0 0
   227  -.4688092553169526       4   2 0  0 0  0 1  1 0
   228  -2.255185928557092       4   1 1  0 0  0 1  1 0
   229  -2.446489917527891       4   0 2  0 0  0 1  1 0
   230  -.2156246424775513E-04   4   1 0  1 0  0 1  1 0
   231  -.6371208889851659E-04   4   0 1  1 0  0 1  1 0
   232  -.1456569821159031       4   0 0  2 0  0 1  1 0
   233  -.6697082830003729E-04   4   1 0  0 1  0 1  1 0
   234  -.1376125717099418E-03   4   0 1  0 1  0 1  1 0
   235  -.7050281018193570       4   0 0  1 1  0 1  1 0
   236  -.5439118112641833       4   0 0  0 2  0 1  1 0
   237  -.2345833174823212       4   2 0  0 0  0 0  2 0
   238  -1.127606463823883       4   1 1  0 0  0 0  2 0
   239  -1.222964970299409       4   0 2  0 0  0 0  2 0
   240  -.1089352099037982E-04   4   1 0  1 0  0 0  2 0
   241  -.3196067570176696E-04   4   0 1  1 0  0 0  2 0
   242  -.7300934544300622E-01   4   0 0  2 0  0 0  2 0
   243  -.3356853454908757E-04   4   1 0  0 1  0 0  2 0
   244  -.6884119966709899E-04   4   0 1  0 1  0 0  2 0
   245  -.3524434337022581       4   0 0  1 1  0 0  2 0
   246  -.2719299254862155       4   0 0  0 2  0 0  2 0
   247   1.673199261026634       4   2 0  0 0  0 1  0 1
   248   4.510406059951496       4   1 1  0 0  0 1  0 1
   249   2.859075178166089       4   0 2  0 0  0 1  0 1
   250  0.7400834330043867E-04   4   1 0  1 0  0 1  0 1
   251  0.1160274278794221E-03   4   0 1  1 0  0 1  0 1
   252  0.7064114386749893       4   0 0  2 0  0 1  0 1
   253  0.1216721892173363E-03   4   1 0  0 1  0 1  0 1
   254  0.1646327558093552E-03   4   0 1  0 1  0 1  0 1
   255   1.410058627463219       4   0 0  1 1  0 1  0 1
   256  0.5816543641397426       4   0 0  0 2  0 1  0 1
   257  0.6604431183307898       4   2 0  0 0  0 0  1 1
   258   2.308333481857065       4   1 1  0 0  0 0  1 1
   259   1.703914971633183       4   0 2  0 0  0 0  1 1
   260  0.2622486272526470E-04   4   1 0  1 0  0 0  1 1
   261  0.5649865016798597E-04   4   0 1  1 0  0 0  1 1
   262  0.1748701969267045       4   0 0  2 0  0 0  1 1
   263  0.6008628671820340E-04   4   1 0  0 1  0 0  1 1
   264  0.9469190841650954E-04   4   0 1  0 1  0 0  1 1
   265  0.7046717263534572       4   0 0  1 1  0 0  1 1
   266  0.3776948996679504       4   0 0  0 2  0 0  1 1
   267  -.6601865217796088       4   2 0  0 0  0 0  0 2
   268  -1.207424703731807       4   1 1  0 0  0 0  0 2
   269  -.5498663799917290       4   0 2  0 0  0 0  0 2
   270  -.2317009854046014E-04   4   1 0  1 0  0 0  0 2
   271  -.2035920609747834E-04   4   0 1  1 0  0 0  0 2
   272  -.1746345618453448       4   0 0  2 0  0 0  0 2
   273  -.2256168992733683E-04   4   1 0  0 1  0 0  0 2
   274  -.1994949487611535E-04   4   0 1  0 1  0 0  0 2
   275  -.3519774947893495       4   0 0  1 1  0 0  0 2
   276  -.1740835932623892       4   0 0  0 2  0 0  0 2
   277  -.1650095206614792E-03   4   1 0  0 0  0 3  0 0
   278  -.2427064679489171E-03   4   0 1  0 0  0 3  0 0
   279  -.8642933817837778E-04   4   0 0  1 0  0 3  0 0
   280  -.1048200085872474E-03   4   0 0  0 1  0 3  0 0
   281  -.8904263312644476E-04   4   1 0  0 0  0 2  1 0
   282  -.1242531705601758E-03   4   0 1  0 0  0 2  1 0
   283  -.2294397817426166E-04   4   0 0  1 0  0 2  1 0
   284  -.8540832570157168E-04   4   0 0  0 1  0 2  1 0
   285  -.5640611723931924E-04   4   1 0  0 0  0 1  2 0
   286  -.7802098158701776E-04   4   0 1  0 0  0 1  2 0
   287  -.1177159581332632E-04   4   0 0  1 0  0 1  2 0
   288  -.5615939839787774E-04   4   0 0  0 1  0 1  2 0
   289  -.2971354709772703E-04   4   1 0  0 0  0 0  3 0
   290  -.4147220599268248E-04   4   0 1  0 0  0 0  3 0
   291  -.7688141211844791E-05   4   0 0  1 0  0 0  3 0
   292  -.2846442953738110E-04   4   0 0  0 1  0 0  3 0
   293  0.1438189768409328E-03   4   1 0  0 0  0 2  0 1
   294  0.1147534792857988E-03   4   0 1  0 0  0 2  0 1
   295  0.9462999770664814E-04   4   0 0  1 0  0 2  0 1
   296  0.1621110806355044E-03   4   0 0  0 1  0 2  0 1
   297  0.8072065594758192E-04   4   1 0  0 0  0 1  1 1
   298  0.6403399361165510E-04   4   0 1  0 0  0 1  1 1
   299  0.1569226153630554E-04   4   0 0  1 0  0 1  1 1
   300  0.1040702994702010E-03   4   0 0  0 1  0 1  1 1
   301  0.4037528910217444E-04   4   1 0  0 0  0 0  2 1
   302  0.3202924907194227E-04   4   0 1  0 0  0 0  2 1
   303  0.7894113991935468E-05   4   0 0  1 0  0 0  2 1
   304  0.5203962923122285E-04   4   0 0  0 1  0 0  2 1
   305  -.1148339115147663E-05   4   1 0  0 0  0 1  0 2
   306  0.2160680476868951E-05   4   0 1  0 0  0 1  0 2
   307  -.6688779202139171E-05   4   0 0  1 0  0 1  0 2
   308  -.2433633389058985E-04   4   0 0  0 1  0 1  0 2
   309  -.5442831090178355E-05   4   1 0  0 0  0 0  1 2
   310  -.1789874019385826E-05   4   0 1  0 0  0 0  1 2
   311  0.5065818563931669E-05   4   0 0  1 0  0 0  1 2
   312  -.1112335540431820E-04   4   0 0  0 1  0 0  1 2
   313  0.8678285055024923E-07   4   1 0  0 0  0 0  0 3
   314  0.1625130783597449E-06   4   0 1  0 0  0 0  0 3
   315  -.6088610479165709E-05   4   0 0  1 0  0 0  0 3
   316  -.5556791569079586E-05   4   0 0  0 1  0 0  0 3
   317  -.1565302525284236       4   0 0  0 0  0 4  0 0
   318  0.8947684289154401E-01   4   0 0  0 0  0 3  1 0
   319  0.2686485451769370E-01   4   0 0  0 0  0 2  2 0
   320  0.1798162656743089E-01   4   0 0  0 0  0 1  3 0
   321  0.2220686154271738E-01   4   0 0  0 0  0 0  4 0
   322  0.6770636593749673E-08   4   0 0  0 0  0 3  0 1
   323  0.3501032213292475E-08   4   0 0  0 0  0 2  1 1
   324  0.2811713831057422E-08   4   0 0  0 0  0 1  2 1
   325  0.9457113089486713E-09   4   0 0  0 0  0 0  3 1
   326  -.4992918491077512E-09   4   0 0  0 0  0 2  0 2
   327  0.2532366685215996E-09   4   0 0  0 0  0 1  1 2
   328  0.9607862930127391E-10   4   0 0  0 0  0 0  2 2
   329  -.4994236083240209E-09   4   0 0  0 0  0 1  0 3
   330  -.2268472204864263E-09   4   0 0  0 0  0 0  1 3
   331  -.3343922930878520E-10   4   0 0  0 0  0 0  0 4
   ----------------------------------------------------
     I  COEFFICIENT            ORDER EXPONENTS
     1   1.000000000000000       1   0 0  0 0  0 1  0 0
     --------------------------------------------------
     I  COEFFICIENT            ORDER EXPONENTS
     1   1.000000000000000       1   0 0  0 0  0 0  1 0
     --------------------------------------------------
     I  COEFFICIENT            ORDER EXPONENTS
     1   1.000000000000000       1   0 0  0 0  0 0  0 1
     --------------------------------------------------
