 L    0.1145458000000000E+01
 P (  0.0000000000000000E+00,  0.0000000000000000E+00,  0.9555200000000000E-01)
 A (  0.0000000000000000E+00,  0.0000000000000000E+00,  0.0000000000000000E+00)
     I  COEFFICIENT            ORDER EXPONENTS
     1  0.9547721477500780E-04   0   0 0  0 0  0 0  0 0
     2   1.771224015392357       1   1 0  0 0  0 0  0 0
     3   1.828768321135201       1   0 1  0 0  0 0  0 0
     4  0.2317165233375979E-04   1   0 0  1 0  0 0  0 0
     5  0.2043028106936873E-04   1   0 0  0 1  0 0  0 0
     6  -.8956110541729824E-06   1   0 0  0 0  0 1  0 0
     7  -.8944057830252934E-06   1   0 0  0 0  0 0  1 0
     8  0.1790016839280074E-05   1   0 0  0 0  0 0  0 1
     9  -.2016997826076387       2   2 0  0 0  0 0  0 0
    10  -.3601166269554931       2   1 1  0 0  0 0  0 0
    11  -.1615116446881366       2   0 2  0 0  0 0  0 0
    12  0.7841632373669479E-03   2   1 0  1 0  0 0  0 0
    13  0.2204312142183035E-03   2   0 1  1 0  0 0  0 0
    14  0.1364821705518632       2   0 0  2 0  0 0  0 0
    15  0.8282867092145997E-03   2   1 0  0 1  0 0  0 0
    16  0.3736410455237393E-03   2   0 1  0 1  0 0  0 0
    17  0.2429804705148644       2   0 0  1 1  0 0  0 0
    18  0.1090806771668540       2   0 0  0 2  0 0  0 0
    19  -.4241230588378403       2   1 0  0 0  0 1  0 0
    20  -1.288775081441229       2   0 1  0 0  0 1  0 0
    21  -.1278860162676057E-04   2   0 0  1 0  0 1  0 0
    22  -.2157578994998678E-04   2   0 0  0 1  0 1  0 0
    23  -.4235522940134844       2   1 0  0 0  0 0  1 0
    24  -1.287040708674492       2   0 1  0 0  0 0  1 0
    25  -.1277139132939717E-04   2   0 0  1 0  0 0  1 0
    26  -.2154675426870386E-04   2   0 0  0 1  0 0  1 0
    27  0.8476753528891947       2   1 0  0 0  0 0  0 1
    28  0.7470474690180255       2   0 1  0 0  0 0  0 1
    29  0.2555996848070272E-04   2   0 0  1 0  0 0  0 1
    30  0.2269223944973765E-04   2   0 0  0 1  0 0  0 1
    31  0.3556056017776890E-06   2   0 0  0 0  0 2  0 0
    32  -.1829304269387299E-06   2   0 0  0 0  0 1  1 0
    33  0.3552501340926033E-06   2   0 0  0 0  0 0  2 0
    34  0.3672634334773794E-06   2   0 0  0 0  0 1  0 1
    35  0.3667691876571781E-06   2   0 0  0 0  0 0  1 1
    36  -.1262018349251708E-05   2   0 0  0 0  0 0  0 2
    37   3.559540077679542       3   3 0  0 0  0 0  0 0
    38   14.91791236143553       3   2 1  0 0  0 0  0 0
    39   19.08644795249546       3   1 2  0 0  0 0  0 0
    40   8.602545271221874       3   0 3  0 0  0 0  0 0
    41  -.1483851150324599E-01   3   2 0  1 0  0 0  0 0
    42  -.2597527271239918E-01   3   1 1  1 0  0 0  0 0
    43  -.1138183144632276E-01   3   0 2  1 0  0 0  0 0
    44  -1.942104637364094       3   1 0  2 0  0 0  0 0
    45  0.6081461347602721       3   0 1  2 0  0 0  0 0
    46  0.3435444509085708E-02   3   0 0  3 0  0 0  0 0
    47  -.1346293835287471E-01   3   2 0  0 1  0 0  0 0
    48  -.2374886475472261E-01   3   1 1  0 1  0 0  0 0
    49  -.1047843175829944E-01   3   0 2  0 1  0 0  0 0
    50  -6.067057943651688       3   1 0  1 1  0 0  0 0
    51  -1.952430900637420       3   0 1  1 1  0 0  0 0
    52  0.9101380419791666E-02   3   0 0  2 1  0 0  0 0
    53  -3.026773717504880       3   1 0  0 2  0 0  0 0
    54  -.5561977122585088       3   0 1  0 2  0 0  0 0
    55  0.8118352046934178E-02   3   0 0  1 2  0 0  0 0
    56  0.2449830032278358E-02   3   0 0  0 3  0 0  0 0
    57  0.1304476202305284       3   2 0  0 0  0 1  0 0
    58  0.4122014249262452       3   1 1  0 0  0 1  0 0
    59  0.2651772783054557       3   0 2  0 0  0 1  0 0
    60  -.3859435685875755E-03   3   1 0  1 0  0 1  0 0
    61  -.1472902474791501E-03   3   0 1  1 0  0 1  0 0
    62  -.6326089494907287E-01   3   0 0  2 0  0 1  0 0
    63  -.9328135454977045E-03   3   1 0  0 1  0 1  0 0
    64  -.5977893915037951E-03   3   0 1  0 1  0 1  0 0
    65  -.2330890830344836       3   0 0  1 1  0 1  0 0
    66  -.1588300877082205       3   0 0  0 2  0 1  0 0
    67  0.1302720699710067       3   2 0  0 0  0 0  1 0
    68  0.4116467036749604       3   1 1  0 0  0 0  1 0
    69  0.2648204152216841       3   0 2  0 0  0 0  1 0
    70  -.3854241839218581E-03   3   1 0  1 0  0 0  1 0
    71  -.1470920312056383E-03   3   0 1  1 0  0 0  1 0
    72  -.6317576141803349E-01   3   0 0  2 0  0 0  1 0
    73  -.9315582089901518E-03   3   1 0  0 1  0 0  1 0
    74  -.5969849147135451E-03   3   0 1  0 1  0 0  1 0
    75  -.2327754027316443       3   0 0  1 1  0 0  1 0
    76  -.1586163416615859       3   0 0  0 2  0 0  1 0
    77  -.2607200895708792       3   2 0  0 0  0 0  0 1
    78  -.4637321663087238       3   1 1  0 0  0 0  0 1
    79  -.2069746806220296       3   0 2  0 0  0 0  0 1
    80  0.7703988856127916E-03   3   1 0  1 0  0 0  0 1
    81  0.7297847957659715E-04   3   0 1  1 0  0 0  0 1
    82  0.1264368470691042       3   0 0  2 0  0 0  0 1
    83  0.1035072077152322E-02   3   1 0  0 1  0 0  0 1
    84  0.4464702614893215E-03   3   0 1  0 1  0 0  0 1
    85  0.2228843139632960       3   0 0  1 1  0 0  0 1
    86  0.9928519054677440E-01   3   0 0  0 2  0 0  0 1
    87  0.3379064152039436       3   1 0  0 0  0 2  0 0
    88   1.169935538322077       3   0 1  0 0  0 2  0 0
    89  0.1018683288897661E-04   3   0 0  1 0  0 2  0 0
    90  0.2242927934660273E-04   3   0 0  0 1  0 2  0 0
    91  0.2519211791557562       3   1 0  0 0  0 1  1 0
    92   1.051413746372023       3   0 1  0 0  0 1  1 0
    93  0.7501015474736048E-05   3   0 0  1 0  0 1  1 0
    94  0.2319390331847527E-04   3   0 0  0 1  0 1  1 0
    95  0.3372821648502040       3   1 0  0 0  0 0  2 0
    96   1.167653622677530       3   0 1  0 0  0 0  2 0
    97  0.1016807667280600E-04   3   0 0  1 0  0 0  2 0
    98  0.2238348844855996E-04   3   0 0  0 1  0 0  2 0
    99  -.5036115123097379       3   1 0  0 0  0 1  0 1
   100  -.8137356428903090       3   0 1  0 0  0 1  0 1
   101  -.1493771253292033E-04   3   0 0  1 0  0 1  0 1
   102  -.2471779852251022E-04   3   0 0  0 1  0 1  0 1
   103  -.5029337756708606       3   1 0  0 0  0 0  1 1
   104  -.8126405558121403       3   0 1  0 0  0 0  1 1
   105  -.1491761006338352E-04   3   0 0  1 0  0 0  1 1
   106  -.2468453447416811E-04   3   0 0  0 1  0 0  1 1
   107  0.7943512014828803E-01   3   1 0  0 0  0 0  0 2
   108  0.6614080183381980E-01   3   0 1  0 0  0 0  0 2
   109  0.2062707671147381E-05   3   0 0  1 0  0 0  0 2
   110  0.1950479675237291E-05   3   0 0  0 1  0 0  0 2
   111  -.7591126167110893E-07   3   0 0  0 0  0 3  0 0
   112  0.4829742875468087E-06   3   0 0  0 0  0 2  1 0
   113  0.4818463110162886E-06   3   0 0  0 0  0 1  2 0
   114  -.7608256973745609E-07   3   0 0  0 0  0 0  3 0
   115  -.9668089708453795E-06   3   0 0  0 0  0 2  0 1
   116  -.1564614557966787E-05   3   0 0  0 0  0 1  1 1
   117  -.9644550926291113E-06   3   0 0  0 0  0 0  2 1
   118  0.1381897630095735E-05   3   0 0  0 0  0 1  0 2
   119  0.1380037937391647E-05   3   0 0  0 0  0 0  1 2
   120  -.7934715655164573E-07   3   0 0  0 0  0 0  0 3
   121  -25.72831224447355       4   4 0  0 0  0 0  0 0
   122  -95.69362593580686       4   3 1  0 0  0 0  0 0
   123  -134.1201987353304       4   2 2  0 0  0 0  0 0
   124  -84.09530258773489       4   1 3  0 0  0 0  0 0
   125  -19.92990398050456       4   0 4  0 0  0 0  0 0
   126  -.1122161169530205E-01   4   3 0  1 0  0 0  0 0
   127  -.3196745609909078E-01   4   2 1  1 0  0 0  0 0
   128  -.3270419846377928E-01   4   1 2  1 0  0 0  0 0
   129  -.1183482018479909E-01   4   0 3  1 0  0 0  0 0
   130   88.43246130656193       4   2 0  2 0  0 0  0 0
   131   155.9422852733338       4   1 1  2 0  0 0  0 0
   132   69.28064528430474       4   0 2  2 0  0 0  0 0
   133  0.7106137339862087E-02   4   1 0  3 0  0 0  0 0
   134  0.5542639532400966E-02   4   0 1  3 0  0 0  0 0
   135  -10.22517666613230       4   0 0  4 0  0 0  0 0
   136  -.8814592375504172E-02   4   3 0  0 1  0 0  0 0
   137  -.2343967388415882E-01   4   2 1  0 1  0 0  0 0
   138  -.2188690269338049E-01   4   1 2  0 1  0 0  0 0
   139  -.7271233588889797E-02   4   0 3  0 1  0 0  0 0
   140   162.3205746374415       4   2 0  1 1  0 0  0 0
   141   288.3928893455503       4   1 1  1 1  0 0  0 0
   142   129.1796044368826       4   0 2  1 1  0 0  0 0
   143  0.1932705125627269E-01   4   1 0  2 1  0 0  0 0
   144  0.1566763449940856E-01   4   0 1  2 1  0 0  0 0
   145  -35.97544754017582       4   0 0  3 1  0 0  0 0
   146   74.88441464105429       4   2 0  0 2  0 0  0 0
   147   133.8745516186317       4   1 1  0 2  0 0  0 0
   148   60.37675534510977       4   0 2  0 2  0 0  0 0
   149  0.1681805561286331E-01   4   1 0  1 2  0 0  0 0
   150  0.1401579387815983E-01   4   0 1  1 2  0 0  0 0
   151  -47.77826432824513       4   0 0  2 2  0 0  0 0
   152  0.5258649995795694E-02   4   1 0  0 3  0 0  0 0
   153  0.4436956726085431E-02   4   0 1  0 3  0 0  0 0
   154  -28.27499800896360       4   0 0  1 3  0 0  0 0
   155  -6.265354884113833       4   0 0  0 4  0 0  0 0
   156  -5.936985805857056       4   3 0  0 0  0 1  0 0
   157  -28.43320991645217       4   2 1  0 0  0 1  0 0
   158  -42.88924617694354       4   1 2  0 0  0 1  0 0
   159  -21.84874186293956       4   0 3  0 0  0 1  0 0
   160  0.1361097474838965E-02   4   2 0  1 0  0 1  0 0
   161  0.1368131202200376E-01   4   1 1  1 0  0 1  0 0
   162  0.1082472660044013E-01   4   0 2  1 0  0 1  0 0
   163  0.6080915844905531       4   1 0  2 0  0 1  0 0
   164  -1.338085198733130       4   0 1  2 0  0 1  0 0
   165  -.4964765699122822E-03   4   0 0  3 0  0 1  0 0
   166  0.6930267035468967E-02   4   2 0  0 1  0 1  0 0
   167  0.2237596766101863E-01   4   1 1  0 1  0 1  0 0
   168  0.1423229767980041E-01   4   0 2  0 1  0 1  0 0
   169   6.824645089982177       4   1 0  1 1  0 1  0 0
   170   2.924581470220716       4   0 1  1 1  0 1  0 0
   171  -.5389781701898648E-02   4   0 0  2 1  0 1  0 0
   172   5.436863849670168       4   1 0  0 2  0 1  0 0
   173   1.902611722174955       4   0 1  0 2  0 1  0 0
   174  -.8408603385871190E-02   4   0 0  1 2  0 1  0 0
   175  -.3624058417975228E-02   4   0 0  0 3  0 1  0 0
   176  -5.928996090160474       4   3 0  0 0  0 0  1 0
   177  -28.39494584255897       4   2 1  0 0  0 0  1 0
   178  -42.83152785074041       4   1 2  0 0  0 0  1 0
   179  -21.81933885583652       4   0 3  0 0  0 0  1 0
   180  0.1359265774003580E-02   4   2 0  1 0  0 0  1 0
   181  0.1366290035706233E-01   4   1 1  1 0  0 0  1 0
   182  0.1081015919353289E-01   4   0 2  1 0  0 0  1 0
   183  0.6072732434944917       4   1 0  2 0  0 0  1 0
   184  -1.336284466734467       4   0 1  2 0  0 0  1 0
   185  -.4958084351426249E-03   4   0 0  3 0  0 0  1 0
   186  0.6920940608704750E-02   4   2 0  0 1  0 0  1 0
   187  0.2234585513828315E-01   4   1 1  0 1  0 0  1 0
   188  0.1421314452432784E-01   4   0 2  0 1  0 0  1 0
   189   6.815460804254433       4   1 0  1 1  0 0  1 0
   190   2.920645706308809       4   0 1  1 1  0 0  1 0
   191  -.5382528387695847E-02   4   0 0  2 1  0 0  1 0
   192   5.429547174531788       4   1 0  0 2  0 0  1 0
   193   1.900051276986225       4   0 1  0 2  0 0  1 0
   194  -.8397287483718235E-02   4   0 0  1 2  0 0  1 0
   195  -.3619181330952274E-02   4   0 0  0 3  0 0  1 0
   196   11.86260087295997       4   3 0  0 0  0 0  0 1
   197   41.89975478347284       4   2 1  0 0  0 0  0 1
   198   47.53701270176739       4   1 2  0 0  0 0  0 1
   199   17.85668510992033       4   0 3  0 0  0 0  0 1
   200  0.1998502357920487E-02   4   2 0  1 0  0 0  0 1
   201  0.4275927156228686E-02   4   1 1  1 0  0 0  0 1
   202  0.2285687827740863E-02   4   0 2  1 0  0 0  0 1
   203  -1.210660005712577       4   1 0  2 0  0 0  0 1
   204   2.070912291864177       4   0 1  2 0  0 0  0 1
   205  -.9389467476839661E-04   4   0 0  3 0  0 0  0 1
   206  0.2197120740969349E-02   4   2 0  0 1  0 0  0 1
   207  0.4565477685781467E-02   4   1 1  0 1  0 0  0 1
   208  0.2392217835544697E-02   4   0 2  0 1  0 0  0 1
   209  -7.563290514732044       4   1 0  1 1  0 0  0 1
   210  -1.930583948999980       4   0 1  1 1  0 0  0 1
   211  -.3594101427650076E-03   4   0 0  2 1  0 0  0 1
   212  -4.807770733690148       4   1 0  0 2  0 0  0 1
   213  -2.128937996355534       4   0 1  0 2  0 0  0 1
   214  -.3952928299614497E-03   4   0 0  1 2  0 0  0 1
   215  -.1198906807880707E-03   4   0 0  0 3  0 0  0 1
   216  -.1168107306792966       4   2 0  0 0  0 2  0 0
   217  -.4596502155135758       4   1 1  0 0  0 2  0 0
   218  -.3589273966196156       4   0 2  0 0  0 2  0 0
   219  -.3278986943767537E-03   4   1 0  1 0  0 2  0 0
   220  -.2063078786074005E-03   4   0 1  1 0  0 2  0 0
   221  0.4493110315249363E-01   4   0 0  2 0  0 2  0 0
   222  0.4638099666119368E-03   4   1 0  0 1  0 2  0 0
   223  0.5403581350152083E-03   4   0 1  0 1  0 2  0 0
   224  0.2258398124148956       4   0 0  1 1  0 2  0 0
   225  0.1937733150014145       4   0 0  0 2  0 2  0 0
   226  -.1014372352907125       4   2 0  0 0  0 1  1 0
   227  -.5030740594275592       4   1 1  0 0  0 1  1 0
   228  -.4500784404263238       4   0 2  0 0  0 1  1 0
   229  -.4887942890544679E-03   4   1 0  1 0  0 1  1 0
   230  -.3224770869697279E-03   4   0 1  1 0  0 1  1 0
   231  0.2736282630063362E-01   4   0 0  2 0  0 1  1 0
   232  0.4852191659288786E-03   4   1 0  0 1  0 1  1 0
   233  0.6775385678150178E-03   4   0 1  0 1  0 1  1 0
   234  0.2196314519747694       4   0 0  1 1  0 1  1 0
   235  0.2290755887771886       4   0 0  0 2  0 1  1 0
   236  -.1165852775777064       4   2 0  0 0  0 0  2 0
   237  -.4586931332360422       4   1 1  0 0  0 0  2 0
   238  -.3581415218680741       4   0 2  0 0  0 0  2 0
   239  -.3271285256081306E-03   4   1 0  1 0  0 0  2 0
   240  -.2058132519543574E-03   4   0 1  1 0  0 0  2 0
   241  0.4485222519036569E-01   4   0 0  2 0  0 0  2 0
   242  0.4628593004745268E-03   4   1 0  0 1  0 0  2 0
   243  0.5391750467666546E-03   4   0 1  0 1  0 0  2 0
   244  0.2253881030102118       4   0 0  1 1  0 0  2 0
   245  0.1933584044405970       4   0 0  0 2  0 0  2 0
   246  0.2004798873321476       4   2 0  0 0  0 1  0 1
   247  0.5876159499127389       4   1 1  0 0  0 1  0 1
   248  0.3652430401793810       4   0 2  0 0  0 1  0 1
   249  0.8632558673986268E-03   4   1 0  1 0  0 1  0 1
   250  0.8466840518381403E-03   4   0 1  1 0  0 1  0 1
   251  -.5527957489517336E-01   4   0 0  2 0  0 1  0 1
   252  0.6264701413515023E-04   4   1 0  0 1  0 1  0 1
   253  0.1886564403931418E-03   4   0 1  0 1  0 1  0 1
   254  -.2068587690410791       4   0 0  1 1  0 1  0 1
   255  -.1410490586820283       4   0 0  0 2  0 1  0 1
   256  0.2002100909480694       4   2 0  0 0  0 0  1 1
   257  0.5868251640607312       4   1 1  0 0  0 0  1 1
   258  0.3647515133092174       4   0 2  0 0  0 0  1 1
   259  0.8620941383361228E-03   4   1 0  1 0  0 0  1 1
   260  0.8455446243440146E-03   4   0 1  1 0  0 0  1 1
   261  -.5520518224851582E-01   4   0 0  2 0  0 0  1 1
   262  0.6256270673598007E-04   4   1 0  0 1  0 0  1 1
   263  0.1884025554467317E-03   4   0 1  0 1  0 0  1 1
   264  -.2065803882586201       4   0 0  1 1  0 0  1 1
   265  -.1408592415062660       4   0 0  0 2  0 0  1 1
   266  -.6758316670578569E-01   4   2 0  0 0  0 0  0 2
   267  -.1183188714426711       4   1 1  0 0  0 0  0 2
   268  -.5176655463744946E-01   4   0 2  0 0  0 0  0 2
   269  -.7150694130881327E-03   4   1 0  1 0  0 0  0 2
   270  -.6821891885299447E-03   4   0 1  1 0  0 0  0 2
   271  -.7254705476827062E-02   4   0 0  2 0  0 0  0 2
   272  -.5738441729563631E-03   4   1 0  0 1  0 0  0 2
   273  -.5575104381933092E-03   4   0 1  0 1  0 0  0 2
   274  -.1518897746799514E-01   4   0 0  1 1  0 0  0 2
   275  -.7639641514295795E-02   4   0 0  0 2  0 0  0 2
   276  -.2952166117190456       4   1 0  0 0  0 3  0 0
   277  -1.119155696969468       4   0 1  0 0  0 3  0 0
   278  -.1329143632233524E-04   4   0 0  1 0  0 3  0 0
   279  -.2822595767383125E-04   4   0 0  0 1  0 3  0 0
   280  -.2098785731123335       4   1 0  0 0  0 2  1 0
   281  -1.017625707122825       4   0 1  0 0  0 2  1 0
   282  -.8863131941494415E-05   4   0 0  1 0  0 2  1 0
   283  -.2797946639487202E-04   4   0 0  0 1  0 2  1 0
   284  -.2100500369996893       4   1 0  0 0  0 1  2 0
   285  -1.017827618264200       4   0 1  0 0  0 1  2 0
   286  -.8872034939300657E-05   4   0 0  1 0  0 1  2 0
   287  -.2797988729142729E-04   4   0 0  0 1  0 1  2 0
   288  -.2944796468784846       4   1 0  0 0  0 0  3 0
   289  -1.116212722970901       4   0 1  0 0  0 0  3 0
   290  -.1325865008879424E-04   4   0 0  1 0  0 0  3 0
   291  -.2815017857533003E-04   4   0 0  0 1  0 0  3 0
   292  0.4196926347813240       4   1 0  0 0  0 2  0 1
   293  0.8652603309168667       4   0 1  0 0  0 2  0 1
   294  0.1629678394426066E-04   4   0 0  1 0  0 2  0 1
   295  0.3067915095908892E-04   4   0 0  0 1  0 2  0 1
   296  0.3359901689195187       4   1 0  0 0  0 1  1 1
   297  0.9166364635507713       4   0 1  0 0  0 1  1 1
   298  0.1195795863468127E-04   4   0 0  1 0  0 1  1 1
   299  0.3067180455800201E-04   4   0 0  0 1  0 1  1 1
   300  0.4189017523455356       4   1 0  0 0  0 0  2 1
   301  0.8634791212652966       4   0 1  0 0  0 0  2 1
   302  0.1626680627188368E-04   4   0 0  1 0  0 0  2 1
   303  0.3061722606905556E-04   4   0 0  0 1  0 0  2 1
   304  -.8406240035563851E-01   4   1 0  0 0  0 1  0 2
   305  -.1029608447001449       4   0 1  0 0  0 1  0 2
   306  -.9278776221718630E-06   4   0 0  1 0  0 1  0 2
   307  -.1651197326354772E-05   4   0 0  0 1  0 1  0 2
   308  -.8394927313896464E-01   4   1 0  0 0  0 0  1 2
   309  -.1028222848477251       4   0 1  0 0  0 0  1 2
   310  -.9266289281973372E-06   4   0 0  1 0  0 0  1 2
   311  -.1648975222811237E-05   4   0 0  0 1  0 0  1 2
   312  0.3045974717524023E-02   4   1 0  0 0  0 0  0 3
   313  0.2452564840789274E-02   4   0 1  0 0  0 0  0 3
   314  0.1923036451315127E-06   4   0 0  1 0  0 0  0 3
   315  0.1553717566084839E-06   4   0 0  0 1  0 0  0 3
   316  -.3579840342160237E-04   4   0 0  0 0  0 4  0 0
   317  -.2536708064414194E-04   4   0 0  0 0  0 3  1 0
   318  -.2399767768754974E-04   4   0 0  0 0  0 2  2 0
   319  -.2539684685127923E-04   4   0 0  0 0  0 1  3 0
   320  -.3568504920588764E-04   4   0 0  0 0  0 0  4 0
   321  0.1151049998821633E-04   4   0 0  0 0  0 3  0 1
   322  0.1220649210425696E-04   4   0 0  0 0  0 2  1 1
   323  0.1220505588502375E-04   4   0 0  0 0  0 1  2 1
   324  0.1147906216201135E-04   4   0 0  0 0  0 0  3 1
   325  -.1062630950165095E-05   4   0 0  0 0  0 2  0 2
   326  -.1329183008404444E-05   4   0 0  0 0  0 1  1 2
   327  -.1060306535587230E-05   4   0 0  0 0  0 0  2 2
   328  0.3362718786131796E-07   4   0 0  0 0  0 1  0 3
   329  0.3358193397668865E-07   4   0 0  0 0  0 0  1 3
   330  -.8829507431010019E-14   4   0 0  0 0  0 0  0 4
   ----------------------------------------------------
     I  COEFFICIENT            ORDER EXPONENTS
     1  0.5238018452702328E-04   0   0 0  0 0  0 0  0 0
     2   3.677261906737315       1   1 0  0 0  0 0  0 0
     3   4.361311734740366       1   0 1  0 0  0 0  0 0
     4  0.1048949893286279E-03   1   0 0  1 0  0 0  0 0
     5  0.9669624871668216E-04   1   0 0  0 1  0 0  0 0
     6  0.2976228908382893E-05   1   0 0  0 0  0 1  0 0
     7  0.2972223639782520E-05   1   0 0  0 0  0 0  1 0
     8  0.4643173198859969E-04   1   0 0  0 0  0 0  0 1
     9  -1.031748752982495       2   2 0  0 0  0 0  0 0
    10  -1.884883409320332       2   1 1  0 0  0 0  0 0
    11  -.8650163377936602       2   0 2  0 0  0 0  0 0
    12  0.4897794322775650E-02   2   1 0  1 0  0 0  0 0
    13  0.3582688155031129E-02   2   0 1  1 0  0 0  0 0
    14  0.6057360793036100       2   0 0  2 0  0 0  0 0
    15  0.4595060521354901E-02   2   1 0  0 1  0 0  0 0
    16  0.3479620365877040E-02   2   0 1  0 1  0 0  0 0
    17   1.106263758658647       2   0 0  1 1  0 0  0 0
    18  0.5106038263869207       2   0 0  0 2  0 0  0 0
    19  -.2703772004172235       2   1 0  0 0  0 1  0 0
    20  -1.910479910467775       2   0 1  0 0  0 1  0 0
    21  -.6758762287962933E-05   2   0 0  1 0  0 1  0 0
    22  -.5498125215577287E-04   2   0 0  0 1  0 1  0 0
    23  -.2700133395233406       2   1 0  0 0  0 0  1 0
    24  -1.907908876642070       2   0 1  0 0  0 0  1 0
    25  -.6749666664205167E-05   2   0 0  1 0  0 0  1 0
    26  -.5490726097779830E-04   2   0 0  0 1  0 0  1 0
    27   4.217652446881666       2   1 0  0 0  0 0  0 1
    28   3.818388787310493       2   0 1  0 0  0 0  0 1
    29  0.1184032529096004E-03   2   0 0  1 0  0 0  0 1
    30  0.1098883482807294E-03   2   0 0  0 1  0 0  0 1
    31  -.2386799936962297E-05   2   0 0  0 0  0 2  0 0
    32  -.1798946637501990E-05   2   0 0  0 0  0 1  1 0
    33  -.2382377425290398E-05   2   0 0  0 0  0 0  2 0
    34  0.6572548500887115E-05   2   0 0  0 0  0 1  0 1
    35  0.6563703474867670E-05   2   0 0  0 0  0 0  1 1
    36  -.6568125717658378E-05   2   0 0  0 0  0 0  0 2
    37  -22.31072076787811       3   3 0  0 0  0 0  0 0
    38  -64.43927737065677       3   2 1  0 0  0 0  0 0
    39  -63.64862292552896       3   1 2  0 0  0 0  0 0
    40  -19.71390814327781       3   0 3  0 0  0 0  0 0
    41  -.7480484716860916E-01   3   2 0  1 0  0 0  0 0
    42  -.1349099668015549       3   1 1  1 0  0 0  0 0
    43  -.6110651919319136E-01   3   0 2  1 0  0 0  0 0
    44  -23.10412862116475       3   1 0  2 0  0 0  0 0
    45  -17.81438562601642       3   0 1  2 0  0 0  0 0
    46  0.1484730541879826E-01   3   0 0  3 0  0 0  0 0
    47  -.7101453685901374E-01   3   2 0  0 1  0 0  0 0
    48  -.1292811209246741       3   1 1  0 1  0 0  0 0
    49  -.5905345518522088E-01   3   0 2  0 1  0 0  0 0
    50  -50.25581339296933       3   1 0  1 1  0 0  0 0
    51  -41.01116627445239       3   0 1  1 1  0 0  0 0
    52  0.4017569978382599E-01   3   0 0  2 1  0 0  0 0
    53  -24.23782451125032       3   1 0  0 2  0 0  0 0
    54  -18.73096476347476       3   0 1  0 2  0 0  0 0
    55  0.3661668123189886E-01   3   0 0  1 2  0 0  0 0
    56  0.1129563064633812E-01   3   0 0  0 3  0 0  0 0
    57  0.2082909072120458       3   2 0  0 0  0 1  0 0
    58   1.313442762755119       3   1 1  0 0  0 1  0 0
    59   1.030158543566674       3   0 2  0 0  0 1  0 0
    60  -.1739765806992116E-02   3   1 0  1 0  0 1  0 0
    61  -.3044521996004006E-02   3   0 1  1 0  0 1  0 0
    62  0.2320116653530709E-01   3   0 0  2 0  0 1  0 0
    63  -.4235973503759862E-02   3   1 0  0 1  0 1  0 0
    64  -.4990365722661270E-02   3   0 1  0 1  0 1  0 0
    65  -.5027586626222573       3   0 0  1 1  0 1  0 0
    66  -.4846390726515056       3   0 0  0 2  0 1  0 0
    67  0.2080105991255347       3   2 0  0 0  0 0  1 0
    68   1.311675193385420       3   1 1  0 0  0 0  1 0
    69   1.028772204748432       3   0 2  0 0  0 0  1 0
    70  -.1737424512161385E-02   3   1 0  1 0  0 0  1 0
    71  -.3040424821785134E-02   3   0 1  1 0  0 0  1 0
    72  0.2316994349881607E-01   3   0 0  2 0  0 0  1 0
    73  -.4230272930253021E-02   3   1 0  0 1  0 0  1 0
    74  -.4983649923659503E-02   3   0 1  0 1  0 0  1 0
    75  -.5020820737082965       3   0 0  1 1  0 0  1 0
    76  -.4839868682277800       3   0 0  0 2  0 0  1 0
    77  -1.448053620666305       3   2 0  0 0  0 0  0 1
    78  -2.625123638038430       3   1 1  0 0  0 0  0 1
    79  -1.193916813673374       3   0 2  0 0  0 0  0 1
    80  0.8370067292094335E-02   3   1 0  1 0  0 0  0 1
    81  0.6080075777372997E-02   3   0 1  1 0  0 0  0 1
    82  0.5593667782807364       3   0 0  2 0  0 0  0 1
    83  0.8460906262829228E-02   3   1 0  0 1  0 0  0 1
    84  0.6489032949363257E-02   3   0 1  0 1  0 0  0 1
    85   1.004843786929312       3   0 0  1 1  0 0  0 1
    86  0.4580233949470975       3   0 0  0 2  0 0  0 1
    87  0.2095493533117137       3   1 0  0 0  0 2  0 0
    88   1.552507380481954       3   0 1  0 0  0 2  0 0
    89  0.4593338221804849E-05   3   0 0  1 0  0 2  0 0
    90  0.4404585009617560E-04   3   0 0  0 1  0 2  0 0
    91  0.1488842043768590       3   1 0  0 0  0 1  1 0
    92   1.195494452784458       3   0 1  0 0  0 1  1 0
    93  0.2389356255281720E-05   3   0 0  1 0  0 1  1 0
    94  0.3312534032187460E-04   3   0 0  0 1  0 1  1 0
    95  0.2091671709949569       3   1 0  0 0  0 0  2 0
    96   1.549613669170014       3   0 1  0 0  0 0  2 0
    97  0.4585548982184786E-05   3   0 0  1 0  0 0  2 0
    98  0.4396428600599325E-04   3   0 0  0 1  0 0  2 0
    99  -.5679818422440180       3   1 0  0 0  0 1  0 1
   100  -2.390028384811890       3   0 1  0 0  0 1  0 1
   101  -.1167702975504468E-04   3   0 0  1 0  0 1  0 1
   102  -.6635625666810275E-04   3   0 0  0 1  0 1  0 1
   103  -.5672174790487838       3   1 0  0 0  0 0  1 1
   104  -2.386811997249750       3   0 1  0 0  0 0  1 1
   105  -.1166131535871958E-04   3   0 0  1 0  0 0  1 1
   106  -.6626695754514083E-04   3   0 0  0 1  0 0  1 1
   107  0.5675990382407455       3   1 0  0 0  0 0  0 2
   108  0.4792252746455594       3   0 1  0 0  0 0  0 2
   109  0.1168497782242438E-04   3   0 0  1 0  0 0  0 2
   110  0.1143119700024164E-04   3   0 0  0 1  0 0  0 2
   111  0.2093612911870888E-05   3   0 0  0 0  0 3  0 0
   112  0.1509760944855697E-05   3   0 0  0 0  0 2  1 0
   113  0.1510933838088113E-05   3   0 0  0 0  0 1  2 0
   114  0.2088372170605209E-05   3   0 0  0 0  0 0  3 0
   115  -.5408320128916793E-05   3   0 0  0 0  0 2  0 1
   116  -.4248111958097161E-05   3   0 0  0 0  0 1  1 1
   117  -.5398183412138895E-05   3   0 0  0 0  0 0  2 1
   118  0.4248297367768572E-05   3   0 0  0 0  0 1  0 2
   119  0.4242580209386201E-05   3   0 0  0 0  0 0  1 2
   120  -.6411383305520509E-06   3   0 0  0 0  0 0  0 3
   121  -113.0231365537192       4   4 0  0 0  0 0  0 0
   122  -419.1199239392167       4   3 1  0 0  0 0  0 0
   123  -585.0197379143074       4   2 2  0 0  0 0  0 0
   124  -365.1444992573390       4   1 3  0 0  0 0  0 0
   125  -86.16616667937880       4   0 4  0 0  0 0  0 0
   126  -.5233802904873713E-01   4   3 0  1 0  0 0  0 0
   127  -.1360878446841190       4   2 1  1 0  0 0  0 0
   128  -.1183089360159066       4   1 2  1 0  0 0  0 0
   129  -.3248632350087573E-01   4   0 3  1 0  0 0  0 0
   130   412.7710912136644       4   2 0  2 0  0 0  0 0
   131   738.1736551037972       4   1 1  2 0  0 0  0 0
   132   331.6210552149799       4   0 2  2 0  0 0  0 0
   133  0.3847035979807541E-01   4   1 0  3 0  0 0  0 0
   134  0.3724741532506534E-01   4   0 1  3 0  0 0  0 0
   135  -45.07110753570043       4   0 0  4 0  0 0  0 0
   136  -.4949209442733447E-01   4   3 0  0 1  0 0  0 0
   137  -.1307726863680609       4   2 1  0 1  0 0  0 0
   138  -.1135884155091781       4   1 2  0 1  0 0  0 0
   139  -.3089880097738082E-01   4   0 3  0 1  0 0  0 0
   140   777.3732418961017       4   2 0  1 1  0 0  0 0
   141   1401.216695297170       4   1 1  1 1  0 0  0 0
   142   634.9681535496607       4   0 2  1 1  0 0  0 0
   143  0.1121271881385545       4   1 0  2 1  0 0  0 0
   144  0.1087427244714029       4   0 1  2 1  0 0  0 0
   145  -161.6336607520219       4   0 0  3 1  0 0  0 0
   146   368.9063665798719       4   2 0  0 2  0 0  0 0
   147   669.2201428993479       4   1 1  0 2  0 0  0 0
   148   305.3995070556697       4   0 2  0 2  0 0  0 0
   149  0.1089308491623265       4   1 0  1 2  0 0  0 0
   150  0.1073145805374679       4   0 1  1 2  0 0  0 0
   151  -219.4203491659964       4   0 0  2 2  0 0  0 0
   152  0.3735630586825183E-01   4   1 0  0 3  0 0  0 0
   153  0.3734716058132669E-01   4   0 1  0 3  0 0  0 0
   154  -133.1572834052534       4   0 0  1 3  0 0  0 0
   155  -30.36706993476805       4   0 0  0 4  0 0  0 0
   156   18.68094814022501       4   3 0  0 0  0 1  0 0
   157   85.21026399827768       4   2 1  0 0  0 1  0 0
   158   113.7830836034374       4   1 2  0 0  0 1  0 0
   159   45.27251935127379       4   0 3  0 0  0 1  0 0
   160  -.6420190811544300E-02   4   2 0  1 0  0 1  0 0
   161  0.4761150000256792E-01   4   1 1  1 0  0 1  0 0
   162  0.4809793678724029E-01   4   0 2  1 0  0 1  0 0
   163   6.395241891337467       4   1 0  2 0  0 1  0 0
   164   12.68896486018462       4   0 1  2 0  0 1  0 0
   165  0.1285353710235633E-02   4   0 0  3 0  0 1  0 0
   166  0.2325939238622048E-01   4   2 0  0 1  0 1  0 0
   167  0.9825329283245411E-01   4   1 1  0 1  0 1  0 0
   168  0.7015423108453916E-01   4   0 2  0 1  0 1  0 0
   169   41.93538904509762       4   1 0  1 1  0 1  0 0
   170   53.07739226418047       4   0 1  1 1  0 1  0 0
   171  -.1382254506779754E-01   4   0 0  2 1  0 1  0 0
   172   33.84197009721456       4   1 0  0 2  0 1  0 0
   173   35.48258569777047       4   0 1  0 2  0 1  0 0
   174  -.2803194823903535E-01   4   0 0  1 2  0 1  0 0
   175  -.1333305961835296E-01   4   0 0  0 3  0 1  0 0
   176   18.65580820061932       4   3 0  0 0  0 0  1 0
   177   85.09559204080567       4   2 1  0 0  0 0  1 0
   178   113.6299596919311       4   1 2  0 0  0 0  1 0
   179   45.21159372834946       4   0 3  0 0  0 0  1 0
   180  -.6411550821323349E-02   4   2 0  1 0  0 0  1 0
   181  0.4754742668971646E-01   4   1 1  1 0  0 0  1 0
   182  0.4803320885068915E-01   4   0 2  1 0  0 0  1 0
   183   6.386635476197379       4   1 0  2 0  0 0  1 0
   184   12.67188864928595       4   0 1  2 0  0 0  1 0
   185  0.1283623941789017E-02   4   0 0  3 0  0 0  1 0
   186  0.2322809099212418E-01   4   2 0  0 1  0 0  1 0
   187  0.9812106818147728E-01   4   1 1  0 1  0 0  1 0
   188  0.7005982082659991E-01   4   0 2  0 1  0 0  1 0
   189   41.87895437486711       4   1 0  1 1  0 0  1 0
   190   53.00596321112217       4   0 1  1 1  0 0  1 0
   191  -.1380394333807928E-01   4   0 0  2 1  0 0  1 0
   192   33.79642716877452       4   1 0  0 2  0 0  1 0
   193   35.43483490617476       4   0 1  0 2  0 0  1 0
   194  -.2799422416419522E-01   4   0 0  1 2  0 0  1 0
   195  -.1331511661508392E-01   4   0 0  0 3  0 0  1 0
   196  -59.66013603280347       4   3 0  0 0  0 0  0 1
   197  -170.3459633584437       4   2 1  0 0  0 0  0 1
   198  -163.8069445297962       4   1 2  0 0  0 0  0 1
   199  -51.07137462797209       4   0 3  0 0  0 0  0 1
   200  -.8889682760584456E-03   4   2 0  1 0  0 0  0 1
   201  -.1480599934972087E-02   4   1 1  1 0  0 0  0 1
   202  -.5956618284224687E-03   4   0 2  1 0  0 0  0 1
   203  -35.86288518104896       4   1 0  2 0  0 0  0 1
   204  -25.33846706009738       4   0 1  2 0  0 0  0 1
   205  -.1063829691582875E-02   4   0 0  3 0  0 0  0 1
   206  -.3624658468670996E-03   4   2 0  0 1  0 0  0 1
   207  -.7538545936381745E-03   4   1 1  0 1  0 0  0 1
   208  -.3109705823321002E-03   4   0 2  0 1  0 0  0 1
   209  -83.76511161745266       4   1 0  1 1  0 0  0 1
   210  -65.02362326144252       4   0 1  1 1  0 0  0 1
   211  -.3271887189180669E-02   4   0 0  2 1  0 0  0 1
   212  -43.37393700455760       4   1 0  0 2  0 0  0 1
   213  -33.42883003022170       4   0 1  0 2  0 0  0 1
   214  -.3292624686434036E-02   4   0 0  1 2  0 0  0 1
   215  -.1028474333879484E-02   4   0 0  0 3  0 0  0 1
   216  -.1685730658217807       4   2 0  0 0  0 2  0 0
   217  -1.188777997671059       4   1 1  0 0  0 2  0 0
   218  -1.160517503601716       4   0 2  0 0  0 2  0 0
   219  -.1016906229967896E-02   4   1 0  1 0  0 2  0 0
   220  0.9461959383470211E-03   4   0 1  1 0  0 2  0 0
   221  -.1270086105471944E-01   4   0 0  2 0  0 2  0 0
   222  0.1494401463757107E-02   4   1 0  0 1  0 2  0 0
   223  0.3766364706226950E-02   4   0 1  0 1  0 2  0 0
   224  0.3607295999936679       4   0 0  1 1  0 2  0 0
   225  0.4691105729628763       4   0 0  0 2  0 2  0 0
   226  -.1324135592692640       4   2 0  0 0  0 1  1 0
   227  -1.072602419067599       4   1 1  0 0  0 1  1 0
   228  -1.294908364391519       4   0 2  0 0  0 1  1 0
   229  -.1215423102438162E-02   4   1 0  1 0  0 1  1 0
   230  0.9669716674052066E-03   4   0 1  1 0  0 1  1 0
   231  -.1432324524904573E-02   4   0 0  2 0  0 1  1 0
   232  0.1548079644117108E-02   4   1 0  0 1  0 1  1 0
   233  0.4947641375818850E-02   4   0 1  0 1  0 1  1 0
   234  0.2197545306464997       4   0 0  1 1  0 1  1 0
   235  0.4537474470151578       4   0 0  0 2  0 1  1 0
   236  -.1682571101705571       4   2 0  0 0  0 0  2 0
   237  -1.186456467374171       4   1 1  0 0  0 0  2 0
   238  -1.158084420513723       4   0 2  0 0  0 0  2 0
   239  -.1014719895923559E-02   4   1 0  1 0  0 0  2 0
   240  0.9442719399967613E-03   4   0 1  1 0  0 0  2 0
   241  -.1268280505706096E-01   4   0 0  2 0  0 0  2 0
   242  0.1491348702382587E-02   4   1 0  0 1  0 0  2 0
   243  0.3757966958813269E-02   4   0 1  0 1  0 0  2 0
   244  0.3600962794532595       4   0 0  1 1  0 0  2 0
   245  0.4681739500972905       4   0 0  0 2  0 0  2 0
   246  0.4745890970609262       4   2 0  0 0  0 1  0 1
   247   2.150806866164748       4   1 1  0 0  0 1  0 1
   248   1.564016806792889       4   0 2  0 0  0 1  0 1
   249  0.1634551073633063E-02   4   1 0  1 0  0 1  0 1
   250  -.1499723645970904E-02   4   0 1  1 0  0 1  0 1
   251  0.2621479863028844E-01   4   0 0  2 0  0 1  0 1
   252  -.2113501457521120E-02   4   1 0  0 1  0 1  0 1
   253  -.4410233439162459E-02   4   0 1  0 1  0 1  0 1
   254  -.4378707180755503       4   0 0  1 1  0 1  0 1
   255  -.4221417060756148       4   0 0  0 2  0 1  0 1
   256  0.4739504174207240       4   2 0  0 0  0 0  1 1
   257   2.147912411648296       4   1 1  0 0  0 0  1 1
   258   1.561912026683871       4   0 2  0 0  0 0  1 1
   259  0.1632351371831893E-02   4   1 0  1 0  0 0  1 1
   260  -.1497705388567684E-02   4   0 1  1 0  0 0  1 1
   261  0.2617951998975157E-01   4   0 0  2 0  0 0  1 1
   262  -.2110657206865457E-02   4   1 0  0 1  0 0  1 1
   263  -.4404298354847135E-02   4   0 1  0 1  0 0  1 1
   264  -.4372814522992978       4   0 0  1 1  0 0  1 1
   265  -.4215736076624283       4   0 0  0 2  0 0  1 1
   266  -.4792974114467223       4   2 0  0 0  0 0  0 2
   267  -.8483765409199348       4   1 1  0 0  0 0  0 2
   268  -.3752441096920832       4   0 2  0 0  0 0  0 2
   269  -.2134939507664559E-04   4   1 0  1 0  0 0  0 2
   270  -.8707958806448916E-04   4   0 1  1 0  0 0  0 2
   271  -.2557767653340418E-01   4   0 0  2 0  0 0  0 2
   272  -.1934888934132237E-04   4   1 0  0 1  0 0  0 2
   273  -.7156579300338669E-04   4   0 1  0 1  0 0  0 2
   274  -.6473452308101107E-01   4   0 0  1 1  0 0  0 2
   275  -.3641585836702406E-01   4   0 0  0 2  0 0  0 2
   276  -.1792817064177934       4   1 0  0 0  0 3  0 0
   277  -1.376527567259179       4   0 1  0 0  0 3  0 0
   278  -.5720120374513343E-05   4   0 0  1 0  0 3  0 0
   279  -.4503484634797726E-04   4   0 0  0 1  0 3  0 0
   280  -.1187055998211858       4   1 0  0 0  0 2  1 0
   281  -1.024710261302904       4   0 1  0 0  0 2  1 0
   282  -.2987704057589743E-05   4   0 0  1 0  0 2  1 0
   283  -.3166847837927123E-04   4   0 0  0 1  0 2  1 0
   284  -.1188273934928807       4   1 0  0 0  0 1  2 0
   285  -1.025416710585567       4   0 1  0 0  0 1  2 0
   286  -.2993204254104592E-05   4   0 0  1 0  0 1  2 0
   287  -.3169533778079587E-04   4   0 0  0 1  0 1  2 0
   288  -.1788400366194152       4   1 0  0 0  0 0  3 0
   289  -1.373060294559643       4   0 1  0 0  0 0  3 0
   290  -.5706565928637803E-05   4   0 0  1 0  0 0  3 0
   291  -.4492265744591465E-04   4   0 0  0 1  0 0  3 0
   292  0.4469107644283449       4   1 0  0 0  0 2  0 1
   293   2.049167872969369       4   0 1  0 0  0 2  0 1
   294  0.8582178275637628E-05   4   0 0  1 0  0 2  0 1
   295  0.5877370968714204E-04   4   0 0  0 1  0 2  0 1
   296  0.3261036933998275       4   1 0  0 0  0 1  1 1
   297   1.709160688947487       4   0 1  0 0  0 1  1 1
   298  0.5551628464800275E-05   4   0 0  1 0  0 1  1 1
   299  0.4620919485796763E-04   4   0 0  0 1  0 1  1 1
   300  0.4460899054928394       4   1 0  0 0  0 0  2 1
   301   2.045260145467256       4   0 1  0 0  0 0  2 1
   302  0.8566893224604386E-05   4   0 0  1 0  0 0  2 1
   303  0.5866352172021641E-04   4   0 0  0 1  0 0  2 1
   304  -.3258978590553236       4   1 0  0 0  0 1  0 2
   305  -.5136405438584701       4   0 1  0 0  0 1  0 2
   306  -.3557812982217997E-05   4   0 0  1 0  0 1  0 2
   307  -.7491274247386249E-05   4   0 0  0 1  0 1  0 2
   308  -.3254592810756445       4   1 0  0 0  0 0  1 2
   309  -.5129493106215894       4   0 1  0 0  0 0  1 2
   310  -.3553025045180550E-05   4   0 0  1 0  0 0  1 2
   311  -.7481192843555743E-05   4   0 0  0 1  0 0  1 2
   312  0.2790795870258733E-01   4   1 0  0 0  0 0  0 3
   313  0.2270304580731095E-01   4   0 1  0 0  0 0  0 3
   314  0.1732750318835966E-05   4   0 0  1 0  0 0  0 3
   315  0.1418659565315804E-05   4   0 0  0 1  0 0  0 3
   316  -.4669931369934456E-04   4   0 0  0 0  0 4  0 0
   317  -.3071177444557438E-04   4   0 0  0 0  0 3  1 0
   318  -.2860388943092164E-04   4   0 0  0 0  0 2  2 0
   319  -.3075744473165840E-04   4   0 0  0 0  0 1  3 0
   320  -.4655304011373511E-04   4   0 0  0 0  0 0  4 0
   321  0.5849035097199024E-04   4   0 0  0 0  0 3  0 1
   322  0.4269344753720159E-04   4   0 0  0 0  0 2  1 1
   323  0.4272517673594760E-04   4   0 0  0 0  0 1  2 1
   324  0.5834359195178219E-04   4   0 0  0 0  0 0  3 1
   325  -.5937736410470832E-05   4   0 0  0 0  0 2  0 2
   326  -.7207017883329102E-05   4   0 0  0 0  0 1  1 2
   327  -.5924896252139359E-05   4   0 0  0 0  0 0  2 2
   328  0.7022064667215970E-07   4   0 0  0 0  0 1  0 3
   329  0.7012614703525267E-07   4   0 0  0 0  0 0  1 3
   330  0.3398067764887623E-12   4   0 0  0 0  0 0  0 4
   ----------------------------------------------------
     I  COEFFICIENT            ORDER EXPONENTS
     1  0.2355124279248736E-04   0   0 0  0 0  0 0  0 0
     2  0.2278301396208679E-04   1   1 0  0 0  0 0  0 0
     3  0.2020081170024394E-04   1   0 1  0 0  0 0  0 0
     4  0.3702289314238740       1   0 0  1 0  0 0  0 0
     5  0.5803890092631698       1   0 0  0 1  0 0  0 0
     6  -.2449678630212776E-04   1   0 0  0 0  0 1  0 0
     7  -.2446381968161592E-04   1   0 0  0 0  0 0  1 0
     8  0.4896060598392633E-04   1   0 0  0 0  0 0  0 1
     9  0.7383541312462013E-03   2   2 0  0 0  0 0  0 0
    10  0.1440711203586258E-02   2   1 1  0 0  0 0  0 0
    11  0.7466062914806802E-03   2   0 2  0 0  0 0  0 0
    12  0.2681788906298881       2   1 0  1 0  0 0  0 0
    13  0.2382363516956679       2   0 1  1 0  0 0  0 0
    14  0.1898034088110356E-03   2   0 0  2 0  0 0  0 0
    15  0.2460044243409540       2   1 0  0 1  0 0  0 0
    16  0.2199786909394960       2   0 1  0 1  0 0  0 0
    17  0.3021456511186065E-03   2   0 0  1 1  0 0  0 0
    18  0.1724540062810131E-03   2   0 0  0 2  0 0  0 0
    19  -.1269911933000721E-04   2   1 0  0 0  0 1  0 0
    20  -.2145498014139967E-04   2   0 1  0 0  0 1  0 0
    21  0.2824563310489239       2   0 0  1 0  0 1  0 0
    22  -.3502895516164728E-01   2   0 0  0 1  0 1  0 0
    23  -.1268202945370165E-04   2   1 0  0 0  0 0  1 0
    24  -.2142610704026358E-04   2   0 1  0 0  0 0  1 0
    25  0.2820762146303045       2   0 0  1 0  0 0  1 0
    26  -.3498181484464791E-01   2   0 0  0 1  0 0  1 0
    27  0.2538111567578281E-04   2   1 0  0 0  0 0  0 1
    28  0.2268024301166984E-04   2   0 1  0 0  0 0  0 1
    29  -.5645325457024820       2   0 0  1 0  0 0  0 1
    30  -.5103782392803954       2   0 0  0 1  0 0  0 1
    31  0.1713261426720736E-04   2   0 0  0 0  0 2  0 0
    32  0.9788224279311184E-05   2   0 0  0 0  0 1  1 0
    33  0.1710297173689309E-04   2   0 0  0 0  0 0  2 0
    34  -.1955668234549444E-04   2   0 0  0 0  0 1  0 1
    35  -.1953036388406839E-04   2   0 0  0 0  0 0  1 1
    36  -.4936772010669385E-05   2   0 0  0 0  0 0  0 2
    37  -.5497105844499894E-02   3   3 0  0 0  0 0  0 0
    38  -.1484898504219150E-01   3   2 1  0 0  0 0  0 0
    39  -.1341574620304171E-01   3   1 2  0 0  0 0  0 0
    40  -.4043361964872705E-02   3   0 3  0 0  0 0  0 0
    41  -7.249126872822965       3   2 0  1 0  0 0  0 0
    42  -14.96610693099536       3   1 1  1 0  0 0  0 0
    43  -8.130357603940888       3   0 2  1 0  0 0  0 0
    44  0.9847169002129043E-02   3   1 0  2 0  0 0  0 0
    45  0.8648937199609550E-02   3   0 1  2 0  0 0  0 0
    46  -1.433530493767065       3   0 0  3 0  0 0  0 0
    47  -7.578609204161358       3   2 0  0 1  0 0  0 0
    48  -14.92762468870584       3   1 1  0 1  0 0  0 0
    49  -7.503177198247025       3   0 2  0 1  0 0  0 0
    50  0.1785609648379254E-01   3   1 0  1 1  0 0  0 0
    51  0.1578494857306822E-01   3   0 1  1 1  0 0  0 0
    52  -3.278724512267803       3   0 0  2 1  0 0  0 0
    53  0.8212327967747679E-02   3   1 0  0 2  0 0  0 0
    54  0.7319282103435437E-02   3   0 1  0 2  0 0  0 0
    55  -3.026879617750637       3   0 0  1 2  0 0  0 0
    56  -.8362838772388006       3   0 0  0 3  0 0  0 0
    57  -.7720226905185676E-03   3   2 0  0 0  0 1  0 0
    58  -.2244416442250609E-02   3   1 1  0 0  0 1  0 0
    59  -.1510243424799381E-02   3   0 2  0 0  0 1  0 0
    60  -.1169927641092541       3   1 0  1 0  0 1  0 0
    61  -.2219961074296929       3   0 1  1 0  0 1  0 0
    62  -.4099381110632408E-03   3   0 0  2 0  0 1  0 0
    63  -.2335419110290979       3   1 0  0 1  0 1  0 0
    64  -.3178776978050898       3   0 1  0 1  0 1  0 0
    65  -.7275581276289507E-03   3   0 0  1 1  0 1  0 0
    66  -.3792469592757383E-03   3   0 0  0 2  0 1  0 0
    67  -.7709837387658390E-03   3   2 0  0 0  0 0  1 0
    68  -.2241396012378316E-02   3   1 1  0 0  0 0  1 0
    69  -.1508211010373596E-02   3   0 2  0 0  0 0  1 0
    70  -.1168353207609942       3   1 0  1 0  0 0  1 0
    71  -.2216973555306286       3   0 1  1 0  0 0  1 0
    72  -.4093864356730861E-03   3   0 0  2 0  0 0  1 0
    73  -.2332276213316843       3   1 0  0 1  0 0  1 0
    74  -.3174499129804410       3   0 1  0 1  0 0  1 0
    75  -.7265790141894146E-03   3   0 0  1 1  0 0  1 0
    76  -.3787365865912353E-03   3   0 0  0 2  0 0  1 0
    77  0.1542385558124887E-02   3   2 0  0 0  0 0  0 1
    78  0.3043824689014788E-02   3   1 1  0 0  0 0  0 1
    79  0.1524583160015064E-02   3   0 2  0 0  0 0  0 1
    80  0.2338284690151696       3   1 0  1 0  0 0  0 1
    81  0.2054574206304665       3   0 1  1 0  0 0  0 1
    82  0.8196152870783480E-03   3   0 0  2 0  0 0  0 1
    83  0.2207654222087103       3   1 0  0 1  0 0  0 1
    84  0.1953704816030472       3   0 1  0 1  0 0  0 1
    85  0.1152593686029655E-02   3   0 0  1 1  0 0  0 1
    86  0.4133888678847472E-03   3   0 0  0 2  0 0  0 1
    87  0.1020735338943331E-04   3   1 0  0 0  0 2  0 0
    88  0.2237549659687658E-04   3   0 1  0 0  0 2  0 0
    89  -.1961211140621230       3   0 0  1 0  0 2  0 0
    90  -.8834112043206073E-01   3   0 0  0 1  0 2  0 0
    91  0.7785572698187038E-05   3   1 0  0 0  0 1  1 0
    92  0.2337649747504736E-04   3   0 1  0 0  0 1  1 0
    93  -.1100178478463112       3   0 0  1 0  0 1  1 0
    94  -.2113792822608800       3   0 0  0 1  0 1  1 0
    95  0.1018837808588990E-04   3   1 0  0 0  0 0  2 0
    96  0.2232965521379884E-04   3   0 1  0 0  0 0  2 0
    97  -.1957831550923514       3   0 0  1 0  0 0  2 0
    98  -.8808000297750322E-01   3   0 0  0 1  0 0  2 0
    99  -.1564278578284194E-04   3   1 0  0 0  0 1  0 1
   100  -.2542084667973886E-04   3   0 1  0 0  0 1  0 1
   101  0.2198040023522965       3   0 0  1 0  0 1  0 1
   102  0.4581196320251794       3   0 0  0 1  0 1  0 1
   103  -.1562173445895432E-04   3   1 0  0 0  0 0  1 1
   104  -.2538663650232025E-04   3   0 1  0 0  0 0  1 1
   105  0.2195082004849345       3   0 0  1 0  0 0  1 1
   106  0.4575031162148303       3   0 0  0 1  0 0  1 1
   107  0.3036936936212347E-05   3   1 0  0 0  0 0  0 2
   108  0.2847483487296095E-05   3   0 1  0 0  0 0  0 2
   109  0.6261010182811461E-01   3   0 0  1 0  0 0  0 2
   110  0.5256678143839727E-01   3   0 0  0 1  0 0  0 2
   111  -.1347760765922088E-04   3   0 0  0 0  0 3  0 0
   112  -.6171619895110795E-05   3   0 0  0 0  0 2  1 0
   113  -.6186331363183511E-05   3   0 0  0 0  0 1  2 0
   114  -.1344625423279050E-04   3   0 0  0 0  0 0  3 0
   115  0.1233776710480120E-04   3   0 0  0 0  0 2  0 1
   116  0.5137958447115460E-05   3   0 0  0 0  0 1  1 1
   117  0.1231770630811379E-04   3   0 0  0 0  0 0  2 1
   118  0.4650453202818234E-05   3   0 0  0 0  0 1  0 2
   119  0.4644194842066143E-05   3   0 0  0 0  0 0  1 2
   120  0.1930566514977676E-06   3   0 0  0 0  0 0  0 3
   121  -.9357738529456683E-03   4   4 0  0 0  0 0  0 0
   122  -.1551014474411677E-02   4   3 1  0 0  0 0  0 0
   123  0.8726026772183614E-03   4   2 2  0 0  0 0  0 0
   124  0.3341123833954157E-02   4   1 3  0 0  0 0  0 0
   125  0.1849741057127994E-02   4   0 4  0 0  0 0  0 0
   126   64.58549767070414       4   3 0  1 0  0 0  0 0
   127   176.1799187182251       4   2 1  1 0  0 0  0 0
   128   161.0220926622674       4   1 2  1 0  0 0  0 0
   129   49.41369429463960       4   0 3  1 0  0 0  0 0
   130  0.1797468316300451E-01   4   2 0  2 0  0 0  0 0
   131  0.3584895851090286E-01   4   1 1  2 0  0 0  0 0
   132  0.1870618292925946E-01   4   0 2  2 0  0 0  0 0
   133  -39.17943175490447       4   1 0  3 0  0 0  0 0
   134  -34.30071608912137       4   0 1  3 0  0 0  0 0
   135  0.1279943051706177E-02   4   0 0  4 0  0 0  0 0
   136   60.46763905778616       4   3 0  0 1  0 0  0 0
   137   165.9136698404202       4   2 1  0 1  0 0  0 0
   138   152.6323992770033       4   1 2  0 1  0 0  0 0
   139   47.16989751915949       4   0 3  0 1  0 0  0 0
   140  0.2768411628152052E-01   4   2 0  1 1  0 0  0 0
   141  0.5475697185542948E-01   4   1 1  1 1  0 0  0 0
   142  0.2827443515215866E-01   4   0 2  1 1  0 0  0 0
   143  -107.0233325067090       4   1 0  2 1  0 0  0 0
   144  -94.30847286490284       4   0 1  2 1  0 0  0 0
   145  0.2368318729526673E-02   4   0 0  3 1  0 0  0 0
   146  0.1106973198737705E-01   4   2 0  0 2  0 0  0 0
   147  0.2242974404356854E-01   4   1 1  0 2  0 0  0 0
   148  0.1180238661042656E-01   4   0 2  0 2  0 0  0 0
   149  -98.02109726078095       4   1 0  1 2  0 0  0 0
   150  -86.82428864429345       4   0 1  1 2  0 0  0 0
   151  0.9358301713230932E-03   4   0 0  2 2  0 0  0 0
   152  -29.97517910020370       4   1 0  0 3  0 0  0 0
   153  -26.65214208114663       4   0 1  0 3  0 0  0 0
   154  -.4083939880408990E-03   4   0 0  1 3  0 0  0 0
   155  -.2122963797382664E-03   4   0 0  0 4  0 0  0 0
   156  0.5568959302488111E-03   4   3 0  0 0  0 1  0 0
   157  0.7863360725152318E-02   4   2 1  0 0  0 1  0 0
   158  0.1275203892323545E-01   4   1 2  0 0  0 1  0 0
   159  0.5506932541697079E-02   4   0 3  0 0  0 1  0 0
   160   8.505546406292531       4   2 0  1 0  0 1  0 0
   161   24.51588389500770       4   1 1  1 0  0 1  0 0
   162   16.75671836012231       4   0 2  1 0  0 1  0 0
   163  -.6367044789036702E-03   4   1 0  2 0  0 1  0 0
   164  -.4454761287899341E-02   4   0 1  2 0  0 1  0 0
   165   1.893690678627683       4   0 0  3 0  0 1  0 0
   166   11.82978621752506       4   2 0  0 1  0 1  0 0
   167   30.83579637730761       4   1 1  0 1  0 1  0 0
   168   19.36510405185564       4   0 2  0 1  0 1  0 0
   169  -.8823177719932148E-02   4   1 0  1 1  0 1  0 0
   170  -.1480288646137166E-01   4   0 1  1 1  0 1  0 0
   171   5.706385358206339       4   0 0  2 1  0 1  0 0
   172  -.7582094235727425E-02   4   1 0  0 2  0 1  0 0
   173  -.9970286170706116E-02   4   0 1  0 2  0 1  0 0
   174   5.959096820869551       4   0 0  1 2  0 1  0 0
   175   2.116477831772750       4   0 0  0 3  0 1  0 0
   176  0.5561464859514615E-03   4   3 0  0 0  0 0  1 0
   177  0.7852778584875706E-02   4   2 1  0 0  0 0  1 0
   178  0.1273487783023528E-01   4   1 2  0 0  0 0  1 0
   179  0.5499521571415186E-02   4   0 3  0 0  0 0  1 0
   180   8.494100042791485       4   2 0  1 0  0 0  1 0
   181   24.48289157385545       4   1 1  1 0  0 0  1 0
   182   16.73416795827008       4   0 2  1 0  0 0  1 0
   183  -.6358476320228033E-03   4   1 0  2 0  0 0  1 0
   184  -.4448766280103712E-02   4   0 1  2 0  0 0  1 0
   185   1.891142238958937       4   0 0  3 0  0 0  1 0
   186   11.81386624875205       4   2 0  0 1  0 0  1 0
   187   30.79429901578383       4   1 1  0 1  0 0  1 0
   188   19.33904340746841       4   0 2  0 1  0 0  1 0
   189  -.8811303903178622E-02   4   1 0  1 1  0 0  1 0
   190  -.1478296543440782E-01   4   0 1  1 1  0 0  1 0
   191   5.698705973723895       4   0 0  2 1  0 0  1 0
   192  -.7571890610636703E-02   4   1 0  0 2  0 0  1 0
   193  -.9956868629460894E-02   4   0 1  0 2  0 0  1 0
   194   5.951077349210530       4   0 0  1 2  0 0  1 0
   195   2.113629575652896       4   0 0  0 3  0 0  1 0
   196  0.5459803659676088E-03   4   3 0  0 0  0 0  0 1
   197  0.1812588848707122E-02   4   2 1  0 0  0 0  0 1
   198  0.1965750041499036E-02   4   1 2  0 0  0 0  0 1
   199  0.7114804262585592E-03   4   0 3  0 0  0 0  0 1
   200  -16.99394593070622       4   2 0  1 0  0 0  0 1
   201  -34.02106074716261       4   1 1  1 0  0 0  0 1
   202  -17.22423241590297       4   0 2  1 0  0 0  0 1
   203  -.1226335415237448E-02   4   1 0  2 0  0 0  0 1
   204  -.1147579076397306E-02   4   0 1  2 0  0 0  0 1
   205  -3.785787292746269       4   0 0  3 0  0 0  0 1
   206  -16.05885449684389       4   2 0  0 1  0 0  0 1
   207  -31.76214357487024       4   1 1  0 1  0 0  0 1
   208  -16.18807151148353       4   0 2  0 1  0 0  0 1
   209  -.2558232352746225E-02   4   1 0  1 1  0 0  0 1
   210  -.2402304945441847E-02   4   0 1  1 1  0 0  0 1
   211  -8.129302504767669       4   0 0  2 1  0 0  0 1
   212  -.1245071584321843E-02   4   1 0  0 2  0 0  0 1
   213  -.1161369292845179E-02   4   0 1  0 2  0 0  0 1
   214  -5.859449399690962       4   0 0  1 2  0 0  0 1
   215  -1.722307018663420       4   0 0  0 3  0 0  0 1
   216  0.2467563710427784E-03   4   2 0  0 0  0 2  0 0
   217  0.1686899178653600E-02   4   1 1  0 0  0 2  0 0
   218  0.1623932902774034E-02   4   0 2  0 0  0 2  0 0
   219  0.7914360379392840E-01   4   1 0  1 0  0 2  0 0
   220  0.2102627505453494       4   0 1  1 0  0 2  0 0
   221  0.3815738172629307E-03   4   0 0  2 0  0 2  0 0
   222  0.2242571052279911       4   1 0  0 1  0 2  0 0
   223  0.3856912259247175       4   0 1  0 1  0 2  0 0
   224  0.8649608686996368E-03   4   0 0  1 1  0 2  0 0
   225  0.4894916851534222E-03   4   0 0  0 2  0 2  0 0
   226  0.3161691529167641E-03   4   2 0  0 0  0 1  1 0
   227  0.2340890327662123E-02   4   1 1  0 0  0 1  1 0
   228  0.2379219734104708E-02   4   0 2  0 0  0 1  1 0
   229  0.4076270954203114E-01   4   1 0  1 0  0 1  1 0
   230  0.1975968226807871       4   0 1  1 0  0 1  1 0
   231  0.4601802873228488E-03   4   0 0  2 0  0 1  1 0
   232  0.2143558341635143       4   1 0  0 1  0 1  1 0
   233  0.4524552406575743       4   0 1  0 1  0 1  1 0
   234  0.1287155628900559E-02   4   0 0  1 1  0 1  1 0
   235  0.7712624047746055E-03   4   0 0  0 2  0 1  1 0
   236  0.2462115551751276E-03   4   2 0  0 0  0 0  2 0
   237  0.1683053899299518E-02   4   1 1  0 0  0 0  2 0
   238  0.1620146569512088E-02   4   0 2  0 0  0 0  2 0
   239  0.7900966779514106E-01   4   1 0  1 0  0 0  2 0
   240  0.2098468305992323       4   0 1  1 0  0 0  2 0
   241  0.3807506687310481E-03   4   0 0  2 0  0 0  2 0
   242  0.2238110755949588       4   1 0  0 1  0 0  2 0
   243  0.3848677343801666       4   0 1  0 1  0 0  2 0
   244  0.8629307484348057E-03   4   0 0  1 1  0 0  2 0
   245  0.4883139860144849E-03   4   0 0  0 2  0 0  2 0
   246  -.7230848323854812E-03   4   2 0  0 0  0 1  0 1
   247  -.2808509761900887E-02   4   1 1  0 0  0 1  0 1
   248  -.2063752539683514E-02   4   0 2  0 0  0 1  0 1
   249  -.8084605059581741E-01   4   1 0  1 0  0 1  0 1
   250  -.1718139353887192       4   0 1  1 0  0 1  0 1
   251  -.8874626011285333E-03   4   0 0  2 0  0 1  0 1
   252  -.1943923893756395       4   1 0  0 1  0 1  0 1
   253  -.2680912281857143       4   0 1  0 1  0 1  0 1
   254  -.2001563625478462E-02   4   0 0  1 1  0 1  0 1
   255  -.9283460921471860E-03   4   0 0  0 2  0 1  0 1
   256  -.7221117388958648E-03   4   2 0  0 0  0 0  1 1
   257  -.2804730201823802E-02   4   1 1  0 0  0 0  1 1
   258  -.2060975238776896E-02   4   0 2  0 0  0 0  1 1
   259  -.8073725179106840E-01   4   1 0  1 0  0 0  1 1
   260  -.1715827162917839       4   0 1  1 0  0 0  1 1
   261  -.8862682957845984E-03   4   0 0  2 0  0 0  1 1
   262  -.1941307852594142       4   1 0  0 1  0 0  1 1
   263  -.2677304436455245       4   0 1  0 1  0 0  1 1
   264  -.1998870015481721E-02   4   0 0  1 1  0 0  1 1
   265  -.9270967677278102E-03   4   0 0  0 2  0 0  1 1
   266  0.4173707157349382E-03   4   2 0  0 0  0 0  0 2
   267  0.8361920115965896E-03   4   1 1  0 0  0 0  0 2
   268  0.4129723202442330E-03   4   0 2  0 0  0 0  0 2
   269  -.3700604625121646E-01   4   1 0  1 0  0 0  0 2
   270  -.3488902523514591E-01   4   0 1  1 0  0 0  0 2
   271  0.5350426207139942E-03   4   0 0  2 0  0 0  0 2
   272  -.2745479016917366E-01   4   1 0  0 1  0 0  0 2
   273  -.2637901697197802E-01   4   0 1  0 1  0 0  0 2
   274  0.9302206953275040E-03   4   0 0  1 1  0 0  0 2
   275  0.3929469036701912E-03   4   0 0  0 2  0 0  0 2
   276  -.1423675731018452E-04   4   1 0  0 0  0 3  0 0
   277  -.2894467702483664E-04   4   0 1  0 0  0 3  0 0
   278  0.1533078399488835       4   0 0  1 0  0 3  0 0
   279  0.1436652331864252       4   0 0  0 1  0 3  0 0
   280  -.1035917592623945E-04   4   1 0  0 0  0 2  1 0
   281  -.2936369857925806E-04   4   0 1  0 0  0 2  1 0
   282  0.6773146514795340E-01   4   0 0  1 0  0 2  1 0
   283  0.2542474595213047       4   0 0  0 1  0 2  1 0
   284  -.1036696465042736E-04   4   1 0  0 0  0 1  2 0
   285  -.2936277409958326E-04   4   0 1  0 0  0 1  2 0
   286  0.6790379565372456E-01   4   0 0  1 0  0 1  2 0
   287  0.2540238447207910       4   0 0  0 1  0 1  2 0
   288  -.1420105752710589E-04   4   1 0  0 0  0 0  3 0
   289  -.2886651693544016E-04   4   0 1  0 0  0 0  3 0
   290  0.1529528548626243       4   0 0  1 0  0 0  3 0
   291  0.1432043796144795       4   0 0  0 1  0 0  3 0
   292  0.1814455125477168E-04   4   1 0  0 0  0 2  0 1
   293  0.3252470480067786E-04   4   0 1  0 0  0 2  0 1
   294  -.1354023066285576       4   0 0  1 0  0 2  0 1
   295  -.4202060111983021       4   0 0  0 1  0 2  0 1
   296  0.1464766900341116E-04   4   1 0  0 0  0 1  1 1
   297  0.3358525730675945E-04   4   0 1  0 0  0 1  1 1
   298  -.5122512353957434E-01   4   0 0  1 0  0 1  1 1
   299  -.3823908122222735       4   0 0  0 1  0 1  1 1
   300  0.1811027710155840E-04   4   1 0  0 0  0 0  2 1
   301  0.3245833585761453E-04   4   0 1  0 0  0 0  2 1
   302  -.1351856204070349       4   0 0  1 0  0 0  2 1
   303  -.4193832159852376       4   0 0  0 1  0 0  2 1
   304  -.1837767057028385E-05   4   1 0  0 0  0 1  0 2
   305  -.2832098319379288E-05   4   0 1  0 0  0 1  0 2
   306  -.5879264514222241E-01   4   0 0  1 0  0 1  0 2
   307  -.7578290831952489E-01   4   0 0  0 1  0 1  0 2
   308  -.1835293876734033E-05   4   1 0  0 0  0 0  1 2
   309  -.2828287014933278E-05   4   0 1  0 0  0 0  1 2
   310  -.5871352477119132E-01   4   0 0  1 0  0 0  1 2
   311  -.7568092325303312E-01   4   0 0  0 1  0 0  1 2
   312  0.1917465195281113E-06   4   1 0  0 0  0 0  0 3
   313  0.1547321025184030E-06   4   0 1  0 0  0 0  0 3
   314  -.2572379313375185E-02   4   0 0  1 0  0 0  0 3
   315  -.2079785990523997E-02   4   0 0  0 1  0 0  0 3
   316  0.9948278085094601E-05   4   0 0  0 0  0 4  0 0
   317  0.3134766979338627E-05   4   0 0  0 0  0 3  1 0
   318  0.2253836614613281E-05   4   0 0  0 0  0 2  2 0
   319  0.3154252225894642E-05   4   0 0  0 0  0 1  3 0
   320  0.9919405807221886E-05   4   0 0  0 0  0 0  4 0
   321  -.7398878271410931E-06   4   0 0  0 0  0 3  0 1
   322  0.2960913717131127E-05   4   0 0  0 0  0 2  1 1
   323  0.2953445180639118E-05   4   0 0  0 0  0 1  2 1
   324  -.7403839166721637E-06   4   0 0  0 0  0 0  3 1
   325  -.1687300241452368E-05   4   0 0  0 0  0 2  0 2
   326  -.1919431006378521E-05   4   0 0  0 0  0 1  1 2
   327  -.1683738012412762E-05   4   0 0  0 0  0 0  2 2
   328  -.8114085131463583E-07   4   0 0  0 0  0 1  0 3
   329  -.8103165578097246E-07   4   0 0  0 0  0 0  1 3
   330  -.1574867255170502E-12   4   0 0  0 0  0 0  0 4
   ----------------------------------------------------
     I  COEFFICIENT            ORDER EXPONENTS
     1  0.2452200812307924E-03   0   0 0  0 0  0 0  0 0
     2  0.1055367830146062E-03   1   1 0  0 0  0 0  0 0
     3  0.9785827414646139E-04   1   0 1  0 0  0 0  0 0
     4  -2.699885187170352       1   0 0  1 0  0 0  0 0
     5  -1.531440795582407       1   0 0  0 1  0 0  0 0
     6  0.1769717783933786E-04   1   0 0  0 0  0 1  0 0
     7  0.1767336181144070E-04   1   0 0  0 0  0 0  1 0
     8  0.2098495415783824E-03   1   0 0  0 0  0 0  0 1
     9  0.2440981136059278E-02   2   2 0  0 0  0 0  0 0
    10  0.4455678185219722E-02   2   1 1  0 0  0 0  0 0
    11  0.2110489423426015E-02   2   0 2  0 0  0 0  0 0
    12   1.128963470659438       2   1 0  1 0  0 0  0 0
    13   1.031276623790791       2   0 1  1 0  0 0  0 0
    14  0.1030579751750492E-02   2   0 0  2 0  0 0  0 0
    15   1.085151249825797       2   1 0  0 1  0 0  0 0
    16  0.9979481781661236       2   0 1  0 1  0 0  0 0
    17  0.2593181531999656E-02   2   0 0  1 1  0 0  0 0
    18  0.1397631531180387E-02   2   0 0  0 2  0 0  0 0
    19  -.9999809512472833E-05   2   1 0  0 0  0 1  0 0
    20  -.5850501455196646E-04   2   0 1  0 0  0 1  0 0
    21  -.2199574133586990       2   0 0  1 0  0 1  0 0
    22   1.079003845365454       2   0 0  0 1  0 1  0 0
    23  -.9986352240105662E-05   2   1 0  0 0  0 0  1 0
    24  -.5842628126062833E-04   2   0 1  0 0  0 0  1 0
    25  -.2196614050380341       2   0 0  1 0  0 0  1 0
    26   1.077551772842052       2   0 0  0 1  0 0  1 0
    27  0.1255226856943673E-03   2   1 0  0 0  0 0  0 1
    28  0.1169310422522559E-03   2   0 1  0 0  0 0  0 1
    29  -2.260266368882375       2   0 0  1 0  0 0  0 1
    30  -2.156555618324342       2   0 0  0 1  0 0  0 1
    31  -.1282664953249642E-04   2   0 0  0 0  0 2  0 0
    32  -.7969176444179123E-05   2   0 0  0 0  0 1  1 0
    33  -.1280402576100765E-04   2   0 0  0 0  0 0  2 0
    34  0.3362241280814021E-04   2   0 0  0 0  0 1  0 1
    35  0.3357716534955243E-04   2   0 0  0 0  0 0  1 1
    36  -.3359976742119404E-04   2   0 0  0 0  0 0  0 2
    37  -.2777658238039104E-01   3   3 0  0 0  0 0  0 0
    38  -.7796408643136277E-01   3   2 1  0 0  0 0  0 0
    39  -.7318538197031856E-01   3   1 2  0 0  0 0  0 0
    40  -.2292183770979751E-01   3   0 3  0 0  0 0  0 0
    41  -38.27775736223688       3   2 0  1 0  0 0  0 0
    42  -73.16014997832096       3   1 1  1 0  0 0  0 0
    43  -35.75895362536687       3   0 2  1 0  0 0  0 0
    44  0.3955611019969148E-01   3   1 0  2 0  0 0  0 0
    45  0.3562508515857424E-01   3   0 1  2 0  0 0  0 0
    46  -4.298177510124163       3   0 0  3 0  0 0  0 0
    47  -34.76094529302664       3   2 0  0 1  0 0  0 0
    48  -67.80205813613138       3   1 1  0 1  0 0  0 0
    49  -35.00114159343473       3   0 2  0 1  0 0  0 0
    50  0.7465885042751552E-01   3   1 0  1 1  0 0  0 0
    51  0.6759403928508333E-01   3   0 1  1 1  0 0  0 0
    52  -14.11390096411918       3   0 0  2 1  0 0  0 0
    53  0.3565083834012286E-01   3   1 0  0 2  0 0  0 0
    54  0.3250395991679344E-01   3   0 1  0 2  0 0  0 0
    55  -13.63407165805298       3   0 0  1 2  0 0  0 0
    56  -5.205546148356945       3   0 0  0 3  0 0  0 0
    57  -.1440777804307477E-02   3   2 0  0 0  0 1  0 0
    58  -.4952883903872953E-02   3   1 1  0 0  0 1  0 0
    59  -.3370793150887588E-02   3   0 2  0 0  0 1  0 0
    60  0.1227030274114588       3   1 0  1 0  0 1  0 0
    61  -.3983790635010062       3   0 1  1 0  0 1  0 0
    62  0.9938283419547518E-04   3   0 0  2 0  0 1  0 0
    63  -.4509288035192427       3   1 0  0 1  0 1  0 0
    64  -.9086297798608758       3   0 1  0 1  0 1  0 0
    65  -.1228181232446325E-02   3   0 0  1 1  0 1  0 0
    66  -.1429923080593907E-02   3   0 0  0 2  0 1  0 0
    67  -.1438838873439953E-02   3   2 0  0 0  0 0  1 0
    68  -.4946218546136472E-02   3   1 1  0 0  0 0  1 0
    69  -.3366256896325119E-02   3   0 2  0 0  0 0  1 0
    70  0.1225378994599615       3   1 0  1 0  0 0  1 0
    71  -.3978429437323021       3   0 1  1 0  0 0  1 0
    72  0.9924908946096199E-04   3   0 0  2 0  0 0  1 0
    73  -.4503219647870057       3   1 0  0 1  0 0  1 0
    74  -.9074069887253782       3   0 1  0 1  0 0  1 0
    75  -.1226528404025880E-02   3   0 0  1 1  0 0  1 0
    76  -.1427998757501988E-02   3   0 0  0 2  0 0  1 0
    77  0.5317540180592276E-02   3   2 0  0 0  0 0  0 1
    78  0.9892592681142951E-02   3   1 1  0 0  0 0  0 1
    79  0.4623091625582435E-02   3   0 2  0 0  0 0  0 1
    80  0.8837266273503838       3   1 0  1 0  0 0  0 1
    81  0.7962255177615635       3   0 1  1 0  0 0  0 1
    82  0.8333326857774542E-03   3   0 0  2 0  0 0  0 1
    83  0.9012544237234380       3   1 0  0 1  0 0  0 1
    84  0.8180917483915624       3   0 1  0 1  0 0  0 1
    85  0.2457721405785989E-02   3   0 0  1 1  0 0  0 1
    86  0.1461952703651741E-02   3   0 0  0 2  0 0  0 1
    87  0.7929736976198146E-05   3   1 0  0 0  0 2  0 0
    88  0.4883160458450833E-04   3   0 1  0 0  0 2  0 0
    89  0.1591086779310846       3   0 0  1 0  0 2  0 0
    90  -.7199831063740713       3   0 0  0 1  0 2  0 0
    91  0.6232022875153697E-05   3   1 0  0 0  0 1  1 0
    92  0.3961517115368758E-04   3   0 1  0 0  0 1  1 0
    93  0.9842314183704068E-01   3   0 0  1 0  0 1  1 0
    94  -.3619269561899505       3   0 0  0 1  0 1  1 0
    95  0.7914872128552960E-05   3   1 0  0 0  0 0  2 0
    96  0.4873923319729263E-04   3   0 1  0 0  0 0  2 0
    97  0.1588283303579758       3   0 0  1 0  0 0  2 0
    98  -.7187706549208350       3   0 0  0 1  0 0  2 0
    99  -.2273550526797891E-04   3   1 0  0 0  0 1  0 1
   100  -.7966835392104481E-04   3   0 1  0 0  0 1  0 1
   101  -.4166401034110354       3   0 0  1 0  0 1  0 1
   102  0.7228899367557815       3   0 0  0 1  0 1  0 1
   103  -.2270490889647661E-04   3   1 0  0 0  0 0  1 1
   104  -.7956114000497747E-04   3   0 1  0 0  0 0  1 1
   105  -.4160794087954332       3   0 0  1 0  0 0  1 1
   106  0.7219171055475182       3   0 0  0 1  0 0  1 1
   107  0.2324339537088213E-04   3   1 0  0 0  0 0  0 2
   108  0.2171399053956089E-04   3   0 1  0 0  0 0  0 2
   109  0.4163595885784288       3   0 0  1 0  0 0  0 2
   110  0.3558740467396049       3   0 0  0 1  0 0  0 2
   111  0.1039715241076407E-04   3   0 0  0 0  0 3  0 0
   112  0.5545030986539447E-05   3   0 0  0 0  0 2  1 0
   113  0.5554797376392658E-05   3   0 0  0 0  0 1  2 0
   114  0.1037243832734230E-04   3   0 0  0 0  0 0  3 0
   115  -.2391449122119318E-04   3   0 0  0 0  0 2  0 1
   116  -.1423409408398987E-04   3   0 0  0 0  0 1  1 1
   117  -.2387273043956172E-04   3   0 0  0 0  0 0  2 1
   118  0.1422210256371788E-04   3   0 0  0 0  0 1  0 2
   119  0.1420296312835214E-04   3   0 0  0 0  0 0  1 2
   120  0.1725519173027525E-05   3   0 0  0 0  0 0  0 3
   121  -.6513203801199921E-02   4   4 0  0 0  0 0  0 0
   122  -.2396574521757388E-01   4   3 1  0 0  0 0  0 0
   123  -.3375501673825712E-01   4   2 2  0 0  0 0  0 0
   124  -.1979771512500822E-01   4   1 3  0 0  0 0  0 0
   125  -.3700770674455848E-02   4   0 4  0 0  0 0  0 0
   126   299.5269936120237       4   3 0  1 0  0 0  0 0
   127   834.0862839813103       4   2 1  1 0  0 0  0 0
   128   777.0795101092604       4   1 2  1 0  0 0  0 0
   129   242.6781093148893       4   0 3  1 0  0 0  0 0
   130  0.5371977446234294E-01   4   2 0  2 0  0 0  0 0
   131  0.1065391915786296       4   1 1  2 0  0 0  0 0
   132  0.5200011489939027E-01   4   0 2  2 0  0 0  0 0
   133  -156.1643475608975       4   1 0  3 0  0 0  0 0
   134  -139.8395049337311       4   0 1  3 0  0 0  0 0
   135  -.8917753917165476E-02   4   0 0  4 0  0 0  0 0
   136   293.6334853977262       4   3 0  0 1  0 0  0 0
   137   823.3083046536534       4   2 1  0 1  0 0  0 0
   138   772.6683906778582       4   1 2  0 1  0 0  0 0
   139   243.1501791569327       4   0 3  0 1  0 0  0 0
   140  0.1168186112080592       4   2 0  1 1  0 0  0 0
   141  0.2320737941529452       4   1 1  1 1  0 0  0 0
   142  0.1153116664092655       4   0 2  1 1  0 0  0 0
   143  -437.4556096056062       4   1 0  2 1  0 0  0 0
   144  -394.8898526609504       4   0 1  2 1  0 0  0 0
   145  -.3028530607424430E-01   4   0 0  3 1  0 0  0 0
   146  0.6012922453249706E-01   4   2 0  0 2  0 0  0 0
   147  0.1213007884151225       4   1 1  0 2  0 0  0 0
   148  0.6195830444308494E-01   4   0 2  0 2  0 0  0 0
   149  -413.0970052514055       4   1 0  1 2  0 0  0 0
   150  -375.4024668361246       4   0 1  1 2  0 0  0 0
   151  -.3837579673131523E-01   4   0 0  2 2  0 0  0 0
   152  -130.9867054376226       4   1 0  0 3  0 0  0 0
   153  -119.6578263475208       4   0 1  0 3  0 0  0 0
   154  -.2068013433837712E-01   4   0 0  1 3  0 0  0 0
   155  -.3464233244204298E-02   4   0 0  0 4  0 0  0 0
   156  -.3741232108199666E-02   4   3 0  0 0  0 1  0 0
   157  0.2236908839963328E-01   4   2 1  0 0  0 1  0 0
   158  0.5161648792485118E-01   4   1 2  0 0  0 1  0 0
   159  0.2565495962811729E-01   4   0 3  0 0  0 1  0 0
   160   21.00780611425859       4   2 0  1 0  0 1  0 0
   161   75.34691493451247       4   1 1  1 0  0 1  0 0
   162   53.32536110818376       4   0 2  1 0  0 1  0 0
   163  0.5487410462282107E-02   4   1 0  2 0  0 1  0 0
   164  -.1057385901301346E-01   4   0 1  2 0  0 1  0 0
   165  -.2068800623264473       4   0 0  3 0  0 1  0 0
   166   37.66540165411701       4   2 0  0 1  0 1  0 0
   167   105.9125588698323       4   1 1  0 1  0 1  0 0
   168   69.99840961503925       4   0 2  0 1  0 1  0 0
   169  -.2023441504886636E-01   4   1 0  1 1  0 1  0 0
   170  -.4718451546753648E-01   4   0 1  1 1  0 1  0 0
   171   7.397032019042983       4   0 0  2 1  0 1  0 0
   172  -.2394093163841134E-01   4   1 0  0 2  0 1  0 0
   173  -.3546242058909316E-01   4   0 1  0 2  0 1  0 0
   174   14.85833270818329       4   0 0  1 2  0 1  0 0
   175   8.395665848299036       4   0 0  0 3  0 1  0 0
   176  -.3736197334346655E-02   4   3 0  0 0  0 0  1 0
   177  0.2233898513468354E-01   4   2 1  0 0  0 0  1 0
   178  0.5154702488800258E-01   4   1 2  0 0  0 0  1 0
   179  0.2562043439252609E-01   4   0 3  0 0  0 0  1 0
   180   20.97953479885369       4   2 0  1 0  0 0  1 0
   181   75.24551660737073       4   1 1  1 0  0 0  1 0
   182   53.25359835034163       4   0 2  1 0  0 0  1 0
   183  0.5480025763894656E-02   4   1 0  2 0  0 0  1 0
   184  -.1055962921188247E-01   4   0 1  2 0  0 0  1 0
   185  -.2066016528884750       4   0 0  3 0  0 0  1 0
   186   37.61471333167985       4   2 0  0 1  0 0  1 0
   187   105.7700267395915       4   1 1  0 1  0 0  1 0
   188   69.90420905429011       4   0 2  0 1  0 0  1 0
   189  -.2020718452670855E-01   4   1 0  1 1  0 0  1 0
   190  -.4712101677034947E-01   4   0 1  1 1  0 0  1 0
   191   7.387077441961833       4   0 0  2 1  0 0  1 0
   192  -.2390871306090937E-01   4   1 0  0 2  0 0  1 0
   193  -.3541469693475037E-01   4   0 1  0 2  0 0  1 0
   194   14.83833706427361       4   0 0  1 2  0 0  1 0
   195   8.384367356874428       4   0 0  0 3  0 0  1 0
   196  0.1864590255434663E-02   4   3 0  0 0  0 0  0 1
   197  0.5246475548133475E-02   4   2 1  0 0  0 0  0 1
   198  0.4963946601774212E-02   4   1 2  0 0  0 0  0 1
   199  0.1641150661915260E-02   4   0 3  0 0  0 0  0 1
   200  -80.23993148369388       4   2 0  1 0  0 0  0 1
   201  -150.5391034343742       4   1 1  1 0  0 0  0 1
   202  -70.79167841182158       4   0 2  1 0  0 0  0 1
   203  -.6076944220936475E-02   4   1 0  2 0  0 0  0 1
   204  -.5476321914660931E-02   4   0 1  2 0  0 0  0 1
   205  -3.889069986545626       4   0 0  3 0  0 0  0 1
   206  -75.25019968177502       4   2 0  0 1  0 0  0 1
   207  -143.8168881179984       4   1 1  0 1  0 0  0 1
   208  -69.86644109342312       4   0 2  0 1  0 0  0 1
   209  -.1183473657427739E-01   4   1 0  1 1  0 0  0 1
   210  -.1092069952073006E-01   4   0 1  1 1  0 0  0 1
   211  -14.79799395336872       4   0 0  2 1  0 0  0 1
   212  -.5756536266272434E-02   4   1 0  0 2  0 0  0 1
   213  -.5359031896182250E-02   4   0 1  0 2  0 0  0 1
   214  -16.07762053298964       4   0 0  1 2  0 0  0 1
   215  -6.374448853208118       4   0 0  0 3  0 0  0 1
   216  -.8732250811388194E-03   4   2 0  0 0  0 2  0 0
   217  0.4833251536873282E-03   4   1 1  0 0  0 2  0 0
   218  0.1617670576917991E-02   4   0 2  0 0  0 2  0 0
   219  -.9410929797815772E-01   4   1 0  1 0  0 2  0 0
   220  0.2393808848115979       4   0 1  1 0  0 2  0 0
   221  -.3099982945208118E-03   4   0 0  2 0  0 2  0 0
   222  0.2915690211672775       4   1 0  0 1  0 2  0 0
   223  0.8423442888878582       4   0 1  0 1  0 2  0 0
   224  0.2019811081393192E-03   4   0 0  1 1  0 2  0 0
   225  0.1021895588339953E-02   4   0 0  0 2  0 2  0 0
   226  -.9575047588646314E-03   4   2 0  0 0  0 1  1 0
   227  0.9108588434338224E-03   4   1 1  0 0  0 1  1 0
   228  0.2590403124268896E-02   4   0 2  0 0  0 1  1 0
   229  -.6851336487357441E-01   4   1 0  1 0  0 1  1 0
   230  0.7751055871889373E-01   4   0 1  1 0  0 1  1 0
   231  -.2320920033700596E-03   4   0 0  2 0  0 1  1 0
   232  0.1290679238668947       4   1 0  0 1  0 1  1 0
   233  0.7720669277155340       4   0 1  0 1  0 1  1 0
   234  -.5804863443043124E-04   4   0 0  1 1  0 1  1 0
   235  0.1045410059837432E-02   4   0 0  0 2  0 1  1 0
   236  -.8714056535888771E-03   4   2 0  0 0  0 0  2 0
   237  0.4820618220217170E-03   4   1 1  0 0  0 0  2 0
   238  0.1613750570872169E-02   4   0 2  0 0  0 0  2 0
   239  -.9393654909139382E-01   4   1 0  1 0  0 0  2 0
   240  0.2390065822699609       4   0 1  1 0  0 0  2 0
   241  -.3094249441857507E-03   4   0 0  2 0  0 0  2 0
   242  0.2910897945551733       4   1 0  0 1  0 0  2 0
   243  0.8406911959996524       4   0 1  0 1  0 0  2 0
   244  0.2017483510412681E-03   4   0 0  1 1  0 0  2 0
   245  0.1019816937622408E-02   4   0 0  0 2  0 0  2 0
   246  0.2026274670304258E-02   4   2 0  0 0  0 1  0 1
   247  0.1503561760705895E-03   4   1 1  0 0  0 1  0 1
   248  -.1572879992196044E-02   4   0 2  0 0  0 1  0 1
   249  0.2608385000941576       4   1 0  1 0  0 1  0 1
   250  -.1523681504902027       4   0 1  1 0  0 1  0 1
   251  0.5185025253201557E-03   4   0 0  2 0  0 1  0 1
   252  -.2552107264870475       4   1 0  0 1  0 1  0 1
   253  -.6311001258873710       4   0 1  0 1  0 1  0 1
   254  0.1457063714645915E-03   4   0 0  1 1  0 1  0 1
   255  -.6480347078436920E-03   4   0 0  0 2  0 1  0 1
   256  0.2023547805347979E-02   4   2 0  0 0  0 0  1 1
   257  0.1501538338148818E-03   4   1 1  0 0  0 0  1 1
   258  -.1570763284429810E-02   4   0 2  0 0  0 0  1 1
   259  0.2604874759336243       4   1 0  1 0  0 0  1 1
   260  -.1521631006141349       4   0 1  1 0  0 0  1 1
   261  0.5178047490577586E-03   4   0 0  2 0  0 0  1 1
   262  -.2548672759190055       4   1 0  0 1  0 0  1 1
   263  -.6302508210806705       4   0 1  0 1  0 0  1 1
   264  0.1455102866967771E-03   4   0 0  1 1  0 0  1 1
   265  -.6471626132746919E-03   4   0 0  0 2  0 0  1 1
   266  -.1348882836847959E-02   4   2 0  0 0  0 0  0 2
   267  -.2498696612140919E-02   4   1 1  0 0  0 0  0 2
   268  -.1150750329600983E-02   4   0 2  0 0  0 0  0 2
   269  -.2647645412032945       4   1 0  1 0  0 0  0 2
   270  -.2500874319768486       4   0 1  1 0  0 0  0 2
   271  -.1843779174338189E-03   4   0 0  2 0  0 0  0 2
   272  -.2006669506749944       4   1 0  0 1  0 0  0 2
   273  -.1928621701920301       4   0 1  0 1  0 0  0 2
   274  -.4682252009705966E-03   4   0 0  1 1  0 0  0 2
   275  -.2644322767027643E-03   4   0 0  0 2  0 0  0 2
   276  -.9198216123251108E-05   4   1 0  0 0  0 3  0 0
   277  -.5038521676867995E-04   4   0 1  0 0  0 3  0 0
   278  -.1287741963784308       4   0 0  1 0  0 3  0 0
   279  0.5429267794122692       4   0 0  0 1  0 3  0 0
   280  -.7022053652861326E-05   4   1 0  0 0  0 2  1 0
   281  -.3975471160657329E-04   4   0 1  0 0  0 2  1 0
   282  -.6816949516135165E-01   4   0 0  1 0  0 2  1 0
   283  0.1890131690494024       4   0 0  0 1  0 2  1 0
   284  -.7026421530547054E-05   4   1 0  0 0  0 1  2 0
   285  -.3977603378066086E-04   4   0 1  0 0  0 1  2 0
   286  -.6829148376248227E-01   4   0 0  1 0  0 1  2 0
   287  0.1897261145336256       4   0 0  0 1  0 1  2 0
   288  -.9174929730031123E-05   4   1 0  0 0  0 0  3 0
   289  -.5025679374519096E-04   4   0 1  0 0  0 0  3 0
   290  -.1284684412507776       4   0 0  1 0  0 0  3 0
   291  0.5417038008138791       4   0 0  0 1  0 0  3 0
   292  0.1462640386974839E-04   4   1 0  0 0  0 2  0 1
   293  0.7032422070363272E-04   4   0 1  0 0  0 2  0 1
   294  0.2954044258741111       4   0 0  1 0  0 2  0 1
   295  -.3777854300454242       4   0 0  0 1  0 2  0 1
   296  0.1276113932966027E-04   4   1 0  0 0  0 1  1 1
   297  0.6251649862363465E-04   4   0 1  0 0  0 1  1 1
   298  0.1745041683764465       4   0 0  1 0  0 1  1 1
   299  -.3359462853003175E-01   4   0 0  0 1  0 1  1 1
   300  0.1459813367474660E-04   4   1 0  0 0  0 0  2 1
   301  0.7018751580298997E-04   4   0 1  0 0  0 0  2 1
   302  0.2948894647768447       4   0 0  1 0  0 0  2 1
   303  -.3772544191841721       4   0 0  0 1  0 0  2 1
   304  -.5684227439169005E-05   4   1 0  0 0  0 1  0 2
   305  -.1386275174387403E-04   4   0 1  0 0  0 1  0 2
   306  -.1743428438331944       4   0 0  1 0  0 1  0 2
   307  -.3283228215902566       4   0 0  0 1  0 1  0 2
   308  -.5676577873769834E-05   4   1 0  0 0  0 0  1 2
   309  -.1384409590590610E-04   4   0 1  0 0  0 0  1 2
   310  -.1741082214504576       4   0 0  1 0  0 0  1 2
   311  -.3278809802102791       4   0 0  0 1  0 0  1 2
   312  0.1676611579339862E-05   4   1 0  0 0  0 0  0 3
   313  0.1367569900596547E-05   4   0 1  0 0  0 0  0 3
   314  -.2264315064956697E-01   4   0 0  1 0  0 0  0 3
   315  -.1852118169098414E-01   4   0 0  0 1  0 0  0 3
   316  -.1115409548327886E-04   4   0 0  0 0  0 4  0 0
   317  -.5188597839240700E-05   4   0 0  0 0  0 3  1 0
   318  -.4401310923682077E-05   4   0 0  0 0  0 2  2 0
   319  -.5205668404366974E-05   4   0 0  0 0  0 1  3 0
   320  -.1112059969265003E-04   4   0 0  0 0  0 0  4 0
   321  0.1124085718475445E-04   4   0 0  0 0  0 3  0 1
   322  0.4560961580707355E-05   4   0 0  0 0  0 2  1 1
   323  0.4574415277099423E-05   4   0 0  0 0  0 1  2 1
   324  0.1121510124119291E-04   4   0 0  0 0  0 0  3 1
   325  0.1706725902358536E-05   4   0 0  0 0  0 2  0 2
   326  0.2017918101212921E-05   4   0 0  0 0  0 1  1 2
   327  0.1703071261534634E-05   4   0 0  0 0  0 0  2 2
   328  0.2499238144870412E-07   4   0 0  0 0  0 1  0 3
   329  0.2495874787960021E-07   4   0 0  0 0  0 0  1 3
   330  -.1122003453279515E-12   4   0 0  0 0  0 0  0 4
   ----------------------------------------------------
     I  COEFFICIENT            ORDER EXPONENTS
     1  0.6818418106739289E-08   0   0 0  0 0  0 0  0 0
     2  -.8567953018478223E-05   1   1 0  0 0  0 0  0 0
     3  -.9351626836980385E-05   1   0 1  0 0  0 0  0 0
     4  0.5958634033419304E-04   1   0 0  1 0  0 0  0 0
     5  0.2724398300374915E-04   1   0 0  0 1  0 0  0 0
     6   1.000000000000000       1   0 0  0 0  1 0  0 0
     7  0.2859789934844232       1   0 0  0 0  0 1  0 0
     8  -.2859789887075068       1   0 0  0 0  0 0  1 0
     9  -.4776923709241873E-08   1   0 0  0 0  0 0  0 1
    10  -.5403550377334982       2   2 0  0 0  0 0  0 0
    11  -1.355272990383418       2   1 1  0 0  0 0  0 0
    12  -1.063461183793217       2   0 2  0 0  0 0  0 0
    13  -.3264370914072074E-04   2   1 0  1 0  0 0  0 0
    14  -.4081387245188044E-04   2   0 1  1 0  0 0  0 0
    15  -.3405835111150114       2   0 0  2 0  0 0  0 0
    16  -.4117848017961616E-04   2   1 0  0 1  0 0  0 0
    17  -.4711923294164921E-04   2   0 1  0 1  0 0  0 0
    18  -.3049060674066013       2   0 0  1 1  0 0  0 0
    19  -.2862994207895881       2   0 0  0 2  0 0  0 0
    20  0.1257962139116235E-04   2   1 0  0 0  0 1  0 0
    21  0.1738412589176431E-04   2   0 1  0 0  0 1  0 0
    22  -.8262480226572018E-04   2   0 0  1 0  0 1  0 0
    23  -.6339821989400735E-04   2   0 0  0 1  0 1  0 0
    24  0.4017807967387045E-05   2   1 0  0 0  0 0  1 0
    25  0.8034294046833562E-05   2   0 1  0 0  0 0  1 0
    26  -.2308755982885561E-04   2   0 0  1 0  0 0  1 0
    27  -.3614221514483471E-04   2   0 0  0 1  0 0  1 0
    28  -.1659751765634571E-04   2   1 0  0 0  0 0  0 1
    29  -.1606693398108437E-04   2   0 1  0 0  0 0  0 1
    30  0.1057124012395441E-03   2   0 0  1 0  0 0  0 1
    31  0.7229649080898025E-04   2   0 0  0 1  0 0  0 1
    32  -.2146286652692125       2   0 0  0 0  0 2  0 0
    33  0.1432783307025438       2   0 0  0 0  0 1  1 0
    34  0.7135032821292975E-01   2   0 0  0 0  0 0  2 0
    35  0.6351718853004338E-08   2   0 0  0 0  0 1  0 1
    36  0.1579171238471759E-08   2   0 0  0 0  0 0  1 1
    37  -.1577057771886338E-08   2   0 0  0 0  0 0  0 2
    38  0.2922990100010686       3   3 0  0 0  0 0  0 0
    39  0.8900770661281814       3   2 1  0 0  0 0  0 0
    40  0.8916819514372926       3   1 2  0 0  0 0  0 0
    41  0.2950235846424938       3   0 3  0 0  0 0  0 0
    42  0.1812082896877212E-02   3   2 0  1 0  0 0  0 0
    43  0.3663096548186836E-02   3   1 1  1 0  0 0  0 0
    44  0.2141547454436002E-02   3   0 2  1 0  0 0  0 0
    45  0.1041755226816556       3   1 0  2 0  0 0  0 0
    46  0.2537623814155323E-01   3   0 1  2 0  0 0  0 0
    47  0.7027725332949431E-03   3   0 0  3 0  0 0  0 0
    48  0.1272731230474775E-02   3   2 0  0 1  0 0  0 0
    49  0.2509354598957490E-02   3   1 1  0 1  0 0  0 0
    50  0.1481495865751613E-02   3   0 2  0 1  0 0  0 0
    51  0.6513648029232207E-01   3   1 0  1 1  0 0  0 0
    52  -.6002313746265840E-01   3   0 1  1 1  0 0  0 0
    53  0.1755021219290051E-02   3   0 0  2 1  0 0  0 0
    54  -.2907681991439693E-01   3   1 0  0 2  0 0  0 0
    55  -.7871198936546762E-01   3   0 1  0 2  0 0  0 0
    56  0.1509435300230669E-02   3   0 0  1 2  0 0  0 0
    57  0.4511158211340689E-03   3   0 0  0 3  0 0  0 0
    58  0.8714101959072320       3   2 0  0 0  0 1  0 0
    59   2.642815704384226       3   1 1  0 0  0 1  0 0
    60   2.263275382032443       3   0 2  0 0  0 1  0 0
    61  0.4929703793097849E-04   3   1 0  1 0  0 1  0 0
    62  0.7662614241391884E-04   3   0 1  1 0  0 1  0 0
    63  0.4705991146669262       3   0 0  2 0  0 1  0 0
    64  0.7792309119024151E-04   3   1 0  0 1  0 1  0 0
    65  0.1092681848005960E-03   3   0 1  0 1  0 1  0 0
    66  0.7130756472726729       3   0 0  1 1  0 1  0 0
    67  0.5531614001185494       3   0 0  0 2  0 1  0 0
    68  0.3313362588621309       3   2 0  0 0  0 0  1 0
    69   1.287632298930447       3   1 1  0 0  0 0  1 0
    70   1.199629291994774       3   0 2  0 0  0 0  1 0
    71  0.1660021995657965E-04   3   1 0  1 0  0 0  1 0
    72  0.3565002415577238E-04   3   0 1  1 0  0 0  1 0
    73  0.1302985431898031       3   0 0  2 0  0 0  1 0
    74  0.3666613769843489E-04   3   1 0  0 1  0 0  1 0
    75  0.6196401403695204E-04   3   0 1  0 1  0 0  1 0
    76  0.4080303436491473       3   0 0  1 1  0 0  1 0
    77  0.2668877371753338       3   0 0  0 2  0 0  1 0
    78  -1.202747371161647       3   2 0  0 0  0 0  0 1
    79  -2.575177276566878       3   1 1  0 0  0 0  0 1
    80  -1.335983815845358       3   0 2  0 0  0 0  0 1
    81  -.6575465847110146E-04   3   1 0  1 0  0 0  0 1
    82  -.7112907643085271E-04   3   0 1  1 0  0 0  0 1
    83  -.6008979747329390       3   0 0  2 0  0 0  0 1
    84  -.7321038144397001E-04   3   1 0  0 1  0 0  0 1
    85  -.7660978306005671E-04   3   0 1  0 1  0 0  0 1
    86  -.8162003767995276       3   0 0  1 1  0 0  0 1
    87  -.2474505000579261       3   0 0  0 2  0 0  0 1
    88  -.1538601421872795E-04   3   1 0  0 0  0 2  0 0
    89  -.2487886498650909E-04   3   0 1  0 0  0 2  0 0
    90  0.9688860075013726E-04   3   0 0  1 0  0 2  0 0
    91  0.9908258501283197E-04   3   0 0  0 1  0 2  0 0
    92  -.5615875025211600E-05   3   1 0  0 0  0 1  1 0
    93  -.1499126821733152E-04   3   0 1  0 0  0 1  1 0
    94  0.2855808978197024E-04   3   0 0  1 0  0 1  1 0
    95  0.7137628013790971E-04   3   0 0  0 1  0 1  1 0
    96  -.2812599522029717E-05   3   1 0  0 0  0 0  2 0
    97  -.7497216110086501E-05   3   0 1  0 0  0 0  2 0
    98  0.1431532063457014E-04   3   0 0  1 0  0 0  2 0
    99  0.3568267864384542E-04   3   0 0  0 1  0 0  2 0
   100  0.2380601328185605E-04   3   1 0  0 0  0 1  0 1
   101  0.2997888431092358E-04   3   0 1  0 0  0 1  0 1
   102  -.1397176836574823E-03   3   0 0  1 0  0 1  0 1
   103  -.1427525717206330E-03   3   0 0  0 1  0 1  0 1
   104  0.7221015370633918E-05   3   1 0  0 0  0 0  1 1
   105  0.1391491176093403E-04   3   0 1  0 0  0 0  1 1
   106  -.3410361266233979E-04   3   0 0  1 0  0 0  1 1
   107  -.7046017189684559E-04   3   0 0  0 1  0 0  1 1
   108  -.7214338351543011E-05   3   1 0  0 0  0 0  0 2
   109  -.5879719493410537E-05   3   0 1  0 0  0 0  0 2
   110  0.3405639085183693E-04   3   0 0  1 0  0 0  0 2
   111  0.3431172534411261E-04   3   0 0  0 1  0 0  0 2
   112  0.1788813514169019       3   0 0  0 0  0 3  0 0
   113  -.1073867930781179       3   0 0  0 0  0 2  1 0
   114  -.3589155582331340E-01   3   0 0  0 0  0 1  2 0
   115  -.3560303960374816E-01   3   0 0  0 0  0 0  3 0
   116  -.5369128550116539E-08   3   0 0  0 0  0 2  0 1
   117  0.4809624937963000E-09   3   0 0  0 0  0 1  1 1
   118  0.2363728712121597E-09   3   0 0  0 0  0 0  2 1
   119  0.4770445150642061E-09   3   0 0  0 0  0 1  0 2
   120  -.2274673122698698E-09   3   0 0  0 0  0 0  1 2
   121  0.3279759262880856E-09   3   0 0  0 0  0 0  0 3
   122  -5.964306452212226       4   4 0  0 0  0 0  0 0
   123  -28.88820847881602       4   3 1  0 0  0 0  0 0
   124  -52.25652568336186       4   2 2  0 0  0 0  0 0
   125  -42.19337620877030       4   1 3  0 0  0 0  0 0
   126  -13.17682419549189       4   0 4  0 0  0 0  0 0
   127  0.3379347259977281E-02   4   3 0  1 0  0 0  0 0
   128  0.1142816930489266E-01   4   2 1  1 0  0 0  0 0
   129  0.1211168521189429E-01   4   1 2  1 0  0 0  0 0
   130  0.4078628801767021E-02   4   0 3  1 0  0 0  0 0
   131  -12.31446213525888       4   2 0  2 0  0 0  0 0
   132  -25.27911130904642       4   1 1  2 0  0 0  0 0
   133  -14.34703681631574       4   0 2  2 0  0 0  0 0
   134  0.5102811384571916E-02   4   1 0  3 0  0 0  0 0
   135  0.3716248112518116E-02   4   0 1  3 0  0 0  0 0
   136  -2.428219399005105       4   0 0  4 0  0 0  0 0
   137  0.4459005033231584E-02   4   3 0  0 1  0 0  0 0
   138  0.1433490187219708E-01   4   2 1  0 1  0 0  0 0
   139  0.1478418801352591E-01   4   1 2  0 1  0 0  0 0
   140  0.4909155386956529E-02   4   0 3  0 1  0 0  0 0
   141  -17.05948049913512       4   2 0  1 1  0 0  0 0
   142  -33.75269455099897       4   1 1  1 1  0 0  0 0
   143  -19.08429729952413       4   0 2  1 1  0 0  0 0
   144  0.1274563382931465E-01   4   1 0  2 1  0 0  0 0
   145  0.9195188965908450E-02   4   0 1  2 1  0 0  0 0
   146  -7.568263506805985       4   0 0  3 1  0 0  0 0
   147  -5.839227554333314       4   2 0  0 2  0 0  0 0
   148  -11.88368276071019       4   1 1  0 2  0 0  0 0
   149  -7.421940117696904       4   0 2  0 2  0 0  0 0
   150  0.1048697640511738E-01   4   1 0  1 2  0 0  0 0
   151  0.7411014477956931E-02   4   0 1  1 2  0 0  0 0
   152  -9.126288541438125       4   0 0  2 2  0 0  0 0
   153  0.2767254980370123E-02   4   1 0  0 3  0 0  0 0
   154  0.1857380491099895E-02   4   0 1  0 3  0 0  0 0
   155  -5.141516608491470       4   0 0  1 3  0 0  0 0
   156  -1.230160572381483       4   0 0  0 4  0 0  0 0
   157  -.5087032546929751       4   3 0  0 0  0 1  0 0
   158  -1.936619462351993       4   2 1  0 0  0 1  0 0
   159  -2.341415691513572       4   1 2  0 0  0 1  0 0
   160  -.9105592965745645       4   0 3  0 0  0 1  0 0
   161  -.1172878834141715E-02   4   2 0  1 0  0 1  0 0
   162  -.4536121553372206E-02   4   1 1  1 0  0 1  0 0
   163  -.3700183371948476E-02   4   0 2  1 0  0 1  0 0
   164  -.1161292652608394       4   1 0  2 0  0 1  0 0
   165  -.5236268549929806E-01   4   0 1  2 0  0 1  0 0
   166  -.8663959137570528E-03   4   0 0  3 0  0 1  0 0
   167  -.9910571714799494E-03   4   2 0  0 1  0 1  0 0
   168  -.3308327934109668E-02   4   1 1  0 1  0 1  0 0
   169  -.2709477654411576E-02   4   0 2  0 1  0 1  0 0
   170  -.1383892809217038       4   1 0  1 1  0 1  0 0
   171  0.7615953927659547E-01   4   0 1  1 1  0 1  0 0
   172  -.2751344955321468E-02   4   0 0  2 1  0 1  0 0
   173  0.3292190320743343E-01   4   1 0  0 2  0 1  0 0
   174  0.1701816739303313       4   0 1  0 2  0 1  0 0
   175  -.2956246072093209E-02   4   0 0  1 2  0 1  0 0
   176  -.1104622650088224E-02   4   0 0  0 3  0 1  0 0
   177  -.2142299392748766       4   3 0  0 0  0 0  1 0
   178  -1.038429989687614       4   2 1  0 0  0 0  1 0
   179  -1.439960065356482       4   1 2  0 0  0 0  1 0
   180  -.6116476542053764       4   0 3  0 0  0 0  1 0
   181  -.7693181584280063E-03   4   2 0  1 0  0 0  1 0
   182  -.3539044644955349E-02   4   1 1  1 0  0 0  1 0
   183  -.2953147146988288E-02   4   0 2  1 0  0 0  1 0
   184  -.1150012847900779E-01   4   1 0  2 0  0 0  1 0
   185  -.2570616363827691E-01   4   0 1  2 0  0 0  1 0
   186  -.4722625969439294E-03   4   0 0  3 0  0 0  1 0
   187  -.9394472235711814E-03   4   2 0  0 1  0 0  1 0
   188  -.3163960278534820E-02   4   1 1  0 1  0 0  1 0
   189  -.2485118215136921E-02   4   0 2  0 1  0 0  1 0
   190  -.7240703799991474E-01   4   1 0  1 1  0 0  1 0
   191  0.1807434817561133E-01   4   0 1  1 1  0 0  1 0
   192  -.1850992397857541E-02   4   0 0  2 1  0 0  1 0
   193  0.4305342569755583E-02   4   1 0  0 2  0 0  1 0
   194  0.9230861949822419E-01   4   0 1  0 2  0 0  1 0
   195  -.2191697838781112E-02   4   0 0  1 2  0 0  1 0
   196  -.8597486105830237E-03   4   0 0  0 3  0 0  1 0
   197  0.7199142223509900       4   3 0  0 0  0 0  0 1
   198   2.072151964083988       4   2 1  0 0  0 0  0 1
   199   1.980800990418870       4   1 2  0 0  0 0  0 1
   200  0.6294795362362283       4   0 3  0 0  0 0  0 1
   201  0.2180323813955802E-02   4   2 0  1 0  0 0  0 1
   202  0.5214555624252938E-02   4   1 1  1 0  0 0  0 1
   203  0.3171834459608188E-02   4   0 2  1 0  0 0  0 1
   204  0.1266083457317725       4   1 0  2 0  0 0  0 1
   205  0.5016187505210540E-01   4   0 1  2 0  0 0  0 1
   206  0.1378046570015041E-02   4   0 0  3 0  0 0  0 1
   207  0.8941343016577173E-03   4   2 0  0 1  0 0  0 1
   208  0.2409102831563942E-02   4   1 1  0 1  0 0  0 1
   209  0.1687273211873744E-02   4   0 2  0 1  0 0  0 1
   210  0.1440957849896513       4   1 0  1 1  0 0  0 1
   211  0.2210136786123378E-01   4   0 1  1 1  0 0  0 1
   212  0.3101112913924796E-02   4   0 0  2 1  0 0  0 1
   213  0.1995427016174137E-01   4   1 0  0 2  0 0  0 1
   214  -.2828639756203400E-01   4   0 1  0 2  0 0  0 1
   215  0.2343146384786566E-02   4   0 0  1 2  0 0  0 1
   216  0.6488489089514564E-03   4   0 0  0 3  0 0  0 1
   217  -1.153414292936472       4   2 0  0 0  0 2  0 0
   218  -3.972336922440163       4   1 1  0 0  0 2  0 0
   219  -3.662715073179450       4   0 2  0 0  0 2  0 0
   220  -.5993237213775733E-04   4   1 0  1 0  0 2  0 0
   221  -.1204832070469259E-03   4   0 1  1 0  0 2  0 0
   222  -.5502195554401219       4   0 0  2 0  0 2  0 0
   223  -.1247379992686934E-03   4   1 0  0 1  0 2  0 0
   224  -.2031675244815435E-03   4   0 1  0 1  0 2  0 0
   225  -1.114941113110008       4   0 0  1 1  0 2  0 0
   226  -.8629163105723592       4   0 0  0 2  0 2  0 0
   227  -.5640691985013515       4   2 0  0 0  0 1  1 0
   228  -2.658797556722889       4   1 1  0 0  0 1  1 0
   229  -2.798280050938523       4   0 2  0 0  0 1  1 0
   230  -.2492918207141766E-04   4   1 0  1 0  0 1  1 0
   231  -.7260140857250938E-04   4   0 1  1 0  0 1  1 0
   232  -.1594159588508503       4   0 0  2 0  0 1  1 0
   233  -.7660936823546602E-04   4   1 0  0 1  0 1  1 0
   234  -.1556949570076699E-03   4   0 1  0 1  0 1  1 0
   235  -.8038178556991946       4   0 0  1 1  0 1  1 0
   236  -.6194271858947676       4   0 0  0 2  0 1  1 0
   237  -.2822403291105918       4   2 0  0 0  0 0  2 0
   238  -1.329384652128238       4   1 1  0 0  0 0  2 0
   239  -1.398777078375663       4   0 2  0 0  0 0  2 0
   240  -.1259601151084158E-04   4   1 0  1 0  0 0  2 0
   241  -.3642138035129458E-04   4   0 1  1 0  0 0  2 0
   242  -.7991677342577944E-01   4   0 0  2 0  0 0  2 0
   243  -.3840195218205583E-04   4   1 0  0 1  0 0  2 0
   244  -.7789003925934515E-04   4   0 1  0 1  0 0  2 0
   245  -.4018468435435438       4   0 0  1 1  0 0  2 0
   246  -.3096682844269670       4   0 0  0 2  0 0  2 0
   247   1.999399310646574       4   2 0  0 0  0 1  0 1
   248   5.317664319366454       4   1 1  0 0  0 1  0 1
   249   3.333795674082645       4   0 2  0 0  0 1  0 1
   250  0.8615250583085702E-04   4   1 0  1 0  0 1  0 1
   251  0.1325684319265214E-03   4   0 1  1 0  0 1  0 1
   252  0.7892920000657534       4   0 0  2 0  0 1  0 1
   253  0.1395742013583420E-03   4   1 0  0 1  0 1  0 1
   254  0.1867923501623363E-03   4   0 1  0 1  0 1  0 1
   255   1.607621804982676       4   0 0  1 1  0 1  0 1
   256  0.6858137174772836       4   0 0  0 2  0 1  0 1
   257  0.7971734393634129       4   2 0  0 0  0 0  1 1
   258   2.742217146381725       4   1 1  0 0  0 0  1 1
   259   1.996901035395020       4   0 2  0 0  0 0  1 1
   260  0.3081223918954664E-04   4   1 0  1 0  0 0  1 1
   261  0.6505380495582056E-04   4   0 1  1 0  0 0  1 1
   262  0.1889607874332694       4   0 0  2 0  0 0  1 1
   263  0.6946997340737237E-04   4   1 0  0 1  0 0  1 1
   264  0.1081323426081827E-03   4   0 1  0 1  0 0  1 1
   265  0.7914747850094945       4   0 0  1 1  0 0  1 1
   266  0.4381150766798204       4   0 0  0 2  0 0  1 1
   267  -.7968786143562649       4   2 0  0 0  0 0  0 2
   268  -1.454699925767654       4   1 1  0 0  0 0  0 2
   269  -.6613427997320550       4   0 2  0 0  0 0  0 2
   270  -.2766574206149656E-04   4   1 0  1 0  0 0  0 2
   271  -.2421733413021905E-04   4   0 1  1 0  0 0  0 2
   272  -.1886885339827942       4   0 0  2 0  0 0  0 2
   273  -.2692734246482793E-04   4   1 0  0 1  0 0  0 2
   274  -.2371122264448019E-04   4   0 1  0 1  0 0  0 2
   275  -.3833681234102979       4   0 0  1 1  0 0  0 2
   276  -.1907981442959544       4   0 0  0 2  0 0  0 2
   277  -.1791887688918540E-03   4   1 0  0 0  0 3  0 0
   278  -.2540176405750465E-03   4   0 1  0 0  0 3  0 0
   279  -.9385525420108008E-04   4   0 0  1 0  0 3  0 0
   280  -.1210761316801104E-03   4   0 0  0 1  0 3  0 0
   281  -.9821698115565540E-04   4   1 0  0 0  0 2  1 0
   282  -.1316591240834629E-03   4   0 1  0 0  0 2  1 0
   283  -.2342535804120211E-04   4   0 0  1 0  0 2  1 0
   284  -.9626236695695752E-04   4   0 0  0 1  0 2  1 0
   285  -.6242509579013449E-04   4   1 0  0 0  0 1  2 0
   286  -.8293657686678277E-04   4   0 1  0 0  0 1  2 0
   287  -.1169909756587172E-04   4   0 0  1 0  0 1  2 0
   288  -.6298171617757522E-04   4   0 0  0 1  0 1  2 0
   289  -.3277297586541912E-04   4   1 0  0 0  0 0  3 0
   290  -.4394178171716456E-04   4   0 1  0 0  0 0  3 0
   291  -.7853453637322087E-05   4   0 0  1 0  0 0  3 0
   292  -.3208396261402634E-04   4   0 0  0 1  0 0  3 0
   293  0.1565283983193037E-03   4   1 0  0 0  0 2  0 1
   294  0.1240331862970315E-03   4   0 1  0 0  0 2  0 1
   295  0.1014560698555913E-03   4   0 0  1 0  0 2  0 1
   296  0.1791620133256037E-03   4   0 0  0 1  0 2  0 1
   297  0.8980887697329781E-04   4   1 0  0 0  0 1  1 1
   298  0.7053107333529501E-04   4   0 1  0 0  0 1  1 1
   299  0.1416891959320677E-04   4   0 0  1 0  0 1  1 1
   300  0.1136841780150715E-03   4   0 0  0 1  0 1  1 1
   301  0.4491873961161785E-04   4   1 0  0 0  0 0  2 1
   302  0.3527744694634329E-04   4   0 1  0 0  0 0  2 1
   303  0.7138583845891225E-05   4   0 0  1 0  0 0  2 1
   304  0.5684836556883968E-04   4   0 0  0 1  0 0  2 1
   305  -.1562688987309198E-05   4   1 0  0 0  0 1  0 2
   306  0.2159844201152881E-05   4   0 1  0 0  0 1  0 2
   307  -.5044760897272023E-05   4   0 0  1 0  0 1  0 2
   308  -.2469207790140653E-04   4   0 0  0 1  0 1  0 2
   309  -.6512495555412646E-05   4   1 0  0 0  0 0  1 2
   310  -.2371507840275173E-05   4   0 1  0 0  0 0  1 2
   311  0.6992228202332622E-05   4   0 0  1 0  0 0  1 2
   312  -.1082732676345778E-04   4   0 0  0 1  0 0  1 2
   313  0.1774025754282973E-06   4   1 0  0 0  0 0  0 3
   314  0.2644258810600600E-06   4   0 1  0 0  0 0  0 3
   315  -.7294709087032383E-05   4   0 0  1 0  0 0  0 3
   316  -.6672043279930709E-05   4   0 0  0 1  0 0  0 3
   317  -.1565302530904333       4   0 0  0 0  0 4  0 0
   318  0.8947684251101064E-01   4   0 0  0 0  0 3  1 0
   319  0.2686485416481782E-01   4   0 0  0 0  0 2  2 0
   320  0.1798162634665552E-01   4   0 0  0 0  0 1  3 0
   321  0.2220686147702475E-01   4   0 0  0 0  0 0  4 0
   322  0.7315819445676886E-08   4   0 0  0 0  0 3  0 1
   323  0.3687303473644032E-08   4   0 0  0 0  0 2  1 1
   324  0.2966580828992442E-08   4   0 0  0 0  0 1  2 1
   325  0.9879179582307389E-09   4   0 0  0 0  0 0  3 1
   326  -.4154504683758928E-09   4   0 0  0 0  0 2  0 2
   327  0.3822346976364791E-09   4   0 0  0 0  0 1  1 2
   328  0.1499950376081425E-09   4   0 0  0 0  0 0  2 2
   329  -.5954344279389477E-09   4   0 0  0 0  0 1  0 3
   330  -.2675393491677905E-09   4   0 0  0 0  0 0  1 3
   331  -.4390567583496046E-10   4   0 0  0 0  0 0  0 4
   ----------------------------------------------------
     I  COEFFICIENT            ORDER EXPONENTS
     1   1.000000000000000       1   0 0  0 0  0 1  0 0
     --------------------------------------------------
     I  COEFFICIENT            ORDER EXPONENTS
     1   1.000000000000000       1   0 0  0 0  0 0  1 0
     --------------------------------------------------
     I  COEFFICIENT            ORDER EXPONENTS
     1   1.000000000000000       1   0 0  0 0  0 0  0 1
     --------------------------------------------------
