 L    0.1145458000000000E+01
 P (  0.0000000000000000E+00,  0.0000000000000000E+00,  0.9555200000000000E-01)
 A (  0.0000000000000000E+00,  0.0000000000000000E+00,  0.0000000000000000E+00)
     I  COEFFICIENT            ORDER EXPONENTS
     1  0.9387281309162669E-04   0   0 0  0 0  0 0  0 0
     2   1.269037786445235       1   1 0  0 0  0 0  0 0
     3   1.384726576519282       1   0 1  0 0  0 0  0 0
     4  0.7981270120065059E-05   1   0 0  1 0  0 0  0 0
     5  0.6994933940118414E-05   1   0 0  0 1  0 0  0 0
     6  -.6104034533382883E-06   1   0 0  0 0  0 1  0 0
     7  -.6095820011382071E-06   1   0 0  0 0  0 0  1 0
     8  0.1219985455409300E-05   1   0 0  0 0  0 0  0 1
     9  -.6221497844850152E-01   2   2 0  0 0  0 0  0 0
    10  -.1114113766734264       2   1 1  0 0  0 0  0 0
    11  -.5016474103706284E-01   2   0 2  0 0  0 0  0 0
    12  0.2297593002136383E-03   2   1 0  1 0  0 0  0 0
    13  0.5729370599637143E-04   2   0 1  1 0  0 0  0 0
    14  0.5350753245848250E-01   2   0 0  2 0  0 0  0 0
    15  0.2040200455302428E-03   2   1 0  0 1  0 0  0 0
    16  0.7086987386905610E-04   2   0 1  0 1  0 0  0 0
    17  0.9575643723936611E-01   2   0 0  1 1  0 0  0 0
    18  0.4315598400343423E-01   2   0 0  0 2  0 0  0 0
    19  -.1396327312939595       2   1 0  0 0  0 1  0 0
    20  -.8167392406849500       2   0 1  0 0  0 1  0 0
    21  -.4208326145411273E-05   2   0 0  1 0  0 1  0 0
    22  -.7205634301396073E-05   2   0 0  0 1  0 1  0 0
    23  -.1394448201448470       2   1 0  0 0  0 0  1 0
    24  -.8156401115064233       2   0 1  0 0  0 0  1 0
    25  -.4202662778416317E-05   2   0 0  1 0  0 0  1 0
    26  -.7195937298343034E-05   2   0 0  0 1  0 0  1 0
    27  0.2790775514527991       2   1 0  0 0  0 0  0 1
    28  0.2476527756865552       2   0 1  0 0  0 0  0 1
    29  0.8410977506399181E-05   2   0 0  1 0  0 0  0 1
    30  0.7406626812028474E-05   2   0 0  0 1  0 0  0 1
    31  0.4190956113370015E-06   2   0 0  0 0  0 2  0 0
    32  0.2283148067682739E-06   2   0 0  0 0  0 1  1 0
    33  0.4183779844714162E-06   2   0 0  0 0  0 0  2 0
    34  -.4561544431874298E-06   2   0 0  0 0  0 1  0 1
    35  -.4555405720357014E-06   2   0 0  0 0  0 0  1 1
    36  -.1541426361942396E-06   2   0 0  0 0  0 0  0 2
    37  0.1553896609917562       3   3 0  0 0  0 0  0 0
    38   1.448957932773969       3   2 1  0 0  0 0  0 0
    39   2.537382673549124       3   1 2  0 0  0 0  0 0
    40   1.917091259493637       3   0 3  0 0  0 0  0 0
    41  -.5357137237960096E-02   3   2 0  1 0  0 0  0 0
    42  -.9557672898804232E-02   3   1 1  1 0  0 0  0 0
    43  -.4276047506427938E-02   3   0 2  1 0  0 0  0 0
    44  -.5014096471147585       3   1 0  2 0  0 0  0 0
    45  0.2382852940230170       3   0 1  2 0  0 0  0 0
    46  0.1512367320704105E-02   3   0 0  3 0  0 0  0 0
    47  -.4830082043546595E-02   3   2 0  0 1  0 0  0 0
    48  -.8679284708127705E-02   3   1 1  0 1  0 0  0 0
    49  -.3907709308310867E-02   3   0 2  0 1  0 0  0 0
    50  -1.233778322934009       3   1 0  1 1  0 0  0 0
    51  -.1177936085390568       3   0 1  1 1  0 0  0 0
    52  0.4071015515780632E-02   3   0 0  2 1  0 0  0 0
    53  -.4223382988909684       3   1 0  0 2  0 0  0 0
    54  0.6507863156578286       3   0 1  0 2  0 0  0 0
    55  0.3685742432565539E-02   3   0 0  1 2  0 0  0 0
    56  0.1125911331459243E-02   3   0 0  0 3  0 0  0 0
    57  0.3458023714421764E-01   3   2 0  0 0  0 1  0 0
    58  0.1175727354493970       3   1 1  0 0  0 1  0 0
    59  0.7797991279300928E-01   3   0 2  0 0  0 1  0 0
    60  -.1525643620903355E-03   3   1 0  1 0  0 1  0 0
    61  -.8252473622858965E-04   3   0 1  1 0  0 1  0 0
    62  -.2579397941032981E-01   3   0 0  2 0  0 1  0 0
    63  -.2513618923157865E-03   3   1 0  0 1  0 1  0 0
    64  -.1418864568052480E-03   3   0 1  0 1  0 1  0 0
    65  -.9393991896013901E-01   3   0 0  1 1  0 1  0 0
    66  -.6388738112884587E-01   3   0 0  0 2  0 1  0 0
    67  0.3453370069077914E-01   3   2 0  0 0  0 0  1 0
    68  0.1174145116030404       3   1 1  0 0  0 0  1 0
    69  0.7787497110143851E-01   3   0 2  0 0  0 0  1 0
    70  -.1523590481619439E-03   3   1 0  1 0  0 0  1 0
    71  -.8241367832782955E-04   3   0 1  1 0  0 0  1 0
    72  -.2575926708846763E-01   3   0 0  2 0  0 0  1 0
    73  -.2510236213273839E-03   3   1 0  0 1  0 0  1 0
    74  -.1416955126985570E-03   3   0 1  0 1  0 0  1 0
    75  -.9381349904443764E-01   3   0 0  1 1  0 0  1 0
    76  -.6380140450223074E-01   3   0 0  0 2  0 0  1 0
    77  -.6911405222870265E-01   3   2 0  0 0  0 0  0 1
    78  -.1235760537592173       3   1 1  0 0  0 0  0 1
    79  -.5552547410607543E-01   3   0 2  0 0  0 0  0 1
    80  0.3045763813309364E-03   3   1 0  1 0  0 0  0 1
    81  0.1072822244131975E-03   3   0 1  1 0  0 0  0 1
    82  0.5155333397572489E-01   3   0 0  2 0  0 0  0 1
    83  0.2980057803348402E-03   3   1 0  0 1  0 0  0 1
    84  0.1414650979156984E-03   3   0 1  0 1  0 0  0 1
    85  0.9199711752140166E-01   3   0 0  1 1  0 0  0 1
    86  0.4137686991173993E-01   3   0 0  0 2  0 0  0 1
    87  0.1072511553230645       3   1 0  0 0  0 2  0 0
    88  0.6765422689114443       3   0 1  0 0  0 2  0 0
    89  0.3276185664999359E-05   3   0 0  1 0  0 2  0 0
    90  0.7389603000549236E-05   3   0 0  0 1  0 2  0 0
    91  0.7495652603114904E-01   3   1 0  0 0  0 1  1 0
    92  0.5367212929689860       3   0 1  0 0  0 1  1 0
    93  0.2316024001065825E-05   3   0 0  1 0  0 1  1 0
    94  0.7530386904402788E-05   3   0 0  0 1  0 1  1 0
    95  0.1070563852927258       3   1 0  0 0  0 0  2 0
    96  0.6752706630996370       3   0 1  0 0  0 0  2 0
    97  0.3270218330806939E-05   3   0 0  1 0  0 0  2 0
    98  0.7374591401272707E-05   3   0 0  0 1  0 0  2 0
    99  -.1498262776317066       3   1 0  0 0  0 1  0 1
   100  -.2563278845820243       3   0 1  0 0  0 1  0 1
   101  -.4603364300706195E-05   3   0 0  1 0  0 1  0 1
   102  -.7777677258358197E-05   3   0 0  0 1  0 1  0 1
   103  -.1496246484883385       3   1 0  0 0  0 0  1 1
   104  -.2559829305952694       3   0 1  0 0  0 0  1 1
   105  -.4597169309979360E-05   3   0 0  1 0  0 0  1 1
   106  -.7767210426853146E-05   3   0 0  0 1  0 0  1 1
   107  0.1018673618734860E-01   3   1 0  0 0  0 0  0 2
   108  0.8502689816255047E-02   3   0 1  0 0  0 0  0 2
   109  0.3662062665158427E-06   3   0 0  1 0  0 0  0 2
   110  0.3426699126937670E-06   3   0 0  0 1  0 0  0 2
   111  -.3230459315209860E-06   3   0 0  0 0  0 3  0 0
   112  -.1311454366726493E-06   3   0 0  0 0  0 2  1 0
   113  -.1315319348980873E-06   3   0 0  0 0  0 1  2 0
   114  -.3223056958526405E-06   3   0 0  0 0  0 0  3 0
   115  0.2619819775840667E-06   3   0 0  0 0  0 2  0 1
   116  0.6840864120775400E-07   3   0 0  0 0  0 1  1 1
   117  0.2615833838854047E-06   3   0 0  0 0  0 0  2 1
   118  0.1599405939765733E-06   3   0 0  0 0  0 1  0 2
   119  0.1597253534629289E-06   3   0 0  0 0  0 0  1 2
   120  -.3803137551539633E-08   3   0 0  0 0  0 0  0 3
   121  -6.104593665693021       4   4 0  0 0  0 0  0 0
   122  -22.35857510527274       4   3 1  0 0  0 0  0 0
   123  -30.93898708641826       4   2 2  0 0  0 0  0 0
   124  -19.21950092031585       4   1 3  0 0  0 0  0 0
   125  -4.531957279053800       4   0 4  0 0  0 0  0 0
   126  -.3632878169962771E-02   4   3 0  1 0  0 0  0 0
   127  -.9592677109329800E-02   4   2 1  1 0  0 0  0 0
   128  -.8623830967033400E-02   4   1 2  1 0  0 0  0 0
   129  -.2650408921965567E-02   4   0 3  1 0  0 0  0 0
   130   31.14293004265340       4   2 0  2 0  0 0  0 0
   131   55.46172414353447       4   1 1  2 0  0 0  0 0
   132   24.91980047222298       4   0 2  2 0  0 0  0 0
   133  0.2931643413908454E-02   4   1 0  3 0  0 0  0 0
   134  0.2705251848617547E-02   4   0 1  3 0  0 0  0 0
   135  -4.441774210029768       4   0 0  4 0  0 0  0 0
   136  -.3386636152205081E-02   4   3 0  0 1  0 0  0 0
   137  -.8969604814284269E-02   4   2 1  0 1  0 0  0 0
   138  -.7854455723936359E-02   4   1 2  0 1  0 0  0 0
   139  -.2271957132680703E-02   4   0 3  0 1  0 0  0 0
   140   56.46515541687923       4   2 0  1 1  0 0  0 0
   141   101.2883459876537       4   1 1  1 1  0 0  0 0
   142   45.88203094775956       4   0 2  1 1  0 0  0 0
   143  0.7627492036346064E-02   4   1 0  2 1  0 0  0 0
   144  0.6880690135523825E-02   4   0 1  2 1  0 0  0 0
   145  -15.76225103353869       4   0 0  3 1  0 0  0 0
   146   25.70006421778605       4   2 0  0 2  0 0  0 0
   147   46.38157404784269       4   1 1  0 2  0 0  0 0
   148   21.15564776727467       4   0 2  0 2  0 0  0 0
   149  0.6713459142101441E-02   4   1 0  1 2  0 0  0 0
   150  0.5910447527258229E-02   4   0 1  1 2  0 0  0 0
   151  -21.10292343688690       4   0 0  2 2  0 0  0 0
   152  0.2171758658315604E-02   4   1 0  0 3  0 0  0 0
   153  0.1871841552464579E-02   4   0 1  0 3  0 0  0 0
   154  -12.58642273927579       4   0 0  1 3  0 0  0 0
   155  -2.811017071309066       4   0 0  0 4  0 0  0 0
   156  -.2353066028911544       4   3 0  0 0  0 1  0 0
   157  -2.117688747831730       4   2 1  0 0  0 1  0 0
   158  -4.636071269096527       4   1 2  0 0  0 1  0 0
   159  -3.870452785609001       4   0 3  0 0  0 1  0 0
   160  0.7568386390904087E-03   4   2 0  1 0  0 1  0 0
   161  0.5584243588241238E-02   4   1 1  1 0  0 1  0 0
   162  0.4349749526232198E-02   4   0 2  1 0  0 1  0 0
   163  0.4335273189946169       4   1 0  2 0  0 1  0 0
   164  -.1269989178087580       4   0 1  2 0  0 1  0 0
   165  -.2277853817128600E-03   4   0 0  3 0  0 1  0 0
   166  0.2796446498840278E-02   4   2 0  0 1  0 1  0 0
   167  0.8815111751014720E-02   4   1 1  0 1  0 1  0 0
   168  0.5633593198723202E-02   4   0 2  0 1  0 1  0 0
   169   1.737244306567685       4   1 0  1 1  0 1  0 0
   170  0.5424186691203775       4   0 1  1 1  0 1  0 0
   171  -.2454980505079494E-02   4   0 0  2 1  0 1  0 0
   172  0.9270480922514923       4   1 0  0 2  0 1  0 0
   173  -.7888598736090416       4   0 1  0 2  0 1  0 0
   174  -.3879977568180959E-02   4   0 0  1 2  0 1  0 0
   175  -.1691928912486679E-02   4   0 0  0 3  0 1  0 0
   176  -.2349899383545992       4   3 0  0 0  0 0  1 0
   177  -2.114838862118120       4   2 1  0 0  0 0  1 0
   178  -4.629832262873057       4   1 2  0 0  0 0  1 0
   179  -3.865244112658257       4   0 3  0 0  0 0  1 0
   180  0.7558201213184895E-03   4   2 0  1 0  0 0  1 0
   181  0.5576728576396465E-02   4   1 1  1 0  0 0  1 0
   182  0.4343895838316385E-02   4   0 2  1 0  0 0  1 0
   183  0.4329438983601505       4   1 0  2 0  0 0  1 0
   184  -.1268280086504222       4   0 1  2 0  0 0  1 0
   185  -.2274788388813039E-03   4   0 0  3 0  0 0  1 0
   186  0.2792683172934096E-02   4   2 0  0 1  0 0  1 0
   187  0.8803248789062027E-02   4   1 1  0 1  0 0  1 0
   188  0.5626011774498408E-02   4   0 2  0 1  0 0  1 0
   189   1.734906405053398       4   1 0  1 1  0 0  1 0
   190  0.5416887076387843       4   0 1  1 1  0 0  1 0
   191  -.2451676708014981E-02   4   0 0  2 1  0 0  1 0
   192  0.9258005146192058       4   1 0  0 2  0 0  1 0
   193  -.7877982631688145       4   0 1  0 2  0 0  1 0
   194  -.3874756077226709E-02   4   0 0  1 2  0 0  1 0
   195  -.1689651994294101E-02   4   0 0  0 3  0 0  1 0
   196  0.4695044374368527       4   3 0  0 0  0 0  0 1
   197   2.781083160245712       4   2 1  0 0  0 0  0 1
   198   4.188521034417310       4   1 2  0 0  0 0  0 1
   199   1.983499643151728       4   0 3  0 0  0 0  0 1
   200  0.1616176304117301E-03   4   2 0  1 0  0 0  0 1
   201  0.3906952910190132E-03   4   1 1  1 0  0 0  0 1
   202  0.2415408596407656E-03   4   0 2  1 0  0 0  0 1
   203  -.8647784989048708       4   1 0  2 0  0 0  0 1
   204  0.1729969717732299E-01   4   0 1  2 0  0 0  0 1
   205  -.1450799856495202E-04   4   0 0  3 0  0 0  0 1
   206  0.2095029283384182E-03   4   2 0  0 1  0 0  0 1
   207  0.4641342009417843E-03   4   1 1  0 1  0 0  0 1
   208  0.2707991412783547E-03   4   0 2  0 1  0 0  0 1
   209  -2.234874517446845       4   1 0  1 1  0 0  0 1
   210  -.8448704891575624       4   0 1  1 1  0 0  0 1
   211  -.3428156604883719E-04   4   0 0  2 1  0 0  0 1
   212  -1.006360391351971       4   1 0  0 2  0 0  0 1
   213  -.3738031335445743       4   0 1  0 2  0 0  0 1
   214  -.1612582211769841E-04   4   0 0  1 2  0 0  0 1
   215  0.7113944066074492E-05   4   0 0  0 3  0 0  0 1
   216  -.2814858161613631E-01   4   2 0  0 0  0 2  0 0
   217  -.1233567577156995       4   1 1  0 0  0 2  0 0
   218  -.1011755319013905       4   0 2  0 0  0 2  0 0
   219  0.3027660870575198E-04   4   1 0  1 0  0 2  0 0
   220  0.9051072063983216E-04   4   0 1  1 0  0 2  0 0
   221  0.1867386347308794E-01   4   0 0  2 0  0 2  0 0
   222  0.2505672634987633E-03   4   1 0  0 1  0 2  0 0
   223  0.3074315059663281E-03   4   0 1  0 1  0 2  0 0
   224  0.9227897254014314E-01   4   0 0  1 1  0 2  0 0
   225  0.7878963776609321E-01   4   0 0  0 2  0 2  0 0
   226  -.2137887999063278E-01   4   2 0  0 0  0 1  1 0
   227  -.1282554778714617       4   1 1  0 0  0 1  1 0
   228  -.1235787624385077       4   0 2  0 0  0 1  1 0
   229  0.7678058510460994E-05   4   1 0  1 0  0 1  1 0
   230  0.1029895171642149E-03   4   0 1  1 0  0 1  1 0
   231  0.1179552402056032E-01   4   0 0  2 0  0 1  1 0
   232  0.2919487294925805E-03   4   1 0  0 1  0 1  1 0
   233  0.3941248041168353E-03   4   0 1  0 1  0 1  1 0
   234  0.9095866128153535E-01   4   0 0  1 1  0 1  1 0
   235  0.9385899327970432E-01   4   0 0  0 2  0 1  1 0
   236  -.2809631523702412E-01   4   2 0  0 0  0 0  2 0
   237  -.1231044499159443       4   1 1  0 0  0 0  2 0
   238  -.1009562214015830       4   0 2  0 0  0 0  2 0
   239  0.3023069748806797E-04   4   1 0  1 0  0 0  2 0
   240  0.9031961635840048E-04   4   0 1  1 0  0 0  2 0
   241  0.1864079613753303E-01   4   0 0  2 0  0 0  2 0
   242  0.2500336164638348E-03   4   1 0  0 1  0 0  2 0
   243  0.3067525818408192E-03   4   0 1  0 1  0 0  2 0
   244  0.9209358390804623E-01   4   0 0  1 1  0 0  2 0
   245  0.7862045087994735E-01   4   0 0  0 2  0 0  2 0
   246  0.4233553471427016E-01   4   2 0  0 0  0 1  0 1
   247  0.1375879765625786       4   1 1  0 0  0 1  0 1
   248  0.8962573008404848E-01   4   0 2  0 0  0 1  0 1
   249  -.1686806528397858E-04   4   1 0  1 0  0 1  0 1
   250  -.5420915398033251E-04   4   0 1  1 0  0 1  0 1
   251  -.2378254105193951E-01   4   0 0  2 0  0 1  0 1
   252  -.2288111824802471E-03   4   1 0  0 1  0 1  0 1
   253  -.2032435001070769E-03   4   0 1  0 1  0 1  0 1
   254  -.8826937940820526E-01   4   0 0  1 1  0 1  0 1
   255  -.6033138871667010E-01   4   0 0  0 2  0 1  0 1
   256  0.4227856154685646E-01   4   2 0  0 0  0 0  1 1
   257  0.1374028171480176       4   1 1  0 0  0 0  1 1
   258  0.8950511600041573E-01   4   0 2  0 0  0 0  1 1
   259  -.1684536503668379E-04   4   1 0  1 0  0 0  1 1
   260  -.5413620185569460E-04   4   0 1  1 0  0 0  1 1
   261  -.2375053562902423E-01   4   0 0  2 0  0 0  1 1
   262  -.2285032591743627E-03   4   1 0  0 1  0 0  1 1
   263  -.2029699845831671E-03   4   0 1  0 1  0 0  1 1
   264  -.8815059063738963E-01   4   0 0  1 1  0 0  1 1
   265  -.6025019757705514E-01   4   0 0  0 2  0 0  1 1
   266  -.7332889840444844E-02   4   2 0  0 0  0 0  0 2
   267  -.1291854724903464E-01   4   1 1  0 0  0 0  0 2
   268  -.5687663056643236E-02   4   0 2  0 0  0 0  0 2
   269  -.5201919700491483E-04   4   1 0  1 0  0 0  0 2
   270  -.5728611175628900E-04   4   0 1  1 0  0 0  0 2
   271  -.1791972940830174E-02   4   0 0  2 0  0 0  0 2
   272  -.3416289743687169E-04   4   1 0  0 1  0 0  0 2
   273  -.4083407424571541E-04   4   0 1  0 1  0 0  0 2
   274  -.3468510581856073E-02   4   0 0  1 1  0 0  0 2
   275  -.1648831536132844E-02   4   0 0  0 2  0 0  0 2
   276  -.9109213646333200E-01   4   1 0  0 0  0 3  0 0
   277  -.6075733830921178       4   0 1  0 0  0 3  0 0
   278  -.4768774035619290E-05   4   0 0  1 0  0 3  0 0
   279  -.9778238666465728E-05   4   0 0  0 1  0 3  0 0
   280  -.5879131529530160E-01   4   1 0  0 0  0 2  1 0
   281  -.4697208926925343       4   0 1  0 0  0 2  1 0
   282  -.3131896910363084E-05   4   0 0  1 0  0 2  1 0
   283  -.9425827418753022E-05   4   0 0  0 1  0 2  1 0
   284  -.5885627122083716E-01   4   1 0  0 0  0 1  2 0
   285  -.4699975152503753       4   0 1  0 0  0 1  2 0
   286  -.3135188203837136E-05   4   0 0  1 0  0 1  2 0
   287  -.9426512243091261E-05   4   0 0  0 1  0 1  2 0
   288  -.9086874926433147E-01   4   1 0  0 0  0 0  3 0
   289  -.6060312796190741       4   0 1  0 0  0 0  3 0
   290  -.4757043110857722E-05   4   0 0  1 0  0 0  3 0
   291  -.9752166157397871E-05   4   0 0  0 1  0 0  3 0
   292  0.1175586000304600       4   1 0  0 0  0 2  0 1
   293  0.2628060153232983       4   0 1  0 0  0 2  0 1
   294  0.5676817632804360E-05   4   0 0  1 0  0 2  0 1
   295  0.1032283469626255E-04   4   0 0  0 1  0 2  0 1
   296  0.8537505496664269E-01   4   1 0  0 0  0 1  1 1
   297  0.2692637572068830       4   0 1  0 0  0 1  1 1
   298  0.4059040696075737E-05   4   0 0  1 0  0 1  1 1
   299  0.1001861375666176E-04   4   0 0  0 1  0 1  1 1
   300  0.1173429483441907       4   1 0  0 0  0 0  2 1
   301  0.2622711621362516       4   0 1  0 0  0 0  2 1
   302  0.5666446806386617E-05   4   0 0  1 0  0 0  2 1
   303  0.1030220142271029E-04   4   0 0  0 1  0 0  2 1
   304  -.1041613226947947E-01   4   1 0  0 0  0 1  0 2
   305  -.1294204474596981E-01   4   0 1  0 0  0 1  0 2
   306  -.9383435234785066E-07   4   0 0  1 0  0 1  0 2
   307  -.2354078981482508E-06   4   0 0  0 1  0 1  0 2
   308  -.1040211472956675E-01   4   1 0  0 0  0 0  1 2
   309  -.1292462795208836E-01   4   0 1  0 0  0 0  1 2
   310  -.9370807449872900E-07   4   0 0  1 0  0 0  1 2
   311  -.2350910972933210E-06   4   0 0  0 1  0 0  1 2
   312  0.1481104213217683E-03   4   1 0  0 0  0 0  0 3
   313  0.1194049387609394E-03   4   0 1  0 0  0 0  0 3
   314  0.9804128670230732E-08   4   0 0  1 0  0 0  0 3
   315  0.7911089213047336E-08   4   0 0  0 1  0 0  0 3
   316  -.2892089303854012E-04   4   0 0  0 0  0 4  0 0
   317  -.1816383206625932E-04   4   0 0  0 0  0 3  1 0
   318  -.1673558661812147E-04   4   0 0  0 0  0 2  2 0
   319  -.1819458562083650E-04   4   0 0  0 0  0 1  3 0
   320  -.2883088052868585E-04   4   0 0  0 0  0 0  4 0
   321  0.3735410881538236E-05   4   0 0  0 0  0 3  0 1
   322  0.3856268843658330E-05   4   0 0  0 0  0 2  1 1
   323  0.3856014728705705E-05   4   0 0  0 0  0 1  2 1
   324  0.3725279175723771E-05   4   0 0  0 0  0 0  3 1
   325  -.1319478074622755E-06   4   0 0  0 0  0 2  0 2
   326  -.1625511615197475E-06   4   0 0  0 0  0 1  1 2
   327  -.1316608615279153E-06   4   0 0  0 0  0 0  2 2
   328  0.1613072372853378E-08   4   0 0  0 0  0 1  0 3
   329  0.1610901576075459E-08   4   0 0  0 0  0 0  1 3
   330  -.4509838901220868E-15   4   0 0  0 0  0 0  0 4
   ----------------------------------------------------
     I  COEFFICIENT            ORDER EXPONENTS
     1  0.2075528701947527E-04   0   0 0  0 0  0 0  0 0
     2   1.243604509265158       1   1 0  0 0  0 0  0 0
     3   2.144973336300720       1   0 1  0 0  0 0  0 0
     4  0.3547396222714936E-04   1   0 0  1 0  0 0  0 0
     5  0.3251387823226083E-04   1   0 0  0 1  0 0  0 0
     6  0.3585448590207204E-06   1   0 0  0 0  0 1  0 0
     7  0.3580623462470452E-06   1   0 0  0 0  0 0  1 0
     8  0.2003867981874153E-04   1   0 0  0 0  0 0  0 1
     9  -.2952988455761256       2   2 0  0 0  0 0  0 0
    10  -.5433006617513060       2   1 1  0 0  0 0  0 0
    11  -.2514182930109643       2   0 2  0 0  0 0  0 0
    12  0.7683104406966034E-03   2   1 0  1 0  0 0  0 0
    13  0.5059510837067280E-03   2   0 1  1 0  0 0  0 0
    14  0.2393007006413638       2   0 0  2 0  0 0  0 0
    15  0.6112350671035607E-03   2   1 0  0 1  0 0  0 0
    16  0.3913792737053804E-03   2   0 1  0 1  0 0  0 0
    17  0.4406660584141522       2   0 0  1 1  0 0  0 0
    18  0.2045830623541089       2   0 0  0 2  0 0  0 0
    19  -.3499657951741521E-01   2   1 0  0 0  0 1  0 0
    20  -.6025453450178829       2   0 1  0 0  0 1  0 0
    21  -.1138598765237664E-05   2   0 0  1 0  0 1  0 0
    22  -.1738548446523530E-04   2   0 0  0 1  0 1  0 0
    23  -.3494948277003258E-01   2   1 0  0 0  0 0  1 0
    24  -.6017344678895367       2   0 1  0 0  0 0  1 0
    25  -.1137066492679700E-05   2   0 0  1 0  0 0  1 0
    26  -.1736208789959147E-04   2   0 0  0 1  0 0  1 0
    27   1.313550571626630       2   1 0  0 0  0 0  0 1
    28   1.204279812985239       2   0 1  0 0  0 0  0 1
    29  0.3774954468645919E-04   2   0 0  1 0  0 0  0 1
    30  0.3474749242276114E-04   2   0 0  0 1  0 0  0 1
    31  -.2762946825997266E-06   2   0 0  0 0  0 2  0 0
    32  -.1942631155545873E-06   2   0 0  0 0  0 1  1 0
    33  -.2757921431636086E-06   2   0 0  0 0  0 0  2 0
    34  0.7468489097272588E-06   2   0 0  0 0  0 1  0 1
    35  0.7458438356621672E-06   2   0 0  0 0  0 0  1 1
    36  -.7463452173629389E-06   2   0 0  0 0  0 0  0 2
    37  -1.976233371974100       3   3 0  0 0  0 0  0 0
    38  -5.838613526989030       3   2 1  0 0  0 0  0 0
    39  -6.334732689402152       3   1 2  0 0  0 0  0 0
    40  -1.855393301238626       3   0 3  0 0  0 0  0 0
    41  -.2568507438835883E-01   3   2 0  1 0  0 0  0 0
    42  -.4725356699644796E-01   3   1 1  1 0  0 0  0 0
    43  -.2186657376396608E-01   3   0 2  1 0  0 0  0 0
    44  -4.027504507286221       3   1 0  2 0  0 0  0 0
    45  -3.314698696361355       3   0 1  2 0  0 0  0 0
    46  0.6778717636870139E-02   3   0 0  3 0  0 0  0 0
    47  -.2408307363209230E-01   3   2 0  0 1  0 0  0 0
    48  -.4468635399391678E-01   3   1 1  0 1  0 0  0 0
    49  -.2083508760778800E-01   3   0 2  0 1  0 0  0 0
    50  -8.271226875128113       3   1 0  1 1  0 0  0 0
    51  -7.057261777137918       3   0 1  1 1  0 0  0 0
    52  0.1874226173862959E-01   3   0 0  2 1  0 0  0 0
    53  -3.498183766695449       3   1 0  0 2  0 0  0 0
    54  -2.466394649779782       3   0 1  0 2  0 0  0 0
    55  0.1742721833093361E-01   3   0 0  1 2  0 0  0 0
    56  0.5465775795520600E-02   3   0 0  0 3  0 0  0 0
    57  0.2340098081946036E-01   3   2 0  0 0  0 1  0 0
    58  0.3137028713942587       3   1 1  0 0  0 1  0 0
    59  0.2703064231975310       3   0 2  0 0  0 1  0 0
    60  -.3779382823660557E-03   3   1 0  1 0  0 1  0 0
    61  -.5665711853634061E-03   3   0 1  1 0  0 1  0 0
    62  0.5319234747064580E-02   3   0 0  2 0  0 1  0 0
    63  -.6832074342504233E-03   3   1 0  0 1  0 1  0 0
    64  -.7148904353324299E-03   3   0 1  0 1  0 1  0 0
    65  -.2097840998646030       3   0 0  1 1  0 1  0 0
    66  -.1994813740135189       3   0 0  0 2  0 1  0 0
    67  0.2336948888232364E-01   3   2 0  0 0  0 0  1 0
    68  0.3132807048542409       3   1 1  0 0  0 0  1 0
    69  0.2699426575522922       3   0 2  0 0  0 0  1 0
    70  -.3774296708372623E-03   3   1 0  1 0  0 0  1 0
    71  -.5658087205637202E-03   3   0 1  1 0  0 0  1 0
    72  0.5312076371628676E-02   3   0 0  2 0  0 0  1 0
    73  -.6822880058838601E-03   3   1 0  0 1  0 0  1 0
    74  -.7139283694761793E-03   3   0 1  0 1  0 0  1 0
    75  -.2095017823097877       3   0 0  1 1  0 0  1 0
    76  -.1992129213816030       3   0 0  0 2  0 0  1 0
    77  -.3420703890192170       3   2 0  0 0  0 0  0 1
    78  -.6269853643361502       3   1 1  0 0  0 0  0 1
    79  -.2888315256962695       3   0 2  0 0  0 0  0 1
    80  0.1521945657522856E-02   3   1 0  1 0  0 0  0 1
    81  0.1130551790843557E-02   3   0 1  1 0  0 0  0 1
    82  0.2286702394154632       3   0 0  2 0  0 0  0 1
    83  0.1363620419820298E-02   3   1 0  0 1  0 0  0 1
    84  0.1035445193158368E-02   3   0 1  0 1  0 0  0 1
    85  0.4192873036062617       3   0 0  1 1  0 0  0 1
    86  0.1941118185888646       3   0 0  0 2  0 0  0 1
    87  0.2657409408158175E-01   3   1 0  0 0  0 2  0 0
    88  0.4669254666195650       3   0 1  0 0  0 2  0 0
    89  0.8070379942688703E-06   3   0 0  1 0  0 2  0 0
    90  0.1354891721182752E-04   3   0 0  0 1  0 2  0 0
    91  0.1817409461064475E-01   3   1 0  0 0  0 1  1 0
    92  0.3316694308087019       3   0 1  0 0  0 1  1 0
    93  0.4840332527696872E-06   3   0 0  1 0  0 1  1 0
    94  0.9723784867498398E-05   3   0 0  0 1  0 1  1 0
    95  0.2652610299815506E-01   3   1 0  0 0  0 0  2 0
    96  0.4660739277875522       3   0 1  0 0  0 0  2 0
    97  0.8056262260015362E-06   3   0 0  1 0  0 0  2 0
    98  0.1352414081178653E-04   3   0 0  0 1  0 0  2 0
    99  -.7132205973281841E-01   3   1 0  0 0  0 1  0 1
   100  -.6629748521773334       3   0 1  0 0  0 1  0 1
   101  -.2132693646402538E-05   3   0 0  1 0  0 1  0 1
   102  -.1944112315581670E-04   3   0 0  0 1  0 1  0 1
   103  -.7122607786612351E-01   3   1 0  0 0  0 0  1 1
   104  -.6620826518661966       3   0 1  0 0  0 0  1 1
   105  -.2129823567803588E-05   3   0 0  1 0  0 0  1 1
   106  -.1941496020850200E-04   3   0 0  0 1  0 0  1 1
   107  0.7127394562378359E-01   3   1 0  0 0  0 0  0 2
   108  0.6038875137952335E-01   3   0 1  0 0  0 0  0 2
   109  0.2152503500705429E-05   3   0 0  1 0  0 0  0 2
   110  0.2071542163650826E-05   3   0 0  0 1  0 0  0 2
   111  0.2348621795400688E-06   3   0 0  0 0  0 3  0 0
   112  0.1526444640321792E-06   3   0 0  0 0  0 2  1 0
   113  0.1528097931010316E-06   3   0 0  0 0  0 1  2 0
   114  0.2342855075083503E-06   3   0 0  0 0  0 0  3 0
   115  -.5822639928548638E-06   3   0 0  0 0  0 2  0 1
   116  -.4183285922350624E-06   3   0 0  0 0  0 1  1 1
   117  -.5811989259622996E-06   3   0 0  0 0  0 0  2 1
   118  0.4185845263137847E-06   3   0 0  0 0  0 1  0 2
   119  0.4180212149854454E-06   3   0 0  0 0  0 0  1 2
   120  -.3013715907203724E-07   3   0 0  0 0  0 0  0 3
   121  -28.49339781214410       4   4 0  0 0  0 0  0 0
   122  -105.5276306968371       4   3 1  0 0  0 0  0 0
   123  -147.2615540986614       4   2 2  0 0  0 0  0 0
   124  -92.02582893425624       4   1 3  0 0  0 0  0 0
   125  -21.78426683150389       4   0 4  0 0  0 0  0 0
   126  -.1656357426188967E-01   4   3 0  1 0  0 0  0 0
   127  -.4513453004495860E-01   4   2 1  1 0  0 0  0 0
   128  -.4126173516597393E-01   4   1 2  1 0  0 0  0 0
   129  -.1235816965162973E-01   4   0 3  1 0  0 0  0 0
   130   144.0156722710434       4   2 0  2 0  0 0  0 0
   131   263.0373582533126       4   1 1  2 0  0 0  0 0
   132   120.8634684741092       4   0 2  2 0  0 0  0 0
   133  0.1465971959079589E-01   4   1 0  3 0  0 0  0 0
   134  0.1388368826303330E-01   4   0 1  3 0  0 0  0 0
   135  -19.53369047133455       4   0 0  4 0  0 0  0 0
   136  -.1544643143869532E-01   4   3 0  0 1  0 0  0 0
   137  -.4245116096704356E-01   4   2 1  0 1  0 0  0 0
   138  -.3877017135252922E-01   4   1 2  0 1  0 0  0 0
   139  -.1160251420095549E-01   4   0 3  0 1  0 0  0 0
   140   268.0568249149441       4   2 0  1 1  0 0  0 0
   141   492.9760082708508       4   1 1  1 1  0 0  0 0
   142   228.2712991460532       4   0 2  1 1  0 0  0 0
   143  0.4162483736470250E-01   4   1 0  2 1  0 0  0 0
   144  0.3961190960837473E-01   4   0 1  2 1  0 0  0 0
   145  -71.45356093198156       4   0 0  3 1  0 0  0 0
   146   125.4890381507537       4   2 0  0 2  0 0  0 0
   147   232.0842327375568       4   1 1  0 2  0 0  0 0
   148   108.1537404717974       4   0 2  0 2  0 0  0 0
   149  0.3951993346502932E-01   4   1 0  1 2  0 0  0 0
   150  0.3793383011420462E-01   4   0 1  1 2  0 0  0 0
   151  -98.87127713836753       4   0 0  2 2  0 0  0 0
   152  0.1291566588109763E-01   4   1 0  0 3  0 0  0 0
   153  0.1243358433415729E-01   4   0 1  0 3  0 0  0 0
   154  -61.11772485519107       4   0 0  1 3  0 0  0 0
   155  -14.19047620378508       4   0 0  0 4  0 0  0 0
   156   1.256975689053949       4   3 0  0 0  0 1  0 0
   157   6.588018595863824       4   2 1  0 0  0 1  0 0
   158   9.904716336693127       4   1 2  0 0  0 1  0 0
   159   3.925760187908902       4   0 3  0 0  0 1  0 0
   160  -.2382737095147136E-02   4   2 0  1 0  0 1  0 0
   161  0.1593462339215643E-01   4   1 1  1 0  0 1  0 0
   162  0.1665229172190391E-01   4   0 2  1 0  0 1  0 0
   163   1.792669681647262       4   1 0  2 0  0 1  0 0
   164   3.082887063181795       4   0 1  2 0  0 1  0 0
   165  0.5946472003728458E-03   4   0 0  3 0  0 1  0 0
   166  0.7945072194491551E-02   4   2 0  0 1  0 1  0 0
   167  0.3372664812121533E-01   4   1 1  0 1  0 1  0 0
   168  0.2446122878976105E-01   4   0 2  0 1  0 1  0 0
   169   7.933770629598951       4   1 0  1 1  0 1  0 0
   170   10.22003034087253       4   0 1  1 1  0 1  0 0
   171  -.6351180532707638E-02   4   0 0  2 1  0 1  0 0
   172   5.416229622441504       4   1 0  0 2  0 1  0 0
   173   5.333745646442171       4   0 1  0 2  0 1  0 0
   174  -.1321536460969288E-01   4   0 0  1 2  0 1  0 0
   175  -.6410999401904117E-02   4   0 0  0 3  0 1  0 0
   176   1.255284110410833       4   3 0  0 0  0 0  1 0
   177   6.579152750920053       4   2 1  0 0  0 0  1 0
   178   9.891387036240305       4   1 2  0 0  0 0  1 0
   179   3.920477084862678       4   0 3  0 0  0 0  1 0
   180  -.2379530519859003E-02   4   2 0  1 0  0 0  1 0
   181  0.1591317932696805E-01   4   1 1  1 0  0 0  1 0
   182  0.1662988185249989E-01   4   0 2  1 0  0 0  1 0
   183   1.790257191275297       4   1 0  2 0  0 0  1 0
   184   3.078738259063600       4   0 1  2 0  0 0  1 0
   185  0.5938469521953357E-03   4   0 0  3 0  0 0  1 0
   186  0.7934380090770483E-02   4   2 0  0 1  0 0  1 0
   187  0.3368126038765566E-01   4   1 1  0 1  0 0  1 0
   188  0.2442831002087357E-01   4   0 2  0 1  0 0  1 0
   189   7.923093734991299       4   1 0  1 1  0 0  1 0
   190   10.20627670569313       4   0 1  1 1  0 0  1 0
   191  -.6342633413267490E-02   4   0 0  2 1  0 0  1 0
   192   5.408940715873686       4   1 0  0 2  0 0  1 0
   193   5.326567742921922       4   0 1  0 2  0 0  1 0
   194  -.1319757999481972E-01   4   0 0  1 2  0 0  1 0
   195  -.6402371781048968E-02   4   0 0  0 3  0 0  1 0
   196  -4.491685290425662       4   3 0  0 0  0 0  0 1
   197  -13.17735714025380       4   2 1  0 0  0 0  0 1
   198  -13.47230329667451       4   1 2  0 0  0 0  0 1
   199  -4.139392323266438       4   0 3  0 0  0 0  0 1
   200  0.3903416892107834E-03   4   2 0  1 0  0 0  0 1
   201  0.7920327828752270E-03   4   1 1  1 0  0 0  0 1
   202  0.4033865058264036E-03   4   0 2  1 0  0 0  0 1
   203  -7.602363971597138       4   1 0  2 0  0 0  0 1
   204  -6.153243552544200       4   0 1  2 0  0 0  0 1
   205  -.1915674684881995E-03   4   0 0  3 0  0 0  0 1
   206  0.3825140210857189E-03   4   2 0  0 1  0 0  0 1
   207  0.6881638756461291E-03   4   1 1  0 1  0 0  0 1
   208  0.3340790637169532E-03   4   0 2  0 1  0 0  0 1
   209  -15.83954728800884       4   1 0  1 1  0 0  0 1
   210  -13.35082605530915       4   0 1  1 1  0 0  0 1
   211  -.5954419726224112E-03   4   0 0  2 1  0 0  0 1
   212  -7.317631261098943       4   1 0  0 2  0 0  0 1
   213  -5.717593172647095       4   0 1  0 2  0 0  0 1
   214  -.6006866564192703E-03   4   0 0  1 2  0 0  0 1
   215  -.1776970420054576E-03   4   0 0  0 3  0 0  0 1
   216  -.1788881132987645E-01   4   2 0  0 0  0 2  0 0
   217  -.2561547511151144       4   1 1  0 0  0 2  0 0
   218  -.2841171659125114       4   0 2  0 0  0 2  0 0
   219  -.1407843624779502E-03   4   1 0  1 0  0 2  0 0
   220  0.1738497313073321E-03   4   0 1  1 0  0 2  0 0
   221  -.3686176279023443E-02   4   0 0  2 0  0 2  0 0
   222  0.3461398310610656E-03   4   1 0  0 1  0 2  0 0
   223  0.6326400463324583E-03   4   0 1  0 1  0 2  0 0
   224  0.1526255061475699       4   0 0  1 1  0 2  0 0
   225  0.1958299192117905       4   0 0  0 2  0 2  0 0
   226  -.1272870060337039E-01   4   2 0  0 0  0 1  1 0
   227  -.1998982347612581       4   1 1  0 0  0 1  1 0
   228  -.2985815127434243       4   0 2  0 0  0 1  1 0
   229  -.1702010651895299E-03   4   1 0  1 0  0 1  1 0
   230  0.2301085008045680E-03   4   0 1  1 0  0 1  1 0
   231  -.2020920800000410E-02   4   0 0  2 0  0 1  1 0
   232  0.4105898851958847E-03   4   1 0  0 1  0 1  1 0
   233  0.9044606271879322E-03   4   0 1  0 1  0 1  1 0
   234  0.9557185581862973E-01   4   0 0  1 1  0 1  1 0
   235  0.1921785599429637       4   0 0  0 2  0 1  1 0
   236  -.1785617256796459E-01   4   2 0  0 0  0 0  2 0
   237  -.2556755233114871       4   1 1  0 0  0 0  2 0
   238  -.2835339059565091       4   0 2  0 0  0 0  2 0
   239  -.1404803772317479E-03   4   1 0  1 0  0 0  2 0
   240  0.1734609379443203E-03   4   0 1  1 0  0 0  2 0
   241  -.3679855766725562E-02   4   0 0  2 0  0 0  2 0
   242  0.3453977361308964E-03   4   1 0  0 1  0 0  2 0
   243  0.6311800789302944E-03   4   0 1  0 1  0 0  2 0
   244  0.1523558018846801       4   0 0  1 1  0 0  2 0
   245  0.1954370681112049       4   0 0  0 2  0 0  2 0
   246  0.4894986565840332E-01   4   2 0  0 0  0 1  0 1
   247  0.4004809617035114       4   1 1  0 0  0 1  0 1
   248  0.3275171217743115       4   0 2  0 0  0 1  0 1
   249  0.2264193657305694E-03   4   1 0  1 0  0 1  0 1
   250  -.3013763106461067E-03   4   0 1  1 0  0 1  0 1
   251  0.9406943925730092E-02   4   0 0  2 0  0 1  0 1
   252  -.4841317423855258E-03   4   1 0  0 1  0 1  0 1
   253  -.8091627813123726E-03   4   0 1  0 1  0 1  0 1
   254  -.1907512232805346       4   0 0  1 1  0 1  0 1
   255  -.1848277708432651       4   0 0  0 2  0 1  0 1
   256  0.4888399123612791E-01   4   2 0  0 0  0 0  1 1
   257  0.3999420132992656       4   1 1  0 0  0 0  1 1
   258  0.3270763646671753       4   0 2  0 0  0 0  1 1
   259  0.2261146612189442E-03   4   1 0  1 0  0 0  1 1
   260  -.3009707326106125E-03   4   0 1  1 0  0 0  1 1
   261  0.9394284503928521E-02   4   0 0  2 0  0 0  1 1
   262  -.4834802207029617E-03   4   1 0  0 1  0 0  1 1
   263  -.8080738481758026E-03   4   0 1  0 1  0 0  1 1
   264  -.1904945192740379       4   0 0  1 1  0 0  1 1
   265  -.1845790383398956       4   0 0  0 2  0 0  1 1
   266  -.4936059154961369E-01   4   2 0  0 0  0 0  0 2
   267  -.8811104863391606E-01   4   1 1  0 0  0 0  0 2
   268  -.3930122352131735E-01   4   0 2  0 0  0 0  0 2
   269  -.1607246694804439E-05   4   1 0  1 0  0 0  0 2
   270  -.9975452850784229E-05   4   0 1  1 0  0 0  0 2
   271  -.9413954576350168E-02   4   0 0  2 0  0 0  0 2
   272  -.1515516279836910E-05   4   1 0  0 1  0 0  0 2
   273  -.8171727902603346E-05   4   0 1  0 1  0 0  0 2
   274  -.1919984233944370E-01   4   0 0  1 1  0 0  0 2
   275  -.9496378719202666E-02   4   0 0  0 2  0 0  0 2
   276  -.2237680401293791E-01   4   1 0  0 0  0 3  0 0
   277  -.3993092937582282       4   0 1  0 0  0 3  0 0
   278  -.2100692734789003E-05   4   0 0  1 0  0 3  0 0
   279  -.1513166280148315E-04   4   0 0  0 1  0 3  0 0
   280  -.1396607121126621E-01   4   1 0  0 0  0 2  1 0
   281  -.2641431204985250       4   0 1  0 0  0 2  1 0
   282  -.1106889140609301E-05   4   0 0  1 0  0 2  1 0
   283  -.1011711763285848E-04   4   0 0  0 1  0 2  1 0
   284  -.1398298857470353E-01   4   1 0  0 0  0 1  2 0
   285  -.2644148861431231       4   0 1  0 0  0 1  2 0
   286  -.1108889554978420E-05   4   0 0  1 0  0 1  2 0
   287  -.1012719903438455E-04   4   0 0  0 1  0 1  2 0
   288  -.2232224877423250E-01   4   1 0  0 0  0 0  3 0
   289  -.3983257403085528       4   0 1  0 0  0 0  3 0
   290  -.2095708420125193E-05   4   0 0  1 0  0 0  3 0
   291  -.1509431919317472E-04   4   0 0  0 1  0 0  3 0
   292  0.5449964626779790E-01   4   1 0  0 0  0 2  0 1
   293  0.5281898970764648       4   0 1  0 0  0 2  0 1
   294  0.2443296837500412E-05   4   0 0  1 0  0 2  0 1
   295  0.1855682220447824E-04   4   0 0  0 1  0 2  0 1
   296  0.3770692010806542E-01   4   1 0  0 0  0 1  1 1
   297  0.3937506344392910       4   0 1  0 0  0 1  1 1
   298  0.1399870572217445E-05   4   0 0  1 0  0 1  1 1
   299  0.1371636068155157E-04   4   0 0  0 1  0 1  1 1
   300  0.5440093111432300E-01   4   1 0  0 0  0 0  2 1
   301  0.5272141384822062       4   0 1  0 0  0 0  2 1
   302  0.2439066823843879E-05   4   0 0  1 0  0 0  2 1
   303  0.1852261989182044E-04   4   0 0  0 1  0 0  2 1
   304  -.3767530815019636E-01   4   1 0  0 0  0 1  0 2
   305  -.6207092510721481E-01   4   0 1  0 0  0 1  0 2
   306  0.1351088418927338E-07   4   0 0  1 0  0 1  0 2
   307  -.8305213986563252E-06   4   0 0  0 1  0 1  0 2
   308  -.3762460649606455E-01   4   1 0  0 0  0 0  1 2
   309  -.6198739298150782E-01   4   0 1  0 0  0 0  1 2
   310  0.1349270187803961E-07   4   0 0  1 0  0 0  1 2
   311  -.8294037220991651E-06   4   0 0  0 1  0 0  1 2
   312  0.1340629411745059E-02   4   1 0  0 0  0 0  0 3
   313  0.1092387356188131E-02   4   0 1  0 0  0 0  0 3
   314  0.8969383906796237E-07   4   0 0  1 0  0 0  0 3
   315  0.7350072344378656E-07   4   0 0  0 1  0 0  0 3
   316  -.1576837938589292E-04   4   0 0  0 0  0 4  0 0
   317  -.9549295593634835E-05   4   0 0  0 0  0 3  1 0
   318  -.8723418722770713E-05   4   0 0  0 0  0 2  2 0
   319  -.9567079957748711E-05   4   0 0  0 0  0 1  3 0
   320  -.1571954010379130E-04   4   0 0  0 0  0 0  4 0
   321  0.1870421372037392E-04   4   0 0  0 0  0 3  0 1
   322  0.1223247536832004E-04   4   0 0  0 0  0 2  1 1
   323  0.1224548859760603E-04   4   0 0  0 0  0 1  2 1
   324  0.1865823700156848E-04   4   0 0  0 0  0 0  3 1
   325  -.7869967706600645E-06   4   0 0  0 0  0 2  0 2
   326  -.9485273243186576E-06   4   0 0  0 0  0 1  1 2
   327  -.7852994258107502E-06   4   0 0  0 0  0 0  2 2
   328  0.3704503475333626E-08   4   0 0  0 0  0 1  0 3
   329  0.3699518129143723E-08   4   0 0  0 0  0 0  1 3
   330  0.7984338155790788E-14   4   0 0  0 0  0 0  0 4
   ----------------------------------------------------
     I  COEFFICIENT            ORDER EXPONENTS
     1  -.9223098683552832E-05   0   0 0  0 0  0 0  0 0
     2  0.7935403484813123E-05   1   1 0  0 0  0 0  0 0
     3  0.6993609103701720E-05   1   0 1  0 0  0 0  0 0
     4  0.7504628618718027       1   0 0  1 0  0 0  0 0
     5  0.9224907810048387       1   0 0  0 1  0 0  0 0
     6  -.1029544239629840E-04   1   0 0  0 0  0 1  0 0
     7  -.1028158727512887E-04   1   0 0  0 0  0 0  1 0
     8  0.2057702967130243E-04   1   0 0  0 0  0 0  0 1
     9  0.1221429094812003E-03   2   2 0  0 0  0 0  0 0
    10  0.2201561940332963E-03   2   1 1  0 0  0 0  0 0
    11  0.1202260495505472E-03   2   0 2  0 0  0 0  0 0
    12  0.1072100852409534       2   1 0  1 0  0 0  0 0
    13  0.9581896734276932E-01   2   0 1  1 0  0 0  0 0
    14  -.4654800094369153E-04   2   0 0  2 0  0 0  0 0
    15  0.9690128725164032E-01   2   1 0  0 1  0 0  0 0
    16  0.8716941467614758E-01   2   0 1  0 1  0 0  0 0
    17  -.1608302444548763E-04   2   0 0  1 1  0 0  0 0
    18  0.4654486620730167E-04   2   0 0  0 2  0 0  0 0
    19  -.4093501966082966E-05   2   1 0  0 0  0 1  0 0
    20  -.7118115636899531E-05   2   0 1  0 0  0 1  0 0
    21  0.1201166946360950       2   0 0  1 0  0 1  0 0
    22  -.3539603460225513       2   0 0  0 1  0 1  0 0
    23  -.4087993124057090E-05   2   1 0  0 0  0 0  1 0
    24  -.7108536412340564E-05   2   0 1  0 0  0 0  1 0
    25  0.1199550472493578       2   0 0  1 0  0 0  1 0
    26  -.3534840028704475       2   0 0  0 1  0 0  1 0
    27  0.8181482574263659E-05   2   1 0  0 0  0 0  0 1
    28  0.7233030559359564E-05   2   0 1  0 0  0 0  0 1
    29  -.2400717418965638       2   0 0  1 0  0 0  0 1
    30  -.2150464321231605       2   0 0  0 1  0 0  0 1
    31  0.7536448935546336E-05   2   0 0  0 0  0 2  0 0
    32  0.4784863361744010E-05   2   0 0  0 0  0 1  1 0
    33  0.7523087115925613E-05   2   0 0  0 0  0 0  2 0
    34  -.9562317679701173E-05   2   0 0  0 0  0 1  0 1
    35  -.9549449163224263E-05   2   0 0  0 0  0 0  1 1
    36  -.7326274644913688E-06   2   0 0  0 0  0 0  0 2
    37  -.1826995549710629E-02   3   3 0  0 0  0 0  0 0
    38  -.4933216280584381E-02   3   2 1  0 0  0 0  0 0
    39  -.4462535999810812E-02   3   1 2  0 0  0 0  0 0
    40  -.1348733056739059E-02   3   0 3  0 0  0 0  0 0
    41  -.7764627069685239       3   2 0  1 0  0 0  0 0
    42  -1.695193928800386       3   1 1  1 0  0 0  0 0
    43  -1.132986513131473       3   0 2  1 0  0 0  0 0
    44  0.4586884337273753E-02   3   1 0  2 0  0 0  0 0
    45  0.4101951876827927E-02   3   0 1  2 0  0 0  0 0
    46  -.8581994244459580E-01   3   0 0  3 0  0 0  0 0
    47  -1.196438222676909       3   2 0  0 1  0 0  0 0
    48  -2.213616217240804       3   1 1  0 1  0 0  0 0
    49  -.7800638885069999       3   0 2  0 1  0 0  0 0
    50  0.8295735925602156E-02   3   1 0  1 1  0 0  0 0
    51  0.7469774015523079E-02   3   0 1  1 1  0 0  0 0
    52  -.4576797519720454       3   0 0  2 1  0 0  0 0
    53  0.3792554753845658E-02   3   1 0  0 2  0 0  0 0
    54  0.3441858852545845E-02   3   0 1  0 2  0 0  0 0
    55  -.8821900850725597       3   0 0  1 2  0 0  0 0
    56  -.2799042096643366E-01   3   0 0  0 3  0 0  0 0
    57  -.9557904462655401E-04   3   2 0  0 0  0 1  0 0
    58  -.2958887646147076E-03   3   1 1  0 0  0 1  0 0
    59  -.2196319003467593E-03   3   0 2  0 0  0 1  0 0
    60  -.5152006621548115E-01   3   1 0  1 0  0 1  0 0
    61  -.9381311405206136E-01   3   0 1  1 0  0 1  0 0
    62  0.1531421081522640E-05   3   0 0  2 0  0 1  0 0
    63  -.9544149212550268E-01   3   1 0  0 1  0 1  0 0
    64  -.1293119564876043       3   0 1  0 1  0 1  0 0
    65  0.6385893625795907E-05   3   0 0  1 1  0 1  0 0
    66  -.6011111757823568E-04   3   0 0  0 2  0 1  0 0
    67  -.9545041885278003E-04   3   2 0  0 0  0 0  1 0
    68  -.2954905714600437E-03   3   1 1  0 0  0 0  1 0
    69  -.2193363300861658E-03   3   0 2  0 0  0 0  1 0
    70  -.5145073293842493E-01   3   1 0  1 0  0 0  1 0
    71  -.9368686478442903E-01   3   0 1  1 0  0 0  1 0
    72  0.1529360167204456E-05   3   0 0  2 0  0 0  1 0
    73  -.9531305146340192E-01   3   1 0  0 1  0 0  1 0
    74  -.1291379345508247       3   0 1  0 1  0 0  1 0
    75  0.6377299791110946E-05   3   0 0  1 1  0 0  1 0
    76  -.6003022286913791E-04   3   0 0  0 2  0 0  1 0
    77  0.1908361238839667E-03   3   2 0  0 0  0 0  0 1
    78  0.3708168514414668E-03   3   1 1  0 0  0 0  0 1
    79  0.1983012060006828E-03   3   0 2  0 0  0 0  0 1
    80  0.1029709720329328       3   1 0  1 0  0 0  0 1
    81  0.9168114942350633E-01   3   0 1  1 0  0 0  0 1
    82  -.2922456246719573E-05   3   0 0  2 0  0 0  0 1
    83  0.9385339212890915E-01   3   1 0  0 1  0 0  0 1
    84  0.8411116816063860E-01   3   0 1  0 1  0 0  0 1
    85  0.3605691237920341E-05   3   0 0  1 1  0 0  0 1
    86  0.2719954647066568E-04   3   0 0  0 2  0 0  0 1
    87  0.3137242152632875E-05   3   1 0  0 0  0 2  0 0
    88  0.7213091932369503E-05   3   0 1  0 0  0 2  0 0
    89  -.8773286634153549E-01   3   0 0  1 0  0 2  0 0
    90  0.2135313527078985       3   0 0  0 1  0 2  0 0
    91  0.2191195384898899E-05   3   1 0  0 0  0 1  1 0
    92  0.7316756023418446E-05   3   0 1  0 0  0 1  1 0
    93  -.5543602545818133E-01   3   0 0  1 0  0 1  1 0
    94  0.7347966531467388E-01   3   0 0  0 1  0 1  1 0
    95  0.3131545796336054E-05   3   1 0  0 0  0 0  2 0
    96  0.7198461620401648E-05   3   0 1  0 0  0 0  2 0
    97  -.8757749798949367E-01   3   0 0  1 0  0 0  2 0
    98  0.2131945495415062       3   0 0  0 1  0 0  2 0
    99  -.4388347086810578E-05   3   1 0  0 0  0 1  0 1
   100  -.7512682695235637E-05   3   0 1  0 0  0 1  0 1
   101  0.1107851852354822       3   0 0  1 0  0 1  0 1
   102  0.2073783413226836       3   0 0  0 1  0 1  0 1
   103  -.4382441456116798E-05   3   1 0  0 0  0 0  1 1
   104  -.7502572480924882E-05   3   0 1  0 0  0 0  1 1
   105  0.1106360957543172       3   0 0  1 0  0 0  1 1
   106  0.2070992613243343       3   0 0  0 1  0 0  1 1
   107  0.3067964254815935E-06   3   1 0  0 0  0 0  0 2
   108  0.3040414876021990E-06   3   0 1  0 0  0 0  0 2
   109  0.9325190966799573E-02   3   0 0  1 0  0 0  0 2
   110  0.7807583118677489E-02   3   0 0  0 1  0 0  0 2
   111  -.6159381021970978E-05   3   0 0  0 0  0 3  0 0
   112  -.3406712882134349E-05   3   0 0  0 0  0 2  1 0
   113  -.3412252766248812E-05   3   0 0  0 0  0 1  2 0
   114  -.6144658310434910E-05   3   0 0  0 0  0 0  3 0
   115  0.6811325334352860E-05   3   0 0  0 0  0 2  0 1
   116  0.4067550602929876E-05   3   0 0  0 0  0 1  1 1
   117  0.6799422014733575E-05   3   0 0  0 0  0 0  2 1
   118  0.7174991421096516E-06   3   0 0  0 0  0 1  0 2
   119  0.7165335655787626E-06   3   0 0  0 0  0 0  1 2
   120  0.1042109085436230E-07   3   0 0  0 0  0 0  0 3
   121  -.8649450605056736E-03   4   4 0  0 0  0 0  0 0
   122  -.3091327043078269E-02   4   3 1  0 0  0 0  0 0
   123  -.4177318918395489E-02   4   2 2  0 0  0 0  0 0
   124  -.2413961334328084E-02   4   1 3  0 0  0 0  0 0
   125  -.4603656957366151E-03   4   0 4  0 0  0 0  0 0
   126   21.12485738501706       4   3 0  1 0  0 0  0 0
   127   57.33836350421072       4   2 1  1 0  0 0  0 0
   128   52.24748402487832       4   1 2  1 0  0 0  0 0
   129   16.02733113101396       4   0 3  1 0  0 0  0 0
   130  0.4437146615633568E-02   4   2 0  2 0  0 0  0 0
   131  0.7947965137903124E-02   4   1 1  2 0  0 0  0 0
   132  0.3561535977759780E-02   4   0 2  2 0  0 0  0 0
   133  -17.79989508448570       4   1 0  3 0  0 0  0 0
   134  -15.75147667866829       4   0 1  3 0  0 0  0 0
   135  -.8416727872521095E-03   4   0 0  4 0  0 0  0 0
   136   19.30917418087538       4   3 0  0 1  0 0  0 0
   137   52.69088210141806       4   2 1  0 1  0 0  0 0
   138   48.31686278469742       4   1 2  0 1  0 0  0 0
   139   14.92733555038816       4   0 3  0 1  0 0  0 0
   140  0.8054525974957573E-02   4   2 0  1 1  0 0  0 0
   141  0.1471165722979142E-01   4   1 1  1 1  0 0  0 0
   142  0.6552143664184217E-02   4   0 2  1 1  0 0  0 0
   143  -48.16497997519592       4   1 0  2 1  0 0  0 0
   144  -42.90891593337000       4   0 1  2 1  0 0  0 0
   145  -.2982430419687765E-02   4   0 0  3 1  0 0  0 0
   146  0.3630149045619761E-02   4   2 0  0 2  0 0  0 0
   147  0.6896202113647949E-02   4   1 1  0 2  0 0  0 0
   148  0.3225148160430965E-02   4   0 2  0 2  0 0  0 0
   149  -43.62588506888564       4   1 0  1 2  0 0  0 0
   150  -39.07835997146345       4   0 1  1 2  0 0  0 0
   151  -.3948872011575526E-02   4   0 0  2 2  0 0  0 0
   152  -13.17851853135249       4   1 0  0 3  0 0  0 0
   153  -11.85487714353947       4   0 1  0 3  0 0  0 0
   154  -.2441075403951097E-02   4   0 0  1 3  0 0  0 0
   155  -.5358977426239087E-03   4   0 0  0 4  0 0  0 0
   156  0.2461385486421566E-03   4   3 0  0 0  0 1  0 0
   157  0.2816070249953901E-02   4   2 1  0 0  0 1  0 0
   158  0.4456024097303004E-02   4   1 2  0 0  0 1  0 0
   159  0.1909116468207380E-02   4   0 3  0 0  0 1  0 0
   160  0.8462596226235202       4   2 0  1 0  0 1  0 0
   161   2.660507550728805       4   1 1  1 0  0 1  0 0
   162   2.186167954981227       4   0 2  1 0  0 1  0 0
   163  -.5931779186571351E-03   4   1 0  2 0  0 1  0 0
   164  -.2383977423297124E-02   4   0 1  2 0  0 1  0 0
   165  0.1295060672971169       4   0 0  3 0  0 1  0 0
   166   1.568618821706156       4   2 0  0 1  0 1  0 0
   167   4.129249406142860       4   1 1  0 1  0 1  0 0
   168   2.260982994340714       4   0 2  0 1  0 1  0 0
   169  -.4756749939793759E-02   4   1 0  1 1  0 1  0 0
   170  -.7616237393933927E-02   4   0 1  1 1  0 1  0 0
   171  0.5298298861652263       4   0 0  2 1  0 1  0 0
   172  -.3855458711405599E-02   4   1 0  0 2  0 1  0 0
   173  -.5019557303471642E-02   4   0 1  0 2  0 1  0 0
   174   1.231752326685532       4   0 0  1 2  0 1  0 0
   175  0.2627806609804494       4   0 0  0 3  0 1  0 0
   176  0.2458073069835019E-03   4   3 0  0 0  0 0  1 0
   177  0.2812280515328306E-02   4   2 1  0 0  0 0  1 0
   178  0.4450027390077995E-02   4   1 2  0 0  0 0  1 0
   179  0.1906547269238009E-02   4   0 3  0 0  0 0  1 0
   180  0.8451207663062299       4   2 0  1 0  0 0  1 0
   181   2.656927165052417       4   1 1  1 0  0 0  1 0
   182   2.183225913177943       4   0 2  1 0  0 0  1 0
   183  -.5923796477697132E-03   4   1 0  2 0  0 0  1 0
   184  -.2380769178833814E-02   4   0 1  2 0  0 0  1 0
   185  0.1293317841351586       4   0 0  3 0  0 0  1 0
   186   1.566507848422349       4   2 0  0 1  0 0  1 0
   187   4.123692456896858       4   1 1  0 1  0 0  1 0
   188   2.257940269983370       4   0 2  0 1  0 0  1 0
   189  -.4750348529902642E-02   4   1 0  1 1  0 0  1 0
   190  -.7605987820590004E-02   4   0 1  1 1  0 0  1 0
   191  0.5291168660744434       4   0 0  2 1  0 0  1 0
   192  -.3850270216773264E-02   4   1 0  0 2  0 0  1 0
   193  -.5012802219816169E-02   4   0 1  0 2  0 0  1 0
   194   1.230094692454756       4   0 0  1 2  0 0  1 0
   195  0.2624270231513263       4   0 0  0 3  0 0  1 0
   196  0.5990647712728224E-04   4   3 0  0 0  0 0  0 1
   197  0.2318893683428940E-03   4   2 1  0 0  0 0  0 1
   198  0.2816442003486022E-03   4   1 2  0 0  0 0  0 1
   199  0.1135492799876318E-03   4   0 3  0 0  0 0  0 1
   200  -1.689506002071308       4   2 0  1 0  0 0  0 1
   201  -3.618343404240421       4   1 1  1 0  0 0  0 1
   202  -2.101378093502924       4   0 2  1 0  0 0  0 1
   203  -.1273177249657254E-03   4   1 0  2 0  0 0  0 1
   204  -.1128747481490794E-03   4   0 1  2 0  0 0  0 1
   205  -.2592906265540843       4   0 0  3 0  0 0  0 1
   206  -1.936741970452666       4   2 0  0 1  0 0  0 1
   207  -3.821627184041501       4   1 1  0 1  0 0  0 1
   208  -2.176575832868576       4   0 2  0 1  0 0  0 1
   209  -.2658809312101756E-03   4   1 0  1 1  0 0  0 1
   210  -.2381435904832515E-03   4   0 1  1 1  0 0  0 1
   211  -.6026629704429944       4   0 0  2 1  0 0  0 1
   212  -.1141482356767564E-03   4   1 0  0 2  0 0  0 1
   213  -.9891957976838249E-04   4   0 1  0 2  0 0  0 1
   214  -.6989077859015768       4   0 0  1 2  0 0  0 1
   215  -.4417332977373755       4   0 0  0 3  0 0  0 1
   216  -.2286846217329559E-04   4   2 0  0 0  0 2  0 0
   217  0.1279438827711368E-03   4   1 1  0 0  0 2  0 0
   218  0.1987445092983581E-03   4   0 2  0 0  0 2  0 0
   219  0.3765823069917670E-01   4   1 0  1 0  0 2  0 0
   220  0.9256290715276265E-01   4   0 1  1 0  0 2  0 0
   221  -.8853424980338204E-05   4   0 0  2 0  0 2  0 0
   222  0.9437539657932477E-01   4   1 0  0 1  0 2  0 0
   223  0.1602697610575852       4   0 1  0 1  0 2  0 0
   224  -.1457299923919431E-03   4   0 0  1 1  0 2  0 0
   225  -.8616631825270055E-05   4   0 0  0 2  0 2  0 0
   226  -.2474412620261556E-04   4   2 0  0 0  0 1  1 0
   227  0.1847010794453643E-03   4   1 1  0 0  0 1  1 0
   228  0.2881943126374226E-03   4   0 2  0 0  0 1  1 0
   229  0.2372692979649992E-01   4   1 0  1 0  0 1  1 0
   230  0.9103704683963576E-01   4   0 1  1 0  0 1  1 0
   231  0.1550949467636678E-04   4   0 0  2 0  0 1  1 0
   232  0.9322871560235313E-01   4   1 0  0 1  0 1  1 0
   233  0.1910165758260877       4   0 1  0 1  0 1  1 0
   234  -.1188269069059998E-03   4   0 0  1 1  0 1  1 0
   235  0.7662758453322590E-05   4   0 0  0 2  0 1  1 0
   236  -.2282103713512769E-04   4   2 0  0 0  0 0  2 0
   237  0.1276474209194765E-03   4   1 1  0 0  0 0  2 0
   238  0.1982831291423466E-03   4   0 2  0 0  0 0  2 0
   239  0.3759158673511843E-01   4   1 0  1 0  0 0  2 0
   240  0.9237708367105056E-01   4   0 1  1 0  0 0  2 0
   241  -.8851946431827278E-05   4   0 0  2 0  0 0  2 0
   242  0.9418565921249644E-01   4   1 0  0 1  0 0  2 0
   243  0.1599255470136826       4   0 1  0 1  0 0  2 0
   244  -.1454539200106058E-03   4   0 0  1 1  0 0  2 0
   245  -.8610192057806833E-05   4   0 0  0 2  0 0  2 0
   246  -.7914829317218982E-05   4   2 0  0 0  0 1  0 1
   247  -.1970414345146395E-03   4   1 1  0 0  0 1  0 1
   248  -.1872406426509620E-03   4   0 2  0 0  0 1  0 1
   249  -.4732956773539290E-01   4   1 0  1 0  0 1  0 1
   250  -.8782965586384739E-01   4   0 1  1 0  0 1  0 1
   251  -.5040052687798957E-04   4   0 0  2 0  0 1  0 1
   252  -.9092674553301348E-01   4   1 0  0 1  0 1  0 1
   253  -.1234342350701020       4   0 1  0 1  0 1  0 1
   254  0.1234278503363357E-04   4   0 0  1 1  0 1  0 1
   255  0.4527262415234639E-04   4   0 0  0 2  0 1  0 1
   256  -.7904177912936883E-05   4   2 0  0 0  0 0  1 1
   257  -.1967762654383108E-03   4   1 1  0 0  0 0  1 1
   258  -.1869886630184282E-03   4   0 2  0 0  0 0  1 1
   259  -.4726587383370002E-01   4   1 0  1 0  0 0  1 1
   260  -.8771145885225426E-01   4   0 1  1 0  0 0  1 1
   261  -.5033270022421178E-04   4   0 0  2 0  0 0  1 1
   262  -.9080438060410437E-01   4   1 0  0 1  0 0  1 1
   263  -.1232681230937987       4   0 1  0 1  0 0  1 1
   264  0.1232617469523053E-04   4   0 0  1 1  0 0  1 1
   265  0.4521169838838704E-04   4   0 0  0 2  0 0  1 1
   266  0.1220926251705803E-04   4   2 0  0 0  0 0  0 2
   267  0.3354059814520532E-04   4   1 1  0 0  0 0  0 2
   268  0.2027495167471127E-04   4   0 2  0 0  0 0  0 2
   269  -.4332018531059365E-02   4   1 0  1 0  0 0  0 2
   270  -.4216874515906922E-02   4   0 1  1 0  0 0  0 2
   271  0.6234868766978611E-04   4   0 0  2 0  0 0  0 2
   272  -.3115211556094852E-02   4   1 0  0 1  0 0  0 2
   273  -.3116028153574701E-02   4   0 1  0 1  0 0  0 2
   274  0.8947354108856400E-04   4   0 0  1 1  0 0  0 2
   275  0.2838588109094457E-04   4   0 0  0 2  0 0  0 2
   276  -.4841682879641309E-05   4   1 0  0 0  0 3  0 0
   277  -.9740024697306789E-05   4   0 1  0 0  0 3  0 0
   278  0.7157091619652237E-01   4   0 0  1 0  0 3  0 0
   279  -.1443258251951709       4   0 0  0 1  0 3  0 0
   280  -.3265697237447316E-05   4   1 0  0 0  0 2  1 0
   281  -.9382287347982518E-05   4   0 1  0 0  0 2  1 0
   282  0.3926539446104376E-01   4   0 0  1 0  0 2  1 0
   283  -.6009532244874549E-02   4   0 0  0 1  0 2  1 0
   284  -.3268865415452389E-05   4   1 0  0 0  0 1  2 0
   285  -.9382983027563060E-05   4   0 1  0 0  0 1  2 0
   286  0.3933041290616475E-01   4   0 0  1 0  0 1  2 0
   287  -.6288349495421661E-02   4   0 0  0 1  0 1  2 0
   288  -.4829714869037503E-05   4   1 0  0 0  0 0  3 0
   289  -.9714058585697585E-05   4   0 1  0 0  0 0  3 0
   290  0.7140005593188041E-01   4   0 0  1 0  0 0  3 0
   291  -.1440304467996337       4   0 0  0 1  0 0  3 0
   292  0.5816319852371712E-05   4   1 0  0 0  0 2  0 1
   293  0.1028284821837845E-04   4   0 1  0 0  0 2  0 1
   294  -.7850730958701035E-01   4   0 0  1 0  0 2  0 1
   295  -.2016008957688914       4   0 0  0 1  0 2  0 1
   296  0.4279749313891431E-05   4   1 0  0 0  0 1  1 1
   297  0.9995414396294669E-05   4   0 1  0 0  0 1  1 1
   298  -.4631456418614245E-01   4   0 0  1 0  0 1  1 1
   299  -.1958369383702722       4   0 0  0 1  0 1  1 1
   300  0.5805612780826686E-05   4   1 0  0 0  0 0  2 1
   301  0.1026228436707129E-04   4   0 1  0 0  0 0  2 1
   302  -.7837049417081354E-01   4   0 0  1 0  0 0  2 1
   303  -.2011978167233949       4   0 0  0 1  0 0  2 1
   304  -.1594676181659175E-06   4   1 0  0 0  0 1  0 2
   305  -.2706791461872652E-06   4   0 1  0 0  0 1  0 2
   306  -.9122913873993310E-02   4   0 0  1 0  0 1  0 2
   307  -.1155089018485124E-01   4   0 0  0 1  0 1  0 2
   308  -.1592530141608464E-06   4   1 0  0 0  0 0  1 2
   309  -.2703148789490008E-06   4   0 1  0 0  0 0  1 2
   310  -.9110636686449725E-02   4   0 0  1 0  0 0  1 2
   311  -.1153534554121506E-01   4   0 0  0 1  0 0  1 2
   312  0.9872405028205468E-08   4   1 0  0 0  0 0  0 3
   313  0.7978943703747411E-08   4   0 1  0 0  0 0  0 3
   314  -.1391014272101182E-03   4   0 0  1 0  0 0  0 3
   315  -.1123138192960767E-03   4   0 0  0 1  0 0  0 3
   316  0.9441057292276881E-05   4   0 0  0 0  0 4  0 0
   317  0.4703834125626712E-05   4   0 0  0 0  0 3  1 0
   318  0.4075713954779699E-05   4   0 0  0 0  0 2  2 0
   319  0.4717391227600720E-05   4   0 0  0 0  0 1  3 0
   320  0.9412496200038932E-05   4   0 0  0 0  0 0  4 0
   321  -.1171096452130887E-05   4   0 0  0 0  0 3  0 1
   322  0.1119888799808908E-06   4   0 0  0 0  0 2  1 1
   323  0.1094019876982593E-06   4   0 0  0 0  0 1  2 1
   324  -.1168807697207521E-05   4   0 0  0 0  0 0  3 1
   325  -.2703408768858846E-06   4   0 0  0 0  0 2  0 2
   326  -.3180544528802089E-06   4   0 0  0 0  0 1  1 2
   327  -.2697630534502597E-06   4   0 0  0 0  0 0  2 2
   328  -.4444845500919385E-08   4   0 0  0 0  0 1  0 3
   329  -.4438863837322562E-08   4   0 0  0 0  0 0  1 3
   330  -.6068523461420187E-14   4   0 0  0 0  0 0  0 4
   ----------------------------------------------------
     I  COEFFICIENT            ORDER EXPONENTS
     1  0.9960377777369482E-04   0   0 0  0 0  0 0  0 0
     2  0.3503505334860389E-04   1   1 0  0 0  0 0  0 0
     3  0.3230906805269504E-04   1   0 1  0 0  0 0  0 0
     4  -1.108922938690618       1   0 0  1 0  0 0  0 0
     5  -.3060935980940570E-01   1   0 0  0 1  0 0  0 0
     6  0.2598906815009203E-05   1   0 0  0 0  0 1  0 0
     7  0.2595409328699765E-05   1   0 0  0 0  0 0  1 0
     8  0.9440946162892367E-04   1   0 0  0 0  0 0  0 1
     9  0.2790147283873107E-03   2   2 0  0 0  0 0  0 0
    10  0.4360663004587606E-03   2   1 1  0 0  0 0  0 0
    11  0.2075737895541536E-03   2   0 2  0 0  0 0  0 0
    12  0.4735625593691274       2   1 0  1 0  0 0  0 0
    13  0.4356401464957624       2   0 1  1 0  0 0  0 0
    14  0.2813056038828927E-03   2   0 0  2 0  0 0  0 0
    15  0.4433033057403603       2   1 0  0 1  0 0  0 0
    16  0.4106036815435903       2   0 1  0 1  0 0  0 0
    17  0.7112103536967755E-03   2   0 0  1 1  0 0  0 0
    18  0.3678586573538528E-03   2   0 0  0 2  0 0  0 0
    19  -.1081440701872611E-05   2   1 0  0 0  0 1  0 0
    20  -.1722658891158537E-04   2   0 1  0 0  0 1  0 0
    21  -.3241463302487498E-01   2   0 0  1 0  0 1  0 0
    22  0.4880844351719590       2   0 0  0 1  0 1  0 0
    23  -.1079985349942574E-05   2   1 0  0 0  0 0  1 0
    24  -.1720340618008917E-04   2   0 1  0 0  0 0  1 0
    25  -.3237101093939834E-01   2   0 0  1 0  0 0  1 0
    26  0.4874275941417274       2   0 0  0 1  0 0  1 0
    27  0.3719638218578449E-04   2   1 0  0 0  0 0  0 1
    28  0.3442989947182921E-04   2   0 1  0 0  0 0  0 1
    29  -1.044137294784125       2   0 0  1 0  0 0  0 1
    30  -.9755120293773398       2   0 0  0 1  0 0  0 1
    31  -.1924919489448564E-05   2   0 0  0 0  0 2  0 0
    32  -.1252732299428098E-05   2   0 0  0 0  0 1  1 0
    33  -.1921486089471143E-05   2   0 0  0 0  0 0  2 0
    34  0.5102548191556101E-05   2   0 0  0 0  0 1  0 1
    35  0.5095681422674631E-05   2   0 0  0 0  0 0  1 1
    36  -.5099105550953641E-05   2   0 0  0 0  0 0  0 2
    37  -.8753124554275082E-02   3   3 0  0 0  0 0  0 0
    38  -.2454431987441434E-01   3   2 1  0 0  0 0  0 0
    39  -.2307216841087771E-01   3   1 2  0 0  0 0  0 0
    40  -.7252605910683206E-02   3   0 3  0 0  0 0  0 0
    41  -4.830495328088026       3   2 0  1 0  0 0  0 0
    42  -9.488158120616657       3   1 1  1 0  0 0  0 0
    43  -5.119760841939455       3   0 2  1 0  0 0  0 0
    44  0.2026514369361973E-01   3   1 0  2 0  0 0  0 0
    45  0.1861199269241654E-01   3   0 1  2 0  0 0  0 0
    46  -1.091142316489118       3   0 0  3 0  0 0  0 0
    47  -4.203717916245258       3   2 0  0 1  0 0  0 0
    48  -8.465309419962658       3   1 1  0 1  0 0  0 0
    49  -5.188731396001097       3   0 2  0 1  0 0  0 0
    50  0.3795693141925127E-01   3   1 0  1 1  0 0  0 0
    51  0.3507716633752843E-01   3   0 1  1 1  0 0  0 0
    52  -3.359771788683398       3   0 0  2 1  0 0  0 0
    53  0.1792923564024894E-01   3   1 0  0 2  0 0  0 0
    54  0.1668700740375890E-01   3   0 1  0 2  0 0  0 0
    55  -2.846677625734077       3   0 0  1 2  0 0  0 0
    56  -1.137549024336852       3   0 0  0 3  0 0  0 0
    57  -.1682084009285749E-03   3   2 0  0 0  0 1  0 0
    58  -.5559001203900120E-03   3   1 1  0 0  0 1  0 0
    59  -.3716839196352046E-03   3   0 2  0 0  0 1  0 0
    60  0.1511871680528677E-01   3   1 0  1 0  0 1  0 0
    61  -.2031110774254943       3   0 1  1 0  0 1  0 0
    62  -.8366772254712455E-04   3   0 0  2 0  0 1  0 0
    63  -.2107128149998054       3   1 0  0 1  0 1  0 0
    64  -.3996944500329128       3   0 1  0 1  0 1  0 0
    65  -.5324928239250468E-03   3   0 0  1 1  0 1  0 0
    66  -.4614076981651928E-03   3   0 0  0 2  0 1  0 0
    67  -.1679820339899924E-03   3   2 0  0 0  0 0  1 0
    68  -.5551520162066565E-03   3   1 1  0 0  0 0  1 0
    69  -.3711837249330167E-03   3   0 2  0 0  0 0  1 0
    70  0.1509837074873043E-01   3   1 0  1 0  0 0  1 0
    71  -.2028377401097888       3   0 1  1 0  0 0  1 0
    72  -.8355512646924406E-04   3   0 0  2 0  0 0  1 0
    73  -.2104292476239298       3   1 0  0 1  0 0  1 0
    74  -.3991565600790058       3   0 1  0 1  0 0  1 0
    75  -.5317762201781261E-03   3   0 0  1 1  0 0  1 0
    76  -.4607867574303941E-03   3   0 0  0 2  0 0  1 0
    77  0.6142830598227734E-03   3   2 0  0 0  0 0  0 1
    78  0.1109038927487236E-02   3   1 1  0 0  0 0  0 1
    79  0.5341885762938388E-03   3   0 2  0 0  0 0  0 1
    80  0.4433472749027341       3   1 0  1 0  0 0  0 1
    81  0.4059503474406184       3   0 1  1 0  0 0  0 1
    82  0.4492289244153429E-03   3   0 0  2 0  0 0  0 1
    83  0.4211435931230058       3   1 0  0 1  0 0  0 1
    84  0.3882486173203993       3   0 1  0 1  0 0  0 1
    85  0.1065812015426211E-02   3   0 0  1 1  0 0  0 1
    86  0.5551894348386000E-03   3   0 0  0 2  0 0  0 1
    87  0.7908146847905817E-06   3   1 0  0 0  0 2  0 0
    88  0.1338306398010798E-04   3   0 1  0 0  0 2  0 0
    89  0.2399202556291516E-01   3   0 0  1 0  0 2  0 0
    90  -.3524443698228734       3   0 0  0 1  0 2  0 0
    91  0.5579262312684035E-06   3   1 0  0 0  0 1  1 0
    92  0.9648266353828758E-05   3   0 1  0 0  0 1  1 0
    93  0.1559194556078206E-01   3   0 0  1 0  0 1  1 0
    94  -.2171685915754731       3   0 0  0 1  0 1  1 0
    95  0.7893750282446811E-06   3   1 0  0 0  0 0  2 0
    96  0.1335856159225774E-04   3   0 1  0 0  0 0  2 0
    97  0.2394924677286124E-01   3   0 0  1 0  0 0  2 0
    98  -.3518239391722230       3   0 0  0 1  0 0  2 0
    99  -.2230524136562991E-05   3   1 0  0 0  0 1  0 1
   100  -.1939373098374665E-04   3   0 1  0 0  0 1  0 1
   101  -.6357583980648386E-01   3   0 0  1 0  0 1  0 1
   102  0.4339731108973297       3   0 0  0 1  0 1  0 1
   103  -.2227522402300989E-05   3   1 0  0 0  0 0  1 1
   104  -.1936763181458362E-04   3   0 1  0 0  0 0  1 1
   105  -.6349028243749745E-01   3   0 0  1 0  0 0  1 1
   106  0.4333890903371285       3   0 0  0 1  0 0  1 1
   107  0.2304783409697136E-05   3   1 0  0 0  0 0  0 2
   108  0.2281256311234274E-05   3   0 1  0 0  0 0  0 2
   109  0.6353298289997676E-01   3   0 0  1 0  0 0  0 2
   110  0.5407482057137384E-01   3   0 0  0 1  0 0  0 2
   111  0.1587444673596980E-05   3   0 0  0 0  0 3  0 0
   112  0.9147669939455871E-06   3   0 0  0 0  0 2  1 0
   113  0.9161205684098484E-06   3   0 0  0 0  0 1  2 0
   114  0.1583625516378630E-05   3   0 0  0 0  0 0  3 0
   115  -.3754467491104574E-05   3   0 0  0 0  0 2  0 1
   116  -.2410966147258954E-05   3   0 0  0 0  0 1  1 1
   117  -.3747792623388925E-05   3   0 0  0 0  0 0  2 1
   118  0.2409850672051536E-05   3   0 0  0 0  0 1  0 2
   119  0.2406607608589406E-05   3   0 0  0 0  0 0  1 2
   120  0.9430908930034205E-07   3   0 0  0 0  0 0  0 3
   121  -.3915100045936801E-02   4   4 0  0 0  0 0  0 0
   122  -.1440432768805020E-01   4   3 1  0 0  0 0  0 0
   123  -.2002636531808678E-01   4   2 2  0 0  0 0  0 0
   124  -.1227677014948273E-01   4   1 3  0 0  0 0  0 0
   125  -.2806471136293096E-02   4   0 4  0 0  0 0  0 0
   126   97.36447148054772       4   3 0  1 0  0 0  0 0
   127   271.0619114484139       4   2 1  1 0  0 0  0 0
   128   253.0307305591814       4   1 2  1 0  0 0  0 0
   129   79.39708927490514       4   0 3  1 0  0 0  0 0
   130  0.2194662071514896E-01   4   2 0  2 0  0 0  0 0
   131  0.4192886550306274E-01   4   1 1  2 0  0 0  0 0
   132  0.2000452631831662E-01   4   0 2  2 0  0 0  0 0
   133  -76.43405836182255       4   1 0  3 0  0 0  0 0
   134  -69.75979109855625       4   0 1  3 0  0 0  0 0
   135  -.3353344301131041E-02   4   0 0  4 0  0 0  0 0
   136   91.69308471231976       4   3 0  0 1  0 0  0 0
   137   256.9720403441788       4   2 1  0 1  0 0  0 0
   138   241.6476012295452       4   1 2  0 1  0 0  0 0
   139   76.42906785041849       4   0 3  0 1  0 0  0 0
   140  0.4236441555347432E-01   4   2 0  1 1  0 0  0 0
   141  0.8156562456917504E-01   4   1 1  1 1  0 0  0 0
   142  0.3976295985765649E-01   4   0 2  1 1  0 0  0 0
   143  -212.9986950931834       4   1 0  2 1  0 0  0 0
   144  -196.0466727332030       4   0 1  2 1  0 0  0 0
   145  -.1180832276762274E-01   4   0 0  3 1  0 0  0 0
   146  0.2026903314566174E-01   4   2 0  0 2  0 0  0 0
   147  0.3937112384896424E-01   4   1 1  0 2  0 0  0 0
   148  0.1960423780062092E-01   4   0 2  0 2  0 0  0 0
   149  -199.5988188327943       4   1 0  1 2  0 0  0 0
   150  -185.0251725887114       4   0 1  1 2  0 0  0 0
   151  -.1570283797040723E-01   4   0 0  2 2  0 0  0 0
   152  -62.66840225067627       4   1 0  0 3  0 0  0 0
   153  -58.43128703602005       4   0 1  0 3  0 0  0 0
   154  -.9088009201961149E-02   4   0 0  1 3  0 0  0 0
   155  -.1787177514464874E-02   4   0 0  0 4  0 0  0 0
   156  -.9160201122281282E-03   4   3 0  0 0  0 1  0 0
   157  0.7812664395217413E-02   4   2 1  0 0  0 1  0 0
   158  0.1698351048771744E-01   4   1 2  0 0  0 1  0 0
   159  0.8323193216823347E-02   4   0 3  0 0  0 1  0 0
   160   2.594142402052932       4   2 0  1 0  0 1  0 0
   161   9.756894489327502       4   1 1  1 0  0 1  0 0
   162   7.484324214671799       4   0 2  1 0  0 1  0 0
   163  0.1993125204495670E-02   4   1 0  2 0  0 1  0 0
   164  -.6136495827399569E-02   4   0 1  2 0  0 1  0 0
   165  0.3672062269395348       4   0 0  3 0  0 1  0 0
   166   4.416570705049430       4   2 0  0 1  0 1  0 0
   167   13.03694038827014       4   1 1  0 1  0 1  0 0
   168   9.968880682509656       4   0 2  0 1  0 1  0 0
   169  -.1220494471349992E-01   4   1 0  1 1  0 1  0 0
   170  -.2601849342360846E-01   4   0 1  1 1  0 1  0 0
   171   2.857020903936971       4   0 0  2 1  0 1  0 0
   172  -.1317164602206018E-01   4   1 0  0 2  0 1  0 0
   173  -.1915212948930394E-01   4   0 1  0 2  0 1  0 0
   174   4.091230281644708       4   0 0  1 2  0 1  0 0
   175   2.127658095202191       4   0 0  0 3  0 1  0 0
   176  -.9147873755316238E-03   4   3 0  0 0  0 0  1 0
   177  0.7802150479672461E-02   4   2 1  0 0  0 0  1 0
   178  0.1696065487970819E-01   4   1 2  0 0  0 0  1 0
   179  0.8311992255650661E-02   4   0 3  0 0  0 0  1 0
   180   2.590651327465950       4   2 0  1 0  0 0  1 0
   181   9.743764120550276       4   1 1  1 0  0 0  1 0
   182   7.474252163867675       4   0 2  1 0  0 0  1 0
   183  0.1990442950528192E-02   4   1 0  2 0  0 0  1 0
   184  -.6128237620518077E-02   4   0 1  2 0  0 0  1 0
   185  0.3667120581051505       4   0 0  3 0  0 0  1 0
   186   4.410627092340339       4   2 0  0 1  0 0  1 0
   187   13.01939588830534       4   1 1  0 1  0 0  1 0
   188   9.955465032704211       4   0 2  0 1  0 0  1 0
   189  -.1218851987410361E-01   4   1 0  1 1  0 0  1 0
   190  -.2598347896136808E-01   4   0 1  1 1  0 0  1 0
   191   2.853176059851188       4   0 0  2 1  0 0  1 0
   192  -.1315392024160186E-01   4   1 0  0 2  0 0  1 0
   193  -.1912635545604581E-01   4   0 1  0 2  0 0  1 0
   194   4.085724496744680       4   0 0  1 2  0 0  1 0
   195   2.124794793210722       4   0 0  0 3  0 0  1 0
   196  0.2822767377021960E-03   4   3 0  0 0  0 0  0 1
   197  0.8176769668576396E-03   4   2 1  0 0  0 0  0 1
   198  0.7954102787810321E-03   4   1 2  0 0  0 0  0 1
   199  0.2795064684527098E-03   4   0 3  0 0  0 0  0 1
   200  -10.00710789467957       4   2 0  1 0  0 0  0 1
   201  -19.48292408287912       4   1 1  1 0  0 0  0 1
   202  -9.829124480833045       4   0 2  1 0  0 0  0 1
   203  -.6857636325478154E-03   4   1 0  2 0  0 0  0 1
   204  -.6984373134926502E-03   4   0 1  2 0  0 0  0 1
   205  -1.827201508637595       4   0 0  3 0  0 0  0 1
   206  -8.818061028895160       4   2 0  0 1  0 0  0 1
   207  -17.57110421521425       4   1 1  0 1  0 0  0 1
   208  -9.535954288335841       4   0 2  0 1  0 0  0 1
   209  -.1391882651802988E-02   4   1 0  1 1  0 0  0 1
   210  -.1482152965212204E-02   4   0 1  1 1  0 0  0 1
   211  -5.717178123899503       4   0 0  2 1  0 0  0 1
   212  -.6944586789331944E-03   4   1 0  0 2  0 0  0 1
   213  -.7480635978801754E-03   4   0 1  0 2  0 0  0 1
   214  -5.337947720953972       4   0 0  1 2  0 0  0 1
   215  -1.980180366184645       4   0 0  0 3  0 0  0 1
   216  -.7242481233754518E-04   4   2 0  0 0  0 2  0 0
   217  0.6073021735197688E-04   4   1 1  0 0  0 2  0 0
   218  0.1129007409406705E-03   4   0 2  0 0  0 2  0 0
   219  -.1109140091698742E-01   4   1 0  1 0  0 2  0 0
   220  0.1455010126258257       4   0 1  1 0  0 2  0 0
   221  -.7541318548092288E-04   4   0 0  2 0  0 2  0 0
   222  0.1528383580118464       4   1 0  0 1  0 2  0 0
   223  0.3921896022777423       4   0 1  0 1  0 2  0 0
   224  0.2491835290264303E-03   4   0 0  1 1  0 2  0 0
   225  0.4439379541668301E-03   4   0 0  0 2  0 2  0 0
   226  -.7186904617275301E-04   4   2 0  0 0  0 1  1 0
   227  0.1420574936947096E-03   4   1 1  0 0  0 1  1 0
   228  0.2396097430064871E-03   4   0 2  0 0  0 1  1 0
   229  -.7571709956569073E-02   4   1 0  1 0  0 1  1 0
   230  0.8722824399001784E-01   4   0 1  1 0  0 1  1 0
   231  -.7119135474864871E-04   4   0 0  2 0  0 1  1 0
   232  0.9455662801751383E-01   4   1 0  0 1  0 1  1 0
   233  0.3837400186933620       4   0 1  0 1  0 1  1 0
   234  0.2359399943491965E-03   4   0 0  1 1  0 1  1 0
   235  0.5164377336788221E-03   4   0 0  0 2  0 1  1 0
   236  -.7227898745073018E-04   4   2 0  0 0  0 0  2 0
   237  0.6055290234754164E-04   4   1 1  0 0  0 0  2 0
   238  0.1125875766945523E-03   4   0 2  0 0  0 0  2 0
   239  -.1107137980714430E-01   4   1 0  1 0  0 0  2 0
   240  0.1452465103903406       4   0 1  1 0  0 0  2 0
   241  -.7526379498495864E-04   4   0 0  2 0  0 0  2 0
   242  0.1525690504258133       4   1 0  0 1  0 0  2 0
   243  0.3914036023781943       4   0 1  0 1  0 0  2 0
   244  0.2486894311142153E-03   4   0 0  1 1  0 0  2 0
   245  0.4429930246086248E-03   4   0 0  0 2  0 0  2 0
   246  0.1666639151529685E-03   4   2 0  0 0  0 1  0 1
   247  -.4045361108137672E-04   4   1 1  0 0  0 1  0 1
   248  -.1456492594196958E-03   4   0 2  0 0  0 1  0 1
   249  0.3039834157446111E-01   4   1 0  1 0  0 1  0 1
   250  -.1737138020486639       4   0 1  1 0  0 1  0 1
   251  0.1408096924321939E-03   4   0 0  2 0  0 1  0 1
   252  -.1886518318811152       4   1 0  0 1  0 1  0 1
   253  -.3667729685217108       4   0 1  0 1  0 1  0 1
   254  -.2508362014152085E-03   4   0 0  1 1  0 1  0 1
   255  -.4320727513689263E-03   4   0 0  0 2  0 1  0 1
   256  0.1664396267105539E-03   4   2 0  0 0  0 0  1 1
   257  -.4039917051809578E-04   4   1 1  0 0  0 0  1 1
   258  -.1454532515105809E-03   4   0 2  0 0  0 0  1 1
   259  0.3035743291899380E-01   4   1 0  1 0  0 0  1 1
   260  -.1734800262007150       4   0 1  1 0  0 0  1 1
   261  0.1406201973842498E-03   4   0 0  2 0  0 0  1 1
   262  -.1883979531366229       4   1 0  0 1  0 0  1 1
   263  -.3662793827460858       4   0 1  0 1  0 0  1 1
   264  -.2504986378768447E-03   4   0 0  1 1  0 0  1 1
   265  -.4314912882230172E-03   4   0 0  0 2  0 0  1 1
   266  -.1168475412768531E-03   4   2 0  0 0  0 0  0 2
   267  -.2222966535263081E-03   4   1 1  0 0  0 0  0 2
   268  -.1047743174689379E-03   4   0 2  0 0  0 0  0 2
   269  -.3102050727151692E-01   4   1 0  1 0  0 0  0 2
   270  -.3032292555995858E-01   4   0 1  1 0  0 0  0 2
   271  -.5933623805812519E-04   4   0 0  2 0  0 0  0 2
   272  -.2279179009412114E-01   4   1 0  0 1  0 0  0 2
   273  -.2285142833068465E-01   4   0 1  0 1  0 0  0 2
   274  -.1270493205574207E-03   4   0 0  1 1  0 0  0 2
   275  -.6501805844251161E-04   4   0 0  0 2  0 0  0 2
   276  -.2654463558421551E-05   4   1 0  0 0  0 3  0 0
   277  -.1544776963544403E-04   4   0 1  0 0  0 3  0 0
   278  -.1977946208776689E-01   4   0 0  1 0  0 3  0 0
   279  0.2848043770530770       4   0 0  0 1  0 3  0 0
   280  -.1762745447702386E-05   4   1 0  0 0  0 2  1 0
   281  -.1064057364749350E-04   4   0 1  0 0  0 2  1 0
   282  -.1137406718700405E-01   4   0 0  1 0  0 2  1 0
   283  0.1495979020147667       4   0 0  0 1  0 2  1 0
   284  -.1764538284962115E-05   4   1 0  0 0  0 1  2 0
   285  -.1065023562917428E-04   4   0 1  0 0  0 1  2 0
   286  -.1139098083107551E-01   4   0 0  1 0  0 1  2 0
   287  0.1498700600750472       4   0 0  0 1  0 1  2 0
   288  -.2647920670058590E-05   4   1 0  0 0  0 0  3 0
   289  -.1540943617780277E-04   4   0 1  0 0  0 0  3 0
   290  -.1973189166773189E-01   4   0 0  1 0  0 0  3 0
   291  0.2841289374993209       4   0 0  0 1  0 0  3 0
   292  0.3442043493278978E-05   4   1 0  0 0  0 2  0 1
   293  0.1924837358281409E-04   4   0 1  0 0  0 2  0 1
   294  0.4673424114200391E-01   4   0 0  1 0  0 2  0 1
   295  -.2991010170456198       4   0 0  0 1  0 2  0 1
   296  0.2605577189715187E-05   4   1 0  0 0  0 1  1 1
   297  0.1471774688458541E-04   4   0 1  0 0  0 1  1 1
   298  0.2994623354431599E-01   4   0 0  1 0  0 1  1 1
   299  -.1645816603897873       4   0 0  0 1  0 1  1 1
   300  0.3435658121870973E-05   4   1 0  0 0  0 0  2 1
   301  0.1921256680373946E-04   4   0 1  0 0  0 0  2 1
   302  0.4665119828789031E-01   4   0 0  1 0  0 0  2 1
   303  -.2985877578719790       4   0 0  0 1  0 0  2 1
   304  -.3773612197673478E-06   4   1 0  0 0  0 1  0 2
   305  -.1217197180343990E-05   4   0 1  0 0  0 1  0 2
   306  -.2992748415892326E-01   4   0 0  1 0  0 1  0 2
   307  -.5259238876760723E-01   4   0 0  0 1  0 1  0 2
   308  -.3768533848222410E-06   4   1 0  0 0  0 0  1 2
   309  -.1215559133743233E-05   4   0 1  0 0  0 0  1 2
   310  -.2988720916117551E-01   4   0 0  1 0  0 0  1 2
   311  -.5252161240939712E-01   4   0 0  0 1  0 0  1 2
   312  0.8553987554868141E-07   4   1 0  0 0  0 0  0 3
   313  0.6977848180130682E-07   4   0 1  0 0  0 0  0 3
   314  -.1240499303287385E-02   4   0 0  1 0  0 0  0 3
   315  -.1012851575338280E-02   4   0 0  0 1  0 0  0 3
   316  -.4618352855194604E-05   4   0 0  0 0  0 4  0 0
   317  -.2470056240140791E-05   4   0 0  0 0  0 3  1 0
   318  -.2184591570751979E-05   4   0 0  0 0  0 2  2 0
   319  -.2476203592876106E-05   4   0 0  0 0  0 1  3 0
   320  -.4604267903537728E-05   4   0 0  0 0  0 0  4 0
   321  0.5062174482625697E-05   4   0 0  0 0  0 3  0 1
   322  0.2722881251097960E-05   4   0 0  0 0  0 2  1 1
   323  0.2727589665191177E-05   4   0 0  0 0  0 1  2 1
   324  0.5050126138031232E-05   4   0 0  0 0  0 0  3 1
   325  0.2468031589510086E-06   4   0 0  0 0  0 2  0 2
   326  0.2946240519652299E-06   4   0 0  0 0  0 1  1 2
   327  0.2462727773091301E-06   4   0 0  0 0  0 0  2 2
   328  0.1257504203195759E-08   4   0 0  0 0  0 1  0 3
   329  0.1255811913303208E-08   4   0 0  0 0  0 0  1 3
   330  -.2636337943438557E-14   4   0 0  0 0  0 0  0 4
   ----------------------------------------------------
     I  COEFFICIENT            ORDER EXPONENTS
     1  0.9073293124376006E-08   0   0 0  0 0  0 0  0 0
     2  -.1214488780509882E-05   1   1 0  0 0  0 0  0 0
     3  -.1806136532901632E-05   1   0 1  0 0  0 0  0 0
     4  0.9466444658925182E-05   1   0 0  1 0  0 0  0 0
     5  -.2082353048164134E-05   1   0 0  0 1  0 0  0 0
     6   1.000000000000000       1   0 0  0 0  1 0  0 0
     7  0.2859789903754444       1   0 0  0 0  0 1  0 0
     8  -.2859789895634923       1   0 0  0 0  0 0  1 0
     9  -.8119572124986259E-09   1   0 0  0 0  0 0  0 1
    10  -.6461775676391877E-01   2   2 0  0 0  0 0  0 0
    11  -.2510474250332667       2   1 1  0 0  0 0  0 0
    12  -.4587615014871067       2   0 2  0 0  0 0  0 0
    13  -.4477794482447886E-05   2   1 0  1 0  0 0  0 0
    14  -.8077037406911054E-05   2   0 1  1 0  0 0  0 0
    15  -.5443725789279078E-01   2   0 0  2 0  0 0  0 0
    16  -.7988603310675493E-05   2   1 0  0 1  0 0  0 0
    17  -.1068553672235444E-04   2   0 1  0 1  0 0  0 0
    18  0.2622519443134447E-01   2   0 0  1 1  0 0  0 0
    19  -.2197095903576707       2   0 0  0 2  0 0  0 0
    20  0.1815660312770538E-05   2   1 0  0 0  0 1  0 0
    21  0.3224445138441732E-05   2   0 1  0 0  0 1  0 0
    22  -.1380393906310239E-04   2   0 0  1 0  0 1  0 0
    23  -.1015025560331075E-05   2   0 0  0 1  0 1  0 0
    24  0.6020015634117561E-06   2   1 0  0 0  0 0  1 0
    25  0.1418845574574587E-05   2   0 1  0 0  0 0  1 0
    26  -.4344385554515299E-05   2   0 0  1 0  0 0  1 0
    27  -.3090418701544126E-05   2   0 0  0 1  0 0  1 0
    28  -.2417685995939760E-05   2   1 0  0 0  0 0  0 1
    29  -.2837224303717726E-05   2   0 1  0 0  0 0  0 1
    30  0.1814833489976522E-04   2   0 0  1 0  0 0  0 1
    31  0.6187815474115576E-05   2   0 0  0 1  0 0  0 1
    32  -.2146286616420061       2   0 0  0 0  0 2  0 0
    33  0.1432783317400579       2   0 0  0 0  0 1  1 0
    34  0.7135032873307667E-01   2   0 0  0 0  0 0  2 0
    35  0.1168623614399264E-08   2   0 0  0 0  0 1  0 1
    36  0.3573115624773487E-09   2   0 0  0 0  0 0  1 1
    37  -.3570266070075400E-09   2   0 0  0 0  0 0  0 2
    38  0.3047445396113769E-01   3   3 0  0 0  0 0  0 0
    39  0.1137366200952322       3   2 1  0 0  0 0  0 0
    40  0.1305550672212826       3   1 2  0 0  0 0  0 0
    41  0.4773312911809825E-01   3   0 3  0 0  0 0  0 0
    42  0.1826709986988033E-03   3   2 0  1 0  0 0  0 0
    43  0.2855884517572684E-03   3   1 1  1 0  0 0  0 0
    44  0.1972985953881264E-03   3   0 2  1 0  0 0  0 0
    45  0.2153263441885896E-01   3   1 0  2 0  0 0  0 0
    46  -.7257649216534392E-02   3   0 1  2 0  0 0  0 0
    47  0.5267618510546003E-04   3   0 0  3 0  0 0  0 0
    48  0.1243080286577681E-03   3   2 0  0 1  0 0  0 0
    49  0.1824156916506757E-03   3   1 1  0 1  0 0  0 0
    50  0.1260568623952561E-03   3   0 2  0 1  0 0  0 0
    51  -.1415585734368459E-01   3   1 0  1 1  0 0  0 0
    52  -.5982214077283768E-01   3   0 1  1 1  0 0  0 0
    53  0.1959918425132014E-03   3   0 0  2 1  0 0  0 0
    54  -.3050701210617900E-01   3   1 0  0 2  0 0  0 0
    55  -.4869198001928050E-01   3   0 1  0 2  0 0  0 0
    56  0.1992910687945467E-03   3   0 0  1 2  0 0  0 0
    57  0.5188625039531460E-04   3   0 0  0 3  0 0  0 0
    58  0.9965426310869599E-01   3   2 0  0 0  0 1  0 0
    59  0.4420574567315138       3   1 1  0 0  0 1  0 0
    60  0.8046007498990697       3   0 2  0 0  0 1  0 0
    61  0.6747327902535069E-05   3   1 0  1 0  0 1  0 0
    62  0.1431598915010550E-04   3   0 1  1 0  0 1  0 0
    63  0.7928411290311245E-01   3   0 0  2 0  0 1  0 0
    64  0.1414285696605513E-04   3   1 0  0 1  0 1  0 0
    65  0.2350501357140535E-04   3   0 1  0 1  0 1  0 0
    66  0.8260252270245426E-02   3   0 0  1 1  0 1  0 0
    67  0.3185909943942391       3   0 0  0 2  0 1  0 0
    68  0.3507627257494735E-01   3   2 0  0 0  0 0  1 0
    69  0.1910905529399516       3   1 1  0 0  0 0  1 0
    70  0.3459905288257052       3   0 2  0 0  0 0  1 0
    71  0.2263440355721909E-05   3   1 0  1 0  0 0  1 0
    72  0.6202121408918368E-05   3   0 1  1 0  0 0  1 0
    73  0.2488663173715684E-01   3   0 0  2 0  0 0  1 0
    74  0.6139407573854859E-05   3   1 0  0 1  0 0  1 0
    75  0.1276390176927774E-04   3   0 1  0 1  0 0  1 0
    76  0.3440386586394434E-01   3   0 0  1 1  0 0  1 0
    77  0.9904364673489359E-01   3   0 0  0 2  0 0  1 0
    78  -.1347306835918295       3   2 0  0 0  0 0  0 1
    79  -.3821010256762328       3   1 1  0 0  0 0  0 1
    80  -.2330687322624029       3   0 2  0 0  0 0  0 1
    81  -.8991756829914493E-05   3   1 0  1 0  0 0  0 1
    82  -.1236564950059133E-04   3   0 1  1 0  0 0  0 1
    83  -.1041708415074779       3   0 0  2 0  0 0  0 1
    84  -.1224898020709387E-04   3   1 0  0 1  0 0  0 1
    85  -.1475691608695105E-04   3   0 1  0 1  0 0  0 1
    86  -.6888942467046813E-01   3   0 0  1 1  0 0  0 1
    87  0.2178445984205421E-01   3   0 0  0 2  0 0  0 1
    88  -.2262739073353992E-05   3   1 0  0 0  0 2  0 0
    89  -.4540980578913535E-05   3   0 1  0 0  0 2  0 0
    90  0.1686736201634462E-04   3   0 0  1 0  0 2  0 0
    91  0.5236035445139251E-05   3   0 0  0 1  0 2  0 0
    92  -.8949013474842946E-06   3   1 0  0 0  0 1  1 0
    93  -.2633837270541640E-05   3   0 1  0 0  0 1  1 0
    94  0.6133151659814029E-05   3   0 0  1 0  0 1  1 0
    95  0.8441678812322114E-05   3   0 0  0 1  0 1  1 0
    96  -.4480668738406448E-06   3   1 0  0 0  0 0  2 0
    97  -.1317311656735424E-05   3   0 1  0 0  0 0  2 0
    98  0.3071718724868355E-05   3   0 0  1 0  0 0  2 0
    99  0.4215838209290355E-05   3   0 0  0 1  0 0  2 0
   100  0.3604377902037456E-05   3   1 0  0 0  0 1  0 1
   101  0.5266645721842325E-05   3   0 1  0 0  0 1  0 1
   102  -.2606711856591146E-04   3   0 0  1 0  0 1  0 1
   103  -.1688703252568483E-04   3   0 0  0 1  0 1  0 1
   104  0.1188498867645404E-05   3   1 0  0 0  0 0  1 1
   105  0.2430176823353767E-05   3   0 1  0 0  0 0  1 1
   106  -.7933389180309544E-05   3   0 0  1 0  0 0  1 1
   107  -.1069390593137744E-04   3   0 0  0 1  0 0  1 1
   108  -.1187616437608030E-05   3   1 0  0 0  0 0  0 2
   109  -.1011274622397496E-05   3   0 1  0 0  0 0  0 2
   110  0.7927004510869106E-05   3   0 0  1 0  0 0  0 2
   111  0.7603546388215560E-05   3   0 0  0 1  0 0  0 2
   112  0.1788813485908963       3   0 0  0 0  0 3  0 0
   113  -.1073867921103040       3   0 0  0 0  0 2  1 0
   114  -.3589155489381130E-01   3   0 0  0 0  0 1  2 0
   115  -.3560303928411955E-01   3   0 0  0 0  0 0  3 0
   116  -.1593902793112417E-08   3   0 0  0 0  0 2  0 1
   117  -.2384825650674785E-10   3   0 0  0 0  0 1  1 1
   118  -.1297444913495856E-10   3   0 0  0 0  0 0  2 1
   119  0.2433125577853606E-09   3   0 0  0 0  0 1  0 2
   120  0.4554699623540249E-10   3   0 0  0 0  0 0  1 2
   121  0.2305370955126472E-10   3   0 0  0 0  0 0  0 3
   122  -.2667065153302342       4   4 0  0 0  0 0  0 0
   123  -1.400796113713520       4   3 1  0 0  0 0  0 0
   124  -3.068173567853861       4   2 2  0 0  0 0  0 0
   125  -3.110460774679130       4   1 3  0 0  0 0  0 0
   126  -1.436015651630715       4   0 4  0 0  0 0  0 0
   127  -.6907997483590817E-04   4   3 0  1 0  0 0  0 0
   128  0.1042020613889829E-02   4   2 1  1 0  0 0  0 0
   129  0.2045864531858896E-02   4   1 2  1 0  0 0  0 0
   130  0.9417409928321661E-03   4   0 3  1 0  0 0  0 0
   131  -1.199957741060303       4   2 0  2 0  0 0  0 0
   132  -2.274260633651303       4   1 1  2 0  0 0  0 0
   133  -1.495678347626130       4   0 2  2 0  0 0  0 0
   134  0.1617539336576885E-02   4   1 0  3 0  0 0  0 0
   135  0.1112901584425886E-02   4   0 1  3 0  0 0  0 0
   136  -.2091784217766698       4   0 0  4 0  0 0  0 0
   137  0.3767331472614367E-03   4   3 0  0 1  0 0  0 0
   138  0.2172152955766433E-02   4   2 1  0 1  0 0  0 0
   139  0.3016004266045962E-02   4   1 2  0 1  0 0  0 0
   140  0.1221812956610847E-02   4   0 3  0 1  0 0  0 0
   141  -1.850013647811413       4   2 0  1 1  0 0  0 0
   142  -3.175750425141850       4   1 1  1 1  0 0  0 0
   143  -1.926859053165850       4   0 2  1 1  0 0  0 0
   144  0.3471293751886156E-02   4   1 0  2 1  0 0  0 0
   145  0.2167378073676618E-02   4   0 1  2 1  0 0  0 0
   146  -.7757593167298386       4   0 0  3 1  0 0  0 0
   147  -.5501983062921780       4   2 0  0 2  0 0  0 0
   148  -1.065008536266239       4   1 1  0 2  0 0  0 0
   149  -1.116006038886778       4   0 2  0 2  0 0  0 0
   150  0.2261118430788165E-02   4   1 0  1 2  0 0  0 0
   151  0.1117161214144050E-02   4   0 1  1 2  0 0  0 0
   152  -1.010323286470727       4   0 0  2 2  0 0  0 0
   153  0.3811220984485529E-03   4   1 0  0 3  0 0  0 0
   154  0.3725225383572548E-04   4   0 1  0 3  0 0  0 0
   155  -.4618287691393507       4   0 0  1 3  0 0  0 0
   156  -.1833727652950862       4   0 0  0 4  0 0  0 0
   157  -.4864785060878443E-01   4   3 0  0 0  0 1  0 0
   158  -.2223491821974355       4   2 1  0 0  0 1  0 0
   159  -.3104646991720867       4   1 2  0 0  0 1  0 0
   160  -.1352790120929503       4   0 3  0 0  0 1  0 0
   161  0.4186660240351997E-04   4   2 0  1 0  0 1  0 0
   162  -.5806309420515121E-05   4   1 1  1 0  0 1  0 0
   163  -.1216516679273035E-03   4   0 2  1 0  0 1  0 0
   164  -.3036421519054362E-01   4   1 0  2 0  0 1  0 0
   165  0.1908698193479488E-02   4   0 1  2 0  0 1  0 0
   166  0.2279216085558365E-05   4   0 0  3 0  0 1  0 0
   167  -.5622760865285573E-04   4   2 0  0 1  0 1  0 0
   168  -.3445108947556771E-04   4   1 1  0 1  0 1  0 0
   169  -.2557992539578178E-04   4   0 2  0 1  0 1  0 0
   170  0.3662045020497827E-02   4   1 0  1 1  0 1  0 0
   171  0.1019645892725588       4   0 1  1 1  0 1  0 0
   172  -.1155774192765165E-03   4   0 0  2 1  0 1  0 0
   173  0.5251543405780845E-01   4   1 0  0 2  0 1  0 0
   174  0.1130580993704898       4   0 1  0 2  0 1  0 0
   175  -.3415314957253296E-03   4   0 0  1 2  0 1  0 0
   176  -.1523433039513260E-03   4   0 0  0 3  0 1  0 0
   177  -.1802057720535860E-01   4   3 0  0 0  0 0  1 0
   178  -.1078043805821739       4   2 1  0 0  0 0  1 0
   179  -.1786759744396542       4   1 2  0 0  0 0  1 0
   180  -.8690554851766433E-01   4   0 3  0 0  0 0  1 0
   181  0.1976442230163837E-04   4   2 0  1 0  0 0  1 0
   182  -.1030820556526701E-03   4   1 1  1 0  0 0  1 0
   183  -.1450881640215826E-03   4   0 2  1 0  0 0  1 0
   184  -.8777363716916592E-02   4   1 0  2 0  0 0  1 0
   185  -.5020756854382721E-02   4   0 1  2 0  0 0  1 0
   186  -.5057053062008932E-05   4   0 0  3 0  0 0  1 0
   187  -.6563433593647462E-04   4   2 0  0 1  0 0  1 0
   188  -.1329329812549218E-03   4   1 1  0 1  0 0  1 0
   189  -.9379464168653989E-04   4   0 2  0 1  0 0  1 0
   190  -.1035884812877445E-01   4   1 0  1 1  0 0  1 0
   191  0.4260863117794252E-01   4   0 1  1 1  0 0  1 0
   192  -.8431341125016752E-04   4   0 0  2 1  0 0  1 0
   193  0.2210049802426814E-01   4   1 0  0 2  0 0  1 0
   194  0.6460352969678573E-01   4   0 1  0 2  0 0  1 0
   195  -.2382045649155516E-03   4   0 0  1 2  0 0  1 0
   196  -.1118117374835496E-03   4   0 0  0 3  0 0  1 0
   197  0.6646068919880539E-01   4   3 0  0 0  0 0  0 1
   198  0.2150519931927553       4   2 1  0 0  0 0  0 1
   199  0.2256444187568962       4   1 2  0 0  0 0  0 1
   200  0.7748530299484835E-01   4   0 3  0 0  0 0  0 1
   201  -.2218848387030939E-04   4   2 0  1 0  0 0  0 1
   202  -.5618573253349791E-04   4   1 1  1 0  0 0  0 1
   203  0.2684382128108500E-04   4   0 2  1 0  0 0  0 1
   204  0.3900787253875043E-01   4   1 0  2 0  0 0  0 1
   205  0.9742761249927435E-02   4   0 1  2 0  0 0  0 1
   206  0.2665968200158220E-04   4   0 0  3 0  0 0  0 1
   207  -.5485961786803352E-04   4   2 0  0 1  0 0  0 1
   208  -.1684100752820220E-03   4   1 1  0 1  0 0  0 1
   209  -.5562325390029588E-04   4   0 2  0 1  0 0  0 1
   210  0.2064503230908103E-01   4   1 0  1 1  0 0  0 1
   211  -.2578999345670164E-01   4   0 1  1 1  0 0  0 1
   212  0.5950043072978558E-04   4   0 0  2 1  0 0  0 1
   213  -.1380499925368885E-01   4   1 0  0 2  0 0  0 1
   214  -.3224615828555139E-01   4   0 1  0 2  0 0  0 1
   215  0.8106396425299626E-04   4   0 0  1 2  0 0  0 1
   216  0.4994328445476846E-04   4   0 0  0 3  0 0  0 1
   217  -.1273773684795917       4   2 0  0 0  0 2  0 0
   218  -.6206250264988522       4   1 1  0 0  0 2  0 0
   219  -1.138615551099089       4   0 2  0 0  0 2  0 0
   220  -.1195668372899973E-04   4   1 0  1 0  0 2  0 0
   221  -.2806710066490805E-04   4   0 1  1 0  0 2  0 0
   222  -.9678487933420415E-01   4   0 0  2 0  0 2  0 0
   223  -.2823022026294419E-04   4   1 0  0 1  0 2  0 0
   224  -.5006666168033333E-04   4   0 1  0 1  0 2  0 0
   225  -.5587027232627110E-01   4   0 0  1 1  0 2  0 0
   226  -.3977131541667912       4   0 0  0 2  0 2  0 0
   227  -.5544524624883573E-01   4   2 0  0 0  0 1  1 0
   228  -.3571303254621122       4   1 1  0 0  0 1  1 0
   229  -.6680436307928816       4   0 2  0 0  0 1  1 0
   230  -.4675497780475899E-05   4   1 0  1 0  0 1  1 0
   231  -.1472673844069200E-04   4   0 1  1 0  0 1  1 0
   232  -.3503743451819012E-01   4   0 0  2 0  0 1  1 0
   233  -.1494002293640088E-04   4   1 0  0 1  0 1  1 0
   234  -.3420451011364409E-04   4   0 1  0 1  0 1  1 0
   235  -.9521414027756420E-01   4   0 0  1 1  0 1  1 0
   236  -.1583118946843880       4   0 0  0 2  0 1  1 0
   237  -.2775225458456837E-01   4   2 0  0 0  0 0  2 0
   238  -.1786217762197325       4   1 1  0 0  0 0  2 0
   239  -.3341127000839314       4   0 2  0 0  0 0  2 0
   240  -.2354722925048242E-05   4   1 0  1 0  0 0  2 0
   241  -.7382884398201794E-05   4   0 1  1 0  0 0  2 0
   242  -.1754838310565416E-01   4   0 0  2 0  0 0  2 0
   243  -.7483135601538505E-05   4   1 0  0 1  0 0  2 0
   244  -.1710300752662445E-04   4   0 1  0 1  0 0  2 0
   245  -.4754852672574584E-01   4   0 0  1 1  0 0  2 0
   246  -.7926342713338159E-01   4   0 0  0 2  0 0  2 0
   247  0.2105230864657786       4   2 0  0 0  0 1  0 1
   248  0.7142192451500236       4   1 1  0 0  0 1  0 1
   249  0.5314483049358726       4   0 2  0 0  0 1  0 1
   250  0.1379907670189766E-04   4   1 0  1 0  0 1  0 1
   251  0.2656429224028201E-04   4   0 1  1 0  0 1  0 1
   252  0.1493386159880760       4   0 0  2 0  0 1  0 1
   253  0.2686342070998409E-04   4   1 0  0 1  0 1  0 1
   254  0.4056831823293930E-04   4   0 1  0 1  0 1  0 1
   255  0.1904662923311848       4   0 0  1 1  0 1  0 1
   256  -.2017975026040165E-02   4   0 0  0 2  0 1  0 1
   257  0.7586461875890008E-01   4   2 0  0 0  0 0  1 1
   258  0.3321727301762292       4   1 1  0 0  0 0  1 1
   259  0.2982858912140867       4   0 2  0 0  0 0  1 1
   260  0.4582038488829253E-05   4   1 0  1 0  0 0  1 1
   261  0.1163743170854330E-04   4   0 1  1 0  0 0  1 1
   262  0.4525229546682237E-01   4   0 0  2 0  0 0  1 1
   263  0.1186657120511947E-04   4   1 0  0 1  0 0  1 1
   264  0.2130868811691474E-04   4   0 1  0 1  0 0  1 1
   265  0.1215150362647789       4   0 0  1 1  0 0  1 1
   266  0.1971465661388094E-01   4   0 0  0 2  0 0  1 1
   267  -.7582041082666341E-01   4   2 0  0 0  0 0  0 2
   268  -.1410795891077343       4   1 1  0 0  0 0  0 2
   269  -.6525661768318911E-01   4   0 2  0 0  0 0  0 2
   270  -.2939804847128406E-05   4   1 0  1 0  0 0  0 2
   271  -.2712832777061843E-05   4   0 1  1 0  0 0  0 2
   272  -.4521503539500553E-01   4   0 0  2 0  0 0  0 2
   273  -.2849755526481987E-05   4   1 0  0 1  0 0  0 2
   274  -.2652515597565855E-05   4   0 1  0 1  0 0  0 2
   275  -.8711068257077689E-01   4   0 0  1 1  0 0  0 2
   276  -.4152959481100163E-01   4   0 0  0 2  0 0  0 2
   277  -.6199509690836650E-04   4   1 0  0 0  0 3  0 0
   278  -.1571180950034024E-03   4   0 1  0 0  0 3  0 0
   279  -.2848383656820012E-04   4   0 0  1 0  0 3  0 0
   280  0.1415805054434281E-05   4   0 0  0 1  0 3  0 0
   281  -.2935401649436459E-04   4   1 0  0 0  0 2  1 0
   282  -.7312065536545483E-04   4   0 1  0 0  0 2  1 0
   283  -.1063442993035975E-04   4   0 0  1 0  0 2  1 0
   284  -.9616024738893118E-05   4   0 0  0 1  0 2  1 0
   285  -.1805723893153220E-04   4   1 0  0 0  0 1  2 0
   286  -.4481285239456814E-04   4   0 1  0 0  0 1  2 0
   287  -.6145275211339675E-05   4   0 0  1 0  0 1  2 0
   288  -.7244697960757034E-05   4   0 0  0 1  0 1  2 0
   289  -.9800960566735547E-05   4   1 0  0 0  0 0  3 0
   290  -.2441607275210052E-04   4   0 1  0 0  0 0  3 0
   291  -.3555107905160539E-05   4   0 0  1 0  0 0  3 0
   292  -.3195428875548377E-05   4   0 0  0 1  0 0  3 0
   293  0.5345146765012806E-04   4   1 0  0 0  0 2  0 1
   294  0.4577099403193645E-04   4   0 1  0 0  0 2  0 1
   295  0.3139510021364964E-04   4   0 0  1 0  0 2  0 1
   296  0.3912902324606140E-04   4   0 0  0 1  0 2  0 1
   297  0.2485352390964240E-04   4   1 0  0 0  0 1  1 1
   298  0.2256298345585137E-04   4   0 1  0 0  0 1  1 1
   299  0.1018943913141099E-04   4   0 0  1 0  0 1  1 1
   300  0.2673154042218430E-04   4   0 0  0 1  0 1  1 1
   301  0.1243755832650072E-04   4   1 0  0 0  0 0  2 1
   302  0.1128939927920507E-04   4   0 1  0 0  0 0  2 1
   303  0.5105594302328441E-05   4   0 0  1 0  0 0  2 1
   304  0.1336529554916134E-04   4   0 0  0 1  0 0  2 1
   305  -.9860123752987071E-07   4   1 0  0 0  0 1  0 2
   306  0.5349285319881103E-06   4   0 1  0 0  0 1  0 2
   307  -.4789221151608690E-05   4   0 0  1 0  0 1  0 2
   308  -.8551317500970646E-05   4   0 0  0 1  0 1  0 2
   309  -.7565504522057960E-06   4   1 0  0 0  0 0  1 2
   310  -.9550511322604768E-07   4   0 1  0 0  0 0  1 2
   311  -.8524330195171603E-06   4   0 0  1 0  0 0  1 2
   312  -.4573873366140437E-05   4   0 0  0 1  0 0  1 2
   313  -.1724811562877182E-07   4   1 0  0 0  0 0  0 3
   314  -.1009729679236455E-07   4   0 1  0 0  0 0  0 3
   315  -.5291331989167463E-06   4   0 0  1 0  0 0  0 3
   316  -.4759678200568145E-06   4   0 0  0 1  0 0  0 3
   317  -.1565302483407928       4   0 0  0 0  0 4  0 0
   318  0.8947684595468403E-01   4   0 0  0 0  0 3  1 0
   319  0.2686485734655884E-01   4   0 0  0 0  0 2  2 0
   320  0.1798162836667660E-01   4   0 0  0 0  0 1  3 0
   321  0.2220686211854995E-01   4   0 0  0 0  0 0  4 0
   322  0.2217932258152794E-08   4   0 0  0 0  0 3  0 1
   323  0.1377466765831079E-08   4   0 0  0 0  0 2  1 1
   324  0.1144935110717073E-08   4   0 0  0 0  0 1  2 1
   325  0.4040741514125193E-09   4   0 0  0 0  0 0  3 1
   326  -.3066584164162993E-09   4   0 0  0 0  0 2  0 2
   327  -.9503036548485516E-10   4   0 0  0 0  0 1  1 2
   328  -.4451454511165751E-10   4   0 0  0 0  0 0  2 2
   329  -.4488861772780234E-10   4   0 0  0 0  0 1  0 3
   330  -.2183650663054861E-10   4   0 0  0 0  0 0  1 3
   331  -.1031639440254151E-11   4   0 0  0 0  0 0  0 4
   ----------------------------------------------------
     I  COEFFICIENT            ORDER EXPONENTS
     1   1.000000000000000       1   0 0  0 0  0 1  0 0
     --------------------------------------------------
     I  COEFFICIENT            ORDER EXPONENTS
     1   1.000000000000000       1   0 0  0 0  0 0  1 0
     --------------------------------------------------
     I  COEFFICIENT            ORDER EXPONENTS
     1   1.000000000000000       1   0 0  0 0  0 0  0 1
     --------------------------------------------------
