 L    0.1145458000000000E+01
 P (  0.0000000000000000E+00,  0.0000000000000000E+00,  0.9555200000000000E-01)
 A (  0.0000000000000000E+00,  0.0000000000000000E+00,  0.0000000000000000E+00)
     I  COEFFICIENT            ORDER EXPONENTS
     1  0.9401152271198731E-04   0   0 0  0 0  0 0  0 0
     2   1.301374887702109       1   1 0  0 0  0 0  0 0
     3   1.413415278107276       1   0 1  0 0  0 0  0 0
     4  0.8956587584782098E-05   1   0 0  1 0  0 0  0 0
     5  0.7854069588591836E-05   1   0 0  0 1  0 0  0 0
     6  -.6608985643834149E-06   1   0 0  0 0  0 1  0 0
     7  -.6600091582426409E-06   1   0 0  0 0  0 0  1 0
     8  0.1320907723659383E-05   1   0 0  0 0  0 0  0 1
     9  -.7028659937596426E-01   2   2 0  0 0  0 0  0 0
    10  -.1258408063717062       2   1 1  0 0  0 0  0 0
    11  -.5664662305531783E-01   2   0 2  0 0  0 0  0 0
    12  0.2655533350401116E-03   2   1 0  1 0  0 0  0 0
    13  0.7001389955918166E-04   2   0 1  1 0  0 0  0 0
    14  0.5943264432026572E-01   2   0 0  2 0  0 0  0 0
    15  0.2393607288563116E-03   2   1 0  0 1  0 0  0 0
    16  0.8785235725410194E-04   2   0 1  0 1  0 0  0 0
    17  0.1063260618035289       2   0 0  1 1  0 0  0 0
    18  0.4790855129639631E-01   2   0 0  0 2  0 0  0 0
    19  -.1570594003365075       2   1 0  0 0  0 1  0 0
    20  -.8464882105519131       2   0 1  0 0  0 1  0 0
    21  -.4740393790056745E-05   2   0 0  1 0  0 1  0 0
    22  -.8106734749704130E-05   2   0 0  0 1  0 1  0 0
    23  -.1568480371974882       2   1 0  0 0  0 0  1 0
    24  -.8453490466117606       2   0 1  0 0  0 0  1 0
    25  -.4734014391501128E-05   2   0 0  1 0  0 0  1 0
    26  -.8095825088135167E-05   2   0 0  0 1  0 0  1 0
    27  0.3139074375496273       2   1 0  0 0  0 0  0 1
    28  0.2784219790725046       2   0 1  0 0  0 0  0 1
    29  0.9474395636888323E-05   2   0 0  1 0  0 0  0 1
    30  0.8348478314060406E-05   2   0 0  0 1  0 0  0 1
    31  0.4471286814027214E-06   2   0 0  0 0  0 2  0 0
    32  0.2339464983698929E-06   2   0 0  0 0  0 1  1 0
    33  0.4463695395034528E-06   2   0 0  0 0  0 0  2 0
    34  -.4673582232952349E-06   2   0 0  0 0  0 1  0 1
    35  -.4667292746241215E-06   2   0 0  0 0  0 0  1 1
    36  -.1934072630260924E-06   2   0 0  0 0  0 0  0 2
    37  0.2163916138867004       3   3 0  0 0  0 0  0 0
    38   1.795342604972807       3   2 1  0 0  0 0  0 0
    39   3.050152941417666       3   1 2  0 0  0 0  0 0
    40   2.156860840123123       3   0 3  0 0  0 0  0 0
    41  -.5995826338396114E-02   3   2 0  1 0  0 0  0 0
    42  -.1068404833671600E-01   3   1 1  1 0  0 0  0 0
    43  -.4773517522304467E-02   3   0 2  1 0  0 0  0 0
    44  -.6039480919725191       3   1 0  2 0  0 0  0 0
    45  0.2392774552864900       3   0 1  2 0  0 0  0 0
    46  0.1664328715008710E-02   3   0 0  3 0  0 0  0 0
    47  -.5408368579815000E-02   3   2 0  0 1  0 0  0 0
    48  -.9706779836731554E-02   3   1 1  0 1  0 0  0 0
    49  -.4364549499489456E-02   3   0 2  0 1  0 0  0 0
    50  -1.501406205000015       3   1 0  1 1  0 0  0 0
    51  -.2216015686967918       3   0 1  1 1  0 0  0 0
    52  0.4475541053035688E-02   3   0 0  2 1  0 0  0 0
    53  -.5447065931863246       3   1 0  0 2  0 0  0 0
    54  0.6030893243412019       3   0 1  0 2  0 0  0 0
    55  0.4048319285044003E-02   3   0 0  1 2  0 0  0 0
    56  0.1235805670271637E-02   3   0 0  0 3  0 0  0 0
    57  0.3951061065049365E-01   3   2 0  0 0  0 1  0 0
    58  0.1335820663954074       3   1 1  0 0  0 1  0 0
    59  0.8840019563456508E-01   3   0 2  0 0  0 1  0 0
    60  -.1763610450004881E-03   3   1 0  1 0  0 1  0 0
    61  -.9833666853112692E-04   3   0 1  1 0  0 1  0 0
    62  -.2854572809788824E-01   3   0 0  2 0  0 1  0 0
    63  -.2954582393321043E-03   3   1 0  0 1  0 1  0 0
    64  -.1734201243078162E-03   3   0 1  0 1  0 1  0 0
    65  -.1041023662881275       3   0 0  1 1  0 1  0 0
    66  -.7082314712704221E-01   3   0 0  0 2  0 1  0 0
    67  0.3945743913275100E-01   3   2 0  0 0  0 0  1 0
    68  0.1334022979459576       3   1 1  0 0  0 0  1 0
    69  0.8828123081743736E-01   3   0 2  0 0  0 0  1 0
    70  -.1761237066177344E-03   3   1 0  1 0  0 0  1 0
    71  -.9820433167706442E-04   3   0 1  1 0  0 0  1 0
    72  -.2850731260232762E-01   3   0 0  2 0  0 0  1 0
    73  -.2950606255580751E-03   3   1 0  0 1  0 0  1 0
    74  -.1731867436775299E-03   3   0 1  0 1  0 0  1 0
    75  -.1039622702297514       3   0 0  1 1  0 0  1 0
    76  -.7072783667341792E-01   3   0 0  0 2  0 0  1 0
    77  -.7896817980376264E-01   3   2 0  0 0  0 0  0 1
    78  -.1411437670144259       3   1 1  0 0  0 0  0 1
    79  -.6338826311772465E-01   3   0 2  0 0  0 0  0 1
    80  0.3520963165153662E-03   3   1 0  1 0  0 0  0 1
    81  0.1261225645937519E-03   3   0 1  1 0  0 0  0 1
    82  0.5705313674392933E-01   3   0 0  2 0  0 0  0 1
    83  0.3507552944890087E-03   3   1 0  0 1  0 0  0 1
    84  0.1704809966946041E-03   3   0 1  0 1  0 0  0 1
    85  0.1017387249137758       3   0 0  1 1  0 0  0 1
    86  0.4573393869142896E-01   3   0 0  0 2  0 0  0 1
    87  0.1209566586803077       3   1 0  0 0  0 2  0 0
    88  0.7070840899132264       3   0 1  0 0  0 2  0 0
    89  0.3698684730467292E-05   3   0 0  1 0  0 2  0 0
    90  0.8322667992255913E-05   3   0 0  0 1  0 2  0 0
    91  0.8495085282378356E-01   3   1 0  0 0  0 1  1 0
    92  0.5680537834975417       3   0 1  0 0  0 1  1 0
    93  0.2625724101735957E-05   3   0 0  1 0  0 1  1 0
    94  0.8492582780584003E-05   3   0 0  0 1  0 1  1 0
    95  0.1207367194824781       3   1 0  0 0  0 0  2 0
    96  0.7057502994635484       3   0 1  0 0  0 0  2 0
    97  0.3691940427050072E-05   3   0 0  1 0  0 0  2 0
    98  0.8305753279176099E-05   3   0 0  0 1  0 0  2 0
    99  -.1698049645732724       3   1 0  0 0  0 1  0 1
   100  -.2892461044285358       3   0 1  0 0  0 1  0 1
   101  -.5220062933681544E-05   3   0 0  1 0  0 1  0 1
   102  -.8798946286738532E-05   3   0 0  0 1  0 1  0 1
   103  -.1695764490545807       3   1 0  0 0  0 0  1 1
   104  -.2888568506528927       3   0 1  0 0  0 0  1 1
   105  -.5213038018998463E-05   3   0 0  1 0  0 0  1 1
   106  -.8787105079505836E-05   3   0 0  0 1  0 0  1 1
   107  0.1273704309636742E-01   3   1 0  0 0  0 0  0 2
   108  0.1062956344707308E-01   3   0 1  0 0  0 0  0 2
   109  0.4476445336567238E-06   3   0 0  1 0  0 0  0 2
   110  0.4192066327285277E-06   3   0 0  0 1  0 0  0 2
   111  -.3396690289418863E-06   3   0 0  0 0  0 3  0 0
   112  -.1249703646603166E-06   3   0 0  0 0  0 2  1 0
   113  -.1254028388696233E-06   3   0 0  0 0  0 1  2 0
   114  -.3388993869795651E-06   3   0 0  0 0  0 0  3 0
   115  0.2495993272781029E-06   3   0 0  0 0  0 2  0 1
   116  0.3250878091704550E-07   3   0 0  0 0  0 1  1 1
   117  0.2492415538270282E-06   3   0 0  0 0  0 0  2 1
   118  0.2014778616463867E-06   3   0 0  0 0  0 1  0 2
   119  0.2012067222355060E-06   3   0 0  0 0  0 0  1 2
   120  -.5301664465828963E-08   3   0 0  0 0  0 0  0 3
   121  -6.994384396115732       4   4 0  0 0  0 0  0 0
   122  -25.65185243519349       4   3 1  0 0  0 0  0 0
   123  -35.53819670113606       4   2 2  0 0  0 0  0 0
   124  -22.09773603763376       4   1 3  0 0  0 0  0 0
   125  -5.214073125839677       4   0 4  0 0  0 0  0 0
   126  -.4079622921982011E-02   4   3 0  1 0  0 0  0 0
   127  -.1075535117945090E-01   4   2 1  1 0  0 0  0 0
   128  -.9683877854250688E-02   4   1 2  1 0  0 0  0 0
   129  -.2990463232921486E-02   4   0 3  1 0  0 0  0 0
   130   34.89655752496487       4   2 0  2 0  0 0  0 0
   131   62.10413066387362       4   1 1  2 0  0 0  0 0
   132   27.88196360243318       4   0 2  2 0  0 0  0 0
   133  0.3252129898873410E-02   4   1 0  3 0  0 0  0 0
   134  0.2996561171256028E-02   4   0 1  3 0  0 0  0 0
   135  -4.896449999472749       4   0 0  4 0  0 0  0 0
   136  -.3804869415006163E-02   4   3 0  0 1  0 0  0 0
   137  -.1003336308566364E-01   4   2 1  0 1  0 0  0 0
   138  -.8759792967280208E-02   4   1 2  0 1  0 0  0 0
   139  -.2535462428035614E-02   4   0 3  0 1  0 0  0 0
   140   63.32468964187126       4   2 0  1 1  0 0  0 0
   141   113.5178941537222       4   1 1  1 1  0 0  0 0
   142   51.38075298161216       4   0 2  1 1  0 0  0 0
   143  0.8439689233839299E-02   4   1 0  2 1  0 0  0 0
   144  0.7623666112262119E-02   4   0 1  2 1  0 0  0 0
   145  -17.36563057608520       4   0 0  3 1  0 0  0 0
   146   28.84846480811738       4   2 0  0 2  0 0  0 0
   147   52.02970768369583       4   1 1  0 2  0 0  0 0
   148   23.71278499065437       4   0 2  0 2  0 0  0 0
   149  0.7390157248937043E-02   4   1 0  1 2  0 0  0 0
   150  0.6532956224094799E-02   4   0 1  1 2  0 0  0 0
   151  -23.23726786206125       4   0 0  2 2  0 0  0 0
   152  0.2382482079995793E-02   4   1 0  0 3  0 0  0 0
   153  0.2061067665982108E-02   4   0 1  0 3  0 0  0 0
   154  -13.85252681026691       4   0 0  1 3  0 0  0 0
   155  -3.092270944561127       4   0 0  0 4  0 0  0 0
   156  -.3305842053328014       4   3 0  0 0  0 1  0 0
   157  -2.704378299886387       4   2 1  0 0  0 1  0 0
   158  -5.682253810907115       4   1 2  0 0  0 1  0 0
   159  -4.452310835728489       4   0 3  0 0  0 1  0 0
   160  0.8334200192961240E-03   4   2 0  1 0  0 1  0 0
   161  0.6213473487988057E-02   4   1 1  1 0  0 1  0 0
   162  0.4840878744669503E-02   4   0 2  1 0  0 1  0 0
   163  0.5093572312040250       4   1 0  2 0  0 1  0 0
   164  -.1193315775548280       4   0 1  2 0  0 1  0 0
   165  -.2483410423486352E-03   4   0 0  3 0  0 1  0 0
   166  0.3114510036658248E-02   4   2 0  0 1  0 1  0 0
   167  0.9823803294455029E-02   4   1 1  0 1  0 1  0 0
   168  0.6274353644542019E-02   4   0 2  0 1  0 1  0 0
   169   2.093637978978073       4   1 0  1 1  0 1  0 0
   170  0.7556412768053496       4   0 1  1 1  0 1  0 0
   171  -.2691320637731518E-02   4   0 0  2 1  0 1  0 0
   172   1.167847605321510       4   1 0  0 2  0 1  0 0
   173  -.6515973460432652       4   0 1  0 2  0 1  0 0
   174  -.4253296254216325E-02   4   0 0  1 2  0 1  0 0
   175  -.1854065023631913E-02   4   0 0  0 3  0 1  0 0
   176  -.3301393206891697       4   3 0  0 0  0 0  1 0
   177  -2.700738875023379       4   2 1  0 0  0 0  1 0
   178  -5.674606901523799       4   1 2  0 0  0 0  1 0
   179  -4.446319125635934       4   0 3  0 0  0 0  1 0
   180  0.8322984419118788E-03   4   2 0  1 0  0 0  1 0
   181  0.6205111688198782E-02   4   1 1  1 0  0 0  1 0
   182  0.4834364118197638E-02   4   0 2  1 0  0 0  1 0
   183  0.5086717622474439       4   1 0  2 0  0 0  1 0
   184  -.1191709867416583       4   0 1  2 0  0 0  1 0
   185  -.2480068366777501E-03   4   0 0  3 0  0 0  1 0
   186  0.3110318675832684E-02   4   2 0  0 1  0 0  1 0
   187  0.9810582882961157E-02   4   1 1  0 1  0 0  1 0
   188  0.6265909915107236E-02   4   0 2  0 1  0 0  1 0
   189   2.090820459655701       4   1 0  1 1  0 0  1 0
   190  0.7546243703871632       4   0 1  1 1  0 0  1 0
   191  -.2687698785254806E-02   4   0 0  2 1  0 0  1 0
   192   1.166275971053017       4   1 0  0 2  0 0  1 0
   193  -.6507204570436810       4   0 1  0 2  0 0  1 0
   194  -.4247572368568309E-02   4   0 0  1 2  0 0  1 0
   195  -.1851569910302167E-02   4   0 0  0 3  0 0  1 0
   196  0.6598121328057015       4   3 0  0 0  0 0  0 1
   197   3.606915153197904       4   2 1  0 0  0 0  0 1
   198   5.253547956377751       4   1 2  0 0  0 0  0 1
   199   2.426987776503720       4   0 3  0 0  0 0  0 1
   200  0.2120808399592456E-03   4   2 0  1 0  0 0  0 1
   201  0.5039479169294683E-03   4   1 1  1 0  0 0  0 1
   202  0.3050897548195538E-03   4   0 2  1 0  0 0  0 1
   203  -1.016134984089657       4   1 0  2 0  0 0  0 1
   204  0.1186210517638953E-02   4   0 1  2 0  0 0  0 1
   205  -.2032193854385035E-04   4   0 0  3 0  0 0  0 1
   206  0.2670471939673539E-03   4   2 0  0 1  0 0  0 1
   207  0.5877703540149034E-03   4   1 1  0 1  0 0  0 1
   208  0.3382224977793844E-03   4   0 2  0 1  0 0  0 1
   209  -2.679137274401925       4   1 0  1 1  0 0  0 1
   210  -1.062989796923325       4   0 1  1 1  0 0  0 1
   211  -.5286658165083364E-04   4   0 0  2 1  0 0  0 1
   212  -1.242681672680675       4   1 0  0 2  0 0  0 1
   213  -.5048312216611904       4   0 1  0 2  0 0  0 1
   214  -.3435857406608690E-04   4   0 0  1 2  0 0  0 1
   215  0.2074094275669334E-05   4   0 0  0 3  0 0  0 1
   216  -.3240112641088286E-01   4   2 0  0 0  0 2  0 0
   217  -.1407834347066209       4   1 1  0 0  0 2  0 0
   218  -.1150257511196074       4   0 2  0 0  0 2  0 0
   219  0.2708401556551800E-04   4   1 0  1 0  0 2  0 0
   220  0.9655011123655244E-04   4   0 1  1 0  0 2  0 0
   221  0.2061955761202343E-01   4   0 0  2 0  0 2  0 0
   222  0.2825526543104538E-03   4   1 0  0 1  0 2  0 0
   223  0.3433784029576548E-03   4   0 1  0 1  0 2  0 0
   224  0.1021215988432884       4   0 0  1 1  0 2  0 0
   225  0.8726099450356761E-01   4   0 0  0 2  0 2  0 0
   226  -.2489448620312692E-01   4   2 0  0 0  0 1  1 0
   227  -.1469567414396518       4   1 1  0 0  0 1  1 0
   228  -.1407709888762739       4   0 2  0 0  0 1  1 0
   229  0.1264180855775448E-06   4   1 0  1 0  0 1  1 0
   230  0.1095097680654238E-03   4   0 1  1 0  0 1  1 0
   231  0.1296488341409521E-01   4   0 0  2 0  0 1  1 0
   232  0.3296534621229202E-03   4   1 0  0 1  0 1  1 0
   233  0.4426359067226455E-03   4   0 1  0 1  0 1  1 0
   234  0.1005218621678341       4   0 0  1 1  0 1  1 0
   235  0.1038768755093169       4   0 0  0 2  0 1  1 0
   236  -.3234077158882372E-01   4   2 0  0 0  0 0  2 0
   237  -.1404950912666880       4   1 1  0 0  0 0  2 0
   238  -.1147762334034659       4   0 2  0 0  0 0  2 0
   239  0.2704748211012159E-04   4   1 0  1 0  0 0  2 0
   240  0.9634649210469743E-04   4   0 1  1 0  0 0  2 0
   241  0.2058308501861286E-01   4   0 0  2 0  0 0  2 0
   242  0.2819505922178851E-03   4   1 0  0 1  0 0  2 0
   243  0.3426184612144653E-03   4   0 1  0 1  0 0  2 0
   244  0.1019165296160523       4   0 0  1 1  0 0  2 0
   245  0.8707366646787651E-01   4   0 0  0 2  0 0  2 0
   246  0.4928971771716902E-01   4   2 0  0 0  0 1  0 1
   247  0.1587625333581908       4   1 1  0 0  0 1  0 1
   248  0.1030272233719387       4   0 2  0 0  0 1  0 1
   249  -.3276221212861706E-05   4   1 0  1 0  0 1  0 1
   250  -.4627792977855682E-04   4   0 1  1 0  0 1  0 1
   251  -.2614324897292813E-01   4   0 0  2 0  0 1  0 1
   252  -.2515583136906820E-03   4   1 0  0 1  0 1  0 1
   253  -.2240205690827021E-03   4   0 1  0 1  0 1  0 1
   254  -.9726159858386446E-01   4   0 0  1 1  0 1  0 1
   255  -.6651123662314180E-01   4   0 0  0 2  0 1  0 1
   256  0.4922338593800950E-01   4   2 0  0 0  0 0  1 1
   257  0.1585488782230170       4   1 1  0 0  0 0  1 1
   258  0.1028885741902299       4   0 2  0 0  0 0  1 1
   259  -.3271812228756314E-05   4   1 0  1 0  0 0  1 1
   260  -.4621565112166400E-04   4   0 1  1 0  0 0  1 1
   261  -.2610806662054894E-01   4   0 0  2 0  0 0  1 1
   262  -.2512197783676495E-03   4   1 0  0 1  0 0  1 1
   263  -.2237190927585542E-03   4   0 1  0 1  0 0  1 1
   264  -.9713070850827049E-01   4   0 0  1 1  0 0  1 1
   265  -.6642172893546026E-01   4   0 0  0 2  0 0  1 1
   266  -.9277422981555546E-02   4   2 0  0 0  0 0  0 2
   267  -.1633681873119781E-01   4   1 1  0 0  0 0  0 2
   268  -.7189340519227447E-02   4   0 2  0 0  0 0  0 2
   269  -.6963127393732713E-04   4   1 0  1 0  0 0  0 2
   270  -.7525171584461205E-04   4   0 1  1 0  0 0  0 2
   271  -.2155854211573740E-02   4   0 0  2 0  0 0  0 2
   272  -.4712505920795811E-04   4   1 0  0 1  0 0  0 2
   273  -.5458872892606756E-04   4   0 1  0 1  0 0  0 2
   274  -.4187825650168800E-02   4   0 0  1 1  0 0  0 2
   275  -.1996257994739110E-02   4   0 0  0 2  0 0  0 2
   276  -.1029459073163710       4   1 0  0 0  0 3  0 0
   277  -.6387839707166778       4   0 1  0 0  0 3  0 0
   278  -.5331177366281877E-05   4   0 0  1 0  0 3  0 0
   279  -.1096579809232219E-04   4   0 0  0 1  0 3  0 0
   280  -.6694350020183085E-01   4   1 0  0 0  0 2  1 0
   281  -.5022667412831336       4   0 1  0 0  0 2  1 0
   282  -.3505369019511931E-05   4   0 0  1 0  0 2  1 0
   283  -.1059746023511353E-04   4   0 0  0 1  0 2  1 0
   284  -.6701589605557026E-01   4   1 0  0 0  0 1  2 0
   285  -.5025405836581160       4   0 1  0 0  0 1  2 0
   286  -.3509040167283971E-05   4   0 0  1 0  0 1  2 0
   287  -.1059817398328112E-04   4   0 0  0 1  0 1  2 0
   288  -.1026931137314545       4   1 0  0 0  0 0  3 0
   289  -.6371569948112784       4   0 1  0 0  0 0  3 0
   290  -.5318060195975226E-05   4   0 0  1 0  0 0  3 0
   291  -.1093654103927421E-04   4   0 0  0 1  0 0  3 0
   292  0.1338601823357418       4   1 0  0 0  0 2  0 1
   293  0.2973571379797860       4   0 1  0 0  0 2  0 1
   294  0.6357356463722265E-05   4   0 0  1 0  0 2  0 1
   295  0.1160232261940724E-04   4   0 0  0 1  0 2  0 1
   296  0.9800905610555941E-01   4   1 0  0 0  0 1  1 1
   297  0.3054429926490649       4   0 1  0 0  0 1  1 1
   298  0.4554435715429984E-05   4   0 0  1 0  0 1  1 1
   299  0.1129156687558840E-04   4   0 0  0 1  0 1  1 1
   300  0.1336140916266165       4   1 0  0 0  0 0  2 1
   301  0.2967514433652106       4   0 1  0 0  0 0  2 1
   302  0.6345736460589404E-05   4   0 0  1 0  0 0  2 1
   303  0.1157911093115056E-04   4   0 0  0 1  0 0  2 1
   304  -.1305549913993759E-01   4   1 0  0 0  0 1  0 2
   305  -.1620490015763864E-01   4   0 1  0 0  0 1  0 2
   306  -.1192554532802855E-06   4   0 0  1 0  0 1  0 2
   307  -.2914849304376265E-06   4   0 0  0 1  0 1  0 2
   308  -.1303792966447906E-01   4   1 0  0 0  0 0  1 2
   309  -.1618309236671667E-01   4   0 1  0 0  0 0  1 2
   310  -.1190949649115623E-06   4   0 0  1 0  0 0  1 2
   311  -.2910926637554400E-06   4   0 0  0 1  0 0  1 2
   312  0.2062624895660551E-03   4   1 0  0 0  0 0  0 3
   313  0.1662721025324429E-03   4   0 1  0 0  0 0  0 3
   314  0.1361066519946753E-07   4   0 0  1 0  0 0  0 3
   315  0.1098379790238639E-07   4   0 0  0 1  0 0  0 3
   316  -.2935872376735516E-04   4   0 0  0 0  0 4  0 0
   317  -.1861612774322076E-04   4   0 0  0 0  0 3  1 0
   318  -.1719030466810313E-04   4   0 0  0 0  0 2  2 0
   319  -.1864683710995891E-04   4   0 0  0 0  0 1  3 0
   320  -.2926722950705942E-04   4   0 0  0 0  0 0  4 0
   321  0.4205153870179185E-05   4   0 0  0 0  0 3  0 1
   322  0.4349245432342076E-05   4   0 0  0 0  0 2  1 1
   323  0.4348943141270860E-05   4   0 0  0 0  0 1  2 1
   324  0.4193742662046118E-05   4   0 0  0 0  0 0  3 1
   325  -.1653479134814857E-06   4   0 0  0 0  0 2  0 2
   326  -.2039174612596404E-06   4   0 0  0 0  0 1  1 2
   327  -.1649881848627449E-06   4   0 0  0 0  0 0  2 2
   328  0.2248502489963427E-08   4   0 0  0 0  0 1  0 3
   329  0.2245476561280685E-08   4   0 0  0 0  0 0  1 3
   330  -.6591157965655072E-15   4   0 0  0 0  0 0  0 4
   ----------------------------------------------------
     I  COEFFICIENT            ORDER EXPONENTS
     1  0.2305746012516146E-04   0   0 0  0 0  0 0  0 0
     2   1.396119000356941       1   1 0  0 0  0 0  0 0
     3   2.284734363074879       1   0 1  0 0  0 0  0 0
     4  0.3985793329360233E-04   1   0 0  1 0  0 0  0 0
     5  0.3655049831502062E-04   1   0 0  0 1  0 0  0 0
     6  0.4503408552444446E-06   1   0 0  0 0  0 1  0 0
     7  0.4497348077451229E-06   1   0 0  0 0  0 0  1 0
     8  0.2215738446716947E-04   1   0 0  0 0  0 0  0 1
     9  -.3354342266659346       2   2 0  0 0  0 0  0 0
    10  -.6168338206232146       2   1 1  0 0  0 0  0 0
    11  -.2852753616237106       2   0 2  0 0  0 0  0 0
    12  0.9527931300536556E-03   2   1 0  1 0  0 0  0 0
    13  0.6434795374433549E-03   2   0 1  1 0  0 0  0 0
    14  0.2655641639608605       2   0 0  2 0  0 0  0 0
    15  0.7776609781707513E-03   2   1 0  0 1  0 0  0 0
    16  0.5184075773520000E-03   2   0 1  0 1  0 0  0 0
    17  0.4887954917653907       2   0 0  1 1  0 0  0 0
    18  0.2268562725221475       2   0 0  0 2  0 0  0 0
    19  -.4372969928593495E-01   2   1 0  0 0  0 1  0 0
    20  -.6798713412915997       2   0 1  0 0  0 1  0 0
    21  -.1396826566826838E-05   2   0 0  1 0  0 1  0 0
    22  -.1965465869299919E-04   2   0 0  0 1  0 1  0 0
    23  -.4367084991754561E-01   2   1 0  0 0  0 0  1 0
    24  -.6789564024817172       2   0 1  0 0  0 0  1 0
    25  -.1394946783463374E-05   2   0 0  1 0  0 0  1 0
    26  -.1962820837962216E-04   2   0 0  0 1  0 0  1 0
    27   1.483519549643291       2   1 0  0 0  0 0  0 1
    28   1.358827743860019       2   0 1  0 0  0 0  0 1
    29  0.4264961602617686E-04   2   0 0  1 0  0 0  0 1
    30  0.3928277938766647E-04   2   0 0  0 1  0 0  0 1
    31  -.3480589254780676E-06   2   0 0  0 0  0 2  0 0
    32  -.2460491911213122E-06   2   0 0  0 0  0 1  1 0
    33  -.3474249634761459E-06   2   0 0  0 0  0 0  2 0
    34  0.9421634990827158E-06   2   0 0  0 0  0 1  0 1
    35  0.9408955798481116E-06   2   0 0  0 0  0 0  1 1
    36  -.9415284358062153E-06   2   0 0  0 0  0 0  0 2
    37  -2.537352185020176       3   3 0  0 0  0 0  0 0
    38  -7.482827898357313       3   2 1  0 0  0 0  0 0
    39  -8.008412307511875       3   1 2  0 0  0 0  0 0
    40  -2.370880407447205       3   0 3  0 0  0 0  0 0
    41  -.2883817002240605E-01   3   2 0  1 0  0 0  0 0
    42  -.5298082881095747E-01   3   1 1  1 0  0 0  0 0
    43  -.2447983531734121E-01   3   0 2  1 0  0 0  0 0
    44  -4.944646242938244       3   1 0  2 0  0 0  0 0
    45  -4.054592894414295       3   0 1  2 0  0 0  0 0
    46  0.7432174565827788E-02   3   0 0  3 0  0 0  0 0
    47  -.2706179290529842E-01   3   2 0  0 1  0 0  0 0
    48  -.5014625331348512E-01   3   1 1  0 1  0 0  0 0
    49  -.2334670054499375E-01   3   0 2  0 1  0 0  0 0
    50  -10.18719312027190       3   1 0  1 1  0 0  0 0
    51  -8.668402078424066       3   0 1  1 1  0 0  0 0
    52  0.2052138650142921E-01   3   0 0  2 1  0 0  0 0
    53  -4.388368294798699       3   1 0  0 2  0 0  0 0
    54  -3.163960319358012       3   0 1  0 2  0 0  0 0
    55  0.1905881745418040E-01   3   0 0  1 2  0 0  0 0
    56  0.5972005511879585E-02   3   0 0  0 3  0 0  0 0
    57  0.2953091652147765E-01   3   2 0  0 0  0 1  0 0
    58  0.3614385422815212       3   1 1  0 0  0 1  0 0
    59  0.3090687835145552       3   0 2  0 0  0 1  0 0
    60  -.4596652647608901E-03   3   1 0  1 0  0 1  0 0
    61  -.7006668797941882E-03   3   0 1  1 0  0 1  0 0
    62  0.6424192108933953E-02   3   0 0  2 0  0 1  0 0
    63  -.8503847784646439E-03   3   1 0  0 1  0 1  0 0
    64  -.9118602486295559E-03   3   0 1  0 1  0 1  0 0
    65  -.2315907316203716       3   0 0  1 1  0 1  0 0
    66  -.2206370891025102       3   0 0  0 2  0 1  0 0
    67  0.2949117520576755E-01   3   2 0  0 0  0 0  1 0
    68  0.3609521353253290       3   1 1  0 0  0 0  1 0
    69  0.3086528533116094       3   0 2  0 0  0 0  1 0
    70  -.4590466689108489E-03   3   1 0  1 0  0 0  1 0
    71  -.6997239553286483E-03   3   0 1  1 0  0 0  1 0
    72  0.6415546733955483E-02   3   0 0  2 0  0 0  1 0
    73  -.8492403707070323E-03   3   1 0  0 1  0 0  1 0
    74  -.9106331100814365E-03   3   0 1  0 1  0 0  1 0
    75  -.2312790677282500       3   0 0  1 1  0 0  1 0
    76  -.2203401661062618       3   0 0  0 2  0 0  1 0
    77  -.3944575298249637       3   2 0  0 0  0 0  0 1
    78  -.7223926969410922       3   1 1  0 0  0 0  0 1
    79  -.3324471100570396       3   0 2  0 0  0 0  0 1
    80  0.1869561712980605E-02   3   1 0  1 0  0 0  0 1
    81  0.1398350135668469E-02   3   0 1  1 0  0 0  0 1
    82  0.2527253569545985       3   0 0  2 0  0 0  0 1
    83  0.1697521906224483E-02   3   1 0  0 1  0 0  0 1
    84  0.1301858341675701E-02   3   0 1  0 1  0 0  0 1
    85  0.4628713592755672       3   0 0  1 1  0 0  0 1
    86  0.2141216263563845       3   0 0  0 2  0 0  0 1
    87  0.3325288413524475E-01   3   1 0  0 0  0 2  0 0
    88  0.5287149500722725       3   0 1  0 0  0 2  0 0
    89  0.9868373548978547E-06   3   0 0  1 0  0 2  0 0
    90  0.1536185896179928E-04   3   0 0  0 1  0 2  0 0
    91  0.2280404840114281E-01   3   1 0  0 0  0 1  1 0
    92  0.3779640621732424       3   0 1  0 0  0 1  1 0
    93  0.5861806760633786E-06   3   0 0  1 0  0 1  1 0
    94  0.1108280859885911E-04   3   0 0  0 1  0 1  1 0
    95  0.3319278966411933E-01   3   1 0  0 0  0 0  2 0
    96  0.5277491072989157       3   0 1  0 0  0 0  2 0
    97  0.9851148885306161E-06   3   0 0  1 0  0 0  2 0
    98  0.1533372833523841E-04   3   0 0  0 1  0 0  2 0
    99  -.8930955645293910E-01   3   1 0  0 0  0 1  0 1
   100  -.7555224229602876       3   0 1  0 0  0 1  0 1
   101  -.2601009926250120E-05   3   0 0  1 0  0 1  0 1
   102  -.2216285602594853E-04   3   0 0  0 1  0 1  0 1
   103  -.8918936786087792E-01   3   1 0  0 0  0 0  1 1
   104  -.7545056764900058       3   0 1  0 0  0 0  1 1
   105  -.2597509609672758E-05   3   0 0  1 0  0 0  1 1
   106  -.2213303029880809E-04   3   0 0  0 1  0 0  1 1
   107  0.8924931747020469E-01   3   1 0  0 0  0 0  0 2
   108  0.7560006568662679E-01   3   0 1  0 0  0 0  0 2
   109  0.2623961854809593E-05   3   0 0  1 0  0 0  0 2
   110  0.2528392129545075E-05   3   0 0  0 1  0 0  0 2
   111  0.2965890127962993E-06   3   0 0  0 0  0 3  0 0
   112  0.1943977090698180E-06   3   0 0  0 0  0 2  1 0
   113  0.1946031897234384E-06   3   0 0  0 0  0 1  2 0
   114  0.2958596802790701E-06   3   0 0  0 0  0 0  3 0
   115  -.7376161348599751E-06   3   0 0  0 0  0 2  0 1
   116  -.5338648315928278E-06   3   0 0  0 0  0 1  1 1
   117  -.7362642607633774E-06   3   0 0  0 0  0 0  2 1
   118  0.5341362888447561E-06   3   0 0  0 0  0 1  0 2
   119  0.5334174734001822E-06   3   0 0  0 0  0 0  1 2
   120  -.4206926106514226E-07   3   0 0  0 0  0 0  0 3
   121  -32.65137629891980       4   4 0  0 0  0 0  0 0
   122  -120.9403285141565       4   3 1  0 0  0 0  0 0
   123  -168.7766843417132       4   2 2  0 0  0 0  0 0
   124  -105.4644154215279       4   1 3  0 0  0 0  0 0
   125  -24.96038144950056       4   0 4  0 0  0 0  0 0
   126  -.1869168927310872E-01   4   3 0  1 0  0 0  0 0
   127  -.5080455552318431E-01   4   2 1  1 0  0 0  0 0
   128  -.4632455733238852E-01   4   1 2  1 0  0 0  0 0
   129  -.1380160552479168E-01   4   0 3  1 0  0 0  0 0
   130   161.6374218284193       4   2 0  2 0  0 0  0 0
   131   294.7957523339068       4   1 1  2 0  0 0  0 0
   132   135.2442662795535       4   0 2  2 0  0 0  0 0
   133  0.1632533721434675E-01   4   1 0  3 0  0 0  0 0
   134  0.1549587873535405E-01   4   0 1  3 0  0 0  0 0
   135  -21.49353210926403       4   0 0  4 0  0 0  0 0
   136  -.1744652902468690E-01   4   3 0  0 1  0 0  0 0
   137  -.4784434408992942E-01   4   2 1  0 1  0 0  0 0
   138  -.4356558941198831E-01   4   1 2  0 1  0 0  0 0
   139  -.1295385186199744E-01   4   0 3  0 1  0 0  0 0
   140   301.0833271009105       4   2 0  1 1  0 0  0 0
   141   552.9456852357536       4   1 1  1 1  0 0  0 0
   142   255.6522369031153       4   0 2  1 1  0 0  0 0
   143  0.4646022620760416E-01   4   1 0  2 1  0 0  0 0
   144  0.4430019866668539E-01   4   0 1  2 1  0 0  0 0
   145  -78.51450850865999       4   0 0  3 1  0 0  0 0
   146   141.0702560993326       4   2 0  0 2  0 0  0 0
   147   260.5504992296046       4   1 1  0 2  0 0  0 0
   148   121.2393485374075       4   0 2  0 2  0 0  0 0
   149  0.4419618484682542E-01   4   1 0  1 2  0 0  0 0
   150  0.4253041899030524E-01   4   0 1  1 2  0 0  0 0
   151  -108.5034222663327       4   0 0  2 2  0 0  0 0
   152  0.1450264899354687E-01   4   1 0  0 3  0 0  0 0
   153  0.1401241053404221E-01   4   0 1  0 3  0 0  0 0
   154  -66.99273032688608       4   0 0  1 3  0 0  0 0
   155  -15.53727803822911       4   0 0  0 4  0 0  0 0
   156   1.651857205385606       4   3 0  0 0  0 1  0 0
   157   8.550224612973121       4   2 1  0 0  0 1  0 0
   158   12.67609580798185       4   1 2  0 0  0 1  0 0
   159   5.047601208760454       4   0 3  0 0  0 1  0 0
   160  -.2685847565482583E-02   4   2 0  1 0  0 1  0 0
   161  0.1787481135622504E-01   4   1 1  1 0  0 1  0 0
   162  0.1866187774289931E-01   4   0 2  1 0  0 1  0 0
   163   2.158980852299340       4   1 0  2 0  0 1  0 0
   164   3.727478807583487       4   0 1  2 0  0 1  0 0
   165  0.6536174325980396E-03   4   0 0  3 0  0 1  0 0
   166  0.8902904572761010E-02   4   2 0  0 1  0 1  0 0
   167  0.3782520298044090E-01   4   1 1  0 1  0 1  0 0
   168  0.2741281601583426E-01   4   0 2  0 1  0 1  0 0
   169   9.705280756582658       4   1 0  1 1  0 1  0 0
   170   12.48324706633824       4   0 1  1 1  0 1  0 0
   171  -.6955388391165302E-02   4   0 0  2 1  0 1  0 0
   172   6.730125996035564       4   1 0  0 2  0 1  0 0
   173   6.730524259122871       4   0 1  0 2  0 1  0 0
   174  -.1445628532494378E-01   4   0 0  1 2  0 1  0 0
   175  -.7005881792911542E-02   4   0 0  0 3  0 1  0 0
   176   1.649634213807922       4   3 0  0 0  0 0  1 0
   177   8.538718123647060       4   2 1  0 0  0 0  1 0
   178   12.65903691564711       4   1 2  0 0  0 0  1 0
   179   5.040808384938880       4   0 3  0 0  0 0  1 0
   180  -.2682233078408571E-02   4   2 0  1 0  0 0  1 0
   181  0.1785075627751251E-01   4   1 1  1 0  0 0  1 0
   182  0.1863676346733676E-01   4   0 2  1 0  0 0  1 0
   183   2.156075397617558       4   1 0  2 0  0 0  1 0
   184   3.722462542274235       4   0 1  2 0  0 0  1 0
   185  0.6527378250611725E-03   4   0 0  3 0  0 0  1 0
   186  0.8890923463366344E-02   4   2 0  0 1  0 0  1 0
   187  0.3777429960490988E-01   4   1 1  0 1  0 0  1 0
   188  0.2737592513996143E-01   4   0 2  0 1  0 0  1 0
   189   9.692219847134485       4   1 0  1 1  0 0  1 0
   190   12.46644770075143       4   0 1  1 1  0 0  1 0
   191  -.6946028157264569E-02   4   0 0  2 1  0 0  1 0
   192   6.721068909649946       4   1 0  0 2  0 0  1 0
   193   6.721466636773569       4   0 1  0 2  0 0  1 0
   194  -.1443683073745458E-01   4   0 0  1 2  0 0  1 0
   195  -.6996453607370412E-02   4   0 0  0 3  0 0  1 0
   196  -5.842501496313669       4   3 0  0 0  0 0  0 1
   197  -17.10061006779954       4   2 1  0 0  0 0  0 1
   198  -17.33923310003356       4   1 2  0 0  0 0  0 1
   199  -5.351154858216390       4   0 3  0 0  0 0  0 1
   200  0.4509069854835088E-03   4   2 0  1 0  0 0  0 1
   201  0.9118154827930111E-03   4   1 1  1 0  0 0  0 1
   202  0.4629916826087506E-03   4   0 2  1 0  0 0  0 1
   203  -9.250647992266497       4   1 0  2 0  0 0  0 1
   204  -7.440583349577981       4   0 1  2 0  0 0  0 1
   205  -.2361000302534855E-03   4   0 0  3 0  0 0  0 1
   206  0.4469853836092207E-03   4   2 0  0 1  0 0  0 1
   207  0.8049301002522645E-03   4   1 1  0 1  0 0  0 1
   208  0.3901216729992590E-03   4   0 2  0 1  0 0  0 1
   209  -19.37807612305148       4   1 0  1 1  0 0  0 1
   210  -16.26095423464117       4   0 1  1 1  0 0  0 1
   211  -.7281843215035789E-03   4   0 0  2 1  0 0  0 1
   212  -9.052332638733988       4   1 0  0 2  0 0  0 1
   213  -7.112979593972712       4   0 1  0 2  0 0  0 1
   214  -.7310117475741435E-03   4   0 0  1 2  0 0  0 1
   215  -.2174011019012107E-03   4   0 0  0 3  0 0  0 1
   216  -.2266899752344323E-01   4   2 0  0 0  0 2  0 0
   217  -.2976457897232042       4   1 1  0 0  0 2  0 0
   218  -.3266003275724864       4   0 2  0 0  0 2  0 0
   219  -.1753636753886749E-03   4   1 0  1 0  0 2  0 0
   220  0.2185562078789456E-03   4   0 1  1 0  0 2  0 0
   221  -.4406368556969289E-02   4   0 0  2 0  0 2  0 0
   222  0.4138385965072071E-03   4   1 0  0 1  0 2  0 0
   223  0.7882582989197672E-03   4   0 1  0 1  0 2  0 0
   224  0.1680620966401786       4   0 0  1 1  0 2  0 0
   225  0.2162398884164520       4   0 0  0 2  0 2  0 0
   226  -.1625549439624322E-01   4   2 0  0 0  0 1  1 0
   227  -.2354028239563073       4   1 1  0 0  0 1  1 0
   228  -.3449108233574220       4   0 2  0 0  0 1  1 0
   229  -.2118365606138642E-03   4   1 0  1 0  0 1  1 0
   230  0.2825791950851605E-03   4   0 1  1 0  0 1  1 0
   231  -.2341421432271069E-02   4   0 0  2 0  0 1  1 0
   232  0.4877207471714935E-03   4   1 0  0 1  0 1  1 0
   233  0.1116912057322276E-02   4   0 1  0 1  0 1  1 0
   234  0.1046570814078968       4   0 0  1 1  0 1  1 0
   235  0.2118404430368521       4   0 0  0 2  0 1  1 0
   236  -.2262755271579749E-01   4   2 0  0 0  0 0  2 0
   237  -.2970868350337914       4   1 1  0 0  0 0  2 0
   238  -.3259287218782862       4   0 2  0 0  0 0  2 0
   239  -.1749851393890598E-03   4   1 0  1 0  0 0  2 0
   240  0.2180719443529540E-03   4   0 1  1 0  0 0  2 0
   241  -.4398863186522087E-02   4   0 0  2 0  0 0  2 0
   242  0.4129534962295345E-03   4   1 0  0 1  0 0  2 0
   243  0.7864459542462170E-03   4   0 1  0 1  0 0  2 0
   244  0.1677655053070919       4   0 0  1 1  0 0  2 0
   245  0.2158063405233817       4   0 0  0 2  0 0  2 0
   246  0.6216315379882511E-01   4   2 0  0 0  0 1  0 1
   247  0.4716396141115565       4   1 1  0 0  0 1  0 1
   248  0.3815425578544337       4   0 2  0 0  0 1  0 1
   249  0.2820339203399076E-03   4   1 0  1 0  0 1  0 1
   250  -.3751560831757045E-03   4   0 1  1 0  0 1  0 1
   251  0.1116209686793375E-01   4   0 0  2 0  0 1  0 1
   252  -.5833216675892708E-03   4   1 0  0 1  0 1  0 1
   253  -.1002178729274521E-02   4   0 1  0 1  0 1  0 1
   254  -.2088515301365034       4   0 0  1 1  0 1  0 1
   255  -.2029686559395164       4   0 0  0 2  0 1  0 1
   256  0.6207949755609157E-01   4   2 0  0 0  0 0  1 1
   257  0.4710049037464920       4   1 1  0 0  0 0  1 1
   258  0.3810290958615523       4   0 2  0 0  0 0  1 1
   259  0.2816543723817123E-03   4   1 0  1 0  0 0  1 1
   260  -.3746512157994605E-03   4   0 1  1 0  0 0  1 1
   261  0.1114707544402050E-01   4   0 0  2 0  0 0  1 1
   262  -.5825366607800268E-03   4   1 0  0 1  0 0  1 1
   263  -.1000830044371712E-02   4   0 1  0 1  0 0  1 1
   264  -.2085704675900768       4   0 0  1 1  0 0  1 1
   265  -.2026955102879340       4   0 0  0 2  0 0  1 1
   266  -.6269108662167033E-01   4   2 0  0 0  0 0  0 2
   267  -.1118365307030681       4   1 1  0 0  0 0  0 2
   268  -.4985269910197121E-01   4   0 2  0 0  0 0  0 2
   269  -.2106497219202612E-05   4   1 0  1 0  0 0  0 2
   270  -.1257548192517825E-04   4   0 1  1 0  0 0  0 2
   271  -.1116216676969359E-01   4   0 0  2 0  0 0  0 2
   272  -.1977863113044940E-05   4   1 0  0 1  0 0  0 2
   273  -.1030432415060468E-04   4   0 1  0 1  0 0  0 2
   274  -.2292980062278900E-01   4   0 0  1 1  0 0  0 2
   275  -.1139882969607740E-01   4   0 0  0 2  0 0  0 2
   276  -.2803142720740290E-01   4   1 0  0 0  0 3  0 0
   277  -.4533912246354100       4   0 1  0 0  0 3  0 0
   278  -.2321500058966606E-05   4   0 0  1 0  0 3  0 0
   279  -.1699951666929178E-04   4   0 0  0 1  0 3  0 0
   280  -.1757062179939428E-01   4   1 0  0 0  0 2  1 0
   281  -.3028167902902218       4   0 1  0 0  0 2  1 0
   282  -.1209912770109449E-05   4   0 0  1 0  0 2  1 0
   283  -.1141669584748991E-04   4   0 0  0 1  0 2  1 0
   284  -.1759166213826265E-01   4   1 0  0 0  0 1  2 0
   285  -.3031195125845387       4   0 1  0 0  0 1  2 0
   286  -.1212150346256669E-05   4   0 0  1 0  0 1  2 0
   287  -.1142791931273682E-04   4   0 0  0 1  0 1  2 0
   288  -.2796303523434484E-01   4   1 0  0 0  0 0  3 0
   289  -.4522725122998676       4   0 1  0 0  0 0  3 0
   290  -.2316000787553909E-05   4   0 0  1 0  0 0  3 0
   291  -.1695752927994396E-04   4   0 0  0 1  0 0  3 0
   292  0.6838590001573808E-01   4   1 0  0 0  0 2  0 1
   293  0.6055261565082141       4   0 1  0 0  0 2  0 1
   294  0.2716392363103877E-05   4   0 0  1 0  0 2  0 1
   295  0.2093487491039739E-04   4   0 0  0 1  0 2  0 1
   296  0.4750063508269589E-01   4   1 0  0 0  0 1  1 1
   297  0.4559140611556225       4   0 1  0 0  0 1  1 1
   298  0.1543771709679764E-05   4   0 0  1 0  0 1  1 1
   299  0.1556114526222884E-04   4   0 0  0 1  0 1  1 1
   300  0.6826190743637951E-01   4   1 0  0 0  0 0  2 1
   301  0.6044044941157356       4   0 1  0 0  0 0  2 1
   302  0.2711698002675016E-05   4   0 0  1 0  0 0  2 1
   303  0.2089623101440817E-04   4   0 0  0 1  0 0  2 1
   304  -.4746200976469247E-01   4   1 0  0 0  0 1  0 2
   305  -.7793839312406441E-01   4   0 1  0 0  0 1  0 2
   306  -.2651759374986807E-07   4   0 0  1 0  0 1  0 2
   307  -.1047693218395648E-05   4   0 0  0 1  0 1  0 2
   308  -.4739813762875730E-01   4   1 0  0 0  0 0  1 2
   309  -.7783350730770659E-01   4   0 1  0 0  0 0  1 2
   310  -.2648190762189824E-07   4   0 0  1 0  0 0  1 2
   311  -.1046283282238375E-05   4   0 0  0 1  0 0  1 2
   312  0.1868566558346523E-02   4   1 0  0 0  0 0  0 3
   313  0.1522393788768295E-02   4   0 1  0 0  0 0  0 3
   314  0.1243514095209254E-06   4   0 0  1 0  0 0  0 3
   315  0.1018954359171826E-06   4   0 0  0 1  0 0  0 3
   316  -.1770558491195317E-04   4   0 0  0 0  0 4  0 0
   317  -.1078908547899558E-04   4   0 0  0 0  0 3  1 0
   318  -.9870847388014926E-05   4   0 0  0 0  0 2  2 0
   319  -.1080886309727272E-04   4   0 0  0 0  0 1  3 0
   320  -.1765070080375448E-04   4   0 0  0 0  0 0  4 0
   321  0.2108688897282832E-04   4   0 0  0 0  0 3  0 1
   322  0.1391167262518183E-04   4   0 0  0 0  0 2  1 1
   323  0.1392609944304794E-04   4   0 0  0 0  0 1  2 1
   324  0.2103497414712217E-04   4   0 0  0 0  0 0  3 1
   325  -.9818663196620441E-06   4   0 0  0 0  0 2  0 2
   326  -.1184003112165461E-05   4   0 0  0 0  0 1  1 2
   327  -.9797482824486862E-06   4   0 0  0 0  0 0  2 2
   328  0.5131203311039043E-08   4   0 0  0 0  0 1  0 3
   329  0.5124297979448279E-08   4   0 0  0 0  0 0  1 3
   330  0.1218304124422318E-13   4   0 0  0 0  0 0  0 4
   ----------------------------------------------------
     I  COEFFICIENT            ORDER EXPONENTS
     1  -.6858564264906836E-05   0   0 0  0 0  0 0  0 0
     2  0.8883623481754506E-05   1   1 0  0 0  0 0  0 0
     3  0.7832323565191935E-05   1   0 1  0 0  0 0  0 0
     4  0.7228862189110877       1   0 0  1 0  0 0  0 0
     5  0.8977815092830205       1   0 0  0 1  0 0  0 0
     6  -.1138925853160431E-04   1   0 0  0 0  0 1  0 0
     7  -.1137393140422963E-04   1   0 0  0 0  0 0  1 0
     8  0.2276318993571973E-04   1   0 0  0 0  0 0  0 1
     9  0.1452541712582096E-03   2   2 0  0 0  0 0  0 0
    10  0.2652428580347927E-03   2   1 1  0 0  0 0  0 0
    11  0.1442675981144269E-03   2   0 2  0 0  0 0  0 0
    12  0.1190326416636540       2   1 0  1 0  0 0  0 0
    13  0.1063407156628773       2   0 1  1 0  0 0  0 0
    14  -.4600791239834590E-04   2   0 0  2 0  0 0  0 0
    15  0.1076879789783110       2   1 0  0 1  0 0  0 0
    16  0.9683229900230494E-01   2   0 1  0 1  0 0  0 0
    17  -.1477570214719775E-04   2   0 0  1 1  0 0  0 0
    18  0.4975035829518672E-04   2   0 0  0 2  0 0  0 0
    19  -.4606651662091544E-05   2   1 0  0 0  0 1  0 0
    20  -.7995449577381264E-05   2   0 1  0 0  0 1  0 0
    21  0.1327784638025219       2   0 0  1 0  0 1  0 0
    22  -.3301855133046215       2   0 0  0 1  0 1  0 0
    23  -.4600452247388688E-05   2   1 0  0 0  0 0  1 0
    24  -.7984689678152529E-05   2   0 1  0 0  0 0  1 0
    25  0.1325997768035687       2   0 0  1 0  0 0  1 0
    26  -.3297411652019205       2   0 0  0 1  0 0  1 0
    27  0.9207089957294379E-05   2   1 0  0 0  0 0  0 1
    28  0.8147801889900773E-05   2   0 1  0 0  0 0  0 1
    29  -.2653782406182815       2   0 0  1 0  0 0  0 1
    30  -.2378548307888943       2   0 0  0 1  0 0  0 1
    31  0.8312982643178154E-05   2   0 0  0 0  0 2  0 0
    32  0.5244967041837619E-05   2   0 0  0 0  0 1  1 0
    33  0.8298266208161361E-05   2   0 0  0 0  0 0  2 0
    34  -.1048167396801703E-04   2   0 0  0 0  0 1  0 1
    35  -.1046756822517506E-04   2   0 0  0 0  0 0  1 1
    36  -.9069695560404654E-06   2   0 0  0 0  0 0  0 2
    37  -.2052923757238228E-02   3   3 0  0 0  0 0  0 0
    38  -.5544170372327410E-02   3   2 1  0 0  0 0  0 0
    39  -.5015447335057693E-02   3   1 2  0 0  0 0  0 0
    40  -.1515748400629674E-02   3   0 3  0 0  0 0  0 0
    41  -.9854471999520192       3   2 0  1 0  0 0  0 0
    42  -2.141377969109756       3   1 1  1 0  0 0  0 0
    43  -1.389589706677384       3   0 2  1 0  0 0  0 0
    44  0.5043193173117348E-02   3   1 0  2 0  0 0  0 0
    45  0.4504283373978221E-02   3   0 1  2 0  0 0  0 0
    46  -.1191139454835120       3   0 0  3 0  0 0  0 0
    47  -1.431581580800122       3   2 0  0 1  0 0  0 0
    48  -2.678989577203797       3   1 1  0 1  0 0  0 0
    49  -1.043409631263978       3   0 2  0 1  0 0  0 0
    50  0.9123886704707297E-02   3   1 0  1 1  0 0  0 0
    51  0.8204875314049941E-02   3   0 1  1 1  0 0  0 0
    52  -.5325924913391969       3   0 0  2 1  0 0  0 0
    53  0.4173242096791984E-02   3   1 0  0 2  0 0  0 0
    54  0.3782531535823330E-02   3   0 1  0 2  0 0  0 0
    55  -.9639867267671161       3   0 0  1 2  0 0  0 0
    56  -.7806480990068540E-01   3   0 0  0 3  0 0  0 0
    57  -.1173594510361615E-03   3   2 0  0 0  0 1  0 0
    58  -.3624858808693627E-03   3   1 1  0 0  0 1  0 0
    59  -.2665449836823671E-03   3   0 2  0 0  0 1  0 0
    60  -.5689588821657913E-01   3   1 0  1 0  0 1  0 0
    61  -.1038198416758200       3   0 1  1 0  0 1  0 0
    62  -.6892065448299254E-05   3   0 0  2 0  0 1  0 0
    63  -.1058444162870804       3   1 0  0 1  0 1  0 0
    64  -.1434279181901238       3   0 1  0 1  0 1  0 0
    65  -.3312296919957017E-05   3   0 0  1 1  0 1  0 0
    66  -.6564387894150069E-04   3   0 0  0 2  0 1  0 0
    67  -.1172015142179165E-03   3   2 0  0 0  0 0  1 0
    68  -.3619980644542568E-03   3   1 1  0 0  0 0  1 0
    69  -.2661862800051573E-03   3   0 2  0 0  0 0  1 0
    70  -.5681932041162759E-01   3   1 0  1 0  0 0  1 0
    71  -.1036801258257523       3   0 1  1 0  0 0  1 0
    72  -.6882790431430574E-05   3   0 0  2 0  0 0  1 0
    73  -.1057019758599158       3   1 0  0 1  0 0  1 0
    74  -.1432348996573471       3   0 1  0 1  0 0  1 0
    75  -.3307839386864974E-05   3   0 0  1 1  0 0  1 0
    76  -.6555553850290990E-04   3   0 0  0 2  0 0  1 0
    77  0.2343426051292305E-03   3   2 0  0 0  0 0  0 1
    78  0.4587828543144989E-03   3   1 1  0 0  0 0  0 1
    79  0.2439540715292325E-03   3   0 2  0 0  0 0  0 1
    80  0.1137153990113535       3   1 0  1 0  0 0  0 1
    81  0.1011594038470212       3   0 1  1 0  0 0  0 1
    82  0.1392670924049473E-04   3   0 0  2 0  0 0  0 1
    83  0.1038585630127488       3   1 0  0 1  0 0  0 1
    84  0.9299833754605452E-01   3   0 1  0 1  0 0  0 1
    85  0.2170968611026137E-04   3   0 0  1 1  0 0  0 1
    86  0.3186117209999960E-04   3   0 0  0 2  0 0  0 1
    87  0.3540548166649414E-05   3   1 0  0 0  0 2  0 0
    88  0.8115513275926987E-05   3   0 1  0 0  0 2  0 0
    89  -.9667223468043083E-01   3   0 0  1 0  0 2  0 0
    90  0.1904594242718819       3   0 0  0 1  0 2  0 0
    91  0.2487222059915383E-05   3   1 0  0 0  0 1  1 0
    92  0.8248202364259952E-05   3   0 1  0 0  0 1  1 0
    93  -.6066299288327534E-01   3   0 0  1 0  0 1  1 0
    94  0.5110878753260156E-01   3   0 0  0 1  0 1  1 0
    95  0.3534109870759188E-05   3   1 0  0 0  0 0  2 0
    96  0.8099041779557005E-05   3   0 1  0 0  0 0  2 0
    97  -.9650131904456513E-01   3   0 0  1 0  0 0  2 0
    98  0.1901687230559447       3   0 0  0 1  0 0  2 0
    99  -.4982696060550509E-05   3   1 0  0 0  0 1  0 1
   100  -.8505111052339400E-05   3   0 1  0 0  0 1  0 1
   101  0.1212291317028663       3   0 0  1 0  0 1  0 1
   102  0.2283434255517701       3   0 0  0 1  0 1  0 1
   103  -.4975990583018556E-05   3   1 0  0 0  0 0  1 1
   104  -.8493665274717163E-05   3   0 1  0 0  0 0  1 1
   105  0.1210659872507517       3   0 0  1 0  0 0  1 1
   106  0.2280361317311154       3   0 0  0 1  0 0  1 1
   107  0.3913124251890002E-06   3   1 0  0 0  0 0  0 2
   108  0.3858940492272888E-06   3   0 1  0 0  0 0  0 2
   109  0.1154151825795949E-01   3   0 0  1 0  0 0  0 2
   110  0.9665000682064405E-02   3   0 0  0 1  0 0  0 2
   111  -.6777899825884041E-05   3   0 0  0 0  0 3  0 0
   112  -.3709374660051823E-05   3   0 0  0 0  0 2  1 0
   113  -.3715550462152945E-05   3   0 0  0 0  0 1  2 0
   114  -.6761725174996882E-05   3   0 0  0 0  0 0  3 0
   115  0.7416409116360047E-05   3   0 0  0 0  0 2  0 1
   116  0.4359191617638046E-05   3   0 0  0 0  0 1  1 1
   117  0.7403495265127429E-05   3   0 0  0 0  0 0  2 1
   118  0.8859765933566967E-06   3   0 0  0 0  0 1  0 2
   119  0.8847842878119940E-06   3   0 0  0 0  0 0  1 2
   120  0.1440967827209548E-07   3   0 0  0 0  0 0  0 3
   121  -.9640827895648147E-03   4   4 0  0 0  0 0  0 0
   122  -.3431689580770513E-02   4   3 1  0 0  0 0  0 0
   123  -.4609414371737748E-02   4   2 2  0 0  0 0  0 0
   124  -.2630679493655954E-02   4   1 3  0 0  0 0  0 0
   125  -.4866743912174140E-03   4   0 4  0 0  0 0  0 0
   126   23.75314679456653       4   3 0  1 0  0 0  0 0
   127   64.50475286575028       4   2 1  1 0  0 0  0 0
   128   58.79897936951144       4   1 2  1 0  0 0  0 0
   129   18.04012443356139       4   0 3  1 0  0 0  0 0
   130  0.4927455300146536E-02   4   2 0  2 0  0 0  0 0
   131  0.8850606359152333E-02   4   1 1  2 0  0 0  0 0
   132  0.4001590753392438E-02   4   0 2  2 0  0 0  0 0
   133  -19.59568708960202       4   1 0  3 0  0 0  0 0
   134  -17.32670461057881       4   0 1  3 0  0 0  0 0
   135  -.9125783179505175E-03   4   0 0  4 0  0 0  0 0
   136   21.74202731315979       4   3 0  0 1  0 0  0 0
   137   59.36198151341829       4   2 1  0 1  0 0  0 0
   138   54.45503672658600       4   1 2  0 1  0 0  0 0
   139   16.82654003332235       4   0 3  0 1  0 0  0 0
   140  0.8909543822888836E-02   4   2 0  1 1  0 0  0 0
   141  0.1628321883850078E-01   4   1 1  1 1  0 0  0 0
   142  0.7296704846284400E-02   4   0 2  1 1  0 0  0 0
   143  -53.06392231170276       4   1 0  2 1  0 0  0 0
   144  -47.23479234904229       4   0 1  2 1  0 0  0 0
   145  -.3263238276468733E-02   4   0 0  3 1  0 0  0 0
   146  0.4014437912664490E-02   4   2 0  0 2  0 0  0 0
   147  0.7631036619108594E-02   4   1 1  0 2  0 0  0 0
   148  0.3578168870249686E-02   4   0 2  0 2  0 0  0 0
   149  -48.10363107321891       4   1 0  1 2  0 0  0 0
   150  -43.05345361106798       4   0 1  1 2  0 0  0 0
   151  -.4338924597290621E-02   4   0 0  2 2  0 0  0 0
   152  -14.54428599187422       4   1 0  0 3  0 0  0 0
   153  -13.07217156626069       4   0 1  0 3  0 0  0 0
   154  -.2678651229004787E-02   4   0 0  1 3  0 0  0 0
   155  -.5922948425778678E-03   4   0 0  0 4  0 0  0 0
   156  0.2725696569464801E-03   4   3 0  0 0  0 1  0 0
   157  0.3150816863109188E-02   4   2 1  0 0  0 1  0 0
   158  0.4993001014080279E-02   4   1 2  0 0  0 1  0 0
   159  0.2140366107232883E-02   4   0 3  0 0  0 1  0 0
   160   1.081601674550013       4   2 0  1 0  0 1  0 0
   161   3.373791224216456       4   1 1  1 0  0 1  0 0
   162   2.702735597097589       4   0 2  1 0  0 1  0 0
   163  -.6315793999703770E-03   4   1 0  2 0  0 1  0 0
   164  -.2599051710274897E-02   4   0 1  2 0  0 1  0 0
   165  0.1775595271735653       4   0 0  3 0  0 1  0 0
   166   1.913041505270225       4   2 0  0 1  0 1  0 0
   167   5.055588086489590       4   1 1  0 1  0 1  0 0
   168   2.901770514429317       4   0 2  0 1  0 1  0 0
   169  -.5187227915359423E-02   4   1 0  1 1  0 1  0 0
   170  -.8324917497212514E-02   4   0 1  1 1  0 1  0 0
   171  0.6554017270014284       4   0 0  2 1  0 1  0 0
   172  -.4219015995714498E-02   4   1 0  0 2  0 1  0 0
   173  -.5494734864281503E-02   4   0 1  0 2  0 1  0 0
   174   1.366409456965952       4   0 0  1 2  0 1  0 0
   175  0.3552116057444429       4   0 0  0 3  0 1  0 0
   176  0.2722028455479240E-03   4   3 0  0 0  0 0  1 0
   177  0.3146576642267667E-02   4   2 1  0 0  0 0  1 0
   178  0.4986281668627516E-02   4   1 2  0 0  0 0  1 0
   179  0.2137485703397730E-02   4   0 3  0 0  0 0  1 0
   180   1.080146105990524       4   2 0  1 0  0 0  1 0
   181   3.369250934988179       4   1 1  1 0  0 0  1 0
   182   2.699098382906533       4   0 2  1 0  0 0  1 0
   183  -.6307294501792030E-03   4   1 0  2 0  0 0  1 0
   184  -.2595554028972273E-02   4   0 1  2 0  0 0  1 0
   185  0.1773205759299849       4   0 0  3 0  0 0  1 0
   186   1.910467024170955       4   2 0  0 1  0 0  1 0
   187   5.048784514304408       4   1 1  0 1  0 0  1 0
   188   2.897865448426707       4   0 2  0 1  0 0  1 0
   189  -.5180247188496512E-02   4   1 0  1 1  0 0  1 0
   190  -.8313714215584533E-02   4   0 1  1 1  0 0  1 0
   191  0.6545197182452412       4   0 0  2 1  0 0  1 0
   192  -.4213338242822801E-02   4   1 0  0 2  0 0  1 0
   193  -.5487340309059036E-02   4   0 1  0 2  0 0  1 0
   194   1.364570607515413       4   0 0  1 2  0 0  1 0
   195  0.3547335787059748       4   0 0  0 3  0 0  1 0
   196  0.7585211726867626E-04   4   3 0  0 0  0 0  0 1
   197  0.2868228802600580E-03   4   2 1  0 0  0 0  0 1
   198  0.3430005019895441E-03   4   1 2  0 0  0 0  0 1
   199  0.1364133907053676E-03   4   0 3  0 0  0 0  0 1
   200  -2.159638228934677       4   2 0  1 0  0 0  0 1
   201  -4.597283445514995       4   1 1  1 0  0 0  0 1
   202  -2.620362111419773       4   0 2  1 0  0 0  0 1
   203  -.1681540772971043E-03   4   1 0  2 0  0 0  0 1
   204  -.1517404088084429E-03   4   0 1  2 0  0 0  0 1
   205  -.3553772891739314       4   0 0  3 0  0 0  0 1
   206  -2.389730013041385       4   2 0  0 1  0 0  0 1
   207  -4.741792201823367       4   1 1  0 1  0 0  0 1
   208  -2.666981250577989       4   0 2  0 1  0 0  0 1
   209  -.3491660456388210E-03   4   1 0  1 1  0 0  0 1
   210  -.3174334800018124E-03   4   0 1  1 1  0 0  0 1
   211  -.7788615257001298       4   0 0  2 1  0 0  0 1
   212  -.1533699396802261E-03   4   1 0  0 2  0 0  0 1
   213  -.1358574645591863E-03   4   0 1  0 2  0 0  0 1
   214  -.8045886088745522       4   0 0  1 2  0 0  0 1
   215  -.4762964099066928       4   0 0  0 3  0 0  0 1
   216  -.2027675487824567E-04   4   2 0  0 0  0 2  0 0
   217  0.1695552915227335E-03   4   1 1  0 0  0 2  0 0
   218  0.2432302412797735E-03   4   0 2  0 0  0 2  0 0
   219  0.4143344420760688E-01   4   1 0  1 0  0 2  0 0
   220  0.1022142704463634       4   0 1  1 0  0 2  0 0
   221  0.2579494573350071E-05   4   0 0  2 0  0 2  0 0
   222  0.1045020539412307       4   1 0  0 1  0 2  0 0
   223  0.1775703083574529       4   0 1  0 1  0 2  0 0
   224  -.1316894736053488E-03   4   0 0  1 1  0 2  0 0
   225  -.7973104159265305E-05   4   0 0  0 2  0 2  0 0
   226  -.2105590777028800E-04   4   2 0  0 0  0 1  1 0
   227  0.2429611774652850E-03   4   1 1  0 0  0 1  1 0
   228  0.3538717872246998E-03   4   0 2  0 0  0 1  1 0
   229  0.2588133907650256E-01   4   1 0  1 0  0 1  1 0
   230  0.1002936180569813       4   0 1  1 0  0 1  1 0
   231  0.3134090975452637E-04   4   0 0  2 0  0 1  1 0
   232  0.1030565009628693       4   1 0  0 1  0 1  1 0
   233  0.2114524818395528       4   0 1  0 1  0 1  1 0
   234  -.9203277275755180E-04   4   0 0  1 1  0 1  1 0
   235  0.1306217962190206E-04   4   0 0  0 2  0 1  1 0
   236  -.2023529935287522E-04   4   2 0  0 0  0 0  2 0
   237  0.1691636291511493E-03   4   1 1  0 0  0 0  2 0
   238  0.2426648014971884E-03   4   0 2  0 0  0 0  2 0
   239  0.4136027008789101E-01   4   1 0  1 0  0 0  2 0
   240  0.1020092300861352       4   0 1  1 0  0 0  2 0
   241  0.2554934651378214E-05   4   0 0  2 0  0 0  2 0
   242  0.1042920757109921       4   1 0  0 1  0 0  2 0
   243  0.1771890612127394       4   0 1  0 1  0 0  2 0
   244  -.1314503254339751E-03   4   0 0  1 1  0 0  2 0
   245  -.7971163564273639E-05   4   0 0  0 2  0 0  2 0
   246  -.1996943263086851E-04   4   2 0  0 0  0 1  0 1
   247  -.2621635463866317E-03   4   1 1  0 0  0 1  0 1
   248  -.2406264602988800E-03   4   0 2  0 0  0 1  0 1
   249  -.5161330341501817E-01   4   1 0  1 0  0 1  0 1
   250  -.9627875671966751E-01   4   0 1  1 0  0 1  0 1
   251  -.7971804902051510E-04   4   0 0  2 0  0 1  0 1
   252  -.1001534490579440       4   1 0  0 1  0 1  0 1
   253  -.1360161298713548       4   0 1  0 1  0 1  0 1
   254  -.3859776276313699E-04   4   0 0  1 1  0 1  0 1
   255  0.2881201609453955E-04   4   0 0  0 2  0 1  0 1
   256  -.1994255870956061E-04   4   2 0  0 0  0 0  1 1
   257  -.2618107390412446E-03   4   1 1  0 0  0 0  1 1
   258  -.2403026365489420E-03   4   0 2  0 0  0 0  1 1
   259  -.5154384466373293E-01   4   1 0  1 0  0 0  1 1
   260  -.9614918930633473E-01   4   0 1  1 0  0 0  1 1
   261  -.7961076822712480E-04   4   0 0  2 0  0 0  1 1
   262  -.1000186672662703       4   1 0  0 1  0 0  1 1
   263  -.1358330857739921       4   0 1  0 1  0 0  1 1
   264  -.3854581971305995E-04   4   0 0  1 1  0 0  1 1
   265  0.2877324224114280E-04   4   0 0  0 2  0 0  1 1
   266  0.1849374289556765E-04   4   2 0  0 0  0 0  0 2
   267  0.4776695872377085E-04   4   1 1  0 0  0 0  0 2
   268  0.2796630675430170E-04   4   0 2  0 0  0 0  0 2
   269  -.5456911097759822E-02   4   1 0  1 0  0 0  0 2
   270  -.5298469325809634E-02   4   0 1  1 0  0 0  0 2
   271  0.8097647887586886E-04   4   0 0  2 0  0 0  0 2
   272  -.3933983870674703E-02   4   1 0  0 1  0 0  0 2
   273  -.3922235196153586E-02   4   0 1  0 1  0 0  0 2
   274  0.1192663573381649E-03   4   0 0  1 1  0 0  0 2
   275  0.3971320777126882E-04   4   0 0  0 2  0 0  0 2
   276  -.5428098672334354E-05   4   1 0  0 0  0 3  0 0
   277  -.1092808184948168E-04   4   0 1  0 0  0 3  0 0
   278  0.7865715207775059E-01   4   0 0  1 0  0 3  0 0
   279  -.1218321854732435       4   0 0  0 1  0 3  0 0
   280  -.3678468888889082E-05   4   1 0  0 0  0 2  1 0
   281  -.1056325872061341E-04   4   0 1  0 0  0 2  1 0
   282  0.4264752838759742E-01   4   0 0  1 0  0 2  1 0
   283  0.1532853856755587E-01   4   0 0  0 1  0 2  1 0
   284  -.3681985997003566E-05   4   1 0  0 0  0 1  2 0
   285  -.1056396547630887E-04   4   0 1  0 0  0 1  2 0
   286  0.4272000479118219E-01   4   0 0  1 0  0 1  2 0
   287  0.1505199287659005E-01   4   0 0  0 1  0 1  2 0
   288  -.5414669535797275E-05   4   1 0  0 0  0 0  3 0
   289  -.1089892391392591E-04   4   0 1  0 0  0 0  3 0
   290  0.7846971464270094E-01   4   0 0  1 0  0 0  3 0
   291  -.1215965519335396       4   0 0  0 1  0 0  3 0
   292  0.6542452680436246E-05   4   1 0  0 0  0 2  0 1
   293  0.1158199745479318E-04   4   0 1  0 0  0 2  0 1
   294  -.8526892170397561E-01   4   0 0  1 0  0 2  0 1
   295  -.2212034617601020       4   0 0  0 1  0 2  0 1
   296  0.4842841652442612E-05   4   1 0  0 0  0 1  1 1
   297  0.1130353670041301E-04   4   0 1  0 0  0 1  1 1
   298  -.4940361396409086E-01   4   0 0  1 0  0 1  1 1
   299  -.2140804736996262       4   0 0  0 1  0 1  1 1
   300  0.6530389521990283E-05   4   1 0  0 0  0 0  2 1
   301  0.1155880506499927E-04   4   0 1  0 0  0 0  2 1
   302  -.8512092828005086E-01   4   0 0  1 0  0 0  2 1
   303  -.2207617268601025       4   0 0  0 1  0 0  2 1
   304  -.2064620147877758E-06   4   1 0  0 0  0 1  0 2
   305  -.3470610945532954E-06   4   0 1  0 0  0 1  0 2
   306  -.1126091002166840E-01   4   0 0  1 0  0 1  0 2
   307  -.1427442583266317E-01   4   0 0  0 1  0 1  0 2
   308  -.2061841679384786E-06   4   1 0  0 0  0 0  1 2
   309  -.3465940360886559E-06   4   0 1  0 0  0 0  1 2
   310  -.1124575561966958E-01   4   0 0  1 0  0 0  1 2
   311  -.1425521598310802E-01   4   0 0  0 1  0 0  1 2
   312  0.1369535440098653E-07   4   1 0  0 0  0 0  0 3
   313  0.1106754776015929E-07   4   0 1  0 0  0 0  0 3
   314  -.1923185045503706E-03   4   0 0  1 0  0 0  0 3
   315  -.1552965259739297E-03   4   0 0  0 1  0 0  0 3
   316  0.9526240284021977E-05   4   0 0  0 0  0 4  0 0
   317  0.4650770495165567E-05   4   0 0  0 0  0 3  1 0
   318  0.4004838682354309E-05   4   0 0  0 0  0 2  2 0
   319  0.4664723398294544E-05   4   0 0  0 0  0 1  3 0
   320  0.9497485623621889E-05   4   0 0  0 0  0 0  4 0
   321  -.1231947336416787E-05   4   0 0  0 0  0 3  0 1
   322  0.2092487355266134E-06   4   0 0  0 0  0 2  1 1
   323  0.2063428415768095E-06   4   0 0  0 0  0 1  2 1
   324  -.1229601101982839E-05   4   0 0  0 0  0 0  3 1
   325  -.3330107706874614E-06   4   0 0  0 0  0 2  0 2
   326  -.3909683060215958E-06   4   0 0  0 0  0 1  1 2
   327  -.3322995470279066E-06   4   0 0  0 0  0 0  2 2
   328  -.6140012344349553E-08   4   0 0  0 0  0 1  0 3
   329  -.6131749405105280E-08   4   0 0  0 0  0 0  1 3
   330  -.9137345855571381E-14   4   0 0  0 0  0 0  0 4
   ----------------------------------------------------
     I  COEFFICIENT            ORDER EXPONENTS
     1  0.1104294338516964E-03   0   0 0  0 0  0 0  0 0
     2  0.3935836925686686E-04   1   1 0  0 0  0 0  0 0
     3  0.3631268738784744E-04   1   0 1  0 0  0 0  0 0
     4  -1.228556360070130       1   0 0  1 0  0 0  0 0
     5  -.1424500571098161       1   0 0  0 1  0 0  0 0
     6  0.3219601324771678E-05   1   0 0  0 0  0 1  0 0
     7  0.3215268537043339E-05   1   0 0  0 0  0 0  1 0
     8  0.1039945639889396E-03   1   0 0  0 0  0 0  0 1
     9  0.3546707578234586E-03   2   2 0  0 0  0 0  0 0
    10  0.5733974998449209E-03   2   1 1  0 0  0 0  0 0
    11  0.2736709654022741E-03   2   0 2  0 0  0 0  0 0
    12  0.5242991835669701       2   1 0  1 0  0 0  0 0
    13  0.4820726764283612       2   0 1  1 0  0 0  0 0
    14  0.3342624378781869E-03   2   0 0  2 0  0 0  0 0
    15  0.4915871387437565       2   1 0  0 1  0 0  0 0
    16  0.4550926994805590       2   0 1  0 1  0 0  0 0
    17  0.8368140023746865E-03   2   0 0  1 1  0 0  0 0
    18  0.4334272668247609E-03   2   0 0  0 2  0 0  0 0
    19  -.1371029710145166E-05   2   1 0  0 0  0 1  0 0
    20  -.1951458995346245E-04   2   0 1  0 0  0 1  0 0
    21  -.4014685277254520E-01   2   0 0  1 0  0 1  0 0
    22  0.5374603912314093       2   0 0  0 1  0 1  0 0
    23  -.1369184642975653E-05   2   1 0  0 0  0 0  1 0
    24  -.1948832813799388E-04   2   0 1  0 0  0 0  1 0
    25  -.4009282503013979E-01   2   0 0  1 0  0 0  1 0
    26  0.5367371023665212       2   0 0  0 1  0 0  1 0
    27  0.4209847518509145E-04   2   1 0  0 0  0 0  0 1
    28  0.3900281145391370E-04   2   0 1  0 0  0 0  0 1
    29  -1.148316682330316       2   0 0  1 0  0 0  0 1
    30  -1.074197493667112       2   0 0  0 1  0 0  0 1
    31  -.2381206793329988E-05   2   0 0  0 0  0 2  0 0
    32  -.1545052741715102E-05   2   0 0  0 0  0 1  1 0
    33  -.2376962647865510E-05   2   0 0  0 0  0 0  2 0
    34  0.6307440469250952E-05   2   0 0  0 0  0 1  0 1
    35  0.6298952213126799E-05   2   0 0  0 0  0 0  1 1
    36  -.6303186039792068E-05   2   0 0  0 0  0 0  0 2
    37  -.9868421913947514E-02   3   3 0  0 0  0 0  0 0
    38  -.2767930337284986E-01   3   2 1  0 0  0 0  0 0
    39  -.2602149713835084E-01   3   1 2  0 0  0 0  0 0
    40  -.8179001484131337E-02   3   0 3  0 0  0 0  0 0
    41  -6.057623096180502       3   2 0  1 0  0 0  0 0
    42  -11.87367090433467       3   1 1  1 0  0 0  0 0
    43  -6.317711970949113       3   0 2  1 0  0 0  0 0
    44  0.2214036520005200E-01   3   1 0  2 0  0 0  0 0
    45  0.2030408764608943E-01   3   0 1  2 0  0 0  0 0
    46  -1.307242948888125       3   0 0  3 0  0 0  0 0
    47  -5.287241874152601       3   2 0  0 1  0 0  0 0
    48  -10.62058616357380       3   1 1  0 1  0 0  0 0
    49  -6.349130371866221       3   0 2  0 1  0 0  0 0
    50  0.4149474170019797E-01   3   1 0  1 1  0 0  0 0
    51  0.3828784052163187E-01   3   0 1  1 1  0 0  0 0
    52  -4.038072681829656       3   0 0  2 1  0 0  0 0
    53  0.1961590900749962E-01   3   1 0  0 2  0 0  0 0
    54  0.1822874293021970E-01   3   0 1  0 2  0 0  0 0
    55  -3.483788187896652       3   0 0  1 2  0 0  0 0
    56  -1.373515321444894       3   0 0  0 3  0 0  0 0
    57  -.2130098888319075E-03   3   2 0  0 0  0 1  0 0
    58  -.7123678749961505E-03   3   1 1  0 0  0 1  0 0
    59  -.4796182667640991E-03   3   0 2  0 0  0 1  0 0
    60  0.1896762740744944E-01   3   1 0  1 0  0 1  0 0
    61  -.2225962680778766       3   0 1  1 0  0 1  0 0
    62  -.9321907618738564E-04   3   0 0  2 0  0 1  0 0
    63  -.2320244315916114       3   1 0  0 1  0 1  0 0
    64  -.4413754436075989       3   0 1  0 1  0 1  0 0
    65  -.6178829587532148E-03   3   0 0  1 1  0 1  0 0
    66  -.5400687608624370E-03   3   0 0  0 2  0 1  0 0
    67  -.2127232301623260E-03   3   2 0  0 0  0 0  1 0
    68  -.7114092038827161E-03   3   1 1  0 0  0 0  1 0
    69  -.4789728191043134E-03   3   0 2  0 0  0 0  1 0
    70  0.1894210166839774E-01   3   1 0  1 0  0 0  1 0
    71  -.2222967085108959       3   0 1  1 0  0 0  1 0
    72  -.9309362634791526E-04   3   0 0  2 0  0 0  1 0
    73  -.2317121840465081       3   1 0  0 1  0 0  1 0
    74  -.4407814613368959       3   0 1  0 1  0 0  1 0
    75  -.6170514409871391E-03   3   0 0  1 1  0 0  1 0
    76  -.5393419617766268E-03   3   0 0  0 2  0 0  1 0
    77  0.7793605203115393E-03   3   2 0  0 0  0 0  0 1
    78  0.1421502429199855E-02   3   1 1  0 0  0 0  0 1
    79  0.6836737124764808E-03   3   0 2  0 0  0 0  0 1
    80  0.4863914426959906       3   1 0  1 0  0 0  0 1
    81  0.4448946655707362       3   0 1  1 0  0 0  0 1
    82  0.5213402130233713E-03   3   0 0  2 0  0 0  0 1
    83  0.4637383086293644       3   1 0  0 1  0 0  0 1
    84  0.4270656340830440       3   0 1  0 1  0 0  0 1
    85  0.1236618373361523E-02   3   0 0  1 1  0 0  0 1
    86  0.6469150139637409E-03   3   0 0  0 2  0 0  0 1
    87  0.1009859023527069E-05   3   1 0  0 0  0 2  0 0
    88  0.1523547685102815E-04   3   0 1  0 0  0 2  0 0
    89  0.2966981225885819E-01   3   0 0  1 0  0 2  0 0
    90  -.3862728535020716       3   0 0  0 1  0 2  0 0
    91  0.7200535451417237E-06   3   1 0  0 0  0 1  1 0
    92  0.1108311997373175E-04   3   0 1  0 0  0 1  1 0
    93  0.1922080505146318E-01   3   0 0  1 0  0 1  1 0
    94  -.2354913714176279       3   0 0  0 1  0 1  1 0
    95  0.1008015495784276E-05   3   1 0  0 0  0 0  2 0
    96  0.1520751609404963E-04   3   0 1  0 0  0 0  2 0
    97  0.2961695079701338E-01   3   0 0  1 0  0 0  2 0
    98  -.3855945691055725       3   0 0  0 1  0 0  2 0
    99  -.2852899010288383E-05   3   1 0  0 0  0 1  0 1
   100  -.2227944071344637E-04   3   0 1  0 0  0 1  0 1
   101  -.7856025400735853E-01   3   0 0  1 0  0 1  0 1
   102  0.4705769294251135       3   0 0  0 1  0 1  0 1
   103  -.2849059713252803E-05   3   1 0  0 0  0 0  1 1
   104  -.2224945809212787E-04   3   0 1  0 0  0 0  1 1
   105  -.7845453131993216E-01   3   0 0  1 0  0 0  1 1
   106  0.4699436491710156       3   0 0  0 1  0 0  1 1
   107  0.2945068501172405E-05   3   1 0  0 0  0 0  0 2
   108  0.2899771386346915E-05   3   0 1  0 0  0 0  0 2
   109  0.7850730553945204E-01   3   0 0  1 0  0 0  0 2
   110  0.6683835225185621E-01   3   0 0  0 1  0 0  0 2
   111  0.1961569608281282E-05   3   0 0  0 0  0 3  0 0
   112  0.1124849546945366E-05   3   0 0  0 0  0 2  1 0
   113  0.1126533245829885E-05   3   0 0  0 0  0 1  2 0
   114  0.1956854062597255E-05   3   0 0  0 0  0 0  3 0
   115  -.4630857720959169E-05   3   0 0  0 0  0 2  0 1
   116  -.2959812701262785E-05   3   0 0  0 0  0 1  1 1
   117  -.4622634142661949E-05   3   0 0  0 0  0 0  2 1
   118  0.2958312575692015E-05   3   0 0  0 0  0 1  0 2
   119  0.2954331418048108E-05   3   0 0  0 0  0 0  1 2
   120  0.1302961375849579E-06   3   0 0  0 0  0 0  0 3
   121  -.4350245141354646E-02   4   4 0  0 0  0 0  0 0
   122  -.1599610942383828E-01   4   3 1  0 0  0 0  0 0
   123  -.2223280555895922E-01   4   2 2  0 0  0 0  0 0
   124  -.1359689085939558E-01   4   1 3  0 0  0 0  0 0
   125  -.3084071671324028E-02   4   0 4  0 0  0 0  0 0
   126   109.6313929643310       4   3 0  1 0  0 0  0 0
   127   305.2799486472719       4   2 1  1 0  0 0  0 0
   128   284.9856808654506       4   1 2  1 0  0 0  0 0
   129   89.40813638154410       4   0 3  1 0  0 0  0 0
   130  0.2441303724266107E-01   4   2 0  2 0  0 0  0 0
   131  0.4678667874544308E-01   4   1 1  2 0  0 0  0 0
   132  0.2236946795982842E-01   4   0 2  2 0  0 0  0 0
   133  -83.66517403857200       4   1 0  3 0  0 0  0 0
   134  -76.24971305060076       4   0 1  3 0  0 0  0 0
   135  -.3718687784534043E-02   4   0 0  4 0  0 0  0 0
   136   103.4854581007174       4   3 0  0 1  0 0  0 0
   137   290.0896131339716       4   2 1  0 1  0 0  0 0
   138   272.8018683243416       4   1 2  0 1  0 0  0 0
   139   86.26510932470342       4   0 3  0 1  0 0  0 0
   140  0.4740924251537942E-01   4   2 0  1 1  0 0  0 0
   141  0.9155086233685718E-01   4   1 1  1 1  0 0  0 0
   142  0.4472848344208209E-01   4   0 2  1 1  0 0  0 0
   143  -233.2529246441211       4   1 0  2 1  0 0  0 0
   144  -214.3761600725410       4   0 1  2 1  0 0  0 0
   145  -.1303508017039051E-01   4   0 0  3 1  0 0  0 0
   146  0.2277024009644189E-01   4   2 0  0 2  0 0  0 0
   147  0.4438836614140271E-01   4   1 1  0 2  0 0  0 0
   148  0.2216865185706734E-01   4   0 2  0 2  0 0  0 0
   149  -218.7101795592965       4   1 0  1 2  0 0  0 0
   150  -202.4408249999676       4   0 1  1 2  0 0  0 0
   151  -.1724464377217893E-01   4   0 0  2 2  0 0  0 0
   152  -68.71896845943371       4   1 0  0 3  0 0  0 0
   153  -63.97553601206033       4   0 1  0 3  0 0  0 0
   154  -.9904690386237125E-02   4   0 0  1 3  0 0  0 0
   155  -.1915990979005505E-02   4   0 0  0 4  0 0  0 0
   156  -.1054539965485189E-02   4   3 0  0 0  0 1  0 0
   157  0.8743662083895598E-02   4   2 1  0 0  0 1  0 0
   158  0.1909032109306205E-01   4   1 2  0 0  0 1  0 0
   159  0.9367051488007309E-02   4   0 3  0 0  0 1  0 0
   160   3.268187394371486       4   2 0  1 0  0 1  0 0
   161   12.22898638507438       4   1 1  1 0  0 1  0 0
   162   9.276691806294574       4   0 2  1 0  0 1  0 0
   163  0.2221541295468659E-02   4   1 0  2 0  0 1  0 0
   164  -.6665357577641527E-02   4   0 1  2 0  0 1  0 0
   165  0.4128941964509472       4   0 0  3 0  0 1  0 0
   166   5.575177851577311       4   2 0  0 1  0 1  0 0
   167   16.38614559431995       4   1 1  0 1  0 1  0 0
   168   12.27128060660533       4   0 2  0 1  0 1  0 0
   169  -.1323677103537656E-01   4   1 0  1 1  0 1  0 0
   170  -.2832263289973563E-01   4   0 1  1 1  0 1  0 0
   171   3.359121450553354       4   0 0  2 1  0 1  0 0
   172  -.1434693646388278E-01   4   1 0  0 2  0 1  0 0
   173  -.2087156087819343E-01   4   0 1  0 2  0 1  0 0
   174   4.914874682334971       4   0 0  1 2  0 1  0 0
   175   2.547682766938497       4   0 0  0 3  0 1  0 0
   176  -.1053120815298388E-02   4   3 0  0 0  0 0  1 0
   177  0.8731895275537598E-02   4   2 1  0 0  0 0  1 0
   178  0.1906463023863068E-01   4   1 2  0 0  0 0  1 0
   179  0.9354445751568602E-02   4   0 3  0 0  0 0  1 0
   180   3.263789221800479       4   2 0  1 0  0 0  1 0
   181   12.21252919152952       4   1 1  1 0  0 0  1 0
   182   9.264207671657008       4   0 2  1 0  0 0  1 0
   183  0.2218551649890828E-02   4   1 0  2 0  0 0  1 0
   184  -.6656387653540962E-02   4   0 1  2 0  0 0  1 0
   185  0.4123385429003920       4   0 0  3 0  0 0  1 0
   186   5.567675039973684       4   2 0  0 1  0 0  1 0
   187   16.36409389183140       4   1 1  0 1  0 0  1 0
   188   12.25476649549039       4   0 2  0 1  0 0  1 0
   189  -.1321895761274453E-01   4   1 0  1 1  0 0  1 0
   190  -.2828451763517861E-01   4   0 1  1 1  0 0  1 0
   191   3.354600903215104       4   0 0  2 1  0 0  1 0
   192  -.1432762903293737E-01   4   1 0  0 2  0 0  1 0
   193  -.2084347291520613E-01   4   0 1  0 2  0 0  1 0
   194   4.908260475617497       4   0 0  1 2  0 0  1 0
   195   2.544254215538881       4   0 0  0 3  0 0  1 0
   196  0.3515352386049146E-03   4   3 0  0 0  0 0  0 1
   197  0.1013525928649309E-02   4   2 1  0 0  0 0  0 1
   198  0.9813613782108399E-03   4   1 2  0 0  0 0  0 1
   199  0.3412792348445560E-03   4   0 3  0 0  0 0  0 1
   200  -12.58038784498934       4   2 0  1 0  0 0  0 1
   201  -24.42157005777898       4   1 1  1 0  0 0  0 1
   202  -12.21230714225705       4   0 2  1 0  0 0  0 1
   203  -.8722535370249933E-03   4   1 0  2 0  0 0  0 1
   204  -.8723037733827526E-03   4   0 1  2 0  0 0  0 1
   205  -2.134819138955973       4   0 0  3 0  0 0  0 1
   206  -11.13252344811225       4   2 0  0 1  0 0  0 1
   207  -22.10716137948316       4   1 1  0 1  0 0  0 1
   208  -11.81547163447745       4   0 2  0 1  0 0  0 1
   209  -.1753648821563293E-02   4   1 0  1 1  0 0  0 1
   210  -.1828993775164825E-02   4   0 1  1 1  0 0  0 1
   211  -6.721350322386635       4   0 0  2 1  0 0  0 1
   212  -.8695229960065224E-03   4   1 0  0 2  0 0  0 1
   213  -.9175825886640009E-03   4   0 1  0 2  0 0  0 1
   214  -6.347720218078268       4   0 0  1 2  0 0  0 1
   215  -2.347989945363417       4   0 0  0 3  0 0  0 1
   216  -.9384140539512759E-04   4   2 0  0 0  0 2  0 0
   217  0.8338395380348365E-04   4   1 1  0 0  0 2  0 0
   218  0.1649907126695051E-03   4   0 2  0 0  0 2  0 0
   219  -.1396425799295664E-01   4   1 0  1 0  0 2  0 0
   220  0.1582983884380241       4   0 1  1 0  0 2  0 0
   221  -.9053156513399181E-04   4   0 0  2 0  0 2  0 0
   222  0.1674491338019360       4   1 0  0 1  0 2  0 0
   223  0.4318548043079510       4   0 1  0 1  0 2  0 0
   224  0.2726891877237919E-03   4   0 0  1 1  0 2  0 0
   225  0.5039691348711818E-03   4   0 0  0 2  0 2  0 0
   226  -.9403099608010697E-04   4   2 0  0 0  0 1  1 0
   227  0.1819181627825158E-03   4   1 1  0 0  0 1  1 0
   228  0.3247484846282500E-03   4   0 2  0 0  0 1  1 0
   229  -.9585278420005436E-02   4   1 0  1 0  0 1  1 0
   230  0.9321900528777090E-01   4   0 1  1 0  0 1  1 0
   231  -.8455554103933281E-04   4   0 0  2 0  0 1  1 0
   232  0.1023524047868622       4   1 0  0 1  0 1  1 0
   233  0.4212302223975751       4   0 1  0 1  0 1  1 0
   234  0.2547198398138522E-03   4   0 0  1 1  0 1  1 0
   235  0.5864862945905426E-03   4   0 0  0 2  0 1  1 0
   236  -.9365184681284046E-04   4   2 0  0 0  0 0  2 0
   237  0.8314933116322128E-04   4   1 1  0 0  0 0  2 0
   238  0.1645501603413448E-03   4   0 2  0 0  0 0  2 0
   239  -.1393901584468293E-01   4   1 0  1 0  0 0  2 0
   240  0.1580226330551807       4   0 1  1 0  0 0  2 0
   241  -.9035283658915625E-04   4   0 0  2 0  0 0  2 0
   242  0.1671549181279393       4   1 0  0 1  0 0  2 0
   243  0.4309901985742201       4   0 1  0 1  0 0  2 0
   244  0.2721508204884044E-03   4   0 0  1 1  0 0  2 0
   245  0.5028962841531551E-03   4   0 0  0 2  0 0  2 0
   246  0.2159570184681354E-03   4   2 0  0 0  0 1  0 1
   247  -.5644989081109186E-04   4   1 1  0 0  0 1  0 1
   248  -.2032542495512833E-03   4   0 2  0 0  0 1  0 1
   249  0.3830987347996739E-01   4   1 0  1 0  0 1  0 1
   250  -.1855897115884501       4   0 1  1 0  0 1  0 1
   251  0.1681749934582735E-03   4   0 0  2 0  0 1  0 1
   252  -.2041467055320169       4   1 0  0 1  0 1  0 1
   253  -.3999095769190975       4   0 1  0 1  0 1  0 1
   254  -.2672688077223821E-03   4   0 0  1 1  0 1  0 1
   255  -.4843862756914453E-03   4   0 0  0 2  0 1  0 1
   256  0.2156663936903830E-03   4   2 0  0 0  0 0  1 1
   257  -.5637392320842949E-04   4   1 1  0 0  0 0  1 1
   258  -.2029807195612785E-03   4   0 2  0 0  0 0  1 1
   259  0.3825831785771988E-01   4   1 0  1 0  0 0  1 1
   260  -.1853399537011343       4   0 1  1 0  0 0  1 1
   261  0.1679486714778903E-03   4   0 0  2 0  0 0  1 1
   262  -.2038719745168125       4   1 0  0 1  0 0  1 1
   263  -.3993713974575652       4   0 1  0 1  0 0  1 1
   264  -.2669091299568921E-03   4   0 0  1 1  0 0  1 1
   265  -.4837344114699542E-03   4   0 0  0 2  0 0  1 1
   266  -.1504610100831772E-03   4   2 0  0 0  0 0  0 2
   267  -.2856057210376743E-03   4   1 1  0 0  0 0  0 2
   268  -.1343577604877617E-03   4   0 2  0 0  0 0  0 2
   269  -.3907876734968153E-01   4   1 0  1 0  0 0  0 2
   270  -.3809592459457192E-01   4   0 1  1 0  0 0  0 2
   271  -.7043875519014096E-04   4   0 0  2 0  0 0  0 2
   272  -.2878424948118830E-01   4   1 0  0 1  0 0  0 2
   273  -.2876044752984837E-01   4   0 1  0 1  0 0  0 2
   274  -.1518873365938724E-03   4   0 0  1 1  0 0  0 2
   275  -.7808905528330864E-04   4   0 0  0 2  0 0  0 2
   276  -.3003895484217420E-05   4   1 0  0 0  0 3  0 0
   277  -.1743233442320577E-04   4   0 1  0 0  0 3  0 0
   278  -.2443112419310216E-01   4   0 0  1 0  0 3  0 0
   279  0.3109134249285602       4   0 0  0 1  0 3  0 0
   280  -.2017117880506427E-05   4   1 0  0 0  0 2  1 0
   281  -.1211917282972494E-04   4   0 1  0 0  0 2  1 0
   282  -.1397605610627361E-01   4   0 0  1 0  0 2  1 0
   283  0.1602767489528580       4   0 0  0 1  0 2  1 0
   284  -.2019101658386207E-05   4   1 0  0 0  0 1  2 0
   285  -.1212985077718781E-04   4   0 1  0 0  0 1  2 0
   286  -.1399709464411491E-01   4   0 0  1 0  0 1  2 0
   287  0.1605799839417530       4   0 0  0 1  0 1  2 0
   288  -.2996476291878688E-05   4   1 0  0 0  0 0  3 0
   289  -.1738900129170482E-04   4   0 1  0 0  0 0  3 0
   290  -.2437241533641839E-01   4   0 0  1 0  0 0  3 0
   291  0.3101781050428907       4   0 0  0 1  0 0  3 0
   292  0.3944212372033117E-05   4   1 0  0 0  0 2  0 1
   293  0.2187858291362035E-04   4   0 1  0 0  0 2  0 1
   294  0.5761454937666551E-01   4   0 0  1 0  0 2  0 1
   295  -.3204480340474092       4   0 0  0 1  0 2  0 1
   296  0.3025101009359130E-05   4   1 0  0 0  0 1  1 1
   297  0.1691927668900738E-04   4   0 1  0 0  0 1  1 1
   298  0.3673402983397247E-01   4   0 0  1 0  0 1  1 1
   299  -.1707121364855635       4   0 0  0 1  0 1  1 1
   300  0.3936868917721981E-05   4   1 0  0 0  0 0  2 1
   301  0.2183775516526113E-04   4   0 1  0 0  0 0  2 1
   302  0.5751229696832629E-01   4   0 0  1 0  0 0  2 1
   303  -.3199019220114319       4   0 0  0 1  0 0  2 1
   304  -.5039285676974781E-06   4   1 0  0 0  0 1  0 2
   305  -.1573720383985058E-05   4   0 1  0 0  0 1  0 2
   306  -.3670995685191270E-01   4   0 0  1 0  0 1  0 2
   307  -.6478481282684058E-01   4   0 0  0 1  0 1  0 2
   308  -.5032504043803682E-06   4   1 0  0 0  0 0  1 2
   309  -.1571602545259135E-05   4   0 1  0 0  0 0  1 2
   310  -.3666055432206185E-01   4   0 0  1 0  0 0  1 2
   311  -.6469762847894081E-01   4   0 0  0 1  0 0  1 2
   312  0.1187195736891213E-06   4   1 0  0 0  0 0  0 3
   313  0.9684442954301440E-07   4   0 1  0 0  0 0  0 3
   314  -.1713586378873986E-02   4   0 0  1 0  0 0  0 3
   315  -.1399289357026683E-02   4   0 0  0 1  0 0  0 3
   316  -.5114330856948969E-05   4   0 0  0 0  0 4  0 0
   317  -.2712594888845239E-05   4   0 0  0 0  0 3  1 0
   318  -.2393539977277671E-05   4   0 0  0 0  0 2  2 0
   319  -.2719467563112218E-05   4   0 0  0 0  0 1  3 0
   320  -.5098748543138273E-05   4   0 0  0 0  0 0  4 0
   321  0.5576968224816671E-05   4   0 0  0 0  0 3  0 1
   322  0.2955989037796110E-05   4   0 0  0 0  0 2  1 1
   323  0.2961264672938178E-05   4   0 0  0 0  0 1  2 1
   324  0.5563724061462614E-05   4   0 0  0 0  0 0  3 1
   325  0.3060915699175621E-06   4   0 0  0 0  0 2  0 2
   326  0.3651755215889890E-06   4   0 0  0 0  0 1  1 2
   327  0.3054339283049536E-06   4   0 0  0 0  0 0  2 2
   328  0.1747369318231400E-08   4   0 0  0 0  0 1  0 3
   329  0.1745017790953619E-08   4   0 0  0 0  0 0  1 3
   330  -.4022702104034460E-14   4   0 0  0 0  0 0  0 4
   ----------------------------------------------------
     I  COEFFICIENT            ORDER EXPONENTS
     1  0.8974899989664690E-08   0   0 0  0 0  0 0  0 0
     2  -.1509232181712620E-05   1   1 0  0 0  0 0  0 0
     3  -.2146935091027387E-05   1   0 1  0 0  0 0  0 0
     4  0.1166491018740583E-04   1   0 0  1 0  0 0  0 0
     5  -.1268125715543702E-05   1   0 0  0 1  0 0  0 0
     6   1.000000000000000       1   0 0  0 0  1 0  0 0
     7  0.2859789905167072       1   0 0  0 0  0 1  0 0
     8  -.2859789895205480       1   0 0  0 0  0 0  1 0
     9  -.9961642770589056E-09   1   0 0  0 0  0 0  0 1
    10  -.8118219133513127E-01   2   2 0  0 0  0 0  0 0
    11  -.2970303268082795       2   1 1  0 0  0 0  0 0
    12  -.4865298702858910       2   0 2  0 0  0 0  0 0
    13  -.5573162764062754E-05   2   1 0  1 0  0 0  0 0
    14  -.9553574120823387E-05   2   0 1  1 0  0 0  0 0
    15  -.6705231575506124E-01   2   0 0  2 0  0 0  0 0
    16  -.9456223654407191E-05   2   1 0  0 1  0 0  0 0
    17  -.1243637195389058E-04   2   0 1  0 1  0 0  0 0
    18  0.1712842186602658E-01   2   0 0  1 1  0 0  0 0
    19  -.2177437046207335       2   0 0  0 2  0 0  0 0
    20  0.2254779643851329E-05   2   1 0  0 0  0 1  0 0
    21  0.3858489530738049E-05   2   0 1  0 0  0 1  0 0
    22  -.1695346414979051E-04   2   0 0  1 0  0 1  0 0
    23  -.3150922180350572E-05   2   0 0  0 1  0 1  0 0
    24  0.7465802462546623E-06   2   1 0  0 0  0 0  1 0
    25  0.1712155835760679E-05   2   0 1  0 0  0 0  1 0
    26  -.5297120729211574E-05   2   0 0  1 0  0 0  1 0
    27  -.4411404254050276E-05   2   0 0  0 1  0 0  1 0
    28  -.3001387415476608E-05   2   1 0  0 0  0 0  0 1
    29  -.3423784270166408E-05   2   0 1  0 0  0 0  0 1
    30  0.2225059677796262E-04   2   0 0  1 0  0 0  0 1
    31  0.8830471310769721E-05   2   0 0  0 1  0 0  0 1
    32  -.2146286618124370       2   0 0  0 0  0 2  0 0
    33  0.1432783316816727       2   0 0  0 0  0 1  1 0
    34  0.7135032870382849E-01   2   0 0  0 0  0 0  2 0
    35  0.1426620499343803E-08   2   0 0  0 0  0 1  0 1
    36  0.4312530253863033E-09   2   0 0  0 0  0 0  1 1
    37  -.4308956846338852E-09   2   0 0  0 0  0 0  0 2
    38  0.3865161823165331E-01   3   3 0  0 0  0 0  0 0
    39  0.1399128789392378       3   2 1  0 0  0 0  0 0
    40  0.1577942694773864       3   1 2  0 0  0 0  0 0
    41  0.5702343401920938E-01   3   0 3  0 0  0 0  0 0
    42  0.2299165075533250E-03   3   2 0  1 0  0 0  0 0
    43  0.3737068557654854E-03   3   1 1  1 0  0 0  0 0
    44  0.2510260007553103E-03   3   0 2  1 0  0 0  0 0
    45  0.2618430722080622E-01   3   1 0  2 0  0 0  0 0
    46  -.6018874793862180E-02   3   0 1  2 0  0 0  0 0
    47  0.6803855819664773E-04   3   0 0  3 0  0 0  0 0
    48  0.1588316214591371E-03   3   2 0  0 1  0 0  0 0
    49  0.2431294036967277E-03   3   1 1  0 1  0 0  0 0
    50  0.1627718376933859E-03   3   0 2  0 1  0 0  0 0
    51  -.1144176833774037E-01   3   1 0  1 1  0 0  0 0
    52  -.6252022380722552E-01   3   0 1  1 1  0 0  0 0
    53  0.2404820695055814E-03   3   0 0  2 1  0 0  0 0
    54  -.3193609794860658E-01   3   1 0  0 2  0 0  0 0
    55  -.5226722238500656E-01   3   0 1  0 2  0 0  0 0
    56  0.2436538486332824E-03   3   0 0  1 2  0 0  0 0
    57  0.6680210708838779E-04   3   0 0  0 3  0 0  0 0
    58  0.1255951390364037       3   2 0  0 0  0 1  0 0
    59  0.5284702312699995       3   1 1  0 0  0 1  0 0
    60  0.8682051818613612       3   0 2  0 0  0 1  0 0
    61  0.8398977422339268E-05   3   1 0  1 0  0 1  0 0
    62  0.1705702914778023E-04   3   0 1  1 0  0 1  0 0
    63  0.9731969262706747E-01   3   0 0  2 0  0 1  0 0
    64  0.1687595683143459E-04   3   1 0  0 1  0 1  0 0
    65  0.2751117376178293E-04   3   0 1  0 1  0 1  0 0
    66  0.3237591046063016E-01   3   0 0  1 1  0 1  0 0
    67  0.3196581204154055       3   0 0  0 2  0 1  0 0
    68  0.4446237115081499E-01   3   2 0  0 0  0 0  1 0
    69  0.2315278465760022       3   1 1  0 0  0 0  1 0
    70  0.3818157017464364       3   0 2  0 0  0 0  1 0
    71  0.2818110897509642E-05   3   1 0  1 0  0 0  1 0
    72  0.7460585759114838E-05   3   0 1  1 0  0 0  1 0
    73  0.3031682056623093E-01   3   0 0  2 0  0 0  1 0
    74  0.7402194601355661E-05   3   1 0  0 1  0 0  1 0
    75  0.1501294605437141E-04   3   0 1  0 1  0 0  1 0
    76  0.4941477741352367E-01   3   0 0  1 1  0 0  1 0
    77  0.1020699391461433       3   0 0  0 2  0 0  1 0
    78  -.1700576867751977       3   2 0  0 0  0 0  0 1
    79  -.4629682677705941       3   1 1  0 0  0 0  0 1
    80  -.2769616467975968       3   0 2  0 0  0 0  0 1
    81  -.1119333866751992E-04   3   1 0  1 0  0 0  0 1
    82  -.1487603458460510E-04   3   0 1  1 0  0 0  0 1
    83  -.1276366236139945       3   0 0  2 0  0 0  0 1
    84  -.1476984468987361E-04   3   1 0  0 1  0 0  0 1
    85  -.1749842553834266E-04   3   0 1  0 1  0 0  0 1
    86  -.9891924126937858E-01   3   0 0  1 1  0 0  0 1
    87  0.1375926420527240E-01   3   0 0  0 2  0 0  0 1
    88  -.2808125570327296E-05   3   1 0  0 0  0 2  0 0
    89  -.5454005403324579E-05   3   0 1  0 0  0 2  0 0
    90  0.2066051263735126E-04   3   0 0  1 0  0 2  0 0
    91  0.8758278398294682E-05   3   0 0  0 1  0 2  0 0
    92  -.1107541510277427E-05   3   1 0  0 0  0 1  1 0
    93  -.3191862484196799E-05   3   0 1  0 0  0 1  1 0
    94  0.7421533405047137E-05   3   0 0  1 0  0 1  1 0
    95  0.1121447726317483E-04   3   0 0  0 1  0 1  1 0
    96  -.5545385454703864E-06   3   1 0  0 0  0 0  2 0
    97  -.1596374434916739E-05   3   0 1  0 0  0 0  2 0
    98  0.3717157833326020E-05   3   0 0  1 0  0 0  2 0
    99  0.5601805630621062E-05   3   0 0  0 1  0 0  2 0
   100  0.4468591238287776E-05   3   1 0  0 0  0 1  0 1
   101  0.6382573828206835E-05   3   0 1  0 0  0 1  0 1
   102  -.3179259859802935E-04   3   0 0  1 0  0 1  0 1
   103  -.2243286564627894E-04   3   0 0  0 1  0 1  0 1
   104  0.1469417657573089E-05   3   1 0  0 0  0 0  1 1
   105  0.2959628218891805E-05   3   0 1  0 0  0 0  1 1
   106  -.9560025602428099E-05   3   0 0  1 0  0 0  1 1
   107  -.1359680575914087E-04   3   0 0  0 1  0 0  1 1
   108  -.1468318318789321E-05   3   1 0  0 0  0 0  0 2
   109  -.1247398278327019E-05   3   0 1  0 0  0 0  0 2
   110  0.9552019488169117E-05   3   0 0  1 0  0 0  0 2
   111  0.9185341290421357E-05   3   0 0  0 1  0 0  0 2
   112  0.1788813487631297       3   0 0  0 0  0 3  0 0
   113  -.1073867921548810       3   0 0  0 0  0 2  1 0
   114  -.3589155493972934E-01   3   0 0  0 0  0 1  2 0
   115  -.3560303929881107E-01   3   0 0  0 0  0 0  3 0
   116  -.1838885622253162E-08   3   0 0  0 0  0 2  0 1
   117  -.2728992488610782E-10   3   0 0  0 0  0 1  1 1
   118  -.1485712842475273E-10   3   0 0  0 0  0 0  2 1
   119  0.2845281955464941E-09   3   0 0  0 0  0 1  0 2
   120  0.4831584696781845E-10   3   0 0  0 0  0 0  1 2
   121  0.3133684303251483E-10   3   0 0  0 0  0 0  0 3
   122  -.3540584963353947       4   4 0  0 0  0 0  0 0
   123  -1.863083851506797       4   3 1  0 0  0 0  0 0
   124  -4.000539079444737       4   2 2  0 0  0 0  0 0
   125  -3.954243774440967       4   1 3  0 0  0 0  0 0
   126  -1.727102626667562       4   0 4  0 0  0 0  0 0
   127  0.1742589220611449E-04   4   3 0  1 0  0 0  0 0
   128  0.1408390538117919E-02   4   2 1  1 0  0 0  0 0
   129  0.2488483631629860E-02   4   1 2  1 0  0 0  0 0
   130  0.1105327871592521E-02   4   0 3  1 0  0 0  0 0
   131  -1.517419342929054       4   2 0  2 0  0 0  0 0
   132  -2.901986189822951       4   1 1  2 0  0 0  0 0
   133  -1.866687679394927       4   0 2  2 0  0 0  0 0
   134  0.1877390513005986E-02   4   1 0  3 0  0 0  0 0
   135  0.1312464111789944E-02   4   0 1  3 0  0 0  0 0
   136  -.2677331544967850       4   0 0  4 0  0 0  0 0
   137  0.5118599624463443E-03   4   3 0  0 1  0 0  0 0
   138  0.2664947254948382E-02   4   2 1  0 1  0 0  0 0
   139  0.3570690113895956E-02   4   1 2  0 1  0 0  0 0
   140  0.1418994574422017E-02   4   0 3  0 1  0 0  0 0
   141  -2.313477828891263       4   2 0  1 1  0 0  0 0
   142  -4.023769144623206       4   1 1  1 1  0 0  0 0
   143  -2.413013838570102       4   0 2  1 1  0 0  0 0
   144  0.4112260422882033E-02   4   1 0  2 1  0 0  0 0
   145  0.2654958289230161E-02   4   0 1  2 1  0 0  0 0
   146  -.9711597422329854       4   0 0  3 1  0 0  0 0
   147  -.7149179987534742       4   2 0  0 2  0 0  0 0
   148  -1.372081506868095       4   1 1  0 2  0 0  0 0
   149  -1.297165430610417       4   0 2  0 2  0 0  0 0
   150  0.2779363969617346E-02   4   1 0  1 2  0 0  0 0
   151  0.1503430005093637E-02   4   0 1  1 2  0 0  0 0
   152  -1.270311787002769       4   0 0  2 2  0 0  0 0
   153  0.5150405665930912E-03   4   1 0  0 3  0 0  0 0
   154  0.1323956941185595E-03   4   0 1  0 3  0 0  0 0
   155  -.6238880213059057       4   0 0  1 3  0 0  0 0
   156  -.2163351252227826       4   0 0  0 4  0 0  0 0
   157  -.6208852587647268E-01   4   3 0  0 0  0 1  0 0
   158  -.2764317138175340       4   2 1  0 0  0 1  0 0
   159  -.3788766015840175       4   1 2  0 0  0 1  0 0
   160  -.1628812222958105       4   0 3  0 0  0 1  0 0
   161  0.4309198054417564E-04   4   2 0  1 0  0 1  0 0
   162  -.5034131280193191E-04   4   1 1  1 0  0 1  0 0
   163  -.1797400510558734E-03   4   0 2  1 0  0 1  0 0
   164  -.3656673690118126E-01   4   1 0  2 0  0 1  0 0
   165  -.1510928295586847E-02   4   0 1  2 0  0 1  0 0
   166  -.9774772877297309E-05   4   0 0  3 0  0 1  0 0
   167  -.6095356390961604E-04   4   2 0  0 1  0 1  0 0
   168  -.6096037929798725E-04   4   1 1  0 1  0 1  0 0
   169  -.6442049148572096E-04   4   0 2  0 1  0 1  0 0
   170  -.3694440244532574E-02   4   1 0  1 1  0 1  0 0
   171  0.1040735600096661       4   0 1  1 1  0 1  0 0
   172  -.1545688869765458E-03   4   0 0  2 1  0 1  0 0
   173  0.5372522177078112E-01   4   1 0  0 2  0 1  0 0
   174  0.1203485183715849       4   0 1  0 2  0 1  0 0
   175  -.3960154028922628E-03   4   0 0  1 2  0 1  0 0
   176  -.1819001501633214E-03   4   0 0  0 3  0 1  0 0
   177  -.2323642150215032E-01   4   3 0  0 0  0 0  1 0
   178  -.1355078121032049       4   2 1  0 0  0 0  1 0
   179  -.2195804356285167       4   1 2  0 0  0 0  1 0
   180  -.1051052032825528       4   0 3  0 0  0 0  1 0
   181  0.1891442629796260E-04   4   2 0  1 0  0 0  1 0
   182  -.1521264067451828E-03   4   1 1  1 0  0 0  1 0
   183  -.1985310206544323E-03   4   0 2  1 0  0 0  1 0
   184  -.1031418865011363E-01   4   1 0  2 0  0 0  1 0
   185  -.7152147322062770E-02   4   0 1  2 0  0 0  1 0
   186  -.1297570115007110E-04   4   0 0  3 0  0 0  1 0
   187  -.7708627264988323E-04   4   2 0  0 1  0 0  1 0
   188  -.1789428820826311E-03   4   1 1  0 1  0 0  1 0
   189  -.1385923858458765E-03   4   0 2  0 1  0 0  1 0
   190  -.1497247307802579E-01   4   1 0  1 1  0 0  1 0
   191  0.4209440203743316E-01   4   0 1  1 1  0 0  1 0
   192  -.1144981876652024E-03   4   0 0  2 1  0 0  1 0
   193  0.2189807954067025E-01   4   1 0  0 2  0 0  1 0
   194  0.6834826815005426E-01   4   0 1  0 2  0 0  1 0
   195  -.2823240087013368E-03   4   0 0  1 2  0 0  1 0
   196  -.1354375017423964E-03   4   0 0  0 3  0 0  1 0
   197  0.8505280780882885E-01   4   3 0  0 0  0 0  0 1
   198  0.2703387147426127       4   2 1  0 0  0 0  0 1
   199  0.2799989524698948       4   1 2  0 0  0 0  0 1
   200  0.9519260562673620E-01   4   0 3  0 0  0 0  0 1
   201  -.1337277700876077E-04   4   2 0  1 0  0 0  0 1
   202  -.2181745729436616E-04   4   1 1  1 0  0 0  0 1
   203  0.6057977880374100E-04   4   0 2  1 0  0 0  0 1
   204  0.4671384309107666E-01   4   1 0  2 0  0 0  0 1
   205  0.1395830841638693E-01   4   0 1  2 0  0 0  0 1
   206  0.5032226479127144E-04   4   0 0  3 0  0 0  0 1
   207  -.6779545681713633E-04   4   2 0  0 1  0 0  0 1
   208  -.1878330929487462E-03   4   1 1  0 1  0 0  0 1
   209  -.5297088743087696E-04   4   0 2  0 1  0 0  0 1
   210  0.2984930119728632E-01   4   1 0  1 1  0 0  0 1
   211  -.2212913759377372E-01   4   0 1  1 1  0 0  0 1
   212  0.1038867421114316E-03   4   0 0  2 1  0 0  0 1
   213  -.1198952277153340E-01   4   1 0  0 2  0 0  0 1
   214  -.3261846335117775E-01   4   0 1  0 2  0 0  0 1
   215  0.1095314664062282E-03   4   0 0  1 2  0 0  0 1
   216  0.5860830898821594E-04   4   0 0  0 3  0 0  0 1
   217  -.1609329844519112       4   2 0  0 0  0 2  0 0
   218  -.7471032362339456       4   1 1  0 0  0 2  0 0
   219  -1.244552280735705       4   0 2  0 0  0 2  0 0
   220  -.1401612225252653E-04   4   1 0  1 0  0 2  0 0
   221  -.3250230023816558E-04   4   0 1  1 0  0 2  0 0
   222  -.1184697526657608       4   0 0  2 0  0 2  0 0
   223  -.3274911815909013E-04   4   1 0  0 1  0 2  0 0
   224  -.5769499799768630E-04   4   0 1  0 1  0 2  0 0
   225  -.9574054464598754E-01   4   0 0  1 1  0 2  0 0
   226  -.4052334411927612       4   0 0  0 2  0 2  0 0
   227  -.7067666361565969E-01   4   2 0  0 0  0 1  1 0
   228  -.4372569669328910       4   1 1  0 0  0 1  1 0
   229  -.7526882682161928       4   0 2  0 0  0 1  1 0
   230  -.5491072671488366E-05   4   1 0  1 0  0 1  1 0
   231  -.1730427245764805E-04   4   0 1  1 0  0 1  1 0
   232  -.4234251352533822E-01   4   0 0  2 0  0 1  1 0
   233  -.1760558257965507E-04   4   1 0  0 1  0 1  1 0
   234  -.3988906627733441E-04   4   0 1  0 1  0 1  1 0
   235  -.1267244757027345       4   0 0  1 1  0 1  1 0
   236  -.1712104499454145       4   0 0  0 2  0 1  1 0
   237  -.3537513818799969E-01   4   2 0  0 0  0 0  2 0
   238  -.2186892186947753       4   1 1  0 0  0 0  2 0
   239  -.3764207778771011       4   0 2  0 0  0 0  2 0
   240  -.2766645717247616E-05   4   1 0  1 0  0 0  2 0
   241  -.8675725159266086E-05   4   0 1  1 0  0 0  2 0
   242  -.2120811950897621E-01   4   0 0  2 0  0 0  2 0
   243  -.8818950404573071E-05   4   1 0  0 1  0 0  2 0
   244  -.1994638979611748E-04   4   0 1  0 1  0 0  2 0
   245  -.6329868290187363E-01   4   0 0  1 1  0 0  2 0
   246  -.8570474106790223E-01   4   0 0  0 2  0 0  2 0
   247  0.2669215480445202       4   2 0  0 0  0 1  0 1
   248  0.8744700954149872       4   1 1  0 0  0 1  0 1
   249  0.6371497277288867       4   0 2  0 0  0 1  0 1
   250  0.1656233757532981E-04   4   1 0  1 0  0 1  0 1
   251  0.3120007602603241E-04   4   0 1  1 0  0 1  0 1
   252  0.1819794549048045       4   0 0  2 0  0 1  0 1
   253  0.3164025917327965E-04   4   1 0  0 1  0 1  0 1
   254  0.4728156434692251E-04   4   0 1  0 1  0 1  0 1
   255  0.2534891161135300       4   0 0  1 1  0 1  0 1
   256  0.2272149401952259E-01   4   0 0  0 2  0 1  0 1
   257  0.9695427306704706E-01   4   2 0  0 0  0 0  1 1
   258  0.4115565620668334       4   1 1  0 0  0 0  1 1
   259  0.3600694878076625       4   0 2  0 0  0 0  1 1
   260  0.5521690343715967E-05   4   1 0  1 0  0 0  1 1
   261  0.1385042629024642E-04   4   0 1  1 0  0 0  1 1
   262  0.5444709904134633E-01   4   0 0  2 0  0 0  1 1
   263  0.1417486651237513E-04   4   1 0  0 1  0 0  1 1
   264  0.2511365558367577E-04   4   0 1  0 1  0 0  1 1
   265  0.1545049505771537       4   0 0  1 1  0 0  1 1
   266  0.3641763322554165E-01   4   0 0  0 2  0 0  1 1
   267  -.9689971898557298E-01   4   2 0  0 0  0 0  0 2
   268  -.1800273416137271       4   1 1  0 0  0 0  0 2
   269  -.8315864326029782E-01   4   0 2  0 0  0 0  0 2
   270  -.3726185121333656E-05   4   1 0  1 0  0 0  0 2
   271  -.3420379923213906E-05   4   0 1  1 0  0 0  0 2
   272  -.5440045716479621E-01   4   0 0  2 0  0 0  0 2
   273  -.3615358460234594E-05   4   1 0  0 1  0 0  0 2
   274  -.3346825397037618E-05   4   0 1  0 1  0 0  0 2
   275  -.1050881421411513       4   0 0  1 1  0 0  0 2
   276  -.5021345631393016E-01   4   0 0  0 2  0 0  0 2
   277  -.6947840077279147E-04   4   1 0  0 0  0 3  0 0
   278  -.1636005984685355E-03   4   0 1  0 0  0 3  0 0
   279  -.3260220886251583E-04   4   0 0  1 0  0 3  0 0
   280  -.4823007441075318E-05   4   0 0  0 1  0 3  0 0
   281  -.3325233990592270E-04   4   1 0  0 0  0 2  1 0
   282  -.7673188156398472E-04   4   0 1  0 0  0 2  1 0
   283  -.1193296721436101E-04   4   0 0  1 0  0 2  1 0
   284  -.1428535869936845E-04   4   0 0  0 1  0 2  1 0
   285  -.2050701978013959E-04   4   1 0  0 0  0 1  2 0
   286  -.4711803542994695E-04   4   0 1  0 0  0 1  2 0
   287  -.6855544795314007E-05   4   0 0  1 0  0 1  2 0
   288  -.1031643442803165E-04   4   0 0  0 1  0 1  2 0
   289  -.1110202097890402E-04   4   1 0  0 0  0 0  3 0
   290  -.2562098496984807E-04   4   0 1  0 0  0 0  3 0
   291  -.3989674406065048E-05   4   0 0  1 0  0 0  3 0
   292  -.4751934820740094E-05   4   0 0  0 1  0 0  3 0
   293  0.5994035274598349E-04   4   1 0  0 0  0 2  0 1
   294  0.5100777890577435E-04   4   0 1  0 0  0 2  0 1
   295  0.3621994234418517E-04   4   0 0  1 0  0 2  0 1
   296  0.4685205761173836E-04   4   0 0  0 1  0 2  0 1
   297  0.2831369825790149E-04   4   1 0  0 0  0 1  1 1
   298  0.2535157318250713E-04   4   0 1  0 0  0 1  1 1
   299  0.1139302333582615E-04   4   0 0  1 0  0 1  1 1
   300  0.3193798531274093E-04   4   0 0  0 1  0 1  1 1
   301  0.1416850458274263E-04   4   1 0  0 0  0 0  2 1
   302  0.1268438814059345E-04   4   0 1  0 0  0 0  2 1
   303  0.5709426383017890E-05   4   0 0  1 0  0 0  2 1
   304  0.1596848128999265E-04   4   0 0  0 1  0 0  2 1
   305  -.1197499820750536E-06   4   1 0  0 0  0 1  0 2
   306  0.6600116482877650E-06   4   0 1  0 0  0 1  0 2
   307  -.5533881201690474E-05   4   0 0  1 0  0 1  0 2
   308  -.1012015664138737E-04   4   0 0  0 1  0 1  0 2
   309  -.9453905358028835E-06   4   1 0  0 0  0 0  1 2
   310  -.1283437919359926E-06   4   0 1  0 0  0 0  1 2
   311  -.8614841453693962E-06   4   0 0  1 0  0 0  1 2
   312  -.5374825988586698E-05   4   0 0  0 1  0 0  1 2
   313  -.2188863644985239E-07   4   1 0  0 0  0 0  0 3
   314  -.1215414660550448E-07   4   0 1  0 0  0 0  0 3
   315  -.7179128932181524E-06   4   0 0  1 0  0 0  0 3
   316  -.6464143885863740E-06   4   0 0  0 1  0 0  0 3
   317  -.1565302486332980       4   0 0  0 0  0 4  0 0
   318  0.8947684572478630E-01   4   0 0  0 0  0 3  1 0
   319  0.2686485713197263E-01   4   0 0  0 0  0 2  2 0
   320  0.1798162822825998E-01   4   0 0  0 0  0 1  3 0
   321  0.2220686207188481E-01   4   0 0  0 0  0 0  4 0
   322  0.2550940808562347E-08   4   0 0  0 0  0 3  0 1
   323  0.1562009176490535E-08   4   0 0  0 0  0 2  1 1
   324  0.1289846114113329E-08   4   0 0  0 0  0 1  2 1
   325  0.4542916864587452E-09   4   0 0  0 0  0 0  3 1
   326  -.3554478166171737E-09   4   0 0  0 0  0 2  0 2
   327  -.1017291801645187E-09   4   0 0  0 0  0 1  1 2
   328  -.4803870859857598E-10   4   0 0  0 0  0 0  2 2
   329  -.6075899788491776E-10   4   0 0  0 0  0 1  0 3
   330  -.2942467479690524E-10   4   0 0  0 0  0 0  1 3
   331  -.1574144842577121E-11   4   0 0  0 0  0 0  0 4
   ----------------------------------------------------
     I  COEFFICIENT            ORDER EXPONENTS
     1   1.000000000000000       1   0 0  0 0  0 1  0 0
     --------------------------------------------------
     I  COEFFICIENT            ORDER EXPONENTS
     1   1.000000000000000       1   0 0  0 0  0 0  1 0
     --------------------------------------------------
     I  COEFFICIENT            ORDER EXPONENTS
     1   1.000000000000000       1   0 0  0 0  0 0  0 1
     --------------------------------------------------
