 L    0.1145458000000000E+01
 P (  0.0000000000000000E+00,  0.0000000000000000E+00,  0.9555200000000000E-01)
 A (  0.0000000000000000E+00,  0.0000000000000000E+00,  0.0000000000000000E+00)
     I  COEFFICIENT            ORDER EXPONENTS
     1  0.9423348883775638E-04   0   0 0  0 0  0 0  0 0
     2   1.355876536505650       1   1 0  0 0  0 0  0 0
     3   1.461735892187950       1   0 1  0 0  0 0  0 0
     4  0.1060319963224805E-04   1   0 0  1 0  0 0  0 0
     5  0.9305768618831637E-05   1   0 0  0 1  0 0  0 0
     6  -.7354468850301995E-06   1   0 0  0 0  0 1  0 0
     7  -.7344571552727920E-06   1   0 0  0 0  0 0  1 0
     8  0.1469904041717935E-05   1   0 0  0 0  0 0  0 1
     9  -.8417661040274428E-01   2   2 0  0 0  0 0  0 0
    10  -.1506595434533544       2   1 1  0 0  0 0  0 0
    11  -.6778833178019854E-01   2   0 2  0 0  0 0  0 0
    12  0.3277218564564921E-03   2   1 0  1 0  0 0  0 0
    13  0.9239273651684275E-04   2   0 1  1 0  0 0  0 0
    14  0.6920724267586852E-01   2   0 0  2 0  0 0  0 0
    15  0.3022010387615323E-03   2   1 0  0 1  0 0  0 0
    16  0.1188120684652645E-03   2   0 1  0 1  0 0  0 0
    17  0.1237457368155848       2   0 0  1 1  0 0  0 0
    18  0.5573550826543489E-01   2   0 0  0 2  0 0  0 0
    19  -.1867258161491270       2   1 0  0 0  0 1  0 0
    20  -.8968416609315074       2   0 1  0 0  0 1  0 0
    21  -.5646359923743738E-05   2   0 0  1 0  0 1  0 0
    22  -.9636586863156460E-05   2   0 0  0 1  0 1  0 0
    23  -.1864745293458370       2   1 0  0 0  0 0  1 0
    24  -.8956347336909097       2   0 1  0 0  0 0  1 0
    25  -.5638761318662112E-05   2   0 0  1 0  0 0  1 0
    26  -.9623618398712645E-05   2   0 0  0 1  0 0  1 0
    27  0.3732003455133339       2   1 0  0 0  0 0  0 1
    28  0.3307405024533000       2   0 1  0 0  0 0  0 1
    29  0.1128510690128886E-04   2   0 0  1 0  0 0  0 1
    30  0.9954422966932881E-05   2   0 0  0 1  0 0  0 1
    31  0.4839450342787478E-06   2   0 0  0 0  0 2  0 0
    32  0.2331327960754251E-06   2   0 0  0 0  0 1  1 0
    33  0.4831368941581017E-06   2   0 0  0 0  0 0  2 0
    34  -.4656306517453520E-06   2   0 0  0 0  0 1  0 1
    35  -.4650040279586912E-06   2   0 0  0 0  0 0  1 1
    36  -.2696313963279233E-06   2   0 0  0 0  0 0  0 2
    37  0.3524969441197891       3   3 0  0 0  0 0  0 0
    38   2.497838630425805       3   2 1  0 0  0 0  0 0
    39   4.047236304406542       3   1 2  0 0  0 0  0 0
    40   2.608585948444077       3   0 3  0 0  0 0  0 0
    41  -.7066639488112507E-02   3   2 0  1 0  0 0  0 0
    42  -.1256619278261186E-01   3   1 1  1 0  0 0  0 0
    43  -.5601697693020010E-02   3   0 2  1 0  0 0  0 0
    44  -.7846716034579415       3   1 0  2 0  0 0  0 0
    45  0.2386250639975507       3   0 1  2 0  0 0  0 0
    46  0.1909192985394683E-02   3   0 0  3 0  0 0  0 0
    47  -.6379019257472675E-02   3   2 0  0 1  0 0  0 0
    48  -.1142583010284099E-01   3   1 1  0 1  0 0  0 0
    49  -.5126121752744925E-02   3   0 2  0 1  0 0  0 0
    50  -1.986846408247106       3   1 0  1 1  0 0  0 0
    51  -.4191584262701914       3   0 1  1 1  0 0  0 0
    52  0.5125187247628900E-02   3   0 0  2 1  0 0  0 0
    53  -.7748254747251548       3   1 0  0 2  0 0  0 0
    54  0.5047496328965402       3   0 1  0 2  0 0  0 0
    55  0.4628762716235296E-02   3   0 0  1 2  0 0  0 0
    56  0.1411277294613609E-02   3   0 0  0 3  0 0  0 0
    57  0.4820169896577379E-01   3   2 0  0 0  0 1  0 0
    58  0.1614816401147766       3   1 1  0 0  0 1  0 0
    59  0.1064714949794232       3   0 2  0 0  0 1  0 0
    60  -.2162258936485391E-03   3   1 0  1 0  0 1  0 0
    61  -.1243300755764910E-03   3   0 1  1 0  0 1  0 0
    62  -.3304881780430441E-01   3   0 0  2 0  0 1  0 0
    63  -.3729008207922031E-03   3   1 0  0 1  0 1  0 0
    64  -.2294639043274232E-03   3   0 1  0 1  0 1  0 0
    65  -.1207753937269913       3   0 0  1 1  0 1  0 0
    66  -.8220780496960850E-01   3   0 0  0 2  0 1  0 0
    67  0.4813683139097313E-01   3   2 0  0 0  0 0  1 0
    68  0.1612643257338763       3   1 1  0 0  0 0  1 0
    69  0.1063282106593076       3   0 2  0 0  0 0  1 0
    70  -.2159349070312404E-03   3   1 0  1 0  0 0  1 0
    71  -.1241627580202538E-03   3   0 1  1 0  0 0  1 0
    72  -.3300434226284019E-01   3   0 0  2 0  0 0  1 0
    73  -.3723989884417880E-03   3   1 0  0 1  0 0  1 0
    74  -.2291551026192388E-03   3   0 1  0 1  0 0  1 0
    75  -.1206128598940606       3   0 0  1 1  0 0  1 0
    76  -.8209717358000004E-01   3   0 0  0 2  0 0  1 0
    77  -.9633868759582175E-01   3   2 0  0 0  0 0  0 1
    78  -.1720866764088495       3   1 1  0 0  0 0  0 1
    79  -.7722314339010637E-01   3   0 2  0 0  0 0  0 1
    80  0.4317028717695647E-03   3   1 0  1 0  0 0  0 1
    81  0.1556254907806733E-03   3   0 1  1 0  0 0  0 1
    82  0.6605326980481346E-01   3   0 0  2 0  0 0  0 1
    83  0.4426233917427446E-03   3   1 0  0 1  0 0  0 1
    84  0.2205002108444563E-03   3   0 1  0 1  0 0  0 1
    85  0.1176426885071393       3   0 0  1 1  0 0  0 1
    86  0.5283402783589749E-01   3   0 0  0 2  0 0  0 1
    87  0.1444325824637542       3   1 0  0 0  0 2  0 0
    88  0.7589643163428736       3   0 1  0 0  0 2  0 0
    89  0.4420818712534946E-05   3   0 0  1 0  0 2  0 0
    90  0.9911130579477350E-05   3   0 0  0 1  0 2  0 0
    91  0.1022529012037580       3   1 0  0 0  0 1  1 0
    92  0.6214565958588805       3   0 1  0 0  0 1  1 0
    93  0.3158541281456055E-05   3   0 0  1 0  0 1  1 0
    94  0.1013492656803731E-04   3   0 0  0 1  0 1  1 0
    95  0.1441694083334324       3   1 0  0 0  0 0  2 0
    96  0.7575247744354532       3   0 1  0 0  0 0  2 0
    97  0.4412744075122479E-05   3   0 0  1 0  0 0  2 0
    98  0.9890973093790834E-05   3   0 0  0 1  0 0  2 0
    99  -.2043924834265234       3   1 0  0 0  0 1  0 1
   100  -.3457025150296238       3   0 1  0 0  0 1  0 1
   101  -.6281381426512892E-05   3   0 0  1 0  0 1  0 1
   102  -.1055079802915843E-04   3   0 0  0 1  0 1  0 1
   103  -.2041174216550133       3   1 0  0 0  0 0  1 1
   104  -.3452372848772934       3   0 1  0 0  0 0  1 1
   105  -.6272928239420377E-05   3   0 0  1 0  0 0  1 1
   106  -.1053659926241270E-04   3   0 0  0 1  0 0  1 1
   107  0.1765484545158916E-01   3   1 0  0 0  0 0  0 2
   108  0.1472947445183547E-01   3   0 1  0 0  0 0  0 2
   109  0.5975839555795286E-06   3   0 0  1 0  0 0  0 2
   110  0.5603513449999485E-06   3   0 0  0 1  0 0  0 2
   111  -.3572205875991516E-06   3   0 0  0 0  0 3  0 0
   112  -.1040277571167783E-06   3   0 0  0 0  0 2  1 0
   113  -.1045378890855687E-06   3   0 0  0 0  0 1  2 0
   114  -.3564295883783091E-06   3   0 0  0 0  0 0  3 0
   115  0.2076585838138264E-06   3   0 0  0 0  0 2  0 1
   116  -.4952841991786230E-07   3   0 0  0 0  0 1  1 1
   117  0.2074124531298198E-06   3   0 0  0 0  0 0  2 1
   118  0.2827127363834378E-06   3   0 0  0 0  0 1  0 2
   119  0.2823322749065945E-06   3   0 0  0 0  0 0  1 2
   120  -.8609463778098587E-08   3   0 0  0 0  0 0  0 3
   121  -8.586632962894804       4   4 0  0 0  0 0  0 0
   122  -31.55938399384302       4   3 1  0 0  0 0  0 0
   123  -43.80501360154489       4   2 2  0 0  0 0  0 0
   124  -27.27890822512255       4   1 3  0 0  0 0  0 0
   125  -6.443008104616396       4   0 4  0 0  0 0  0 0
   126  -.4828219537605737E-02   4   3 0  1 0  0 0  0 0
   127  -.1271223550076375E-01   4   2 1  1 0  0 0  0 0
   128  -.1149853741678370E-01   4   1 2  1 0  0 0  0 0
   129  -.3588829533943318E-02   4   0 3  1 0  0 0  0 0
   130   41.21409954683820       4   2 0  2 0  0 0  0 0
   131   73.26402254309313       4   1 1  2 0  0 0  0 0
   132   32.84862131386683       4   0 2  2 0  0 0  0 0
   133  0.3786295631899368E-02   4   1 0  3 0  0 0  0 0
   134  0.3470700916812791E-02   4   0 1  3 0  0 0  0 0
   135  -5.631542459753012       4   0 0  4 0  0 0  0 0
   136  -.4495338185744878E-02   4   3 0  0 1  0 0  0 0
   137  -.1177367377265608E-01   4   2 1  0 1  0 0  0 0
   138  -.1024081325147678E-01   4   1 2  0 1  0 0  0 0
   139  -.2971835124318939E-02   4   0 3  0 1  0 0  0 0
   140   74.89479755435207       4   2 0  1 1  0 0  0 0
   141   134.1107726734725       4   1 1  1 1  0 0  0 0
   142   60.62138493190776       4   0 2  1 1  0 0  0 0
   143  0.9797414352345355E-02   4   1 0  2 1  0 0  0 0
   144  0.8848159507392072E-02   4   0 1  2 1  0 0  0 0
   145  -19.95321927985205       4   0 0  3 1  0 0  0 0
   146   34.17145368799032       4   2 0  0 2  0 0  0 0
   147   61.56319438920795       4   1 1  0 2  0 0  0 0
   148   28.02038005895209       4   0 2  0 2  0 0  0 0
   149  0.8512373237778537E-02   4   1 0  1 2  0 0  0 0
   150  0.7560566116772385E-02   4   0 1  1 2  0 0  0 0
   151  -26.67591307490946       4   0 0  2 2  0 0  0 0
   152  0.2727348506369647E-02   4   1 0  0 3  0 0  0 0
   153  0.2372371753900876E-02   4   0 1  0 3  0 0  0 0
   154  -15.88900147143478       4   0 0  1 3  0 0  0 0
   155  -3.543906867507707       4   0 0  0 4  0 0  0 0
   156  -.5457833440431586       4   3 0  0 0  0 1  0 0
   157  -3.933729721817385       4   2 1  0 0  0 1  0 0
   158  -7.771986444942090       4   1 2  0 0  0 1  0 0
   159  -5.571771884024431       4   0 3  0 0  0 1  0 0
   160  0.9532132027210821E-03   4   2 0  1 0  0 1  0 0
   161  0.7247114352149931E-02   4   1 1  1 0  0 1  0 0
   162  0.5649399381985153E-02   4   0 2  1 0  0 1  0 0
   163  0.6315454778343452       4   1 0  2 0  0 1  0 0
   164  -.1159300161589913       4   0 1  2 0  0 1  0 0
   165  -.2809755288648418E-03   4   0 0  3 0  0 1  0 0
   166  0.3638219993088817E-02   4   2 0  0 1  0 1  0 0
   167  0.1149057328789192E-01   4   1 1  0 1  0 1  0 0
   168  0.7331939941709548E-02   4   0 2  0 1  0 1  0 0
   169   2.722826891919003       4   1 0  1 1  0 1  0 0
   170   1.138028551005006       4   0 1  1 1  0 1  0 0
   171  -.3068873666317697E-02   4   0 0  2 1  0 1  0 0
   172   1.611405277187508       4   1 0  0 2  0 1  0 0
   173  -.3851577842057414       4   0 1  0 2  0 1  0 0
   174  -.4848351876751840E-02   4   0 0  1 2  0 1  0 0
   175  -.2111917332693424E-02   4   0 0  0 3  0 1  0 0
   176  -.5450488545406134       4   3 0  0 0  0 0  1 0
   177  -3.928435893747996       4   2 1  0 0  0 0  1 0
   178  -7.761527271865496       4   1 2  0 0  0 0  1 0
   179  -5.564273656011418       4   0 3  0 0  0 0  1 0
   180  0.9519304133162429E-03   4   2 0  1 0  0 0  1 0
   181  0.7237361527199478E-02   4   1 1  1 0  0 0  1 0
   182  0.5641796686543851E-02   4   0 2  1 0  0 0  1 0
   183  0.6306955736939874       4   1 0  2 0  0 0  1 0
   184  -.1157740030068334       4   0 1  2 0  0 0  1 0
   185  -.2805974052400134E-03   4   0 0  3 0  0 0  1 0
   186  0.3633323848085487E-02   4   2 0  0 1  0 0  1 0
   187  0.1147510981589303E-01   4   1 1  0 1  0 0  1 0
   188  0.7322072962478356E-02   4   0 2  0 1  0 0  1 0
   189   2.719162639810248       4   1 0  1 1  0 0  1 0
   190   1.136497045814495       4   0 1  1 1  0 0  1 0
   191  -.3064743720768572E-02   4   0 0  2 1  0 0  1 0
   192   1.609236723908370       4   1 0  0 2  0 0  1 0
   193  -.3846394570116149       4   0 1  0 2  0 0  1 0
   194  -.4841827193291017E-02   4   0 0  1 2  0 0  1 0
   195  -.2109075213878300E-02   4   0 0  0 3  0 0  1 0
   196   1.089706674593288       4   3 0  0 0  0 0  0 1
   197   5.360799314418174       4   2 1  0 0  0 0  0 1
   198   7.435337438571154       4   1 2  0 0  0 0  0 1
   199   3.308985232558671       4   0 3  0 0  0 0  0 1
   200  0.3150193808688842E-03   4   2 0  1 0  0 0  0 1
   201  0.7319099233017874E-03   4   1 1  1 0  0 0  0 1
   202  0.4310455319152411E-03   4   0 2  1 0  0 0  0 1
   203  -1.260009481319035       4   1 0  2 0  0 0  0 1
   204  -.4622007444827714E-02   4   0 1  2 0  0 0  0 1
   205  -.3094466358404916E-04   4   0 0  3 0  0 0  0 1
   206  0.3826433191505295E-03   4   2 0  0 1  0 0  0 1
   207  0.8341483046753989E-03   4   1 1  0 1  0 0  0 1
   208  0.4709614831516821E-03   4   0 2  0 1  0 0  0 1
   209  -3.450528254539697       4   1 0  1 1  0 0  0 1
   210  -1.431431272673000       4   0 1  1 1  0 0  0 1
   211  -.8793604248958160E-04   4   0 0  2 1  0 0  0 1
   212  -1.668597525854722       4   1 0  0 2  0 0  0 1
   213  -.7419634865219051       4   0 1  0 2  0 0  0 1
   214  -.6990708807940791E-04   4   0 0  1 2  0 0  0 1
   215  -.8316940402856606E-05   4   0 0  0 3  0 0  0 1
   216  -.4000588606407042E-01   4   2 0  0 0  0 2  0 0
   217  -.1714436410049200       4   1 1  0 0  0 2  0 0
   218  -.1392145026204086       4   0 2  0 0  0 2  0 0
   219  0.1662503798101776E-04   4   1 0  1 0  0 2  0 0
   220  0.1012152728205712E-03   4   0 1  1 0  0 2  0 0
   221  0.2378990299781900E-01   4   0 0  2 0  0 2  0 0
   222  0.3336580629848296E-03   4   1 0  0 1  0 2  0 0
   223  0.4016075498220816E-03   4   0 1  0 1  0 2  0 0
   224  0.1182231154360089       4   0 0  1 1  0 2  0 0
   225  0.1011334605040202       4   0 0  0 2  0 2  0 0
   226  -.3130394912497343E-01   4   2 0  0 0  0 1  1 0
   227  -.1801188233999919       4   1 1  0 0  0 1  1 0
   228  -.1709202323646902       4   0 2  0 0  0 1  1 0
   229  -.1887792456307188E-04   4   1 0  1 0  0 1  1 0
   230  0.1132119871421411E-03   4   0 1  1 0  0 1  1 0
   231  0.1485340252413421E-01   4   0 0  2 0  0 1  1 0
   232  0.3893363866815958E-03   4   1 0  0 1  0 1  1 0
   233  0.5212070972728479E-03   4   0 1  0 1  0 1  1 0
   234  0.1161206979224892       4   0 0  1 1  0 1  1 0
   235  0.1202556708133930       4   0 0  0 2  0 1  1 0
   236  -.3993098433830310E-01   4   2 0  0 0  0 0  2 0
   237  -.1710917225208013       4   1 1  0 0  0 0  2 0
   238  -.1389121461069716       4   0 2  0 0  0 0  2 0
   239  0.1661536729909920E-04   4   1 0  1 0  0 0  2 0
   240  0.1010028843981453E-03   4   0 1  1 0  0 0  2 0
   241  0.2374789316299357E-01   4   0 0  2 0  0 0  2 0
   242  0.3329470664082262E-03   4   1 0  0 1  0 0  2 0
   243  0.4007163773346166E-03   4   0 1  0 1  0 0  2 0
   244  0.1179858814575749       4   0 0  1 1  0 0  2 0
   245  0.1009164426519651       4   0 0  0 2  0 0  2 0
   246  0.6196469951029873E-01   4   2 0  0 0  0 1  0 1
   247  0.1967891038542907       4   1 1  0 0  0 1  0 1
   248  0.1269284226217123       4   0 2  0 0  0 1  0 1
   249  0.3094376128152652E-04   4   1 0  1 0  0 1  0 1
   250  -.2071350822705555E-04   4   0 1  1 0  0 1  0 1
   251  -.2995734169024820E-01   4   0 0  2 0  0 1  0 1
   252  -.2813925988864664E-03   4   1 0  0 1  0 1  0 1
   253  -.2500348069120722E-03   4   0 1  0 1  0 1  0 1
   254  -.1118318379308753       4   0 0  1 1  0 1  0 1
   255  -.7652368406059076E-01   4   0 0  0 2  0 1  0 1
   256  0.6188131033799342E-01   4   2 0  0 0  0 0  1 1
   257  0.1965242743526738       4   1 1  0 0  0 0  1 1
   258  0.1267576083324778       4   0 2  0 0  0 0  1 1
   259  0.3090211862592284E-04   4   1 0  1 0  0 0  1 1
   260  -.2068563296387720E-04   4   0 1  1 0  0 0  1 1
   261  -.2991702651164207E-01   4   0 0  2 0  0 0  1 1
   262  -.2810139139884588E-03   4   1 0  0 1  0 0  1 1
   263  -.2496983218526621E-03   4   0 1  0 1  0 0  1 1
   264  -.1116813399138400       4   0 0  1 1  0 0  1 1
   265  -.7642070209301838E-01   4   0 0  0 2  0 0  1 1
   266  -.1311278350873240E-01   4   2 0  0 0  0 0  0 2
   267  -.2307325174192068E-01   4   1 1  0 0  0 0  0 2
   268  -.1014620878031506E-01   4   0 2  0 0  0 0  0 2
   269  -.1065386579414357E-03   4   1 0  1 0  0 0  0 2
   270  -.1121709386286022E-03   4   0 1  1 0  0 0  0 2
   271  -.2797931718516565E-02   4   0 0  2 0  0 0  0 2
   272  -.7500607496476819E-04   4   1 0  0 1  0 0  0 2
   273  -.8338280160163881E-04   4   0 1  0 1  0 0  0 2
   274  -.5469842896061046E-02   4   0 0  1 1  0 0  0 2
   275  -.2620039118024079E-02   4   0 0  0 2  0 0  0 2
   276  -.1233452637901218       4   1 0  0 0  0 3  0 0
   277  -.6919541175506814       4   0 1  0 0  0 3  0 0
   278  -.6274238206790963E-05   4   0 0  1 0  0 3  0 0
   279  -.1296957458604762E-04   4   0 0  0 1  0 3  0 0
   280  -.8119279414210703E-01   4   1 0  0 0  0 2  1 0
   281  -.5580124773366933       4   0 1  0 0  0 2  1 0
   282  -.4133235141476284E-05   4   0 0  1 0  0 2  1 0
   283  -.1258365579607985E-04   4   0 0  0 1  0 2  1 0
   284  -.8127754927591330E-01   4   1 0  0 0  0 1  2 0
   285  -.5582809761110382       4   0 1  0 0  0 1  2 0
   286  -.4137539988662541E-05   4   0 0  1 0  0 1  2 0
   287  -.1258439959022205E-04   4   0 0  0 1  0 1  2 0
   288  -.1230417163802109       4   1 0  0 0  0 0  3 0
   289  -.6901823513803871       4   0 1  0 0  0 0  3 0
   290  -.6258795439626977E-05   4   0 0  1 0  0 0  3 0
   291  -.1293493798784625E-04   4   0 0  0 1  0 0  3 0
   292  0.1623541249822330       4   1 0  0 0  0 2  0 1
   293  0.3569708707225168       4   0 1  0 0  0 2  0 1
   294  0.7504243364711194E-05   4   0 0  1 0  0 2  0 1
   295  0.1377225493746195E-04   4   0 0  0 1  0 2  0 1
   296  0.1204251730130617       4   1 0  0 0  0 1  1 1
   297  0.3682048660042992       4   0 1  0 0  0 1  1 1
   298  0.5392913473813406E-05   4   0 0  1 0  0 1  1 1
   299  0.1346125747526353E-04   4   0 0  0 1  0 1  1 1
   300  0.1620546051911169       4   1 0  0 0  0 0  2 1
   301  0.3562427197702658       4   0 1  0 0  0 0  2 1
   302  0.7490515743321959E-05   4   0 0  1 0  0 0  2 1
   303  0.1374466312287946E-04   4   0 0  0 1  0 0  2 1
   304  -.1816905087403172E-01   4   1 0  0 0  0 1  0 2
   305  -.2251398431985608E-01   4   0 1  0 0  0 1  0 2
   306  -.1698712854386835E-06   4   0 0  1 0  0 1  0 2
   307  -.3978415655349745E-06   4   0 0  0 1  0 1  0 2
   308  -.1814459982164355E-01   4   1 0  0 0  0 0  1 2
   309  -.2248368606080611E-01   4   0 1  0 0  0 0  1 2
   310  -.1696426806685088E-06   4   0 0  1 0  0 0  1 2
   311  -.3973061691057125E-06   4   0 0  0 1  0 0  1 2
   312  0.3343961969201005E-03   4   1 0  0 0  0 0  0 3
   313  0.2695243941830965E-03   4   0 1  0 0  0 0  0 3
   314  0.2194989030412052E-07   4   0 0  1 0  0 0  0 3
   315  0.1771655988697558E-07   4   0 0  0 1  0 0  0 3
   316  -.3009817364999129E-04   4   0 0  0 0  0 4  0 0
   317  -.1938200315307318E-04   4   0 0  0 0  0 3  1 0
   318  -.1796067920095099E-04   4   0 0  0 0  0 2  2 0
   319  -.1941263196876302E-04   4   0 0  0 0  0 1  3 0
   320  -.3000417552961509E-04   4   0 0  0 0  0 0  4 0
   321  0.5006729899968148E-05   4   0 0  0 0  0 3  0 1
   322  0.5194246169593260E-05   4   0 0  0 0  0 2  1 1
   323  0.5193854042592503E-05   4   0 0  0 0  0 1  2 1
   324  0.4993132792031307E-05   4   0 0  0 0  0 0  3 1
   325  -.2300362623270492E-06   4   0 0  0 0  0 2  0 2
   326  -.2842012743142883E-06   4   0 0  0 0  0 1  1 2
   327  -.2295354581148568E-06   4   0 0  0 0  0 0  2 2
   328  0.3650970260275752E-08   4   0 0  0 0  0 1  0 3
   329  0.3646056956563739E-08   4   0 0  0 0  0 0  1 3
   330  -.1125314603266656E-14   4   0 0  0 0  0 0  0 4
   ----------------------------------------------------
     I  COEFFICIENT            ORDER EXPONENTS
     1  0.2684949245306469E-04   0   0 0  0 0  0 0  0 0
     2   1.654560834471603       1   1 0  0 0  0 0  0 0
     3   2.521270090231040       1   0 1  0 0  0 0  0 0
     4  0.4728779626513711E-04   1   0 0  1 0  0 0  0 0
     5  0.4339739094395529E-04   1   0 0  0 1  0 0  0 0
     6  0.6288853986669942E-06   1   0 0  0 0  0 1  0 0
     7  0.6280390743358399E-06   1   0 0  0 0  0 0  1 0
     8  0.2559256798580466E-04   1   0 0  0 0  0 0  0 1
     9  -.4053410149978130       2   2 0  0 0  0 0  0 0
    10  -.7447687398466228       2   1 1  0 0  0 0  0 0
    11  -.3441027291441749       2   0 2  0 0  0 0  0 0
    12  0.1298704253288337E-02   2   1 0  1 0  0 0  0 0
    13  0.9031257722060121E-03   2   0 1  1 0  0 0  0 0
    14  0.3088200671496467       2   0 0  2 0  0 0  0 0
    15  0.1094770919454379E-02   2   1 0  0 1  0 0  0 0
    16  0.7629873249462069E-03   2   0 1  0 1  0 0  0 0
    17  0.5679421194520611       2   0 0  1 1  0 0  0 0
    18  0.2634438686368447       2   0 0  0 2  0 0  0 0
    19  -.6054847805313994E-01   2   1 0  0 0  0 1  0 0
    20  -.8124624370093344       2   0 1  0 0  0 1  0 0
    21  -.1875936570108329E-05   2   0 0  1 0  0 1  0 0
    22  -.2354416505702944E-04   2   0 0  0 1  0 1  0 0
    23  -.6046699476492692E-01   2   1 0  0 0  0 0  1 0
    24  -.8113690633516355       2   0 1  0 0  0 0  1 0
    25  -.1873412023082108E-05   2   0 0  1 0  0 0  1 0
    26  -.2351248042929373E-04   2   0 0  0 1  0 0  1 0
    27   1.775576307387356       2   1 0  0 0  0 0  0 1
    28   1.623831500462373       2   0 1  0 0  0 0  0 1
    29  0.5103704195953945E-04   2   0 0  1 0  0 0  0 1
    30  0.4705654555264884E-04   2   0 0  0 1  0 0  0 1
    31  -.4884096754616744E-06   2   0 0  0 0  0 2  0 0
    32  -.3483083585156166E-06   2   0 0  0 0  0 1  1 0
    33  -.4875180282507168E-06   2   0 0  0 0  0 0  2 0
    34  0.1325124371099174E-05   2   0 0  0 0  0 1  0 1
    35  0.1323341081171280E-05   2   0 0  0 0  0 0  1 1
    36  -.1324231751893317E-05   2   0 0  0 0  0 0  0 2
    37  -3.674354965649737       3   3 0  0 0  0 0  0 0
    38  -10.80441303129358       3   2 1  0 0  0 0  0 0
    39  -11.35612282243502       3   1 2  0 0  0 0  0 0
    40  -3.406983171600976       3   0 3  0 0  0 0  0 0
    41  -.3416928332682821E-01   3   2 0  1 0  0 0  0 0
    42  -.6263063369812262E-01   3   1 1  1 0  0 0  0 0
    43  -.2886624770176100E-01   3   0 2  1 0  0 0  0 0
    44  -6.643012816653242       3   1 0  2 0  0 0  0 0
    45  -5.412972279541749       3   0 1  2 0  0 0  0 0
    46  0.8476557249139515E-02   3   0 0  3 0  0 0  0 0
    47  -.3210888039907332E-01   3   2 0  0 1  0 0  0 0
    48  -.5936684923332172E-01   3   1 1  0 1  0 0  0 0
    49  -.2757301819703799E-01   3   0 2  0 1  0 0  0 0
    50  -13.76189014826621       3   1 0  1 1  0 0  0 0
    51  -11.65627832760430       3   0 1  1 1  0 0  0 0
    52  0.2335134064685530E-01   3   0 0  2 1  0 0  0 0
    53  -6.072048140908151       3   1 0  0 2  0 0  0 0
    54  -4.490776069809354       3   0 1  0 2  0 0  0 0
    55  0.2164253541859423E-01   3   0 0  1 2  0 0  0 0
    56  0.6770671260390236E-02   3   0 0  0 3  0 0  0 0
    57  0.4156461372645329E-01   3   2 0  0 0  0 1  0 0
    58  0.4469159214798299       3   1 1  0 0  0 1  0 0
    59  0.3775045766536266       3   0 2  0 0  0 1  0 0
    60  -.6071627751970551E-03   3   1 0  1 0  0 1  0 0
    61  -.9463841078782966E-03   3   0 1  1 0  0 1  0 0
    62  0.8393745413299042E-02   3   0 0  2 0  0 1  0 0
    63  -.1162493439052498E-02   3   1 0  0 1  0 1  0 0
    64  -.1282792559084221E-02   3   0 1  0 1  0 1  0 0
    65  -.2670928101340113       3   0 0  1 1  0 1  0 0
    66  -.2551934538789871       3   0 0  0 2  0 1  0 0
    67  0.4150867802817269E-01   3   2 0  0 0  0 0  1 0
    68  0.4463144830951199       3   1 1  0 0  0 0  1 0
    69  0.3769965487855403       3   0 2  0 0  0 0  1 0
    70  -.6063456841487850E-03   3   1 0  1 0  0 0  1 0
    71  -.9451105087474526E-03   3   0 1  1 0  0 0  1 0
    72  0.8382449506305381E-02   3   0 0  2 0  0 0  1 0
    73  -.1160929010168639E-02   3   1 0  0 1  0 0  1 0
    74  -.1281066237314126E-02   3   0 1  0 1  0 0  1 0
    75  -.2667333692177812       3   0 0  1 1  0 0  1 0
    76  -.2548500265556076       3   0 0  0 2  0 0  1 0
    77  -.4884157538479185       3   2 0  0 0  0 0  0 1
    78  -.8932328206826421       3   1 1  0 0  0 0  0 1
    79  -.4103993980830764       3   0 2  0 0  0 0  0 1
    80  0.2509914726813785E-02   3   1 0  1 0  0 0  0 1
    81  0.1889100000927428E-02   3   0 1  1 0  0 0  0 1
    82  0.2920449343936108       3   0 0  2 0  0 0  0 1
    83  0.2320934706429788E-02   3   1 0  0 1  0 0  0 1
    84  0.1798255346515655E-02   3   0 1  0 1  0 0  0 1
    85  0.5338279600024644       3   0 0  1 1  0 0  0 1
    86  0.2466003484991752       3   0 0  0 2  0 0  0 1
    87  0.4615136859907062E-01   3   1 0  0 0  0 2  0 0
    88  0.6354965982075017       3   0 1  0 0  0 2  0 0
    89  0.1318248842717882E-05   3   0 0  1 0  0 2  0 0
    90  0.1848293090232367E-04   3   0 0  0 1  0 2  0 0
    91  0.3179272355260489E-01   3   1 0  0 0  0 1  1 0
    92  0.4590054599960955       3   0 1  0 0  0 1  1 0
    93  0.7704474484719612E-06   3   0 0  1 0  0 1  1 0
    94  0.1343915950468044E-04   3   0 0  0 1  0 1  1 0
    95  0.4606786768773937E-01   3   1 0  0 0  0 0  2 0
    96  0.6343325228776087       3   0 1  0 0  0 0  2 0
    97  0.1315956389620400E-05   3   0 0  1 0  0 0  2 0
    98  0.1844901455123712E-04   3   0 0  0 1  0 0  2 0
    99  -.1240951326400279       3   1 0  0 0  0 1  0 1
   100  -.9175359633324413       3   0 1  0 0  0 1  0 1
   101  -.3459286028667059E-05   3   0 0  1 0  0 1  0 1
   102  -.2688337911437012E-04   3   0 0  0 1  0 1  0 1
   103  -.1239281312589234       3   1 0  0 0  0 0  1 1
   104  -.9163011866749625       3   0 1  0 0  0 0  1 1
   105  -.3454630684560197E-05   3   0 0  1 0  0 0  1 1
   106  -.2684720072972780E-04   3   0 0  0 1  0 0  1 1
   107  0.1240114476968616       3   1 0  0 0  0 0  0 2
   108  0.1050026792702340       3   0 1  0 0  0 0  0 2
   109  0.3487003757299493E-05   3   0 0  1 0  0 0  0 2
   110  0.3366854277519327E-05   3   0 0  0 1  0 0  0 2
   111  0.4178275418325240E-06   3   0 0  0 0  0 3  0 0
   112  0.2775909384389617E-06   3   0 0  0 0  0 2  1 0
   113  0.2778728890959283E-06   3   0 0  0 0  0 1  2 0
   114  0.4167975703852226E-06   3   0 0  0 0  0 0  3 0
   115  -.1044491061699566E-05   3   0 0  0 0  0 2  0 1
   116  -.7649281793902721E-06   3   0 0  0 0  0 1  1 1
   117  -.1042570732707081E-05   3   0 0  0 0  0 0  2 1
   118  0.7652189022846258E-06   3   0 0  0 0  0 1  0 2
   119  0.7641891067494211E-06   3   0 0  0 0  0 0  1 2
   120  -.6847165258513207E-07   3   0 0  0 0  0 0  0 3
   121  -40.03616981196568       4   4 0  0 0  0 0  0 0
   122  -148.3198205364026       4   3 1  0 0  0 0  0 0
   123  -206.9988583872108       4   2 2  0 0  0 0  0 0
   124  -129.3345067958118       4   1 3  0 0  0 0  0 0
   125  -30.59934804086689       4   0 4  0 0  0 0  0 0
   126  -.2233924648801865E-01   4   3 0  1 0  0 0  0 0
   127  -.6045121826669747E-01   4   2 1  1 0  0 0  0 0
   128  -.5486955151033236E-01   4   1 2  1 0  0 0  0 0
   129  -.1620245348124800E-01   4   0 3  1 0  0 0  0 0
   130   191.3610100567617       4   2 0  2 0  0 0  0 0
   131   348.1674568939771       4   1 1  2 0  0 0  0 0
   132   159.3157242208588       4   0 2  2 0  0 0  0 0
   133  0.1908986649646190E-01   4   1 0  3 0  0 0  0 0
   134  0.1818367618044171E-01   4   0 1  3 0  0 0  0 0
   135  -24.66217070119272       4   0 0  4 0  0 0  0 0
   136  -.2088245572199662E-01   4   3 0  0 1  0 0  0 0
   137  -.5705199462916207E-01   4   2 1  0 1  0 0  0 0
   138  -.5168656920032667E-01   4   1 2  0 1  0 0  0 0
   139  -.1520502832052064E-01   4   0 3  0 1  0 0  0 0
   140   356.9040062625984       4   2 0  1 1  0 0  0 0
   141   653.9518399412224       4   1 1  1 1  0 0  0 0
   142   301.5946001766143       4   0 2  1 1  0 0  0 0
   143  0.5452646464970230E-01   4   1 0  2 1  0 0  0 0
   144  0.5215010190565627E-01   4   0 1  2 1  0 0  0 0
   145  -89.88189456070924       4   0 0  3 1  0 0  0 0
   146   167.4662049439395       4   2 0  0 2  0 0  0 0
   147   308.6141673194298       4   1 1  0 2  0 0  0 0
   148   143.2528388381155       4   0 2  0 2  0 0  0 0
   149  0.5203043948350641E-01   4   1 0  1 2  0 0  0 0
   150  0.5026885283173272E-01   4   0 1  1 2  0 0  0 0
   151  -123.9456233353422       4   0 0  2 2  0 0  0 0
   152  0.1718456298063840E-01   4   1 0  0 3  0 0  0 0
   153  0.1669844418723898E-01   4   0 1  0 3  0 0  0 0
   154  -76.37326742789429       4   0 0  1 3  0 0  0 0
   155  -17.67911898837335       4   0 0  0 4  0 0  0 0
   156   2.481822385001893       4   3 0  0 0  0 1  0 0
   157   12.59814329313677       4   2 1  0 0  0 1  0 0
   158   18.31351524215950       4   1 2  0 0  0 1  0 0
   159   7.326823510398144       4   0 3  0 0  0 1  0 0
   160  -.3195190713904955E-02   4   2 0  1 0  0 1  0 0
   161  0.2116391359675241E-01   4   1 1  1 0  0 1  0 0
   162  0.2205172607430523E-01   4   0 2  1 0  0 1  0 0
   163   2.801412698458865       4   1 0  2 0  0 1  0 0
   164   4.873827136916880       4   0 1  2 0  0 1  0 0
   165  0.7481573409840295E-03   4   0 0  3 0  0 1  0 0
   166  0.1052101625715901E-01   4   2 0  0 1  0 1  0 0
   167  0.4474981205430616E-01   4   1 1  0 1  0 1  0 0
   168  0.3238720438390348E-01   4   0 2  0 1  0 1  0 0
   169   12.95403280493152       4   1 0  1 1  0 1  0 0
   170   16.62182214201482       4   0 1  1 1  0 1  0 0
   171  -.7918317335620357E-02   4   0 0  2 1  0 1  0 0
   172   9.186304147934980       4   1 0  0 2  0 1  0 0
   173   9.351334004443673       4   0 1  0 2  0 1  0 0
   174  -.1642433371243562E-01   4   0 0  1 2  0 1  0 0
   175  -.7945404864816591E-02   4   0 0  0 3  0 1  0 0
   176   2.478482465400420       4   3 0  0 0  0 0  1 0
   177   12.58118930562287       4   2 1  0 0  0 0  1 0
   178   18.28886977643277       4   1 2  0 0  0 0  1 0
   179   7.316963416619111       4   0 3  0 0  0 0  1 0
   180  -.3190890776826300E-02   4   2 0  1 0  0 0  1 0
   181  0.2113543219925460E-01   4   1 1  1 0  0 0  1 0
   182  0.2202204990061630E-01   4   0 2  1 0  0 0  1 0
   183   2.797642689275290       4   1 0  2 0  0 0  1 0
   184   4.867268170051535       4   0 1  2 0  0 0  1 0
   185  0.7471505060939664E-03   4   0 0  3 0  0 0  1 0
   186  0.1050685756931844E-01   4   2 0  0 1  0 0  1 0
   187  0.4468958986622903E-01   4   1 1  0 1  0 0  1 0
   188  0.3234361921059969E-01   4   0 2  0 1  0 0  1 0
   189   12.93659987808507       4   1 0  1 1  0 0  1 0
   190   16.59945327713545       4   0 1  1 1  0 0  1 0
   191  -.7907661237327446E-02   4   0 0  2 1  0 0  1 0
   192   9.173941652748208       4   1 0  0 2  0 0  1 0
   193   9.338749419853595       4   0 1  0 2  0 0  1 0
   194  -.1640223061817747E-01   4   0 0  1 2  0 0  1 0
   195  -.7934712313403480E-02   4   0 0  0 3  0 0  1 0
   196  -8.639144917524037       4   3 0  0 0  0 0  0 1
   197  -25.19362847859248       4   2 1  0 0  0 0  0 1
   198  -25.26157320234254       4   1 2  0 0  0 0  0 1
   199  -7.835323773056595       4   0 3  0 0  0 0  0 1
   200  0.5365719620375112E-03   4   2 0  1 0  0 0  0 1
   201  0.1082553735666090E-02   4   1 1  1 0  0 0  0 1
   202  0.5486873029707265E-03   4   0 2  1 0  0 0  0 1
   203  -12.23134873833893       4   1 0  2 0  0 0  0 1
   204  -9.730111319348620       4   0 1  2 0  0 0  0 1
   205  -.3186349336062518E-03   4   0 0  3 0  0 0  0 1
   206  0.5449246367429437E-03   4   2 0  0 1  0 0  0 1
   207  0.9812771960173755E-03   4   1 1  0 1  0 0  0 1
   208  0.4749011466468324E-03   4   0 2  0 1  0 0  0 1
   209  -25.86765861231892       4   1 0  1 1  0 0  0 1
   210  -21.54113018560540       4   0 1  1 1  0 0  0 1
   211  -.9741918412315501E-03   4   0 0  2 1  0 0  0 1
   212  -12.27578540570025       4   1 0  0 2  0 0  0 1
   213  -9.695507316736361       4   0 1  0 2  0 0  0 1
   214  -.9726576518954067E-03   4   0 0  1 2  0 0  0 1
   215  -.2914907260133521E-03   4   0 0  0 3  0 0  0 1
   216  -.3212555103839247E-01   4   2 0  0 0  0 2  0 0
   217  -.3730546762203372       4   1 1  0 0  0 2  0 0
   218  -.4023935676004896       4   0 2  0 0  0 2  0 0
   219  -.2414195277375933E-03   4   1 0  1 0  0 2  0 0
   220  0.3004010471052655E-03   4   0 1  1 0  0 2  0 0
   221  -.5652729757135230E-02   4   0 0  2 0  0 2  0 0
   222  0.5351399876822845E-03   4   1 0  0 1  0 2  0 0
   223  0.1076874340031150E-02   4   0 1  0 1  0 2  0 0
   224  0.1930985063933416       4   0 0  1 1  0 2  0 0
   225  0.2494715355025098       4   0 0  0 2  0 2  0 0
   226  -.2332734849493473E-01   4   2 0  0 0  0 1  1 0
   227  -.3012349927702431       4   1 1  0 0  0 1  1 0
   228  -.4282983719642925       4   0 2  0 0  0 1  1 0
   229  -.2912826630633731E-03   4   1 0  1 0  0 1  1 0
   230  0.3761735902066023E-03   4   0 1  1 0  0 1  1 0
   231  -.2831126507685674E-02   4   0 0  2 0  0 1  1 0
   232  0.6237147245989946E-03   4   1 0  0 1  0 1  1 0
   233  0.1507381150884783E-02   4   0 1  0 1  0 1  1 0
   234  0.1192683992132730       4   0 0  1 1  0 1  1 0
   235  0.2437453281241325       4   0 0  0 2  0 1  1 0
   236  -.3206662156271713E-01   4   2 0  0 0  0 0  2 0
   237  -.3723499428902587       4   1 1  0 0  0 0  2 0
   238  -.4015638534193711       4   0 2  0 0  0 0  2 0
   239  -.2408986394747349E-03   4   1 0  1 0  0 0  2 0
   240  0.2997436631888559E-03   4   0 1  1 0  0 0  2 0
   241  -.5643217581518321E-02   4   0 0  2 0  0 0  2 0
   242  0.5340001385662810E-03   4   1 0  0 1  0 0  2 0
   243  0.1074410852039510E-02   4   0 1  0 1  0 0  2 0
   244  0.1927583906284863       4   0 0  1 1  0 0  2 0
   245  0.2489717979795817       4   0 0  0 2  0 0  2 0
   246  0.8840380197217663E-01   4   2 0  0 0  0 1  0 1
   247  0.6035970196425509       4   1 1  0 0  0 1  0 1
   248  0.4801281048177818       4   0 2  0 0  0 1  0 1
   249  0.3882773352691866E-03   4   1 0  1 0  0 1  0 1
   250  -.5090332598807242E-03   4   0 1  1 0  0 1  0 1
   251  0.1412703197381023E-01   4   0 0  2 0  0 1  0 1
   252  -.7611748388431865E-03   4   1 0  0 1  0 1  0 1
   253  -.1356550148523375E-02   4   0 1  0 1  0 1  0 1
   254  -.2379489537183022       4   0 0  1 1  0 1  0 1
   255  -.2321687555044908       4   0 0  0 2  0 1  0 1
   256  0.8828483230181058E-01   4   2 0  0 0  0 0  1 1
   257  0.6027847272200605       4   1 1  0 0  0 0  1 1
   258  0.4794819710419728       4   0 2  0 0  0 0  1 1
   259  0.3877548099302580E-03   4   1 0  1 0  0 0  1 1
   260  -.5083482269094830E-03   4   0 1  1 0  0 0  1 1
   261  0.1410802047996392E-01   4   0 0  2 0  0 0  1 1
   262  -.7601504856179988E-03   4   1 0  0 1  0 0  1 1
   263  -.1354724567265486E-02   4   0 1  0 1  0 0  1 1
   264  -.2376287332305341       4   0 0  1 1  0 0  1 1
   265  -.2318563137350672       4   0 0  0 2  0 0  1 1
   266  -.8916970069847224E-01   4   2 0  0 0  0 0  0 2
   267  -.1589094005078382       4   1 1  0 0  0 0  0 2
   268  -.7076380808529051E-01   4   0 2  0 0  0 0  0 2
   269  -.3143165787945884E-05   4   1 0  1 0  0 0  0 2
   270  -.1766731688301445E-04   4   0 1  1 0  0 0  0 2
   271  -.1410757673702215E-01   4   0 0  2 0  0 0  0 2
   272  -.2932649957379051E-05   4   1 0  0 1  0 0  0 2
   273  -.1448266162318698E-04   4   0 1  0 1  0 0  0 2
   274  -.2936717905134450E-01   4   0 0  1 1  0 0  0 2
   275  -.1473341713380204E-01   4   0 0  0 2  0 0  0 2
   276  -.3897584799595057E-01   4   1 0  0 0  0 3  0 0
   277  -.5473985105099564       4   0 1  0 0  0 3  0 0
   278  -.2688632249407342E-05   4   0 0  1 0  0 3  0 0
   279  -.2016761806331542E-04   4   0 0  0 1  0 3  0 0
   280  -.2460405653824307E-01   4   1 0  0 0  0 2  1 0
   281  -.3712863131222133       4   0 1  0 0  0 2  1 0
   282  -.1379932272207924E-05   4   0 0  1 0  0 2  1 0
   283  -.1363931843811212E-04   4   0 0  0 1  0 2  1 0
   284  -.2463296197681934E-01   4   1 0  0 0  0 1  2 0
   285  -.3716403313155001       4   0 1  0 0  0 1  2 0
   286  -.1382566748462120E-05   4   0 0  1 0  0 1  2 0
   287  -.1365244186819233E-04   4   0 0  0 1  0 1  2 0
   288  -.3888063704412811E-01   4   1 0  0 0  0 0  3 0
   289  -.5460440228989992       4   0 1  0 0  0 0  3 0
   290  -.2682277626483143E-05   4   0 0  1 0  0 0  3 0
   291  -.2011774191777963E-04   4   0 0  0 1  0 0  3 0
   292  0.9534811085379359E-01   4   1 0  0 0  0 2  0 1
   293  0.7424468085341580       4   0 1  0 0  0 2  0 1
   294  0.3192749488167828E-05   4   0 0  1 0  0 2  0 1
   295  0.2500981508515280E-04   4   0 0  0 1  0 2  0 1
   296  0.6665638945525552E-01   4   1 0  0 0  0 1  1 1
   297  0.5678050233834860       4   0 1  0 0  0 1  1 1
   298  0.1801810340860916E-05   4   0 0  1 0  0 1  1 1
   299  0.1875322041803274E-04   4   0 0  0 1  0 1  1 1
   300  0.9517494434604591E-01   4   1 0  0 0  0 0  2 1
   301  0.7410655959891660       4   0 1  0 0  0 0  2 1
   302  0.3187240440655559E-05   4   0 0  1 0  0 0  2 1
   303  0.2496353945456799E-04   4   0 0  0 1  0 0  2 1
   304  -.6660450914672011E-01   4   1 0  0 0  0 1  0 2
   305  -.1087857518880665       4   0 1  0 0  0 1  0 2
   306  -.1354314925689801E-06   4   0 0  1 0  0 1  0 2
   307  -.1474501662934364E-05   4   0 0  0 1  0 1  0 2
   308  -.6651487593727357E-01   4   1 0  0 0  0 0  1 2
   309  -.1086393531500716       4   0 1  0 0  0 0  1 2
   310  -.1352492352489856E-06   4   0 0  1 0  0 0  1 2
   311  -.1472517348087281E-05   4   0 0  0 1  0 0  1 2
   312  0.3033587578254819E-02   4   1 0  0 0  0 0  0 3
   313  0.2471114109097089E-02   4   0 1  0 0  0 0  0 3
   314  0.2001145430367160E-06   4   0 0  1 0  0 0  0 3
   315  0.1639610034452230E-06   4   0 0  0 1  0 0  0 3
   316  -.2098924140820515E-04   4   0 0  0 0  0 4  0 0
   317  -.1292011760780781E-04   4   0 0  0 0  0 3  1 0
   318  -.1184942247507939E-04   4   0 0  0 0  0 2  2 0
   319  -.1294318886725019E-04   4   0 0  0 0  0 1  3 0
   320  -.2092409120199820E-04   4   0 0  0 0  0 0  4 0
   321  0.2516324886792684E-04   4   0 0  0 0  0 3  0 1
   322  0.1683650779974000E-04   4   0 0  0 0  0 2  1 1
   323  0.1685324804541298E-04   4   0 0  0 0  0 1  2 1
   324  0.2510113998348116E-04   4   0 0  0 0  0 0  3 1
   325  -.1355969927344654E-05   4   0 0  0 0  0 2  0 2
   326  -.1636508178133509E-05   4   0 0  0 0  0 1  1 2
   327  -.1353043959131027E-05   4   0 0  0 0  0 0  2 2
   328  0.8243844814561169E-08   4   0 0  0 0  0 1  0 3
   329  0.8232750636728659E-08   4   0 0  0 0  0 0  1 3
   330  0.2247786490633546E-13   4   0 0  0 0  0 0  0 4
   ----------------------------------------------------
     I  COEFFICIENT            ORDER EXPONENTS
     1  -.2960764252886957E-05   0   0 0  0 0  0 0  0 0
     2  0.1048307013896147E-04   1   1 0  0 0  0 0  0 0
     3  0.9248871705722210E-05   1   0 1  0 0  0 0  0 0
     4  0.6774734618350164       1   0 0  1 0  0 0  0 0
     5  0.8570585741370705       1   0 0  0 1  0 0  0 0
     6  -.1317021723055092E-04   1   0 0  0 0  0 1  0 0
     7  -.1315249337289288E-04   1   0 0  0 0  0 0  1 0
     8  0.2632271060331763E-04   1   0 0  0 0  0 0  0 1
     9  0.1888963937483563E-03   2   2 0  0 0  0 0  0 0
    10  0.3510807513215720E-03   2   1 1  0 0  0 0  0 0
    11  0.1896993562336377E-03   2   0 2  0 0  0 0  0 0
    12  0.1384733360285479       2   1 0  1 0  0 0  0 0
    13  0.1236222967736322       2   0 1  1 0  0 0  0 0
    14  -.4093057553422376E-04   2   0 0  2 0  0 0  0 0
    15  0.1254744301215918       2   1 0  0 1  0 0  0 0
    16  0.1127475698166055       2   0 1  0 1  0 0  0 0
    17  -.8034414883188674E-05   2   0 0  1 1  0 0  0 0
    18  0.5570499191512075E-04   2   0 0  0 2  0 0  0 0
    19  -.5483200157767053E-05   2   1 0  0 0  0 1  0 0
    20  -.9487472563902217E-05   2   0 1  0 0  0 1  0 0
    21  0.1533467616670527       2   0 0  1 0  0 1  0 0
    22  -.2912387002713109       2   0 0  0 1  0 1  0 0
    23  -.5475821125409021E-05   2   1 0  0 0  0 0  1 0
    24  -.9474704770454820E-05   2   0 1  0 0  0 0  1 0
    25  0.1531403948221839       2   0 0  1 0  0 0  1 0
    26  -.2908467649540903       2   0 0  0 1  0 0  1 0
    27  0.1095900494324438E-04   2   1 0  0 0  0 0  0 1
    28  0.9713289480921395E-05   2   0 1  0 0  0 0  0 1
    29  -.3064871565031386       2   0 0  1 0  0 0  0 1
    30  -.2749731089258179       2   0 0  0 1  0 0  0 1
    31  0.9565917202582209E-05   2   0 0  0 0  0 2  0 0
    32  0.5971296079208926E-05   2   0 0  0 0  0 1  1 0
    33  0.9549025897581164E-05   2   0 0  0 0  0 0  2 0
    34  -.1193291557902205E-04   2   0 0  0 0  0 1  0 1
    35  -.1191685682361464E-04   2   0 0  0 0  0 0  1 1
    36  -.1236464211934188E-05   2   0 0  0 0  0 0  0 2
    37  -.2436979549185640E-02   3   3 0  0 0  0 0  0 0
    38  -.6582871459500548E-02   3   2 1  0 0  0 0  0 0
    39  -.5955330772210944E-02   3   1 2  0 0  0 0  0 0
    40  -.1799535024364816E-02   3   0 3  0 0  0 0  0 0
    41  -1.398932389813340       3   2 0  1 0  0 0  0 0
    42  -3.017229245988789       3   1 1  1 0  0 0  0 0
    43  -1.882108338026453       3   0 2  1 0  0 0  0 0
    44  0.5770697932225169E-02   3   1 0  2 0  0 0  0 0
    45  0.5143204868215073E-02   3   0 1  2 0  0 0  0 0
    46  -.1906181332619743       3   0 0  3 0  0 0  0 0
    47  -1.878128228321195       3   2 0  0 1  0 0  0 0
    48  -3.567902646579289       3   1 1  0 1  0 0  0 0
    49  -1.538616131472071       3   0 2  0 1  0 0  0 0
    50  0.1044516059988399E-01   3   1 0  1 1  0 0  0 0
    51  0.9373003628924216E-02   3   0 1  1 1  0 0  0 0
    52  -.6846607226202170       3   0 0  2 1  0 0  0 0
    53  0.4781453144105688E-02   3   1 0  0 2  0 0  0 0
    54  0.4324689430429967E-02   3   0 1  0 2  0 0  0 0
    55  -1.108954738746777       3   0 0  1 2  0 0  0 0
    56  -.1587500891819989       3   0 0  0 3  0 0  0 0
    57  -.1600675115451520E-03   3   2 0  0 0  0 1  0 0
    58  -.4916785952196105E-03   3   1 1  0 0  0 1  0 0
    59  -.3563603296761116E-03   3   0 2  0 0  0 1  0 0
    60  -.6557674565204094E-01   3   1 0  1 0  0 1  0 0
    61  -.1201038365483618       3   0 1  1 0  0 1  0 0
    62  -.2663719047972374E-04   3   0 0  2 0  0 1  0 0
    63  -.1228822826244912       3   1 0  0 1  0 1  0 0
    64  -.1665650234035851       3   0 1  0 1  0 1  0 0
    65  -.2968223552896686E-04   3   0 0  1 1  0 1  0 0
    66  -.7786809095636140E-04   3   0 0  0 2  0 1  0 0
    67  -.1598521002318350E-03   3   2 0  0 0  0 0  1 0
    68  -.4910169173381733E-03   3   1 1  0 0  0 0  1 0
    69  -.3558807567391139E-03   3   0 2  0 0  0 0  1 0
    70  -.6548849555826741E-01   3   1 0  1 0  0 0  1 0
    71  -.1199422064654328       3   0 1  1 0  0 0  1 0
    72  -.2660134340414318E-04   3   0 0  2 0  0 0  1 0
    73  -.1227169134397765       3   1 0  0 1  0 0  1 0
    74  -.1663408680450263       3   0 1  0 1  0 0  1 0
    75  -.2964229057526662E-04   3   0 0  1 1  0 0  1 0
    76  -.7776329974934787E-04   3   0 0  0 2  0 0  1 0
    77  0.3196582461897275E-03   3   2 0  0 0  0 0  0 1
    78  0.6310675697151389E-03   3   1 1  0 0  0 0  0 1
    79  0.3325542083862259E-03   3   0 2  0 0  0 0  0 1
    80  0.1310654597113853       3   1 0  1 0  0 0  0 1
    81  0.1164239209125866       3   0 1  1 0  0 0  0 1
    82  0.5341185705172780E-04   3   0 0  2 0  0 0  0 1
    83  0.1201249385394091       3   1 0  0 1  0 0  0 1
    84  0.1074108877964992       3   0 1  0 1  0 0  0 1
    85  0.6771722724769995E-04   3   0 0  1 1  0 0  0 1
    86  0.4440698026849286E-04   3   0 0  0 2  0 0  0 1
    87  0.4234957542629401E-05   3   1 0  0 0  0 2  0 0
    88  0.9658031685454673E-05   3   0 1  0 0  0 2  0 0
    89  -.1110469356082532       3   0 0  1 0  0 2  0 0
    90  0.1528424701207816       3   0 0  0 1  0 2  0 0
    91  0.3004336341639642E-05   3   1 0  0 0  0 1  1 0
    92  0.9848164225959110E-05   3   0 1  0 0  0 1  1 0
    93  -.6886073600610507E-01   3   0 0  1 0  0 1  1 0
    94  0.1481817588976109E-01   3   0 0  0 1  0 1  1 0
    95  0.4227236789323420E-05   3   1 0  0 0  0 0  2 0
    96  0.9638407763881307E-05   3   0 1  0 0  0 0  2 0
    97  -.1108511591091608       3   0 0  1 0  0 0  2 0
    98  0.1526268111263313       3   0 0  0 1  0 0  2 0
    99  -.6021482421966227E-05   3   1 0  0 0  0 1  0 1
   100  -.1022504353004471E-04   3   0 1  0 0  0 1  0 1
   101  0.1376079971158049       3   0 0  1 0  0 1  0 1
   102  0.2619743433180954       3   0 0  0 1  0 1  0 1
   103  -.6013378994705409E-05   3   1 0  0 0  0 0  1 1
   104  -.1021128314835160E-04   3   0 1  0 0  0 0  1 1
   105  0.1374228107585269       3   0 0  1 0  0 0  1 1
   106  0.2616217905932812       3   0 0  0 1  0 0  1 1
   107  0.5598971640655464E-06   3   1 0  0 0  0 0  0 2
   108  0.5478909310984104E-06   3   0 1  0 0  0 0  0 2
   109  0.1572812707335362E-01   3   0 0  1 0  0 0  0 2
   110  0.1317498478396200E-01   3   0 0  0 1  0 0  0 2
   111  -.7768118391170142E-05   3   0 0  0 0  0 3  0 0
   112  -.4174450394852280E-05   3   0 0  0 0  0 2  1 0
   113  -.4181683575639145E-05   3   0 0  0 0  0 1  2 0
   114  -.7749632339889806E-05   3   0 0  0 0  0 0  3 0
   115  0.8346163579384402E-05   3   0 0  0 0  0 2  0 1
   116  0.4768837999378716E-05   3   0 0  0 0  0 1  1 1
   117  0.8331722866997513E-05   3   0 0  0 0  0 0  2 1
   118  0.1202679801241323E-05   3   0 0  0 0  0 1  0 2
   119  0.1201061291445151E-05   3   0 0  0 0  0 0  1 2
   120  0.2308551586005463E-07   3   0 0  0 0  0 0  0 3
   121  -.1121885521131589E-02   4   4 0  0 0  0 0  0 0
   122  -.3956734131368957E-02   4   3 1  0 0  0 0  0 0
   123  -.5244501461789999E-02   4   2 2  0 0  0 0  0 0
   124  -.2914386916408468E-02   4   1 3  0 0  0 0  0 0
   125  -.5031659524726489E-03   4   0 4  0 0  0 0  0 0
   126   28.23250692111306       4   3 0  1 0  0 0  0 0
   127   76.72945031748094       4   2 1  1 0  0 0  0 0
   128   69.98108465556470       4   1 2  1 0  0 0  0 0
   129   21.47594839044846       4   0 3  1 0  0 0  0 0
   130  0.5777692364227718E-02   4   2 0  2 0  0 0  0 0
   131  0.1044861687941222E-01   4   1 1  2 0  0 0  0 0
   132  0.4805835725567009E-02   4   0 2  2 0  0 0  0 0
   133  -22.47259559162710       4   1 0  3 0  0 0  0 0
   134  -19.84438613206973       4   0 1  3 0  0 0  0 0
   135  -.9943809817274066E-03   4   0 0  4 0  0 0  0 0
   136   25.90445640563608       4   3 0  0 1  0 0  0 0
   137   70.78695550215204       4   2 1  0 1  0 0  0 0
   138   64.97356022360938       4   1 2  0 1  0 0  0 0
   139   20.08137726235835       4   0 3  0 1  0 0  0 0
   140  0.1034563510881054E-01   4   2 0  1 1  0 0  0 0
   141  0.1895618615656346E-01   4   1 1  1 1  0 0  0 0
   142  0.8601859167191032E-02   4   0 2  1 1  0 0  0 0
   143  -60.92854305665021       4   1 0  2 1  0 0  0 0
   144  -54.16315630234112       4   0 1  2 1  0 0  0 0
   145  -.3631591264474500E-02   4   0 0  3 1  0 0  0 0
   146  0.4648009288348531E-02   4   2 0  0 2  0 0  0 0
   147  0.8852954090204439E-02   4   1 1  0 2  0 0  0 0
   148  0.4180380075207574E-02   4   0 2  0 2  0 0  0 0
   149  -55.30932710499003       4   1 0  1 2  0 0  0 0
   150  -49.43507078453321       4   0 1  1 2  0 0  0 0
   151  -.4886015494813553E-02   4   0 0  2 2  0 0  0 0
   152  -16.74781413006898       4   1 0  0 3  0 0  0 0
   153  -15.03136944694221       4   0 1  0 3  0 0  0 0
   154  -.3021812137002588E-02   4   0 0  1 3  0 0  0 0
   155  -.6747961331600696E-03   4   0 0  0 4  0 0  0 0
   156  0.3153889284713932E-03   4   3 0  0 0  0 1  0 0
   157  0.3712844576602407E-02   4   2 1  0 0  0 1  0 0
   158  0.5898328055120552E-02   4   1 2  0 0  0 1  0 0
   159  0.2530782483929642E-02   4   0 3  0 0  0 1  0 0
   160   1.552330213651590       4   2 0  1 0  0 1  0 0
   161   4.782879878147279       4   1 1  1 0  0 1  0 0
   162   3.702373434046166       4   0 2  1 0  0 1  0 0
   163  -.6825596762201670E-03   4   1 0  2 0  0 1  0 0
   164  -.2931226089174801E-02   4   0 1  2 0  0 1  0 0
   165  0.2790727994176930       4   0 0  3 0  0 1  0 0
   166   2.582159611502807       4   2 0  0 1  0 1  0 0
   167   6.848039413588234       4   1 1  0 1  0 1  0 0
   168   4.119650002475663       4   0 2  0 1  0 1  0 0
   169  -.5851636758635266E-02   4   1 0  1 1  0 1  0 0
   170  -.9430276470942651E-02   4   0 1  1 1  0 1  0 0
   171  0.9237218818989412       4   0 0  2 1  0 1  0 0
   172  -.4787914508655211E-02   4   1 0  0 2  0 1  0 0
   173  -.6239805308547342E-02   4   0 1  0 2  0 1  0 0
   174   1.627659449062473       4   0 0  1 2  0 1  0 0
   175  0.5091116552665290       4   0 0  0 3  0 1  0 0
   176  0.3149644929152221E-03   4   3 0  0 0  0 0  1 0
   177  0.3707848005351521E-02   4   2 1  0 0  0 0  1 0
   178  0.5890390363202543E-02   4   1 2  0 0  0 0  1 0
   179  0.2527376676134415E-02   4   0 3  0 0  0 0  1 0
   180   1.550241160808844       4   2 0  1 0  0 0  1 0
   181   4.776443303816586       4   1 1  1 0  0 0  1 0
   182   3.697390954365443       4   0 2  1 0  0 0  1 0
   183  -.6816411195758337E-03   4   1 0  2 0  0 0  1 0
   184  -.2927281383247889E-02   4   0 1  2 0  0 0  1 0
   185  0.2786972363964812       4   0 0  3 0  0 0  1 0
   186   2.578684662790613       4   2 0  0 1  0 0  1 0
   187   6.838823644882339       4   1 1  0 1  0 0  1 0
   188   4.114105971654711       4   0 2  0 1  0 0  1 0
   189  -.5843761901663582E-02   4   1 0  1 1  0 0  1 0
   190  -.9417585649301587E-02   4   0 1  1 1  0 0  1 0
   191  0.9224787805237822       4   0 0  2 1  0 0  1 0
   192  -.4781471158956054E-02   4   1 0  0 2  0 0  1 0
   193  -.6231408072634937E-02   4   0 1  0 2  0 0  1 0
   194   1.625469021684854       4   0 0  1 2  0 0  1 0
   195  0.5084265167944712       4   0 0  0 3  0 0  1 0
   196  0.1072717595165136E-03   4   3 0  0 0  0 0  0 1
   197  0.3933208274107455E-03   4   2 1  0 0  0 0  0 1
   198  0.4604323618746430E-03   4   1 2  0 0  0 0  0 1
   199  0.1796163431034777E-03   4   0 3  0 0  0 0  0 1
   200  -3.100061192409444       4   2 0  1 0  0 0  0 1
   201  -6.536892623519548       4   1 1  1 0  0 0  0 1
   202  -3.632833100292860       4   0 2  1 0  0 0  0 1
   203  -.2484816535341572E-03   4   1 0  2 0  0 0  0 1
   204  -.2282797902140947E-03   4   0 1  2 0  0 0  0 1
   205  -.5583377460716237       4   0 0  3 0  0 0  0 1
   206  -3.280089314825078       4   2 0  0 1  0 0  0 1
   207  -6.545569071152761       4   1 1  0 1  0 0  0 1
   208  -3.615021903083008       4   0 2  0 1  0 0  0 1
   209  -.5131708053865633E-03   4   1 0  1 1  0 0  0 1
   210  -.4737709915825478E-03   4   0 1  1 1  0 0  0 1
   211  -1.163289325981587       4   0 0  2 1  0 0  0 1
   212  -.2314161450835960E-03   4   1 0  0 2  0 0  0 1
   213  -.2095733026820919E-03   4   0 1  0 2  0 0  0 1
   214  -1.037024951946522       4   0 0  1 2  0 0  0 1
   215  -.5419110826776352       4   0 0  0 3  0 0  0 1
   216  -.1231519846491857E-04   4   2 0  0 0  0 2  0 0
   217  0.2553491878619167E-03   4   1 1  0 0  0 2  0 0
   218  0.3315442064359407E-03   4   0 2  0 0  0 2  0 0
   219  0.4744074355625155E-01   4   1 0  1 0  0 2  0 0
   220  0.1177990879246712       4   0 1  1 0  0 2  0 0
   221  0.2739654591714989E-04   4   0 0  2 0  0 2  0 0
   222  0.1209982078044250       4   1 0  0 1  0 2  0 0
   223  0.2058123307597038       4   0 1  0 1  0 2  0 0
   224  -.9077953630647103E-04   4   0 0  1 1  0 2  0 0
   225  0.2236970062255672E-05   4   0 0  0 2  0 2  0 0
   226  -.1038086536206100E-04   4   2 0  0 0  0 1  1 0
   227  0.3626804533935250E-03   4   1 1  0 0  0 1  1 0
   228  0.4840662960735088E-03   4   0 2  0 0  0 1  1 0
   229  0.2917671317967651E-01   4   1 0  1 0  0 1  1 0
   230  0.1151108686585839       4   0 1  1 0  0 1  1 0
   231  0.6382501533268729E-04   4   0 0  2 0  0 1  1 0
   232  0.1189678820185349       4   1 0  0 1  0 1  1 0
   233  0.2447140016155920       4   0 1  0 1  0 1  1 0
   234  -.2475307150149626E-04   4   0 0  1 1  0 1  1 0
   235  0.3501064015582790E-04   4   0 0  0 2  0 1  1 0
   236  -.1229164021153382E-04   4   2 0  0 0  0 0  2 0
   237  0.2547615118282841E-03   4   1 1  0 0  0 0  2 0
   238  0.3307723130640657E-03   4   0 2  0 0  0 0  2 0
   239  0.4735726771660524E-01   4   1 0  1 0  0 0  2 0
   240  0.1175631040727942       4   0 1  1 0  0 0  2 0
   241  0.2731673058797696E-04   4   0 0  2 0  0 0  2 0
   242  0.1207553234343807       4   1 0  0 1  0 0  2 0
   243  0.2053706959393653       4   0 1  0 1  0 0  2 0
   244  -.9064071372628067E-04   4   0 0  1 1  0 0  2 0
   245  0.2210401818655979E-05   4   0 0  0 2  0 0  2 0
   246  -.4822136642932366E-04   4   2 0  0 0  0 1  0 1
   247  -.3981519268093852E-03   4   1 1  0 0  0 1  0 1
   248  -.3487569028691589E-03   4   0 2  0 0  0 1  0 1
   249  -.5815761204146876E-01   4   1 0  1 0  0 1  0 1
   250  -.1095306869045614       4   0 1  1 0  0 1  0 1
   251  -.1396582504305422E-03   4   0 0  2 0  0 1  0 1
   252  -.1148880218387790       4   1 0  0 1  0 1  0 1
   253  -.1561626445661286       4   0 1  0 1  0 1  0 1
   254  -.1527749866069433E-03   4   0 0  1 1  0 1  0 1
   255  -.1366939093878276E-04   4   0 0  0 2  0 1  0 1
   256  -.4815647238697732E-04   4   2 0  0 0  0 0  1 1
   257  -.3976161127105355E-03   4   1 1  0 0  0 0  1 1
   258  -.3482875622656211E-03   4   0 2  0 0  0 0  1 1
   259  -.5807934626805682E-01   4   1 0  1 0  0 0  1 1
   260  -.1093832856681279       4   0 1  1 0  0 0  1 1
   261  -.1394703049389782E-03   4   0 0  2 0  0 0  1 1
   262  -.1147334109534734       4   1 0  0 1  0 0  1 1
   263  -.1559524882387622       4   0 1  0 1  0 0  1 1
   264  -.1525693892300034E-03   4   0 0  1 1  0 0  1 1
   265  -.1365099531667335E-04   4   0 0  0 2  0 0  1 1
   266  0.3323450565136009E-04   4   2 0  0 0  0 0  0 2
   267  0.7990020877723944E-04   4   1 1  0 0  0 0  0 2
   268  0.4489191176490521E-04   4   0 2  0 0  0 0  0 2
   269  -.7654683869511873E-02   4   1 0  1 0  0 0  0 2
   270  -.7402165104651628E-02   4   0 1  1 0  0 0  0 2
   271  0.1177934971841087E-03   4   0 0  2 0  0 0  0 2
   272  -.5540692785666582E-02   4   1 0  0 1  0 0  0 2
   273  -.5495341098241176E-02   4   0 1  0 1  0 0  0 2
   274  0.1796567890938897E-03   4   0 0  1 1  0 0  0 2
   275  0.6348999611040129E-04   4   0 0  0 2  0 0  0 2
   276  -.6420598657860082E-05   4   1 0  0 0  0 3  0 0
   277  -.1294310493039320E-04   4   0 1  0 0  0 3  0 0
   278  0.8995186633786757E-01   4   0 0  1 0  0 3  0 0
   279  -.8530733829484193E-01   4   0 0  0 1  0 3  0 0
   280  -.4386160524699059E-05   4   1 0  0 0  0 2  1 0
   281  -.1258339778785963E-04   4   0 1  0 0  0 2  1 0
   282  0.4778588473903708E-01   4   0 0  1 0  0 2  1 0
   283  0.4967118644546926E-01   4   0 0  0 1  0 2  1 0
   284  -.4390249859093478E-05   4   1 0  0 0  0 1  2 0
   285  -.1258408874231226E-04   4   0 1  0 0  0 1  2 0
   286  0.4787075786417173E-01   4   0 0  1 0  0 1  2 0
   287  0.4939894658343619E-01   4   0 0  0 1  0 1  2 0
   288  -.6404690484781241E-05   4   1 0  0 0  0 0  3 0
   289  -.1290852193795918E-04   4   0 1  0 0  0 0  3 0
   290  0.8973817624936141E-01   4   0 0  1 0  0 0  3 0
   291  -.8516851209795365E-01   4   0 0  0 1  0 0  3 0
   292  0.7783816570975925E-05   4   1 0  0 0  0 2  0 1
   293  0.1380831232013871E-04   4   0 1  0 0  0 2  0 1
   294  -.9554124057865407E-01   4   0 0  1 0  0 2  0 1
   295  -.2522687635958906       4   0 0  0 1  0 2  0 1
   296  0.5820520051176910E-05   4   1 0  0 0  0 1  1 1
   297  0.1356792821537057E-04   4   0 1  0 0  0 1  1 1
   298  -.5358561736234720E-01   4   0 0  1 0  0 1  1 1
   299  -.2425867909170460       4   0 0  0 1  0 1  1 1
   300  0.7769424986757404E-05   4   1 0  0 0  0 0  2 1
   301  0.1378060020503366E-04   4   0 1  0 0  0 0  2 1
   302  -.9537660918056431E-01   4   0 0  1 0  0 0  2 1
   303  -.2517660412476102       4   0 0  0 1  0 0  2 1
   304  -.3022441418856611E-06   4   1 0  0 0  0 1  0 2
   305  -.5006258275935486E-06   4   0 1  0 0  0 1  0 2
   306  -.1527673015255566E-01   4   0 0  1 0  0 1  0 2
   307  -.1940271415037167E-01   4   0 0  0 1  0 1  0 2
   308  -.3018373959637967E-06   4   1 0  0 0  0 0  1 2
   309  -.4999521089484628E-06   4   0 1  0 0  0 0  1 2
   310  -.1525617144908373E-01   4   0 0  1 0  0 0  1 2
   311  -.1937660289208637E-01   4   0 0  0 1  0 0  1 2
   312  0.2205991879654206E-07   4   1 0  0 0  0 0  0 3
   313  0.1782410284237401E-07   4   0 1  0 0  0 0  0 3
   314  -.3080492162861498E-03   4   0 0  1 0  0 0  0 3
   315  -.2487860760372974E-03   4   0 0  0 1  0 0  0 3
   316  0.9650750252168612E-05   4   0 0  0 0  0 4  0 0
   317  0.4543250653345899E-05   4   0 0  0 0  0 3  1 0
   318  0.3867670629890005E-05   4   0 0  0 0  0 2  2 0
   319  0.4557867611579803E-05   4   0 0  0 0  0 1  3 0
   320  0.9621732773441511E-05   4   0 0  0 0  0 0  4 0
   321  -.1301612580949106E-05   4   0 0  0 0  0 3  0 1
   322  0.4064950939902026E-06   4   0 0  0 0  0 2  1 1
   323  0.4030505937070443E-06   4   0 0  0 0  0 1  2 1
   324  -.1299258262110803E-05   4   0 0  0 0  0 0  3 1
   325  -.4502041814746101E-06   4   0 0  0 0  0 2  0 2
   326  -.5266903118005396E-06   4   0 0  0 0  0 1  1 2
   327  -.4492439204047893E-06   4   0 0  0 0  0 0  2 2
   328  -.9820601251735329E-08   4   0 0  0 0  0 1  0 3
   329  -.9807385149399645E-08   4   0 0  0 0  0 0  1 3
   330  -.1602492476041144E-13   4   0 0  0 0  0 0  0 4
   ----------------------------------------------------
     I  COEFFICIENT            ORDER EXPONENTS
     1  0.1281728219494183E-03   0   0 0  0 0  0 0  0 0
     2  0.4670678579146909E-04   1   1 0  0 0  0 0  0 0
     3  0.4312543650832206E-04   1   0 1  0 0  0 0  0 0
     4  -1.424216972913298       1   0 0  1 0  0 0  0 0
     5  -.3256767689286050       1   0 0  0 1  0 0  0 0
     6  0.4394372000935270E-05   1   0 0  0 0  0 1  0 0
     7  0.4388458262195964E-05   1   0 0  0 0  0 0  1 0
     8  0.1193899916852263E-03   1   0 0  0 0  0 0  0 1
     9  0.5027193605099092E-03   2   2 0  0 0  0 0  0 0
    10  0.8450829966313059E-03   2   1 1  0 0  0 0  0 0
    11  0.4041343248569447E-03   2   0 2  0 0  0 0  0 0
    12  0.6069795328458601       2   1 0  1 0  0 0  0 0
    13  0.5576328939280162       2   0 1  1 0  0 0  0 0
    14  0.4262101158108835E-03   2   0 0  2 0  0 0  0 0
    15  0.5706670016134833       2   1 0  0 1  0 0  0 0
    16  0.5278553074924537       2   0 1  0 1  0 0  0 0
    17  0.1055284118431876E-02   2   0 0  1 1  0 0  0 0
    18  0.5481772595400693E-03   2   0 0  0 2  0 0  0 0
    19  -.1943116644073075E-05   2   1 0  0 0  0 1  0 0
    20  -.2348227825147125E-04   2   0 1  0 0  0 1  0 0
    21  -.5477433489373471E-01   2   0 0  1 0  0 1  0 0
    22  0.6166791588880355       2   0 0  0 1  0 1  0 0
    23  -.1940501689269410E-05   2   1 0  0 0  0 0  1 0
    24  -.2345067690808183E-04   2   0 1  0 0  0 0  1 0
    25  -.5470062217525982E-01   2   0 0  1 0  0 0  1 0
    26  0.6158492611390857       2   0 0  0 1  0 0  1 0
    27  0.5059027703651314E-04   2   1 0  0 0  0 0  0 1
    28  0.4693283019443205E-04   2   0 1  0 0  0 0  0 1
    29  -1.314742015915037       2   0 0  1 0  0 0  0 1
    30  -1.232528420104791       2   0 0  0 1  0 0  0 1
    31  -.3242219249504528E-05   2   0 0  0 0  0 2  0 0
    32  -.2093147646242687E-05   2   0 0  0 0  0 1  1 0
    33  -.3236447593908427E-05   2   0 0  0 0  0 0  2 0
    34  0.8577555653520540E-05   2   0 0  0 0  0 1  0 1
    35  0.8566012383368201E-05   2   0 0  0 0  0 0  1 1
    36  -.8571772014267857E-05   2   0 0  0 0  0 0  0 2
    37  -.1178140181522662E-01   3   3 0  0 0  0 0  0 0
    38  -.3305774903638555E-01   3   2 1  0 0  0 0  0 0
    39  -.3108055662599968E-01   3   1 2  0 0  0 0  0 0
    40  -.9767192062815386E-02   3   0 3  0 0  0 0  0 0
    41  -8.432168611216250       3   2 0  1 0  0 0  0 0
    42  -16.47194390135859       3   1 1  1 0  0 0  0 0
    43  -8.602354185442023       3   0 2  1 0  0 0  0 0
    44  0.2506728851462735E-01   3   1 0  2 0  0 0  0 0
    45  0.2293256787169811E-01   3   0 1  2 0  0 0  0 0
    46  -1.685732702113082       3   0 0  3 0  0 0  0 0
    47  -7.395804841975314       3   2 0  0 1  0 0  0 0
    48  -14.79590180413536       3   1 1  0 1  0 0  0 0
    49  -8.556408301247899       3   0 2  0 1  0 0  0 0
    50  0.4702726467848675E-01   3   1 0  1 1  0 0  0 0
    51  0.4328401505383131E-01   3   0 1  1 1  0 0  0 0
    52  -5.236559926012490       3   0 0  2 1  0 0  0 0
    53  0.2226043815896364E-01   3   1 0  0 2  0 0  0 0
    54  0.2063420047268766E-01   3   0 1  0 2  0 0  0 0
    55  -4.625516200711240       3   0 0  1 2  0 0  0 0
    56  -1.795448597191665       3   0 0  0 3  0 0  0 0
    57  -.3009321906459625E-03   3   2 0  0 0  0 1  0 0
    58  -.1019062305978428E-02   3   1 1  0 0  0 1  0 0
    59  -.6909352530262802E-03   3   0 2  0 0  0 1  0 0
    60  0.2643328786898252E-01   3   1 0  1 0  0 1  0 0
    61  -.2531597260809000       3   0 1  1 0  0 1  0 0
    62  -.1045323843610587E-03   3   0 0  2 0  0 1  0 0
    63  -.2660523772349345       3   1 0  0 1  0 1  0 0
    64  -.5086891196507820       3   0 1  0 1  0 1  0 0
    65  -.7570390933863534E-03   3   0 0  1 1  0 1  0 0
    66  -.6735209915690599E-03   3   0 0  0 2  0 1  0 0
    67  -.3005272102862347E-03   3   2 0  0 0  0 0  1 0
    68  -.1017690899953785E-02   3   1 1  0 0  0 0  1 0
    69  -.6900054249254071E-03   3   0 2  0 0  0 0  1 0
    70  0.2639771519592628E-01   3   1 0  1 0  0 0  1 0
    71  -.2528190356525452       3   0 1  1 0  0 0  1 0
    72  -.1043917096046263E-03   3   0 0  2 0  0 0  1 0
    73  -.2656943364842655       3   1 0  0 1  0 0  1 0
    74  -.5080045498072434       3   0 1  0 1  0 0  1 0
    75  -.7560203058524907E-03   3   0 0  1 1  0 0  1 0
    76  -.6726145987605503E-03   3   0 0  0 2  0 0  1 0
    77  0.1102925872621038E-02   3   2 0  0 0  0 0  0 1
    78  0.2034028609440796E-02   3   1 1  0 0  0 0  0 1
    79  0.9753182475498569E-03   3   0 2  0 0  0 0  0 1
    80  0.5541508165193938       3   1 0  1 0  0 0  0 1
    81  0.5059807080044738       3   0 1  1 0  0 0  0 1
    82  0.6360003137594093E-03   3   0 0  2 0  0 0  0 1
    83  0.5317486715242888       3   1 0  0 1  0 0  0 1
    84  0.4888400197333815       3   0 1  0 1  0 0  0 1
    85  0.1514963249157886E-02   3   0 0  1 1  0 0  0 1
    86  0.7990113422058915E-03   3   0 0  0 2  0 0  0 1
    87  0.1447585025623749E-05   3   1 0  0 0  0 2  0 0
    88  0.1848512142673215E-04   3   0 1  0 0  0 2  0 0
    89  0.4037669611793172E-01   3   0 0  1 0  0 2  0 0
    90  -.4396546634683077       3   0 0  0 1  0 2  0 0
    91  0.1049045714599331E-05   3   1 0  0 0  0 1  1 0
    92  0.1364699306559685E-04   3   0 1  0 0  0 1  1 0
    93  0.2601760098337620E-01   3   0 0  1 0  0 1  1 0
    94  -.2631056400476891       3   0 0  0 1  0 1  1 0
    95  0.1444931055778385E-05   3   1 0  0 0  0 0  2 0
    96  0.1845106228144969E-04   3   0 1  0 0  0 0  2 0
    97  0.4030485243256572E-01   3   0 0  1 0  0 0  2 0
    98  -.4388859593571001       3   0 0  0 1  0 0  2 0
    99  -.4099552571286510E-05   3   1 0  0 0  0 1  0 1
   100  -.2743616321140443E-04   3   0 1  0 0  0 1  0 1
   101  -.1067707868296369       3   0 0  1 0  0 1  0 1
   102  0.5257360964881148       3   0 0  0 1  0 1  0 1
   103  -.4094035586641337E-05   3   1 0  0 0  0 0  1 1
   104  -.2739924091597615E-04   3   0 1  0 0  0 0  1 1
   105  -.1066270997366544       3   0 0  1 0  0 0  1 1
   106  0.5250285856265458       3   0 0  0 1  0 0  1 1
   107  0.4225687519857290E-05   3   1 0  0 0  0 0  0 2
   108  0.4126759423195990E-05   3   0 1  0 0  0 0  0 2
   109  0.1066988418478141       3   0 0  1 0  0 0  0 2
   110  0.9088174416931205E-01   3   0 0  0 1  0 0  0 2
   111  0.2665844732196606E-05   3   0 0  0 0  0 3  0 0
   112  0.1516130383295923E-05   3   0 0  0 0  0 2  1 0
   113  0.1518443988405304E-05   3   0 0  0 0  0 1  2 0
   114  0.2659444587625285E-05   3   0 0  0 0  0 0  3 0
   115  -.6274298818773172E-05   3   0 0  0 0  0 2  0 1
   116  -.3978374744298008E-05   3   0 0  0 0  0 1  1 1
   117  -.6263178208502032E-05   3   0 0  0 0  0 0  2 1
   118  0.3976116448792546E-05   3   0 0  0 0  0 1  0 2
   119  0.3970765578663646E-05   3   0 0  0 0  0 0  1 2
   120  0.2084538458555377E-06   3   0 0  0 0  0 0  0 3
   121  -.5039223987131252E-02   4   4 0  0 0  0 0  0 0
   122  -.1851342916587202E-01   4   3 1  0 0  0 0  0 0
   123  -.2572340168315316E-01   4   2 2  0 0  0 0  0 0
   124  -.1566888381621334E-01   4   1 3  0 0  0 0  0 0
   125  -.3506216402298881E-02   4   0 4  0 0  0 0  0 0
   126   130.5749897471517       4   3 0  1 0  0 0  0 0
   127   363.7070111879577       4   2 1  1 0  0 0  0 0
   128   339.5331755671522       4   1 2  1 0  0 0  0 0
   129   106.4840473305650       4   0 3  1 0  0 0  0 0
   130  0.2847321709852459E-01   4   2 0  2 0  0 0  0 0
   131  0.5483924293670625E-01   4   1 1  2 0  0 0  0 0
   132  0.2630616827050523E-01   4   0 2  2 0  0 0  0 0
   133  -95.05975331337675       4   1 0  3 0  0 0  0 0
   134  -86.43074303334441       4   0 1  3 0  0 0  0 0
   135  -.4327766779686182E-02   4   0 0  4 0  0 0  0 0
   136   123.7478816029881       4   3 0  0 1  0 0  0 0
   137   347.0018777577616       4   2 1  0 1  0 0  0 0
   138   326.3248337324111       4   1 2  0 1  0 0  0 0
   139   103.1498152381328       4   0 3  0 1  0 0  0 0
   140  0.5588154506102377E-01   4   2 0  1 1  0 0  0 0
   141  0.1084131560462984       4   1 1  1 1  0 0  0 0
   142  0.5314114114297377E-01   4   0 2  1 1  0 0  0 0
   143  -265.2087008109255       4   1 0  2 1  0 0  0 0
   144  -243.1646764153424       4   0 1  2 1  0 0  0 0
   145  -.1506501404747725E-01   4   0 0  3 1  0 0  0 0
   146  0.2702144250414733E-01   4   2 0  0 2  0 0  0 0
   147  0.5297088209124465E-01   4   1 1  0 2  0 0  0 0
   148  0.2657323869343934E-01   4   0 2  0 2  0 0  0 0
   149  -248.9169708690309       4   1 0  1 2  0 0  0 0
   150  -229.8416956206468       4   0 1  1 2  0 0  0 0
   151  -.1976906115393689E-01   4   0 0  2 2  0 0  0 0
   152  -78.30387267974876       4   1 0  0 3  0 0  0 0
   153  -72.71753605677948       4   0 1  0 3  0 0  0 0
   154  -.1121905848266060E-01   4   0 0  1 3  0 0  0 0
   155  -.2113472764826125E-02   4   0 0  0 4  0 0  0 0
   156  -.1302065553561453E-02   4   3 0  0 0  0 1  0 0
   157  0.1031169373231088E-01   4   2 1  0 0  0 1  0 0
   158  0.2267714951755221E-01   4   1 2  0 0  0 1  0 0
   159  0.1114876388116282E-01   4   0 3  0 0  0 1  0 0
   160   4.580020695805819       4   2 0  1 0  0 1  0 0
   161   17.00200258548701       4   1 1  1 0  0 1  0 0
   162   12.70441952065657       4   0 2  1 0  0 1  0 0
   163  0.2604371801738177E-02   4   1 0  2 0  0 1  0 0
   164  -.7467553578886657E-02   4   0 1  2 0  0 1  0 0
   165  0.4720756260501014       4   0 0  3 0  0 1  0 0
   166   7.842207194939864       4   2 0  0 1  0 1  0 0
   167   22.89231413596296       4   1 1  0 1  0 1  0 0
   168   16.67280374111949       4   0 2  0 1  0 1  0 0
   169  -.1478884566706523E-01   4   1 0  1 1  0 1  0 0
   170  -.3185973804503863E-01   4   0 1  1 1  0 1  0 0
   171   4.189570476386462       4   0 0  2 1  0 1  0 0
   172  -.1615337079180692E-01   4   1 0  0 2  0 1  0 0
   173  -.2352430140281214E-01   4   0 1  0 2  0 1  0 0
   174   6.336884490840373       4   0 0  1 2  0 1  0 0
   175   3.282799701251276       4   0 0  0 3  0 1  0 0
   176  -.1300313295103693E-02   4   3 0  0 0  0 0  1 0
   177  0.1029781674085924E-01   4   2 1  0 0  0 0  1 0
   178  0.2264663167846854E-01   4   1 2  0 0  0 0  1 0
   179  0.1113376040015459E-01   4   0 3  0 0  0 0  1 0
   180   4.573857119802306       4   2 0  1 0  0 0  1 0
   181   16.97912209168408       4   1 1  1 0  0 0  1 0
   182   12.68732251160423       4   0 2  1 0  0 0  1 0
   183  0.2600866960907182E-02   4   1 0  2 0  0 0  1 0
   184  -.7457504097213802E-02   4   0 1  2 0  0 0  1 0
   185  0.4714403289207175       4   0 0  3 0  0 0  1 0
   186   7.831653522087342       4   2 0  0 1  0 0  1 0
   187   22.86150673847614       4   1 1  0 1  0 0  1 0
   188   16.65036626760672       4   0 2  0 1  0 0  1 0
   189  -.1476894353554064E-01   4   1 0  1 1  0 0  1 0
   190  -.3181686271107504E-01   4   0 1  1 1  0 0  1 0
   191   4.183932349886953       4   0 0  2 1  0 0  1 0
   192  -.1613163234667729E-01   4   1 0  0 2  0 0  1 0
   193  -.2349264350664616E-01   4   0 1  0 2  0 0  1 0
   194   6.328356610339619       4   0 0  1 2  0 0  1 0
   195   3.278381864126322       4   0 0  0 3  0 0  1 0
   196  0.4830137833094616E-03   4   3 0  0 0  0 0  0 1
   197  0.1384038457704237E-02   4   2 1  0 0  0 0  0 1
   198  0.1331986450914012E-02   4   1 2  0 0  0 0  0 1
   199  0.4569720913653079E-03   4   0 3  0 0  0 0  0 1
   200  -17.57507482990136       4   2 0  1 0  0 0  0 1
   201  -33.95741853253848       4   1 1  1 0  0 0  0 1
   202  -16.77649431807550       4   0 2  1 0  0 0  0 1
   203  -.1239869275821691E-02   4   1 0  2 0  0 0  0 1
   204  -.1210629794237557E-02   4   0 1  2 0  0 0  0 1
   205  -2.631911270850573       4   0 0  3 0  0 0  0 1
   206  -15.66147442294270       4   2 0  0 1  0 0  0 1
   207  -30.93101394804696       4   1 1  0 1  0 0  0 1
   208  -16.19566946559213       4   0 2  0 1  0 0  0 1
   209  -.2464417786189952E-02   4   1 0  1 1  0 0  0 1
   210  -.2499893832955240E-02   4   0 1  1 1  0 0  0 1
   211  -8.382143754250984       4   0 0  2 1  0 0  0 1
   212  -.1212781235206458E-02   4   1 0  0 2  0 0  0 1
   213  -.1244603794017338E-02   4   0 1  0 2  0 0  0 1
   214  -8.049194735589900       4   0 0  1 2  0 0  0 1
   215  -2.973770321426569       4   0 0  0 3  0 0  0 1
   216  -.1376934460938484E-03   4   2 0  0 0  0 2  0 0
   217  0.1268127051607148E-03   4   1 1  0 0  0 2  0 0
   218  0.2698606389159366E-03   4   0 2  0 0  0 2  0 0
   219  -.1957186392363490E-01   4   1 0  1 0  0 2  0 0
   220  0.1776694124816996       4   0 1  1 0  0 2  0 0
   221  -.1171596870279192E-03   4   0 0  2 0  0 2  0 0
   222  0.1902683212688516       4   1 0  0 1  0 2  0 0
   223  0.4952206793360743       4   0 1  0 1  0 2  0 0
   224  0.3054188352697194E-03   4   0 0  1 1  0 2  0 0
   225  0.6015661559940652E-03   4   0 0  0 2  0 2  0 0
   226  -.1400599382277706E-03   4   2 0  0 0  0 1  1 0
   227  0.2574024028419025E-03   4   1 1  0 0  0 1  1 0
   228  0.4934461114596703E-03   4   0 2  0 0  0 1  1 0
   229  -.1355193468553750E-01   4   1 0  1 0  0 1  1 0
   230  0.1011842757763114       4   0 1  1 0  0 1  1 0
   231  -.1073538724702761E-03   4   0 0  2 0  0 1  1 0
   232  0.1137449501747795       4   1 0  0 1  0 1  1 0
   233  0.4803631592850759       4   0 1  0 1  0 1  1 0
   234  0.2763728459119906E-03   4   0 0  1 1  0 1  1 0
   235  0.6983110028217176E-03   4   0 0  0 2  0 1  1 0
   236  -.1374139017113273E-03   4   2 0  0 0  0 0  2 0
   237  0.1264688465871911E-03   4   1 1  0 0  0 0  2 0
   238  0.2691654449255215E-03   4   0 2  0 0  0 0  2 0
   239  -.1953640625404678E-01   4   1 0  1 0  0 0  2 0
   240  0.1773622288448061       4   0 1  1 0  0 0  2 0
   241  -.1169297831515830E-03   4   0 0  2 0  0 0  2 0
   242  0.1899357308324579       4   1 0  0 1  0 0  2 0
   243  0.4942310096342488       4   0 1  0 1  0 0  2 0
   244  0.3048218522195916E-03   4   0 0  1 1  0 0  2 0
   245  0.6002867195934898E-03   4   0 0  0 2  0 0  2 0
   246  0.3169827708085551E-03   4   2 0  0 0  0 1  0 1
   247  -.8329697856648431E-04   4   1 1  0 0  0 1  0 1
   248  -.3166881613174659E-03   4   0 2  0 0  0 1  0 1
   249  0.5377797848705465E-01   4   1 0  1 0  0 1  0 1
   250  -.2013352146863746       4   0 1  1 0  0 1  0 1
   251  0.2156634238146538E-03   4   0 0  2 0  0 1  0 1
   252  -.2267487719497419       4   1 0  0 1  0 1  0 1
   253  -.4505684211087292       4   0 1  0 1  0 1  0 1
   254  -.2832671618335119E-03   4   0 0  1 1  0 1  0 1
   255  -.5643559713200683E-03   4   0 0  0 2  0 1  0 1
   256  0.3165561903344820E-03   4   2 0  0 0  0 0  1 1
   257  -.8318488141837918E-04   4   1 1  0 0  0 0  1 1
   258  -.3162619773149602E-03   4   0 2  0 0  0 0  1 1
   259  0.5370560661807509E-01   4   1 0  1 0  0 0  1 1
   260  -.2010642672430499       4   0 1  1 0  0 0  1 1
   261  0.2153731941427493E-03   4   0 0  2 0  0 0  1 1
   262  -.2264436241387514       4   1 0  0 1  0 0  1 1
   263  -.4499620673621552       4   0 1  0 1  0 0  1 1
   264  -.2828859542370346E-03   4   0 0  1 1  0 0  1 1
   265  -.5635964876510413E-03   4   0 0  0 2  0 0  1 1
   266  -.2188128687924897E-03   4   2 0  0 0  0 0  0 2
   267  -.4138761521629137E-03   4   1 1  0 0  0 0  0 2
   268  -.1941084134521387E-03   4   0 2  0 0  0 0  0 2
   269  -.5482234788735342E-01   4   1 0  1 0  0 0  0 2
   270  -.5320894828987358E-01   4   0 1  1 0  0 0  0 2
   271  -.8931810791767492E-04   4   0 0  2 0  0 0  0 2
   272  -.4054296042484481E-01   4   1 0  0 1  0 0  0 2
   273  -.4028640468317184E-01   4   0 1  0 1  0 0  0 2
   274  -.1950526013153253E-03   4   0 0  1 1  0 0  0 2
   275  -.1011052971606711E-03   4   0 0  0 2  0 0  0 2
   276  -.3611762105443478E-05   4   1 0  0 0  0 3  0 0
   277  -.2085066018929558E-04   4   0 1  0 0  0 3  0 0
   278  -.3318048614223897E-01   4   0 0  1 0  0 3  0 0
   279  0.3514915849113473       4   0 0  0 1  0 3  0 0
   280  -.2469614711896486E-05   4   1 0  0 0  0 2  1 0
   281  -.1472305771828922E-04   4   0 1  0 0  0 2  1 0
   282  -.1881481176169050E-01   4   0 0  1 0  0 2  1 0
   283  0.1752620845091698       4   0 0  0 1  0 2  1 0
   284  -.2471910472471510E-05   4   1 0  0 0  0 1  2 0
   285  -.1473537043384097E-04   4   0 1  0 0  0 1  2 0
   286  -.1884372059569792E-01   4   0 0  1 0  0 1  2 0
   287  0.1756168716898489       4   0 0  0 1  0 1  2 0
   288  -.3602811791761164E-05   4   1 0  0 0  0 0  3 0
   289  -.2079867699449394E-04   4   0 1  0 0  0 0  3 0
   290  -.3310086407472194E-01   4   0 0  1 0  0 0  3 0
   291  0.3506642831025661       4   0 0  0 1  0 0  3 0
   292  0.4847105891796201E-05   4   1 0  0 0  0 2  0 1
   293  0.2649397078560498E-04   4   0 1  0 0  0 2  0 1
   294  0.7799616161365568E-01   4   0 0  1 0  0 2  0 1
   295  -.3504010874053876       4   0 0  0 1  0 2  0 1
   296  0.3795568077597262E-05   4   1 0  0 0  0 1  1 1
   297  0.2087508359630124E-04   4   0 1  0 0  0 1  1 1
   298  0.4930853276174423E-01   4   0 0  1 0  0 1  1 1
   299  -.1755257447603484       4   0 0  0 1  0 1  1 1
   300  0.4838028936803257E-05   4   1 0  0 0  0 0  2 1
   301  0.2644427009651720E-04   4   0 1  0 0  0 0  2 1
   302  0.7785801950540767E-01   4   0 0  1 0  0 0  2 1
   303  -.3498114269982600       4   0 0  0 1  0 0  2 1
   304  -.7716286153420432E-06   4   1 0  0 0  0 1  0 2
   305  -.2299097751277556E-05   4   0 1  0 0  0 1  0 2
   306  -.4927414268058299E-01   4   0 0  1 0  0 1  0 2
   307  -.8758536900874177E-01   4   0 0  0 1  0 1  0 2
   308  -.7705901939171518E-06   4   1 0  0 0  0 0  1 2
   309  -.2296003733876649E-05   4   0 1  0 0  0 0  1 2
   310  -.4920783186157349E-01   4   0 0  1 0  0 0  1 2
   311  -.8746750074688536E-01   4   0 0  0 1  0 0  1 2
   312  0.1913876344904685E-06   4   1 0  0 0  0 0  0 3
   313  0.1561221801796694E-06   4   0 1  0 0  0 0  0 3
   314  -.2740751919142989E-02   4   0 0  1 0  0 0  0 3
   315  -.2238508176504461E-02   4   0 0  0 1  0 0  0 3
   316  -.5924277003162516E-05   4   0 0  0 0  0 4  0 0
   317  -.3097748398357757E-05   4   0 0  0 0  0 3  1 0
   318  -.2722456403173486E-05   4   0 0  0 0  0 2  2 0
   319  -.3105836803189563E-05   4   0 0  0 0  0 1  3 0
   320  -.5906256786145313E-05   4   0 0  0 0  0 0  4 0
   321  0.6403793419911548E-05   4   0 0  0 0  0 3  0 1
   322  0.3308298619067784E-05   4   0 0  0 0  0 2  1 1
   323  0.3314529879201119E-05   4   0 0  0 0  0 1  2 1
   324  0.6388643462204023E-05   4   0 0  0 0  0 0  3 1
   325  0.4185534567652186E-06   4   0 0  0 0  0 2  0 2
   326  0.4988274087306027E-06   4   0 0  0 0  0 1  1 2
   327  0.4176545380399719E-06   4   0 0  0 0  0 0  2 2
   328  0.2822338079676723E-08   4   0 0  0 0  0 1  0 3
   329  0.2818539910101294E-08   4   0 0  0 0  0 0  1 3
   330  -.7421936168507578E-14   4   0 0  0 0  0 0  0 4
   ----------------------------------------------------
     I  COEFFICIENT            ORDER EXPONENTS
     1  0.8790554308752543E-08   0   0 0  0 0  0 0  0 0
     2  -.2070193778923379E-05   1   1 0  0 0  0 0  0 0
     3  -.2774133214003965E-05   1   0 1  0 0  0 0  0 0
     4  0.1578013505497003E-04   1   0 0  1 0  0 0  0 0
     5  0.5229618224527308E-06   1   0 0  0 1  0 0  0 0
     6   1.000000000000000       1   0 0  0 0  1 0  0 0
     7  0.2859789907795892       1   0 0  0 0  0 1  0 0
     8  -.2859789894418696       1   0 0  0 0  0 0  1 0
     9  -.1337725138596243E-08   1   0 0  0 0  0 0  0 1
    10  -.1134261371971431       2   2 0  0 0  0 0  0 0
    11  -.3822797020588513       2   1 1  0 0  0 0  0 0
    12  -.5367869855957281       2   0 2  0 0  0 0  0 0
    13  -.7665923749121082E-05   2   1 0  1 0  0 0  0 0
    14  -.1226227787853714E-04   2   0 1  1 0  0 0  0 0
    15  -.9064572740847569E-01   2   0 0  2 0  0 0  0 0
    16  -.1215707576584022E-04   2   1 0  0 1  0 0  0 0
    17  -.1559256969116245E-04   2   0 1  0 1  0 0  0 0
    18  -.2997174116127176E-02   2   0 0  1 1  0 0  0 0
    19  -.2168404772459976       2   0 0  0 2  0 0  0 0
    20  0.3088877339223085E-05   2   1 0  0 0  0 1  0 0
    21  0.5030961705201054E-05   2   0 1  0 0  0 1  0 0
    22  -.2280726725249566E-04   2   0 0  1 0  0 1  0 0
    23  -.7515168800587416E-05   2   0 0  0 1  0 1  0 0
    24  0.1020104284962284E-05   2   1 0  0 0  0 0  1 0
    25  0.2257540818910231E-05   2   0 1  0 0  0 0  1 0
    26  -.7038891451337681E-05   2   0 0  1 0  0 0  1 0
    27  -.6983508740793483E-05   2   0 0  0 1  0 0  1 0
    28  -.4109015127783471E-05   2   1 0  0 0  0 0  0 1
    29  -.4514450061034045E-05   2   0 1  0 0  0 0  0 1
    30  0.2984617344720400E-04   2   0 0  1 0  0 0  0 1
    31  0.1397573671690263E-04   2   0 0  0 1  0 0  0 1
    32  -.2146286621278389       2   0 0  0 0  0 2  0 0
    33  0.1432783315765434       2   0 0  0 0  0 1  1 0
    34  0.7135032865115805E-01   2   0 0  0 0  0 0  2 0
    35  0.1899691585002965E-08   2   0 0  0 0  0 1  0 1
    36  0.5630507331247752E-09   2   0 0  0 0  0 0  1 1
    37  -.5625550199890805E-09   2   0 0  0 0  0 0  0 2
    38  0.5486196032554712E-01   3   3 0  0 0  0 0  0 0
    39  0.1907252188989147       3   2 1  0 0  0 0  0 0
    40  0.2098548291904520       3   1 2  0 0  0 0  0 0
    41  0.7456498687637528E-01   3   0 3  0 0  0 0  0 0
    42  0.3234698096414015E-03   3   2 0  1 0  0 0  0 0
    43  0.5535694576490984E-03   3   1 1  1 0  0 0  0 0
    44  0.3592755550252112E-03   3   0 2  1 0  0 0  0 0
    45  0.3460617630023119E-01   3   1 0  2 0  0 0  0 0
    46  -.3308202340142125E-02   3   0 1  2 0  0 0  0 0
    47  0.1000816652096641E-03   3   0 0  3 0  0 0  0 0
    48  0.2267765557620989E-03   3   2 0  0 1  0 0  0 0
    49  0.3669700357549146E-03   3   1 1  0 1  0 0  0 0
    50  0.2370596418108777E-03   3   0 2  0 1  0 0  0 0
    51  -.5461322028806680E-02   3   1 0  1 1  0 0  0 0
    52  -.6559880559160307E-01   3   0 1  1 1  0 0  0 0
    53  0.3280746142608904E-03   3   0 0  2 1  0 0  0 0
    54  -.3358014476605353E-01   3   1 0  0 2  0 0  0 0
    55  -.5750090520560267E-01   3   0 1  0 2  0 0  0 0
    56  0.3278490626551320E-03   3   0 0  1 2  0 0  0 0
    57  0.9497684399828938E-04   3   0 0  0 3  0 0  0 0
    58  0.1763965527268312       3   2 0  0 0  0 1  0 0
    59  0.6907892567991452       3   1 1  0 0  0 1  0 0
    60  0.9846253574916544       3   0 2  0 0  0 1  0 0
    61  0.1155526962797474E-04   3   1 0  1 0  0 1  0 0
    62  0.2211998117579556E-04   3   0 1  1 0  0 1  0 0
    63  0.1308011889998874       3   0 0  2 0  0 1  0 0
    64  0.2194685950354304E-04   3   1 0  0 1  0 1  0 0
    65  0.3478542229991908E-04   3   0 1  0 1  0 1  0 0
    66  0.8173475568039945E-01   3   0 0  1 1  0 1  0 0
    67  0.3270331544833007       3   0 0  0 2  0 1  0 0
    68  0.6303822518404717E-01   3   2 0  0 0  0 0  1 0
    69  0.3086084074412359       3   1 1  0 0  0 0  1 0
    70  0.4479572966530366       3   0 2  0 0  0 0  1 0
    71  0.3878484045836680E-05   3   1 0  1 0  0 0  1 0
    72  0.9803947273825038E-05   3   0 1  1 0  0 0  1 0
    73  0.4022331986995276E-01   3   0 0  2 0  0 0  1 0
    74  0.9767257740328564E-05   3   1 0  0 1  0 0  1 0
    75  0.1911969242188907E-04   3   0 1  0 1  0 0  1 0
    76  0.7863575469215076E-01   3   0 0  1 1  0 0  1 0
    77  0.1103358541005354       3   0 0  0 2  0 0  1 0
    78  -.2394350086965818       3   2 0  0 0  0 0  0 1
    79  -.6171186184537627       3   1 1  0 0  0 0  0 1
    80  -.3590092723507284       3   0 2  0 0  0 0  0 1
    81  -.1540090633420715E-04   3   1 0  1 0  0 0  0 1
    82  -.1955095982280858E-04   3   0 1  1 0  0 0  0 1
    83  -.1710246425959993       3   0 0  2 0  0 0  0 1
    84  -.1949156212060310E-04   3   1 0  0 1  0 0  0 1
    85  -.2254540443740402E-04   3   0 1  0 1  0 0  0 1
    86  -.1573735021084051       3   0 0  1 1  0 0  0 1
    87  -.3688150479085066E-02   3   0 0  0 2  0 0  0 1
    88  -.3842009438261316E-05   3   1 0  0 0  0 2  0 0
    89  -.7145490678507129E-05   3   0 1  0 0  0 2  0 0
    90  0.2766948836302599E-04   3   0 0  1 0  0 2  0 0
    91  0.1575850471515223E-04   3   0 0  0 1  0 2  0 0
    92  -.1507302685534971E-05   3   1 0  0 0  0 1  1 0
    93  -.4229988676503560E-05   3   0 1  0 0  0 1  1 0
    94  0.9733942726850830E-05   3   0 0  1 0  0 1  1 0
    95  0.1648672135049931E-04   3   0 0  0 1  0 1  1 0
    96  -.7547098571674385E-06   3   1 0  0 0  0 0  2 0
    97  -.2115526080664292E-05   3   0 1  0 0  0 0  2 0
    98  0.4875737880784939E-05   3   0 0  1 0  0 0  2 0
    99  0.8237310193093236E-05   3   0 0  0 1  0 0  2 0
   100  0.6101870413145820E-05   3   1 0  0 0  0 1  0 1
   101  0.8458611425460247E-05   3   0 1  0 0  0 1  0 1
   102  -.4226967490697151E-04   3   0 0  1 0  0 1  0 1
   103  -.3297761944996283E-04   3   0 0  0 1  0 1  0 1
   104  0.1995843294071497E-05   3   1 0  0 0  0 0  1 1
   105  0.3945145455455752E-05   3   0 1  0 0  0 0  1 1
   106  -.1244800034038272E-04   3   0 0  1 0  0 0  1 1
   107  -.1899606820156234E-04   3   0 0  0 1  0 0  1 1
   108  -.1994327986054505E-05   3   1 0  0 0  0 0  0 2
   109  -.1687493176671677E-05   3   0 1  0 0  0 0  0 2
   110  0.1243689574657569E-04   3   0 0  1 0  0 0  0 2
   111  0.1201221699269756E-04   3   0 0  0 1  0 0  0 2
   112  0.1788813490619517       3   0 0  0 0  0 3  0 0
   113  -.1073867922334169       3   0 0  0 0  0 2  1 0
   114  -.3589155502033188E-01   3   0 0  0 0  0 1  2 0
   115  -.3560303932469781E-01   3   0 0  0 0  0 0  3 0
   116  -.2261901834740618E-08   3   0 0  0 0  0 2  0 1
   117  -.2581670717953155E-10   3   0 0  0 0  0 1  1 1
   118  -.1440750887642726E-10   3   0 0  0 0  0 0  2 1
   119  0.3509622410384185E-09   3   0 0  0 0  0 1  0 2
   120  0.4816952752346467E-10   3   0 0  0 0  0 0  1 2
   121  0.4878060734699485E-10   3   0 0  0 0  0 0  0 3
   122  -.5465168868137520       4   4 0  0 0  0 0  0 0
   123  -2.872425897174195       4   3 1  0 0  0 0  0 0
   124  -5.993053839817478       4   2 2  0 0  0 0  0 0
   125  -5.710857704522625       4   1 3  0 0  0 0  0 0
   126  -2.315739988937866       4   0 4  0 0  0 0  0 0
   127  0.2106178755915783E-03   4   3 0  1 0  0 0  0 0
   128  0.2140282653292664E-02   4   2 1  1 0  0 0  0 0
   129  0.3322029312213522E-02   4   1 2  1 0  0 0  0 0
   130  0.1401538571245939E-02   4   0 3  1 0  0 0  0 0
   131  -2.149926983642559       4   2 0  2 0  0 0  0 0
   132  -4.168735765188936       4   1 1  2 0  0 0  0 0
   133  -2.605607864660942       4   0 2  2 0  0 0  0 0
   134  0.2321550457058258E-02   4   1 0  3 0  0 0  0 0
   135  0.1655427691796022E-02   4   0 1  3 0  0 0  0 0
   136  -.3873464187539648       4   0 0  4 0  0 0  0 0
   137  0.7844290031935177E-03   4   3 0  0 1  0 0  0 0
   138  0.3605411968333073E-02   4   2 1  0 1  0 0  0 0
   139  0.4591370342969101E-02   4   1 2  0 1  0 0  0 0
   140  0.1772034632124694E-02   4   0 3  0 1  0 0  0 0
   141  -3.220881051174330       4   2 0  1 1  0 0  0 0
   142  -5.721166007564439       4   1 1  1 1  0 0  0 0
   143  -3.382864618261054       4   0 2  1 1  0 0  0 0
   144  0.5229056912615816E-02   4   1 0  2 1  0 0  0 0
   145  0.3514651879194540E-02   4   0 1  2 1  0 0  0 0
   146  -1.359121185683069       4   0 0  3 1  0 0  0 0
   147  -1.037905148467544       4   2 0  0 2  0 0  0 0
   148  -1.984398148171326       4   1 1  0 2  0 0  0 0
   149  -1.657760762138803       4   0 2  0 2  0 0  0 0
   150  0.3704800620176018E-02   4   1 0  1 2  0 0  0 0
   151  0.2208127867813405E-02   4   0 1  1 2  0 0  0 0
   152  -1.773911448561125       4   0 0  2 2  0 0  0 0
   153  0.7624087236234141E-03   4   1 0  0 3  0 0  0 0
   154  0.3151043986810488E-03   4   0 1  0 3  0 0  0 0
   155  -.9365633785864753       4   0 0  1 3  0 0  0 0
   156  -.2837509148292772       4   0 0  0 4  0 0  0 0
   157  -.8904043186074474E-01   4   3 0  0 0  0 1  0 0
   158  -.3828007226005078       4   2 1  0 0  0 1  0 0
   159  -.5112546316437265       4   1 2  0 0  0 1  0 0
   160  -.2155780713358849       4   0 3  0 0  0 1  0 0
   161  0.3490290181729213E-04   4   2 0  1 0  0 1  0 0
   162  -.1687233165479789E-03   4   1 1  1 0  0 1  0 0
   163  -.3123856685594366E-03   4   0 2  1 0  0 1  0 0
   164  -.4748947568021372E-01   4   1 0  2 0  0 1  0 0
   165  -.8113046833779114E-02   4   0 1  2 0  0 1  0 0
   166  -.4146027211529557E-04   4   0 0  3 0  0 1  0 0
   167  -.7358431629764752E-04   4   2 0  0 1  0 1  0 0
   168  -.1332500775505748E-03   4   1 1  0 1  0 1  0 0
   169  -.1547978391025438E-03   4   0 2  0 1  0 1  0 0
   170  -.1817312646132114E-01   4   1 0  1 1  0 1  0 0
   171  0.1046945392721198       4   0 1  1 1  0 1  0 0
   172  -.2501253252406812E-03   4   0 0  2 1  0 1  0 0
   173  0.5418518515370958E-01   4   1 0  0 2  0 1  0 0
   174  0.1305954190196286       4   0 1  0 2  0 1  0 0
   175  -.5104765450442505E-03   4   0 0  1 2  0 1  0 0
   176  -.2375443950544874E-03   4   0 0  0 3  0 1  0 0
   177  -.3387825927605133E-01   4   3 0  0 0  0 0  1 0
   178  -.1906567835501612       4   2 1  0 0  0 0  1 0
   179  -.2993741136897284       4   1 2  0 0  0 0  1 0
   180  -.1400459996245000       4   0 3  0 0  0 0  1 0
   181  0.1072542690283813E-04   4   2 0  1 0  0 0  1 0
   182  -.2666416742758927E-03   4   1 1  1 0  0 0  1 0
   183  -.3152946478454955E-03   4   0 2  1 0  0 0  1 0
   184  -.1278773383908167E-01   4   1 0  2 0  0 0  1 0
   185  -.1095597454776022E-01   4   0 1  2 0  0 0  1 0
   186  -.3251871254908738E-04   4   0 0  3 0  0 0  1 0
   187  -.1019389562406057E-03   4   2 0  0 1  0 0  1 0
   188  -.2823891949865983E-03   4   1 1  0 1  0 0  1 0
   189  -.2360303913360006E-03   4   0 2  0 1  0 0  1 0
   190  -.2341645415598747E-01   4   1 0  1 1  0 0  1 0
   191  0.3977063636813077E-01   4   0 1  1 1  0 0  1 0
   192  -.1853684876483843E-03   4   0 0  2 1  0 0  1 0
   193  0.2074495272905422E-01   4   1 0  0 2  0 0  1 0
   194  0.7341499256227912E-01   4   0 1  0 2  0 0  1 0
   195  -.3739308129369204E-03   4   0 0  1 2  0 0  1 0
   196  -.1802078857163738E-03   4   0 0  0 3  0 0  1 0
   197  0.1225116441113789       4   3 0  0 0  0 0  0 1
   198  0.3804005890993680       4   2 1  0 0  0 0  0 1
   199  0.3871170517701126       4   1 2  0 0  0 0  0 1
   200  0.1297841254409134       4   0 3  0 0  0 0  0 1
   201  0.2016644602758240E-04   4   2 0  1 0  0 0  0 1
   202  0.8586690442952585E-04   4   1 1  1 0  0 0  0 1
   203  0.1480702696111152E-03   4   0 2  1 0  0 0  0 1
   204  0.6004592686118769E-01   4   1 0  2 0  0 0  0 1
   205  0.2148143550814028E-01   4   0 1  2 0  0 0  0 1
   206  0.1072695064363482E-03   4   0 0  3 0  0 0  0 1
   207  -.8419787613662302E-04   4   2 0  0 1  0 0  0 1
   208  -.1989433357000231E-03   4   1 1  0 1  0 0  0 1
   209  -.3216777090120583E-04   4   0 2  0 1  0 0  0 1
   210  0.4669211057004198E-01   4   1 0  1 1  0 0  0 1
   211  -.1452176371721859E-01   4   0 1  1 1  0 0  0 1
   212  0.2164894750501385E-03   4   0 0  2 1  0 0  0 1
   213  -.8072756479573706E-02   4   1 0  0 2  0 0  0 1
   214  -.3234407321221514E-01   4   0 1  0 2  0 0  0 1
   215  0.1840690893327253E-03   4   0 0  1 2  0 0  0 1
   216  0.7933581909654508E-04   4   0 0  0 3  0 0  0 1
   217  -.2269562206113966       4   2 0  0 0  0 2  0 0
   218  -.9867354242446367       4   1 1  0 0  0 2  0 0
   219  -1.440061149378239       4   0 2  0 0  0 2  0 0
   220  -.1779849867390493E-04   4   1 0  1 0  0 2  0 0
   221  -.4046852182395012E-04   4   0 1  1 0  0 2  0 0
   222  -.1584797176993539       4   0 0  2 0  0 2  0 0
   223  -.4090317372083960E-04   4   1 0  0 1  0 2  0 0
   224  -.7128806411629814E-04   4   0 1  0 1  0 2  0 0
   225  -.1750215276513655       4   0 0  1 1  0 2  0 0
   226  -.4270701897320489       4   0 0  0 2  0 2  0 0
   227  -.1011244118949133       4   2 0  0 0  0 1  1 0
   228  -.5918735790330707       4   1 1  0 0  0 1  1 0
   229  -.9108265684710588       4   0 2  0 0  0 1  1 0
   230  -.7002661441597562E-05   4   1 0  1 0  0 1  1 0
   231  -.2202033330149368E-04   4   0 1  1 0  0 1  1 0
   232  -.5541131444752588E-01   4   0 0  2 0  0 1  1 0
   233  -.2251240895950608E-04   4   1 0  0 1  0 1  1 0
   234  -.5018075645863140E-04   4   0 1  0 1  0 1  1 0
   235  -.1865719198411618       4   0 0  1 1  0 1  1 0
   236  -.2001195659522889       4   0 0  0 2  0 1  1 0
   237  -.5061264629477639E-01   4   2 0  0 0  0 0  2 0
   238  -.2960025030822415       4   1 1  0 0  0 0  2 0
   239  -.4554617034367963       4   0 2  0 0  0 0  2 0
   240  -.3530444814223902E-05   4   1 0  1 0  0 0  2 0
   241  -.1104143540614353E-04   4   0 1  1 0  0 0  2 0
   242  -.2775621207166391E-01   4   0 0  2 0  0 0  2 0
   243  -.1127822365149289E-04   4   1 0  0 1  0 0  2 0
   244  -.2509460438381661E-04   4   0 1  0 1  0 0  2 0
   245  -.9321527522043407E-01   4   0 0  1 1  0 0  2 0
   246  -.1001447968537188       4   0 0  0 2  0 0  2 0
   247  0.3786084858128122       4   2 0  0 0  0 1  0 1
   248   1.183701273161873       4   1 1  0 0  0 1  0 1
   249  0.8370393022543370       4   0 2  0 0  0 1  0 1
   250  0.2178201208544090E-04   4   1 0  1 0  0 1  0 1
   251  0.3969937960738727E-04   4   0 1  1 0  0 1  0 1
   252  0.2415892670408042       4   0 0  2 0  0 1  0 1
   253  0.4045399372616745E-04   4   1 0  0 1  0 1  0 1
   254  0.5945917429695667E-04   4   0 1  0 1  0 1  0 1
   255  0.3731860904182469       4   0 0  1 1  0 1  0 1
   256  0.7318177022536386E-01   4   0 0  0 2  0 1  0 1
   257  0.1392985899388366       4   2 0  0 0  0 0  1 1
   258  0.5666330443593537       4   1 1  0 0  0 0  1 1
   259  0.4778618695485689       4   0 2  0 0  0 0  1 1
   260  0.7315294435151548E-05   4   1 0  1 0  0 0  1 1
   261  0.1796490934191639E-04   4   0 1  1 0  0 0  1 1
   262  0.7070628101221668E-01   4   0 0  2 0  0 0  1 1
   263  0.1849726023908895E-04   4   1 0  0 1  0 0  1 1
   264  0.3210330918697502E-04   4   0 1  0 1  0 0  1 1
   265  0.2157453442217611       4   0 0  1 1  0 0  1 1
   266  0.6941017885133512E-01   4   0 0  0 2  0 0  1 1
   267  -.1392244479483919       4   2 0  0 0  0 0  0 2
   268  -.2580266258945266       4   1 1  0 0  0 0  0 2
   269  -.1189262010554010       4   0 2  0 0  0 0  0 2
   270  -.5280997365878685E-05   4   1 0  1 0  0 0  0 2
   271  -.4808261079558690E-05   4   0 1  1 0  0 0  0 2
   272  -.7064173250817354E-01   4   0 0  2 0  0 0  0 2
   273  -.5130563172290387E-05   4   1 0  0 1  0 0  0 2
   274  -.4709632036311422E-05   4   0 1  0 1  0 0  0 2
   275  -.1371040071782113       4   0 0  1 1  0 0  0 2
   276  -.6576942816597486E-01   4   0 0  0 2  0 0  0 2
   277  -.8210629595242503E-04   4   1 0  0 0  0 3  0 0
   278  -.1744281254935853E-03   4   0 1  0 0  0 3  0 0
   279  -.3970022955018308E-04   4   0 0  1 0  0 3  0 0
   280  -.1613450205076244E-04   4   0 0  0 1  0 3  0 0
   281  -.3999386094628719E-04   4   1 0  0 0  0 2  1 0
   282  -.8284831247816796E-04   4   0 1  0 0  0 2  1 0
   283  -.1403144168882101E-04   4   0 0  1 0  0 2  1 0
   284  -.2268782413117911E-04   4   0 0  0 1  0 2  1 0
   285  -.2476569929001529E-04   4   1 0  0 0  0 1  2 0
   286  -.5103563041049780E-04   4   0 1  0 0  0 1  2 0
   287  -.7976477710502584E-05   4   0 0  1 0  0 1  2 0
   288  -.1582558783495335E-04   4   0 0  0 1  0 1  2 0
   289  -.1335176732275285E-04   4   1 0  0 0  0 0  3 0
   290  -.2766166436825811E-04   4   0 1  0 0  0 0  3 0
   291  -.4692264847059105E-05   4   0 0  1 0  0 0  3 0
   292  -.7552933672192937E-05   4   0 0  0 1  0 0  3 0
   293  0.7090923193461298E-04   4   1 0  0 0  0 2  0 1
   294  0.5973132795062724E-04   4   0 1  0 0  0 2  0 1
   295  0.4449650856015899E-04   4   0 0  1 0  0 2  0 1
   296  0.6071914497872233E-04   4   0 0  0 1  0 2  0 1
   297  0.3436750733866781E-04   4   1 0  0 0  0 1  1 1
   298  0.3010900731583403E-04   4   0 1  0 0  0 1  1 1
   299  0.1322445641493102E-04   4   0 0  1 0  0 1  1 1
   300  0.4118068201501104E-04   4   0 0  0 1  0 1  1 1
   301  0.1719665294901788E-04   4   1 0  0 0  0 0  2 1
   302  0.1506414740094981E-04   4   0 1  0 0  0 0  2 1
   303  0.6628878257791011E-05   4   0 0  1 0  0 0  2 1
   304  0.2058986760786994E-04   4   0 0  0 1  0 0  2 1
   305  -.1629245305485398E-06   4   1 0  0 0  0 1  0 2
   306  0.8888579873414837E-06   4   0 1  0 0  0 1  0 2
   307  -.6671702080111105E-05   4   0 0  1 0  0 1  0 2
   308  -.1276235608679918E-04   4   0 0  0 1  0 1  0 2
   309  -.1312088973982157E-05   4   1 0  0 0  0 0  1 2
   310  -.2022437902971474E-06   4   0 1  0 0  0 0  1 2
   311  -.7500538434726582E-06   4   0 0  1 0  0 0  1 2
   312  -.6691365574507912E-05   4   0 0  0 1  0 0  1 2
   313  -.2956154722200396E-07   4   1 0  0 0  0 0  0 3
   314  -.1441176621810377E-07   4   0 1  0 0  0 0  0 3
   315  -.1113989149627755E-05   4   0 0  1 0  0 0  0 3
   316  -.1004731741960126E-05   4   0 0  0 1  0 0  0 3
   317  -.1565302491372679       4   0 0  0 0  0 4  0 0
   318  0.8947684533557337E-01   4   0 0  0 0  0 3  1 0
   319  0.2686485677050931E-01   4   0 0  0 0  0 2  2 0
   320  0.1798162799588781E-01   4   0 0  0 0  0 1  3 0
   321  0.2220686199441411E-01   4   0 0  0 0  0 0  4 0
   322  0.3124238020213535E-08   4   0 0  0 0  0 3  0 1
   323  0.1869253721688356E-08   4   0 0  0 0  0 2  1 1
   324  0.1529690892608477E-08   4   0 0  0 0  0 1  2 1
   325  0.5366160697955714E-09   4   0 0  0 0  0 0  3 1
   326  -.4312558805703223E-09   4   0 0  0 0  0 2  0 2
   327  -.1039864172679255E-09   4   0 0  0 0  0 1  1 2
   328  -.5010329364997161E-10   4   0 0  0 0  0 0  2 2
   329  -.9390133845596940E-10   4   0 0  0 0  0 1  0 3
   330  -.4512556805377415E-10   4   0 0  0 0  0 0  1 3
   331  -.2904316706779016E-11   4   0 0  0 0  0 0  0 4
   ----------------------------------------------------
     I  COEFFICIENT            ORDER EXPONENTS
     1   1.000000000000000       1   0 0  0 0  0 1  0 0
     --------------------------------------------------
     I  COEFFICIENT            ORDER EXPONENTS
     1   1.000000000000000       1   0 0  0 0  0 0  1 0
     --------------------------------------------------
     I  COEFFICIENT            ORDER EXPONENTS
     1   1.000000000000000       1   0 0  0 0  0 0  0 1
     --------------------------------------------------
