 L    0.1145458000000000E+01
 P (  0.0000000000000000E+00,  0.0000000000000000E+00,  0.9555200000000000E-01)
 A (  0.0000000000000000E+00,  0.0000000000000000E+00,  0.0000000000000000E+00)
     I  COEFFICIENT            ORDER EXPONENTS
     1  0.9431901926429661E-04   0   0 0  0 0  0 0  0 0
     2   1.377890655511653       1   1 0  0 0  0 0  0 0
     3   1.481242238351952       1   0 1  0 0  0 0  0 0
     4  0.1126907347623299E-04   1   0 0  1 0  0 0  0 0
     5  0.9893246098810330E-05   1   0 0  0 1  0 0  0 0
     6  -.7618562432452432E-06   1   0 0  0 0  0 1  0 0
     7  -.7608309730181999E-06   1   0 0  0 0  0 0  1 0
     8  0.1522687217556775E-05   1   0 0  0 0  0 0  0 1
     9  -.8988853926666540E-01   2   2 0  0 0  0 0  0 0
    10  -.1608613386732930       2   1 1  0 0  0 0  0 0
    11  -.7236561550361501E-01   2   0 2  0 0  0 0  0 0
    12  0.3532842694936145E-03   2   1 0  1 0  0 0  0 0
    13  0.1015867024546898E-03   2   0 1  1 0  0 0  0 0
    14  0.7308325159181764E-01   2   0 0  2 0  0 0  0 0
    15  0.3285579067455460E-03   2   1 0  0 1  0 0  0 0
    16  0.1319780621589979E-03   2   0 1  0 1  0 0  0 0
    17  0.1306472657505046       2   0 0  1 1  0 0  0 0
    18  0.5883442905557311E-01   2   0 0  0 2  0 0  0 0
    19  -.1988118780618632       2   1 0  0 0  0 1  0 0
    20  -.9172551207888190       2   0 1  0 0  0 1  0 0
    21  -.6015253684659861E-05   2   0 0  1 0  0 1  0 0
    22  -.1025807953009984E-04   2   0 0  0 1  0 1  0 0
    23  -.1985443264060465       2   1 0  0 0  0 0  1 0
    24  -.9160207220759978       2   0 1  0 0  0 0  1 0
    25  -.6007158639740126E-05   2   0 0  1 0  0 0  1 0
    26  -.1024427469011479E-04   2   0 0  0 1  0 0  1 0
    27  0.3973562044873762       2   1 0  0 0  0 0  0 1
    28  0.3520336045327803       2   0 1  0 0  0 0  0 1
    29  0.1202239729267685E-04   2   0 0  1 0  0 0  0 1
    30  0.1060909377364868E-04   2   0 0  0 1  0 0  0 1
    31  0.4951458504141087E-06   2   0 0  0 0  0 2  0 0
    32  0.2291661522513325E-06   2   0 0  0 0  0 1  1 0
    33  0.4943253058111393E-06   2   0 0  0 0  0 0  2 0
    34  -.4576569741912933E-06   2   0 0  0 0  0 1  0 1
    35  -.4570410810040846E-06   2   0 0  0 0  0 0  1 1
    36  -.3039911248669253E-06   2   0 0  0 0  0 0  0 2
    37  0.4207738674226817       3   3 0  0 0  0 0  0 0
    38   2.827816108812300       3   2 1  0 0  0 0  0 0
    39   4.500877507425723       3   1 2  0 0  0 0  0 0
    40   2.809081886554387       3   0 3  0 0  0 0  0 0
    41  -.7496833925478905E-02   3   2 0  1 0  0 0  0 0
    42  -.1332009412942855E-01   3   1 1  1 0  0 0  0 0
    43  -.5932338318127915E-02   3   0 2  1 0  0 0  0 0
    44  -.8592908329827931       3   1 0  2 0  0 0  0 0
    45  0.2385736124011623       3   0 1  2 0  0 0  0 0
    46  0.2004370331635007E-02   3   0 0  3 0  0 0  0 0
    47  -.6769360889199771E-02   3   2 0  0 1  0 0  0 0
    48  -.1211515178814636E-01   3   1 1  0 1  0 0  0 0
    49  -.5430533772931738E-02   3   0 2  0 1  0 0  0 0
    50  -2.192905287806392       3   1 0  1 1  0 0  0 0
    51  -.5050085425458526       3   0 1  1 1  0 0  0 0
    52  0.5376934526348161E-02   3   0 0  2 1  0 0  0 0
    53  -.8752178938897022       3   1 0  0 2  0 0  0 0
    54  0.4595807133697123       3   0 1  0 2  0 0  0 0
    55  0.4853045267141858E-02   3   0 0  1 2  0 0  0 0
    56  0.1478916576204066E-02   3   0 0  0 3  0 0  0 0
    57  0.5184845428858701E-01   3   2 0  0 0  0 1  0 0
    58  0.1730776880927386       3   1 1  0 0  0 1  0 0
    59  0.1139518593103314       3   0 2  0 0  0 1  0 0
    60  -.2319705893523849E-03   3   1 0  1 0  0 1  0 0
    61  -.1342679897656878E-03   3   0 1  1 0  0 1  0 0
    62  -.3482290432780869E-01   3   0 0  2 0  0 1  0 0
    63  -.4049469790546105E-03   3   1 0  0 1  0 1  0 0
    64  -.2527395759969779E-03   3   0 1  0 1  0 1  0 0
    65  -.1273566636854980       3   0 0  1 1  0 1  0 0
    66  -.8670294415253477E-01   3   0 0  0 2  0 1  0 0
    67  0.5177867908233809E-01   3   2 0  0 0  0 0  1 0
    68  0.1728447682969713       3   1 1  0 0  0 0  1 0
    69  0.1137985082684361       3   0 2  0 0  0 0  1 0
    70  -.2316584142656297E-03   3   1 0  1 0  0 0  1 0
    71  -.1340872982328925E-03   3   0 1  1 0  0 0  1 0
    72  -.3477604130431097E-01   3   0 0  2 0  0 0  1 0
    73  -.4044020204946891E-03   3   1 0  0 1  0 0  1 0
    74  -.2523994509868052E-03   3   0 1  0 1  0 0  1 0
    75  -.1271852730896218       3   0 0  1 1  0 0  1 0
    76  -.8658626341646250E-01   3   0 0  0 2  0 0  1 0
    77  -.1036273019129829       3   2 0  0 0  0 0  0 1
    78  -.1850613904948251       3   1 1  0 0  0 0  0 1
    79  -.8301924566958700E-01   3   0 2  0 0  0 0  0 1
    80  0.4631431231495756E-03   3   1 0  1 0  0 0  0 1
    81  0.1662659691700716E-03   3   0 1  1 0  0 0  0 1
    82  0.6959906065335963E-01   3   0 0  2 0  0 0  0 1
    83  0.4802864990897471E-03   3   1 0  0 1  0 0  0 1
    84  0.2406588147982889E-03   3   0 1  0 1  0 0  0 1
    85  0.1238948510262382       3   0 0  1 1  0 0  0 1
    86  0.5562041849900405E-01   3   0 0  0 2  0 0  0 1
    87  0.1540469287399054       3   1 0  0 0  0 2  0 0
    88  0.7800613511713033       3   0 1  0 0  0 2  0 0
    89  0.4715730904548250E-05   3   0 0  1 0  0 2  0 0
    90  0.1055783804368201E-04   3   0 0  0 1  0 2  0 0
    91  0.1094021660515392       3   1 0  0 0  0 1  1 0
    92  0.6432353330118487       3   0 1  0 0  0 1  1 0
    93  0.3377232993922865E-05   3   0 0  1 0  0 1  1 0
    94  0.1080494568702497E-04   3   0 0  0 1  0 1  1 0
    95  0.1537660055036242       3   1 0  0 0  0 0  2 0
    96  0.7785787634696473       3   0 1  0 0  0 0  2 0
    97  0.4707112235710295E-05   3   0 0  1 0  0 0  2 0
    98  0.1053635940949300E-04   3   0 0  0 1  0 0  2 0
    99  -.2186843948486176       3   1 0  0 0  0 1  0 1
   100  -.3688484209590633       3   0 1  0 0  0 1  0 1
   101  -.6717094202731811E-05   3   0 0  1 0  0 1  0 1
   102  -.1126827541189784E-04   3   0 0  0 1  0 1  0 1
   103  -.2183900996962689       3   1 0  0 0  0 0  1 1
   104  -.3683520421373606       3   0 1  0 0  0 0  1 1
   105  -.6708054653919444E-05   3   0 0  1 0  0 0  1 1
   106  -.1125311109790393E-04   3   0 0  0 1  0 0  1 1
   107  0.1985921503667599E-01   3   1 0  0 0  0 0  0 2
   108  0.1656670882829616E-01   3   0 1  0 0  0 0  0 2
   109  0.6621905379726868E-06   3   0 0  1 0  0 0  0 2
   110  0.6212523832563006E-06   3   0 0  0 1  0 0  0 2
   111  -.3606180215354239E-06   3   0 0  0 0  0 3  0 0
   112  -.9183234324013233E-07   3   0 0  0 0  0 2  1 0
   113  -.9237394215429958E-07   3   0 0  0 0  0 1  2 0
   114  -.3598283591175736E-06   3   0 0  0 0  0 0  3 0
   115  0.1832450424739907E-06   3   0 0  0 0  0 2  0 1
   116  -.9033453040430583E-07   3   0 0  0 0  0 1  1 1
   117  0.1830592238503829E-06   3   0 0  0 0  0 0  2 1
   118  0.3195574245258903E-06   3   0 0  0 0  0 1  0 2
   119  0.3191273792041603E-06   3   0 0  0 0  0 0  1 2
   120  -.1025116611289152E-07   3   0 0  0 0  0 0  0 3
   121  -9.264722581836612       4   4 0  0 0  0 0  0 0
   122  -34.08000629838585       4   3 1  0 0  0 0  0 0
   123  -47.33776011090670       4   2 2  0 0  0 0  0 0
   124  -29.49546816878815       4   1 3  0 0  0 0  0 0
   125  -6.969057427280942       4   0 4  0 0  0 0  0 0
   126  -.5128927308446353E-02   4   3 0  1 0  0 0  0 0
   127  -.1350449342355644E-01   4   2 1  1 0  0 0  0 0
   128  -.1224751768046948E-01   4   1 2  1 0  0 0  0 0
   129  -.3842627612925748E-02   4   0 3  1 0  0 0  0 0
   130   43.76141343324243       4   2 0  2 0  0 0  0 0
   131   77.75697825447325       4   1 1  2 0  0 0  0 0
   132   34.84469664163037       4   0 2  2 0  0 0  0 0
   133  0.3999905561464380E-02   4   1 0  3 0  0 0  0 0
   134  0.3655339523287615E-02   4   0 1  3 0  0 0  0 0
   135  -5.917961309478441       4   0 0  4 0  0 0  0 0
   136  -.4767274603077350E-02   4   3 0  0 1  0 0  0 0
   137  -.1245499491517125E-01   4   2 1  0 1  0 0  0 0
   138  -.1082299270490111E-01   4   1 2  0 1  0 0  0 0
   139  -.3146359940807144E-02   4   0 3  0 1  0 0  0 0
   140   79.56886761668027       4   2 0  1 1  0 0  0 0
   141   142.4176230462372       4   1 1  1 1  0 0  0 0
   142   64.34250820643318       4   0 2  1 1  0 0  0 0
   143  0.1034367578151434E-01   4   1 0  2 1  0 0  0 0
   144  0.9332281424074437E-02   4   0 1  2 1  0 0  0 0
   145  -20.95982895949222       4   0 0  3 1  0 0  0 0
   146   36.32625863816651       4   2 0  0 2  0 0  0 0
   147   65.41692664933582       4   1 1  0 2  0 0  0 0
   148   29.75866084006766       4   0 2  0 2  0 0  0 0
   149  0.8962241029051958E-02   4   1 0  1 2  0 0  0 0
   150  0.7968770549325212E-02   4   0 1  1 2  0 0  0 0
   151  -28.01157016965652       4   0 0  2 2  0 0  0 0
   152  0.2864170549915107E-02   4   1 0  0 3  0 0  0 0
   153  0.2495877598121233E-02   4   0 1  0 3  0 0  0 0
   154  -16.67885168284652       4   0 0  1 3  0 0  0 0
   155  -3.718812448447951       4   0 0  0 4  0 0  0 0
   156  -.6547615880913876       4   3 0  0 0  0 1  0 0
   157  -4.525142747307500       4   2 1  0 0  0 1  0 0
   158  -8.742550168843715       4   1 2  0 0  0 1  0 0
   159  -6.077004485661996       4   0 3  0 0  0 1  0 0
   160  0.9980596168325108E-03   4   2 0  1 0  0 1  0 0
   161  0.7654390968505489E-02   4   1 1  1 0  0 1  0 0
   162  0.5968740475521755E-02   4   0 2  1 0  0 1  0 0
   163  0.6773118432438969       4   1 0  2 0  0 1  0 0
   164  -.1198454369734649       4   0 1  2 0  0 1  0 0
   165  -.2935566608567329E-03   4   0 0  3 0  0 1  0 0
   166  0.3844984922526841E-02   4   2 0  0 1  0 1  0 0
   167  0.1215108109501686E-01   4   1 1  0 1  0 1  0 0
   168  0.7750685203231464E-02   4   0 2  0 1  0 1  0 0
   169   2.983047301381969       4   1 0  1 1  0 1  0 0
   170   1.296097852006834       4   0 1  1 1  0 1  0 0
   171  -.3214660156011243E-02   4   0 0  2 1  0 1  0 0
   172   1.801583336538852       4   1 0  0 2  0 1  0 0
   173  -.2676567566528258       4   0 1  0 2  0 1  0 0
   174  -.5077531367325494E-02   4   0 0  1 2  0 1  0 0
   175  -.2210993809211045E-02   4   0 0  0 3  0 1  0 0
   176  -.6538804408039652       4   3 0  0 0  0 0  1 0
   177  -4.519053023460699       4   2 1  0 0  0 0  1 0
   178  -8.730784856848519       4   1 2  0 0  0 0  1 0
   179  -6.068826339424461       4   0 3  0 0  0 0  1 0
   180  0.9967164752371000E-03   4   2 0  1 0  0 0  1 0
   181  0.7644090049879031E-02   4   1 1  1 0  0 0  1 0
   182  0.5960708025886793E-02   4   0 2  1 0  0 0  1 0
   183  0.6764003488858576       4   1 0  2 0  0 0  1 0
   184  -.1196841546325073       4   0 1  2 0  0 0  1 0
   185  -.2931616061373983E-03   4   0 0  3 0  0 0  1 0
   186  0.3839810523025967E-02   4   2 0  0 1  0 0  1 0
   187  0.1213472874273980E-01   4   1 1  0 1  0 0  1 0
   188  0.7740254696362097E-02   4   0 2  0 1  0 0  1 0
   189   2.979032856909919       4   1 0  1 1  0 0  1 0
   190   1.294353624600580       4   0 1  1 1  0 0  1 0
   191  -.3210334017874967E-02   4   0 0  2 1  0 0  1 0
   192   1.799158850590219       4   1 0  0 2  0 0  1 0
   193  -.2672965568039467       4   0 1  0 2  0 0  1 0
   194  -.5070698264907113E-02   4   0 0  1 2  0 0  1 0
   195  -.2208018357943137E-02   4   0 0  0 3  0 0  1 0
   196   1.307425204784582       4   3 0  0 0  0 0  0 1
   197   6.212567506905698       4   2 1  0 0  0 0  0 1
   198   8.467580312663634       4   1 2  0 0  0 0  0 1
   199   3.717179808922960       4   0 3  0 0  0 0  0 1
   200  0.3632698292242466E-03   4   2 0  1 0  0 0  0 1
   201  0.8377146473601779E-03   4   1 1  1 0  0 0  0 1
   202  0.4888545111241286E-03   4   0 2  1 0  0 0  0 1
   203  -1.351344943935874       4   1 0  2 0  0 0  0 1
   204  0.3389972829780818E-02   4   0 1  2 0  0 0  0 1
   205  -.3541643657918456E-04   4   0 0  3 0  0 0  0 1
   206  0.4362727799535020E-03   4   2 0  0 1  0 0  0 1
   207  0.9477352056512364E-03   4   1 1  0 1  0 0  0 1
   208  0.5316091653693973E-03   4   0 2  0 1  0 0  0 1
   209  -3.764278523268016       4   1 0  1 1  0 0  0 1
   210  -1.575375248833034       4   0 1  1 1  0 0  0 1
   211  -.1031122536086030E-03   4   0 0  2 1  0 0  0 1
   212  -1.847765984328002       4   1 0  0 2  0 0  0 1
   213  -.8411528757849525       4   0 1  0 2  0 0  0 1
   214  -.8567342298254014E-04   4   0 0  1 2  0 0  0 1
   215  -.1309208927775952E-04   4   0 0  0 3  0 0  0 1
   216  -.4323484653109402E-01   4   2 0  0 0  0 2  0 0
   217  -.1842892716085285       4   1 1  0 0  0 2  0 0
   218  -.1492865881533559       4   0 2  0 0  0 2  0 0
   219  0.1045048079080301E-04   4   1 0  1 0  0 2  0 0
   220  0.1008622574235465E-03   4   0 1  1 0  0 2  0 0
   221  0.2503494878809855E-01   4   0 0  2 0  0 2  0 0
   222  0.3529711579379730E-03   4   1 0  0 1  0 2  0 0
   223  0.4238145315031795E-03   4   0 1  0 1  0 2  0 0
   224  0.1245642586153425       4   0 0  1 1  0 2  0 0
   225  0.1066003998942783       4   0 0  0 2  0 2  0 0
   226  -.3406773952489589E-01   4   2 0  0 0  0 1  1 0
   227  -.1941030133143384       4   1 1  0 0  0 1  1 0
   228  -.1835175067610573       4   0 2  0 0  0 1  1 0
   229  -.2896052978858745E-04   4   1 0  1 0  0 1  1 0
   230  0.1117278177469972E-03   4   0 1  1 0  0 1  1 0
   231  0.1559031089406260E-01   4   0 0  2 0  0 1  1 0
   232  0.4116091600426060E-03   4   1 0  0 1  0 1  1 0
   233  0.5511021733318980E-03   4   0 1  0 1  0 1  1 0
   234  0.1222498685745253       4   0 0  1 1  0 1  1 0
   235  0.1267019664208029       4   0 0  0 2  0 1  1 0
   236  -.4315373973307195E-01   4   2 0  0 0  0 0  2 0
   237  -.1839106564482689       4   1 1  0 0  0 0  2 0
   238  -.1489622006927921       4   0 2  0 0  0 0  2 0
   239  0.1045590388442654E-04   4   1 0  1 0  0 0  2 0
   240  0.1006513427352191E-03   4   0 1  1 0  0 0  2 0
   241  0.2499076758104822E-01   4   0 0  2 0  0 0  2 0
   242  0.3522191838840216E-03   4   1 0  0 1  0 0  2 0
   243  0.4228733582141134E-03   4   0 1  0 1  0 0  2 0
   244  0.1243143668507629       4   0 0  1 1  0 0  2 0
   245  0.1063716873324274       4   0 0  0 2  0 0  2 0
   246  0.6742897317128288E-01   4   2 0  0 0  0 1  0 1
   247  0.2129899371571465       4   1 1  0 0  0 1  0 1
   248  0.1370540512473551       4   0 2  0 0  0 1  0 1
   249  0.4907892042971827E-04   4   1 0  1 0  0 1  0 1
   250  -.5620883525439744E-05   4   0 1  1 0  0 1  0 1
   251  -.3144616870792230E-01   4   0 0  2 0  0 1  0 1
   252  -.2898868599796512E-03   4   1 0  0 1  0 1  0 1
   253  -.2567102234588872E-03   4   0 1  0 1  0 1  0 1
   254  -.1175267195127218       4   0 0  1 1  0 1  0 1
   255  -.8043507133451697E-01   4   0 0  0 2  0 1  0 1
   256  0.6733823043700571E-01   4   2 0  0 0  0 0  1 1
   257  0.2127033053375873       4   1 1  0 0  0 0  1 1
   258  0.1368696103643196       4   0 2  0 0  0 0  1 1
   259  0.4901287233161335E-04   4   1 0  1 0  0 0  1 1
   260  -.5613319205294292E-05   4   0 1  1 0  0 0  1 1
   261  -.3140384993608186E-01   4   0 0  2 0  0 0  1 1
   262  -.2894967439053851E-03   4   1 0  0 1  0 0  1 1
   263  -.2563647549384900E-03   4   0 1  0 1  0 0  1 1
   264  -.1173685575924442       4   0 0  1 1  0 0  1 1
   265  -.8032682560628866E-01   4   0 0  0 2  0 0  1 1
   266  -.1486488773837026E-01   4   2 0  0 0  0 0  0 2
   267  -.2614848690326954E-01   4   1 1  0 0  0 0  0 2
   268  -.1149509168866666E-01   4   0 2  0 0  0 0  0 2
   269  -.1241266997695142E-03   4   1 0  1 0  0 0  0 2
   270  -.1295191698130774E-03   4   0 1  1 0  0 0  0 2
   271  -.3063765916332016E-02   4   0 0  2 0  0 0  0 2
   272  -.8853544632290094E-04   4   1 0  0 1  0 0  0 2
   273  -.9709550178305024E-04   4   0 1  0 1  0 0  0 2
   274  -.6005737501724359E-02   4   0 0  1 1  0 0  0 2
   275  -.2882596794779480E-02   4   0 0  0 2  0 0  0 2
   276  -.1317327641556990       4   1 0  0 0  0 3  0 0
   277  -.7136294793886697       4   0 1  0 0  0 3  0 0
   278  -.6653490125378245E-05   4   0 0  1 0  0 3  0 0
   279  -.1377947690392035E-04   4   0 0  0 1  0 3  0 0
   280  -.8712780954534435E-01   4   1 0  0 0  0 2  1 0
   281  -.5808426272185320       4   0 1  0 0  0 2  1 0
   282  -.4386279915968364E-05   4   0 0  1 0  0 2  1 0
   283  -.1338950289854961E-04   4   0 0  0 1  0 2  1 0
   284  -.8721749255188802E-01   4   1 0  0 0  0 1  2 0
   285  -.5811087360211159       4   0 1  0 0  0 1  2 0
   286  -.4390838498230446E-05   4   0 0  1 0  0 1  2 0
   287  -.1339025267850712E-04   4   0 0  0 1  0 1  2 0
   288  -.1314082973442519       4   1 0  0 0  0 0  3 0
   289  -.7117986175275324       4   0 1  0 0  0 0  3 0
   290  -.6637111750813995E-05   4   0 0  1 0  0 0  3 0
   291  -.1374266390833981E-04   4   0 0  0 1  0 0  3 0
   292  0.1742222986930128       4   1 0  0 0  0 2  0 1
   293  0.3815352763812410       4   0 1  0 0  0 2  0 1
   294  0.7967550155450041E-05   4   0 0  1 0  0 2  0 1
   295  0.1465306919408017E-04   4   0 0  0 1  0 2  0 1
   296  0.1298758625388465       4   1 0  0 0  0 1  1 1
   297  0.3941836712549432       4   0 1  0 0  0 1  1 1
   298  0.5732873330368134E-05   4   0 0  1 0  0 1  1 1
   299  0.1434548228867856E-04   4   0 0  0 1  0 1  1 1
   300  0.1739004481267600       4   1 0  0 0  0 0  2 1
   301  0.3807565872836506       4   0 1  0 0  0 0  2 1
   302  0.7952970286643960E-05   4   0 0  1 0  0 0  2 1
   303  0.1462369704714152E-04   4   0 0  0 1  0 0  2 1
   304  -.2047026837895866E-01   4   1 0  0 0  0 1  0 2
   305  -.2534853033496461E-01   4   0 1  0 0  0 1  0 2
   306  -.1931807837192616E-06   4   0 0  1 0  0 1  0 2
   307  -.4448919022162571E-06   4   0 0  0 1  0 1  0 2
   308  -.2044272045650441E-01   4   1 0  0 0  0 0  1 2
   309  -.2531441747747457E-01   4   0 1  0 0  0 0  1 2
   310  -.1929208101248239E-06   4   0 0  1 0  0 0  1 2
   311  -.4442931876612828E-06   4   0 0  0 1  0 0  1 2
   312  0.3978968450958954E-03   4   1 0  0 0  0 0  0 3
   313  0.3206877390790119E-03   4   0 1  0 0  0 0  0 3
   314  0.2606282577872935E-07   4   0 0  1 0  0 0  0 3
   315  0.2103764735071453E-07   4   0 0  0 1  0 0  0 3
   316  -.3039739577307376E-04   4   0 0  0 0  0 4  0 0
   317  -.1969262537564720E-04   4   0 0  0 0  0 3  1 0
   318  -.1827326782667209E-04   4   0 0  0 0  0 2  2 0
   319  -.1972321949652188E-04   4   0 0  0 0  0 1  3 0
   320  -.3030238397847802E-04   4   0 0  0 0  0 0  4 0
   321  0.5333986445966814E-05   4   0 0  0 0  0 3  0 1
   322  0.5540564563443355E-05   4   0 0  0 0  0 2  1 1
   323  0.5540133068620583E-05   4   0 0  0 0  0 1  2 1
   324  0.5319496012887585E-05   4   0 0  0 0  0 0  3 1
   325  -.2591399921546370E-06   4   0 0  0 0  0 2  0 2
   326  -.3203847309748373E-06   4   0 0  0 0  0 1  1 2
   327  -.2585756745295636E-06   4   0 0  0 0  0 0  2 2
   328  0.4346970399628133E-08   4   0 0  0 0  0 1  0 3
   329  0.4341120451729933E-08   4   0 0  0 0  0 0  1 3
   330  -.1355115699784903E-14   4   0 0  0 0  0 0  0 4
   ----------------------------------------------------
     I  COEFFICIENT            ORDER EXPONENTS
     1  0.2835034373458107E-04   0   0 0  0 0  0 0  0 0
     2   1.759436248184350       1   1 0  0 0  0 0  0 0
     3   2.617153452681602       1   0 1  0 0  0 0  0 0
     4  0.5030187421346959E-04   1   0 0  1 0  0 0  0 0
     5  0.4617695803467718E-04   1   0 0  0 1  0 0  0 0
     6  0.7094963099204273E-06   1   0 0  0 0  0 1  0 0
     7  0.7085415032239008E-06   1   0 0  0 0  0 0  1 0
     8  0.2693230592746757E-04   1   0 0  0 0  0 0  0 1
     9  -.4343831728862748       2   2 0  0 0  0 0  0 0
    10  -.7978677188538792       2   1 1  0 0  0 0  0 0
    11  -.3684914783960155       2   0 2  0 0  0 0  0 0
    12  0.1449846902600670E-02   2   1 0  1 0  0 0  0 0
    13  0.1016937958673377E-02   2   0 1  1 0  0 0  0 0
    14  0.3259518418132141       2   0 0  2 0  0 0  0 0
    15  0.1234970285185130E-02   2   1 0  0 1  0 0  0 0
    16  0.8717395268399103E-03   2   0 1  0 1  0 0  0 0
    17  0.5992443626154182       2   0 0  1 1  0 0  0 0
    18  0.2778995884055704       2   0 0  0 2  0 0  0 0
    19  -.6807926686596306E-01   2   1 0  0 0  0 1  0 0
    20  -.8668123236710256       2   0 1  0 0  0 1  0 0
    21  -.2083753313319282E-05   2   0 0  1 0  0 1  0 0
    22  -.2513634696940778E-04   2   0 0  0 1  0 1  0 0
    23  -.6798764899707951E-01   2   1 0  0 0  0 0  1 0
    24  -.8656458084972798       2   0 1  0 0  0 0  1 0
    25  -.2080949096314083E-05   2   0 0  1 0  0 0  1 0
    26  -.2510251965829133E-04   2   0 0  0 1  0 0  1 0
    27   1.895503164151027       2   1 0  0 0  0 0  0 1
    28   1.732458132275551       2   0 1  0 0  0 0  0 1
    29  0.5446646907001455E-04   2   0 0  1 0  0 0  0 1
    30  0.5023876202152178E-04   2   0 0  0 1  0 0  0 1
    31  -.5520661665412257E-06   2   0 0  0 0  0 2  0 0
    32  -.3950558100262981E-06   2   0 0  0 0  0 1  1 0
    33  -.5510573981659049E-06   2   0 0  0 0  0 0  2 0
    34  0.1499184937003169E-05   2   0 0  0 0  0 1  0 1
    35  0.1497167404568926E-05   2   0 0  0 0  0 0  1 1
    36  -.1498175259153817E-05   2   0 0  0 0  0 0  0 2
    37  -4.205325298281013       3   3 0  0 0  0 0  0 0
    38  -12.35172760944394       3   2 1  0 0  0 0  0 0
    39  -12.90457885607428       3   1 2  0 0  0 0  0 0
    40  -3.887625071484402       3   0 3  0 0  0 0  0 0
    41  -.3632718380530561E-01   3   2 0  1 0  0 0  0 0
    42  -.6652491252376019E-01   3   1 1  1 0  0 0  0 0
    43  -.3063064656373349E-01   3   0 2  1 0  0 0  0 0
    44  -7.377399820290150       3   1 0  2 0  0 0  0 0
    45  -5.995747605660446       3   0 1  2 0  0 0  0 0
    46  0.8879944469852573E-02   3   0 0  3 0  0 0  0 0
    47  -.3415566940149181E-01   3   2 0  0 1  0 0  0 0
    48  -.6309551119248188E-01   3   1 1  0 1  0 0  0 0
    49  -.2927678104518192E-01   3   0 2  0 1  0 0  0 0
    50  -15.31804632565243       3   1 0  1 1  0 0  0 0
    51  -12.94995869336531       3   0 1  1 1  0 0  0 0
    52  0.2443969303413768E-01   3   0 0  2 1  0 0  0 0
    53  -6.812583475638051       3   1 0  0 2  0 0  0 0
    54  -5.075877719745045       3   0 1  0 2  0 0  0 0
    55  0.2263212994844739E-01   3   0 0  1 2  0 0  0 0
    56  0.7075515849432601E-02   3   0 0  0 3  0 0  0 0
    57  0.4704046484802189E-01   3   2 0  0 0  0 1  0 0
    58  0.4832447800035907       3   1 1  0 0  0 1  0 0
    59  0.4062578811417237       3   0 2  0 0  0 1  0 0
    60  -.6694143463029510E-03   3   1 0  1 0  0 1  0 0
    61  -.1051410322405673E-02   3   0 1  1 0  0 1  0 0
    62  0.9216930320556475E-02   3   0 0  2 0  0 1  0 0
    63  -.1298213915656388E-02   3   1 0  0 1  0 1  0 0
    64  -.1444939561953300E-02   3   0 1  0 1  0 1  0 0
    65  -.2810241997690889       3   0 0  1 1  0 1  0 0
    66  -.2687848156996450       3   0 0  0 2  0 1  0 0
    67  0.4697716000736902E-01   3   2 0  0 0  0 0  1 0
    68  0.4825944519531976       3   1 1  0 0  0 0  1 0
    69  0.4057111584315526       3   0 2  0 0  0 0  1 0
    70  -.6685134800241027E-03   3   1 0  1 0  0 0  1 0
    71  -.1049995383945032E-02   3   0 1  1 0  0 0  1 0
    72  0.9204526610109925E-02   3   0 0  2 0  0 0  1 0
    73  -.1296466840551401E-02   3   1 0  0 1  0 0  1 0
    74  -.1442995030388466E-02   3   0 1  0 1  0 0  1 0
    75  -.2806460106452519       3   0 0  1 1  0 0  1 0
    76  -.2684230977620658       3   0 0  0 2  0 0  1 0
    77  -.5284023412252155       3   2 0  0 0  0 0  0 1
    78  -.9658418106854406       3   1 1  0 0  0 0  0 1
    79  -.4434786316137269       3   0 2  0 0  0 0  0 1
    80  0.2785333757783185E-02   3   1 0  1 0  0 0  0 1
    81  0.2098869772119499E-02   3   0 1  1 0  0 0  0 1
    82  0.3075314970916793       3   0 0  2 0  0 0  0 1
    83  0.2592037898574050E-02   3   1 0  0 1  0 0  0 1
    84  0.2013423512188149E-02   3   0 1  0 1  0 0  0 1
    85  0.5616720759570613       3   0 0  1 1  0 0  0 1
    86  0.2593090976660896       3   0 0  0 2  0 0  0 1
    87  0.5194048282586521E-01   3   1 0  0 0  0 2  0 0
    88  0.6795558991615341       3   0 1  0 0  0 2  0 0
    89  0.1461210923741468E-05   3   0 0  1 0  0 2  0 0
    90  0.1976478653811887E-04   3   0 0  0 1  0 2  0 0
    91  0.3584482191359026E-01   3   1 0  0 0  0 1  1 0
    92  0.4928017615856382       3   0 1  0 0  0 1  1 0
    93  0.8484553093239958E-06   3   0 0  1 0  0 1  1 0
    94  0.1441206439854070E-04   3   0 0  0 1  0 1  1 0
    95  0.5184646463593662E-01   3   1 0  0 0  0 0  2 0
    96  0.6783097901659036       3   0 1  0 0  0 0  2 0
    97  0.1458673589361622E-05   3   0 0  1 0  0 0  2 0
    98  0.1972849048135200E-04   3   0 0  0 1  0 0  2 0
    99  -.1397254301603765       3   1 0  0 0  0 1  0 1
   100  -.9851009548325853       3   0 1  0 0  0 1  0 1
   101  -.3827679352823987E-05   3   0 0  1 0  0 1  0 1
   102  -.2883286434299532E-04   3   0 0  0 1  0 1  0 1
   103  -.1395373942614989       3   1 0  0 0  0 0  1 1
   104  -.9837752523937726       3   0 1  0 0  0 0  1 1
   105  -.3822528242343237E-05   3   0 0  1 0  0 0  1 1
   106  -.2879406243300834E-04   3   0 0  0 1  0 0  1 1
   107  0.1396312107998464       3   1 0  0 0  0 0  0 2
   108  0.1182088773879961       3   0 1  0 0  0 0  0 2
   109  0.3857052761062035E-05   3   0 0  1 0  0 0  0 2
   110  0.3727154234217173E-05   3   0 0  0 1  0 0  0 2
   111  0.4730099329570113E-06   3   0 0  0 0  0 3  0 0
   112  0.3159002565695215E-06   3   0 0  0 0  0 2  1 0
   113  0.3162161177989204E-06   3   0 0  0 0  0 1  2 0
   114  0.4718428260375625E-06   3   0 0  0 0  0 0  3 0
   115  -.1184822059149429E-05   3   0 0  0 0  0 2  0 1
   116  -.8716496070064846E-06   3   0 0  0 0  0 1  1 1
   117  -.1182641068980180E-05   3   0 0  0 0  0 0  2 1
   118  0.8719457146767358E-06   3   0 0  0 0  0 1  0 2
   119  0.8707722912272310E-06   3   0 0  0 0  0 0  1 2
   120  -.8160166178825331E-07   3   0 0  0 0  0 0  0 3
   121  -43.15493999347495       4   4 0  0 0  0 0  0 0
   122  -159.8844967695844       4   3 1  0 0  0 0  0 0
   123  -223.1435509296047       4   2 2  0 0  0 0  0 0
   124  -139.4152816016291       4   1 3  0 0  0 0  0 0
   125  -32.97979920312770       4   0 4  0 0  0 0  0 0
   126  -.2383350902403544E-01   4   3 0  1 0  0 0  0 0
   127  -.6437655903374853E-01   4   2 1  1 0  0 0  0 0
   128  -.5832104647647434E-01   4   1 2  1 0  0 0  0 0
   129  -.1715953371411391E-01   4   0 3  1 0  0 0  0 0
   130   203.3628604605744       4   2 0  2 0  0 0  0 0
   131   369.6489441721910       4   1 1  2 0  0 0  0 0
   132   168.9705965753381       4   0 2  2 0  0 0  0 0
   133  0.2019157265382930E-01   4   1 0  3 0  0 0  0 0
   134  0.1925852181823752E-01   4   0 1  3 0  0 0  0 0
   135  -25.89855403676260       4   0 0  4 0  0 0  0 0
   136  -.2229281150049925E-01   4   3 0  0 1  0 0  0 0
   137  -.6081036578596212E-01   4   2 1  0 1  0 0  0 0
   138  -.5497742587626250E-01   4   1 2  0 1  0 0  0 0
   139  -.1610426834517814E-01   4   0 3  0 1  0 0  0 0
   140   379.4840407636780       4   2 0  1 1  0 0  0 0
   141   694.6862051907032       4   1 1  1 1  0 0  0 0
   142   320.0615577651787       4   0 2  1 1  0 0  0 0
   143  0.5775429717729062E-01   4   1 0  2 1  0 0  0 0
   144  0.5530033963629603E-01   4   0 1  2 1  0 0  0 0
   145  -94.30083835740427       4   0 0  3 1  0 0  0 0
   146   178.1656777424892       4   2 0  0 2  0 0  0 0
   147   328.0403776834234       4   1 1  0 2  0 0  0 0
   148   152.1220829021672       4   0 2  0 2  0 0  0 0
   149  0.5517655692026743E-01   4   1 0  1 2  0 0  0 0
   150  0.5338837326993056E-01   4   0 1  1 2  0 0  0 0
   151  -129.9264736559974       4   0 0  2 2  0 0  0 0
   152  0.1826930838237232E-01   4   1 0  0 3  0 0  0 0
   153  0.1779055767880748E-01   4   0 1  0 3  0 0  0 0
   154  -79.99319754138963       4   0 0  1 3  0 0  0 0
   155  -18.50267411491028       4   0 0  0 4  0 0  0 0
   156   2.880925855110712       4   3 0  0 0  0 1  0 0
   157   14.51627850648301       4   2 1  0 0  0 1  0 0
   158   20.95651156951671       4   1 2  0 0  0 1  0 0
   159   8.393592729355312       4   0 3  0 0  0 1  0 0
   160  -.3399318531491277E-02   4   2 0  1 0  0 1  0 0
   161  0.2250016019958000E-01   4   1 1  1 0  0 1  0 0
   162  0.2342201492207424E-01   4   0 2  1 0  0 1  0 0
   163   3.065020079774472       4   1 0  2 0  0 1  0 0
   164   5.350986658294763       4   0 1  2 0  0 1  0 0
   165  0.7846958540169280E-03   4   0 0  3 0  0 1  0 0
   166  0.1117630160710190E-01   4   2 0  0 1  0 1  0 0
   167  0.4755258953056599E-01   4   1 1  0 1  0 1  0 0
   168  0.3439596873090481E-01   4   0 2  0 1  0 1  0 0
   169   14.34615038149806       4   1 0  1 1  0 1  0 0
   170   18.39081681370840       4   0 1  1 1  0 1  0 0
   171  -.8289464782052364E-02   4   0 0  2 1  0 1  0 0
   172   10.25601709661844       4   1 0  0 2  0 1  0 0
   173   10.49446760507164       4   0 1  0 2  0 1  0 0
   174  -.1717930633687788E-01   4   0 0  1 2  0 1  0 0
   175  -.8304400685545499E-02   4   0 0  0 3  0 1  0 0
   176   2.877048840868259       4   3 0  0 0  0 0  1 0
   177   14.49674318299762       4   2 1  0 0  0 0  1 0
   178   20.92830928389277       4   1 2  0 0  0 0  1 0
   179   8.382297027836538       4   0 3  0 0  0 0  1 0
   180  -.3394743888815923E-02   4   2 0  1 0  0 0  1 0
   181  0.2246988054437924E-01   4   1 1  1 0  0 0  1 0
   182  0.2339049467823346E-01   4   0 2  1 0  0 0  1 0
   183   3.060895320200502       4   1 0  2 0  0 0  1 0
   184   5.343785552633295       4   0 1  2 0  0 0  1 0
   185  0.7836398473180261E-03   4   0 0  3 0  0 0  1 0
   186  0.1116126106711990E-01   4   2 0  0 1  0 0  1 0
   187  0.4748859549665164E-01   4   1 1  0 1  0 0  1 0
   188  0.3434968025721261E-01   4   0 2  0 1  0 0  1 0
   189   14.32684400842530       4   1 0  1 1  0 0  1 0
   190   18.36606731916969       4   0 1  1 1  0 0  1 0
   191  -.8278309211017612E-02   4   0 0  2 1  0 0  1 0
   192   10.24221503215914       4   1 0  0 2  0 0  1 0
   193   10.48034464515587       4   0 1  0 2  0 0  1 0
   194  -.1715618723604237E-01   4   0 0  1 2  0 0  1 0
   195  -.8293225014475741E-02   4   0 0  0 3  0 0  1 0
   196  -9.968134434588677       4   3 0  0 0  0 0  0 1
   197  -29.02842655282533       4   2 1  0 0  0 0  0 1
   198  -28.99673170555688       4   1 2  0 0  0 0  0 1
   199  -9.006561887563889       4   0 3  0 0  0 0  0 1
   200  0.5627890546420534E-03   4   2 0  1 0  0 0  0 1
   201  0.1135721558522008E-02   4   1 1  1 0  0 0  0 1
   202  0.5758618331151260E-03   4   0 2  1 0  0 0  0 1
   203  -13.49192347766441       4   1 0  2 0  0 0  0 1
   204  -10.68313873467762       4   0 1  2 0  0 0  0 1
   205  -.3542724349118321E-03   4   0 0  3 0  0 0  0 1
   206  0.5784831380955826E-03   4   2 0  0 1  0 0  0 1
   207  0.1041167468543710E-02   4   1 1  0 1  0 0  0 1
   208  0.5038116889695163E-03   4   0 2  0 1  0 0  0 1
   209  -28.64858878117626       4   1 0  1 1  0 0  0 1
   210  -23.78164953468620       4   0 1  1 1  0 0  0 1
   211  -.1080560449216383E-02   4   0 0  2 1  0 0  0 1
   212  -13.67246256930443       4   1 0  0 2  0 0  0 1
   213  -10.80925993953976       4   0 1  0 2  0 0  0 1
   214  -.1077290792230563E-02   4   0 0  1 2  0 0  0 1
   215  -.3237395308300502E-03   4   0 0  0 3  0 0  0 1
   216  -.3645633476268232E-01   4   2 0  0 0  0 2  0 0
   217  -.4054928901794725       4   1 1  0 0  0 2  0 0
   218  -.4345142573202955       4   0 2  0 0  0 2  0 0
   219  -.2707710361323342E-03   4   1 0  1 0  0 2  0 0
   220  0.3352601512624598E-03   4   0 1  1 0  0 2  0 0
   221  -.6158922152680824E-02   4   0 0  2 0  0 2  0 0
   222  0.5861517859263169E-03   4   1 0  0 1  0 2  0 0
   223  0.1201566058553104E-02   4   0 1  0 1  0 2  0 0
   224  0.2029007664852066       4   0 0  1 1  0 2  0 0
   225  0.2625107674464927       4   0 0  0 2  0 2  0 0
   226  -.2660186760936736E-01   4   2 0  0 0  0 1  1 0
   227  -.3300019956286413       4   1 1  0 0  0 1  1 0
   228  -.4638914982364286       4   0 2  0 0  0 1  1 0
   229  -.3265516562118811E-03   4   1 0  1 0  0 1  1 0
   230  0.4151236197013284E-03   4   0 1  1 0  0 1  1 0
   231  -.3003614634677688E-02   4   0 0  2 0  0 1  1 0
   232  0.6800358899658491E-03   4   1 0  0 1  0 1  1 0
   233  0.1674805029259906E-02   4   0 1  0 1  0 1  1 0
   234  0.1249616832542795       4   0 0  1 1  0 1  1 0
   235  0.2562325503617483       4   0 0  0 2  0 1  1 0
   236  -.3638937377562247E-01   4   2 0  0 0  0 0  2 0
   237  -.4047251463914543       4   1 1  0 0  0 0  2 0
   238  -.4336173668528016       4   0 2  0 0  0 0  2 0
   239  -.2701869163183632E-03   4   1 0  1 0  0 0  2 0
   240  0.3345296470495068E-03   4   0 1  1 0  0 0  2 0
   241  -.6148612703997618E-02   4   0 0  2 0  0 0  2 0
   242  0.5849053903513275E-03   4   1 0  0 1  0 0  2 0
   243  0.1198822110740647E-02   4   0 1  0 1  0 0  2 0
   244  0.2025436284240112       4   0 0  1 1  0 0  2 0
   245  0.2619850799821398       4   0 0  0 2  0 0  2 0
   246  0.1004593496863087       4   2 0  0 0  0 1  0 1
   247  0.6612649859627547       4   1 1  0 0  0 1  0 1
   248  0.5226711298570031       4   0 2  0 0  0 1  0 1
   249  0.4354881360957882E-03   4   1 0  1 0  0 1  0 1
   250  -.5656217407918774E-03   4   0 1  1 0  0 1  0 1
   251  0.1530168323684939E-01   4   0 0  2 0  0 1  0 1
   252  -.8358892416978681E-03   4   1 0  0 1  0 1  0 1
   253  -.1508263761965223E-02   4   0 1  0 1  0 1  0 1
   254  -.2492828730581897       4   0 0  1 1  0 1  0 1
   255  -.2435279200888902       4   0 0  0 2  0 1  0 1
   256  0.1003241562279848       4   2 0  0 0  0 0  1 1
   257  0.6603750867089824       4   1 1  0 0  0 0  1 1
   258  0.5219677436830767       4   0 2  0 0  0 0  1 1
   259  0.4349020766860756E-03   4   1 0  1 0  0 0  1 1
   260  -.5648605537099496E-03   4   0 1  1 0  0 0  1 1
   261  0.1528109095269253E-01   4   0 0  2 0  0 0  1 1
   262  -.8347643413504863E-03   4   1 0  0 1  0 0  1 1
   263  -.1506234011676378E-02   4   0 1  0 1  0 0  1 1
   264  -.2489473999159231       4   0 0  1 1  0 0  1 1
   265  -.2432001916911080       4   0 0  0 2  0 0  1 1
   266  -.1013365626148270       4   2 0  0 0  0 0  0 2
   267  -.1805189855794583       4   1 1  0 0  0 0  0 2
   268  -.8035442055694005E-01   4   0 2  0 0  0 0  0 2
   269  -.3635963677483810E-05   4   1 0  1 0  0 0  0 2
   270  -.1997937937029765E-04   4   0 1  1 0  0 0  0 2
   271  -.1527120400401068E-01   4   0 0  2 0  0 0  0 2
   272  -.3384657441056175E-05   4   1 0  0 1  0 0  0 2
   273  -.1638063607743321E-04   4   0 1  0 1  0 0  0 2
   274  -.3197454839162477E-01   4   0 0  1 1  0 0  0 2
   275  -.1610500899669926E-01   4   0 0  0 2  0 0  0 2
   276  -.4389700417738789E-01   4   1 0  0 0  0 3  0 0
   277  -.5863761278599043       4   0 1  0 0  0 3  0 0
   278  -.2836094794353403E-05   4   0 0  1 0  0 3  0 0
   279  -.2145409339262509E-04   4   0 0  0 1  0 3  0 0
   280  -.2778816503291338E-01   4   1 0  0 0  0 2  1 0
   281  -.4001047833514357       4   0 1  0 0  0 2  1 0
   282  -.1448325068754758E-05   4   0 0  1 0  0 2  1 0
   283  -.1454792264261992E-04   4   0 0  0 1  0 2  1 0
   284  -.2782056355816328E-01   4   1 0  0 0  0 1  2 0
   285  -.4004792032111725       4   0 1  0 0  0 1  2 0
   286  -.1451118756927155E-05   4   0 0  1 0  0 1  2 0
   287  -.1456180535961887E-04   4   0 0  0 1  0 1  2 0
   288  -.4378971961318423E-01   4   1 0  0 0  0 0  3 0
   289  -.5849235937620515       4   0 1  0 0  0 0  3 0
   290  -.2829396541424180E-05   4   0 0  1 0  0 0  3 0
   291  -.2140100977625942E-04   4   0 0  0 1  0 0  3 0
   292  0.1075040388339272       4   1 0  0 0  0 2  0 1
   293  0.8000764232207497       4   0 1  0 0  0 2  0 1
   294  0.3393277675696611E-05   4   0 0  1 0  0 2  0 1
   295  0.2667930143720939E-04   4   0 0  0 1  0 2  0 1
   296  0.7534554903195538E-01   4   1 0  0 0  0 1  1 1
   297  0.6155241838522242       4   0 1  0 0  0 1  1 1
   298  0.1914061110151664E-05   4   0 0  1 0  0 1  1 1
   299  0.2007116082032293E-04   4   0 0  0 1  0 1  1 1
   300  0.1073086667204665       4   1 0  0 0  0 0  2 1
   301  0.7985855463576854       4   0 1  0 0  0 0  2 1
   302  0.3387423235902548E-05   4   0 0  1 0  0 0  2 1
   303  0.2662989227953161E-04   4   0 0  0 1  0 0  2 1
   304  -.7528781686537676E-01   4   1 0  0 0  0 1  0 2
   305  -.1227077385589603       4   0 1  0 0  0 1  0 2
   306  -.1961170671748876E-06   4   0 0  1 0  0 1  0 2
   307  -.1668990872972736E-05   4   0 0  0 1  0 1  0 2
   308  -.7518649806963067E-01   4   1 0  0 0  0 0  1 2
   309  -.1225426042674227       4   0 1  0 0  0 0  1 2
   310  -.1958531420685403E-06   4   0 0  1 0  0 0  1 2
   311  -.1666744823712694E-05   4   0 0  0 1  0 0  1 2
   312  0.3611668437937842E-02   4   1 0  0 0  0 0  0 3
   313  0.2941788066188316E-02   4   0 1  0 0  0 0  0 3
   314  0.2374178816819693E-06   4   0 0  1 0  0 0  0 3
   315  0.1945173483194599E-06   4   0 0  0 1  0 0  0 3
   316  -.2232203369139671E-04   4   0 0  0 0  0 4  0 0
   317  -.1379531350592790E-04   4   0 0  0 0  0 3  1 0
   318  -.1266416601795154E-04   4   0 0  0 0  0 2  2 0
   319  -.1381969212257834E-04   4   0 0  0 0  0 1  3 0
   320  -.2225270973857413E-04   4   0 0  0 0  0 0  4 0
   321  0.2683083248238603E-04   4   0 0  0 0  0 3  0 1
   322  0.1805091544762281E-04   4   0 0  0 0  0 2  1 1
   323  0.1806856595746549E-04   4   0 0  0 0  0 1  2 1
   324  0.2676454132020298E-04   4   0 0  0 0  0 0  3 1
   325  -.1523023633555902E-05   4   0 0  0 0  0 2  0 2
   326  -.1838738971793501E-05   4   0 0  0 0  0 1  1 2
   327  -.1519736776001771E-05   4   0 0  0 0  0 0  2 2
   328  0.9773707659702983E-08   4   0 0  0 0  0 1  0 3
   329  0.9760554664553436E-08   4   0 0  0 0  0 0  1 3
   330  0.2798417539672944E-13   4   0 0  0 0  0 0  0 4
   ----------------------------------------------------
     I  COEFFICIENT            ORDER EXPONENTS
     1  -.1416643224450775E-05   0   0 0  0 0  0 0  0 0
     2  0.1112969984555480E-04   1   1 0  0 0  0 0  0 0
     3  0.9822169772289455E-05   1   0 1  0 0  0 0  0 0
     4  0.6594991661279532       1   0 0  1 0  0 0  0 0
     5  0.8409292229687778       1   0 0  0 1  0 0  0 0
     6  -.1386799924053496E-04   1   0 0  0 0  0 1  0 0
     7  -.1384933634073321E-04   1   0 0  0 0  0 0  1 0
     8  0.2771733558113781E-04   1   0 0  0 0  0 0  0 1
     9  0.2082496852237371E-03   2   2 0  0 0  0 0  0 0
    10  0.3893328634156824E-03   2   1 1  0 0  0 0  0 0
    11  0.2098222402072998E-03   2   0 2  0 0  0 0  0 0
    12  0.1461561898819005       2   1 0  1 0  0 0  0 0
    13  0.1304448905171560       2   0 1  1 0  0 0  0 0
    14  -.3732274007773486E-04   2   0 0  2 0  0 0  0 0
    15  0.1325210092867632       2   1 0  0 1  0 0  0 0
    16  0.1190465453269868       2   0 1  0 1  0 0  0 0
    17  -.3485867383189563E-05   2   0 0  1 1  0 0  0 0
    18  0.5843713845170923E-04   2   0 0  0 2  0 0  0 0
    19  -.5841532407938697E-05   2   1 0  0 0  0 1  0 0
    20  -.1009498429300059E-04   2   0 1  0 0  0 1  0 0
    21  0.1613885851026567       2   0 0  1 0  0 1  0 0
    22  -.2758954779740128       2   0 0  0 1  0 1  0 0
    23  -.5833671148925985E-05   2   1 0  0 0  0 0  1 0
    24  -.1008139893889921E-04   2   0 1  0 0  0 0  1 0
    25  0.1611713959508063       2   0 0  1 0  0 0  1 0
    26  -.2755241908422589       2   0 0  0 1  0 0  1 0
    27  0.1167518626460629E-04   2   1 0  0 0  0 0  0 1
    28  0.1035419637716768E-04   2   0 1  0 0  0 0  0 1
    29  -.3225599810680194       2   0 0  1 0  0 0  0 1
    30  -.2895095541673163       2   0 0  0 1  0 0  0 1
    31  0.1005279156814336E-04   2   0 0  0 0  0 2  0 0
    32  0.6247829452036567E-05   2   0 0  0 0  0 1  1 0
    33  0.1003505897777241E-04   2   0 0  0 0  0 0  2 0
    34  -.1248541651412366E-04   2   0 0  0 0  0 1  0 1
    35  -.1246861422899627E-04   2   0 0  0 0  0 0  1 1
    36  -.1381647313453430E-05   2   0 0  0 0  0 0  0 2
    37  -.2593272852565245E-02   3   3 0  0 0  0 0  0 0
    38  -.7005587639812639E-02   3   2 1  0 0  0 0  0 0
    39  -.6337749701444434E-02   3   1 2  0 0  0 0  0 0
    40  -.1914949807359775E-02   3   0 3  0 0  0 0  0 0
    41  -1.588198944251365       3   2 0  1 0  0 0  0 0
    42  -3.415599447176152       3   1 1  1 0  0 0  0 0
    43  -2.102535090551080       3   0 2  1 0  0 0  0 0
    44  0.6050237467669980E-02   3   1 0  2 0  0 0  0 0
    45  0.5387835243878864E-02   3   0 1  2 0  0 0  0 0
    46  -.2252283154269345       3   0 0  3 0  0 0  0 0
    47  -2.076922263442926       3   2 0  0 1  0 0  0 0
    48  -3.964887636706963       3   1 1  0 1  0 0  0 0
    49  -1.757143833689718       3   0 2  0 1  0 0  0 0
    50  0.1095313280702908E-01   3   1 0  1 1  0 0  0 0
    51  0.9820476389926750E-02   3   0 1  1 1  0 0  0 0
    52  -.7563868130894431       3   0 0  2 1  0 0  0 0
    53  0.5015565082330612E-02   3   1 0  0 2  0 0  0 0
    54  0.4532642310127994E-02   3   0 1  0 2  0 0  0 0
    55  -1.171452875492278       3   0 0  1 2  0 0  0 0
    56  -.1905735076937528       3   0 0  0 3  0 0  0 0
    57  -.1795445336850414E-03   3   2 0  0 0  0 1  0 0
    58  -.5500645570291399E-03   3   1 1  0 0  0 1  0 0
    59  -.3965341333504290E-03   3   0 2  0 0  0 1  0 0
    60  -.6894974687476754E-01   3   1 0  1 0  0 1  0 0
    61  -.1264777815487809       3   0 1  1 0  0 1  0 0
    62  -.3664637219534625E-04   3   0 0  2 0  0 1  0 0
    63  -.1295902788527625       3   1 0  0 1  0 1  0 0
    64  -.1756815681763878       3   0 1  0 1  0 1  0 0
    65  -.4420367555712894E-04   3   0 0  1 1  0 1  0 0
    66  -.8409808486921703E-04   3   0 0  0 2  0 1  0 0
    67  -.1793029111132490E-03   3   2 0  0 0  0 0  1 0
    68  -.5493243060719346E-03   3   1 1  0 0  0 0  1 0
    69  -.3960004964017724E-03   3   0 2  0 0  0 0  1 0
    70  -.6885695755491242E-01   3   1 0  1 0  0 0  1 0
    71  -.1263075737110637       3   0 1  1 0  0 0  1 0
    72  -.3659705523472963E-04   3   0 0  2 0  0 0  1 0
    73  -.1294158823628607       3   1 0  0 1  0 0  1 0
    74  -.1754451442015215       3   0 1  0 1  0 0  1 0
    75  -.4414418833381163E-04   3   0 0  1 1  0 0  1 0
    76  -.8398490963000565E-04   3   0 0  0 2  0 0  1 0
    77  0.3585684162470260E-03   3   2 0  0 0  0 0  0 1
    78  0.7094723878246308E-03   3   1 1  0 0  0 0  0 1
    79  0.3725831502894980E-03   3   0 2  0 0  0 0  0 1
    80  0.1378069338125850       3   1 0  1 0  0 0  0 1
    81  0.1223406482018425       3   0 1  1 0  0 0  0 1
    82  0.7342496636364649E-04   3   0 0  2 0  0 0  0 1
    83  0.1264853333967136       3   1 0  0 1  0 0  0 1
    84  0.1130337648639954       3   0 1  0 1  0 0  0 1
    85  0.9220903115464462E-04   3   0 0  1 1  0 0  0 1
    86  0.5140314569521755E-04   3   0 0  0 2  0 0  0 1
    87  0.4520833051446806E-05   3   1 0  0 0  0 2  0 0
    88  0.1028892372367166E-04   3   0 1  0 0  0 2  0 0
    89  -.1166153487813636       3   0 0  1 0  0 2  0 0
    90  0.1380857533678929       3   0 0  0 1  0 2  0 0
    91  0.3219885343032882E-05   3   1 0  0 0  0 1  1 0
    92  0.1050534418137049E-04   3   0 1  0 0  0 1  1 0
    93  -.7196238394966892E-01   3   0 0  1 0  0 1  1 0
    94  0.6464109927447892E-03   3   0 0  0 1  0 1  1 0
    95  0.4512582542412341E-05   3   1 0  0 0  0 0  2 0
    96  0.1026800857642441E-04   3   0 1  0 0  0 0  2 0
    97  -.1164099915484397       3   0 0  1 0  0 0  2 0
    98  0.1378994891140415       3   0 0  0 1  0 0  2 0
    99  -.6454658446013500E-05   3   1 0  0 0  0 1  0 1
   100  -.1093690607053223E-04   3   0 1  0 0  0 1  0 1
   101  0.1438046549888155       3   0 0  1 0  0 1  0 1
   102  0.2749731063098922       3   0 0  0 1  0 1  0 1
   103  -.6445972070874361E-05   3   1 0  0 0  0 0  1 1
   104  -.1092218769778104E-04   3   0 1  0 0  0 0  1 1
   105  0.1436111294614104       3   0 0  1 0  0 0  1 1
   106  0.2746030604624541       3   0 0  0 1  0 0  1 1
   107  0.6375584485023449E-06   3   1 0  0 0  0 0  0 2
   108  0.6220551360451133E-06   3   0 1  0 0  0 0  0 2
   109  0.1757204935221173E-01   3   0 0  1 0  0 0  0 2
   110  0.1472141149408169E-01   3   0 0  0 1  0 0  0 2
   111  -.8150154848221925E-05   3   0 0  0 0  0 3  0 0
   112  -.4346927047401508E-05   3   0 0  0 0  0 2  1 0
   113  -.4354582213912074E-05   3   0 0  0 0  0 1  2 0
   114  -.8130781708117033E-05   3   0 0  0 0  0 0  3 0
   115  0.8690959056619544E-05   3   0 0  0 0  0 2  0 1
   116  0.4906478063944690E-05   3   0 0  0 0  0 1  1 1
   117  0.8675961719964693E-05   3   0 0  0 0  0 0  2 1
   118  0.1341579827755130E-05   3   0 0  0 0  0 1  0 2
   119  0.1339774392849397E-05   3   0 0  0 0  0 0  1 2
   120  0.2733924244780801E-07   3   0 0  0 0  0 0  0 3
   121  -.1181102906947233E-02   4   4 0  0 0  0 0  0 0
   122  -.4145900599826574E-02   4   3 1  0 0  0 0  0 0
   123  -.5458380079094334E-02   4   2 2  0 0  0 0  0 0
   124  -.2992928724110154E-02   4   1 3  0 0  0 0  0 0
   125  -.4979931294390797E-03   4   0 4  0 0  0 0  0 0
   126   30.05991047901156       4   3 0  1 0  0 0  0 0
   127   81.72008119631693       4   2 1  1 0  0 0  0 0
   128   74.54788358921263       4   1 2  1 0  0 0  0 0
   129   22.87916081986572       4   0 3  1 0  0 0  0 0
   130  0.6136579018963343E-02   4   2 0  2 0  0 0  0 0
   131  0.1113677356810087E-01   4   1 1  2 0  0 0  0 0
   132  0.5161178107138412E-02   4   0 2  2 0  0 0  0 0
   133  -23.58318097481862       4   1 0  3 0  0 0  0 0
   134  -20.81429890083873       4   0 1  3 0  0 0  0 0
   135  -.1011215285877567E-02   4   0 0  4 0  0 0  0 0
   136   27.60844065716607       4   3 0  0 1  0 0  0 0
   137   75.46751613724598       4   2 1  0 1  0 0  0 0
   138   69.28455277134859       4   1 2  0 1  0 0  0 0
   139   21.41535746249098       4   0 3  0 1  0 0  0 0
   140  0.1093280851340147E-01   4   2 0  1 1  0 0  0 0
   141  0.2006492188329124E-01   4   1 1  1 1  0 0  0 0
   142  0.9158314121692296E-02   4   0 2  1 1  0 0  0 0
   143  -63.97007298663435       4   1 0  2 1  0 0  0 0
   144  -56.83706239735417       4   0 1  2 1  0 0  0 0
   145  -.3734159343122607E-02   4   0 0  3 1  0 0  0 0
   146  0.4901435297269602E-02   4   2 0  0 2  0 0  0 0
   147  0.9346853642638410E-02   4   1 1  0 2  0 0  0 0
   148  0.4429936660311109E-02   4   0 2  0 2  0 0  0 0
   149  -58.10190691520090       4   1 0  1 2  0 0  0 0
   150  -51.90309914638335       4   0 1  1 2  0 0  0 0
   151  -.5057514189384523E-02   4   0 0  2 2  0 0  0 0
   152  -17.60375300850016       4   1 0  0 3  0 0  0 0
   153  -15.79076923341171       4   0 1  0 3  0 0  0 0
   154  -.3134950562292447E-02   4   0 0  1 3  0 0  0 0
   155  -.7026740071900152E-03   4   0 0  0 4  0 0  0 0
   156  0.3320413863852205E-03   4   3 0  0 0  0 1  0 0
   157  0.3939004284437875E-02   4   2 1  0 0  0 1  0 0
   158  0.6263997340117235E-02   4   1 2  0 0  0 1  0 0
   159  0.2688660326411419E-02   4   0 3  0 0  0 1  0 0
   160   1.769618495089075       4   2 0  1 0  0 1  0 0
   161   5.426984655315930       4   1 1  1 0  0 1  0 0
   162   4.152504276186167       4   0 2  1 0  0 1  0 0
   163  -.6985121015455449E-03   4   1 0  2 0  0 1  0 0
   164  -.3055079517529137E-02   4   0 1  2 0  0 1  0 0
   165  0.3275597924881596       4   0 0  3 0  0 1  0 0
   166   2.885145349975851       4   2 0  0 1  0 1  0 0
   167   7.656335312827204       4   1 1  0 1  0 1  0 0
   168   4.661435479104109       4   0 2  0 1  0 1  0 0
   169  -.6099069192956432E-02   4   1 0  1 1  0 1  0 0
   170  -.9846264585478548E-02   4   0 1  1 1  0 1  0 0
   171   1.053834444742275       4   0 0  2 1  0 1  0 0
   172  -.5002607220534422E-02   4   1 0  0 2  0 1  0 0
   173  -.6521580374136528E-02   4   0 1  0 2  0 1  0 0
   174   1.748180131257174       4   0 0  1 2  0 1  0 0
   175  0.5719962465715663       4   0 0  0 3  0 1  0 0
   176  0.3315945407359922E-03   4   3 0  0 0  0 0  1 0
   177  0.3933703358110722E-02   4   2 1  0 0  0 0  1 0
   178  0.6255567547708872E-02   4   1 2  0 0  0 0  1 0
   179  0.2685042054056307E-02   4   0 3  0 0  0 0  1 0
   180   1.767237025917617       4   2 0  1 0  0 0  1 0
   181   5.419681275131738       4   1 1  1 0  0 0  1 0
   182   4.146916031632025       4   0 2  1 0  0 0  1 0
   183  -.6975720768790197E-03   4   1 0  2 0  0 0  1 0
   184  -.3050968135495357E-02   4   0 1  2 0  0 0  1 0
   185  0.3271189779567880       4   0 0  3 0  0 0  1 0
   186   2.881262657336046       4   2 0  0 1  0 0  1 0
   187   7.646031777593789       4   1 1  0 1  0 0  1 0
   188   4.655162338922173       4   0 2  0 1  0 0  1 0
   189  -.6090861353075723E-02   4   1 0  1 1  0 0  1 0
   190  -.9833013946637791E-02   4   0 1  1 1  0 0  1 0
   191   1.052416244012039       4   0 0  2 1  0 0  1 0
   192  -.4995874947501736E-02   4   1 0  0 2  0 0  1 0
   193  -.6512803938620448E-02   4   0 1  0 2  0 0  1 0
   194   1.745827512825405       4   0 0  1 2  0 0  1 0
   195  0.5712264809801801       4   0 0  0 3  0 0  1 0
   196  0.1216066083831825E-03   4   3 0  0 0  0 0  0 1
   197  0.4413612569309111E-03   4   2 1  0 0  0 0  0 1
   198  0.5129218092993671E-03   4   1 2  0 0  0 0  0 1
   199  0.1987483320371116E-03   4   0 3  0 0  0 0  0 1
   200  -3.534182057722892       4   2 0  1 0  0 0  0 1
   201  -7.425531795091129       4   1 1  1 0  0 0  0 1
   202  -4.091464630800853       4   0 2  1 0  0 0  0 1
   203  -.2848567032378566E-03   4   1 0  2 0  0 0  0 1
   204  -.2629302565283296E-03   4   0 1  2 0  0 0  0 1
   205  -.6552734814942972       4   0 0  3 0  0 0  0 1
   206  -3.686682735095376       4   2 0  0 1  0 0  0 1
   207  -7.366740293589340       4   1 1  0 1  0 0  0 1
   208  -4.042093312166307       4   0 2  0 1  0 0  0 1
   209  -.5875657550364577E-03   4   1 0  1 1  0 0  0 1
   210  -.5446855974075815E-03   4   0 1  1 1  0 0  0 1
   211  -1.351696237089107       4   0 0  2 1  0 0  0 1
   212  -.2670877958629167E-03   4   1 0  0 2  0 0  0 1
   213  -.2433019245335472E-03   4   0 1  0 2  0 0  0 1
   214  -1.152993589943972       4   0 0  1 2  0 0  0 1
   215  -.5721550893073777       4   0 0  0 3  0 0  0 1
   216  -.7717982545205361E-05   4   2 0  0 0  0 2  0 0
   217  0.2958627685071697E-03   4   1 1  0 0  0 2  0 0
   218  0.3721214309191530E-03   4   0 2  0 0  0 2  0 0
   219  0.4974172401226486E-01   4   1 0  1 0  0 2  0 0
   220  0.1238549572046967       4   0 1  1 0  0 2  0 0
   221  0.3929204829594366E-04   4   0 0  2 0  0 2  0 0
   222  0.1274599811188526       4   1 0  0 1  0 2  0 0
   223  0.2168983388538485       4   0 1  0 1  0 2  0 0
   224  -.6812813523508470E-04   4   0 0  1 1  0 2  0 0
   225  0.9781168776363945E-05   4   0 0  0 2  0 2  0 0
   226  -.4357110769319050E-05   4   2 0  0 0  0 1  1 0
   227  0.4190872965196505E-03   4   1 1  0 0  0 1  1 0
   228  0.5438230816940614E-03   4   0 2  0 0  0 1  1 0
   229  0.3038877180783151E-01   4   1 0  1 0  0 1  1 0
   230  0.1208204545046391       4   0 1  1 0  0 1  1 0
   231  0.7885363117293914E-04   4   0 0  2 0  0 1  1 0
   232  0.1251643993844567       4   1 0  0 1  0 1  1 0
   233  0.2577341939043898       4   0 1  0 1  0 1  1 0
   234  0.1023281950446233E-04   4   0 0  1 1  0 1  1 0
   235  0.4868130950700582E-04   4   0 0  0 2  0 1  1 0
   236  -.7704664250866570E-05   4   2 0  0 0  0 0  2 0
   237  0.2951826163704874E-03   4   1 1  0 0  0 0  2 0
   238  0.3712547216979835E-03   4   0 2  0 0  0 0  2 0
   239  0.4965433605587251E-01   4   1 0  1 0  0 0  2 0
   240  0.1236069818035718       4   0 1  1 0  0 0  2 0
   241  0.3918611215882324E-04   4   0 0  2 0  0 0  2 0
   242  0.1272042313082946       4   1 0  0 1  0 0  2 0
   243  0.2164330240257012       4   0 1  0 1  0 0  2 0
   244  -.6804333702457687E-04   4   0 0  1 1  0 0  2 0
   245  0.9735249234415740E-05   4   0 0  0 2  0 0  2 0
   246  -.6272127787949468E-04   4   2 0  0 0  0 1  0 1
   247  -.4630256472805112E-03   4   1 1  0 0  0 1  0 1
   248  -.3992010216604204E-03   4   0 2  0 0  0 1  0 1
   249  -.6056157043610363E-01   4   1 0  1 0  0 1  0 1
   250  -.1145354624877881       4   0 1  1 0  0 1  0 1
   251  -.1673967251384474E-03   4   0 0  2 0  0 1  0 1
   252  -.1205504679957340       4   1 0  0 1  0 1  0 1
   253  -.1639270600679122       4   0 1  0 1  0 1  0 1
   254  -.2088337408254053E-03   4   0 0  1 1  0 1  0 1
   255  -.3620951355484206E-04   4   0 0  0 2  0 1  0 1
   256  -.6263687053967583E-04   4   2 0  0 0  0 0  1 1
   257  -.4624025291860440E-03   4   1 1  0 0  0 0  1 1
   258  -.3986637957391623E-03   4   0 2  0 0  0 0  1 1
   259  -.6048006952877874E-01   4   1 0  1 0  0 0  1 1
   260  -.1143813260602415       4   0 1  1 0  0 0  1 1
   261  -.1671714505148905E-03   4   0 0  2 0  0 0  1 1
   262  -.1203882368572522       4   1 0  0 1  0 0  1 1
   263  -.1637064547560877       4   0 1  0 1  0 0  1 1
   264  -.2085527022189958E-03   4   0 0  1 1  0 0  1 1
   265  -.3616078449799530E-04   4   0 0  0 2  0 0  1 1
   266  0.4085919456350113E-04   4   2 0  0 0  0 0  0 2
   267  0.9612237904184214E-04   4   1 1  0 0  0 0  0 2
   268  0.5328705614708261E-04   4   0 2  0 0  0 0  0 2
   269  -.8650394270507952E-02   4   1 0  1 0  0 0  0 2
   270  -.8351747994199691E-02   4   0 1  1 0  0 0  0 2
   271  0.1344766688608666E-03   4   0 0  2 0  0 0  0 2
   272  -.6271222499017501E-02   4   1 0  0 1  0 0  0 2
   273  -.6207298862422682E-02   4   0 1  0 1  0 0  0 2
   274  0.2075315106470254E-03   4   0 0  1 1  0 0  0 2
   275  0.7473234055589795E-04   4   0 0  0 2  0 0  0 2
   276  -.6823140661923592E-05   4   1 0  0 0  0 3  0 0
   277  -.1376178413594178E-04   4   0 1  0 0  0 3  0 0
   278  0.9429159927106859E-01   4   0 0  1 0  0 3  0 0
   279  -.7103151558754654E-01   4   0 0  0 1  0 3  0 0
   280  -.4676472127857763E-05   4   1 0  0 0  0 2  1 0
   281  -.1341030370039322E-04   4   0 1  0 0  0 2  1 0
   282  0.4966970614036987E-01   4   0 0  1 0  0 2  1 0
   283  0.6298614135681337E-01   4   0 0  0 1  0 2  1 0
   284  -.4680786920292614E-05   4   1 0  0 0  0 1  2 0
   285  -.1341097582416994E-04   4   0 1  0 0  0 1  2 0
   286  0.4975952505128406E-01   4   0 0  1 0  0 1  2 0
   287  0.6271580234931379E-01   4   0 0  0 1  0 1  2 0
   288  -.6806224825296161E-05   4   1 0  0 0  0 0  3 0
   289  -.1372499287794913E-04   4   0 1  0 0  0 0  3 0
   290  0.9406788300258337E-01   4   0 0  1 0  0 0  3 0
   291  -.7093045422974009E-01   4   0 0  0 1  0 0  3 0
   292  0.8291858423531367E-05   4   1 0  0 0  0 2  0 1
   293  0.1472115593094612E-04   4   0 1  0 0  0 2  0 1
   294  -.9930713796255580E-01   4   0 0  1 0  0 2  0 1
   295  -.2641406400071309       4   0 0  0 1  0 2  0 1
   296  0.6226054991967675E-05   4   1 0  0 0  0 1  1 1
   297  0.1450447501979882E-04   4   0 1  0 0  0 1  1 1
   298  -.5492722401287671E-01   4   0 0  1 0  0 1  1 1
   299  -.2533347128725401       4   0 0  0 1  0 1  1 1
   300  0.8276510265626478E-05   4   1 0  0 0  0 0  2 1
   301  0.1469158517365622E-04   4   0 1  0 0  0 0  2 1
   302  -.9913653586174605E-01   4   0 0  1 0  0 0  2 1
   303  -.2636147090236603       4   0 0  0 1  0 0  2 1
   304  -.3471066887026051E-06   4   1 0  0 0  0 1  0 2
   305  -.5718032954654041E-06   4   0 1  0 0  0 1  0 2
   306  -.1703678503374180E-01   4   0 0  1 0  0 1  0 2
   307  -.2165515871457564E-01   4   0 0  0 1  0 1  0 2
   308  -.3466395688795174E-06   4   1 0  0 0  0 0  1 2
   309  -.5710337895385217E-06   4   0 1  0 0  0 0  1 2
   310  -.1701385773135919E-01   4   0 0  1 0  0 0  1 2
   311  -.2162601622254977E-01   4   0 0  0 1  0 0  1 2
   312  0.2618109411405277E-07   4   1 0  0 0  0 0  0 3
   313  0.2115249721247999E-07   4   0 1  0 0  0 0  0 3
   314  -.3647811671052581E-03   4   0 0  1 0  0 0  0 3
   315  -.2946215841394453E-03   4   0 0  0 1  0 0  0 3
   316  0.9694542782830694E-05   4   0 0  0 0  0 4  0 0
   317  0.4493718988343786E-05   4   0 0  0 0  0 3  1 0
   318  0.3806308064639295E-05   4   0 0  0 0  0 2  2 0
   319  0.4508602936885476E-05   4   0 0  0 0  0 1  3 0
   320  0.9665440732004677E-05   4   0 0  0 0  0 0  4 0
   321  -.1318605080722508E-05   4   0 0  0 0  0 3  0 1
   322  0.4973333391690303E-06   4   0 0  0 0  0 2  1 1
   323  0.4936712147452786E-06   4   0 0  0 0  0 1  2 1
   324  -.1316277501005181E-05   4   0 0  0 0  0 0  3 1
   325  -.5013702277480602E-06   4   0 0  0 0  0 2  0 2
   326  -.5857061830914397E-06   4   0 0  0 0  0 1  1 2
   327  -.5003013994354072E-06   4   0 0  0 0  0 0  2 2
   328  -.1162244800529598E-07   4   0 0  0 0  0 1  0 3
   329  -.1160680706251744E-07   4   0 0  0 0  0 0  1 3
   330  -.1954011072485573E-13   4   0 0  0 0  0 0  0 4
   ----------------------------------------------------
     I  COEFFICIENT            ORDER EXPONENTS
     1  0.1351661468250663E-03   0   0 0  0 0  0 0  0 0
     2  0.4969758941617285E-04   1   1 0  0 0  0 0  0 0
     3  0.4590068742425153E-04   1   0 1  0 0  0 0  0 0
     4  -1.501186110629076       1   0 0  1 0  0 0  0 0
     5  -.3978644447603639       1   0 0  0 1  0 0  0 0
     6  0.4912649702889981E-05   1   0 0  0 0  0 1  0 0
     7  0.4906038490444986E-05   1   0 0  0 0  0 0  1 0
     8  0.1253474586306268E-03   1   0 0  0 0  0 0  0 1
     9  0.5698301250563448E-03   2   2 0  0 0  0 0  0 0
    10  0.9690412030515435E-03   2   1 1  0 0  0 0  0 0
    11  0.4635327456732755E-03   2   0 2  0 0  0 0  0 0
    12  0.6393847266893661       2   1 0  1 0  0 0  0 0
    13  0.5872107782083797       2   0 1  1 0  0 0  0 0
    14  0.4638003836479819E-03   2   0 0  2 0  0 0  0 0
    15  0.6018035736699211       2   1 0  0 1  0 0  0 0
    16  0.5564693455456898       2   0 1  0 1  0 0  0 0
    17  0.1144959029417439E-02   2   0 0  1 1  0 0  0 0
    18  0.5955608287905470E-03   2   0 0  0 2  0 0  0 0
    19  -.2204645441852709E-05   2   1 0  0 0  0 1  0 0
    20  -.2512504292124951E-04   2   0 1  0 0  0 1  0 0
    21  -.6122491258525407E-01   2   0 0  1 0  0 1  0 0
    22  0.6473024426523374       2   0 0  0 1  0 1  0 0
    23  -.2201678533918402E-05   2   1 0  0 0  0 0  1 0
    24  -.2509123082258834E-04   2   0 1  0 0  0 0  1 0
    25  -.6114251898332735E-01   2   0 0  1 0  0 0  1 0
    26  0.6464313335313228       2   0 0  0 1  0 0  1 0
    27  0.5410377885198928E-04   2   1 0  0 0  0 0  0 1
    28  0.5021614146819971E-04   2   0 1  0 0  0 0  0 1
    29  -1.378818679134165       2   0 0  1 0  0 0  0 1
    30  -1.293733776264483       2   0 0  0 1  0 0  0 1
    31  -.3621094953678866E-05   2   0 0  0 0  0 2  0 0
    32  -.2332994956236043E-05   2   0 0  0 0  0 1  1 0
    33  -.3614652037412625E-05   2   0 0  0 0  0 0  2 0
    34  0.9575152517653997E-05   2   0 0  0 0  0 1  0 1
    35  0.9562266728657030E-05   2   0 0  0 0  0 0  1 1
    36  -.9568696954133737E-05   2   0 0  0 0  0 0  0 2
    37  -.1256594340720013E-01   3   3 0  0 0  0 0  0 0
    38  -.3526368057751358E-01   3   2 1  0 0  0 0  0 0
    39  -.3315492987790395E-01   3   1 2  0 0  0 0  0 0
    40  -.1041801639146288E-01   3   0 3  0 0  0 0  0 0
    41  -9.499342243631633       3   2 0  1 0  0 0  0 0
    42  -18.53196470008053       3   1 1  1 0  0 0  0 0
    43  -9.617939526763308       3   0 2  1 0  0 0  0 0
    44  0.2617019148212656E-01   3   1 0  2 0  0 0  0 0
    45  0.2391873575889421E-01   3   0 1  2 0  0 0  0 0
    46  -1.841581989459763       3   0 0  3 0  0 0  0 0
    47  -8.348062928754057       3   2 0  0 1  0 0  0 0
    48  -16.67459330989459       3   1 1  0 1  0 0  0 0
    49  -9.536650426525869       3   0 2  0 1  0 0  0 0
    50  0.4911556260680658E-01   3   1 0  1 1  0 0  0 0
    51  0.4516143619940045E-01   3   0 1  1 1  0 0  0 0
    52  -5.734190721653222       3   0 0  2 1  0 0  0 0
    53  0.2326101056096023E-01   3   1 0  0 2  0 0  0 0
    54  0.2154029580469341E-01   3   0 1  0 2  0 0  0 0
    55  -5.104910752562718       3   0 0  1 2  0 0  0 0
    56  -1.972603092418036       3   0 0  0 3  0 0  0 0
    57  -.3408476133699597E-03   3   2 0  0 0  0 1  0 0
    58  -.1158074663109301E-02   3   1 1  0 0  0 1  0 0
    59  -.7865840388508361E-03   3   0 2  0 0  0 1  0 0
    60  0.2979564910962294E-01   3   1 0  1 0  0 1  0 0
    61  -.2647063744957693       3   0 1  1 0  0 1  0 0
    62  -.1070988266682185E-03   3   0 0  2 0  0 1  0 0
    63  -.2791302688797960       3   1 0  0 1  0 1  0 0
    64  -.5348488174914674       3   0 1  0 1  0 1  0 0
    65  -.8104660677118403E-03   3   0 0  1 1  0 1  0 0
    66  -.7269661034778936E-03   3   0 0  0 2  0 1  0 0
    67  -.3403889167154791E-03   3   2 0  0 0  0 0  1 0
    68  -.1156516180805858E-02   3   1 1  0 0  0 0  1 0
    69  -.7855254911217733E-03   3   0 2  0 0  0 0  1 0
    70  0.2975555152927166E-01   3   1 0  1 0  0 0  1 0
    71  -.2643501451321519       3   0 1  1 0  0 0  1 0
    72  -.1069546981146808E-03   3   0 0  2 0  0 0  1 0
    73  -.2787546285188912       3   1 0  0 1  0 0  1 0
    74  -.5341290431594395       3   0 1  0 1  0 0  1 0
    75  -.8093753806738558E-03   3   0 0  1 1  0 0  1 0
    76  -.7259877867565578E-03   3   0 0  0 2  0 0  1 0
    77  0.1249727313199173E-02   3   2 0  0 0  0 0  0 1
    78  0.2311681285696084E-02   3   1 1  0 0  0 0  0 1
    79  0.1106989754023140E-02   3   0 2  0 0  0 0  0 1
    80  0.5798359287218152       3   1 0  1 0  0 0  0 1
    81  0.5290585660477786       3   0 1  1 0  0 0  0 1
    82  0.6787581856492331E-03   3   0 0  2 0  0 0  0 1
    83  0.5578869590276937       3   1 0  0 1  0 0  0 1
    84  0.5125102631024837       3   0 1  0 1  0 0  0 1
    85  0.1621828148302060E-02   3   0 0  1 1  0 0  0 1
    86  0.8584918161651097E-03   3   0 0  0 2  0 0  0 1
    87  0.1649515609895151E-05   3   1 0  0 0  0 2  0 0
    88  0.1984387771570267E-04   3   0 1  0 0  0 2  0 0
    89  0.4508541438277758E-01   3   0 0  1 0  0 2  0 0
    90  -.4599723590356439       3   0 0  0 1  0 2  0 0
    91  0.1202619900163075E-05   3   1 0  0 0  0 1  1 0
    92  0.1473539955321127E-04   3   0 1  0 0  0 1  1 0
    93  0.2898913044041550E-01   3   0 0  1 0  0 1  1 0
    94  -.2731454371672308       3   0 0  0 1  0 1  1 0
    95  0.1646486554935585E-05   3   1 0  0 0  0 0  2 0
    96  0.1980725765716590E-04   3   0 1  0 0  0 0  2 0
    97  0.4500523445413491E-01   3   0 0  1 0  0 0  2 0
    98  -.4591695567843795       3   0 0  0 1  0 0  2 0
    99  -.4675710241799721E-05   3   1 0  0 0  0 1  0 1
   100  -.2962538557550935E-04   3   0 1  0 0  0 1  0 1
   101  -.1191597406423087       3   0 0  1 0  0 1  0 1
   102  0.5457880195638707       3   0 0  0 1  0 1  0 1
   103  -.4669417891314911E-05   3   1 0  0 0  0 0  1 1
   104  -.2958551712779792E-04   3   0 1  0 0  0 0  1 1
   105  -.1189993810791563       3   0 0  1 0  0 0  1 1
   106  0.5450535237692402       3   0 0  0 1  0 0  1 1
   107  0.4816850852420506E-05   3   1 0  0 0  0 0  0 2
   108  0.4689520245647077E-05   3   0 1  0 0  0 0  0 2
   109  0.1190794539258585       3   0 0  1 0  0 0  0 2
   110  0.1014459839050632       3   0 0  0 1  0 0  0 2
   111  0.2975105782969987E-05   3   0 0  0 0  0 3  0 0
   112  0.1686357745898357E-05   3   0 0  0 0  0 2  1 0
   113  0.1688951168354200E-05   3   0 0  0 0  0 1  2 0
   114  0.2967966967518927E-05   3   0 0  0 0  0 0  3 0
   115  -.6993565747128999E-05   3   0 0  0 0  0 2  0 1
   116  -.4420098929705022E-05   3   0 0  0 0  0 1  1 1
   117  -.6981179955528059E-05   3   0 0  0 0  0 0  2 1
   118  0.4417496466576207E-05   3   0 0  0 0  0 1  0 2
   119  0.4411551608020890E-05   3   0 0  0 0  0 0  1 2
   120  0.2467251624197434E-06   3   0 0  0 0  0 0  0 3
   121  -.5298379773674711E-02   4   4 0  0 0  0 0  0 0
   122  -.1945944453235077E-01   4   3 1  0 0  0 0  0 0
   123  -.2703629523842951E-01   4   2 2  0 0  0 0  0 0
   124  -.1644204000784351E-01   4   1 3  0 0  0 0  0 0
   125  -.3658439575910701E-02   4   0 4  0 0  0 0  0 0
   126   139.1269950596669       4   3 0  1 0  0 0  0 0
   127   387.5638771737254       4   2 1  1 0  0 0  0 0
   128   361.7979574365519       4   1 2  1 0  0 0  0 0
   129   113.4486623589653       4   0 3  1 0  0 0  0 0
   130  0.3007607180010353E-01   4   2 0  2 0  0 0  0 0
   131  0.5803681865301245E-01   4   1 1  2 0  0 0  0 0
   132  0.2787472147356962E-01   4   0 2  2 0  0 0  0 0
   133  -99.39503160023082       4   1 0  3 0  0 0  0 0
   134  -90.28889567527378       4   0 1  3 0  0 0  0 0
   135  -.4572155332024155E-02   4   0 0  4 0  0 0  0 0
   136   132.0689273386196       4   3 0  0 1  0 0  0 0
   137   370.3733791800385       4   2 1  0 1  0 0  0 0
   138   348.2965591042026       4   1 2  0 1  0 0  0 0
   139   110.0756956840079       4   0 3  0 1  0 0  0 0
   140  0.5928957462794635E-01   4   2 0  1 1  0 0  0 0
   141  0.1152259394348373       4   1 1  1 1  0 0  0 0
   142  0.5654820450305519E-01   4   0 2  1 1  0 0  0 0
   143  -277.3800164916213       4   1 0  2 1  0 0  0 0
   144  -254.0854563320285       4   0 1  2 1  0 0  0 0
   145  -.1587539924585691E-01   4   0 0  3 1  0 0  0 0
   146  0.2875046080453334E-01   4   2 0  0 2  0 0  0 0
   147  0.5647918214304259E-01   4   1 1  0 2  0 0  0 0
   148  0.2837902087889781E-01   4   0 2  0 2  0 0  0 0
   149  -260.4404532365762       4   1 0  1 2  0 0  0 0
   150  -240.2521324559015       4   0 1  1 2  0 0  0 0
   151  -.2076908774277762E-01   4   0 0  2 2  0 0  0 0
   152  -81.96778703422360       4   1 0  0 3  0 0  0 0
   153  -76.04538603803245       4   0 1  0 3  0 0  0 0
   154  -.1173320607741357E-01   4   0 0  1 3  0 0  0 0
   155  -.2187938855580674E-02   4   0 0  0 4  0 0  0 0
   156  -.1407013368775448E-02   4   3 0  0 0  0 1  0 0
   157  0.1094484539844227E-01   4   2 1  0 0  0 1  0 0
   158  0.2413874863625976E-01   4   1 2  0 0  0 1  0 0
   159  0.1187627790247527E-01   4   0 3  0 0  0 1  0 0
   160   5.171634885838650       4   2 0  1 0  0 1  0 0
   161   19.14180244827026       4   1 1  1 0  0 1  0 0
   162   14.23043378387389       4   0 2  1 0  0 1  0 0
   163  0.2758459470439308E-02   4   1 0  2 0  0 1  0 0
   164  -.7761144453817179E-02   4   0 1  2 0  0 1  0 0
   165  0.4883946523162159       4   0 0  3 0  0 1  0 0
   166   8.870013563934378       4   2 0  0 1  0 1  0 0
   167   25.82528970128861       4   1 1  0 1  0 1  0 0
   168   18.63419041423788       4   0 2  0 1  0 1  0 0
   169  -.1535179197405641E-01   4   1 0  1 1  0 1  0 0
   170  -.3317058258813146E-01   4   0 1  1 1  0 1  0 0
   171   4.512633756639635       4   0 0  2 1  0 1  0 0
   172  -.1682338751655687E-01   4   1 0  0 2  0 1  0 0
   173  -.2451230389778874E-01   4   0 1  0 2  0 1  0 0
   174   6.913717448773131       4   0 0  1 2  0 1  0 0
   175   3.585380192953851       4   0 0  0 3  0 1  0 0
   176  -.1405119876493992E-02   4   3 0  0 0  0 0  1 0
   177  0.1093011634131776E-01   4   2 1  0 0  0 0  1 0
   178  0.2410626384596487E-01   4   1 2  0 0  0 0  1 0
   179  0.1186029536738371E-01   4   0 3  0 0  0 0  1 0
   180   5.164675143339997       4   2 0  1 0  0 0  1 0
   181   19.11604231265730       4   1 1  1 0  0 0  1 0
   182   14.21128313674467       4   0 2  1 0  0 0  1 0
   183  0.2754747265685686E-02   4   1 0  2 0  0 0  1 0
   184  -.7750699871381303E-02   4   0 1  2 0  0 0  1 0
   185  0.4877373938103709       4   0 0  3 0  0 0  1 0
   186   8.858076717709302       4   2 0  0 1  0 0  1 0
   187   25.79053524351238       4   1 1  0 1  0 0  1 0
   188   18.60911339897736       4   0 2  0 1  0 0  1 0
   189  -.1533113225592262E-01   4   1 0  1 1  0 0  1 0
   190  -.3312594318135978E-01   4   0 1  1 1  0 0  1 0
   191   4.506560866803009       4   0 0  2 1  0 0  1 0
   192  -.1680074739449587E-01   4   1 0  0 2  0 0  1 0
   193  -.2447931639442794E-01   4   0 1  0 2  0 0  1 0
   194   6.904413293662786       4   0 0  1 2  0 0  1 0
   195   3.580555157263289       4   0 0  0 3  0 0  1 0
   196  0.5410395684891288E-03   4   3 0  0 0  0 0  0 1
   197  0.1547166250674340E-02   4   2 1  0 0  0 0  0 1
   198  0.1486011429685924E-02   4   1 2  0 0  0 0  0 1
   199  0.5075652232785470E-03   4   0 3  0 0  0 0  0 1
   200  -19.82396212191606       4   2 0  1 0  0 0  0 1
   201  -38.23260846360946       4   1 1  1 0  0 0  0 1
   202  -18.81006828968361       4   0 2  1 0  0 0  0 1
   203  -.1407284157186595E-02   4   1 0  2 0  0 0  0 1
   204  -.1363290354999547E-02   4   0 1  2 0  0 0  0 1
   205  -2.820498081135872       4   0 0  3 0  0 0  0 1
   206  -17.71485679144623       4   2 0  0 1  0 0  0 1
   207  -34.91251542802220       4   1 1  0 1  0 0  0 1
   208  -18.15435095105830       4   0 2  0 1  0 0  0 1
   209  -.2787560790170692E-02   4   1 0  1 1  0 0  0 1
   210  -.2801553613752910E-02   4   0 1  1 1  0 0  0 1
   211  -9.028218773284625       4   0 0  2 1  0 0  0 1
   212  -.1368700600513618E-02   4   1 0  0 2  0 0  0 1
   213  -.1391439859046233E-02   4   0 1  0 2  0 0  0 1
   214  -8.723103320082165       4   0 0  1 2  0 0  0 1
   215  -3.224366683178416       4   0 0  0 3  0 0  0 1
   216  -.1583339787690736E-03   4   2 0  0 0  0 2  0 0
   217  0.1459290627758735E-03   4   1 1  0 0  0 2  0 0
   218  0.3180841266074900E-03   4   0 2  0 0  0 2  0 0
   219  -.2211042035385884E-01   4   1 0  1 0  0 2  0 0
   220  0.1847202736138991       4   0 1  1 0  0 2  0 0
   221  -.1281816162370088E-03   4   0 0  2 0  0 2  0 0
   222  0.1988454892570940       4   1 0  0 1  0 2  0 0
   223  0.5195894865202144       4   0 1  0 1  0 2  0 0
   224  0.3159540210940006E-03   4   0 0  1 1  0 2  0 0
   225  0.6392298639852297E-03   4   0 0  0 2  0 2  0 0
   226  -.1619608671498107E-03   4   2 0  0 0  0 1  1 0
   227  0.2904470956589098E-03   4   1 1  0 0  0 1  1 0
   228  0.5702464569390416E-03   4   0 2  0 0  0 1  1 0
   229  -.1536095346168096E-01   4   1 0  1 0  0 1  1 0
   230  0.1036490831646756       4   0 1  1 0  0 1  1 0
   231  -.1165022115329298E-03   4   0 0  2 0  0 1  1 0
   232  0.1177249061427477       4   1 0  0 1  0 1  1 0
   233  0.5028204160035924       4   0 1  0 1  0 1  1 0
   234  0.2812371271581706E-03   4   0 0  1 1  0 1  1 0
   235  0.7405536810633388E-03   4   0 0  0 2  0 1  1 0
   236  -.1580119207114391E-03   4   2 0  0 0  0 0  2 0
   237  0.1455372433140681E-03   4   1 1  0 0  0 0  2 0
   238  0.3172723585773026E-03   4   0 2  0 0  0 0  2 0
   239  -.2207032916855850E-01   4   1 0  1 0  0 0  2 0
   240  0.1844019427495791       4   0 1  1 0  0 0  2 0
   241  -.1279307238660059E-03   4   0 0  2 0  0 0  2 0
   242  0.1984986780536632       4   1 0  0 1  0 0  2 0
   243  0.5185519114672833       4   0 1  0 1  0 0  2 0
   244  0.3153395872270688E-03   4   0 0  1 1  0 0  2 0
   245  0.6378713174386931E-03   4   0 0  0 2  0 0  2 0
   246  0.3645730994661292E-03   4   2 0  0 0  0 1  0 1
   247  -.9340222588360828E-04   4   1 1  0 0  0 1  0 1
   248  -.3679065175639251E-03   4   0 2  0 0  0 1  0 1
   249  0.6078957900636973E-01   4   1 0  1 0  0 1  0 1
   250  -.2061876991886619       4   0 1  1 0  0 1  0 1
   251  0.2350400672402410E-03   4   0 0  2 0  0 1  0 1
   252  -.2346276282865079       4   1 0  0 1  0 1  0 1
   253  -.4691980965205259       4   0 1  0 1  0 1  0 1
   254  -.2852834199516503E-03   4   0 0  1 1  0 1  0 1
   255  -.5931751854200128E-03   4   0 0  0 2  0 1  0 1
   256  0.3640824741706039E-03   4   2 0  0 0  0 0  1 1
   257  -.9327652956990832E-04   4   1 1  0 0  0 0  1 1
   258  -.3674114063114215E-03   4   0 2  0 0  0 0  1 1
   259  0.6070777125585673E-01   4   1 0  1 0  0 0  1 1
   260  -.2059102215003834       4   0 1  1 0  0 0  1 1
   261  0.2347237613948033E-03   4   0 0  2 0  0 0  1 1
   262  -.2343118774819772       4   1 0  0 1  0 0  1 1
   263  -.4685666718347688       4   0 1  0 1  0 0  1 1
   264  -.2848994989700205E-03   4   0 0  1 1  0 0  1 1
   265  -.5923769182108532E-03   4   0 0  0 2  0 0  1 1
   266  -.2508232956079584E-03   4   2 0  0 0  0 0  0 2
   267  -.4737736661115488E-03   4   1 1  0 0  0 0  0 2
   268  -.2219393246505456E-03   4   0 2  0 0  0 0  0 2
   269  -.6195455008772929E-01   4   1 0  1 0  0 0  0 2
   270  -.6002846965581796E-01   4   0 1  1 0  0 0  0 2
   271  -.9686288498115583E-04   4   0 0  2 0  0 0  0 2
   272  -.4588887894497034E-01   4   1 0  0 1  0 0  0 2
   273  -.4550113366067159E-01   4   0 1  0 1  0 0  0 2
   274  -.2126805712998281E-03   4   0 0  1 1  0 0  0 2
   275  -.1106242949061789E-03   4   0 0  0 2  0 0  0 2
   276  -.3864405117958439E-05   4   1 0  0 0  0 3  0 0
   277  -.2225855937368843E-04   4   0 1  0 0  0 3  0 0
   278  -.3701977599014369E-01   4   0 0  1 0  0 3  0 0
   279  0.3667117992960832       4   0 0  0 1  0 3  0 0
   280  -.2661126901312717E-05   4   1 0  0 0  0 2  1 0
   281  -.1581592491676839E-04   4   0 1  0 0  0 2  1 0
   282  -.2091707085719411E-01   4   0 0  1 0  0 2  1 0
   283  0.1802931291579420       4   0 0  0 1  0 2  1 0
   284  -.2663545376034832E-05   4   1 0  0 0  0 1  2 0
   285  -.1582886974045723E-04   4   0 1  0 0  0 1  2 0
   286  -.2094947568266277E-01   4   0 0  1 0  0 1  2 0
   287  0.1806684431483973       4   0 0  0 1  0 1  2 0
   288  -.3854816121374351E-05   4   1 0  0 0  0 0  3 0
   289  -.2220299977908350E-04   4   0 1  0 0  0 0  3 0
   290  -.3693099116734057E-01   4   0 0  1 0  0 0  3 0
   291  0.3658503928193737       4   0 0  0 1  0 0  3 0
   292  0.5233160080203254E-05   4   1 0  0 0  0 2  0 1
   293  0.2842567310841781E-04   4   0 1  0 0  0 2  0 1
   294  0.8690816046145330E-01   4   0 0  1 0  0 2  0 1
   295  -.3604561971873389       4   0 0  0 1  0 2  0 1
   296  0.4130400218822874E-05   4   1 0  0 0  0 1  1 1
   297  0.2256333831850640E-04   4   0 1  0 0  0 1  1 1
   298  0.5475317146834262E-01   4   0 0  1 0  0 1  1 1
   299  -.1756105347750390       4   0 0  0 1  0 1  1 1
   300  0.5223338291019855E-05   4   1 0  0 0  0 0  2 1
   301  0.2837223683856446E-04   4   0 1  0 0  0 0  2 1
   302  0.8675436143607645E-01   4   0 0  1 0  0 0  2 1
   303  -.3598529480341445       4   0 0  0 1  0 0  2 1
   304  -.9004875576378303E-06   4   1 0  0 0  0 1  0 2
   305  -.2638413233316878E-05   4   0 1  0 0  0 1  0 2
   306  -.5471415014419927E-01   4   0 0  1 0  0 1  0 2
   307  -.9754022097315249E-01   4   0 0  0 1  0 1  0 2
   308  -.8992757239212490E-06   4   1 0  0 0  0 0  1 2
   309  -.2634862581131579E-05   4   0 1  0 0  0 0  1 2
   310  -.5464051841952390E-01   4   0 0  1 0  0 0  1 2
   311  -.9740895594067828E-01   4   0 0  0 1  0 0  1 2
   312  0.2272216937473802E-06   4   1 0  0 0  0 0  0 3
   313  0.1853530264227977E-06   4   0 1  0 0  0 0  0 3
   314  -.3243599592206247E-02   4   0 0  1 0  0 0  0 3
   315  -.2649422945123681E-02   4   0 0  0 1  0 0  0 3
   316  -.6242446133028295E-05   4   0 0  0 0  0 4  0 0
   317  -.3245179298006783E-05   4   0 0  0 0  0 3  1 0
   318  -.2847308601552415E-05   4   0 0  0 0  0 2  2 0
   319  -.3253756345174637E-05   4   0 0  0 0  0 1  3 0
   320  -.6223470837766164E-05   4   0 0  0 0  0 0  4 0
   321  0.6723688899104273E-05   4   0 0  0 0  0 3  0 1
   322  0.3436662561194423E-05   4   0 0  0 0  0 2  1 1
   323  0.3443279583481340E-05   4   0 0  0 0  0 1  2 1
   324  0.6707806934561910E-05   4   0 0  0 0  0 0  3 1
   325  0.4682612035372498E-06   4   0 0  0 0  0 2  0 2
   326  0.5578343009381396E-06   4   0 0  0 0  0 1  1 2
   327  0.4672556861217255E-06   4   0 0  0 0  0 0  2 2
   328  0.3353246587997243E-08   4   0 0  0 0  0 1  0 3
   329  0.3348733946772186E-08   4   0 0  0 0  0 0  1 3
   330  -.9240057469350802E-14   4   0 0  0 0  0 0  0 4
   ----------------------------------------------------
     I  COEFFICIENT            ORDER EXPONENTS
     1  0.8709931499126565E-08   0   0 0  0 0  0 0  0 0
     2  -.2318789705969845E-05   1   1 0  0 0  0 0  0 0
     3  -.3045515400375038E-05   1   0 1  0 0  0 0  0 0
     4  0.1757851313321769E-04   1   0 0  1 0  0 0  0 0
     5  0.1386350914131313E-05   1   0 0  0 1  0 0  0 0
     6   1.000000000000000       1   0 0  0 0  1 0  0 0
     7  0.2859789908938879       1   0 0  0 0  0 1  0 0
     8  -.2859789894081306       1   0 0  0 0  0 0  1 0
     9  -.1485762912009455E-08   1   0 0  0 0  0 0  0 1
    10  -.1279951338064406       2   2 0  0 0  0 0  0 0
    11  -.4194786008379752       2   1 1  0 0  0 0  0 0
    12  -.5583188652897106       2   0 2  0 0  0 0  0 0
    13  -.8596628793867987E-05   2   1 0  1 0  0 0  0 0
    14  -.1343224774989277E-04   2   0 1  1 0  0 0  0 0
    15  -.1009485683308827       2   0 0  2 0  0 0  0 0
    16  -.1332697557428334E-04   2   1 0  0 1  0 0  0 0
    17  -.1693840576134842E-04   2   0 1  0 1  0 0  0 0
    18  -.1272552694829241E-01   2   0 0  1 1  0 0  0 0
    19  -.2172835315978779       2   0 0  0 2  0 0  0 0
    20  0.3457820570430501E-05   2   1 0  0 0  0 1  0 0
    21  0.5539830667094260E-05   2   0 1  0 0  0 1  0 0
    22  -.2534972202189686E-04   2   0 0  1 0  0 1  0 0
    23  -.9530462387640297E-05   2   0 0  0 1  0 1  0 0
    24  0.1140624398745396E-05   2   1 0  0 0  0 0  1 0
    25  0.2495073468650118E-05   2   0 1  0 0  0 0  1 0
    26  -.7784384359413751E-05   2   0 0  1 0  0 0  1 0
    27  -.8135023873873758E-05   2   0 0  0 1  0 0  1 0
    28  -.4598480971273352E-05   2   1 0  0 0  0 0  0 1
    29  -.4989472295975760E-05   2   0 1  0 0  0 0  0 1
    30  0.3313412231073240E-04   2   0 0  1 0  0 0  0 1
    31  0.1627915713683713E-04   2   0 0  0 1  0 0  0 1
    32  -.2146286622643087       2   0 0  0 0  0 2  0 0
    33  0.1432783315321623       2   0 0  0 0  0 1  1 0
    34  0.7135032862892064E-01   2   0 0  0 0  0 0  2 0
    35  0.2102721473113833E-08   2   0 0  0 0  0 1  0 1
    36  0.6181698962496266E-09   2   0 0  0 0  0 0  1 1
    37  -.6176126875833583E-09   2   0 0  0 0  0 0  0 2
    38  0.6229957571183396E-01   3   3 0  0 0  0 0  0 0
    39  0.2136992318209512       3   2 1  0 0  0 0  0 0
    40  0.2331310861732614       3   1 2  0 0  0 0  0 0
    41  0.8233775951999422E-01   3   0 3  0 0  0 0  0 0
    42  0.3665182208952243E-03   3   2 0  1 0  0 0  0 0
    43  0.6381233410650438E-03   3   1 1  1 0  0 0  0 0
    44  0.4097011590192357E-03   3   0 2  1 0  0 0  0 0
    45  0.3817524611029753E-01   3   1 0  2 0  0 0  0 0
    46  -.2029528670833843E-02   3   0 1  2 0  0 0  0 0
    47  0.1154331041651094E-03   3   0 0  3 0  0 0  0 0
    48  0.2578499512318501E-03   3   2 0  0 1  0 0  0 0
    49  0.4251286106180101E-03   3   1 1  0 1  0 0  0 0
    50  0.2717628162475678E-03   3   0 2  0 1  0 0  0 0
    51  -.2615418885272775E-02   3   1 0  1 1  0 0  0 0
    52  -.6638690992267121E-01   3   0 1  1 1  0 0  0 0
    53  0.3683867849430359E-03   3   0 0  2 1  0 0  0 0
    54  -.3400281458206476E-01   3   1 0  0 2  0 0  0 0
    55  -.5936274469135380E-01   3   0 1  0 2  0 0  0 0
    56  0.3654236622184191E-03   3   0 0  1 2  0 0  0 0
    57  0.1074230913915324E-03   3   0 0  0 3  0 0  0 0
    58  0.1994670162603812       3   2 0  0 0  0 1  0 0
    59  0.7623415126054622       3   1 1  0 0  0 1  0 0
    60   1.034952810246832       3   0 2  0 0  0 1  0 0
    61  0.1295923367237409E-04   3   1 0  1 0  0 1  0 0
    62  0.2431769026211266E-04   3   0 1  1 0  0 1  0 0
    63  0.1453279881925028       3   0 0  2 0  0 1  0 0
    64  0.2415664337226011E-04   3   1 0  0 1  0 1  0 0
    65  0.3790422545160089E-04   3   0 1  0 1  0 1  0 0
    66  0.1045435510360582       3   0 0  1 1  0 1  0 0
    67  0.3318654465152799       3   0 0  0 2  0 1  0 0
    68  0.7154784249015821E-01   3   2 0  0 0  0 0  1 0
    69  0.3429655511883480       3   1 1  0 0  0 0  1 0
    70  0.4767430688924311       3   0 2  0 0  0 0  1 0
    71  0.4350309548242396E-05   3   1 0  1 0  0 0  1 0
    72  0.1082704490333259E-04   3   0 1  1 0  0 0  1 0
    73  0.4445544561944451E-01   3   0 0  2 0  0 0  1 0
    74  0.1080496812334604E-04   3   1 0  0 1  0 0  1 0
    75  0.2088784605681403E-04   3   0 1  0 1  0 0  1 0
    76  0.9171167726582050E-01   3   0 0  1 1  0 0  1 0
    77  0.1147197837293092       3   0 0  0 2  0 0  1 0
    78  -.2710151135730228       3   2 0  0 0  0 0  0 1
    79  -.6858291799462719       3   1 1  0 0  0 0  0 1
    80  -.3950587747216734       3   0 2  0 0  0 0  0 1
    81  -.1727263585661715E-04   3   1 0  1 0  0 0  0 1
    82  -.2159213179419759E-04   3   0 1  1 0  0 0  0 1
    83  -.1897835770807142       3   0 0  2 0  0 0  0 1
    84  -.2156342734639043E-04   3   1 0  0 1  0 0  0 1
    85  -.2473149740164925E-04   3   0 1  0 1  0 0  0 1
    86  -.1835298815321668       3   0 0  1 1  0 0  0 1
    87  -.1201826822286640E-01   3   0 0  0 2  0 0  0 1
    88  -.4298442078737795E-05   3   1 0  0 0  0 2  0 0
    89  -.7880282955671508E-05   3   0 1  0 0  0 2  0 0
    90  0.3069818155792197E-04   3   0 0  1 0  0 2  0 0
    91  0.1893377829586699E-04   3   0 0  0 1  0 2  0 0
    92  -.1682361804064670E-05   3   1 0  0 0  0 1  1 0
    93  -.4681873477667627E-05   3   0 1  0 0  0 1  1 0
    94  0.1070730721624670E-04   3   0 0  1 0  0 1  1 0
    95  0.1880683683634613E-04   3   0 0  0 1  0 1  1 0
    96  -.8423691963743900E-06   3   1 0  0 0  0 0  2 0
    97  -.2341506010292812E-05   3   0 1  0 0  0 0  2 0
    98  0.5363472676824387E-05   3   0 0  1 0  0 0  2 0
    99  0.9397159857859299E-05   3   0 0  0 1  0 0  2 0
   100  0.6820784619078989E-05   3   1 0  0 0  0 1  0 1
   101  0.9362290717333461E-05   3   0 1  0 0  0 1  0 1
   102  -.4675817233265836E-04   3   0 0  1 0  0 1  0 1
   103  -.3761790838287577E-04   3   0 0  0 1  0 1  0 1
   104  0.2225635626203516E-05   3   1 0  0 0  0 0  1 1
   105  0.4373864177844708E-05   3   0 1  0 0  0 0  1 1
   106  -.1365140858233942E-04   3   0 0  1 0  0 0  1 1
   107  -.2133293625327514E-04   3   0 0  0 1  0 0  1 1
   108  -.2223934629120471E-05   3   1 0  0 0  0 0  0 2
   109  -.1878661082816018E-05   3   0 1  0 0  0 0  0 2
   110  0.1363892742933473E-04   3   0 0  1 0  0 0  0 2
   111  0.1319742576571781E-04   3   0 0  0 1  0 0  0 2
   112  0.1788813491850410       3   0 0  0 0  0 3  0 0
   113  -.1073867922666375       3   0 0  0 0  0 2  1 0
   114  -.3589155505419465E-01   3   0 0  0 0  0 1  2 0
   115  -.3560303933565025E-01   3   0 0  0 0  0 0  3 0
   116  -.2435065863779011E-08   3   0 0  0 0  0 2  0 1
   117  -.2208294703480773E-10   3   0 0  0 0  0 1  1 1
   118  -.1266128194052123E-10   3   0 0  0 0  0 0  2 1
   119  0.3760422350443092E-09   3   0 0  0 0  0 1  0 2
   120  0.4616068784027890E-10   3   0 0  0 0  0 0  1 2
   121  0.5710252120676341E-10   3   0 0  0 0  0 0  0 3
   122  -.6432488350829767       4   4 0  0 0  0 0  0 0
   123  -3.374889129902693       4   3 1  0 0  0 0  0 0
   124  -6.968383704854637       4   2 2  0 0  0 0  0 0
   125  -6.553820647488036       4   1 3  0 0  0 0  0 0
   126  -2.592079349079919       4   0 4  0 0  0 0  0 0
   127  0.3053376126388686E-03   4   3 0  1 0  0 0  0 0
   128  0.2475509540558244E-02   4   2 1  1 0  0 0  0 0
   129  0.3688330235365777E-02   4   1 2  1 0  0 0  0 0
   130  0.1527866531371460E-02   4   0 3  1 0  0 0  0 0
   131  -2.442198249215677       4   2 0  2 0  0 0  0 0
   132  -4.759597672524554       4   1 1  2 0  0 0  0 0
   133  -2.947071949772180       4   0 2  2 0  0 0  0 0
   134  0.2501047467201434E-02   4   1 0  3 0  0 0  0 0
   135  0.1794252352520863E-02   4   0 1  3 0  0 0  0 0
   136  -.4436797183969202       4   0 0  4 0  0 0  0 0
   137  0.9102934244594300E-03   4   3 0  0 1  0 0  0 0
   138  0.4023316239130925E-02   4   2 1  0 1  0 0  0 0
   139  0.5032700900764204E-02   4   1 2  0 1  0 0  0 0
   140  0.1921418209753778E-02   4   0 3  0 1  0 0  0 0
   141  -3.634712875143711       4   2 0  1 1  0 0  0 0
   142  -6.508707129222572       4   1 1  1 1  0 0  0 0
   143  -3.831792487179747       4   0 2  1 1  0 0  0 0
   144  0.5687081745055087E-02   4   1 0  2 1  0 0  0 0
   145  0.3869412374623810E-02   4   0 1  2 1  0 0  0 0
   146  -1.538281384320314       4   0 0  3 1  0 0  0 0
   147  -1.184938091326391       4   2 0  0 2  0 0  0 0
   148  -2.267330334924701       4   1 1  0 2  0 0  0 0
   149  -1.824265240103115       4   0 2  0 2  0 0  0 0
   150  0.4091326591169622E-02   4   1 0  1 2  0 0  0 0
   151  0.2506102841786943E-02   4   0 1  1 2  0 0  0 0
   152  -2.001798681613138       4   0 0  2 2  0 0  0 0
   153  0.8682064660220358E-03   4   1 0  0 3  0 0  0 0
   154  0.3950117976253476E-03   4   0 1  0 3  0 0  0 0
   155  -1.076829391304852       4   0 0  1 3  0 0  0 0
   156  -.3149255390472379       4   0 0  0 4  0 0  0 0
   157  -.1015245783517427       4   3 0  0 0  0 1  0 0
   158  -.4313941774519132       4   2 1  0 0  0 1  0 0
   159  -.5710185268174004       4   1 2  0 0  0 1  0 0
   160  -.2391330738150000       4   0 3  0 0  0 1  0 0
   161  0.2674559042158398E-04   4   2 0  1 0  0 1  0 0
   162  -.2348680989197701E-03   4   1 1  1 0  0 1  0 0
   163  -.3800262418775071E-03   4   0 2  1 0  0 1  0 0
   164  -.5199551082185187E-01   4   1 0  2 0  0 1  0 0
   165  -.1099068350645058E-01   4   0 1  2 0  0 1  0 0
   166  -.5868767236621701E-04   4   0 0  3 0  0 1  0 0
   167  -.8131628752549832E-04   4   2 0  0 1  0 1  0 0
   168  -.1747294551383496E-03   4   1 1  0 1  0 1  0 0
   169  -.2016256381042071E-03   4   0 2  0 1  0 1  0 0
   170  -.2459974278949558E-01   4   1 0  1 1  0 1  0 0
   171  0.1040892660371990       4   0 1  1 1  0 1  0 0
   172  -.3008174666767793E-03   4   0 0  2 1  0 1  0 0
   173  0.5389462635076669E-01   4   1 0  0 2  0 1  0 0
   174  0.1341054702666513       4   0 1  0 2  0 1  0 0
   175  -.5663134496156832E-03   4   0 0  1 2  0 1  0 0
   176  -.2625339337220547E-03   4   0 0  0 3  0 1  0 0
   177  -.3887703286431703E-01   4   3 0  0 0  0 0  1 0
   178  -.2160865148557782       4   2 1  0 0  0 0  1 0
   179  -.3356231844703964       4   1 2  0 0  0 0  1 0
   180  -.1557321296448129       4   0 3  0 0  0 0  1 0
   181  0.4282608697295019E-05   4   2 0  1 0  0 0  1 0
   182  -.3261022034275467E-03   4   1 1  1 0  0 0  1 0
   183  -.3731114862206404E-03   4   0 2  1 0  0 0  1 0
   184  -.1371235336031655E-01   4   1 0  2 0  0 0  1 0
   185  -.1251809391864600E-01   4   0 1  2 0  0 0  1 0
   186  -.4278190287874384E-04   4   0 0  3 0  0 0  1 0
   187  -.1146001857211618E-03   4   2 0  0 1  0 0  1 0
   188  -.3350696124538858E-03   4   1 1  0 1  0 0  1 0
   189  -.2842299480594932E-03   4   0 2  0 1  0 0  1 0
   190  -.2697324535028395E-01   4   1 0  1 1  0 0  1 0
   191  0.3843387884539530E-01   4   0 1  1 1  0 0  1 0
   192  -.2219614527276478E-03   4   0 0  2 1  0 0  1 0
   193  0.2004508244075747E-01   4   1 0  0 2  0 0  1 0
   194  0.7508603968305844E-01   4   0 1  0 2  0 0  1 0
   195  -.4180503544033170E-03   4   0 0  1 2  0 0  1 0
   196  -.2003321944758441E-03   4   0 0  0 3  0 0  1 0
   197  0.1399298332688953       4   3 0  0 0  0 0  0 1
   198  0.4311517615132422       4   2 1  0 0  0 0  0 1
   199  0.4361563989380531       4   1 2  0 0  0 0  0 1
   200  0.1455200276558459       4   0 3  0 0  0 0  0 1
   201  0.4224070850916761E-04   4   2 0  1 0  0 0  0 1
   202  0.1509831537482272E-03   4   1 1  1 0  0 0  0 1
   203  0.1962723519858689E-03   4   0 2  1 0  0 0  0 1
   204  0.6544787653236220E-01   4   1 0  2 0  0 0  0 1
   205  0.2456983948639130E-01   4   0 1  2 0  0 0  0 1
   206  0.1368357638534463E-03   4   0 0  3 0  0 0  0 1
   207  -.8751972305696837E-04   4   2 0  0 1  0 0  0 1
   208  -.1927273932037236E-03   4   1 1  0 1  0 0  0 1
   209  -.1640698027169485E-04   4   0 2  0 1  0 0  0 1
   210  0.5378522955786333E-01   4   1 0  1 1  0 0  0 1
   211  -.1111087686310123E-01   4   0 1  1 1  0 0  0 1
   212  0.2769074840086068E-03   4   0 0  2 1  0 0  0 1
   213  -.6264750148884257E-02   4   1 0  0 2  0 0  0 1
   214  -.3198770490061883E-01   4   0 1  0 2  0 0  0 1
   215  0.2250521543096619E-03   4   0 0  1 2  0 0  0 1
   216  0.9031234350853591E-04   4   0 0  0 3  0 0  0 1
   217  -.2570574701519677       4   2 0  0 0  0 2  0 0
   218  -1.093077655969333       4   1 1  0 0  0 2  0 0
   219  -1.525131751455099       4   0 2  0 0  0 2  0 0
   220  -.1943795265622507E-04   4   1 0  1 0  0 2  0 0
   221  -.4385875226576525E-04   4   0 1  1 0  0 2  0 0
   222  -.1757463378180111       4   0 0  2 0  0 2  0 0
   223  -.4438713223180251E-04   4   1 0  0 1  0 2  0 0
   224  -.7703603420268674E-04   4   0 1  0 1  0 2  0 0
   225  -.2109828217728890       4   0 0  1 1  0 2  0 0
   226  -.4389120320315096       4   0 0  0 2  0 2  0 0
   227  -.1151879216361124       4   2 0  0 0  0 1  1 0
   228  -.6614486007564910       4   1 1  0 0  0 1  1 0
   229  -.9802950792917960       4   0 2  0 0  0 1  1 0
   230  -.7663386521954952E-05   4   1 0  1 0  0 1  1 0
   231  -.2405580646443027E-04   4   0 1  1 0  0 1  1 0
   232  -.6089606171681959E-01   4   0 0  2 0  0 1  1 0
   233  -.2464091643487075E-04   4   1 0  0 1  0 1  1 0
   234  -.5458582879862576E-04   4   0 1  0 1  0 1  1 0
   235  -.2128786913123917       4   0 0  1 1  0 1  1 0
   236  -.2141325229692327       4   0 0  0 2  0 1  1 0
   237  -.5765043365201414E-01   4   2 0  0 0  0 0  2 0
   238  -.3307912537625914       4   1 1  0 0  0 0  2 0
   239  -.4901830127267788       4   0 2  0 0  0 0  2 0
   240  -.3864408445688326E-05   4   1 0  1 0  0 0  2 0
   241  -.1206255998131654E-04   4   0 1  1 0  0 0  2 0
   242  -.3050465129647528E-01   4   0 0  2 0  0 0  2 0
   243  -.1234511135649757E-04   4   1 0  0 1  0 0  2 0
   244  -.2729827900975851E-04   4   0 1  0 1  0 0  2 0
   245  -.1063662742057789       4   0 0  1 1  0 0  2 0
   246  -.1071450902118650       4   0 0  0 2  0 0  2 0
   247  0.4298015582839173       4   2 0  0 0  0 1  0 1
   248   1.322851308465780       4   1 1  0 0  0 1  0 1
   249  0.9256641754810468       4   0 2  0 0  0 1  0 1
   250  0.2409307273813046E-04   4   1 0  1 0  0 1  0 1
   251  0.4337554325078410E-04   4   0 1  1 0  0 1  0 1
   252  0.2670814606904752       4   0 0  2 0  0 1  0 1
   253  0.4428637249231540E-04   4   1 0  0 1  0 1  0 1
   254  0.6468241064844568E-04   4   0 1  0 1  0 1  0 1
   255  0.4257999012279380       4   0 0  1 1  0 1  0 1
   256  0.9638260883550717E-01   4   0 0  0 2  0 1  0 1
   257  0.1589269450238133       4   2 0  0 0  0 0  1 1
   258  0.6370689065027930       4   1 1  0 0  0 0  1 1
   259  0.5304144208028710       4   0 2  0 0  0 0  1 1
   260  0.8116620367739058E-05   4   1 0  1 0  0 0  1 1
   261  0.1976298977661614E-04   4   0 1  1 0  0 0  1 1
   262  0.7745604628948455E-01   4   0 0  2 0  0 0  1 1
   263  0.2039717678714298E-04   4   1 0  0 1  0 0  1 1
   264  0.3512931588866914E-04   4   0 1  0 1  0 0  1 1
   265  0.2422029241025878       4   0 0  1 1  0 0  1 1
   266  0.8427234035554051E-01   4   0 0  0 2  0 0  1 1
   267  -.1588441580475044       4   2 0  0 0  0 0  0 2
   268  -.2941072335173279       4   1 1  0 0  0 0  0 2
   269  -.1354398212589460       4   0 2  0 0  0 0  0 2
   270  -.5992628234312126E-05   4   1 0  1 0  0 0  0 2
   271  -.5439625190187806E-05   4   0 1  1 0  0 0  0 2
   272  -.7738354957585439E-01   4   0 0  2 0  0 0  0 2
   273  -.5824479658901179E-05   4   1 0  0 1  0 0  0 2
   274  -.5329786974858951E-05   4   0 1  0 1  0 0  0 2
   275  -.1504838767500792       4   0 0  1 1  0 0  0 2
   276  -.7230601237079352E-01   4   0 0  0 2  0 0  0 2
   277  -.8721259096708289E-04   4   1 0  0 0  0 3  0 0
   278  -.1787685630356865E-03   4   0 1  0 0  0 3  0 0
   279  -.4260784100106455E-04   4   0 0  1 0  0 3  0 0
   280  -.2095475208288133E-04   4   0 0  0 1  0 3  0 0
   281  -.4277715326103491E-04   4   1 0  0 0  0 2  1 0
   282  -.8533108346005830E-04   4   0 1  0 0  0 2  1 0
   283  -.1483934811859532E-04   4   0 0  1 0  0 2  1 0
   284  -.2624234064317794E-04   4   0 0  0 1  0 2  1 0
   285  -.2653158317446836E-04   4   1 0  0 0  0 1  2 0
   286  -.5263068923119857E-04   4   0 1  0 0  0 1  2 0
   287  -.8397514261548274E-05   4   0 0  1 0  0 1  2 0
   288  -.1814897416896396E-04   4   0 0  0 1  0 1  2 0
   289  -.1428051562606157E-04   4   1 0  0 0  0 0  3 0
   290  -.2848997282232699E-04   4   0 1  0 0  0 0  3 0
   291  -.4962885649834405E-05   4   0 0  1 0  0 0  3 0
   292  -.8737875052251052E-05   4   0 0  0 1  0 0  3 0
   293  0.7535200747167185E-04   4   1 0  0 0  0 2  0 1
   294  0.6322174637681341E-04   4   0 1  0 0  0 2  0 1
   295  0.4786129373247220E-04   4   0 0  1 0  0 2  0 1
   296  0.6657057220357896E-04   4   0 0  0 1  0 2  0 1
   297  0.3689148256510791E-04   4   1 0  0 0  0 1  1 1
   298  0.3205388791873193E-04   4   0 1  0 0  0 1  1 1
   299  0.1388040549898923E-04   4   0 0  1 0  0 1  1 1
   300  0.4503889302635139E-04   4   0 0  0 1  0 1  1 1
   301  0.1845907113085219E-04   4   1 0  0 0  0 0  2 1
   302  0.1603696272854871E-04   4   0 1  0 0  0 0  2 1
   303  0.6958460956534168E-05   4   0 0  1 0  0 0  2 1
   304  0.2251903054045300E-04   4   0 0  0 1  0 0  2 1
   305  -.1839426130851399E-06   4   1 0  0 0  0 1  0 2
   306  0.9859190387388660E-06   4   0 1  0 0  0 1  0 2
   307  -.7074706064689876E-05   4   0 0  1 0  0 1  0 2
   308  -.1380810861920515E-04   4   0 0  0 1  0 1  0 2
   309  -.1477878701919849E-05   4   1 0  0 0  0 0  1 2
   310  -.2399431841028408E-06   4   0 1  0 0  0 0  1 2
   311  -.6545828069057169E-06   4   0 0  1 0  0 0  1 2
   312  -.7199357406468657E-05   4   0 0  0 1  0 0  1 2
   313  -.3228580924710709E-07   4   1 0  0 0  0 0  0 3
   314  -.1457123856919660E-07   4   0 1  0 0  0 0  0 3
   315  -.1302335254218914E-05   4   0 0  1 0  0 0  0 3
   316  -.1175413677833200E-05   4   0 0  0 1  0 0  0 3
   317  -.1565302493439347       4   0 0  0 0  0 4  0 0
   318  0.8947684517827784E-01   4   0 0  0 0  0 3  1 0
   319  0.2686485662494239E-01   4   0 0  0 0  0 2  2 0
   320  0.1798162790257380E-01   4   0 0  0 0  0 1  3 0
   321  0.2220686196360881E-01   4   0 0  0 0  0 0  4 0
   322  0.3358435799898605E-08   4   0 0  0 0  0 3  0 1
   323  0.1991026376917521E-08   4   0 0  0 0  0 2  1 1
   324  0.1624424573733436E-08   4   0 0  0 0  0 1  2 1
   325  0.5688187451294846E-09   4   0 0  0 0  0 0  3 1
   326  -.4586882697842284E-09   4   0 0  0 0  0 2  0 2
   327  -.1012486382356951E-09   4   0 0  0 0  0 1  1 2
   328  -.4936783869130775E-10   4   0 0  0 0  0 0  2 2
   329  -.1095983940897826E-09   4   0 0  0 0  0 1  0 3
   330  -.5250196887766312E-10   4   0 0  0 0  0 0  1 3
   331  -.3615775086457659E-11   4   0 0  0 0  0 0  0 4
   ----------------------------------------------------
     I  COEFFICIENT            ORDER EXPONENTS
     1   1.000000000000000       1   0 0  0 0  0 1  0 0
     --------------------------------------------------
     I  COEFFICIENT            ORDER EXPONENTS
     1   1.000000000000000       1   0 0  0 0  0 0  1 0
     --------------------------------------------------
     I  COEFFICIENT            ORDER EXPONENTS
     1   1.000000000000000       1   0 0  0 0  0 0  0 1
     --------------------------------------------------
