 L    0.1145458000000000E+01
 P (  0.0000000000000000E+00,  0.0000000000000000E+00,  0.9555200000000000E-01)
 A (  0.0000000000000000E+00,  0.0000000000000000E+00,  0.0000000000000000E+00)
     I  COEFFICIENT            ORDER EXPONENTS
     1  0.9475560953058782E-04   0   0 0  0 0  0 0  0 0
     2   1.501170562915955       1   1 0  0 0  0 0  0 0
     3   1.590363963370528       1   0 1  0 0  0 0  0 0
     4  0.1500259790388107E-04   1   0 0  1 0  0 0  0 0
     5  0.1319145080759680E-04   1   0 0  0 1  0 0  0 0
     6  -.8714105572880783E-06   1   0 0  0 0  0 1  0 0
     7  -.8702378540285520E-06   1   0 0  0 0  0 0  1 0
     8  0.1741648412976336E-05   1   0 0  0 0  0 0  0 1
     9  -.1229506257701098       2   2 0  0 0  0 0  0 0
    10  -.2198652430238517       2   1 1  0 0  0 0  0 0
    11  -.9881201056340111E-01   2   0 2  0 0  0 0  0 0
    12  0.4976810040258453E-03   2   1 0  1 0  0 0  0 0
    13  0.1516203150104565E-03   2   0 1  1 0  0 0  0 0
    14  0.9408013799762045E-01   2   0 0  2 0  0 0  0 0
    15  0.4831921749935657E-03   2   1 0  0 1  0 0  0 0
    16  0.2098034594995112E-03   2   0 1  0 1  0 0  0 0
    17  0.1679704166239650       2   0 0  1 1  0 0  0 0
    18  0.7557141825147609E-01   2   0 0  0 2  0 0  0 0
    19  -.2675606287970452       2   1 0  0 0  0 1  0 0
    20  -1.032344000083643       2   0 1  0 0  0 1  0 0
    21  -.8107021602134111E-05   2   0 0  1 0  0 1  0 0
    22  -.1376940828157241E-04   2   0 0  0 1  0 1  0 0
    23  -.2672005583125067       2   1 0  0 0  0 0  1 0
    24  -1.030954720181019       2   0 1  0 0  0 0  1 0
    25  -.8096111554532655E-05   2   0 0  1 0  0 0  1 0
    26  -.1375087806083683E-04   2   0 0  0 1  0 0  1 0
    27  0.5347611871350330       2   1 0  0 0  0 0  0 1
    28  0.4729347569199217       2   0 1  0 0  0 0  0 1
    29  0.1620311460489393E-04   2   0 0  1 0  0 0  0 1
    30  0.1432881774073912E-04   2   0 0  0 1  0 0  0 1
    31  0.5196388593165934E-06   2   0 0  0 0  0 2  0 0
    32  0.1688276777483195E-06   2   0 0  0 0  0 1  1 0
    33  0.5188259535879424E-06   2   0 0  0 0  0 0  2 0
    34  -.3367539604108419E-06   2   0 0  0 0  0 1  0 1
    35  -.3363007728016823E-06   2   0 0  0 0  0 0  1 1
    36  -.5342924521049849E-06   2   0 0  0 0  0 0  0 2
    37  0.9731309598278496       3   3 0  0 0  0 0  0 0
    38   5.245166080733799       3   2 1  0 0  0 0  0 0
    39   7.652976489087546       3   1 2  0 0  0 0  0 0
    40   4.144765438971981       3   0 3  0 0  0 0  0 0
    41  -.9875328505704984E-02   3   2 0  1 0  0 0  0 0
    42  -.1746465301838985E-01   3   1 1  1 0  0 0  0 0
    43  -.7738591453729545E-02   3   0 2  1 0  0 0  0 0
    44  -1.273457137235958       3   1 0  2 0  0 0  0 0
    45  0.2586162611022739       3   0 1  2 0  0 0  0 0
    46  0.2502645124943185E-02   3   0 0  3 0  0 0  0 0
    47  -.8931390619474924E-02   3   2 0  0 1  0 0  0 0
    48  -.1591221893199761E-01   3   1 1  0 1  0 0  0 0
    49  -.7097181729581147E-02   3   0 2  0 1  0 0  0 0
    50  -3.413433123238709       3   1 0  1 1  0 0  0 0
    51  -1.015647191024720       3   0 1  1 1  0 0  0 0
    52  0.6687217608748434E-02   3   0 0  2 1  0 0  0 0
    53  -1.498137118543093       3   1 0  0 2  0 0  0 0
    54  0.1649445838413922       3   0 1  0 2  0 0  0 0
    55  0.6013798759538318E-02   3   0 0  1 2  0 0  0 0
    56  0.1827284296775515E-02   3   0 0  0 3  0 0  0 0
    57  0.7373035205771790E-01   3   2 0  0 0  0 1  0 0
    58  0.2415033457121271       3   1 1  0 0  0 1  0 0
    59  0.1577680278687938       3   0 2  0 0  0 1  0 0
    60  -.3115454941619525E-03   3   1 0  1 0  0 1  0 0
    61  -.1782359158551112E-03   3   0 1  1 0  0 1  0 0
    62  -.4433770294697148E-01   3   0 0  2 0  0 1  0 0
    63  -.5864631896688671E-03   3   1 0  0 1  0 1  0 0
    64  -.3830592935777766E-03   3   0 1  0 1  0 1  0 0
    65  -.1627368368604746       3   0 0  1 1  0 1  0 0
    66  -.1108709289073238       3   0 0  0 2  0 1  0 0
    67  0.7363112922471027E-01   3   2 0  0 0  0 0  1 0
    68  0.2411783418911270       3   1 1  0 0  0 0  1 0
    69  0.1575557110922380       3   0 2  0 0  0 0  1 0
    70  -.3111262309185404E-03   3   1 0  1 0  0 0  1 0
    71  -.1779960543595211E-03   3   0 1  1 0  0 0  1 0
    72  -.4427803535590918E-01   3   0 0  2 0  0 0  1 0
    73  -.5856739551472647E-03   3   1 0  0 1  0 0  1 0
    74  -.3825437904334397E-03   3   0 1  0 1  0 0  1 0
    75  -.1625178332949495       3   0 0  1 1  0 0  1 0
    76  -.1107217240363663       3   0 0  0 2  0 0  1 0
    77  -.1473617163659266       3   2 0  0 0  0 0  0 1
    78  -.2628168287849064       3   1 1  0 0  0 0  0 1
    79  -.1176998737025624       3   0 2  0 0  0 0  0 1
    80  0.6220308282213121E-03   3   1 0  1 0  0 0  0 1
    81  0.2039554092714656E-03   3   0 1  1 0  0 0  0 1
    82  0.8861588056238474E-01   3   0 0  2 0  0 0  0 1
    83  0.6882779488178837E-03   3   1 0  0 1  0 0  0 1
    84  0.3453101918879307E-03   3   0 1  0 1  0 0  0 1
    85  0.1572844763335469       3   0 0  1 1  0 0  0 1
    86  0.7044990216872900E-01   3   0 0  0 2  0 0  0 1
    87  0.2092558721126805       3   1 0  0 0  0 2  0 0
    88  0.8996725388041328       3   0 1  0 0  0 2  0 0
    89  0.6395667976463190E-05   3   0 0  1 0  0 2  0 0
    90  0.1422427372309976E-04   3   0 0  0 1  0 2  0 0
    91  0.1511076392815587       3   1 0  0 0  0 1  1 0
    92  0.7673564718212007       3   0 1  0 0  0 1  1 0
    93  0.4632399015663795E-05   3   0 0  1 0  0 1  1 0
    94  0.1461575124128910E-04   3   0 0  0 1  0 1  1 0
    95  0.2088725886521346       3   1 0  0 0  0 0  2 0
    96  0.8979454658137489       3   0 1  0 0  0 0  2 0
    97  0.6383943955868628E-05   3   0 0  1 0  0 0  2 0
    98  0.1419529677131522E-04   3   0 0  0 1  0 0  2 0
    99  -.3020590964076050       3   1 0  0 0  0 1  0 1
   100  -.5020142840128833       3   0 1  0 0  0 1  0 1
   101  -.9218631377364625E-05   3   0 0  1 0  0 1  0 1
   102  -.1537378560384341E-04   3   0 0  0 1  0 1  0 1
   103  -.3016525995112134       3   1 0  0 0  0 0  1 1
   104  -.5013386968485742       3   0 1  0 0  0 0  1 1
   105  -.9206225377716037E-05   3   0 0  1 0  0 0  1 1
   106  -.1535309628771920E-04   3   0 0  0 1  0 0  1 1
   107  0.3447534927444650E-01   3   1 0  0 0  0 0  0 2
   108  0.2874184283393823E-01   3   0 1  0 0  0 0  0 2
   109  0.1059043041587939E-05   3   0 0  1 0  0 0  0 2
   110  0.9963043467052712E-06   3   0 0  0 1  0 0  0 2
   111  -.3409977766091460E-06   3   0 0  0 0  0 3  0 0
   112  0.1593949147318143E-07   3   0 0  0 0  0 2  1 0
   113  0.1521989378927449E-07   3   0 0  0 0  0 1  2 0
   114  -.3403201397937482E-06   3   0 0  0 0  0 0  3 0
   115  -.3242922014498219E-07   3   0 0  0 0  0 2  0 1
   116  -.4005111560533146E-06   3   0 0  0 0  0 1  1 1
   117  -.3211608398575501E-07   3   0 0  0 0  0 0  2 1
   118  0.5694316027614640E-06   3   0 0  0 0  0 1  0 2
   119  0.5686652885468146E-06   3   0 0  0 0  0 0  1 2
   120  -.2319709264869972E-07   3   0 0  0 0  0 0  0 3
   121  -13.47585164684405       4   4 0  0 0  0 0  0 0
   122  -49.78168168140559       4   3 1  0 0  0 0  0 0
   123  -69.39705532623954       4   2 2  0 0  0 0  0 0
   124  -43.35801630279121       4   1 3  0 0  0 0  0 0
   125  -10.26105682415204       4   0 4  0 0  0 0  0 0
   126  -.6810125767828773E-02   4   3 0  1 0  0 0  0 0
   127  -.1807182035945191E-01   4   2 1  1 0  0 0  0 0
   128  -.1678791853239097E-01   4   1 2  1 0  0 0  0 0
   129  -.5472646593291380E-02   4   0 3  1 0  0 0  0 0
   130   57.95701760473781       4   2 0  2 0  0 0  0 0
   131   102.7246805616716       4   1 1  2 0  0 0  0 0
   132   45.90159654162161       4   0 2  2 0  0 0  0 0
   133  0.5161064111097480E-02   4   1 0  3 0  0 0  0 0
   134  0.4589812447502964E-02   4   0 1  3 0  0 0  0 0
   135  -7.421431650303838       4   0 0  4 0  0 0  0 0
   136  -.6191324869708408E-02   4   3 0  0 1  0 0  0 0
   137  -.1602246629672541E-01   4   2 1  0 1  0 0  0 0
   138  -.1395354600439672E-01   4   1 2  0 1  0 0  0 0
   139  -.4139289519828811E-02   4   0 3  0 1  0 0  0 0
   140   105.7074728688319       4   2 0  1 1  0 0  0 0
   141   188.7454144120846       4   1 1  1 1  0 0  0 0
   142   85.03026466181032       4   0 2  1 1  0 0  0 0
   143  0.1338408742493100E-01   4   1 0  2 1  0 0  0 0
   144  0.1189509730702557E-01   4   0 1  2 1  0 0  0 0
   145  -26.22789977490710       4   0 0  3 1  0 0  0 0
   146   48.42275678106607       4   2 0  0 2  0 0  0 0
   147   86.99334452097247       4   1 1  0 2  0 0  0 0
   148   39.46055691882188       4   0 2  0 2  0 0  0 0
   149  0.1147894614316481E-01   4   1 0  1 2  0 0  0 0
   150  0.1017577121186463E-01   4   0 1  1 2  0 0  0 0
   151  -34.98150959287717       4   0 0  2 2  0 0  0 0
   152  0.3620184986618037E-02   4   1 0  0 3  0 0  0 0
   153  0.3167260263436430E-02   4   0 1  0 3  0 0  0 0
   154  -20.78877108580639       4   0 0  1 3  0 0  0 0
   155  -4.626238899018721       4   0 0  0 4  0 0  0 0
   156  -1.552653770887782       4   3 0  0 0  0 1  0 0
   157  -9.031157134979081       4   2 1  0 0  0 1  0 0
   158  -15.72713877243279       4   1 2  0 0  0 1  0 0
   159  -9.542885393688199       4   0 3  0 0  0 1  0 0
   160  0.1207007225562651E-02   4   2 0  1 0  0 1  0 0
   161  0.9813845005155071E-02   4   1 1  1 0  0 1  0 0
   162  0.7672853299279312E-02   4   0 2  1 0  0 1  0 0
   163  0.8673816971233539       4   1 0  2 0  0 1  0 0
   164  -.2312408877824520       4   0 1  2 0  0 1  0 0
   165  -.3595762049683335E-03   4   0 0  3 0  0 1  0 0
   166  0.4945077567719895E-02   4   2 0  0 1  0 1  0 0
   167  0.1569791429972549E-01   4   1 1  0 1  0 1  0 0
   168  0.9997035747485018E-02   4   0 2  0 1  0 1  0 0
   169   4.433000818144246       4   1 0  1 1  0 1  0 0
   170   2.139796293221939       4   0 1  1 1  0 1  0 0
   171  -.3971468749687788E-02   4   0 0  2 1  0 1  0 0
   172   2.941347096633202       4   1 0  0 2  0 1  0 0
   173  0.4499828876363237       4   0 1  0 2  0 1  0 0
   174  -.6259056123871951E-02   4   0 0  1 2  0 1  0 0
   175  -.2718964138582183E-02   4   0 0  0 3  0 1  0 0
   176  -1.550564282616969       4   3 0  0 0  0 0  1 0
   177  -9.019003429330533       4   2 1  0 0  0 0  1 0
   178  -15.70597393026723       4   1 2  0 0  0 0  1 0
   179  -9.530043028265986       4   0 3  0 0  0 0  1 0
   180  0.1205382892122769E-02   4   2 0  1 0  0 0  1 0
   181  0.9800637995057628E-02   4   1 1  1 0  0 0  1 0
   182  0.7662527534918192E-02   4   0 2  1 0  0 0  1 0
   183  0.8662144157136449       4   1 0  2 0  0 0  1 0
   184  -.2309296946936872       4   0 1  2 0  0 0  1 0
   185  -.3590923042579269E-03   4   0 0  3 0  0 0  1 0
   186  0.4938422715382688E-02   4   2 0  0 1  0 0  1 0
   187  0.1567678878647799E-01   4   1 1  0 1  0 0  1 0
   188  0.9983582207920016E-02   4   0 2  0 1  0 0  1 0
   189   4.427035094563283       4   1 0  1 1  0 0  1 0
   190   2.136916656215622       4   0 1  1 1  0 0  1 0
   191  -.3966124134213298E-02   4   0 0  2 1  0 0  1 0
   192   2.937388770331446       4   1 0  0 2  0 0  1 0
   193  0.4493773218731039       4   0 1  0 2  0 0  1 0
   194  -.6250632981119539E-02   4   0 0  1 2  0 0  1 0
   195  -.2715305084784818E-02   4   0 0  0 3  0 0  1 0
   196   3.101435726918882       4   3 0  0 0  0 0  0 1
   197   12.79942583650905       4   2 1  0 0  0 0  0 1
   198   16.12133947234705       4   1 2  0 0  0 0  0 1
   199   6.636596903859889       4   0 3  0 0  0 0  0 1
   200  0.7102761041510794E-03   4   2 0  1 0  0 0  0 1
   201  0.1586269974046770E-02   4   1 1  1 0  0 0  0 1
   202  0.8905785697278405E-03   4   0 2  1 0  0 0  0 1
   203  -1.730477291232072       4   1 0  2 0  0 0  0 1
   204  0.2067272874432520       4   0 1  2 0  0 0  0 1
   205  -.6036922637435285E-04   4   0 0  3 0  0 0  0 1
   206  0.8164128727109951E-03   4   2 0  0 1  0 0  0 1
   207  0.1743875571419983E-02   4   1 1  0 1  0 0  0 1
   208  0.9504521067978510E-03   4   0 2  0 1  0 0  0 1
   209  -5.440145738867380       4   1 0  1 1  0 0  0 1
   210  -2.238814997952351       4   0 1  1 1  0 0  0 1
   211  -.1930480808088406E-03   4   0 0  2 1  0 0  0 1
   212  -2.879104964000082       4   1 0  0 2  0 0  0 1
   213  -1.390745572152890       4   0 1  0 2  0 0  0 1
   214  -.1833858398499126E-03   4   0 0  1 2  0 0  0 1
   215  -.4422377540444344E-04   4   0 0  0 3  0 0  0 1
   216  -.6301975018895005E-01   4   2 0  0 0  0 2  0 0
   217  -.2611845679646829       4   1 1  0 0  0 2  0 0
   218  -.2089197796843785       4   0 2  0 0  0 2  0 0
   219  -.4713422747728465E-04   4   1 0  1 0  0 2  0 0
   220  0.7050906560495838E-04   4   0 1  1 0  0 2  0 0
   221  0.3168691318152207E-01   4   0 0  2 0  0 2  0 0
   222  0.4413545078042228E-03   4   1 0  0 1  0 2  0 0
   223  0.5261370057817949E-03   4   0 1  0 1  0 2  0 0
   224  0.1585401717928595       4   0 0  1 1  0 2  0 0
   225  0.1359051889058119       4   0 0  0 2  0 2  0 0
   226  -.5145404767533358E-01   4   2 0  0 0  0 1  1 0
   227  -.2787763583768357       4   1 1  0 0  0 1  1 0
   228  -.2585616668218254       4   0 2  0 0  0 1  1 0
   229  -.1137563418747953E-03   4   1 0  1 0  0 1  1 0
   230  0.6524545918544140E-04   4   0 1  1 0  0 1  1 0
   231  0.1950076063991946E-01   4   0 0  2 0  0 1  1 0
   232  0.5089927347471995E-03   4   1 0  0 1  0 1  1 0
   233  0.6868402231754934E-03   4   0 1  0 1  0 1  1 0
   234  0.1549843463521934       4   0 0  1 1  0 1  1 0
   235  0.1611873543214821       4   0 0  0 2  0 1  1 0
   236  -.6290031896295603E-01   4   2 0  0 0  0 0  2 0
   237  -.2606454960399051       4   1 1  0 0  0 0  2 0
   238  -.2084646452381184       4   0 2  0 0  0 0  2 0
   239  -.4699425249343513E-04   4   1 0  1 0  0 0  2 0
   240  0.7037027569544979E-04   4   0 1  1 0  0 0  2 0
   241  0.3163114882479982E-01   4   0 0  2 0  0 0  2 0
   242  0.4404180644907317E-03   4   1 0  0 1  0 0  2 0
   243  0.5249667967940522E-03   4   0 1  0 1  0 0  2 0
   244  0.1582225305868196       4   0 0  1 1  0 0  2 0
   245  0.1356138349350979       4   0 0  0 2  0 0  2 0
   246  0.1017894474792755       4   2 0  0 0  0 1  0 1
   247  0.3128322478805290       4   1 1  0 0  0 1  0 1
   248  0.1988460057013297       4   0 2  0 0  0 1  0 1
   249  0.2009262955828220E-03   4   1 0  1 0  0 1  0 1
   250  0.1364850844171152E-03   4   0 1  1 0  0 1  0 1
   251  -.3935241520508943E-01   4   0 0  2 0  0 1  0 1
   252  -.2908116489022678E-03   4   1 0  0 1  0 1  0 1
   253  -.2427992757926045E-03   4   0 1  0 1  0 1  0 1
   254  -.1477109366956574       4   0 0  1 1  0 1  0 1
   255  -.1011146715280906       4   0 0  0 2  0 1  0 1
   256  0.1016524640380293       4   2 0  0 0  0 0  1 1
   257  0.3124112529846054       4   1 1  0 0  0 0  1 1
   258  0.1985784081181448       4   0 2  0 0  0 0  1 1
   259  0.2006558984435549E-03   4   1 0  1 0  0 0  1 1
   260  0.1363014092228261E-03   4   0 1  1 0  0 0  1 1
   261  -.3929945657932171E-01   4   0 0  2 0  0 0  1 1
   262  -.2904202882906533E-03   4   1 0  0 1  0 0  1 1
   263  -.2424725279699763E-03   4   0 1  0 1  0 0  1 1
   264  -.1475121542784280       4   0 0  1 1  0 0  1 1
   265  -.1009785961685176       4   0 0  0 2  0 0  1 1
   266  -.2691758165245458E-01   4   2 0  0 0  0 0  0 2
   267  -.4727446113637677E-01   4   1 1  0 0  0 0  0 2
   268  -.2074901525701010E-01   4   0 2  0 0  0 0  0 2
   269  -.2525532252184773E-03   4   1 0  1 0  0 0  0 2
   270  -.2534054404321325E-03   4   0 1  1 0  0 0  0 2
   271  -.4557375968349119E-02   4   0 0  2 0  0 0  0 2
   272  -.1901136675631732E-03   4   1 0  0 1  0 0  0 2
   273  -.1971496032919661E-03   4   0 1  0 1  0 0  0 2
   274  -.9083725965582424E-02   4   0 0  1 1  0 0  0 2
   275  -.4414158523338586E-02   4   0 0  0 2  0 0  0 2
   276  -.1802402199020374       4   1 0  0 0  0 3  0 0
   277  -.8370770461015179       4   0 1  0 0  0 3  0 0
   278  -.8760654565910349E-05   4   0 0  1 0  0 3  0 0
   279  -.1831651384562252E-04   4   0 0  0 1  0 3  0 0
   280  -.1222386830266259       4   1 0  0 0  0 2  1 0
   281  -.7119509486895093       4   0 1  0 0  0 2  1 0
   282  -.5797684118111592E-05   4   0 0  1 0  0 2  1 0
   283  -.1793194848193461E-04   4   0 0  0 1  0 2  1 0
   284  -.1223552769925508       4   1 0  0 0  0 1  2 0
   285  -.7122012579133012       4   0 1  0 0  0 1  2 0
   286  -.5803641458109133E-05   4   0 0  1 0  0 1  2 0
   287  -.1793267501864300E-04   4   0 0  0 1  0 1  2 0
   288  -.1797942410922830       4   1 0  0 0  0 0  3 0
   289  -.8349088885365729       4   0 1  0 0  0 0  3 0
   290  -.8739074187451957E-05   4   0 0  1 0  0 0  3 0
   291  -.1826748986853717E-04   4   0 0  0 1  0 0  3 0
   292  0.2444338565369880       4   1 0  0 0  0 2  0 1
   293  0.5241485431452197       4   0 1  0 0  0 2  0 1
   294  0.1056476993749299E-04   4   0 0  1 0  0 2  0 1
   295  0.1962445350125143E-04   4   0 0  0 1  0 2  0 1
   296  0.1869581201068045       4   1 0  0 0  0 1  1 1
   297  0.5462172718155116       4   0 1  0 0  0 1  1 1
   298  0.7651260132352481E-05   4   0 0  1 0  0 1  1 1
   299  0.1936777496081707E-04   4   0 0  0 1  0 1  1 1
   300  0.2439791092591264       4   1 0  0 0  0 0  2 1
   301  0.5230756320070818       4   0 1  0 0  0 0  2 1
   302  0.1054540401545427E-04   4   0 0  1 0  0 0  2 1
   303  0.1958501171721265E-04   4   0 0  0 1  0 0  2 1
   304  -.3584592861739595E-01   4   1 0  0 0  0 1  0 2
   305  -.4422742048230602E-01   4   0 1  0 0  0 1  0 2
   306  -.3561072741230246E-06   4   0 0  1 0  0 1  0 2
   307  -.7499773522772139E-06   4   0 0  0 1  0 1  0 2
   308  -.3579768885602322E-01   4   1 0  0 0  0 0  1 2
   309  -.4416790130418756E-01   4   0 1  0 0  0 0  1 2
   310  -.3556280417362828E-06   4   0 0  1 0  0 0  1 2
   311  -.7489680681017451E-06   4   0 0  0 1  0 0  1 2
   312  0.8971351234098545E-03   4   1 0  0 0  0 0  0 3
   313  0.7228255138539927E-03   4   0 1  0 0  0 0  0 3
   314  0.5807690393955080E-07   4   0 0  1 0  0 0  0 3
   315  0.4689508531434070E-07   4   0 0  0 1  0 0  0 3
   316  -.3207894808271315E-04   4   0 0  0 0  0 4  0 0
   317  -.2144571001894970E-04   4   0 0  0 0  0 3  1 0
   318  -.2003896778712403E-04   4   0 0  0 0  0 2  2 0
   319  -.2147608695482223E-04   4   0 0  0 0  0 1  3 0
   320  -.3197823468324927E-04   4   0 0  0 0  0 0  4 0
   321  0.7203283806344123E-05   4   0 0  0 0  0 3  0 1
   322  0.7532855889556531E-05   4   0 0  0 0  0 2  1 1
   323  0.7532171037421226E-05   4   0 0  0 0  0 1  2 1
   324  0.7183681195290690E-05   4   0 0  0 0  0 0  3 1
   325  -.4535146637542277E-06   4   0 0  0 0  0 2  0 2
   326  -.5628609394258461E-06   4   0 0  0 0  0 1  1 2
   327  -.4525256092303906E-06   4   0 0  0 0  0 0  2 2
   328  0.9834478769086230E-08   4   0 0  0 0  0 1  0 3
   329  0.9821243991041721E-08   4   0 0  0 0  0 0  1 3
   330  -.3494715735102529E-14   4   0 0  0 0  0 0  0 4
   ----------------------------------------------------
     I  COEFFICIENT            ORDER EXPONENTS
     1  0.3643744150083050E-04   0   0 0  0 0  0 0  0 0
     2   2.351757671884265       1   1 0  0 0  0 0  0 0
     3   3.157636293311523       1   0 1  0 0  0 0  0 0
     4  0.6729191309515224E-04   1   0 0  1 0  0 0  0 0
     5  0.6186524473545210E-04   1   0 0  0 1  0 0  0 0
     6  0.1251428248889521E-05   1   0 0  0 0  0 1  0 0
     7  0.1249744135729515E-05   1   0 0  0 0  0 0  1 0
     8  0.3393626912371704E-04   1   0 0  0 0  0 0  0 1
     9  -.6056036248688760       2   2 0  0 0  0 0  0 0
    10  -1.110375767699786       2   1 1  0 0  0 0  0 0
    11  -.5117376323506254       2   0 2  0 0  0 0  0 0
    12  0.2400165421972827E-02   2   1 0  1 0  0 0  0 0
    13  0.1732913365839211E-02   2   0 1  1 0  0 0  0 0
    14  0.4186164600069751       2   0 0  2 0  0 0  0 0
    15  0.2133489629162909E-02   2   1 0  0 1  0 0  0 0
    16  0.1572056284258421E-02   2   0 1  0 1  0 0  0 0
    17  0.7680845725346798       2   0 0  1 1  0 0  0 0
    18  0.3557132210502118       2   0 0  0 2  0 0  0 0
    19  -.1179083405457624       2   1 0  0 0  0 1  0 0
    20  -1.179400255742323       2   0 1  0 0  0 1  0 0
    21  -.3376867636975754E-05   2   0 0  1 0  0 1  0 0
    22  -.3424296266096408E-04   2   0 0  0 1  0 1  0 0
    23  -.1177496650578844       2   1 0  0 0  0 0  1 0
    24  -1.177813074461356       2   0 1  0 0  0 0  1 0
    25  -.3372323207656170E-05   2   0 0  1 0  0 0  1 0
    26  -.3419688009562994E-04   2   0 0  0 1  0 0  1 0
    27   2.587415677624311       2   1 0  0 0  0 0  0 1
    28   2.357213330342493       2   0 1  0 0  0 0  0 1
    29  0.7404097335880015E-04   2   0 0  1 0  0 0  0 1
    30  0.6843971473734025E-04   2   0 0  0 1  0 0  0 1
    31  -.9837445417575135E-06   2   0 0  0 0  0 2  0 0
    32  -.7167757518019762E-06   2   0 0  0 0  0 1  1 0
    33  -.9819383632016788E-06   2   0 0  0 0  0 0  2 0
    34  0.2684262797773443E-05   2   0 0  0 0  0 1  0 1
    35  0.2680650443404495E-05   2   0 0  0 0  0 0  1 1
    36  -.2682456092719256E-05   2   0 0  0 0  0 0  0 2
    37  -8.018795332175497       3   3 0  0 0  0 0  0 0
    38  -23.41384124493579       3   2 1  0 0  0 0  0 0
    39  -23.85276097953978       3   1 2  0 0  0 0  0 0
    40  -7.297199299983848       3   0 3  0 0  0 0  0 0
    41  -.4843289247829853E-01   3   2 0  1 0  0 0  0 0
    42  -.8825057606287931E-01   3   1 1  1 0  0 0  0 0
    43  -.4041484156734718E-01   3   0 2  1 0  0 0  0 0
    44  -11.90165364959419       3   1 0  2 0  0 0  0 0
    45  -9.527588596434136       3   0 1  2 0  0 0  0 0
    46  0.1097237316970238E-01   3   0 0  3 0  0 0  0 0
    47  -.4567857985666663E-01   3   2 0  0 1  0 0  0 0
    48  -.8397692858802476E-01   3   1 1  0 1  0 0  0 0
    49  -.3876411741840994E-01   3   0 2  0 1  0 0  0 0
    50  -25.04309369000942       3   1 0  1 1  0 0  0 0
    51  -20.94707201727259       3   0 1  1 1  0 0  0 0
    52  0.3003831736876685E-01   3   0 0  2 1  0 0  0 0
    53  -11.52185509166758       3   1 0  0 2  0 0  0 0
    54  -8.799045668964222       3   0 1  0 2  0 0  0 0
    55  0.2768159821633995E-01   3   0 0  1 2  0 0  0 0
    56  0.8620041440070465E-02   3   0 0  0 3  0 0  0 0
    57  0.8442774039219228E-01   3   2 0  0 0  0 1  0 0
    58  0.7061620639118075       3   1 1  0 0  0 1  0 0
    59  0.5792080140572934       3   0 2  0 0  0 1  0 0
    60  -.1031471721243850E-02   3   1 0  1 0  0 1  0 0
    61  -.1678831958975373E-02   3   0 1  1 0  0 1  0 0
    62  0.1393957703439468E-01   3   0 0  2 0  0 1  0 0
    63  -.2140187112254007E-02   3   1 0  0 1  0 1  0 0
    64  -.2457058324919835E-02   3   0 1  0 1  0 1  0 0
    65  -.3553445846475880       3   0 0  1 1  0 1  0 0
    66  -.3414417344711932       3   0 0  0 2  0 1  0 0
    67  0.8431412151811528E-01   3   2 0  0 0  0 0  1 0
    68  0.7052117442864619       3   1 1  0 0  0 0  1 0
    69  0.5784285432091043       3   0 2  0 0  0 0  1 0
    70  -.1030083615212977E-02   3   1 0  1 0  0 0  1 0
    71  -.1676572666045592E-02   3   0 1  1 0  0 0  1 0
    72  0.1392081780857114E-01   3   0 0  2 0  0 0  1 0
    73  -.2137306949301860E-02   3   1 0  0 1  0 0  1 0
    74  -.2453751731623307E-02   3   0 1  0 1  0 0  1 0
    75  -.3548663786523797       3   0 0  1 1  0 0  1 0
    76  -.3409822382765335       3   0 0  0 2  0 0  1 0
    77  -.7743475819142172       3   2 0  0 0  0 0  0 1
    78  -1.411377321500958       3   1 1  0 0  0 0  0 1
    79  -.6459003923811486       3   0 2  0 0  0 0  0 1
    80  0.4458484550915146E-02   3   1 0  1 0  0 0  0 1
    81  0.3352096367184498E-02   3   0 1  1 0  0 0  0 1
    82  0.3907574329357234       3   0 0  2 0  0 0  0 1
    83  0.4273987481930638E-02   3   1 0  0 1  0 0  0 1
    84  0.3335130357944727E-02   3   0 1  0 1  0 0  0 1
    85  0.7102132632829319       3   0 0  1 1  0 0  0 1
    86  0.3267117091653334       3   0 0  0 2  0 0  0 1
    87  0.9042168919549505E-01   3   1 0  0 0  0 2  0 0
    88  0.9359510907849405       3   0 1  0 0  0 2  0 0
    89  0.2341807947433800E-05   3   0 0  1 0  0 2  0 0
    90  0.2713239267478079E-04   3   0 0  0 1  0 2  0 0
    91  0.6300851954125813E-01   3   1 0  0 0  0 1  1 0
    92  0.6931548132091370       3   0 1  0 0  0 1  1 0
    93  0.1311698356901387E-05   3   0 0  1 0  0 1  1 0
    94  0.2004615385516701E-04   3   0 0  0 1  0 1  1 0
    95  0.9025760699954706E-01   3   1 0  0 0  0 0  2 0
    96  0.9342251243766280       3   0 1  0 0  0 0  2 0
    97  0.2337773841750324E-05   3   0 0  1 0  0 0  2 0
    98  0.2708239059486598E-04   3   0 0  0 1  0 0  2 0
    99  -.2438513561852079       3   1 0  0 0  0 1  0 1
   100  -1.385656295423862       3   0 1  0 0  0 1  0 1
   101  -.6074911614720811E-05   3   0 0  1 0  0 1  0 1
   102  -.4012617651875017E-04   3   0 0  0 1  0 1  0 1
   103  -.2435231925223739       3   1 0  0 0  0 0  1 1
   104  -1.383791544485206       3   0 1  0 0  0 0  1 1
   105  -.6066736284970449E-05   3   0 0  1 0  0 0  1 1
   106  -.4007217660147253E-04   3   0 0  0 1  0 0  1 1
   107  0.2436869642686329       3   1 0  0 0  0 0  0 2
   108  0.2061170015258552       3   0 1  0 0  0 0  0 2
   109  0.6109362688609487E-05   3   0 0  1 0  0 0  0 2
   110  0.5929096998265204E-05   3   0 0  0 1  0 0  0 2
   111  0.8497171510771166E-06   3   0 0  0 0  0 3  0 0
   112  0.5831106141554320E-06   3   0 0  0 0  0 2  1 0
   113  0.5836464856023677E-06   3   0 0  0 0  0 1  2 0
   114  0.8476100547988723E-06   3   0 0  0 0  0 0  3 0
   115  -.2151237714092184E-05   3   0 0  0 0  0 2  0 1
   116  -.1620162381440021E-05   3   0 0  0 0  0 1  1 1
   117  -.2147252510672390E-05   3   0 0  0 0  0 0  2 1
   118  0.1620464331279664E-05   3   0 0  0 0  0 1  0 2
   119  0.1618283586752354E-05   3   0 0  0 0  0 0  1 2
   120  -.1855631271590670E-06   3   0 0  0 0  0 0  0 3
   121  -62.11446200335445       4   4 0  0 0  0 0  0 0
   122  -230.2075540507137       4   3 1  0 0  0 0  0 0
   123  -321.3204695926069       4   2 2  0 0  0 0  0 0
   124  -200.6984893011524       4   1 3  0 0  0 0  0 0
   125  -47.44032931402906       4   0 4  0 0  0 0  0 0
   126  -.3241386587372763E-01   4   3 0  1 0  0 0  0 0
   127  -.8660934648907526E-01   4   2 1  1 0  0 0  0 0
   128  -.7757201438026610E-01   4   1 2  1 0  0 0  0 0
   129  -.2235959034978990E-01   4   0 3  1 0  0 0  0 0
   130   270.2956929201251       4   2 0  2 0  0 0  0 0
   131   488.7306726646441       4   1 1  2 0  0 0  0 0
   132   222.1459939030839       4   0 2  2 0  0 0  0 0
   133  0.2620540765427233E-01   4   1 0  3 0  0 0  0 0
   134  0.2515538266470931E-01   4   0 1  3 0  0 0  0 0
   135  -32.43193776194564       4   0 0  4 0  0 0  0 0
   136  -.3042209987493884E-01   4   3 0  0 1  0 0  0 0
   137  -.8222935577800879E-01   4   2 1  0 1  0 0  0 0
   138  -.7346412140789092E-01   4   1 2  0 1  0 0  0 0
   139  -.2102016118115496E-01   4   0 3  0 1  0 0  0 0
   140   505.8429337795598       4   2 0  1 1  0 0  0 0
   141   921.3523902095395       4   1 1  1 1  0 0  0 0
   142   422.1944263594874       4   0 2  1 1  0 0  0 0
   143  0.7549294201648447E-01   4   1 0  2 1  0 0  0 0
   144  0.7268394101112047E-01   4   0 1  2 1  0 0  0 0
   145  -117.4931670403766       4   0 0  3 1  0 0  0 0
   146   238.2784815447255       4   2 0  0 2  0 0  0 0
   147   436.5983617304032       4   1 1  0 2  0 0  0 0
   148   201.3967875125441       4   0 2  0 2  0 0  0 0
   149  0.7256891796698264E-01   4   1 0  1 2  0 0  0 0
   150  0.7073442568880910E-01   4   0 1  1 2  0 0  0 0
   151  -161.1007661072695       4   0 0  2 2  0 0  0 0
   152  0.2433870556693854E-01   4   1 0  0 3  0 0  0 0
   153  0.2395129574579801E-01   4   0 1  0 3  0 0  0 0
   154  -98.73102496469301       4   0 0  1 3  0 0  0 0
   155  -22.73582519504434       4   0 0  0 4  0 0  0 0
   156   5.905527008115148       4   3 0  0 0  0 1  0 0
   157   28.67414786291478       4   2 1  0 0  0 1  0 0
   158   40.11100609402918       4   1 2  0 0  0 1  0 0
   159   16.08965723665817       4   0 3  0 0  0 1  0 0
   160  -.4503568973590819E-02   4   2 0  1 0  0 1  0 0
   161  0.3008577326896121E-01   4   1 1  1 0  0 1  0 0
   162  0.3110913220013901E-01   4   0 2  1 0  0 1  0 0
   163   4.495606842956724       4   1 0  2 0  0 1  0 0
   164   8.044279705648201       4   0 1  2 0  0 1  0 0
   165  0.9724725762188553E-03   4   0 0  3 0  0 1  0 0
   166  0.1487250076116347E-01   4   2 0  0 1  0 1  0 0
   167  0.6330845958053151E-01   4   1 1  0 1  0 1  0 0
   168  0.4563303305768145E-01   4   0 2  0 1  0 1  0 0
   169   22.74257031249143       4   1 0  1 1  0 1  0 0
   170   29.01556888346100       4   0 1  1 1  0 1  0 0
   171  -.1021185620459077E-01   4   0 0  2 1  0 1  0 0
   172   16.92256954154809       4   1 0  0 2  0 1  0 0
   173   17.61607211965346       4   0 1  0 2  0 1  0 0
   174  -.2104807837391596E-01   4   0 0  1 2  0 1  0 0
   175  -.1012871454723293E-01   4   0 0  0 3  0 1  0 0
   176   5.897579628185458       4   3 0  0 0  0 0  1 0
   177   28.63555954608666       4   2 1  0 0  0 0  1 0
   178   40.05702659239412       4   1 2  0 0  0 0  1 0
   179   16.06800453422837       4   0 3  0 0  0 0  1 0
   180  -.4497508282712012E-02   4   2 0  1 0  0 0  1 0
   181  0.3004528525318922E-01   4   1 1  1 0  0 0  1 0
   182  0.3106726699614667E-01   4   0 2  1 0  0 0  1 0
   183   4.489556867138075       4   1 0  2 0  0 0  1 0
   184   8.033454093134100       4   0 1  2 0  0 0  1 0
   185  0.9711638684568241E-03   4   0 0  3 0  0 0  1 0
   186  0.1485248605055578E-01   4   2 0  0 1  0 0  1 0
   187  0.6322326203925238E-01   4   1 1  0 1  0 0  1 0
   188  0.4557162227240272E-01   4   0 2  0 1  0 0  1 0
   189   22.71196443318509       4   1 0  1 1  0 0  1 0
   190   28.97652109831402       4   0 1  1 1  0 0  1 0
   191  -.1019811356977875E-01   4   0 0  2 1  0 0  1 0
   192   16.89979594499216       4   1 0  0 2  0 0  1 0
   193   17.59236524001155       4   0 1  0 2  0 0  1 0
   194  -.2101975286200191E-01   4   0 0  1 2  0 0  1 0
   195  -.1011508380054504E-01   4   0 0  0 3  0 0  1 0
   196  -19.82885996168714       4   3 0  0 0  0 0  0 1
   197  -57.33184159835457       4   2 1  0 0  0 0  0 1
   198  -56.33889300293054       4   1 2  0 0  0 0  0 1
   199  -17.57171119549195       4   0 3  0 0  0 0  0 1
   200  0.5692428347094282E-03   4   2 0  1 0  0 0  0 1
   201  0.1170966019124035E-02   4   1 1  1 0  0 0  0 1
   202  0.6052591696671588E-03   4   0 2  1 0  0 0  0 1
   203  -20.87167649057113       4   1 0  2 0  0 0  0 1
   204  -16.06254820448160       4   0 1  2 0  0 0  0 1
   205  -.5712638007031329E-03   4   0 0  3 0  0 0  0 1
   206  0.6583565750568329E-03   4   2 0  0 1  0 0  0 1
   207  0.1174091214974286E-02   4   1 1  0 1  0 0  0 1
   208  0.5710475842316214E-03   4   0 2  0 1  0 0  0 1
   209  -45.42216347482693       4   1 0  1 1  0 0  0 1
   210  -37.01204070248048       4   0 1  1 1  0 0  0 1
   211  -.1732649540236502E-02   4   0 0  2 1  0 0  0 1
   212  -22.28301595905727       4   1 0  0 2  0 0  0 1
   213  -17.59231511655563       4   0 1  0 2  0 0  0 1
   214  -.1722514194626375E-02   4   0 0  1 2  0 0  0 1
   215  -.5246237305128242E-03   4   0 0  0 3  0 0  0 1
   216  -.6639040169401414E-01   4   2 0  0 0  0 2  0 0
   217  -.6087577232736900       4   1 1  0 0  0 2  0 0
   218  -.6306990271644436       4   0 2  0 0  0 2  0 0
   219  -.4618325506092126E-03   4   1 0  1 0  0 2  0 0
   220  0.5403278449143907E-03   4   0 1  1 0  0 2  0 0
   221  -.8873172149138209E-02   4   0 0  2 0  0 2  0 0
   222  0.8833166967862373E-03   4   1 0  0 1  0 2  0 0
   223  0.1963861874529258E-02   4   0 1  0 1  0 2  0 0
   224  0.2551672173726172       4   0 0  1 1  0 2  0 0
   225  0.3320159272431611       4   0 0  0 2  0 2  0 0
   226  -.4970590836534938E-01   4   2 0  0 0  0 1  1 0
   227  -.5150786070457171       4   1 1  0 0  0 1  1 0
   228  -.6840051121394856       4   0 2  0 0  0 1  1 0
   229  -.5555835350935924E-03   4   1 0  1 0  0 1  1 0
   230  0.6326598664310611E-03   4   0 1  1 0  0 1  1 0
   231  -.3578277668475323E-02   4   0 0  2 0  0 1  1 0
   232  0.9964969647904471E-03   4   1 0  0 1  0 1  1 0
   233  0.2682826500802087E-02   4   0 1  0 1  0 1  1 0
   234  0.1553351492759818       4   0 0  1 1  0 1  1 0
   235  0.3226007972230581       4   0 0  0 2  0 1  1 0
   236  -.6626761068582668E-01   4   2 0  0 0  0 0  2 0
   237  -.6075919015621952       4   1 1  0 0  0 0  2 0
   238  -.6293900112155670       4   0 2  0 0  0 0  2 0
   239  -.4608371990591256E-03   4   1 0  1 0  0 0  2 0
   240  0.5391749952494649E-03   4   0 1  1 0  0 0  2 0
   241  -.8858823313514197E-02   4   0 0  2 0  0 0  2 0
   242  0.8814574514790051E-03   4   1 0  0 1  0 0  2 0
   243  0.1959413791038435E-02   4   0 1  0 1  0 0  2 0
   244  0.2547193039954900       4   0 0  1 1  0 0  2 0
   245  0.3313520453810194       4   0 0  0 2  0 0  2 0
   246  0.1842902512264323       4   2 0  0 0  0 1  0 1
   247   1.032354003272396       4   1 1  0 0  0 1  0 1
   248  0.7906875847750298       4   0 2  0 0  0 1  0 1
   249  0.7427626387319768E-03   4   1 0  1 0  0 1  0 1
   250  -.8932481586635942E-03   4   0 1  1 0  0 1  0 1
   251  0.2120798544166094E-01   4   0 0  2 0  0 1  0 1
   252  -.1268051396249610E-02   4   1 0  0 1  0 1  0 1
   253  -.2417215873640111E-02   4   0 1  0 1  0 1  0 1
   254  -.3097201557450890       4   0 0  1 1  0 1  0 1
   255  -.3034530206224718       4   0 0  0 2  0 1  0 1
   256  0.1840422420916327       4   2 0  0 0  0 0  1 1
   257   1.030964709907954       4   1 1  0 0  0 0  1 1
   258  0.7896235146872569       4   0 2  0 0  0 0  1 1
   259  0.7417630637779626E-03   4   1 0  1 0  0 0  1 1
   260  -.8920460673889903E-03   4   0 1  1 0  0 0  1 1
   261  0.2117944473435066E-01   4   0 0  2 0  0 0  1 1
   262  -.1266344912441728E-02   4   1 0  0 1  0 0  1 1
   263  -.2413962898436802E-02   4   0 1  0 1  0 0  1 1
   264  -.3093033489560932       4   0 0  1 1  0 0  1 1
   265  -.3030446478485639       4   0 0  0 2  0 0  1 1
   266  -.1859694796590402       4   2 0  0 0  0 0  0 2
   267  -.3305666551680215       4   1 1  0 0  0 0  0 2
   268  -.1468286648738472       4   0 2  0 0  0 0  0 2
   269  -.7268254362238772E-05   4   1 0  1 0  0 0  0 2
   270  -.3569381705506249E-04   4   0 1  1 0  0 0  0 2
   271  -.2107664303805710E-01   4   0 0  2 0  0 0  0 2
   272  -.6693189028627645E-05   4   1 0  0 1  0 0  0 2
   273  -.2928945653457550E-04   4   0 1  0 1  0 0  0 2
   274  -.4586482264320381E-01   4   0 0  1 1  0 0  0 2
   275  -.2369278784700302E-01   4   0 0  0 2  0 0  0 2
   276  -.7672608593140674E-01   4   1 0  0 0  0 3  0 0
   277  -.8151655057126813       4   0 1  0 0  0 3  0 0
   278  -.3670109459686602E-05   4   0 0  1 0  0 3  0 0
   279  -.2872672981817456E-04   4   0 0  0 1  0 3  0 0
   280  -.4930685842007509E-01   4   1 0  0 0  0 2  1 0
   281  -.5737039010117480       4   0 1  0 0  0 2  1 0
   282  -.1846201906705605E-05   4   0 0  1 0  0 2  1 0
   283  -.1974156940134649E-04   4   0 0  0 1  0 2  1 0
   284  -.4936199924405987E-01   4   1 0  0 0  0 1  2 0
   285  -.5741891080244196       4   0 1  0 0  0 1  2 0
   286  -.1849873729814062E-05   4   0 0  1 0  0 1  2 0
   287  -.1975962907114583E-04   4   0 0  0 1  0 1  2 0
   288  -.7653807172465596E-01   4   1 0  0 0  0 0  3 0
   289  -.8131344773931245       4   0 1  0 0  0 0  3 0
   290  -.3661460279666500E-05   4   0 0  1 0  0 0  3 0
   291  -.2865547547409953E-04   4   0 0  0 1  0 0  3 0
   292  0.1890134027393129       4   1 0  0 0  0 2  0 1
   293   1.147234803821194       4   0 1  0 0  0 2  0 1
   294  0.4645011651419881E-05   4   0 0  1 0  0 2  0 1
   295  0.3627606084160162E-04   4   0 0  0 1  0 2  0 1
   296  0.1342886495386210       4   1 0  0 0  0 1  1 1
   297  0.9094184605746181       4   0 1  0 0  0 1  1 1
   298  0.2672309957872567E-05   4   0 0  1 0  0 1  1 1
   299  0.2774338260375084E-04   4   0 0  0 1  0 1  1 1
   300  0.1886686777419301       4   1 0  0 0  0 0  2 1
   301   1.145078983037102       4   0 1  0 0  0 0  2 1
   302  0.4636962479251439E-05   4   0 0  1 0  0 0  2 1
   303  0.3620857436014875E-04   4   0 0  0 1  0 0  2 1
   304  -.1341930855400007       4   1 0  0 0  0 1  0 2
   305  -.2162444153739299       4   0 1  0 0  0 1  0 2
   306  -.7477037803365891E-06   4   0 0  1 0  0 1  0 2
   307  -.3002457771780524E-05   4   0 0  0 1  0 1  0 2
   308  -.1340124948097837       4   1 0  0 0  0 0  1 2
   309  -.2159534038309677       4   0 1  0 0  0 0  1 2
   310  -.7466975558271462E-06   4   0 0  1 0  0 0  1 2
   311  -.2998417205612263E-05   4   0 0  0 1  0 0  1 2
   312  0.8168096887302131E-02   4   1 0  0 0  0 0  0 3
   313  0.6650362849893864E-02   4   0 1  0 0  0 0  0 3
   314  0.5268675475664297E-06   4   0 0  1 0  0 0  0 3
   315  0.4315699731562245E-06   4   0 0  0 1  0 0  0 3
   316  -.2985135952239652E-04   4   0 0  0 0  0 4  0 0
   317  -.1884398803673744E-04   4   0 0  0 0  0 3  1 0
   318  -.1738600975435030E-04   4   0 0  0 0  0 2  2 0
   319  -.1887545133040369E-04   4   0 0  0 0  0 1  3 0
   320  -.2975838675001994E-04   4   0 0  0 0  0 0  4 0
   321  0.3638459954102671E-04   4   0 0  0 0  0 3  0 1
   322  0.2519007819282895E-04   4   0 0  0 0  0 2  1 1
   323  0.2521257694016845E-04   4   0 0  0 0  0 1  2 1
   324  0.3629422556661555E-04   4   0 0  0 0  0 0  3 1
   325  -.2622393731044891E-05   4   0 0  0 0  0 2  0 2
   326  -.3171706239996624E-05   4   0 0  0 0  0 1  1 2
   327  -.2616730470760640E-05   4   0 0  0 0  0 0  2 2
   328  0.2159629323461035E-07   4   0 0  0 0  0 1  0 3
   329  0.2156722996097325E-07   4   0 0  0 0  0 0  1 3
   330  0.7713855870043936E-13   4   0 0  0 0  0 0  0 4
   ----------------------------------------------------
     I  COEFFICIENT            ORDER EXPONENTS
     1  0.6924322749182748E-05   0   0 0  0 0  0 0  0 0
     2  0.1475931531265100E-04   1   1 0  0 0  0 0  0 0
     3  0.1304603301144385E-04   1   0 1  0 0  0 0  0 0
     4  0.5625694118802007       1   0 0  1 0  0 0  0 0
     5  0.7538340554185029       1   0 0  0 1  0 0  0 0
     6  -.1755888565998762E-04   1   0 0  0 0  0 1  0 0
     7  -.1753525573918802E-04   1   0 0  0 0  0 0  1 0
     8  0.3509414139926881E-04   1   0 0  0 0  0 0  0 1
     9  0.3358665703256190E-03   2   2 0  0 0  0 0  0 0
    10  0.6427232931657384E-03   2   1 1  0 0  0 0  0 0
    11  0.3416521754205088E-03   2   0 2  0 0  0 0  0 0
    12  0.1874359414888842       2   1 0  1 0  0 0  0 0
    13  0.1670328219160502       2   0 1  1 0  0 0  0 0
    14  0.3823969147857310E-06   2   0 0  2 0  0 0  0 0
    15  0.1705638158872778       2   1 0  0 1  0 0  0 0
    16  0.1529906479821690       2   0 1  0 1  0 0  0 0
    17  0.4445377157413102E-04   2   0 0  1 1  0 0  0 0
    18  0.7921399554004294E-04   2   0 0  0 2  0 0  0 0
    19  -.7895865367898079E-05   2   1 0  0 0  0 1  0 0
    20  -.1355059814618497E-04   2   0 1  0 0  0 1  0 0
    21  0.2037536408948830       2   0 0  1 0  0 1  0 0
    22  -.1938811186546491       2   0 0  0 1  0 1  0 0
    23  -.7885239484405234E-05   2   1 0  0 0  0 0  1 0
    24  -.1353236238981743E-04   2   0 1  0 0  0 0  1 0
    25  0.2034794388475433       2   0 0  1 0  0 0  1 0
    26  -.1936202025824642       2   0 0  0 1  0 0  1 0
    27  0.1578108235421598E-04   2   1 0  0 0  0 0  0 1
    28  0.1403690534726031E-04   2   0 1  0 0  0 0  0 1
    29  -.4072330797602833       2   0 0  1 0  0 0  0 1
    30  -.3663327341995273       2   0 0  0 1  0 0  0 1
    31  0.1258729696809170E-04   2   0 0  0 0  0 2  0 0
    32  0.7629060878679963E-05   2   0 0  0 0  0 1  1 0
    33  0.1256522416169479E-04   2   0 0  0 0  0 0  2 0
    34  -.1524477674734168E-04   2   0 0  0 0  0 1  0 1
    35  -.1522426104525653E-04   2   0 0  0 0  0 0  1 1
    36  -.2312545619897926E-05   2   0 0  0 0  0 0  0 2
    37  -.3481077584195793E-02   3   3 0  0 0  0 0  0 0
    38  -.9406399257041408E-02   3   2 1  0 0  0 0  0 0
    39  -.8508408245624651E-02   3   1 2  0 0  0 0  0 0
    40  -.2569394325284918E-02   3   0 3  0 0  0 0  0 0
    41  -2.891502983630708       3   2 0  1 0  0 0  0 0
    42  -6.127333763639250       3   1 1  1 0  0 0  0 0
    43  -3.566223775328220       3   0 2  1 0  0 0  0 0
    44  0.7472671033579525E-02   3   1 0  2 0  0 0  0 0
    45  0.6624302124643794E-02   3   0 1  2 0  0 0  0 0
    46  -.4830526077518780       3   0 0  3 0  0 0  0 0
    47  -3.394728188863597       3   2 0  0 1  0 0  0 0
    48  -6.601754359238573       3   1 1  0 1  0 0  0 0
    49  -3.180352141101092       3   0 2  0 1  0 0  0 0
    50  0.1353975626680175E-01   3   1 0  1 1  0 0  0 0
    51  0.1208344707747140E-01   3   0 1  1 1  0 0  0 0
    52  -1.283652640378795       3   0 0  2 1  0 0  0 0
    53  0.6210135077203575E-02   3   1 0  0 2  0 0  0 0
    54  0.5586669805090413E-02   3   0 1  0 2  0 0  0 0
    55  -1.584953620479777       3   0 0  1 2  0 0  0 0
    56  -.3693869030928615       3   0 0  0 3  0 0  0 0
    57  -.3138181822533310E-03   3   2 0  0 0  0 1  0 0
    58  -.9456794966336581E-03   3   1 1  0 0  0 1  0 0
    59  -.6639480146941506E-03   3   0 2  0 0  0 1  0 0
    60  -.8645469402637822E-01   3   1 0  1 0  0 1  0 0
    61  -.1600752831732860       3   0 1  1 0  0 1  0 0
    62  -.1147679282685875E-03   3   0 0  2 0  0 1  0 0
    63  -.1653526659035163       3   1 0  0 1  0 1  0 0
    64  -.2243739644911997       3   0 1  0 1  0 1  0 0
    65  -.1705781489322322E-03   3   0 0  1 1  0 1  0 0
    66  -.1365191900624935E-03   3   0 0  0 2  0 1  0 0
    67  -.3133958605333932E-03   3   2 0  0 0  0 0  1 0
    68  -.9444068457354195E-03   3   1 1  0 0  0 0  1 0
    69  -.6630545047467613E-03   3   0 2  0 0  0 0  1 0
    70  -.8633834737362628E-01   3   1 0  1 0  0 0  1 0
    71  -.1598598614012783       3   0 1  1 0  0 0  1 0
    72  -.1146134789995486E-03   3   0 0  2 0  0 0  1 0
    73  -.1651301420785447       3   1 0  0 1  0 0  1 0
    74  -.2240720125841663       3   0 1  0 1  0 0  1 0
    75  -.1703485928984688E-03   3   0 0  1 1  0 0  1 0
    76  -.1363354689704338E-03   3   0 0  0 2  0 0  1 0
    77  0.6268330681445945E-03   3   2 0  0 0  0 0  0 1
    78  0.1246570480226293E-02   3   1 1  0 0  0 0  0 1
    79  0.6432838363424965E-03   3   0 2  0 0  0 0  0 1
    80  0.1727933270191394       3   1 0  1 0  0 0  0 1
    81  0.1529025516757684       3   0 1  1 0  0 0  0 1
    82  0.2296044307769647E-03   3   0 0  2 0  0 0  0 1
    83  0.1599192201455422       3   1 0  0 1  0 0  0 1
    84  0.1424648621707712       3   0 1  0 1  0 0  0 1
    85  0.2969342692215047E-03   3   0 0  1 1  0 0  0 1
    86  0.1146659555990471E-03   3   0 0  0 2  0 0  0 1
    87  0.6182060872795975E-05   3   1 0  0 0  0 2  0 0
    88  0.1390826259241697E-04   3   0 1  0 0  0 2  0 0
    89  -.1454247967105393       3   0 0  1 0  0 2  0 0
    90  0.5983883176576175E-01   3   0 0  0 1  0 2  0 0
    91  0.4501548594677548E-05   3   1 0  0 0  0 1  1 0
    92  0.1430557532625464E-04   3   0 1  0 0  0 1  1 0
    93  -.8725264451827855E-01   3   0 0  1 0  0 1  1 0
    94  -.7384307910143556E-01   3   0 0  0 1  0 1  1 0
    95  0.6170712360649878E-05   3   1 0  0 0  0 0  2 0
    96  0.1387991962352963E-04   3   0 1  0 0  0 0  2 0
    97  -.1451703806243005       3   0 0  1 0  0 0  2 0
    98  0.5980799075395331E-01   3   0 0  0 1  0 0  2 0
    99  -.9031980441240892E-05   3   1 0  0 0  0 1  0 1
   100  -.1511133365110634E-04   3   0 1  0 0  0 1  0 1
   101  0.1743487914880289       3   0 0  1 0  0 1  0 1
   102  0.3419277680681342       3   0 0  0 1  0 1  0 1
   103  -.9019825627625574E-05   3   1 0  0 0  0 0  1 1
   104  -.1509099753045118E-04   3   0 1  0 0  0 0  1 1
   105  0.1741141611012181       3   0 0  1 0  0 0  1 1
   106  0.3414676177923655       3   0 0  0 1  0 0  1 1
   107  0.1178723179986777E-05   3   1 0  0 0  0 0  0 2
   108  0.1133168372977775E-05   3   0 1  0 0  0 0  0 2
   109  0.2938500646381860E-01   3   0 0  1 0  0 0  0 2
   110  0.2463497205030787E-01   3   0 0  0 1  0 0  0 2
   111  -.1011101774249481E-04   3   0 0  0 0  0 3  0 0
   112  -.5161145367097821E-05   3   0 0  0 0  0 2  1 0
   113  -.5171109857193104E-05   3   0 0  0 0  0 1  2 0
   114  -.1008713921852220E-04   3   0 0  0 0  0 0  3 0
   115  0.1031853866357116E-04   3   0 0  0 0  0 2  0 1
   116  0.5405281811548527E-05   3   0 0  0 0  0 1  1 1
   117  0.1030101537377369E-04   3   0 0  0 0  0 0  2 1
   118  0.2224027841178265E-05   3   0 0  0 0  0 1  0 2
   119  0.2221034849324408E-05   3   0 0  0 0  0 0  1 2
   120  0.6005256958350185E-07   3   0 0  0 0  0 0  0 3
   121  -.1434087410073157E-02   4   4 0  0 0  0 0  0 0
   122  -.4824974448398630E-02   4   3 1  0 0  0 0  0 0
   123  -.5977638164405916E-02   4   2 2  0 0  0 0  0 0
   124  -.2886882339023311E-02   4   1 3  0 0  0 0  0 0
   125  -.2998103633916145E-03   4   0 4  0 0  0 0  0 0
   126   40.49432048958339       4   3 0  1 0  0 0  0 0
   127   110.2452105497075       4   2 1  1 0  0 0  0 0
   128   100.6631274541319       4   1 2  1 0  0 0  0 0
   129   30.90185817697536       4   0 3  1 0  0 0  0 0
   130  0.8470465066942174E-02   4   2 0  2 0  0 0  0 0
   131  0.1578906218115540E-01   4   1 1  2 0  0 0  0 0
   132  0.7655437780878907E-02   4   0 2  2 0  0 0  0 0
   133  -29.29106955369810       4   1 0  3 0  0 0  0 0
   134  -25.78052859488057       4   0 1  3 0  0 0  0 0
   135  -.8805172988207177E-03   4   0 0  4 0  0 0  0 0
   136   37.40471568394200       4   3 0  0 1  0 0  0 0
   137   102.4061917176488       4   2 1  0 1  0 0  0 0
   138   94.10910460904697       4   1 2  0 1  0 0  0 0
   139   29.09529070722903       4   0 3  0 1  0 0  0 0
   140  0.1451306013461437E-01   4   2 0  1 1  0 0  0 0
   141  0.2706599303759853E-01   4   1 1  1 1  0 0  0 0
   142  0.1284640600925912E-01   4   0 2  1 1  0 0  0 0
   143  -79.65205745412959       4   1 0  2 1  0 0  0 0
   144  -70.57159915556925       4   0 1  2 1  0 0  0 0
   145  -.3643990511447689E-02   4   0 0  3 1  0 0  0 0
   146  0.6362662207085593E-02   4   2 0  0 2  0 0  0 0
   147  0.1227664029888579E-01   4   1 1  0 2  0 0  0 0
   148  0.5985482804406942E-02   4   0 2  0 2  0 0  0 0
   149  -72.55498852898484       4   1 0  1 2  0 0  0 0
   150  -64.62762478786483       4   0 1  1 2  0 0  0 0
   151  -.5284541699944488E-02   4   0 0  2 2  0 0  0 0
   152  -22.05220570370010       4   1 0  0 3  0 0  0 0
   153  -19.72203233323449       4   0 1  0 3  0 0  0 0
   154  -.3390075243203749E-02   4   0 0  1 3  0 0  0 0
   155  -.7795904574932043E-03   4   0 0  0 4  0 0  0 0
   156  0.4180664466459095E-03   4   3 0  0 0  0 1  0 0
   157  0.5195429989842631E-02   4   2 1  0 0  0 1  0 0
   158  0.8310429879174453E-02   4   1 2  0 0  0 1  0 0
   159  0.3574136087102113E-02   4   0 3  0 0  0 1  0 0
   160   3.287751059437434       4   2 0  1 0  0 1  0 0
   161   9.849986556520971       4   1 1  1 0  0 1  0 0
   162   7.171260435147357       4   0 2  1 0  0 1  0 0
   163  -.7433954762964401E-03   4   1 0  2 0  0 1  0 0
   164  -.3647971684523257E-02   4   0 1  2 0  0 1  0 0
   165  0.6795557950761151       4   0 0  3 0  0 1  0 0
   166   4.949034998633770       4   2 0  0 1  0 1  0 0
   167   13.11010356131219       4   1 1  0 1  0 1  0 0
   168   8.236445575740118       4   0 2  0 1  0 1  0 0
   169  -.7277964443650161E-02   4   1 0  1 1  0 1  0 0
   170  -.1187477476373947E-01   4   0 1  1 1  0 1  0 0
   171   2.032946665783219       4   0 0  2 1  0 1  0 0
   172  -.6054228659079468E-02   4   1 0  0 2  0 1  0 0
   173  -.7908790975354522E-02   4   0 1  0 2  0 1  0 0
   174   2.622648959436797       4   0 0  1 2  0 1  0 0
   175  0.9531015924227427       4   0 0  0 3  0 1  0 0
   176  0.4175038325248021E-03   4   3 0  0 0  0 0  1 0
   177  0.5188438225014433E-02   4   2 1  0 0  0 0  1 0
   178  0.8299246094300055E-02   4   1 2  0 0  0 0  1 0
   179  0.3569326183199288E-02   4   0 3  0 0  0 0  1 0
   180   3.283326559007980       4   2 0  1 0  0 0  1 0
   181   9.836730908826997       4   1 1  1 0  0 0  1 0
   182   7.161609690823536       4   0 2  1 0  0 0  1 0
   183  -.7423950496994558E-03   4   1 0  2 0  0 0  1 0
   184  -.3643062416153175E-02   4   0 1  2 0  0 0  1 0
   185  0.6786412809134571       4   0 0  3 0  0 0  1 0
   186   4.942374820572550       4   2 0  0 1  0 0  1 0
   187   13.09246060179715       4   1 1  0 1  0 0  1 0
   188   8.225361355454520       4   0 2  0 1  0 0  1 0
   189  -.7268170102100477E-02   4   1 0  1 1  0 0  1 0
   190  -.1185879425150118E-01   4   0 1  1 1  0 0  1 0
   191   2.030210821969864       4   0 0  2 1  0 0  1 0
   192  -.6046081163475991E-02   4   1 0  0 2  0 0  1 0
   193  -.7898147697188296E-02   4   0 1  0 2  0 0  1 0
   194   2.619119522068351       4   0 0  1 2  0 0  1 0
   195  0.9518189532177830       4   0 0  0 3  0 0  1 0
   196  0.2197788541549967E-03   4   3 0  0 0  0 0  0 1
   197  0.7649735593970454E-03   4   2 1  0 0  0 0  0 1
   198  0.8617090107847571E-03   4   1 2  0 0  0 0  0 1
   199  0.3241003237129337E-03   4   0 3  0 0  0 0  0 1
   200  -6.567475592620356       4   2 0  1 0  0 0  0 1
   201  -13.55196453603389       4   1 1  1 0  0 0  0 1
   202  -7.196577706623509       4   0 2  1 0  0 0  0 1
   203  -.5265437100158081E-03   4   1 0  2 0  0 0  0 1
   204  -.4924477706491882E-03   4   0 1  2 0  0 0  0 1
   205  -1.358928241387684       4   0 0  3 0  0 0  0 1
   206  -6.492863885467996       4   2 0  0 1  0 0  0 1
   207  -12.99112771865974       4   1 1  0 1  0 0  0 1
   208  -6.916612726469232       4   0 2  0 1  0 0  0 1
   209  -.1084627983973544E-02   4   1 0  1 1  0 0  0 1
   210  -.1017360380576959E-02   4   0 1  1 1  0 0  0 1
   211  -2.781756249437849       4   0 0  2 1  0 0  0 1
   212  -.5084252867447501E-03   4   1 0  0 2  0 0  0 1
   213  -.4713242102602924E-03   4   0 1  0 2  0 0  0 1
   214  -2.074186244667726       4   0 0  1 2  0 0  0 1
   215  -.7975631512862349       4   0 0  0 3  0 0  0 1
   216  0.3459812925131111E-04   4   2 0  0 0  0 2  0 0
   217  0.5900585625620888E-03   4   1 1  0 0  0 2  0 0
   218  0.6541642450662855E-03   4   0 2  0 0  0 2  0 0
   219  0.6131415628193616E-01   4   1 0  1 0  0 2  0 0
   220  0.1552927363963294       4   0 1  1 0  0 2  0 0
   221  0.1235187438757666E-03   4   0 0  2 0  0 2  0 0
   222  0.1615463932601719       4   1 0  0 1  0 2  0 0
   223  0.2756538724891559       4   0 1  0 1  0 2  0 0
   224  0.1219921189509136E-03   4   0 0  1 1  0 2  0 0
   225  0.9021142735598142E-04   4   0 0  0 2  0 2  0 0
   226  0.4988682215487843E-04   4   2 0  0 0  0 1  1 0
   227  0.8273733847125354E-03   4   1 1  0 0  0 1  1 0
   228  0.9584885309049163E-03   4   0 2  0 0  0 1  1 0
   229  0.3592170380620816E-01   4   1 0  1 0  0 1  1 0
   230  0.1499363617138275       4   0 1  1 0  0 1  1 0
   231  0.1799914912909646E-03   4   0 0  2 0  0 1  1 0
   232  0.1574532284255842       4   1 0  0 1  0 1  1 0
   233  0.3263489311304673       4   0 1  0 1  0 1  1 0
   234  0.2858124004657012E-03   4   0 0  1 1  0 1  1 0
   235  0.1786392112790716E-03   4   0 0  0 2  0 1  1 0
   236  0.3451800105243322E-04   4   2 0  0 0  0 0  2 0
   237  0.5887077695029277E-03   4   1 1  0 0  0 0  2 0
   238  0.6526389573085251E-03   4   0 2  0 0  0 0  2 0
   239  0.6120747171202258E-01   4   1 0  1 0  0 0  2 0
   240  0.1549828621057112       4   0 1  1 0  0 0  2 0
   241  0.1232314061383604E-03   4   0 0  2 0  0 0  2 0
   242  0.1612230451703896       4   1 0  0 1  0 0  2 0
   243  0.2750633179930658       4   0 1  0 1  0 0  2 0
   244  0.1216356312771717E-03   4   0 0  1 1  0 0  2 0
   245  0.8996982295285033E-04   4   0 0  0 2  0 0  2 0
   246  -.1817081220806411E-03   4   2 0  0 0  0 1  0 1
   247  -.9431337818193219E-03   4   1 1  0 0  0 1  0 1
   248  -.7590878871886184E-03   4   0 2  0 0  0 1  0 1
   249  -.7150120145075715E-01   4   1 0  1 0  0 1  0 1
   250  -.1389378738587230       4   0 1  1 0  0 1  0 1
   251  -.3551511499289431E-03   4   0 0  2 0  0 1  0 1
   252  -.1492167648699071       4   1 0  0 1  0 1  0 1
   253  -.2035166229329508       4   0 1  0 1  0 1  0 1
   254  -.6225637899374602E-03   4   0 0  1 1  0 1  0 1
   255  -.2199230201197025E-03   4   0 0  0 2  0 1  0 1
   256  -.1814635878535523E-03   4   2 0  0 0  0 0  1 1
   257  -.9418645568241055E-03   4   1 1  0 0  0 0  1 1
   258  -.7580663424846131E-03   4   0 2  0 0  0 0  1 1
   259  -.7140497850357996E-01   4   1 0  1 0  0 0  1 1
   260  -.1387508978159993       4   0 1  1 0  0 0  1 1
   261  -.3546732042490628E-03   4   0 0  2 0  0 0  1 1
   262  -.1490159559800881       4   1 0  0 1  0 0  1 1
   263  -.2032427398532142       4   0 1  0 1  0 0  1 1
   264  -.6217259729293779E-03   4   0 0  1 1  0 0  1 1
   265  -.2196270580838384E-03   4   0 0  0 2  0 0  1 1
   266  0.1050550548753528E-03   4   2 0  0 0  0 0  0 2
   267  0.2279610915644520E-03   4   1 1  0 0  0 0  0 2
   268  0.1196966071637591E-03   4   0 2  0 0  0 0  0 2
   269  -.1538233769426455E-01   4   1 0  1 0  0 0  0 2
   270  -.1472812652240642E-01   4   0 1  1 0  0 0  0 2
   271  0.2441475414743031E-03   4   0 0  2 0  0 0  0 2
   272  -.1124292069912685E-01   4   1 0  0 1  0 0  0 2
   273  -.1101166615987122E-01   4   0 1  0 1  0 0  0 2
   274  0.3963363922603553E-03   4   0 0  1 1  0 0  0 2
   275  0.1537134932771531E-03   4   0 0  0 2  0 0  0 2
   276  -.9098158979596179E-05   4   1 0  0 0  0 3  0 0
   277  -.1840206578407306E-04   4   0 1  0 0  0 3  0 0
   278  0.1163828482883935       4   0 0  1 0  0 3  0 0
   279  0.4135975608720296E-02   4   0 0  0 1  0 3  0 0
   280  -.6353026272789660E-05   4   1 0  0 0  0 2  1 0
   281  -.1816363474979980E-04   4   0 1  0 0  0 2  1 0
   282  0.5833253880538424E-01   4   0 0  1 0  0 2  1 0
   283  0.1320009589997564       4   0 0  0 1  0 2  1 0
   284  -.6358542962282503E-05   4   1 0  0 0  0 1  2 0
   285  -.1816406606306558E-04   4   0 1  0 0  0 1  2 0
   286  0.5844940469853880E-01   4   0 0  1 0  0 1  2 0
   287  0.1317428357611941       4   0 0  0 1  0 1  2 0
   288  -.9075524131474923E-05   4   1 0  0 0  0 0  3 0
   289  -.1835271342301453E-04   4   0 1  0 0  0 0  3 0
   290  0.1161087168325717       4   0 0  1 0  0 0  3 0
   291  0.4038925807586524E-02   4   0 0  0 1  0 0  3 0
   292  0.1121440254858535E-04   4   1 0  0 0  0 2  0 1
   293  0.1998700357813692E-04   4   0 1  0 0  0 2  0 1
   294  -.1166233411163815       4   0 0  1 0  0 2  0 1
   295  -.3239151247194167       4   0 0  0 1  0 2  0 1
   296  0.8617839055185591E-05   4   1 0  0 0  0 1  1 1
   297  0.1999415438428362E-04   4   0 1  0 0  0 1  1 1
   298  -.5905078838115770E-01   4   0 0  1 0  0 1  1 1
   299  -.3059478774710662       4   0 0  0 1  0 1  1 1
   300  0.1119351199338947E-04   4   1 0  0 0  0 0  2 1
   301  0.1994665241537750E-04   4   0 1  0 0  0 0  2 1
   302  -.1164266610361567       4   0 0  1 0  0 0  2 1
   303  -.3232733498928223       4   0 0  0 1  0 0  2 1
   304  -.6687779747369557E-06   4   1 0  0 0  0 1  0 2
   305  -.1073108748793853E-05   4   0 1  0 0  0 1  0 2
   306  -.2820334972683102E-01   4   0 0  1 0  0 1  0 2
   307  -.3600672616707019E-01   4   0 0  0 1  0 1  0 2
   308  -.6678779648569865E-06   4   1 0  0 0  0 0  1 2
   309  -.1071664609613606E-05   4   0 1  0 0  0 0  1 2
   310  -.2816539498794642E-01   4   0 0  1 0  0 0  1 2
   311  -.3595827001193276E-01   4   0 0  0 1  0 0  1 2
   312  0.5819360352498518E-07   4   1 0  0 0  0 0  0 3
   313  0.4699838597088865E-07   4   0 1  0 0  0 0  0 3
   314  -.8009149394111944E-03   4   0 0  1 0  0 0  0 3
   315  -.6470879491280220E-03   4   0 0  0 1  0 0  0 3
   316  0.9875812713600876E-05   4   0 0  0 0  0 4  0 0
   317  0.4157451433101075E-05   4   0 0  0 0  0 3  1 0
   318  0.3405531382238228E-05   4   0 0  0 0  0 2  2 0
   319  0.4173814798022532E-05   4   0 0  0 0  0 1  3 0
   320  0.9846448718536640E-05   4   0 0  0 0  0 0  4 0
   321  -.1305336064807151E-05   4   0 0  0 0  0 3  0 1
   322  0.1112375830303604E-05   4   0 0  0 0  0 2  1 1
   323  0.1107498912260045E-05   4   0 0  0 0  0 1  2 1
   324  -.1303448560960771E-05   4   0 0  0 0  0 0  3 1
   325  -.8234996601558732E-06   4   0 0  0 0  0 2  0 2
   326  -.9542186081200475E-06   4   0 0  0 0  0 1  1 2
   327  -.8217493619074052E-06   4   0 0  0 0  0 0  2 2
   328  -.2543630212303013E-07   4   0 0  0 0  0 1  0 3
   329  -.2540207114640434E-07   4   0 0  0 0  0 0  1 3
   330  -.4777308360363815E-13   4   0 0  0 0  0 0  0 4
   ----------------------------------------------------
     I  COEFFICIENT            ORDER EXPONENTS
     1  0.1725803904427261E-03   0   0 0  0 0  0 0  0 0
     2  0.6669796103518224E-04   1   1 0  0 0  0 0  0 0
     3  0.6169698296481916E-04   1   0 1  0 0  0 0  0 0
     4  -1.911466155994721       1   0 0  1 0  0 0  0 0
     5  -.7837757881795919       1   0 0  0 1  0 0  0 0
     6  0.8243982802550817E-05   1   0 0  0 0  0 1  0 0
     7  0.8232888439020539E-05   1   0 0  0 0  0 0  1 0
     8  0.1561035191998470E-03   1   0 0  0 0  0 0  0 1
     9  0.1021849273670296E-02   2   2 0  0 0  0 0  0 0
    10  0.1809500851909957E-02   2   1 1  0 0  0 0  0 0
    11  0.8643663580930337E-03   2   0 2  0 0  0 0  0 0
    12  0.8106459192448981       2   1 0  1 0  0 0  0 0
    13  0.7431718693224832       2   0 1  1 0  0 0  0 0
    14  0.6705006533263495E-03   2   0 0  2 0  0 0  0 0
    15  0.7678577688769679       2   1 0  0 1  0 0  0 0
    16  0.7087269509967332       2   0 1  0 1  0 0  0 0
    17  0.1645492083977367E-02   2   0 0  1 1  0 0  0 0
    18  0.8636072588422592E-03   2   0 0  0 2  0 0  0 0
    19  -.4002370000038125E-05   2   1 0  0 0  0 1  0 0
    20  -.3475919484449438E-04   2   0 1  0 0  0 1  0 0
    21  -.1026533684302768       2   0 0  1 0  0 1  0 0
    22  0.8050753427463164       2   0 0  0 1  0 1  0 0
    23  -.3996983799117248E-05   2   1 0  0 0  0 0  1 0
    24  -.3471241755821674E-04   2   0 1  0 0  0 0  1 0
    25  -.1025152223649287       2   0 0  1 0  0 0  1 0
    26  0.8039919102919357       2   0 0  0 1  0 0  1 0
    27  0.7469713946270501E-04   2   1 0  0 0  0 0  0 1
    28  0.6947144015225839E-04   2   0 1  0 0  0 0  0 1
    29  -1.706297565287394       2   0 0  1 0  0 0  0 1
    30  -1.609067253134130       2   0 0  0 1  0 0  0 1
    31  -.6044021471309196E-05   2   0 0  0 0  0 2  0 0
    32  -.3849950411462526E-05   2   0 0  0 0  0 1  1 0
    33  -.6033297171143323E-05   2   0 0  0 0  0 0  2 0
    34  0.1593795086941125E-04   2   0 0  0 0  0 1  0 1
    35  0.1591650232626082E-04   2   0 0  0 0  0 0  1 1
    36  -.1592721048785355E-04   2   0 0  0 0  0 0  0 2
    37  -.1708989429448193E-01   3   3 0  0 0  0 0  0 0
    38  -.4798181944587619E-01   3   2 1  0 0  0 0  0 0
    39  -.4510562633019655E-01   3   1 2  0 0  0 0  0 0
    40  -.1416265929228045E-01   3   0 3  0 0  0 0  0 0
    41  -16.59089220607864       3   2 0  1 0  0 0  0 0
    42  -32.13923054641447       3   1 1  1 0  0 0  0 0
    43  -16.24453333153547       3   0 2  1 0  0 0  0 0
    44  0.3157154480070702E-01   3   1 0  2 0  0 0  0 0
    45  0.2870941092694974E-01   3   0 1  2 0  0 0  0 0
    46  -2.710601984391704       3   0 0  3 0  0 0  0 0
    47  -14.73563600549813       3   2 0  0 1  0 0  0 0
    48  -29.18997917477494       3   1 1  0 1  0 0  0 0
    49  -15.93820750161343       3   0 2  0 1  0 0  0 0
    50  0.5937417740205383E-01   3   1 0  1 1  0 0  0 0
    51  0.5430663194428131E-01   3   0 1  1 1  0 0  0 0
    52  -8.560865930288589       3   0 0  2 1  0 0  0 0
    53  0.2819821131117799E-01   3   1 0  0 2  0 0  0 0
    54  0.2597420809705994E-01   3   0 1  0 2  0 0  0 0
    55  -7.881059925903136       3   0 0  1 2  0 0  0 0
    56  -3.003158876561877       3   0 0  0 3  0 0  0 0
    57  -.6100335338177162E-03   3   2 0  0 0  0 1  0 0
    58  -.2091370673246828E-02   3   1 1  0 0  0 1  0 0
    59  -.1426341088586163E-02   3   0 2  0 0  0 1  0 0
    60  0.5228029491981707E-01   3   1 0  1 0  0 1  0 0
    61  -.3211088313326118       3   0 1  1 0  0 1  0 0
    62  -.9614372934512895E-04   3   0 0  2 0  0 1  0 0
    63  -.3454089034392036       3   1 0  0 1  0 1  0 0
    64  -.6706988440777250       3   0 1  0 1  0 1  0 0
    65  -.1063519865268516E-02   3   0 0  1 1  0 1  0 0
    66  -.1008975661013578E-02   3   0 0  0 2  0 1  0 0
    67  -.6092125794377903E-03   3   2 0  0 0  0 0  1 0
    68  -.2088556205157657E-02   3   1 1  0 0  0 0  1 0
    69  -.1424421585970272E-02   3   0 2  0 0  0 0  1 0
    70  0.5220993856279836E-01   3   1 0  1 0  0 0  1 0
    71  -.3206766982007399       3   0 1  1 0  0 0  1 0
    72  -.9601434364527443E-04   3   0 0  2 0  0 0  1 0
    73  -.3449440684155132       3   1 0  0 1  0 0  1 0
    74  -.6697962491823073       3   0 1  0 1  0 0  1 0
    75  -.1062088630355794E-02   3   0 0  1 1  0 0  1 0
    76  -.1007617829120363E-02   3   0 0  0 2  0 0  1 0
    77  0.2239252397129836E-02   3   2 0  0 0  0 0  0 1
    78  0.4175947425408107E-02   3   1 1  0 0  0 0  0 1
    79  0.1984241668222154E-02   3   0 2  0 0  0 0  0 1
    80  0.7061586915741404       3   1 0  1 0  0 0  0 1
    81  0.6417880990202661       3   0 1  1 0  0 0  0 1
    82  0.8637515157646748E-03   3   0 0  2 0  0 0  0 1
    83  0.6903555840782415       3   1 0  0 1  0 0  0 1
    84  0.6317703723700483       3   0 1  0 1  0 0  0 1
    85  0.2128002034853512E-02   3   0 0  1 1  0 0  0 1
    86  0.1154309359328961E-02   3   0 0  0 2  0 0  0 1
    87  0.3060180864231813E-05   3   1 0  0 0  0 2  0 0
    88  0.2795684074253452E-04   3   0 1  0 0  0 2  0 0
    89  0.7516390917726966E-01   3   0 0  1 0  0 2  0 0
    90  -.5614127767341823       3   0 0  0 1  0 2  0 0
    91  0.2297491119238896E-05   3   1 0  0 0  0 1  1 0
    92  0.2140926425902783E-04   3   0 1  0 0  0 1  1 0
    93  0.4774810870041988E-01   3   0 0  1 0  0 1  1 0
    94  -.3184047457000994       3   0 0  0 1  0 1  1 0
    95  0.3054516689411979E-05   3   1 0  0 0  0 0  2 0
    96  0.2790481195442016E-04   3   0 1  0 0  0 0  2 0
    97  0.7503062855345190E-01   3   0 0  1 0  0 0  2 0
    98  -.5604430068272878       3   0 0  0 1  0 0  2 0
    99  -.8713242374132457E-05   3   1 0  0 0  0 1  0 1
   100  -.4304979289395715E-04   3   0 1  0 0  0 1  0 1
   101  -.1980756441186328       3   0 0  1 0  0 1  0 1
   102  0.6361553657165832       3   0 0  0 1  0 1  0 1
   103  -.8701516503186260E-05   3   1 0  0 0  0 0  1 1
   104  -.4299185851154700E-04   3   0 1  0 0  0 0  1 1
   105  -.1978090832517592       3   0 0  1 0  0 0  1 1
   106  0.6352992578063658       3   0 0  0 1  0 0  1 1
   107  0.8950831751880870E-05   3   1 0  0 0  0 0  0 2
   108  0.8580236188500909E-05   3   0 1  0 0  0 0  0 2
   109  0.1979422295464360       3   0 0  1 0  0 0  0 2
   110  0.1688061414226834       3   0 0  0 1  0 0  0 2
   111  0.4944692921010640E-05   3   0 0  0 0  0 3  0 0
   112  0.2750378226093598E-05   3   0 0  0 0  0 2  1 0
   113  0.2754794301411226E-05   3   0 0  0 0  0 1  2 0
   114  0.4932863250828364E-05   3   0 0  0 0  0 0  3 0
   115  -.1154407897293109E-04   3   0 0  0 0  0 2  0 1
   116  -.7163362273092779E-05   3   0 0  0 0  0 1  1 1
   117  -.1152372343782813E-04   3   0 0  0 0  0 0  2 1
   118  0.7158450835406460E-05   3   0 0  0 0  0 1  0 2
   119  0.7148817329638259E-05   3   0 0  0 0  0 0  1 2
   120  0.5402735000541543E-06   3   0 0  0 0  0 0  0 3
   121  -.6478027817025342E-02   4   4 0  0 0  0 0  0 0
   122  -.2376213087486208E-01   4   3 1  0 0  0 0  0 0
   123  -.3303488715525968E-01   4   2 2  0 0  0 0  0 0
   124  -.1990547871397229E-01   4   1 3  0 0  0 0  0 0
   125  -.4276611197271428E-02   4   0 4  0 0  0 0  0 0
   126   187.9643482883490       4   3 0  1 0  0 0  0 0
   127   523.7524124861275       4   2 1  1 0  0 0  0 0
   128   488.7825680525227       4   1 2  1 0  0 0  0 0
   129   153.1071116281621       4   0 3  1 0  0 0  0 0
   130  0.3860193075073728E-01   4   2 0  2 0  0 0  0 0
   131  0.7521941161559353E-01   4   1 1  2 0  0 0  0 0
   132  0.3635059260574382E-01   4   0 2  2 0  0 0  0 0
   133  -121.0974464904214       4   1 0  3 0  0 0  0 0
   134  -109.4621834611374       4   0 1  3 0  0 0  0 0
   135  -.5933277224508745E-02   4   0 0  4 0  0 0  0 0
   136   180.1288462003100       4   3 0  0 1  0 0  0 0
   137   505.3192897591158       4   2 1  0 1  0 0  0 0
   138   475.0463044959413       4   1 2  0 1  0 0  0 0
   139   149.9644396349337       4   0 3  0 1  0 0  0 0
   140  0.7815212332854495E-01   4   2 0  1 1  0 0  0 0
   141  0.1531926497967186       4   1 1  1 1  0 0  0 0
   142  0.7559540548112903E-01   4   0 2  1 1  0 0  0 0
   143  -338.4210853941057       4   1 0  2 1  0 0  0 0
   144  -308.4494027704154       4   0 1  2 1  0 0  0 0
   145  -.2036751138365836E-01   4   0 0  3 1  0 0  0 0
   146  0.3853879013771702E-01   4   2 0  0 2  0 0  0 0
   147  0.7649663247794954E-01   4   1 1  0 2  0 0  0 0
   148  0.3872106995748026E-01   4   0 2  0 2  0 0  0 0
   149  -318.3961619687246       4   1 0  1 2  0 0  0 0
   150  -292.2169256265931       4   0 1  1 2  0 0  0 0
   151  -.2626185739130322E-01   4   0 0  2 2  0 0  0 0
   152  -100.4631788116672       4   1 0  0 3  0 0  0 0
   153  -92.71594478821945       4   0 1  0 3  0 0  0 0
   154  -.1451723052729470E-01   4   0 0  1 3  0 0  0 0
   155  -.2575562153996939E-02   4   0 0  0 4  0 0  0 0
   156  -.2047148773564028E-02   4   3 0  0 0  0 1  0 0
   157  0.1449560383525087E-01   4   2 1  0 0  0 1  0 0
   158  0.3246964809420101E-01   4   1 2  0 0  0 1  0 0
   159  0.1603695989607796E-01   4   0 3  0 0  0 1  0 0
   160   9.115982348827023       4   2 0  1 0  0 1  0 0
   161   33.27192621745093       4   1 1  1 0  0 1  0 0
   162   24.19728635336066       4   0 2  1 0  0 1  0 0
   163  0.3618049819980089E-02   4   1 0  2 0  0 1  0 0
   164  -.9106584338439368E-02   4   0 1  2 0  0 1  0 0
   165  0.4820929801655668       4   0 0  3 0  0 1  0 0
   166   15.80606329993764       4   2 0  0 1  0 1  0 0
   167   45.41862191797982       4   1 1  0 1  0 1  0 0
   168   31.50485811148794       4   0 2  0 1  0 1  0 0
   169  -.1787361677046468E-01   4   1 0  1 1  0 1  0 0
   170  -.3935773166486553E-01   4   0 1  1 1  0 1  0 0
   171   6.086931940170871       4   0 0  2 1  0 1  0 0
   172  -.1998673594956167E-01   4   1 0  0 2  0 1  0 0
   173  -.2922628701457192E-01   4   0 1  0 2  0 1  0 0
   174   10.01636764652350       4   0 0  1 2  0 1  0 0
   175   5.273415484918281       4   0 0  0 3  0 1  0 0
   176  -.2044393817223349E-02   4   3 0  0 0  0 0  1 0
   177  0.1447609633476352E-01   4   2 1  0 0  0 0  1 0
   178  0.3242595197203735E-01   4   1 2  0 0  0 0  1 0
   179  0.1601537811124555E-01   4   0 3  0 0  0 0  1 0
   180   9.103714489403337       4   2 0  1 0  0 0  1 0
   181   33.22715042719912       4   1 1  1 0  0 0  1 0
   182   24.16472278576494       4   0 2  1 0  0 0  1 0
   183  0.3613180819045142E-02   4   1 0  2 0  0 0  1 0
   184  -.9094329126415147E-02   4   0 1  2 0  0 0  1 0
   185  0.4814442021531188       4   0 0  3 0  0 0  1 0
   186   15.78479224486256       4   2 0  0 1  0 0  1 0
   187   45.35749967710812       4   1 1  0 1  0 0  1 0
   188   31.46246035821403       4   0 2  0 1  0 0  1 0
   189  -.1784956329936935E-01   4   1 0  1 1  0 0  1 0
   190  -.3930476588445660E-01   4   0 1  1 1  0 0  1 0
   191   6.078740434032961       4   0 0  2 1  0 0  1 0
   192  -.1995983874226298E-01   4   1 0  0 2  0 0  1 0
   193  -.2918695565489490E-01   4   0 1  0 2  0 0  1 0
   194   10.00288809099987       4   0 0  1 2  0 0  1 0
   195   5.266318770886150       4   0 0  0 3  0 0  1 0
   196  0.9102556663389983E-03   4   3 0  0 0  0 0  0 1
   197  0.2581617359154618E-02   4   2 1  0 0  0 0  0 1
   198  0.2459795176669443E-02   4   1 2  0 0  0 0  0 1
   199  0.8256197711647743E-03   4   0 3  0 0  0 0  0 1
   200  -34.79479554917624       4   2 0  1 0  0 0  0 1
   201  -66.46516336961092       4   1 1  1 0  0 0  0 1
   202  -32.09917984162522       4   0 2  1 0  0 0  0 1
   203  -.2541434602290411E-02   4   1 0  2 0  0 0  0 1
   204  -.2382836734911706E-02   4   0 1  2 0  0 0  0 1
   205  -3.677531103461734       4   0 0  3 0  0 0  0 1
   206  -31.57270265592249       4   2 0  0 1  0 0  0 1
   207  -61.54698399429394       4   1 1  0 1  0 0  0 1
   208  -31.06971483581547       4   0 2  0 1  0 0  0 1
   209  -.4975081587418287E-02   4   1 0  1 1  0 0  0 1
   210  -.4809702941821777E-02   4   0 1  1 1  0 0  0 1
   211  -12.17659379312594       4   0 0  2 1  0 0  0 1
   212  -.2424397941224796E-02   4   1 0  0 2  0 0  0 1
   213  -.2368439051476245E-02   4   0 1  0 2  0 0  0 1
   214  -12.15011262749185       4   0 0  1 2  0 0  0 1
   215  -4.537797805267163       4   0 0  0 3  0 0  0 1
   216  -.3080351873874435E-03   4   2 0  0 0  0 2  0 0
   217  0.2629737711190661E-03   4   1 1  0 0  0 2  0 0
   218  0.6448390795737728E-03   4   0 2  0 0  0 2  0 0
   219  -.3924852255887885E-01   4   1 0  1 0  0 2  0 0
   220  0.2161540368953063       4   0 1  1 0  0 2  0 0
   221  -.1903953445669804E-03   4   0 0  2 0  0 2  0 0
   222  0.2401387417979809       4   1 0  0 1  0 2  0 0
   223  0.6433182477246367       4   0 1  0 1  0 2  0 0
   224  0.3432757265215100E-03   4   0 0  1 1  0 2  0 0
   225  0.8239759088350795E-03   4   0 0  0 2  0 2  0 0
   226  -.3238032918277709E-03   4   2 0  0 0  0 1  1 0
   227  0.4935426752331019E-03   4   1 1  0 0  0 1  1 0
   228  0.1084324326644254E-02   4   0 2  0 0  0 1  1 0
   229  -.2773732789533284E-01   4   1 0  1 0  0 1  1 0
   230  0.1095763303751601       4   0 1  1 0  0 1  1 0
   231  -.1646092991542532E-03   4   0 0  2 0  0 1  1 0
   232  0.1334143423249905       4   1 0  0 1  0 1  1 0
   233  0.6137043105551621       4   0 1  0 1  0 1  1 0
   234  0.2631977891890557E-03   4   0 0  1 1  0 1  1 0
   235  0.9354264007610901E-03   4   0 0  0 2  0 1  1 0
   236  -.3074027685445428E-03   4   2 0  0 0  0 0  2 0
   237  0.2622877801751829E-03   4   1 1  0 0  0 0  2 0
   238  0.6432416692425137E-03   4   0 2  0 0  0 0  2 0
   239  -.3917703995260489E-01   4   1 0  1 0  0 0  2 0
   240  0.2157894156488070       4   0 1  1 0  0 0  2 0
   241  -.1900283577667671E-03   4   0 0  2 0  0 0  2 0
   242  0.2397258030294658       4   1 0  0 1  0 0  2 0
   243  0.6420395531762568       4   0 1  0 1  0 0  2 0
   244  0.3426366626364774E-03   4   0 0  1 1  0 0  2 0
   245  0.8222376145070955E-03   4   0 0  0 2  0 0  2 0
   246  0.7105273813001760E-03   4   2 0  0 0  0 1  0 1
   247  -.1267288274215653E-03   4   1 1  0 0  0 1  0 1
   248  -.7021054659736494E-03   4   0 2  0 0  0 1  0 1
   249  0.1082352373426880       4   1 0  1 0  0 1  0 1
   250  -.2175877864886077       4   0 1  1 0  0 1  0 1
   251  0.3409092614997262E-03   4   0 0  2 0  0 1  0 1
   252  -.2654781747664224       4   1 0  0 1  0 1  0 1
   253  -.5543476496729396       4   0 1  0 1  0 1  0 1
   254  -.2459398972039540E-03   4   0 0  1 1  0 1  0 1
   255  -.7093876691049144E-03   4   0 0  0 2  0 1  0 1
   256  0.7095711870364188E-03   4   2 0  0 0  0 0  1 1
   257  -.1265582817381434E-03   4   1 1  0 0  0 0  1 1
   258  -.7011606055266231E-03   4   0 2  0 0  0 0  1 1
   259  0.1080895794612212       4   1 0  1 0  0 0  1 1
   260  -.2172949671001090       4   0 1  1 0  0 0  1 1
   261  0.3404504818820967E-03   4   0 0  2 0  0 0  1 1
   262  -.2651209067503755       4   1 0  0 1  0 0  1 1
   263  -.5536016347315103       4   0 1  0 1  0 0  1 1
   264  -.2456089228810434E-03   4   0 0  1 1  0 0  1 1
   265  -.7084330086121158E-03   4   0 0  0 2  0 0  1 1
   266  -.4815318998434203E-03   4   2 0  0 0  0 0  0 2
   267  -.9031820208946538E-03   4   1 1  0 0  0 0  0 2
   268  -.4205311724347206E-03   4   0 2  0 0  0 0  0 2
   269  -.1101604676807931       4   1 0  1 0  0 0  0 2
   270  -.1057852919187743       4   0 1  1 0  0 0  0 2
   271  -.1359867389726916E-03   4   0 0  2 0  0 0  0 2
   272  -.8225890169702761E-01   4   1 0  0 1  0 0  0 2
   273  -.8066428089041525E-01   4   0 1  0 1  0 0  0 2
   274  -.3090215124292735E-03   4   0 0  1 1  0 0  0 2
   275  -.1641745715465135E-03   4   0 0  0 2  0 0  0 2
   276  -.5361648098339086E-05   4   1 0  0 0  0 3  0 0
   277  -.3044964434857468E-04   4   0 1  0 0  0 3  0 0
   278  -.6143670993311724E-01   4   0 0  1 0  0 3  0 0
   279  0.4404014159916829       4   0 0  0 1  0 3  0 0
   280  -.3831390926154842E-05   4   1 0  0 0  0 2  1 0
   281  -.2239592582591472E-04   4   0 1  0 0  0 2  1 0
   282  -.3402145843935702E-01   4   0 0  1 0  0 2  1 0
   283  0.1985129175785587       4   0 0  0 1  0 2  1 0
   284  -.3834465382804921E-05   4   1 0  0 0  0 1  2 0
   285  -.2241210057942721E-04   4   0 1  0 0  0 1  2 0
   286  -.3407663277199017E-01   4   0 0  1 0  0 1  2 0
   287  0.1990000044065911       4   0 0  0 1  0 1  2 0
   288  -.5348250341636812E-05   4   1 0  0 0  0 0  3 0
   289  -.3037312843057801E-04   4   0 1  0 0  0 0  3 0
   290  -.6128983063435949E-01   4   0 0  1 0  0 0  3 0
   291  0.4393790144170438       4   0 0  0 1  0 0  3 0
   292  0.7644262460280519E-05   4   1 0  0 0  0 2  0 1
   293  0.4000526792178161E-04   4   0 1  0 0  0 2  0 1
   294  0.1431873551103525       4   0 0  1 0  0 2  0 1
   295  -.3968581775154630       4   0 0  0 1  0 2  0 1
   296  0.6275396754045289E-05   4   1 0  0 0  0 1  1 1
   297  0.3303353733642830E-04   4   0 1  0 0  0 1  1 1
   298  0.8845730472488189E-01   4   0 0  1 0  0 1  1 1
   299  -.1581906829257844       4   0 0  0 1  0 1  1 1
   300  0.7629752605431779E-05   4   1 0  0 0  0 0  2 1
   301  0.3992920322877547E-04   4   0 1  0 0  0 0  2 1
   302  0.1429351394801066       4   0 0  1 0  0 0  2 1
   303  -.3962176617005346       4   0 0  0 1  0 0  2 1
   304  -.1866932826156902E-05   4   1 0  0 0  0 1  0 2
   305  -.5066437925570990E-05   4   0 1  0 0  0 1  0 2
   306  -.8838768350731556E-01   4   0 0  1 0  0 1  0 2
   307  -.1602172480201385       4   0 0  0 1  0 1  0 2
   308  -.1864420395945030E-05   4   1 0  0 0  0 0  1 2
   309  -.5059619752183769E-05   4   0 1  0 0  0 0  1 2
   310  -.8826873552841820E-01   4   0 0  1 0  0 0  1 2
   311  -.1600016351985302       4   0 0  0 1  0 0  1 2
   312  0.5061171151436140E-06   4   1 0  0 0  0 0  0 3
   313  0.4128517204614927E-06   4   0 1  0 0  0 0  0 3
   314  -.7098599857502624E-02   4   0 0  1 0  0 0  0 3
   315  -.5800842375054569E-02   4   0 0  0 1  0 0  0 3
   316  -.7933581038931255E-05   4   0 0  0 0  0 4  0 0
   317  -.3989179767432174E-05   4   0 0  0 0  0 3  1 0
   318  -.3466359228798443E-05   4   0 0  0 0  0 2  2 0
   319  -.4000467384811077E-05   4   0 0  0 0  0 1  3 0
   320  -.7909555911620585E-05   4   0 0  0 0  0 0  4 0
   321  0.8373781998525699E-05   4   0 0  0 0  0 3  0 1
   322  0.4016425972484228E-05   4   0 0  0 0  0 2  1 1
   323  0.4025199111044618E-05   4   0 0  0 0  0 1  2 1
   324  0.8354179525556337E-05   4   0 0  0 0  0 0  3 1
   325  0.7889002943822847E-06   4   0 0  0 0  0 2  0 2
   326  0.9375963691464615E-06   4   0 0  0 0  0 1  1 2
   327  0.7872077430425964E-06   4   0 0  0 0  0 0  2 2
   328  0.7497229556098601E-08   4   0 0  0 0  0 1  0 3
   329  0.7487140137894237E-08   4   0 0  0 0  0 0  1 3
   330  -.2547027759046455E-13   4   0 0  0 0  0 0  0 4
   ----------------------------------------------------
     I  COEFFICIENT            ORDER EXPONENTS
     1  0.8200475981958547E-08   0   0 0  0 0  0 0  0 0
     2  -.3929246554761092E-05   1   1 0  0 0  0 0  0 0
     3  -.4743014896646760E-05   1   0 1  0 0  0 0  0 0
     4  0.2892532573296243E-04   1   0 0  1 0  0 0  0 0
     5  0.7547564070736708E-05   1   0 0  0 1  0 0  0 0
     6   1.000000000000000       1   0 0  0 0  1 0  0 0
     7  0.2859789916078144       1   0 0  0 0  0 1  0 0
     8  -.2859789892032498       1   0 0  0 0  0 0  1 0
     9  -.2404570747693006E-08   1   0 0  0 0  0 0  0 1
    10  -.2261179553326524       2   2 0  0 0  0 0  0 0
    11  -.6573407715941471       2   1 1  0 0  0 0  0 0
    12  -.6920450571928711       2   0 2  0 0  0 0  0 0
    13  -.1467347360602057E-04   2   1 0  1 0  0 0  0 0
    14  -.2074641179807006E-04   2   0 1  1 0  0 0  0 0
    15  -.1658597665069902       2   0 0  2 0  0 0  0 0
    16  -.2068299021982392E-04   2   1 0  0 1  0 0  0 0
    17  -.2519232567762315E-04   2   0 1  0 1  0 0  0 0
    18  -.8231447502473638E-01   2   0 0  1 1  0 0  0 0
    19  -.2274673627188973       2   0 0  0 2  0 0  0 0
    20  0.5837283921146481E-05   2   1 0  0 0  0 1  0 0
    21  0.8732809233742062E-05   2   0 1  0 0  0 1  0 0
    22  -.4119718117274245E-04   2   0 0  1 0  0 1  0 0
    23  -.2315660288060842E-04   2   0 0  0 1  0 1  0 0
    24  0.1910764284885458E-05   2   1 0  0 0  0 0  1 0
    25  0.3990825703074507E-05   2   0 1  0 0  0 0  1 0
    26  -.1229422733286246E-04   2   0 0  1 0  0 0  1 0
    27  -.1559818836193949E-04   2   0 0  0 1  0 0  1 0
    28  -.7748099070210612E-05   2   1 0  0 0  0 0  0 1
    29  -.7980720160072164E-05   2   0 1  0 0  0 0  0 1
    30  0.5349143138388211E-04   2   0 0  1 0  0 0  0 1
    31  0.3120725381106265E-04   2   0 0  0 1  0 0  0 1
    32  -.2146286631085330       2   0 0  0 0  0 2  0 0
    33  0.1432783312713271       2   0 0  0 0  0 1  1 0
    34  0.7135032849819908E-01   2   0 0  0 0  0 0  2 0
    35  0.3338117971002044E-08   2   0 0  0 0  0 1  0 1
    36  0.9355782233638143E-09   2   0 0  0 0  0 0  1 1
    37  -.9346212306845320E-09   2   0 0  0 0  0 0  0 2
    38  0.1139170987147856       3   3 0  0 0  0 0  0 0
    39  0.3697263685748064       3   2 1  0 0  0 0  0 0
    40  0.3885350163783233       3   1 2  0 0  0 0  0 0
    41  0.1335092212118123       3   0 3  0 0  0 0  0 0
    42  0.6703376691111811E-03   3   2 0  1 0  0 0  0 0
    43  0.1253752816205825E-02   3   1 1  1 0  0 0  0 0
    44  0.7713992386134466E-03   3   0 2  1 0  0 0  0 0
    45  0.5922749200758934E-01   3   1 0  2 0  0 0  0 0
    46  0.6406910279343915E-02   3   0 1  2 0  0 0  0 0
    47  0.2311300387747231E-03   3   0 0  3 0  0 0  0 0
    48  0.4744500938747637E-03   3   2 0  0 1  0 0  0 0
    49  0.8478626344150876E-03   3   1 1  0 1  0 0  0 0
    50  0.5218156966632498E-03   3   0 2  0 1  0 0  0 0
    51  0.1663441556375501E-01   3   1 0  1 1  0 0  0 0
    52  -.6716784609655589E-01   3   0 1  1 1  0 0  0 0
    53  0.6556956099935333E-03   3   0 0  2 1  0 0  0 0
    54  -.3435763181349088E-01   3   1 0  0 2  0 0  0 0
    55  -.6764411102684564E-01   3   0 1  0 2  0 0  0 0
    56  0.6192056598886706E-03   3   0 0  1 2  0 0  0 0
    57  0.1888798298952277E-03   3   0 0  0 3  0 0  0 0
    58  0.3563800213850087       3   2 0  0 0  0 1  0 0
    59   1.227738439483907       3   1 1  0 0  0 1  0 0
    60   1.352334842364419       3   0 2  0 0  0 1  0 0
    61  0.2213012730941456E-04   3   1 0  1 0  0 1  0 0
    62  0.3815840720224954E-04   3   0 1  1 0  0 1  0 0
    63  0.2356903453642971       3   0 0  2 0  0 1  0 0
    64  0.3818042887853411E-04   3   1 0  0 1  0 1  0 0
    65  0.5719528807137555E-04   3   0 1  0 1  0 1  0 0
    66  0.2587748252617293       3   0 0  1 1  0 1  0 0
    67  0.3763128776531414       3   0 0  0 2  0 1  0 0
    68  0.1303908533944422       3   2 0  0 0  0 0  1 0
    69  0.5705139302736006       3   1 1  0 0  0 0  1 0
    70  0.6603315564894474       3   0 2  0 0  0 0  1 0
    71  0.7434649400437337E-05   3   1 0  1 0  0 0  1 0
    72  0.1732514600383161E-04   3   0 1  1 0  0 0  1 0
    73  0.6995962178169784E-01   3   0 0  2 0  0 0  1 0
    74  0.1745888944562488E-04   3   1 0  0 1  0 0  1 0
    75  0.3189555220502402E-04   3   0 1  0 1  0 0  1 0
    76  0.1763336698766075       3   0 0  1 1  0 0  1 0
    77  0.1489509797100717       3   0 0  0 2  0 0  1 0
    78  -.4867712881701363       3   2 0  0 0  0 0  0 1
    79  -1.140912703387445       3   1 1  0 0  0 0  0 1
    80  -.6285771403827211       3   0 2  0 0  0 0  0 1
    81  -.2950122998622694E-04   3   1 0  1 0  0 0  0 1
    82  -.3455774592799700E-04   3   0 1  1 0  0 0  0 1
    83  -.3056501646723029       3   0 0  2 0  0 0  0 1
    84  -.3484983329449737E-04   3   1 0  0 1  0 0  0 1
    85  -.3846649297620384E-04   3   0 1  0 1  0 0  0 1
    86  -.3527942838364785       3   0 0  1 1  0 0  0 1
    87  -.7032926284616425E-01   3   0 0  0 2  0 0  0 1
    88  -.7228560225804483E-05   3   1 0  0 0  0 2  0 0
    89  -.1249021992803042E-04   3   0 1  0 0  0 2  0 0
    90  0.4938606706627324E-04   3   0 0  1 0  0 2  0 0
    91  0.3987337330163590E-04   3   0 0  0 1  0 2  0 0
    92  -.2784170272316111E-05   3   1 0  0 0  0 1  1 0
    93  -.7515996486478988E-05   3   0 1  0 0  0 1  1 0
    94  0.1639365695349190E-04   3   0 0  1 0  0 1  1 0
    95  0.3343508740337803E-04   3   0 0  0 1  0 1  1 0
    96  -.1394128704328394E-05   3   1 0  0 0  0 0  2 0
    97  -.3758803750610716E-05   3   0 1  0 0  0 0  2 0
    98  0.8213464664785142E-05   3   0 0  1 0  0 0  2 0
    99  0.1671059108733711E-04   3   0 0  0 1  0 0  2 0
   100  0.1140293725472310E-04   3   1 0  0 0  0 1  0 1
   101  0.1502998294629310E-04   3   0 1  0 0  0 1  0 1
   102  -.7397388290010640E-04   3   0 0  1 0  0 1  0 1
   103  -.6687417782507687E-04   3   0 0  0 1  0 1  0 1
   104  0.3660427111364017E-05   3   1 0  0 0  0 0  1 1
   105  0.7050708099369947E-05   3   0 1  0 0  0 0  1 1
   106  -.2052823680350385E-04   3   0 0  1 0  0 0  1 1
   107  -.3566214347578956E-04   3   0 0  0 1  0 0  1 1
   108  -.3657502196931344E-05   3   1 0  0 0  0 0  0 2
   109  -.3059612312751104E-05   3   0 1  0 0  0 0  0 2
   110  0.2050681370165878E-04   3   0 0  1 0  0 0  0 2
   111  0.2006232289530752E-04   3   0 0  0 1  0 0  0 2
   112  0.1788813498888522       3   0 0  0 0  0 3  0 0
   113  -.1073867924730421       3   0 0  0 0  0 2  1 0
   114  -.3589155526013683E-01   3   0 0  0 0  0 1  2 0
   115  -.3560303940374350E-01   3   0 0  0 0  0 0  3 0
   116  -.3407800743039720E-08   3   0 0  0 0  0 2  0 1
   117  0.4050449918586093E-10   3   0 0  0 0  0 1  1 1
   118  0.1791259142865698E-10   3   0 0  0 0  0 0  2 1
   119  0.4872686092896620E-09   3   0 0  0 0  0 1  0 2
   120  0.1081847483914983E-10   3   0 0  0 0  0 0  1 2
   121  0.1175555842309523E-09   3   0 0  0 0  0 0  0 3
   122  -1.454468673816736       4   4 0  0 0  0 0  0 0
   123  -7.487364581630326       4   3 1  0 0  0 0  0 0
   124  -14.70108100805317       4   2 2  0 0  0 0  0 0
   125  -13.00686199179641       4   1 3  0 0  0 0  0 0
   126  -4.629064290014547       4   0 4  0 0  0 0  0 0
   127  0.1005610613838592E-02   4   3 0  1 0  0 0  0 0
   128  0.4741444804262206E-02   4   2 1  1 0  0 0  0 0
   129  0.6015030968538625E-02   4   1 2  1 0  0 0  0 0
   130  0.2291629808291331E-02   4   0 3  1 0  0 0  0 0
   131  -4.515898587966541       4   2 0  2 0  0 0  0 0
   132  -9.011232168276475       4   1 1  2 0  0 0  0 0
   133  -5.367541689235152       4   0 2  2 0  0 0  0 0
   134  0.3472463039371233E-02   4   1 0  3 0  0 0  0 0
   135  0.2541297773502869E-02   4   0 1  3 0  0 0  0 0
   136  -.8550220540838802       4   0 0  4 0  0 0  0 0
   137  0.1775496198531465E-02   4   3 0  0 1  0 0  0 0
   138  0.6737092495618777E-02   4   2 1  0 1  0 0  0 0
   139  0.7775644921708985E-02   4   1 2  0 1  0 0  0 0
   140  0.2816129637927372E-02   4   0 3  0 1  0 0  0 0
   141  -6.511973208337197       4   2 0  1 1  0 0  0 0
   142  -12.14210957427411       4   1 1  1 1  0 0  0 0
   143  -7.027917587577443       4   0 2  1 1  0 0  0 0
   144  0.8225229345266236E-02   4   1 0  2 1  0 0  0 0
   145  0.5837803890007646E-02   4   0 1  2 1  0 0  0 0
   146  -2.812524564068016       4   0 0  3 1  0 0  0 0
   147  -2.198462108987496       4   2 0  0 2  0 0  0 0
   148  -4.274158378212846       4   1 1  0 2  0 0  0 0
   149  -3.003658495596195       4   0 2  0 2  0 0  0 0
   150  0.6294698688666400E-02   4   1 0  1 2  0 0  0 0
   151  0.4221146071136887E-02   4   0 1  1 2  0 0  0 0
   152  -3.568038148332019       4   0 0  2 2  0 0  0 0
   153  0.1492463777564441E-02   4   1 0  0 3  0 0  0 0
   154  0.8766945655789476E-03   4   0 1  0 3  0 0  0 0
   155  -2.016261930983872       4   0 0  1 3  0 0  0 0
   156  -.5285950979434225       4   0 0  0 4  0 0  0 0
   157  -.1897687693594063       4   3 0  0 0  0 1  0 0
   158  -.7675830235729074       4   2 1  0 0  0 1  0 0
   159  -.9768957258032780       4   1 2  0 0  0 1  0 0
   160  -.3965909949653913       4   0 3  0 0  0 1  0 0
   161  -.9584219605456083E-04   4   2 0  1 0  0 1  0 0
   162  -.8597248278419884E-03   4   1 1  1 0  0 1  0 0
   163  -.9421673270812857E-03   4   0 2  1 0  0 1  0 0
   164  -.7692654883649241E-01   4   1 0  2 0  0 1  0 0
   165  -.2778402836171637E-01   4   0 1  2 0  0 1  0 0
   166  -.2075636688037211E-03   4   0 0  3 0  0 1  0 0
   167  -.1740678224706682E-03   4   2 0  0 1  0 1  0 0
   168  -.5893151396746337E-03   4   1 1  0 1  0 1  0 0
   169  -.6032060880247699E-03   4   0 2  0 1  0 1  0 0
   170  -.6382889240001138E-01   4   1 0  1 1  0 1  0 0
   171  0.9496570493284290E-01   4   0 1  1 1  0 1  0 0
   172  -.7364366598645897E-03   4   0 0  2 1  0 1  0 0
   173  0.4874711912417685E-01   4   1 0  0 2  0 1  0 0
   174  0.1488256238991604       4   0 1  0 2  0 1  0 0
   175  -.1007330706595068E-02   4   0 0  1 2  0 1  0 0
   176  -.4372472323603287E-03   4   0 0  0 3  0 1  0 0
   177  -.7514532962932716E-01   4   3 0  0 0  0 0  1 0
   178  -.3948878720443491       4   2 1  0 0  0 0  1 0
   179  -.5844441944758157       4   1 2  0 0  0 0  1 0
   180  -.2613709670060218       4   0 3  0 0  0 0  1 0
   181  -.8060661129363043E-04   4   2 0  1 0  0 0  1 0
   182  -.8380746842492193E-03   4   1 1  1 0  0 0  1 0
   183  -.8333681487828055E-03   4   0 2  1 0  0 0  1 0
   184  -.1750814411987688E-01   4   1 0  2 0  0 0  1 0
   185  -.2065429221490744E-01   4   0 1  2 0  0 0  1 0
   186  -.1273860487120017E-03   4   0 0  3 0  0 0  1 0
   187  -.2277628654644812E-03   4   2 0  0 1  0 0  1 0
   188  -.7816338713382668E-03   4   1 1  0 1  0 0  1 0
   189  -.6693967200753634E-03   4   0 2  0 1  0 0  1 0
   190  -.4679810109239934E-01   4   1 0  1 1  0 0  1 0
   191  0.2887098369917970E-01   4   0 1  1 1  0 0  1 0
   192  -.5247111059440953E-03   4   0 0  2 1  0 0  1 0
   193  0.1462596051345409E-01   4   1 0  0 2  0 0  1 0
   194  0.8166415479389527E-01   4   0 1  0 2  0 0  1 0
   195  -.7575749768898878E-03   4   0 0  1 2  0 0  1 0
   196  -.3400181843194187E-03   4   0 0  0 3  0 0  1 0
   197  0.2639533545301190       4   3 0  0 0  0 0  0 1
   198  0.7879893783965004       4   2 1  0 0  0 0  0 1
   199  0.7771639806071589       4   1 2  0 0  0 0  0 1
   200  0.2538617164003266       4   0 3  0 0  0 0  0 1
   201  0.2963328256106135E-03   4   2 0  1 0  0 0  0 1
   202  0.8258251787856452E-03   4   1 1  1 0  0 0  0 1
   203  0.6423167285726941E-03   4   0 2  1 0  0 0  0 1
   204  0.9398545561015847E-01   4   1 0  2 0  0 0  0 1
   205  0.4062458581142951E-01   4   0 1  2 0  0 0  0 1
   206  0.3786903453491588E-03   4   0 0  3 0  0 0  0 1
   207  -.4067053469239239E-04   4   2 0  0 1  0 0  0 1
   208  0.1908901780272210E-04   4   1 1  0 1  0 0  0 1
   209  0.1816308590208842E-03   4   0 2  0 1  0 0  0 1
   210  0.9329781703640030E-01   4   1 0  1 1  0 0  0 1
   211  0.8483847403559973E-02   4   0 1  1 1  0 0  0 1
   212  0.7953800487363546E-03   4   0 0  2 1  0 0  0 1
   213  0.4838755835598257E-02   4   1 0  0 2  0 0  0 1
   214  -.2873431232406995E-01   4   0 1  0 2  0 0  0 1
   215  0.5918742029106736E-03   4   0 0  1 2  0 0  0 1
   216  0.1862391424424259E-03   4   0 0  0 3  0 0  0 1
   217  -.4633535410495331       4   2 0  0 0  0 2  0 0
   218  -1.792688400787755       4   1 1  0 0  0 2  0 0
   219  -2.067647880289340       4   0 2  0 0  0 2  0 0
   220  -.2982350736237630E-04   4   1 0  1 0  0 2  0 0
   221  -.6464109810884418E-04   4   0 1  1 0  0 2  0 0
   222  -.2820131430649732       4   0 0  2 0  0 2  0 0
   223  -.6590333375729551E-04   4   1 0  0 1  0 2  0 0
   224  -.1118831408410966E-03   4   0 1  0 1  0 2  0 0
   225  -.4479202592528193       4   0 0  1 1  0 2  0 0
   226  -.5331526471995660       4   0 0  0 2  0 2  0 0
   227  -.2139675274718536       4   2 0  0 0  0 1  1 0
   228  -1.129836246181387       4   1 1  0 0  0 1  1 0
   229  -1.430441212673712       4   0 2  0 0  0 1  1 0
   230  -.1192429924169288E-04   4   1 0  1 0  0 1  1 0
   231  -.3681430841989308E-04   4   0 1  1 0  0 1  1 0
   232  -.9273659916951081E-01   4   0 0  2 0  0 1  1 0
   233  -.3810372229145942E-04   4   1 0  0 1  0 1  1 0
   234  -.8180569947483724E-04   4   0 1  0 1  0 1  1 0
   235  -.3783066635190598       4   0 0  1 1  0 1  1 0
   236  -.3136818744420332       4   0 0  0 2  0 1  1 0
   237  -.1070791605908336       4   2 0  0 0  0 0  2 0
   238  -.5649824693099991       4   1 1  0 0  0 0  2 0
   239  -.7151663233607797       4   0 2  0 0  0 0  2 0
   240  -.6018900602099340E-05   4   1 0  1 0  0 0  2 0
   241  -.1846372768541734E-04   4   0 1  1 0  0 0  2 0
   242  -.4646418367031303E-01   4   0 0  2 0  0 0  2 0
   243  -.1909410767555093E-04   4   1 0  0 1  0 0  2 0
   244  -.4091649650139626E-04   4   0 1  0 1  0 0  2 0
   245  -.1890725060411237       4   0 0  1 1  0 0  2 0
   246  -.1568826211165228       4   0 0  0 2  0 0  2 0
   247  0.7842453698136781       4   2 0  0 0  0 1  0 1
   248   2.259636948671423       4   1 1  0 0  0 1  0 1
   249   1.508681663311248       4   0 2  0 0  0 1  0 1
   250  0.3924128443176030E-04   4   1 0  1 0  0 1  0 1
   251  0.6653580687655960E-04   4   0 1  1 0  0 1  0 1
   252  0.4210985441896765       4   0 0  2 0  0 1  0 1
   253  0.6866131349215641E-04   4   1 0  0 1  0 1  0 1
   254  0.9712702578263749E-04   4   0 1  0 1  0 1  0 1
   255  0.7566508630988305       4   0 0  1 1  0 1  0 1
   256  0.2510764823352321       4   0 0  0 2  0 1  0 1
   257  0.2977140779091499       4   2 0  0 0  0 0  1 1
   258   1.118727651664894       4   1 1  0 0  0 0  1 1
   259  0.8797540608772259       4   0 2  0 0  0 0  1 1
   260  0.1346350488155334E-04   4   1 0  1 0  0 0  1 1
   261  0.3127189666028441E-04   4   0 1  1 0  0 0  1 1
   262  0.1157128170262949       4   0 0  2 0  0 0  1 1
   263  0.3268139051918649E-04   4   1 0  0 1  0 0  1 1
   264  0.5418970610507054E-04   4   0 1  0 1  0 0  1 1
   265  0.4038026811089163       4   0 0  1 1  0 0  1 1
   266  0.1806052263243837       4   0 0  0 2  0 0  1 1
   267  -.2975757127567489       4   2 0  0 0  0 0  0 2
   268  -.5482350399622690       4   1 1  0 0  0 0  0 2
   269  -.2513357440234011       4   0 2  0 0  0 0  0 2
   270  -.1090541938661249E-04   4   1 0  1 0  0 0  0 2
   271  -.9754566068173609E-05   4   0 1  1 0  0 0  0 2
   272  -.1155887683498419       4   0 0  2 0  0 0  0 2
   273  -.1061699737261042E-04   4   1 0  0 1  0 0  0 2
   274  -.9567383838273042E-05   4   0 1  0 1  0 0  0 2
   275  -.2274476675864479       4   0 0  1 1  0 0  0 2
   276  -.1103542185434390       4   0 0  0 2  0 0  0 2
   277  -.1158748848253540E-03   4   1 0  0 0  0 3  0 0
   278  -.2027647299666225E-03   4   0 1  0 0  0 3  0 0
   279  -.5906718194659516E-04   4   0 0  1 0  0 3  0 0
   280  -.5006768554450311E-04   4   0 0  0 1  0 3  0 0
   281  -.5899510759122112E-04   4   1 0  0 0  0 2  1 0
   282  -.9939838676957965E-04   4   0 1  0 0  0 2  1 0
   283  -.1882194377448612E-04   4   0 0  1 0  0 2  1 0
   284  -.4736422104118032E-04   4   0 0  0 1  0 2  1 0
   285  -.3690027360500863E-04   4   1 0  0 0  0 1  2 0
   286  -.6172254675422629E-04   4   0 1  0 0  0 1  2 0
   287  -.1034733749557140E-04   4   0 0  1 0  0 1  2 0
   288  -.3186579172431079E-04   4   0 0  0 1  0 1  2 0
   289  -.1969144122920485E-04   4   1 0  0 0  0 0  3 0
   290  -.3318269949913340E-04   4   0 1  0 0  0 0  3 0
   291  -.6298441682331285E-05   4   0 0  1 0  0 0  3 0
   292  -.1577948067119820E-04   4   0 0  0 1  0 0  3 0
   293  0.1003834065300008E-03   4   1 0  0 0  0 2  0 1
   294  0.8248710998706436E-04   4   0 1  0 0  0 2  0 1
   295  0.6644792094865208E-04   4   0 0  1 0  0 2  0 1
   296  0.1011150261284391E-03   4   0 0  0 1  0 2  0 1
   297  0.5186477153964426E-04   4   1 0  0 0  0 1  1 1
   298  0.4325441544614499E-04   4   0 1  0 0  0 1  1 1
   299  0.1645604974781566E-04   4   0 0  1 0  0 1  1 1
   300  0.6728415206864753E-04   4   0 0  0 1  0 1  1 1
   301  0.2594737664720214E-04   4   1 0  0 0  0 0  2 1
   302  0.2163882458434275E-04   4   0 1  0 0  0 0  2 1
   303  0.8256224460013270E-05   4   0 0  1 0  0 0  2 1
   304  0.3364252849958538E-04   4   0 0  0 1  0 0  2 1
   305  -.3635689555609598E-06   4   1 0  0 0  0 1  0 2
   306  0.1537823929919601E-05   4   0 1  0 0  0 1  0 2
   307  -.8501221582898008E-05   4   0 0  1 0  0 1  0 2
   308  -.1910356837584132E-04   4   0 0  0 1  0 1  0 2
   309  -.2606732047739646E-05   4   1 0  0 0  0 0  1 2
   310  -.5628153792027478E-06   4   0 1  0 0  0 0  1 2
   311  0.4913594992529549E-06   4   0 0  1 0  0 0  1 2
   312  -.9604426294625066E-05   4   0 0  0 1  0 0  1 2
   313  -.3533290664279720E-07   4   1 0  0 0  0 0  0 3
   314  0.4710136498031276E-09   4   0 1  0 0  0 0  0 3
   315  -.2661068401278542E-05   4   0 0  1 0  0 0  0 3
   316  -.2411248162022867E-05   4   0 0  0 1  0 0  0 3
   317  -.1565302505207883       4   0 0  0 0  0 4  0 0
   318  0.8947684430514742E-01   4   0 0  0 0  0 3  1 0
   319  0.2686485582013039E-01   4   0 0  0 0  0 2  2 0
   320  0.1798162738925390E-01   4   0 0  0 0  0 1  3 0
   321  0.2220686179729183E-01   4   0 0  0 0  0 0  4 0
   322  0.4670820930991756E-08   4   0 0  0 0  0 3  0 1
   323  0.2632942814108804E-08   4   0 0  0 0  0 2  1 1
   324  0.2123310395558044E-08   4   0 0  0 0  0 1  2 1
   325  0.7345798161761917E-09   4   0 0  0 0  0 0  3 1
   326  -.5646133131747605E-09   4   0 0  0 0  0 2  0 2
   327  -.4118578812554143E-10   4   0 0  0 0  0 1  1 2
   328  -.2600185734554366E-10   4   0 0  0 0  0 0  2 2
   329  -.2218799312372977E-09   4   0 0  0 0  0 1  0 3
   330  -.1043419400827015E-09   4   0 0  0 0  0 0  1 3
   331  -.9966904687898266E-11   4   0 0  0 0  0 0  0 4
   ----------------------------------------------------
     I  COEFFICIENT            ORDER EXPONENTS
     1   1.000000000000000       1   0 0  0 0  0 1  0 0
     --------------------------------------------------
     I  COEFFICIENT            ORDER EXPONENTS
     1   1.000000000000000       1   0 0  0 0  0 0  1 0
     --------------------------------------------------
     I  COEFFICIENT            ORDER EXPONENTS
     1   1.000000000000000       1   0 0  0 0  0 0  0 1
     --------------------------------------------------
