 L    0.1145458000000000E+01
 P (  0.0000000000000000E+00,  0.0000000000000000E+00,  0.9555200000000000E-01)
 A (  0.0000000000000000E+00,  0.0000000000000000E+00,  0.0000000000000000E+00)
     I  COEFFICIENT            ORDER EXPONENTS
     1  0.9506936166657724E-04   0   0 0  0 0  0 0  0 0
     2   1.604842089747576       1   1 0  0 0  0 0  0 0
     3   1.681984923529996       1   0 1  0 0  0 0  0 0
     4  0.1814306950291620E-04   1   0 0  1 0  0 0  0 0
     5  0.1597092564025881E-04   1   0 0  0 1  0 0  0 0
     6  -.9147637695685890E-06   1   0 0  0 0  0 1  0 0
     7  -.9135327235989461E-06   1   0 0  0 0  0 0  1 0
     8  0.1828296495096978E-05   1   0 0  0 0  0 0  0 1
     9  -.1521592013985290       2   2 0  0 0  0 0  0 0
    10  -.2719300137601272       2   1 1  0 0  0 0  0 0
    11  -.1221126780114020       2   0 2  0 0  0 0  0 0
    12  0.6154932301223735E-03   2   1 0  1 0  0 0  0 0
    13  0.1872258110747464E-03   2   0 1  1 0  0 0  0 0
    14  0.1108917259626174       2   0 0  2 0  0 0  0 0
    15  0.6174959065132388E-03   2   1 0  0 1  0 0  0 0
    16  0.2762605114428190E-03   2   0 1  0 1  0 0  0 0
    17  0.1977714870677033       2   0 0  1 1  0 0  0 0
    18  0.8890636923660193E-01   2   0 0  0 2  0 0  0 0
    19  -.3267257838736494       2   1 0  0 0  0 1  0 0
    20  -1.130106444969802       2   0 1  0 0  0 1  0 0
    21  -.9892362551910422E-05   2   0 0  1 0  0 1  0 0
    22  -.1675304344101661E-04   2   0 0  0 1  0 1  0 0
    23  -.3262860917117654       2   1 0  0 0  0 0  1 0
    24  -1.128585600976233       2   0 1  0 0  0 0  1 0
    25  -.9879049876598953E-05   2   0 0  1 0  0 0  1 0
    26  -.1673049798469727E-04   2   0 0  0 1  0 0  1 0
    27  0.6530118756157846       2   1 0  0 0  0 0  0 1
    28  0.5767071224465096       2   0 1  0 0  0 0  0 1
    29  0.1977139133438991E-04   2   0 0  1 0  0 0  0 1
    30  0.1751259547539518E-04   2   0 0  0 1  0 0  0 1
    31  0.4912491803196061E-06   2   0 0  0 0  0 2  0 0
    32  0.6888901579288738E-07   2   0 0  0 0  0 1  1 0
    33  0.4905417264396277E-06   2   0 0  0 0  0 0  2 0
    34  -.1366857592356101E-06   2   0 0  0 0  0 1  0 1
    35  -.1365018139825207E-06   2   0 0  0 0  0 0  1 1
    36  -.7775493103600009E-06   2   0 0  0 0  0 0  0 2
    37   1.709228343082425       3   3 0  0 0  0 0  0 0
    38   8.157444335392533       3   2 1  0 0  0 0  0 0
    39   11.22576976844128       3   1 2  0 0  0 0  0 0
    40   5.583146430010252       3   0 3  0 0  0 0  0 0
    41  -.1182628236674773E-01   3   2 0  1 0  0 0  0 0
    42  -.2083326687735423E-01   3   1 1  1 0  0 0  0 0
    43  -.9191803629019451E-02   3   0 2  1 0  0 0  0 0
    44  -1.586230387570404       3   1 0  2 0  0 0  0 0
    45  0.3284763297152100       3   0 1  2 0  0 0  0 0
    46  0.2882826262107560E-02   3   0 0  3 0  0 0  0 0
    47  -.1070954581499979E-01   3   2 0  0 1  0 0  0 0
    48  -.1900773763173989E-01   3   1 1  0 1  0 0  0 0
    49  -.8442680994672238E-02   3   0 2  0 1  0 0  0 0
    50  -4.468811026088293       3   1 0  1 1  0 0  0 0
    51  -1.433504135147370       3   0 1  1 1  0 0  0 0
    52  0.7677578605175754E-02   3   0 0  2 1  0 0  0 0
    53  -2.074190408642004       3   1 0  0 2  0 0  0 0
    54  -.1133960267959191       3   0 1  0 2  0 0  0 0
    55  0.6882949992333062E-02   3   0 0  1 2  0 0  0 0
    56  0.2085979931936325E-02   3   0 0  0 3  0 0  0 0
    57  0.9406650343986736E-01   3   2 0  0 0  0 1  0 0
    58  0.3036432982234783       3   1 1  0 0  0 1  0 0
    59  0.1971454264202104       3   0 2  0 0  0 1  0 0
    60  -.3602249173188707E-03   3   1 0  1 0  0 1  0 0
    61  -.1916034223651503E-03   3   0 1  1 0  0 1  0 0
    62  -.5186823185758071E-01   3   0 0  2 0  0 1  0 0
    63  -.7328499933458743E-03   3   1 0  0 1  0 1  0 0
    64  -.4826144861265236E-03   3   0 1  0 1  0 1  0 0
    65  -.1907769985519054       3   0 0  1 1  0 1  0 0
    66  -.1300121022280697       3   0 0  0 2  0 1  0 0
    67  0.9393991317273839E-01   3   2 0  0 0  0 0  1 0
    68  0.3032346693829406       3   1 1  0 0  0 0  1 0
    69  0.1968801173964753       3   0 2  0 0  0 0  1 0
    70  -.3597401436019551E-03   3   1 0  1 0  0 0  1 0
    71  -.1913455715092872E-03   3   0 1  1 0  0 0  1 0
    72  -.5179843003561202E-01   3   0 0  2 0  0 0  1 0
    73  -.7318637583628529E-03   3   1 0  0 1  0 0  1 0
    74  -.4819650062959267E-03   3   0 1  0 1  0 0  1 0
    75  -.1905202598582630       3   0 0  1 1  0 0  1 0
    76  -.1298371380681494       3   0 0  0 2  0 0  1 0
    77  -.1880067118141243       3   2 0  0 0  0 0  0 1
    78  -.3349484399119763       3   1 1  0 0  0 0  0 1
    79  -.1498003870643773       3   0 2  0 0  0 0  0 1
    80  0.7191961615951733E-03   3   1 0  1 0  0 0  0 1
    81  0.1949421352854063E-03   3   0 1  1 0  0 0  0 1
    82  0.1036668243655749       3   0 0  2 0  0 0  0 1
    83  0.8464161809534315E-03   3   1 0  0 1  0 0  0 1
    84  0.4112403814151507E-03   3   0 1  0 1  0 0  0 1
    85  0.1835260258823372       3   0 0  1 1  0 0  0 1
    86  0.8203659998294602E-01   3   0 0  0 2  0 0  0 1
    87  0.2574256669807028       3   1 0  0 0  0 2  0 0
    88   1.002123736534755       3   0 1  0 0  0 2  0 0
    89  0.7837453174439626E-05   3   0 0  1 0  0 2  0 0
    90  0.1735318643517059E-04   3   0 0  0 1  0 2  0 0
    91  0.1883115770129778       3   1 0  0 0  0 1  1 0
    92  0.8744836447441076       3   0 1  0 0  0 1  1 0
    93  0.5719011155884451E-05   3   0 0  1 0  0 1  1 0
    94  0.1788059082958232E-04   3   0 0  0 1  0 1  1 0
    95  0.2569525252273688       3   1 0  0 0  0 0  2 0
    96   1.000186706200529       3   0 1  0 0  0 0  2 0
    97  0.7823057711480993E-05   3   0 0  1 0  0 0  2 0
    98  0.1731780190649952E-04   3   0 0  0 1  0 0  2 0
    99  -.3764375504017390       3   1 0  0 0  0 1  0 1
   100  -.6185190558355924       3   0 1  0 0  0 1  0 1
   101  -.1138488496380042E-04   3   0 0  1 0  0 1  0 1
   102  -.1891703612033404E-04   3   0 0  0 1  0 1  0 1
   103  -.3759309584872951       3   1 0  0 0  0 0  1 1
   104  -.6176866820400416       3   0 1  0 0  0 0  1 1
   105  -.1136956372216716E-04   3   0 0  1 0  0 0  1 1
   106  -.1889157846465230E-04   3   0 0  0 1  0 0  1 1
   107  0.4967843316639108E-01   3   1 0  0 0  0 0  0 2
   108  0.4139587935903970E-01   3   0 1  0 0  0 0  0 2
   109  0.1428051035095175E-05   3   0 0  1 0  0 0  0 2
   110  0.1346303553669829E-05   3   0 0  0 1  0 0  0 2
   111  -.2746954715916385E-06   3   0 0  0 0  0 3  0 0
   112  0.1580063229253021E-06   3   0 0  0 0  0 2  1 0
   113  0.1571336046326142E-06   3   0 0  0 0  0 1  2 0
   114  -.2742471392495444E-06   3   0 0  0 0  0 0  3 0
   115  -.3166777180809210E-06   3   0 0  0 0  0 2  0 1
   116  -.7687049367417051E-06   3   0 0  0 0  0 1  1 1
   117  -.3157343047845474E-06   3   0 0  0 0  0 0  2 1
   118  0.8377261399947671E-06   3   0 0  0 0  0 1  0 2
   119  0.8365987676363173E-06   3   0 0  0 0  0 0  1 2
   120  -.3977678194517024E-07   3   0 0  0 0  0 0  0 3
   121  -17.63413525025281       4   4 0  0 0  0 0  0 0
   122  -65.33981509624090       4   3 1  0 0  0 0  0 0
   123  -91.30993702725567       4   2 2  0 0  0 0  0 0
   124  -57.14789750236245       4   1 3  0 0  0 0  0 0
   125  -13.53620870755218       4   0 4  0 0  0 0  0 0
   126  -.8290062149432120E-02   4   3 0  1 0  0 0  0 0
   127  -.2241028217748301E-01   4   2 1  1 0  0 0  0 0
   128  -.2149530668068637E-01   4   1 2  1 0  0 0  0 0
   129  -.7296730524922829E-02   4   0 3  1 0  0 0  0 0
   130   69.77281206397991       4   2 0  2 0  0 0  0 0
   131   123.4183120151512       4   1 1  2 0  0 0  0 0
   132   55.02193883301904       4   0 2  2 0  0 0  0 0
   133  0.6049349034280145E-02   4   1 0  3 0  0 0  0 0
   134  0.5185009595107120E-02   4   0 1  3 0  0 0  0 0
   135  -8.568945663196832       4   0 0  4 0  0 0  0 0
   136  -.7249459046321460E-02   4   3 0  0 1  0 0  0 0
   137  -.1877207413871730E-01   4   2 1  0 1  0 0  0 0
   138  -.1659355450150014E-01   4   1 2  0 1  0 0  0 0
   139  -.5087877074760536E-02   4   0 3  0 1  0 0  0 0
   140   127.5788708855641       4   2 0  1 1  0 0  0 0
   141   227.3512149955649       4   1 1  1 1  0 0  0 0
   142   102.1890576836163       4   0 2  1 1  0 0  0 0
   143  0.1586375323557936E-01   4   1 0  2 1  0 0  0 0
   144  0.1374877371272162E-01   4   0 1  2 1  0 0  0 0
   145  -30.22987226059121       4   0 0  3 1  0 0  0 0
   146   58.60388309608111       4   2 0  0 2  0 0  0 0
   147   105.0808020608234       4   1 1  0 2  0 0  0 0
   148   47.55581586952744       4   0 2  0 2  0 0  0 0
   149  0.1359643957027216E-01   4   1 0  1 2  0 0  0 0
   150  0.1187792996372156E-01   4   0 1  1 2  0 0  0 0
   151  -40.25195581246673       4   0 0  2 2  0 0  0 0
   152  0.4255559731667053E-02   4   1 0  0 3  0 0  0 0
   153  0.3700259626760192E-02   4   0 1  0 3  0 0  0 0
   154  -23.88211841982579       4   0 0  1 3  0 0  0 0
   155  -5.305900315190755       4   0 0  0 4  0 0  0 0
   156  -2.777502704992341       4   3 0  0 0  0 1  0 0
   157  -14.70725561587895       4   2 1  0 0  0 1  0 0
   158  -23.98470420078700       4   1 2  0 0  0 1  0 0
   159  -13.41645307091111       4   0 3  0 0  0 1  0 0
   160  0.1320097417760562E-02   4   2 0  1 0  0 1  0 0
   161  0.1145094766191975E-01   4   1 1  1 0  0 1  0 0
   162  0.8984118708425085E-02   4   0 2  1 0  0 1  0 0
   163  0.8999218532021953       4   1 0  2 0  0 1  0 0
   164  -.4899445852519598       4   0 1  2 0  0 1  0 0
   165  -.4119680889598379E-03   4   0 0  3 0  0 1  0 0
   166  0.5783176455696766E-02   4   2 0  0 1  0 1  0 0
   167  0.1845503481683260E-01   4   1 1  0 1  0 1  0 0
   168  0.1174277325117177E-01   4   0 2  0 1  0 1  0 0
   169   5.537814868922068       4   1 0  1 1  0 1  0 0
   170   2.678662602847916       4   0 1  1 1  0 1  0 0
   171  -.4546016615503254E-02   4   0 0  2 1  0 1  0 0
   172   3.935382195922346       4   1 0  0 2  0 1  0 0
   173   1.064899557297128       4   0 1  0 2  0 1  0 0
   174  -.7142574574507793E-02   4   0 0  1 2  0 1  0 0
   175  -.3094643298073033E-02   4   0 0  0 3  0 1  0 0
   176  -2.773764872751256       4   3 0  0 0  0 0  1 0
   177  -14.68746328440040       4   2 1  0 0  0 0  1 0
   178  -23.95242671623392       4   1 2  0 0  0 0  1 0
   179  -13.39839784066397       4   0 3  0 0  0 0  1 0
   180  0.1318320892869762E-02   4   2 0  1 0  0 0  1 0
   181  0.1143553751622078E-01   4   1 1  1 0  0 0  1 0
   182  0.8972028304874122E-02   4   0 2  1 0  0 0  1 0
   183  0.8987107807840067       4   1 0  2 0  0 0  1 0
   184  -.4892852409194213       4   0 1  2 0  0 0  1 0
   185  -.4114136817210994E-03   4   0 0  3 0  0 0  1 0
   186  0.5775393729374342E-02   4   2 0  0 1  0 0  1 0
   187  0.1843019890073174E-01   4   1 1  0 1  0 0  1 0
   188  0.1172697038034805E-01   4   0 2  0 1  0 0  1 0
   189   5.530362338659648       4   1 0  1 1  0 0  1 0
   190   2.675057784957990       4   0 1  1 1  0 0  1 0
   191  -.4539898800588450E-02   4   0 0  2 1  0 0  1 0
   192   3.930086144031209       4   1 0  0 2  0 0  1 0
   193   1.063466465659893       4   0 1  0 2  0 0  1 0
   194  -.7132962434263299E-02   4   0 0  1 2  0 0  1 0
   195  -.3090478672967972E-02   4   0 0  0 3  0 0  1 0
   196   5.548933412651679       4   3 0  0 0  0 0  0 1
   197   21.23000055541425       4   2 1  0 0  0 0  0 1
   198   25.47801419616244       4   1 2  0 0  0 0  0 1
   199   10.06277276475831       4   0 3  0 0  0 0  0 1
   200  0.1112612225851527E-02   4   2 0  1 0  0 0  0 1
   201  0.2437285377006786E-02   4   1 1  1 0  0 0  0 1
   202  0.1337848967735128E-02   4   0 2  1 0  0 0  0 1
   203  -1.794894231071722       4   1 0  2 0  0 0  0 1
   204  0.6545253313896284       4   0 1  2 0  0 0  0 1
   205  -.7830786340311892E-04   4   0 0  3 0  0 0  0 1
   206  0.1250849548907826E-02   4   2 0  0 1  0 0  0 1
   207  0.2640714932874160E-02   4   1 1  0 1  0 0  0 1
   208  0.1413988563957916E-02   4   0 2  0 1  0 0  0 1
   209  -6.591620802871228       4   1 0  1 1  0 0  0 1
   210  -2.478854488408897       4   0 1  1 1  0 0  0 1
   211  -.2666816917713932E-03   4   0 0  2 1  0 0  0 1
   212  -3.713054757042132       4   1 0  0 2  0 0  0 1
   213  -1.784067139159917       4   0 1  0 2  0 0  0 1
   214  -.2697415881059158E-03   4   0 0  1 2  0 0  0 1
   215  -.7355838974568798E-04   4   0 0  0 3  0 0  0 1
   216  -.8194204378432443E-01   4   2 0  0 0  0 2  0 0
   217  -.3324461134556614       4   1 1  0 0  0 2  0 0
   218  -.2633402746581013       4   0 2  0 0  0 2  0 0
   219  -.1286095861147078E-03   4   1 0  1 0  0 2  0 0
   220  0.1498764006648695E-05   4   0 1  1 0  0 2  0 0
   221  0.3694165635271389E-01   4   0 0  2 0  0 2  0 0
   222  0.4818700417558957E-03   4   1 0  0 1  0 2  0 0
   223  0.5718026044031507E-03   4   0 1  0 1  0 2  0 0
   224  0.1853756264624570       4   0 0  1 1  0 2  0 0
   225  0.1590314547181933       4   0 0  0 2  0 2  0 0
   226  -.6866035523089253E-01   4   2 0  0 0  0 1  1 0
   227  -.3584851841744963       4   1 1  0 0  0 1  1 0
   228  -.3276396057982424       4   0 2  0 0  0 1  1 0
   229  -.2256281569056227E-03   4   1 0  1 0  0 1  1 0
   230  -.3276496362024382E-04   4   0 1  1 0  0 1  1 0
   231  0.2258822197830814E-01   4   0 0  2 0  0 1  1 0
   232  0.5440760108460084E-03   4   1 0  0 1  0 1  1 0
   233  0.7422577203772774E-03   4   0 1  0 1  0 1  1 0
   234  0.1807606998141630       4   0 0  1 1  0 1  1 0
   235  0.1883384327302861       4   0 0  0 2  0 1  1 0
   236  -.8178557010848450E-01   4   2 0  0 0  0 0  2 0
   237  -.3317575069107950       4   1 1  0 0  0 0  2 0
   238  -.2627654227570816       4   0 2  0 0  0 0  2 0
   239  -.1282846895248386E-03   4   1 0  1 0  0 0  2 0
   240  0.1518793812666473E-05   4   0 1  1 0  0 0  2 0
   241  0.3687674293029834E-01   4   0 0  2 0  0 0  2 0
   242  0.4808554678364672E-03   4   1 0  0 1  0 0  2 0
   243  0.5705336516769195E-03   4   0 1  0 1  0 0  2 0
   244  0.1850045270653882       4   0 0  1 1  0 0  2 0
   245  0.1586907091879838       4   0 0  0 2  0 0  2 0
   246  0.1357755364269796       4   2 0  0 0  0 1  0 1
   247  0.4090407309784203       4   1 1  0 0  0 1  0 1
   248  0.2576097559815418       4   0 2  0 0  0 1  0 1
   249  0.3998141356358968E-03   4   1 0  1 0  0 1  0 1
   250  0.3404138405037748E-03   4   0 1  1 0  0 1  0 1
   251  -.4560199531329887E-01   4   0 0  2 0  0 1  0 1
   252  -.2185764926535504E-03   4   1 0  0 1  0 1  0 1
   253  -.1494511100062005E-03   4   0 1  0 1  0 1  0 1
   254  -.1713012324990683       4   0 0  1 1  0 1  0 1
   255  -.1171661835107953       4   0 0  0 2  0 1  0 1
   256  0.1355928161089335       4   2 0  0 0  0 0  1 1
   257  0.4084902632400862       4   1 1  0 0  0 0  1 1
   258  0.2572630769126657       4   0 2  0 0  0 0  1 1
   259  0.3992760846147453E-03   4   1 0  1 0  0 0  1 1
   260  0.3399557276003734E-03   4   0 1  1 0  0 0  1 1
   261  -.4554062629715393E-01   4   0 0  2 0  0 0  1 1
   262  -.2182823427108907E-03   4   1 0  0 1  0 0  1 1
   263  -.1492499857457412E-03   4   0 1  0 1  0 0  1 1
   264  -.1710707033735186       4   0 0  1 1  0 0  1 1
   265  -.1170085067828774       4   0 0  0 2  0 0  1 1
   266  -.4012815608782032E-01   4   2 0  0 0  0 0  0 2
   267  -.7038655960447010E-01   4   1 1  0 0  0 0  0 2
   268  -.3085391597815831E-01   4   0 2  0 0  0 0  0 2
   269  -.4009191253048093E-03   4   1 0  1 0  0 0  0 2
   270  -.3930066095419704E-03   4   0 1  1 0  0 0  0 2
   271  -.5732048007076262E-02   4   0 0  2 0  0 0  0 2
   272  -.3110407501265669E-03   4   1 0  0 1  0 0  0 2
   273  -.3126992349646596E-03   4   0 1  0 1  0 0  0 2
   274  -.1161453586939684E-01   4   0 0  1 1  0 0  0 2
   275  -.5711235605511483E-02   4   0 0  0 2  0 0  0 2
   276  -.2229969784661814       4   1 0  0 0  0 3  0 0
   277  -.9435214592638810       4   0 1  0 0  0 3  0 0
   278  -.1051257609780103E-04   4   0 0  1 0  0 3  0 0
   279  -.2212827438033162E-04   4   0 0  0 1  0 3  0 0
   280  -.1541742597831389       4   1 0  0 0  0 2  1 0
   281  -.8263697000704036       4   0 1  0 0  0 2  1 0
   282  -.6977993623609872E-05   4   0 0  1 0  0 2  1 0
   283  -.2177930957167532E-04   4   0 0  0 1  0 2  1 0
   284  -.1543125815518113       4   1 0  0 0  0 1  2 0
   285  -.8266036228970047       4   0 1  0 0  0 1  2 0
   286  -.6985100077168164E-05   4   0 0  1 0  0 1  2 0
   287  -.2177995388912212E-04   4   0 0  0 1  0 1  2 0
   288  -.2224432298840146       4   1 0  0 0  0 0  3 0
   289  -.9410615439440930       4   0 1  0 0  0 0  3 0
   290  -.1048666610767594E-04   4   0 0  1 0  0 0  3 0
   291  -.2206897056162883E-04   4   0 0  0 1  0 0  3 0
   292  0.3082967279810430       4   1 0  0 0  0 2  0 1
   293  0.6505432485243718       4   0 1  0 0  0 2  0 1
   294  0.1275591610202111E-04   4   0 0  1 0  0 2  0 1
   295  0.2384631701226408E-04   4   0 0  0 1  0 2  0 1
   296  0.2403322885056053       4   1 0  0 0  0 1  1 1
   297  0.6824738356935268       4   0 1  0 0  0 1  1 1
   298  0.9285819440581742E-05   4   0 0  1 0  0 1  1 1
   299  0.2366678900305689E-04   4   0 0  0 1  0 1  1 1
   300  0.3077201228403469       4   1 0  0 0  0 0  2 1
   301  0.6492085575174507       4   0 1  0 0  0 0  2 1
   302  0.1273250158220772E-04   4   0 0  1 0  0 0  2 1
   303  0.2379830093803541E-04   4   0 0  0 1  0 0  2 1
   304  -.5201529062684120E-01   4   1 0  0 0  0 1  0 2
   305  -.6399108851692348E-01   4   0 1  0 0  0 1  0 2
   306  -.5387485939589960E-06   4   0 0  1 0  0 1  0 2
   307  -.1058966731901721E-05   4   0 0  0 1  0 1  0 2
   308  -.5194529090011038E-01   4   1 0  0 0  0 0  1 2
   309  -.6390497232579187E-01   4   0 1  0 0  0 0  1 2
   310  -.5380235714915528E-06   4   0 0  1 0  0 0  1 2
   311  -.1057541624381264E-05   4   0 0  0 1  0 0  1 2
   312  0.1533842663365747E-02   4   1 0  0 0  0 0  0 3
   313  0.1235508552672230E-02   4   0 1  0 0  0 0  0 3
   314  0.9833263659055013E-07   4   0 0  1 0  0 0  0 3
   315  0.7942027270578263E-07   4   0 0  0 1  0 0  0 3
   316  -.3350091574123368E-04   4   0 0  0 0  0 4  0 0
   317  -.2293788240596714E-04   4   0 0  0 0  0 3  1 0
   318  -.2154388197889647E-04   4   0 0  0 0  0 2  2 0
   319  -.2296804673637823E-04   4   0 0  0 0  0 1  3 0
   320  -.3339537438239713E-04   4   0 0  0 0  0 0  4 0
   321  0.8822726139247309E-05   4   0 0  0 0  0 3  0 1
   322  0.9277161952054013E-05   4   0 0  0 0  0 2  1 1
   323  0.9276220646996366E-05   4   0 0  0 0  0 1  2 1
   324  0.8798682353479617E-05   4   0 0  0 0  0 0  3 1
   325  -.6578252379166487E-06   4   0 0  0 0  0 2  0 2
   326  -.8189631116375590E-06   4   0 0  0 0  0 1  1 2
   327  -.6563889067340247E-06   4   0 0  0 0  0 0  2 2
   328  0.1686082491404864E-07   4   0 0  0 0  0 1  0 3
   329  0.1683813441050247E-07   4   0 0  0 0  0 0  1 3
   330  -.5648664437471292E-14   4   0 0  0 0  0 0  0 4
   ----------------------------------------------------
     I  COEFFICIENT            ORDER EXPONENTS
     1  0.4283620569753599E-04   0   0 0  0 0  0 0  0 0
     2   2.856213263514050       1   1 0  0 0  0 0  0 0
     3   3.616622273671502       1   0 1  0 0  0 0  0 0
     4  0.8168645686566028E-04   1   0 0  1 0  0 0  0 0
     5  0.7518192506650441E-04   1   0 0  0 1  0 0  0 0
     6  0.1826231529530231E-05   1   0 0  0 0  0 1  0 0
     7  0.1823773873204829E-05   1   0 0  0 0  0 0  1 0
     8  0.3918620030316200E-04   1   0 0  0 0  0 0  0 1
     9  -.7608884676311599       2   2 0  0 0  0 0  0 0
    10  -1.393091115894904       2   1 1  0 0  0 0  0 0
    11  -.6409508502803578       2   0 2  0 0  0 0  0 0
    12  0.3308060018857097E-02   2   1 0  1 0  0 0  0 0
    13  0.2412513297886979E-02   2   0 1  1 0  0 0  0 0
    14  0.4927407650151050       2   0 0  2 0  0 0  0 0
    15  0.3013264257271273E-02   2   1 0  0 1  0 0  0 0
    16  0.2257540862942539E-02   2   0 1  0 1  0 0  0 0
    17  0.9025192636896813       2   0 0  1 1  0 0  0 0
    18  0.4174548907486814       2   0 0  0 2  0 0  0 0
    19  -.1695832138164988       2   1 0  0 0  0 1  0 0
    20  -1.452739614484115       2   0 1  0 0  0 1  0 0
    21  -.4602695749861912E-05   2   0 0  1 0  0 1  0 0
    22  -.4210250541762899E-04   2   0 0  0 1  0 1  0 0
    23  -.1693549967195249       2   1 0  0 0  0 0  1 0
    24  -1.450784585976189       2   0 1  0 0  0 0  1 0
    25  -.4596501658839250E-05   2   0 0  1 0  0 0  1 0
    26  -.4204584585006024E-04   2   0 0  0 1  0 0  1 0
    27   3.195151474213139       2   1 0  0 0  0 0  0 1
    28   2.903524200624088       2   0 1  0 0  0 0  0 1
    29  0.9088550798548597E-04   2   0 0  1 0  0 0  0 1
    30  0.8414820691387599E-04   2   0 0  0 1  0 0  0 1
    31  -.1447165579392220E-05   2   0 0  0 0  0 2  0 0
    32  -.1069112634087019E-05   2   0 0  0 0  0 1  1 0
    33  -.1444498671458187E-05   2   0 0  0 0  0 0  2 0
    34  0.3963443146887305E-05   2   0 0  0 0  0 1  0 1
    35  0.3958109331891281E-05   2   0 0  0 0  0 0  1 1
    36  -.3960775965549340E-05   2   0 0  0 0  0 0  0 2
    37  -12.45440332926093       3   3 0  0 0  0 0  0 0
    38  -36.20292582616612       3   2 1  0 0  0 0  0 0
    39  -36.35323364720870       3   1 2  0 0  0 0  0 0
    40  -11.19805792269734       3   0 3  0 0  0 0  0 0
    41  -.5860264670433041E-01   3   2 0  1 0  0 0  0 0
    42  -.1063492601776522       3   1 1  1 0  0 0  0 0
    43  -.4849171375047932E-01   3   0 2  1 0  0 0  0 0
    44  -16.08723050962911       3   1 0  2 0  0 0  0 0
    45  -12.70451933866016       3   0 1  2 0  0 0  0 0
    46  0.1255399729377115E-01   3   0 0  3 0  0 0  0 0
    47  -.5541135252381230E-01   3   2 0  0 1  0 0  0 0
    48  -.1014757772731575       3   1 1  0 1  0 0  0 0
    49  -.4664705076428051E-01   3   0 2  0 1  0 0  0 0
    50  -34.25975868936556       3   1 0  1 1  0 0  0 0
    51  -28.39327673149213       3   0 1  1 1  0 0  0 0
    52  0.3421375420659284E-01   3   0 0  2 1  0 0  0 0
    53  -16.09132580575595       3   1 0  0 2  0 0  0 0
    54  -12.39519348736671       3   0 1  0 2  0 0  0 0
    55  0.3139692392768739E-01   3   0 0  1 2  0 0  0 0
    56  0.9742661188159283E-02   3   0 0  0 3  0 0  0 0
    57  0.1249823293992338       3   2 0  0 0  0 1  0 0
    58  0.9196740573787011       3   1 1  0 0  0 1  0 0
    59  0.7405020655545741       3   0 2  0 0  0 1  0 0
    60  -.1330854216490225E-02   3   1 0  1 0  0 1  0 0
    61  -.2224373329742565E-02   3   0 1  1 0  0 1  0 0
    62  0.1780638911230937E-01   3   0 0  2 0  0 1  0 0
    63  -.2923530132418734E-02   3   1 0  0 1  0 1  0 0
    64  -.3403083316792697E-02   3   0 1  0 1  0 1  0 0
    65  -.4139171653367609       3   0 0  1 1  0 1  0 0
    66  -.3986436443129462       3   0 0  0 2  0 1  0 0
    67  0.1248141340705401       3   2 0  0 0  0 0  1 0
    68  0.9184364033750133       3   1 1  0 0  0 0  1 0
    69  0.7395055327734010       3   0 2  0 0  0 0  1 0
    70  -.1329063215606657E-02   3   1 0  1 0  0 0  1 0
    71  -.2221379872946479E-02   3   0 1  1 0  0 0  1 0
    72  0.1778242611302751E-01   3   0 0  2 0  0 0  1 0
    73  -.2919595783347725E-02   3   1 0  0 1  0 0  1 0
    74  -.3398503607646716E-02   3   0 1  0 1  0 0  1 0
    75  -.4133601351228914       3   0 0  1 1  0 0  1 0
    76  -.3981071684838542       3   0 0  0 2  0 0  1 0
    77  -1.010687503949002       3   2 0  0 0  0 0  0 1
    78  -1.838114788457558       3   1 1  0 0  0 0  0 1
    79  -.8390585646810116       3   0 2  0 0  0 0  0 1
    80  0.5964083635157959E-02   3   1 0  1 0  0 0  0 1
    81  0.4441822742261605E-02   3   0 1  1 0  0 0  0 1
    82  0.4571535040692352       3   0 0  2 0  0 0  0 1
    83  0.5838903512615940E-02   3   1 0  0 1  0 0  0 1
    84  0.4539733026026723E-02   3   0 1  0 1  0 0  0 1
    85  0.8272799180154989       3   0 0  1 1  0 0  0 1
    86  0.3792970157023304       3   0 0  0 2  0 0  0 1
    87  0.1305931772314696       3   1 0  0 0  0 2  0 0
    88   1.163929566604731       3   0 1  0 0  0 2  0 0
    89  0.3165025331188807E-05   3   0 0  1 0  0 2  0 0
    90  0.3352634700035321E-04   3   0 0  0 1  0 2  0 0
    91  0.9170740170202753E-01   3   1 0  0 0  0 1  1 0
    92  0.8758939276313285       3   0 1  0 0  0 1  1 0
    93  0.1721482090141553E-05   3   0 0  1 0  0 1  1 0
    94  0.2497499487685830E-04   3   0 0  0 1  0 1  1 0
    95  0.1303557233386015       3   1 0  0 0  0 0  2 0
    96   1.161773836663920       3   0 1  0 0  0 0  2 0
    97  0.3159607644529808E-05   3   0 0  1 0  0 0  2 0
    98  0.3346442373706416E-04   3   0 0  0 1  0 0  2 0
    99  -.3528930323474943       3   1 0  0 0  0 1  0 1
   100  -1.751012839791648       3   0 1  0 0  0 1  0 1
   101  -.8145166064419991E-05   3   0 0  1 0  0 1  0 1
   102  -.5000951901540079E-04   3   0 0  0 1  0 1  0 1
   103  -.3524181255358347       3   1 0  0 0  0 0  1 1
   104  -1.748656409234233       3   0 1  0 0  0 0  1 1
   105  -.8134204683798865E-05   3   0 0  1 0  0 0  1 1
   106  -.4994221856157674E-04   3   0 0  0 1  0 0  1 1
   107  0.3526551609681588       3   1 0  0 0  0 0  0 2
   108  0.2980721778746350       3   0 1  0 0  0 0  0 2
   109  0.8176516597841988E-05   3   0 0  1 0  0 0  0 2
   110  0.7961675068666241E-05   3   0 0  0 1  0 0  0 2
   111  0.1257830127455958E-05   3   0 0  0 0  0 3  0 0
   112  0.8810077061316191E-06   3   0 0  0 0  0 2  1 0
   113  0.8817649539231160E-06   3   0 0  0 0  0 1  2 0
   114  0.1254699024680398E-05   3   0 0  0 0  0 0  3 0
   115  -.3210725562046997E-05   3   0 0  0 0  0 2  0 1
   116  -.2460695604112471E-05   3   0 0  0 0  0 1  1 1
   117  -.3204748974813057E-05   3   0 0  0 0  0 0  2 1
   118  0.2460972486086171E-05   3   0 0  0 0  0 1  0 2
   119  0.2457660625296359E-05   3   0 0  0 0  0 0  1 2
   120  -.3194552374647068E-06   3   0 0  0 0  0 0  0 3
   121  -80.08931947885173       4   4 0  0 0  0 0  0 0
   122  -296.8990182110962       4   3 1  0 0  0 0  0 0
   123  -414.4235558506756       4   2 2  0 0  0 0  0 0
   124  -258.7842011469743       4   1 3  0 0  0 0  0 0
   125  -61.13082214438435       4   0 4  0 0  0 0  0 0
   126  -.3989043487808892E-01   4   3 0  1 0  0 0  0 0
   127  -.1055396698090612       4   2 1  1 0  0 0  0 0
   128  -.9352912737463150E-01   4   1 2  1 0  0 0  0 0
   129  -.2648097517010016E-01   4   0 3  1 0  0 0  0 0
   130   325.8701126597038       4   2 0  2 0  0 0  0 0
   131   586.6876164906166       4   1 1  2 0  0 0  0 0
   132   265.4502494225504       4   0 2  2 0  0 0  0 0
   133  0.3106111303624609E-01   4   1 0  3 0  0 0  0 0
   134  0.2994058803121964E-01   4   0 1  3 0  0 0  0 0
   135  -37.50838279070548       4   0 0  4 0  0 0  0 0
   136  -.3754711573001178E-01   4   3 0  0 1  0 0  0 0
   137  -.1006517577466391       4   2 1  0 1  0 0  0 0
   138  -.8899114589293095E-01   4   1 2  0 1  0 0  0 0
   139  -.2497360417200200E-01   4   0 3  0 1  0 0  0 0
   140   611.3309800363800       4   2 0  1 1  0 0  0 0
   141   1108.942779246887       4   1 1  1 1  0 0  0 0
   142   505.9306403806263       4   0 2  1 1  0 0  0 0
   143  0.8993874741926985E-01   4   1 0  2 1  0 0  0 0
   144  0.8689785536059134E-01   4   0 1  2 1  0 0  0 0
   145  -135.3318488700070       4   0 0  3 1  0 0  0 0
   146   288.7824267134894       4   2 0  0 2  0 0  0 0
   147   527.0606010051829       4   1 1  0 2  0 0  0 0
   148   242.0950777044216       4   0 2  0 2  0 0  0 0
   149  0.8684551515424002E-01   4   1 0  1 2  0 0  0 0
   150  0.8506636681255987E-01   4   0 1  1 2  0 0  0 0
   151  -184.8272763417499       4   0 0  2 2  0 0  0 0
   152  0.2940245717742854E-01   4   1 0  0 3  0 0  0 0
   153  0.2914097127692309E-01   4   0 1  0 3  0 0  0 0
   154  -112.8372841497471       4   0 0  1 3  0 0  0 0
   155  -25.88674137245416       4   0 0  0 4  0 0  0 0
   156   9.675661801180331       4   3 0  0 0  0 1  0 0
   157   45.75026210408600       4   2 1  0 0  0 1  0 0
   158   62.70458076257950       4   1 2  0 0  0 1  0 0
   159   25.09906328696743       4   0 3  0 0  0 1  0 0
   160  -.5345381278141824E-02   4   2 0  1 0  0 1  0 0
   161  0.3663728903112393E-01   4   1 1  1 0  0 1  0 0
   162  0.3759875220546431E-01   4   0 2  1 0  0 1  0 0
   163   5.504671527843096       4   1 0  2 0  0 1  0 0
   164   10.14363167208387       4   0 1  2 0  0 1  0 0
   165  0.1108790122695354E-02   4   0 0  3 0  0 1  0 0
   166  0.1803200627005553E-01   4   2 0  0 1  0 1  0 0
   167  0.7664345283213343E-01   4   1 1  0 1  0 1  0 0
   168  0.5506161958762005E-01   4   0 2  0 1  0 1  0 0
   169   30.20976713718225       4   1 0  1 1  0 1  0 0
   170   38.40956681870145       4   0 1  1 1  0 1  0 0
   171  -.1167010825760009E-01   4   0 0  2 1  0 1  0 0
   172   23.18294108450047       4   1 0  0 2  0 1  0 0
   173   24.27199612445789       4   0 1  0 2  0 1  0 0
   174  -.2392219336697176E-01   4   0 0  1 2  0 1  0 0
   175  -.1146360454801570E-01   4   0 0  0 3  0 1  0 0
   176   9.662640751526165       4   3 0  0 0  0 0  1 0
   177   45.68869355748080       4   2 1  0 0  0 0  1 0
   178   62.62019589295306       4   1 2  0 0  0 0  1 0
   179   25.06528615047344       4   0 3  0 0  0 0  1 0
   180  -.5338187715936821E-02   4   2 0  1 0  0 0  1 0
   181  0.3658798429420144E-01   4   1 1  1 0  0 0  1 0
   182  0.3754815357671398E-01   4   0 2  1 0  0 0  1 0
   183   5.497263600327115       4   1 0  2 0  0 0  1 0
   184   10.12998085063238       4   0 1  2 0  0 0  1 0
   185  0.1107297965203697E-02   4   0 0  3 0  0 0  1 0
   186  0.1800773964583630E-01   4   2 0  0 1  0 0  1 0
   187  0.7654030968539272E-01   4   1 1  0 1  0 0  1 0
   188  0.5498752025494323E-01   4   0 2  0 1  0 0  1 0
   189   30.16911225630604       4   1 0  1 1  0 0  1 0
   190   38.35787703385698       4   0 1  1 1  0 0  1 0
   191  -.1165440317590015E-01   4   0 0  2 1  0 0  1 0
   192   23.15174257496310       4   1 0  0 2  0 0  1 0
   193   24.23933201597314       4   0 1  0 2  0 0  1 0
   194  -.2389000000655240E-01   4   0 0  1 2  0 0  1 0
   195  -.1144817736927594E-01   4   0 0  0 3  0 0  1 0
   196  -31.80167693402747       4   3 0  0 0  0 0  0 1
   197  -91.46745083095126       4   2 1  0 0  0 0  0 1
   198  -89.00187606962267       4   1 2  0 0  0 0  0 1
   199  -27.77904520167507       4   0 3  0 0  0 0  0 1
   200  0.3059837272358921E-03   4   2 0  1 0  0 0  0 1
   201  0.7010141107044287E-03   4   1 1  1 0  0 0  0 1
   202  0.3975855591113050E-03   4   0 2  1 0  0 0  0 1
   203  -27.07091197948961       4   1 0  2 0  0 0  0 1
   204  -20.25556217130885       4   0 1  2 0  0 0  0 1
   205  -.7650236167348566E-03   4   0 0  3 0  0 0  0 1
   206  0.5105866719606645E-03   4   2 0  0 1  0 0  0 1
   207  0.8856152305558596E-03   4   1 1  0 1  0 0  0 1
   208  0.4413706473194381E-03   4   0 2  0 1  0 0  0 1
   209  -60.33991620094459       4   1 0  1 1  0 0  0 1
   210  -48.33498426295660       4   0 1  1 1  0 0  0 1
   211  -.2325063294365006E-02   4   0 0  2 1  0 0  0 1
   212  -30.22229375696110       4   1 0  0 2  0 0  0 1
   213  -23.69948543366554       4   0 1  0 2  0 0  0 1
   214  -.2316870070402180E-02   4   0 0  1 2  0 0  0 1
   215  -.7126561002153512E-03   4   0 0  0 3  0 0  0 1
   216  -.9941907897274829E-01   4   2 0  0 0  0 2  0 0
   217  -.8089683474184974       4   1 1  0 0  0 2  0 0
   218  -.8175532537889304       4   0 2  0 0  0 2  0 0
   219  -.6546441998949023E-03   4   1 0  1 0  0 2  0 0
   220  0.7115800433202366E-03   4   0 1  1 0  0 2  0 0
   221  -.1079278355713673E-01   4   0 0  2 0  0 2  0 0
   222  0.1133278621489821E-02   4   1 0  0 1  0 2  0 0
   223  0.2654676165386884E-02   4   0 1  0 1  0 2  0 0
   224  0.2966218396587297       4   0 0  1 1  0 2  0 0
   225  0.3866564405139610       4   0 0  0 2  0 2  0 0
   226  -.7591061041543472E-01   4   2 0  0 0  0 1  1 0
   227  -.7035498370705651       4   1 1  0 0  0 1  1 0
   228  -.8971515179815392       4   0 2  0 0  0 1  1 0
   229  -.7857497352363314E-03   4   1 0  1 0  0 1  1 0
   230  0.7955471203777556E-03   4   0 1  1 0  0 1  1 0
   231  -.3386393234556806E-02   4   0 0  2 0  0 1  1 0
   232  0.1243418341388892E-02   4   1 0  0 1  0 1  1 0
   233  0.3572878553774669E-02   4   0 1  0 1  0 1  1 0
   234  0.1798810786943480       4   0 0  1 1  0 1  1 0
   235  0.3747167098474047       4   0 0  0 2  0 1  1 0
   236  -.9923420700074917E-01   4   2 0  0 0  0 0  2 0
   237  -.8074062738351131       4   1 1  0 0  0 0  2 0
   238  -.8158493570341252       4   0 2  0 0  0 0  2 0
   239  -.6532344981017060E-03   4   1 0  1 0  0 0  2 0
   240  0.7100871275226579E-03   4   0 1  1 0  0 0  2 0
   241  -.1077598051346170E-01   4   0 0  2 0  0 0  2 0
   242  0.1130916841628808E-02   4   1 0  0 1  0 0  2 0
   243  0.2648699521527189E-02   4   0 1  0 1  0 0  2 0
   244  0.2961016222271183       4   0 0  1 1  0 0  2 0
   245  0.3858839584546419       4   0 0  0 2  0 0  2 0
   246  0.2775524430168460       4   2 0  0 0  0 1  0 1
   247   1.410360300231891       4   1 1  0 0  0 1  0 1
   248   1.056485826191257       4   0 2  0 0  0 1  0 1
   249  0.1052725754841855E-02   4   1 0  1 0  0 1  0 1
   250  -.1158555412309451E-02   4   0 1  1 0  0 1  0 1
   251  0.2471361451666582E-01   4   0 0  2 0  0 1  0 1
   252  -.1624102330017249E-02   4   1 0  0 1  0 1  0 1
   253  -.3210914801027212E-02   4   0 1  0 1  0 1  0 1
   254  -.3585430914165824       4   0 0  1 1  0 1  0 1
   255  -.3503334978241340       4   0 0  0 2  0 1  0 1
   256  0.2771789260196212       4   2 0  0 0  0 0  1 1
   257   1.408462303807800       4   1 1  0 0  0 0  1 1
   258   1.055064057356810       4   0 2  0 0  0 0  1 1
   259  0.1051309046134234E-02   4   1 0  1 0  0 0  1 1
   260  -.1156996283036391E-02   4   0 1  1 0  0 0  1 1
   261  0.2468035609896115E-01   4   0 0  2 0  0 0  1 1
   262  -.1621916689642804E-02   4   1 0  0 1  0 0  1 1
   263  -.3206593703213163E-02   4   0 1  0 1  0 0  1 1
   264  -.3580605810217051       4   0 0  1 1  0 0  1 1
   265  -.3498620355134081       4   0 0  0 2  0 0  1 1
   266  -.2801686375743888       4   2 0  0 0  0 0  0 2
   267  -.4971636904632947       4   1 1  0 0  0 0  0 2
   268  -.2204533948494032       4   0 2  0 0  0 0  0 2
   269  -.1159921047290651E-04   4   1 0  1 0  0 0  0 2
   270  -.5261990557947507E-04   4   0 1  1 0  0 0  0 2
   271  -.2443823609109727E-01   4   0 0  2 0  0 0  0 2
   272  -.1060608994596295E-04   4   1 0  0 1  0 0  0 2
   273  -.4320621939409133E-04   4   0 1  0 1  0 0  0 2
   274  -.5553905493842445E-01   4   0 0  1 1  0 0  0 2
   275  -.2946392055167463E-01   4   0 0  0 2  0 0  0 2
   276  -.1111738635778219       4   1 0  0 0  0 3  0 0
   277  -1.021079629553770       4   0 1  0 0  0 3  0 0
   278  -.4406912329965698E-05   4   0 0  1 0  0 3  0 0
   279  -.3492762651272298E-04   4   0 0  0 1  0 3  0 0
   280  -.7230224096379891E-01   4   1 0  0 0  0 2  1 0
   281  -.7355042272073177       4   0 1  0 0  0 2  1 0
   282  -.2226071614235088E-05   4   0 0  1 0  0 2  1 0
   283  -.2423569221158978E-04   4   0 0  0 1  0 2  1 0
   284  -.7238040634816879E-01   4   1 0  0 0  0 1  2 0
   285  -.7360779242433764       4   0 1  0 0  0 1  2 0
   286  -.2230461951505835E-05   4   0 0  1 0  0 1  2 0
   287  -.2425718037996497E-04   4   0 0  0 1  0 1  2 0
   288  -.1109008598913741       4   1 0  0 0  0 0  3 0
   289  -1.018524212087441       4   0 1  0 0  0 0  3 0
   290  -.4396520557581970E-05   4   0 0  1 0  0 0  3 0
   291  -.3484083494460811E-04   4   0 0  0 1  0 0  3 0
   292  0.2751661709164330       4   1 0  0 0  0 2  0 1
   293   1.470803577062149       4   0 1  0 0  0 2  0 1
   294  0.5927955836650078E-05   4   0 0  1 0  0 2  0 1
   295  0.4467087926395526E-04   4   0 0  0 1  0 2  0 1
   296  0.1976042457225858       4   1 0  0 0  0 1  1 1
   297   1.191301946563818       4   0 1  0 0  0 1  1 1
   298  0.3543998630213428E-05   4   0 0  1 0  0 1  1 1
   299  0.3456574123386229E-04   4   0 0  0 1  0 1  1 1
   300  0.2746629020111850       4   1 0  0 0  0 0  2 1
   301   1.468022639916929       4   0 1  0 0  0 0  2 1
   302  0.5917593599893225E-05   4   0 0  1 0  0 0  2 1
   303  0.4458750482714479E-04   4   0 0  0 1  0 0  2 1
   304  -.1974705781497413       4   1 0  0 0  0 1  0 2
   305  -.3153856121302557       4   0 1  0 0  0 1  0 2
   306  -.1538853684548576E-05   4   0 0  1 0  0 1  0 2
   307  -.4460485164547914E-05   4   0 0  0 1  0 1  0 2
   308  -.1972048315521309       4   1 0  0 0  0 0  1 2
   309  -.3149611810370567       4   0 1  0 0  0 0  1 2
   310  -.1536782767783492E-05   4   0 0  1 0  0 0  1 2
   311  -.4454482453828746E-05   4   0 0  0 1  0 0  1 2
   312  0.1399976711779621E-01   4   1 0  0 0  0 0  0 3
   313  0.1139462832778234E-01   4   0 1  0 0  0 0  0 3
   314  0.8894399038745827E-06   4   0 0  1 0  0 0  0 3
   315  0.7284278231533368E-06   4   0 0  0 1  0 0  0 3
   316  -.3626453686027846E-04   4   0 0  0 0  0 4  0 0
   317  -.2327430432061759E-04   4   0 0  0 0  0 3  1 0
   318  -.2155639936037974E-04   4   0 0  0 0  0 2  2 0
   319  -.2331142705232827E-04   4   0 0  0 0  0 1  3 0
   320  -.3615133364525446E-04   4   0 0  0 0  0 0  4 0
   321  0.4468794758725801E-04   4   0 0  0 0  0 3  0 1
   322  0.3161876454192673E-04   4   0 0  0 0  0 2  1 1
   323  0.3164502497963280E-04   4   0 0  0 0  0 1  2 1
   324  0.4457649235103071E-04   4   0 0  0 0  0 0  3 1
   325  -.3753311346506067E-05   4   0 0  0 0  0 2  0 2
   326  -.4545976891630643E-05   4   0 0  0 0  0 1  1 2
   327  -.3745201436255022E-05   4   0 0  0 0  0 0  2 2
   328  0.3631004663570926E-07   4   0 0  0 0  0 1  0 3
   329  0.3626118228618017E-07   4   0 0  0 0  0 0  1 3
   330  0.1488948979593464E-12   4   0 0  0 0  0 0  0 4
   ----------------------------------------------------
     I  COEFFICIENT            ORDER EXPONENTS
     1  0.1356010026297299E-04   0   0 0  0 0  0 0  0 0
     2  0.1782593940545801E-04   1   1 0  0 0  0 0  0 0
     3  0.1577660110807367E-04   1   0 1  0 0  0 0  0 0
     4  0.4856605059158088       1   0 0  1 0  0 0  0 0
     5  0.6845840317741400       1   0 0  0 1  0 0  0 0
     6  -.2039716903075305E-04   1   0 0  0 0  0 1  0 0
     7  -.2036971948195676E-04   1   0 0  0 0  0 0  1 0
     8  0.4076688851283073E-04   1   0 0  0 0  0 0  0 1
     9  0.4697482668109532E-03   2   2 0  0 0  0 0  0 0
    10  0.9088637687314590E-03   2   1 1  0 0  0 0  0 0
    11  0.4780828627459858E-03   2   0 2  0 0  0 0  0 0
    12  0.2199489858763950       2   1 0  1 0  0 0  0 0
    13  0.1957645948233366       2   0 1  1 0  0 0  0 0
    14  0.5581543758910096E-04   2   0 0  2 0  0 0  0 0
    15  0.2007632100548682       2   1 0  0 1  0 0  0 0
    16  0.1798595076098265       2   0 1  0 1  0 0  0 0
    17  0.1175835526664328E-03   2   0 0  1 1  0 0  0 0
    18  0.1062846091523398E-03   2   0 0  0 2  0 0  0 0
    19  -.9689017989952242E-05   2   1 0  0 0  0 1  0 0
    20  -.1652940869186004E-04   2   0 1  0 0  0 1  0 0
    21  0.2361136940344603       2   0 0  1 0  0 1  0 0
    22  -.1297169282485185       2   0 0  0 1  0 1  0 0
    23  -.9675978966168951E-05   2   1 0  0 0  0 0  1 0
    24  -.1650716419264657E-04   2   0 1  0 0  0 0  1 0
    25  0.2357959433526818       2   0 0  1 0  0 0  1 0
    26  -.1295423613198288       2   0 0  0 1  0 0  1 0
    27  0.1936497025266957E-04   2   1 0  0 0  0 0  0 1
    28  0.1725994550396554E-04   2   0 1  0 0  0 0  0 1
    29  -.4719096374073410       2   0 0  1 0  0 0  0 1
    30  -.4253247422262785       2   0 0  0 1  0 0  0 1
    31  0.1448478655097329E-04   2   0 0  0 0  0 2  0 0
    32  0.8588284669719675E-05   2   0 0  0 0  0 1  1 0
    33  0.1445951475340843E-04   2   0 0  0 0  0 0  2 0
    34  -.1716069971567575E-04   2   0 0  0 0  0 1  0 1
    35  -.1713760565475415E-04   2   0 0  0 0  0 0  1 1
    36  -.3234284642309349E-05   2   0 0  0 0  0 0  0 2
    37  -.4243888415944287E-02   3   3 0  0 0  0 0  0 0
    38  -.1146775061779329E-01   3   2 1  0 0  0 0  0 0
    39  -.1036965248059859E-01   3   1 2  0 0  0 0  0 0
    40  -.3129454378338073E-02   3   0 3  0 0  0 0  0 0
    41  -4.316359859575153       3   2 0  1 0  0 0  0 0
    42  -9.047563714534897       3   1 1  1 0  0 0  0 0
    43  -5.098785456329750       3   0 2  1 0  0 0  0 0
    44  0.8495498894605467E-02   3   1 0  2 0  0 0  0 0
    45  0.7503484248820141E-02   3   0 1  2 0  0 0  0 0
    46  -.7859743549323949       3   0 0  3 0  0 0  0 0
    47  -4.783999114254156       3   2 0  0 1  0 0  0 0
    48  -9.377336891502004       3   1 1  0 1  0 0  0 0
    49  -4.642900242243375       3   0 2  0 1  0 0  0 0
    50  0.1540044845878190E-01   3   1 0  1 1  0 0  0 0
    51  0.1369261651025516E-01   3   0 1  1 1  0 0  0 0
    52  -1.908676435316332       3   0 0  2 1  0 0  0 0
    53  0.7071992021603456E-02   3   1 0  0 2  0 0  0 0
    54  0.6338638897286166E-02   3   0 1  0 2  0 0  0 0
    55  -2.041524709964212       3   0 0  1 2  0 0  0 0
    56  -.5315275858947915       3   0 0  0 3  0 0  0 0
    57  -.4619793650534265E-03   3   2 0  0 0  0 1  0 0
    58  -.1372286317070680E-02   3   1 1  0 0  0 1  0 0
    59  -.9459536287391566E-03   3   0 2  0 0  0 1  0 0
    60  -.9941137340868433E-01   3   1 0  1 0  0 1  0 0
    61  -.1856779276884473       3   0 1  1 0  0 1  0 0
    62  -.2089865893590406E-03   3   0 0  2 0  0 1  0 0
    63  -.1931320262074201       3   1 0  0 1  0 1  0 0
    64  -.2623351384218684       3   0 1  0 1  0 1  0 0
    65  -.3390745325213964E-03   3   0 0  1 1  0 1  0 0
    66  -.2076934474815290E-03   3   0 0  0 2  0 1  0 0
    67  -.4613576549962714E-03   3   2 0  0 0  0 0  1 0
    68  -.1370439558818781E-02   3   1 1  0 0  0 0  1 0
    69  -.9446806089268504E-03   3   0 2  0 0  0 0  1 0
    70  -.9927759026744698E-01   3   1 0  1 0  0 0  1 0
    71  -.1854280510840621       3   0 1  1 0  0 0  1 0
    72  -.2087053450562770E-03   3   0 0  2 0  0 0  1 0
    73  -.1928721182285474       3   1 0  0 1  0 0  1 0
    74  -.2619821001560072       3   0 1  0 1  0 0  1 0
    75  -.3386182219955565E-03   3   0 0  1 1  0 0  1 0
    76  -.2074139434281609E-03   3   0 0  0 2  0 0  1 0
    77  0.9228665092425703E-03   3   2 0  0 0  0 0  0 1
    78  0.1832887692243617E-02   3   1 1  0 0  0 0  0 1
    79  0.9339617117891933E-03   3   0 2  0 0  0 0  0 1
    80  0.1986892908664813       3   1 0  1 0  0 0  0 1
    81  0.1753416467960030       3   0 1  1 0  0 0  0 1
    82  0.4179444062125711E-03   3   0 0  2 0  0 0  0 1
    83  0.1852411978879923       3   1 0  0 1  0 0  0 1
    84  0.1645984336605834       3   0 1  0 1  0 0  0 1
    85  0.5606316717429237E-03   3   0 0  1 1  0 0  0 1
    86  0.2028095014539625E-03   3   0 0  0 2  0 0  0 1
    87  0.7662421025289479E-05   3   1 0  0 0  0 2  0 0
    88  0.1706926196454939E-04   3   0 1  0 0  0 2  0 0
    89  -.1667650205753549       3   0 0  1 0  0 2  0 0
    90  -.5848140006770308E-03   3   0 0  0 1  0 2  0 0
    91  0.5682271370906683E-05   3   1 0  0 0  0 1  1 0
    92  0.1766408349541900E-04   3   0 1  0 0  0 1  1 0
    93  -.9760264948725111E-01   3   0 0  1 0  0 1  1 0
    94  -.1305361424145347       3   0 0  0 1  0 1  1 0
    95  0.7648285833683759E-05   3   1 0  0 0  0 0  2 0
    96  0.1703440521069310E-04   3   0 1  0 0  0 0  2 0
    97  -.1664749215471146       3   0 0  1 0  0 0  2 0
    98  -.4961922913029881E-03   3   0 0  0 1  0 0  2 0
    99  -.1140803986147385E-04   3   1 0  0 0  0 1  0 1
   100  -.1887616267333927E-04   3   0 1  0 0  0 1  0 1
   101  0.1950192173954233       3   0 0  1 0  0 1  0 1
   102  0.3911397768784973       3   0 0  0 1  0 1  0 1
   103  -.1139268745907056E-04   3   1 0  0 0  0 0  1 1
   104  -.1885076002321619E-04   3   0 1  0 0  0 0  1 1
   105  0.1947567697235900       3   0 0  1 0  0 0  1 1
   106  0.3906133994005533       3   0 0  0 1  0 0  1 1
   107  0.1779604441744552E-05   3   1 0  0 0  0 0  0 2
   108  0.1692757481811565E-05   3   0 1  0 0  0 0  0 2
   109  0.4106676258105251E-01   3   0 0  1 0  0 0  0 2
   110  0.3444807838965690E-01   3   0 0  0 1  0 0  0 2
   111  -.1154353704924775E-04   3   0 0  0 0  0 3  0 0
   112  -.5664249291403695E-05   3   0 0  0 0  0 2  1 0
   113  -.5676086035080970E-05   3   0 0  0 0  0 1  2 0
   114  -.1151642873036287E-04   3   0 0  0 0  0 0  3 0
   115  0.1132406076097732E-04   3   0 0  0 0  0 2  0 1
   116  0.5502829230591085E-05   3   0 0  0 0  0 1  1 1
   117  0.1130511864957012E-04   3   0 0  0 0  0 0  2 1
   118  0.3085698061349142E-05   3   0 0  0 0  0 1  0 2
   119  0.3081545474322097E-05   3   0 0  0 0  0 0  1 2
   120  0.1005020017918054E-06   3   0 0  0 0  0 0  0 3
   121  -.1476364064140221E-02   4   4 0  0 0  0 0  0 0
   122  -.4604808450610944E-02   4   3 1  0 0  0 0  0 0
   123  -.5055358930141150E-02   4   2 2  0 0  0 0  0 0
   124  -.1751054931673366E-02   4   1 3  0 0  0 0  0 0
   125  0.1751733213384352E-03   4   0 4  0 0  0 0  0 0
   126   49.54089611206547       4   3 0  1 0  0 0  0 0
   127   135.0006505023381       4   2 1  1 0  0 0  0 0
   128   123.3324090680244       4   1 2  1 0  0 0  0 0
   129   37.86088765060801       4   0 3  1 0  0 0  0 0
   130  0.1116595073257502E-01   4   2 0  2 0  0 0  0 0
   131  0.2139667759961329E-01   4   1 1  2 0  0 0  0 0
   132  0.1074585130382106E-01   4   0 2  2 0  0 0  0 0
   133  -33.47588325416977       4   1 0  3 0  0 0  0 0
   134  -29.40018717616576       4   0 1  3 0  0 0  0 0
   135  -.3969680912507810E-03   4   0 0  4 0  0 0  0 0
   136   45.99120382097216       4   3 0  0 1  0 0  0 0
   137   126.0444963704259       4   2 1  0 1  0 0  0 0
   138   115.8983963186160       4   1 2  0 1  0 0  0 0
   139   35.83111383868585       4   0 3  0 1  0 0  0 0
   140  0.1834478526558138E-01   4   2 0  1 1  0 0  0 0
   141  0.3493970394991533E-01   4   1 1  1 1  0 0  0 0
   142  0.1719468894960587E-01   4   0 2  1 1  0 0  0 0
   143  -91.20419432280116       4   1 0  2 1  0 0  0 0
   144  -80.62916019493150       4   0 1  2 1  0 0  0 0
   145  -.2428873757768190E-02   4   0 0  3 1  0 0  0 0
   146  0.7794946378209862E-02   4   2 0  0 2  0 0  0 0
   147  0.1528852088067436E-01   4   1 1  0 2  0 0  0 0
   148  0.7681929729965806E-02   4   0 2  0 2  0 0  0 0
   149  -83.26407120971048       4   1 0  1 2  0 0  0 0
   150  -73.99928025003622       4   0 1  1 2  0 0  0 0
   151  -.4181169355314802E-02   4   0 0  2 2  0 0  0 0
   152  -25.36987755320392       4   1 0  0 3  0 0  0 0
   153  -22.63595091375712       4   0 1  0 3  0 0  0 0
   154  -.2929245761603483E-02   4   0 0  1 3  0 0  0 0
   155  -.7040732149105027E-03   4   0 0  0 4  0 0  0 0
   156  0.4800600335198785E-03   4   3 0  0 0  0 1  0 0
   157  0.6235816998169520E-02   4   2 1  0 0  0 1  0 0
   158  0.1002560569191958E-01   4   1 2  0 0  0 1  0 0
   159  0.4318723983096974E-02   4   0 3  0 0  0 1  0 0
   160   4.976491635241429       4   2 0  1 0  0 1  0 0
   161   14.66435196806967       4   1 1  1 0  0 1  0 0
   162   10.36884738180679       4   0 2  1 0  0 1  0 0
   163  -.7306482658121055E-03   4   1 0  2 0  0 1  0 0
   164  -.4028580011677768E-02   4   0 1  2 0  0 1  0 0
   165   1.078321688648649       4   0 0  3 0  0 1  0 0
   166   7.193832374510783       4   2 0  0 1  0 1  0 0
   167   18.95691617583213       4   1 1  0 1  0 1  0 0
   168   11.96780045523030       4   0 2  0 1  0 1  0 0
   169  -.8023266376452971E-02   4   1 0  1 1  0 1  0 0
   170  -.1322183857965063E-01   4   0 1  1 1  0 1  0 0
   171   3.198342427614969       4   0 0  2 1  0 1  0 0
   172  -.6756540829361070E-02   4   1 0  0 2  0 1  0 0
   173  -.8845674561144684E-02   4   0 1  0 2  0 1  0 0
   174   3.661514974423788       4   0 0  1 2  0 1  0 0
   175   1.336582936208367       4   0 0  0 3  0 1  0 0
   176  0.4794139913512087E-03   4   3 0  0 0  0 0  1 0
   177  0.6227425129537242E-02   4   2 1  0 0  0 0  1 0
   178  0.1001211370426981E-01   4   1 2  0 0  0 0  1 0
   179  0.4312912047894928E-02   4   0 3  0 0  0 0  1 0
   180   4.969794507332661       4   2 0  1 0  0 0  1 0
   181   14.64461737429804       4   1 1  1 0  0 0  1 0
   182   10.35489347566721       4   0 2  1 0  0 0  1 0
   183  -.7296649938102348E-03   4   1 0  2 0  0 0  1 0
   184  -.4023158538558450E-02   4   0 1  2 0  0 0  1 0
   185   1.076870534139604       4   0 0  3 0  0 0  1 0
   186   7.184151253934747       4   2 0  0 1  0 0  1 0
   187   18.93140485145121       4   1 1  0 1  0 0  1 0
   188   11.95169475340055       4   0 2  0 1  0 0  1 0
   189  -.8012469042686984E-02   4   1 0  1 1  0 0  1 0
   190  -.1320404525241381E-01   4   0 1  1 1  0 0  1 0
   191   3.194038249108532       4   0 0  2 1  0 0  1 0
   192  -.6747448195137651E-02   4   1 0  0 2  0 0  1 0
   193  -.8833770469202494E-02   4   0 1  0 2  0 0  1 0
   194   3.656587480132422       4   0 0  1 2  0 0  1 0
   195   1.334784225883787       4   0 0  0 3  0 0  1 0
   196  0.3265097580703177E-03   4   3 0  0 0  0 0  0 1
   197  0.1110770210221686E-02   4   2 1  0 0  0 0  0 1
   198  0.1228957905695167E-02   4   1 2  0 0  0 0  0 1
   199  0.4540460379288154E-03   4   0 3  0 0  0 0  0 1
   200  -9.941887118112382       4   2 0  1 0  0 0  0 1
   201  -20.25238432056888       4   1 1  1 0  0 0  0 1
   202  -10.52151803644860       4   0 2  1 0  0 0  0 1
   203  -.7726783672967164E-03   4   1 0  2 0  0 0  0 1
   204  -.7245354548316685E-03   4   0 1  2 0  0 0  0 1
   205  -2.156020374633816       4   0 0  3 0  0 0  0 1
   206  -9.589279158892548       4   2 0  0 1  0 0  0 1
   207  -19.12392004499643       4   1 1  0 1  0 0  0 1
   208  -9.985743171656928       4   0 2  0 1  0 0  0 1
   209  -.1596611785014764E-02   4   1 0  1 1  0 0  0 1
   210  -.1501409523287512E-02   4   0 1  1 1  0 0  0 1
   211  -4.486253173930173       4   0 0  2 1  0 0  0 1
   212  -.7611443996120321E-03   4   1 0  0 2  0 0  0 1
   213  -.7091797839656625E-03   4   0 1  0 2  0 0  0 1
   214  -3.237686143327607       4   0 0  1 2  0 0  0 1
   215  -1.077695074081131       4   0 0  0 3  0 0  0 1
   216  0.9486776775454718E-04   4   2 0  0 0  0 2  0 0
   217  0.9333795521552655E-03   4   1 1  0 0  0 2  0 0
   218  0.9672148761670890E-03   4   0 2  0 0  0 2  0 0
   219  0.6935621209442733E-01   4   1 0  1 0  0 2  0 0
   220  0.1785846979632393       4   0 1  1 0  0 2  0 0
   221  0.2134166542207796E-03   4   0 0  2 0  0 2  0 0
   222  0.1875191027249903       4   1 0  0 1  0 2  0 0
   223  0.3208377692462246       4   0 1  0 1  0 2  0 0
   224  0.3593625167258094E-03   4   0 0  1 1  0 2  0 0
   225  0.2085006232379229E-03   4   0 0  0 2  0 2  0 0
   226  0.1260038746518334E-03   4   2 0  0 0  0 1  1 0
   227  0.1302172670841121E-02   4   1 1  0 0  0 1  1 0
   228  0.1417798219654514E-02   4   0 2  0 0  0 1  1 0
   229  0.3894679922006693E-01   4   1 0  1 0  0 1  1 0
   230  0.1707787400567436       4   0 1  1 0  0 1  1 0
   231  0.2817112962197477E-03   4   0 0  2 0  0 1  1 0
   232  0.1815008666742822       4   1 0  0 1  0 1  1 0
   233  0.3785784336389395       4   0 1  0 1  0 1  1 0
   234  0.6133207945228186E-03   4   0 0  1 1  0 1  1 0
   235  0.3582534979550932E-03   4   0 0  0 2  0 1  1 0
   236  0.9465531414559336E-04   4   2 0  0 0  0 0  2 0
   237  0.9312472526370995E-03   4   1 1  0 0  0 0  2 0
   238  0.9649592409572581E-03   4   0 2  0 0  0 0  2 0
   239  0.6923666938939044E-01   4   1 0  1 0  0 0  2 0
   240  0.1782294541032037       4   0 1  1 0  0 0  2 0
   241  0.2129398912525815E-03   4   0 0  2 0  0 0  2 0
   242  0.1871446206977472       4   1 0  0 1  0 0  2 0
   243  0.3201512643898299       4   0 1  0 1  0 0  2 0
   244  0.3584662144767253E-03   4   0 0  1 1  0 0  2 0
   245  0.2079789725887246E-03   4   0 0  0 2  0 0  2 0
   246  -.3391446457462927E-03   4   2 0  0 0  0 1  0 1
   247  -.1517128038372189E-02   4   1 1  0 0  0 1  0 1
   248  -.1171480127826609E-02   4   0 2  0 0  0 1  0 1
   249  -.7743019754355648E-01   4   1 0  1 0  0 1  0 1
   250  -.1548200478065845       4   0 1  1 0  0 1  0 1
   251  -.5463043955737221E-03   4   0 0  2 0  0 1  0 1
   252  -.1693804800254327       4   1 0  0 1  0 1  0 1
   253  -.2318213672563590       4   0 1  0 1  0 1  0 1
   254  -.1087173433412123E-02   4   0 0  1 1  0 1  0 1
   255  -.4465973628160382E-03   4   0 0  0 2  0 1  0 1
   256  -.3386882408653810E-03   4   2 0  0 0  0 0  1 1
   257  -.1515086358957915E-02   4   1 1  0 0  0 0  1 1
   258  -.1169903605080526E-02   4   0 2  0 0  0 0  1 1
   259  -.7732599563286141E-01   4   1 0  1 0  0 0  1 1
   260  -.1546116982826626       4   0 1  1 0  0 0  1 1
   261  -.5455692048645933E-03   4   0 0  2 0  0 0  1 1
   262  -.1691525357580400       4   1 0  0 1  0 0  1 1
   263  -.2315093929856681       4   0 1  0 1  0 0  1 1
   264  -.1085710366642146E-02   4   0 0  1 1  0 0  1 1
   265  -.4459963531325649E-03   4   0 0  0 2  0 0  1 1
   266  0.1932421837944545E-03   4   2 0  0 0  0 0  0 2
   267  0.4030097781663258E-03   4   1 1  0 0  0 0  0 2
   268  0.2054729714096118E-03   4   0 2  0 0  0 0  0 2
   269  -.2256778923752618E-01   4   1 0  1 0  0 0  0 2
   270  -.2147147398591164E-01   4   0 1  1 0  0 0  0 2
   271  0.3518209209588857E-03   4   0 0  2 0  0 0  0 2
   272  -.1659660013171003E-01   4   1 0  0 1  0 0  0 2
   273  -.1612686363765293E-01   4   0 1  0 1  0 0  0 2
   274  0.5888193431720793E-03   4   0 0  1 1  0 0  0 2
   275  0.2376906809657575E-03   4   0 0  0 2  0 0  0 2
   276  -.1104314087994072E-04   4   1 0  0 0  0 3  0 0
   277  -.2238422447558916E-04   4   0 1  0 0  0 3  0 0
   278  0.1322846417716749       4   0 0  1 0  0 3  0 0
   279  0.6151647053979478E-01   4   0 0  0 1  0 3  0 0
   280  -.7834306195833547E-05   4   1 0  0 0  0 2  1 0
   281  -.2233075009498023E-04   4   0 1  0 0  0 2  1 0
   282  0.6336399308404370E-01   4   0 0  1 0  0 2  1 0
   283  0.1833015660797794       4   0 0  0 1  0 2  1 0
   284  -.7840753644036236E-05   4   1 0  0 0  0 1  2 0
   285  -.2233079723139629E-04   4   0 1  0 0  0 1  2 0
   286  0.6350275896406518E-01   4   0 0  1 0  0 1  2 0
   287  0.1830555600025331       4   0 0  0 1  0 1  2 0
   288  -.1101558445970471E-04   4   1 0  0 0  0 0  3 0
   289  -.2232403343675965E-04   4   0 1  0 0  0 0  3 0
   290  0.1319750295179526       4   0 0  1 0  0 0  3 0
   291  0.6126911834419711E-01   4   0 0  0 1  0 0  3 0
   292  0.1378371511459093E-04   4   1 0  0 0  0 2  0 1
   293  0.2463040771676791E-04   4   0 1  0 0  0 2  0 1
   294  -.1266787018310685       4   0 0  1 0  0 2  0 1
   295  -.3660847804526719       4   0 0  0 1  0 2  0 1
   296  0.1079856847301430E-04   4   1 0  0 0  0 1  1 1
   297  0.2494885966678209E-04   4   0 1  0 0  0 1  1 1
   298  -.5851951141487470E-01   4   0 0  1 0  0 1  1 1
   299  -.3410938557504235       4   0 0  0 1  0 1  1 1
   300  0.1375789953819124E-04   4   1 0  0 0  0 0  2 1
   301  0.2458047377512934E-04   4   0 1  0 0  0 0  2 1
   302  -.1264688472040382       4   0 0  1 0  0 0  2 1
   303  -.3653626067901806       4   0 0  0 1  0 0  2 1
   304  -.1038523521564472E-05   4   1 0  0 0  0 1  0 2
   305  -.1637095725458071E-05   4   0 1  0 0  0 1  0 2
   306  -.3908424005230627E-01   4   0 0  1 0  0 1  0 2
   307  -.5008247901453310E-01   4   0 0  0 1  0 1  0 2
   308  -.1037125925553034E-05   4   1 0  0 0  0 0  1 2
   309  -.1634892599184361E-05   4   0 1  0 0  0 0  1 2
   310  -.3903164232402041E-01   4   0 0  1 0  0 0  1 2
   311  -.5001508037458090E-01   4   0 0  0 1  0 0  1 2
   312  0.9833605076743762E-07   4   1 0  0 0  0 0  0 3
   313  0.7939308474917351E-07   4   0 1  0 0  0 0  0 3
   314  -.1339898830229476E-02   4   0 0  1 0  0 0  0 3
   315  -.1082849978212196E-02   4   0 0  0 1  0 0  0 3
   316  0.9951859270035606E-05   4   0 0  0 0  0 4  0 0
   317  0.3806164711048100E-05   4   0 0  0 0  0 3  1 0
   318  0.3002572442558381E-05   4   0 0  0 0  0 2  2 0
   319  0.3823747826628839E-05   4   0 0  0 0  0 1  3 0
   320  0.9922526536089398E-05   4   0 0  0 0  0 0  4 0
   321  -.1166670964864291E-05   4   0 0  0 0  0 3  0 1
   322  0.1751102171853818E-05   4   0 0  0 0  0 2  1 1
   323  0.1745215438838121E-05   4   0 0  0 0  0 1  2 1
   324  -.1165492579804843E-05   4   0 0  0 0  0 0  3 1
   325  -.1133688044475537E-05   4   0 0  0 0  0 2  0 2
   326  -.1304514721909947E-05   4   0 0  0 0  0 1  1 2
   327  -.1131284603317601E-05   4   0 0  0 0  0 0  2 2
   328  -.4244111679020511E-07   4   0 0  0 0  0 1  0 3
   329  -.4238400153540941E-07   4   0 0  0 0  0 0  1 3
   330  -.8291358279234467E-13   4   0 0  0 0  0 0  0 4
   ----------------------------------------------------
     I  COEFFICIENT            ORDER EXPONENTS
     1  0.2018923078585931E-03   0   0 0  0 0  0 0  0 0
     2  0.8134035591520038E-04   1   1 0  0 0  0 0  0 0
     3  0.7532264519283574E-04   1   0 1  0 0  0 0  0 0
     4  -2.230995427327889       1   0 0  1 0  0 0  0 0
     5  -1.085745779612863       1   0 0  0 1  0 0  0 0
     6  0.1155475327198157E-04   1   0 0  0 0  0 1  0 0
     7  0.1153920342958481E-04   1   0 0  0 0  0 0  1 0
     8  0.1787983511556018E-03   1   0 0  0 0  0 0  0 1
     9  0.1499511261789701E-02   2   2 0  0 0  0 0  0 0
    10  0.2700908865301568E-02   2   1 1  0 0  0 0  0 0
    11  0.1286491122664405E-02   2   0 2  0 0  0 0  0 0
    12  0.9417612307566683       2   1 0  1 0  0 0  0 0
    13  0.8621417169712823       2   0 1  1 0  0 0  0 0
    14  0.8287133799302134E-03   2   0 0  2 0  0 0  0 0
    15  0.8969672784303733       2   1 0  0 1  0 0  0 0
    16  0.8266953919507283       2   0 1  0 1  0 0  0 0
    17  0.2043336975406179E-02   2   0 0  1 1  0 0  0 0
    18  0.1082220070821241E-02   2   0 0  0 2  0 0  0 0
    19  -.5964201957844391E-05   2   1 0  0 0  0 1  0 0
    20  -.4344174053513191E-04   2   0 1  0 0  0 1  0 0
    21  -.1437757239369842       2   0 0  1 0  0 1  0 0
    22  0.9210770702529812       2   0 0  0 1  0 1  0 0
    23  -.5956175615932624E-05   2   1 0  0 0  0 0  1 0
    24  -.4338327868805804E-04   2   0 1  0 0  0 0  1 0
    25  -.1435822373436248       2   0 0  1 0  0 0  1 0
    26  0.9198375281406925       2   0 0  0 1  0 0  1 0
    27  0.9326052501994406E-04   2   1 0  0 0  0 0  0 1
    28  0.8682481470306511E-04   2   0 1  0 0  0 0  0 1
    29  -1.943637466144592       2   0 0  1 0  0 0  0 1
    30  -1.840914598499277       2   0 0  0 1  0 0  0 1
    31  -.8433675603408479E-05   2   0 0  0 0  0 2  0 0
    32  -.5320958889467445E-05   2   0 0  0 0  0 1  1 0
    33  -.8418745612389731E-05   2   0 0  0 0  0 0  2 0
    34  0.2218825948429927E-04   2   0 0  0 0  0 1  0 1
    35  0.2215839957038180E-04   2   0 0  0 0  0 0  1 1
    36  -.2217331094117570E-04   2   0 0  0 0  0 0  0 2
    37  -.2106686083639669E-01   3   3 0  0 0  0 0  0 0
    38  -.5915267823537588E-01   3   2 1  0 0  0 0  0 0
    39  -.5558506945361447E-01   3   1 2  0 0  0 0  0 0
    40  -.1743848266276162E-01   3   0 3  0 0  0 0  0 0
    41  -23.96310092551571       3   2 0  1 0  0 0  0 0
    42  -46.16796470098833       3   1 1  1 0  0 0  0 0
    43  -22.97762646822377       3   0 2  1 0  0 0  0 0
    44  0.3519987490146467E-01   3   1 0  2 0  0 0  0 0
    45  0.3188322930482207E-01   3   0 1  2 0  0 0  0 0
    46  -3.392196516751591       3   0 0  3 0  0 0  0 0
    47  -21.46841495268664       3   2 0  0 1  0 0  0 0
    48  -42.25866129038042       3   1 1  0 1  0 0  0 0
    49  -22.47369106361603       3   0 2  0 1  0 0  0 0
    50  0.6629920737885546E-01   3   1 0  1 1  0 0  0 0
    51  0.6039091263529221E-01   3   0 1  1 1  0 0  0 0
    52  -10.85913234524613       3   0 0  2 1  0 0  0 0
    53  0.3155656326123175E-01   3   1 0  0 2  0 0  0 0
    54  0.2894744356978792E-01   3   0 1  0 2  0 0  0 0
    55  -10.20602504175044       3   0 0  1 2  0 0  0 0
    56  -3.878288074946159       3   0 0  0 3  0 0  0 0
    57  -.8931380060434202E-03   3   2 0  0 0  0 1  0 0
    58  -.3067678392307296E-02   3   1 1  0 0  0 1  0 0
    59  -.2091966510571065E-02   3   0 2  0 0  0 1  0 0
    60  0.7592660224783572E-01   3   1 0  1 0  0 1  0 0
    61  -.3580555703565372       3   0 1  1 0  0 1  0 0
    62  -.4973210003430065E-04   3   0 0  2 0  0 1  0 0
    63  -.3922174263307032       3   1 0  0 1  0 1  0 0
    64  -.7714281311155190       3   0 1  0 1  0 1  0 0
    65  -.1196974326124135E-02   3   0 0  1 1  0 1  0 0
    66  -.1208733141920778E-02   3   0 0  0 2  0 1  0 0
    67  -.8919360630070247E-03   3   2 0  0 0  0 0  1 0
    68  -.3063550055301605E-02   3   1 1  0 0  0 0  1 0
    69  -.2089151240632106E-02   3   0 2  0 0  0 0  1 0
    70  0.7582442380482715E-01   3   1 0  1 0  0 0  1 0
    71  -.3575737160445261       3   0 1  1 0  0 0  1 0
    72  -.4966517291786552E-04   3   0 0  2 0  0 0  1 0
    73  -.3916895986029140       3   1 0  0 1  0 0  1 0
    74  -.7703899794928114       3   0 1  0 1  0 0  1 0
    75  -.1195363494487481E-02   3   0 0  1 1  0 0  1 0
    76  -.1207106485823999E-02   3   0 0  0 2  0 0  1 0
    77  0.3282293676821781E-02   3   2 0  0 0  0 0  0 1
    78  0.6126306492803425E-02   3   1 1  0 0  0 0  0 1
    79  0.2891978063059762E-02   3   0 2  0 0  0 0  0 1
    80  0.7900136613783521       3   1 0  1 0  0 0  0 1
    81  0.7156322488104792       3   0 1  1 0  0 0  0 1
    82  0.9293328708736970E-03   3   0 0  2 0  0 0  0 1
    83  0.7839100624760712       3   1 0  0 1  0 0  0 1
    84  0.7151253250007571       3   0 1  0 1  0 0  0 1
    85  0.2395007745474358E-02   3   0 0  1 1  0 0  0 1
    86  0.1335094740122956E-02   3   0 0  0 2  0 0  0 1
    87  0.4631479767716531E-05   3   1 0  0 0  0 2  0 0
    88  0.3545837510861079E-04   3   0 1  0 0  0 2  0 0
    89  0.1047788791861403       3   0 0  1 0  0 2  0 0
    90  -.6318373698640040       3   0 0  0 1  0 2  0 0
    91  0.3547396057252246E-05   3   1 0  0 0  0 1  1 0
    92  0.2780469957801449E-04   3   0 1  0 0  0 1  1 0
    93  0.6588657290798962E-01   3   0 0  1 0  0 1  1 0
    94  -.3433746939002887       3   0 0  0 1  0 1  1 0
    95  0.4622859981305575E-05   3   1 0  0 0  0 0  2 0
    96  0.3539194777136807E-04   3   0 1  0 0  0 0  2 0
    97  0.1045935391862425       3   0 0  1 0  0 0  2 0
    98  -.6307560241689244       3   0 0  0 1  0 0  2 0
    99  -.1322745225747243E-04   3   1 0  0 0  0 1  0 1
   100  -.5591410838466992E-04   3   0 1  0 0  0 1  0 1
   101  -.2754440002484705       3   0 0  1 0  0 1  0 1
   102  0.6859728549719717       3   0 0  0 1  0 1  0 1
   103  -.1320965137561254E-04   3   1 0  0 0  0 0  1 1
   104  -.5583886181274645E-04   3   0 1  0 0  0 0  1 1
   105  -.2750733206941623       3   0 0  1 0  0 0  1 1
   106  0.6850497050325300       3   0 0  0 1  0 0  1 1
   107  0.1356051343862038E-04   3   1 0  0 0  0 0  0 2
   108  0.1285673261055826E-04   3   0 1  0 0  0 0  0 2
   109  0.2752585089162422       3   0 0  1 0  0 0  0 2
   110  0.2349458158174333       3   0 0  0 1  0 0  0 2
   111  0.6875140453399150E-05   3   0 0  0 0  0 3  0 0
   112  0.3763369087833934E-05   3   0 0  0 0  0 2  1 0
   113  0.3769631923867440E-05   3   0 0  0 0  0 1  2 0
   114  0.6858733227212186E-05   3   0 0  0 0  0 0  3 0
   115  -.1595921129910254E-04   3   0 0  0 0  0 2  0 1
   116  -.9748324156172848E-05   3   0 0  0 0  0 1  1 1
   117  -.1593117472705432E-04   3   0 0  0 0  0 0  2 1
   118  0.9741002879088107E-05   3   0 0  0 0  0 1  0 2
   119  0.9727893896490986E-05   3   0 0  0 0  0 0  1 2
   120  0.9018793323529266E-06   3   0 0  0 0  0 0  0 3
   121  -.6992963892408410E-02   4   4 0  0 0  0 0  0 0
   122  -.2564688264701665E-01   4   3 1  0 0  0 0  0 0
   123  -.3573628803924636E-01   4   2 2  0 0  0 0  0 0
   124  -.2135052478809295E-01   4   1 3  0 0  0 0  0 0
   125  -.4418834600942119E-02   4   0 4  0 0  0 0  0 0
   126   230.1530969274695       4   3 0  1 0  0 0  0 0
   127   641.2676204804392       4   2 1  1 0  0 0  0 0
   128   598.1501174217470       4   1 2  1 0  0 0  0 0
   129   187.1673095924329       4   0 3  1 0  0 0  0 0
   130  0.4506864072754939E-01   4   2 0  2 0  0 0  0 0
   131  0.8845781594469226E-01   4   1 1  2 0  0 0  0 0
   132  0.4293186024155540E-01   4   0 2  2 0  0 0  0 0
   133  -136.3586984772842       4   1 0  3 0  0 0  0 0
   134  -122.7864489736502       4   0 1  3 0  0 0  0 0
   135  -.7077201517584899E-02   4   0 0  4 0  0 0  0 0
   136   222.4167197350438       4   3 0  0 1  0 0  0 0
   137   623.9373607558990       4   2 1  0 1  0 0  0 0
   138   586.2575043172042       4   1 2  0 1  0 0  0 0
   139   184.8651340941321       4   0 3  0 1  0 0  0 0
   140  0.9355936998894135E-01   4   2 0  1 1  0 0  0 0
   141  0.1844746610470978       4   1 1  1 1  0 0  0 0
   142  0.9133581098563598E-01   4   0 2  1 1  0 0  0 0
   143  -381.4599402122451       4   1 0  2 1  0 0  0 0
   144  -346.3202824427759       4   0 1  2 1  0 0  0 0
   145  -.2414398853302700E-01   4   0 0  3 1  0 0  0 0
   146  0.4685321740472473E-01   4   2 0  0 2  0 0  0 0
   147  0.9366384832204397E-01   4   1 1  0 2  0 0  0 0
   148  0.4761984338370030E-01   4   0 2  0 2  0 0  0 0
   149  -359.4400068033700       4   1 0  1 2  0 0  0 0
   150  -328.5696797750998       4   0 1  1 2  0 0  0 0
   151  -.3085587497628825E-01   4   0 0  2 2  0 0  0 0
   152  -113.6399314782334       4   1 0  0 3  0 0  0 0
   153  -104.4454194063263       4   0 1  0 3  0 0  0 0
   154  -.1683208116111569E-01   4   0 0  1 3  0 0  0 0
   155  -.2895854443051132E-02   4   0 0  0 4  0 0  0 0
   156  -.2652191439019711E-02   4   3 0  0 0  0 1  0 0
   157  0.1749687050293627E-01   4   2 1  0 0  0 1  0 0
   158  0.3967201920016673E-01   4   1 2  0 0  0 1  0 0
   159  0.1964860507533340E-01   4   0 3  0 0  0 1  0 0
   160   13.20481103263490       4   2 0  1 0  0 1  0 0
   161   47.77735773092506       4   1 1  1 0  0 1  0 0
   162   34.30279151716486       4   0 2  1 0  0 1  0 0
   163  0.4338488243908707E-02   4   1 0  2 0  0 1  0 0
   164  -.9885156226394546E-02   4   0 1  2 0  0 1  0 0
   165  0.3313492122506979       4   0 0  3 0  0 1  0 0
   166   23.15496394619975       4   2 0  0 1  0 1  0 0
   167   65.91590357908176       4   1 1  0 1  0 1  0 0
   168   44.69799957806952       4   0 2  0 1  0 1  0 0
   169  -.1924408059704183E-01   4   1 0  1 1  0 1  0 0
   170  -.4319886658925421E-01   4   0 1  1 1  0 1  0 0
   171   6.983186669712372       4   0 0  2 1  0 1  0 0
   172  -.2194426543359925E-01   4   1 0  0 2  0 1  0 0
   173  -.3222066530571893E-01   4   0 1  0 2  0 1  0 0
   174   12.27258085675635       4   0 0  1 2  0 1  0 0
   175   6.602673531130863       4   0 0  0 3  0 1  0 0
   176  -.2648622244774539E-02   4   3 0  0 0  0 0  1 0
   177  0.1747332403921233E-01   4   2 1  0 0  0 0  1 0
   178  0.3961863046640465E-01   4   1 2  0 0  0 0  1 0
   179  0.1962216290862969E-01   4   0 3  0 0  0 0  1 0
   180   13.18704062026839       4   2 0  1 0  0 0  1 0
   181   47.71306121455967       4   1 1  1 0  0 0  1 0
   182   34.25662843697561       4   0 2  1 0  0 0  1 0
   183  0.4332649710895922E-02   4   1 0  2 0  0 0  1 0
   184  -.9871853249016332E-02   4   0 1  2 0  0 0  1 0
   185  0.3309032980967915       4   0 0  3 0  0 0  1 0
   186   23.12380308697660       4   2 0  0 1  0 0  1 0
   187   65.82719706255395       4   1 1  0 1  0 0  1 0
   188   44.63784711678111       4   0 2  0 1  0 0  1 0
   189  -.1921818282031643E-01   4   1 0  1 1  0 0  1 0
   190  -.4314073159049045E-01   4   0 1  1 1  0 0  1 0
   191   6.973789026198450       4   0 0  2 1  0 0  1 0
   192  -.2191473387537609E-01   4   1 0  0 2  0 0  1 0
   193  -.3217730425285786E-01   4   0 1  0 2  0 0  1 0
   194   12.25606499582602       4   0 0  1 2  0 0  1 0
   195   6.593787964265895       4   0 0  0 3  0 0  1 0
   196  0.1264343300429994E-02   4   3 0  0 0  0 0  0 1
   197  0.3570618896975355E-02   4   2 1  0 0  0 0  0 1
   198  0.3388617770713040E-02   4   1 2  0 0  0 0  0 1
   199  0.1127744138267293E-02   4   0 3  0 0  0 0  0 1
   200  -50.33561442128239       4   2 0  1 0  0 0  0 1
   201  -95.44909659648926       4   1 1  1 0  0 0  0 1
   202  -45.55963185600930       4   0 2  1 0  0 0  0 1
   203  -.3740629482780075E-02   4   1 0  2 0  0 0  0 1
   204  -.3443077814908556E-02   4   0 1  2 0  0 0  0 1
   205  -4.058268440851410       4   0 0  3 0  0 0  0 1
   206  -46.25625333488738       4   2 0  0 1  0 0  0 1
   207  -89.43612769905999       4   1 1  0 1  0 0  0 1
   208  -44.36248261560739       4   0 2  0 1  0 0  0 1
   209  -.7292572600173290E-02   4   1 0  1 1  0 0  0 1
   210  -.6897324445296448E-02   4   0 1  1 1  0 0  0 1
   211  -13.96920563460880       4   0 0  2 1  0 0  0 1
   212  -.3545715615346476E-02   4   1 0  0 2  0 0  0 1
   213  -.3386142703612734E-02   4   0 1  0 2  0 0  0 1
   214  -14.33592287934944       4   0 0  1 2  0 0  0 1
   215  -5.444771164705141       4   0 0  0 3  0 0  0 1
   216  -.4835091376287984E-03   4   2 0  0 0  0 2  0 0
   217  0.3624936544091408E-03   4   1 1  0 0  0 2  0 0
   218  0.9842329249628830E-03   4   0 2  0 0  0 2  0 0
   219  -.5750467299266140E-01   4   1 0  1 0  0 2  0 0
   220  0.2322940867964266       4   0 1  1 0  0 2  0 0
   221  -.2403982132561287E-03   4   0 0  2 0  0 2  0 0
   222  0.2661307444365203       4   1 0  0 1  0 2  0 0
   223  0.7311089684611525       4   0 1  0 1  0 2  0 0
   224  0.3219486763565892E-03   4   0 0  1 1  0 2  0 0
   225  0.9366105531632440E-03   4   0 0  0 2  0 2  0 0
   226  -.5177631205762101E-03   4   2 0  0 0  0 1  1 0
   227  0.6711774865829634E-03   4   1 1  0 0  0 1  1 0
   228  0.1612338350665834E-02   4   0 2  0 0  0 1  1 0
   229  -.4115051775985343E-01   4   1 0  1 0  0 1  1 0
   230  0.1044315016623302       4   0 1  1 0  0 1  1 0
   231  -.1979460112231188E-03   4   0 0  2 0  0 1  1 0
   232  0.1379850124235725       4   1 0  0 1  0 1  1 0
   233  0.6879001507297988       4   0 1  0 1  0 1  1 0
   234  0.1854400898585102E-03   4   0 0  1 1  0 1  1 0
   235  0.1033016985313699E-02   4   0 0  0 2  0 1  1 0
   236  -.4825100632152039E-03   4   2 0  0 0  0 0  2 0
   237  0.3615542080177996E-03   4   1 1  0 0  0 0  2 0
   238  0.9818234861950332E-03   4   0 2  0 0  0 0  2 0
   239  -.5739959670012673E-01   4   1 0  1 0  0 0  2 0
   240  0.2319112068654322       4   0 1  1 0  0 0  2 0
   241  -.2399415034637880E-03   4   0 0  2 0  0 0  2 0
   242  0.2656797513596098       4   1 0  0 1  0 0  2 0
   243  0.7296622046657493       4   0 1  0 1  0 0  2 0
   244  0.3213906347341403E-03   4   0 0  1 1  0 0  2 0
   245  0.9346550140345076E-03   4   0 0  0 2  0 0  2 0
   246  0.1117559385268859E-02   4   2 0  0 0  0 1  0 1
   247  -.9714154022461355E-04   4   1 1  0 0  0 1  0 1
   248  -.1027514232564153E-02   4   0 2  0 0  0 1  0 1
   249  0.1589240287597148       4   1 0  1 0  0 1  0 1
   250  -.2068915646925802       4   0 1  1 0  0 1  0 1
   251  0.4205733600264811E-03   4   0 0  2 0  0 1  0 1
   252  -.2740801938155757       4   1 0  0 1  0 1  0 1
   253  -.6012805494501768       4   0 1  0 1  0 1  0 1
   254  -.1443442772085617E-03   4   0 0  1 1  0 1  0 1
   255  -.7394445266926156E-03   4   0 0  0 2  0 1  0 1
   256  0.1116055426516912E-02   4   2 0  0 0  0 0  1 1
   257  -.9701081171789843E-04   4   1 1  0 0  0 0  1 1
   258  -.1026131452335030E-02   4   0 2  0 0  0 0  1 1
   259  0.1587101562916397       4   1 0  1 0  0 0  1 1
   260  -.2066131397752784       4   0 1  1 0  0 0  1 1
   261  0.4200073722194938E-03   4   0 0  2 0  0 0  1 1
   262  -.2737113496076912       4   1 0  0 1  0 0  1 1
   263  -.6004713744240977       4   0 1  0 1  0 0  1 1
   264  -.1441500254830033E-03   4   0 0  1 1  0 0  1 1
   265  -.7384494170974058E-03   4   0 0  0 2  0 0  1 1
   266  -.7506935164119839E-03   4   2 0  0 0  0 0  0 2
   267  -.1400734214814306E-02   4   1 1  0 0  0 0  0 2
   268  -.6492420911240230E-03   4   0 2  0 0  0 0  0 2
   269  -.1615776394652500       4   1 0  1 0  0 0  0 2
   270  -.1541112662740396       4   0 1  1 0  0 0  0 2
   271  -.1619204317228543E-03   4   0 0  2 0  0 0  0 2
   272  -.1213942682235952       4   1 0  0 1  0 0  0 2
   273  -.1180549502093188       4   0 1  0 1  0 0  0 2
   274  -.3812287185238111E-03   4   0 0  1 1  0 0  0 2
   275  -.2067628050053678E-03   4   0 0  0 2  0 0  0 2
   276  -.6738676226424582E-05   4   1 0  0 0  0 3  0 0
   277  -.3776580353767641E-04   4   0 1  0 0  0 3  0 0
   278  -.8531757471563371E-01   4   0 0  1 0  0 3  0 0
   279  0.4885399915950574       4   0 0  0 1  0 3  0 0
   280  -.4950768148272749E-05   4   1 0  0 0  0 2  1 0
   281  -.2856496344100021E-04   4   0 1  0 0  0 2  1 0
   282  -.4644344890930536E-01   4   0 0  1 0  0 2  1 0
   283  0.2021051828532502       4   0 0  0 1  0 2  1 0
   284  -.4954358965790932E-05   4   1 0  0 0  0 1  2 0
   285  -.2858343393285461E-04   4   0 1  0 0  0 1  2 0
   286  -.4652168958726782E-01   4   0 0  1 0  0 1  2 0
   287  0.2026820613967418       4   0 0  0 1  0 1  2 0
   288  -.6721746573132891E-05   4   1 0  0 0  0 0  3 0
   289  -.3767037360143269E-04   4   0 1  0 0  0 0  3 0
   290  -.8511414161619471E-01   4   0 0  1 0  0 0  3 0
   291  0.4874180022417819       4   0 0  0 1  0 0  3 0
   292  0.1003079997948544E-04   4   1 0  0 0  0 2  0 1
   293  0.5080648378529077E-04   4   0 1  0 0  0 2  0 1
   294  0.1976381083158637       4   0 0  1 0  0 2  0 1
   295  -.4040130913919777       4   0 0  0 1  0 2  0 1
   296  0.8460369078016364E-05   4   1 0  0 0  0 1  1 1
   297  0.4324839588945530E-04   4   0 1  0 0  0 1  1 1
   298  0.1200520353245406       4   0 0  1 0  0 1  1 1
   299  -.1227971139220203       4   0 0  0 1  0 1  1 1
   300  0.1001160821854349E-04   4   1 0  0 0  0 0  2 1
   301  0.5070900998741933E-04   4   0 1  0 0  0 0  2 1
   302  0.1972913560784116       4   0 0  1 0  0 0  2 1
   303  -.4033867623297163       4   0 0  0 1  0 0  2 1
   304  -.3036440082189743E-05   4   1 0  0 0  0 1  0 2
   305  -.7851427282319454E-05   4   0 1  0 0  0 1  0 2
   306  -.1199509653636064       4   0 0  1 0  0 1  0 2
   307  -.2205772309767260       4   0 0  0 1  0 1  0 2
   308  -.3032353784229514E-05   4   1 0  0 0  0 0  1 2
   309  -.7840861201507756E-05   4   0 1  0 0  0 0  1 2
   310  -.1197895410075131       4   0 0  1 0  0 0  1 2
   311  -.2202803885347223       4   0 0  0 1  0 0  1 2
   312  0.8569059816516526E-06   4   1 0  0 0  0 0  0 3
   313  0.6989851701713407E-06   4   0 1  0 0  0 0  0 3
   314  -.1184395922595292E-01   4   0 0  1 0  0 0  0 3
   315  -.9682241121065336E-02   4   0 0  0 1  0 0  0 3
   316  -.9244075578524550E-05   4   0 0  0 0  0 4  0 0
   317  -.4515063548868304E-05   4   0 0  0 0  0 3  1 0
   318  -.3889184190871724E-05   4   0 0  0 0  0 2  2 0
   319  -.4528596419366015E-05   4   0 0  0 0  0 1  3 0
   320  -.9216171248913285E-05   4   0 0  0 0  0 0  4 0
   321  0.9588310065495215E-05   4   0 0  0 0  0 3  0 1
   322  0.4335053201503960E-05   4   0 0  0 0  0 2  1 1
   323  0.4345631532394407E-05   4   0 0  0 0  0 1  2 1
   324  0.9566041803826039E-05   4   0 0  0 0  0 0  3 1
   325  0.1109173661880262E-05   4   0 0  0 0  0 2  0 2
   326  0.1315618786469799E-05   4   0 0  0 0  0 1  1 2
   327  0.1106795739359712E-05   4   0 0  0 0  0 0  2 2
   328  0.1272799163849082E-07   4   0 0  0 0  0 1  0 3
   329  0.1271086290719320E-07   4   0 0  0 0  0 0  1 3
   330  -.4916340733764354E-13   4   0 0  0 0  0 0  0 4
   ----------------------------------------------------
     I  COEFFICIENT            ORDER EXPONENTS
     1  0.7706884508767627E-08   0   0 0  0 0  0 0  0 0
     2  -.5545438714551268E-05   1   1 0  0 0  0 0  0 0
     3  -.6381767577820824E-05   1   0 1  0 0  0 0  0 0
     4  0.3989419565486122E-04   1   0 0  1 0  0 0  0 0
     5  0.1423584266627757E-04   1   0 0  0 1  0 0  0 0
     6   1.000000000000000       1   0 0  0 0  1 0  0 0
     7  0.2859789922873766       1   0 0  0 0  0 1  0 0
     8  -.2859789890168661       1   0 0  0 0  0 0  1 0
     9  -.3270517101772700E-08   1   0 0  0 0  0 0  0 1
    10  -.3305211813745596       2   2 0  0 0  0 0  0 0
    11  -.8964056334206142       2   1 1  0 0  0 0  0 0
    12  -.8218402281536175       2   0 2  0 0  0 0  0 0
    13  -.2085451816757724E-04   2   1 0  1 0  0 0  0 0
    14  -.2783214675639426E-04   2   0 1  1 0  0 0  0 0
    15  -.2284718616143864       2   0 0  2 0  0 0  0 0
    16  -.2787198933087236E-04   2   1 0  0 1  0 0  0 0
    17  -.3301885296471087E-04   2   0 1  0 1  0 0  0 0
    18  -.1579341125480053       2   0 0  1 1  0 0  0 0
    19  -.2448580913166880       2   0 0  0 2  0 0  0 0
    20  0.8205925667654390E-05   2   1 0  0 0  0 1  0 0
    21  0.1181788062148025E-04   2   0 1  0 0  0 1  0 0
    22  -.5623465259701164E-04   2   0 0  1 0  0 1  0 0
    23  -.3719481026524475E-04   2   0 0  0 1  0 1  0 0
    24  0.2664376833390453E-05   2   1 0  0 0  0 0  1 0
    25  0.5437404280303999E-05   2   0 1  0 0  0 0  1 0
    26  -.1637209826544656E-04   2   0 0  1 0  0 0  1 0
    27  -.2294721710037870E-04   2   0 0  0 1  0 0  1 0
    28  -.1087036696976485E-04   2   1 0  0 0  0 0  0 1
    29  -.1087363239819486E-04   2   0 1  0 0  0 0  0 1
    30  0.7260677987214415E-04   2   0 0  1 0  0 0  0 1
    31  0.4590621582255538E-04   2   0 0  0 1  0 0  0 1
    32  -.2146286639002200       2   0 0  0 0  0 2  0 0
    33  0.1432783310468476       2   0 0  0 0  0 1  1 0
    34  0.7135032838565399E-01   2   0 0  0 0  0 0  2 0
    35  0.4466438083712618E-08   2   0 0  0 0  0 1  0 1
    36  0.1198770838831389E-08   2   0 0  0 0  0 0  1 1
    37  -.1197411403899173E-08   2   0 0  0 0  0 0  0 2
    38  0.1712398789644985       3   3 0  0 0  0 0  0 0
    39  0.5390479856661713       3   2 1  0 0  0 0  0 0
    40  0.5540123150560725       3   1 2  0 0  0 0  0 0
    41  0.1871260284648082       3   0 3  0 0  0 0  0 0
    42  0.1021366199304429E-02   3   2 0  1 0  0 0  0 0
    43  0.1986259193003113E-02   3   1 1  1 0  0 0  0 0
    44  0.1193816389138395E-02   3   0 2  1 0  0 0  0 0
    45  0.7728018093051653E-01   3   1 0  2 0  0 0  0 0
    46  0.1418257173952550E-01   3   0 1  2 0  0 0  0 0
    47  0.3735542200752833E-03   3   0 0  3 0  0 0  0 0
    48  0.7211920443007003E-03   3   2 0  0 1  0 0  0 0
    49  0.1351037275255666E-02   3   1 1  0 1  0 0  0 0
    50  0.8157920176633752E-03   3   0 2  0 1  0 0  0 0
    51  0.3530937999364578E-01   3   1 0  1 1  0 0  0 0
    52  -.6483309952706952E-01   3   0 1  1 1  0 0  0 0
    53  0.9928703792681640E-03   3   0 0  2 1  0 0  0 0
    54  -.3283440653402685E-01   3   1 0  0 2  0 0  0 0
    55  -.7258179382803304E-01   3   0 1  0 2  0 0  0 0
    56  0.8998741717196265E-03   3   0 0  1 2  0 0  0 0
    57  0.2744787871049311E-03   3   0 0  0 3  0 0  0 0
    58  0.5256802211456060       3   2 0  0 0  0 1  0 0
    59   1.705709291903775       3   1 1  0 0  0 1  0 0
    60   1.666589746451439       3   0 2  0 0  0 1  0 0
    61  0.3146576693411340E-04   3   1 0  1 0  0 1  0 0
    62  0.5167904193797566E-04   3   0 1  1 0  0 1  0 0
    63  0.3211659374255891       3   0 0  2 0  0 1  0 0
    64  0.5203477451857845E-04   3   1 0  0 1  0 1  0 0
    65  0.7567464464158997E-04   3   0 1  0 1  0 1  0 0
    66  0.4174999590164781       3   0 0  1 1  0 1  0 0
    67  0.4331821043115552       3   0 0  0 2  0 1  0 0
    68  0.1953408772887206       3   2 0  0 0  0 0  1 0
    69  0.8094198551531375       3   1 1  0 0  0 0  1 0
    70  0.8447175693579837       3   0 2  0 0  0 0  1 0
    71  0.1057888687130657E-04   3   1 0  1 0  0 0  1 0
    72  0.2373310253387778E-04   3   0 1  1 0  0 0  1 0
    73  0.9287652420541991E-01   3   0 0  2 0  0 0  1 0
    74  0.2411043177503505E-04   3   1 0  0 1  0 0  1 0
    75  0.4252060084140281E-04   3   0 1  0 1  0 0  1 0
    76  0.2594289991214254       3   0 0  1 1  0 0  1 0
    77  0.1883997392548543       3   0 0  0 2  0 0  1 0
    78  -.7210216784731980       3   2 0  0 0  0 0  0 1
    79  -1.618725011653024       3   1 1  0 0  0 0  0 1
    80  -.8676279411533453       3   0 2  0 0  0 0  0 1
    81  -.4195390813382234E-04   3   1 0  1 0  0 0  0 1
    82  -.4734514510783978E-04   3   0 1  1 0  0 0  0 1
    83  -.4140427051852427       3   0 0  2 0  0 0  0 1
    84  -.4813316242321658E-04   3   1 0  0 1  0 0  0 1
    85  -.5186560108863115E-04   3   0 1  0 1  0 0  0 1
    86  -.5189951819206540       3   0 0  1 1  0 0  0 1
    87  -.1318658193461237       3   0 0  0 2  0 0  0 1
    88  -.1012034045801027E-04   3   1 0  0 0  0 2  0 0
    89  -.1693094817800637E-04   3   0 1  0 0  0 2  0 0
    90  0.6684283914941487E-04   3   0 0  1 0  0 2  0 0
    91  0.6086213844610740E-04   3   0 0  0 1  0 2  0 0
    92  -.3830942568219944E-05   3   1 0  0 0  0 1  1 0
    93  -.1022750085217104E-04   3   0 1  0 0  0 1  1 0
    94  0.2123749706855031E-04   3   0 0  1 0  0 1  1 0
    95  0.4733799445626287E-04   3   0 0  0 1  0 1  1 0
    96  -.1918399825396257E-05   3   1 0  0 0  0 0  2 0
    97  -.5114802098848843E-05   3   0 1  0 0  0 0  2 0
    98  0.1064222505351936E-04   3   0 0  1 0  0 0  2 0
    99  0.2366211565961373E-04   3   0 0  0 1  0 0  2 0
   100  0.1586420511766151E-04   3   1 0  0 0  0 1  0 1
   101  0.2045244449695788E-04   3   0 1  0 0  0 1  0 1
   102  -.9869458734933949E-04   3   0 0  1 0  0 1  0 1
   103  -.9467903366050523E-04   3   0 0  0 1  0 1  0 1
   104  0.5001760757300844E-05   3   1 0  0 0  0 0  1 1
   105  0.9580705567781287E-05   3   0 1  0 0  0 0  1 1
   106  -.2615196759171168E-04   3   0 0  1 0  0 0  1 1
   107  -.4877034679577674E-04   3   0 0  0 1  0 0  1 1
   108  -.4997568745044993E-05   3   1 0  0 0  0 0  0 2
   109  -.4142850903101255E-05   3   0 1  0 0  0 0  0 2
   110  0.2612155542642476E-04   3   0 0  1 0  0 0  0 2
   111  0.2582007318850527E-04   3   0 0  0 1  0 0  0 2
   112  0.1788813504851143       3   0 0  0 0  0 3  0 0
   113  -.1073867926785300       3   0 0  0 0  0 2  1 0
   114  -.3589155545735057E-01   3   0 0  0 0  0 1  2 0
   115  -.3560303947161012E-01   3   0 0  0 0  0 0  3 0
   116  -.4201775851510459E-08   3   0 0  0 0  0 2  0 1
   117  0.1571581273105998E-09   3   0 0  0 0  0 1  1 1
   118  0.7558560794392325E-10   3   0 0  0 0  0 0  2 1
   119  0.5297488113661507E-09   3   0 0  0 0  0 1  0 2
   120  -.5384422920723642E-10   3   0 0  0 0  0 0  1 2
   121  0.1863186367001294E-09   3   0 0  0 0  0 0  0 3
   122  -2.626754643603622       4   4 0  0 0  0 0  0 0
   123  -13.22141661721727       4   3 1  0 0  0 0  0 0
   124  -25.06404898584979       4   2 2  0 0  0 0  0 0
   125  -21.30015704324773       4   1 3  0 0  0 0  0 0
   126  -7.132362502349107       4   0 4  0 0  0 0  0 0
   127  0.1798686711685862E-02   4   3 0  1 0  0 0  0 0
   128  0.7088536813586024E-02   4   2 1  1 0  0 0  0 0
   129  0.8256137553986187E-02   4   1 2  1 0  0 0  0 0
   130  0.2980521776320055E-02   4   0 3  1 0  0 0  0 0
   131  -6.918508321377637       4   2 0  2 0  0 0  0 0
   132  -14.00233551778458       4   1 1  2 0  0 0  0 0
   133  -8.157984372313400       4   0 2  2 0  0 0  0 0
   134  0.4200158593600465E-02   4   1 0  3 0  0 0  0 0
   135  0.3086913294977889E-02   4   0 1  3 0  0 0  0 0
   136  -1.342145613327317       4   0 0  4 0  0 0  0 0
   137  0.2695364819301896E-02   4   3 0  0 1  0 0  0 0
   138  0.9443415957418769E-02   4   2 1  0 1  0 0  0 0
   139  0.1036470171714108E-01   4   1 2  0 1  0 0  0 0
   140  0.3618664399506990E-02   4   0 3  0 1  0 0  0 0
   141  -9.781451001366335       4   2 0  1 1  0 0  0 0
   142  -18.74384319452648       4   1 1  1 1  0 0  0 0
   143  -10.74296025946314       4   0 2  1 1  0 0  0 0
   144  0.1019274064254645E-01   4   1 0  2 1  0 0  0 0
   145  0.7341838781227681E-02   4   0 1  2 1  0 0  0 0
   146  -4.290761734572214       4   0 0  3 1  0 0  0 0
   147  -3.334839031462063       4   2 0  0 2  0 0  0 0
   148  -6.604664076637768       4   1 1  0 2  0 0  0 0
   149  -4.367071644703985       4   0 2  0 2  0 0  0 0
   150  0.8070261404712547E-02   4   1 0  1 2  0 0  0 0
   151  0.5598678282990596E-02   4   0 1  1 2  0 0  0 0
   152  -5.321162205048113       4   0 0  2 2  0 0  0 0
   153  0.2017725562559546E-02   4   1 0  0 3  0 0  0 0
   154  0.1285606051682776E-02   4   0 1  0 3  0 0  0 0
   155  -3.027039619614315       4   0 0  1 3  0 0  0 0
   156  -.7587390366300772       4   0 0  0 4  0 0  0 0
   157  -.2902867261593572       4   3 0  0 0  0 1  0 0
   158  -1.141406030582914       4   2 1  0 0  0 1  0 0
   159  -1.418773546012837       4   1 2  0 0  0 1  0 0
   160  -.5648865820074784       4   0 3  0 0  0 1  0 0
   161  -.3454438227761770E-03   4   2 0  1 0  0 1  0 0
   162  -.1823642022855712E-02   4   1 1  1 0  0 1  0 0
   163  -.1713633561624761E-02   4   0 2  1 0  0 1  0 0
   164  -.9558089921950964E-01   4   1 0  2 0  0 1  0 0
   165  -.4051166283744820E-01   4   0 1  2 0  0 1  0 0
   166  -.4062901699762638E-03   4   0 0  3 0  0 1  0 0
   167  -.3576243004266217E-03   4   2 0  0 1  0 1  0 0
   168  -.1271322449515579E-02   4   1 1  0 1  0 1  0 0
   169  -.1176102354095920E-02   4   0 2  0 1  0 1  0 0
   170  -.9678500752771838E-01   4   1 0  1 1  0 1  0 0
   171  0.8470521215479444E-01   4   0 1  1 1  0 1  0 0
   172  -.1328849942221767E-02   4   0 0  2 1  0 1  0 0
   173  0.4207917368590235E-01   4   1 0  0 2  0 1  0 0
   174  0.1572985833614965       4   0 1  0 2  0 1  0 0
   175  -.1580976476269148E-02   4   0 0  1 2  0 1  0 0
   176  -.6413955034931804E-03   4   0 0  0 3  0 1  0 0
   177  -.1179007378069470       4   3 0  0 0  0 0  1 0
   178  -.5978014337359742       4   2 1  0 0  0 0  1 0
   179  -.8589918240967432       4   1 2  0 0  0 0  1 0
   180  -.3753468197029501       4   0 3  0 0  0 0  1 0
   181  -.2436900161067648E-03   4   2 0  1 0  0 0  1 0
   182  -.1571256107976862E-02   4   1 1  1 0  0 0  1 0
   183  -.1439461322713633E-02   4   0 2  1 0  0 0  1 0
   184  -.1802196939770419E-01   4   1 0  2 0  0 0  1 0
   185  -.2540337194214642E-01   4   0 1  2 0  0 0  1 0
   186  -.2349970300991205E-03   4   0 0  3 0  0 0  1 0
   187  -.4054641170063672E-03   4   2 0  0 1  0 0  1 0
   188  -.1421173528043052E-02   4   1 1  0 1  0 0  1 0
   189  -.1182215751753530E-02   4   0 2  0 1  0 0  1 0
   190  -.6092387306796336E-01   4   1 0  1 1  0 0  1 0
   191  0.2126065400642000E-01   4   0 1  1 1  0 0  1 0
   192  -.9222462973440957E-03   4   0 0  2 1  0 0  1 0
   193  0.9561106017601512E-02   4   1 0  0 2  0 0  1 0
   194  0.8532928405211876E-01   4   0 1  0 2  0 0  1 0
   195  -.1186525167992582E-02   4   0 0  1 2  0 0  1 0
   196  -.5007766332249671E-03   4   0 0  0 3  0 0  1 0
   197  0.4066188677959630       4   3 0  0 0  0 0  0 1
   198   1.192926349254605       4   2 1  0 0  0 0  0 1
   199   1.159433254742946       4   1 2  0 0  0 0  0 1
   200  0.3739564281144874       4   0 3  0 0  0 0  0 1
   201  0.7528500635933149E-03   4   2 0  1 0  0 0  0 1
   202  0.1940688400373021E-02   4   1 1  1 0  0 0  0 1
   203  0.1315763129439468E-02   4   0 2  1 0  0 0  0 1
   204  0.1129586651152336       4   1 0  2 0  0 0  0 1
   205  0.4991895912303314E-01   4   0 1  2 0  0 0  0 1
   206  0.6871299822415801E-03   4   0 0  3 0  0 0  0 1
   207  0.1412090468999399E-03   4   2 0  0 1  0 0  0 1
   208  0.5429566146337899E-03   4   1 1  0 1  0 0  0 1
   209  0.5473624334489964E-03   4   0 2  0 1  0 0  0 1
   210  0.1214063470209360       4   1 0  1 1  0 0  0 1
   211  0.2107320365759136E-01   4   0 1  1 1  0 0  0 1
   212  0.1488276146128939E-02   4   0 0  2 1  0 0  0 1
   213  0.1335875098615421E-01   4   1 0  0 2  0 0  0 1
   214  -.2633263976741618E-01   4   0 1  0 2  0 0  0 1
   215  0.1104219612852950E-02   4   0 0  1 2  0 0  0 1
   216  0.3201417920374856E-03   4   0 0  0 3  0 0  0 1
   217  -.6883366148357200       4   2 0  0 0  0 2  0 0
   218  -2.521771848078040       4   1 1  0 0  0 2  0 0
   219  -2.612687321277672       4   0 2  0 0  0 2  0 0
   220  -.4016732606985364E-04   4   1 0  1 0  0 2  0 0
   221  -.8442743385559342E-04   4   0 1  1 0  0 2  0 0
   222  -.3808848903964445       4   0 0  2 0  0 2  0 0
   223  -.8660427546342174E-04   4   1 0  0 1  0 2  0 0
   224  -.1445634046281041E-03   4   0 1  0 1  0 2  0 0
   225  -.6848963069069127       4   0 0  1 1  0 2  0 0
   226  -.6430718778851918       4   0 0  0 2  0 2  0 0
   227  -.3253474531854202       4   2 0  0 0  0 1  1 0
   228  -1.632008841866758       4   1 1  0 0  0 1  1 0
   229  -1.891876276225277       4   0 2  0 0  0 1  1 0
   230  -.1628933262755270E-04   4   1 0  1 0  0 1  1 0
   231  -.4929386918496617E-04   4   0 1  1 0  0 1  1 0
   232  -.1195590746830092       4   0 0  2 0  0 1  1 0
   233  -.5143117019873575E-04   4   1 0  0 1  0 1  1 0
   234  -.1079229561948945E-03   4   0 1  0 1  0 1  1 0
   235  -.5348296526049996       4   0 0  1 1  0 1  1 0
   236  -.4197490142758800       4   0 0  0 2  0 1  1 0
   237  -.1628078866531745       4   2 0  0 0  0 0  2 0
   238  -.8160518645490724       4   1 1  0 0  0 0  2 0
   239  -.9457843996922393       4   0 2  0 0  0 0  2 0
   240  -.8226607851192620E-05   4   1 0  1 0  0 0  2 0
   241  -.2472563444106986E-04   4   0 1  1 0  0 0  2 0
   242  -.5991478153166860E-01   4   0 0  2 0  0 0  2 0
   243  -.2577633113231848E-04   4   1 0  0 1  0 0  2 0
   244  -.5398453810636751E-04   4   0 1  0 1  0 0  2 0
   245  -.2673352594888515       4   0 0  1 1  0 0  2 0
   246  -.2098830020201333       4   0 0  0 2  0 0  2 0
   247   1.176277272550325       4   2 0  0 0  0 1  0 1
   248   3.264007230275584       4   1 1  0 0  0 1  0 1
   249   2.117417285957212       4   0 2  0 0  0 1  0 1
   250  0.5496165426061178E-04   4   1 0  1 0  0 1  0 1
   251  0.8938914477190827E-04   4   0 1  1 0  0 1  0 1
   252  0.5601929931964074       4   0 0  2 0  0 1  0 1
   253  0.9301591823272407E-04   4   1 0  0 1  0 1  0 1
   254  0.1285517132717223E-03   4   0 1  0 1  0 1  0 1
   255   1.069683760794456       4   0 0  1 1  0 1  0 1
   256  0.4063786055020682       4   0 0  0 2  0 1  0 1
   257  0.4555947094248431       4   2 0  0 0  0 0  1 1
   258   1.645213258065897       4   1 1  0 0  0 0  1 1
   259   1.249260041677297       4   0 2  0 0  0 0  1 1
   260  0.1915906481922698E-04   4   1 0  1 0  0 0  1 1
   261  0.4283936421879754E-04   4   0 1  1 0  0 0  1 1
   262  0.1465205658647954       4   0 0  2 0  0 0  1 1
   263  0.4518616893003866E-04   4   1 0  0 1  0 0  1 1
   264  0.7294204061632684E-04   4   0 1  0 1  0 0  1 1
   265  0.5506628909703699       4   0 0  1 1  0 0  1 1
   266  0.2743283334902307       4   0 0  0 2  0 0  1 1
   267  -.4554012261718048       4   2 0  0 0  0 0  0 2
   268  -.8358403796379907       4   1 1  0 0  0 0  0 2
   269  -.3818755511974012       4   0 2  0 0  0 0  0 2
   270  -.1631979806299672E-04   4   1 0  1 0  0 0  0 2
   271  -.1445559592457298E-04   4   0 1  1 0  0 0  0 2
   272  -.1463447996716655       4   0 0  2 0  0 0  0 2
   273  -.1589554794227343E-04   4   1 0  0 1  0 0  0 2
   274  -.1417692588942555E-04   4   0 1  0 1  0 0  0 2
   275  -.2911954124772929       4   0 0  1 1  0 0  0 2
   276  -.1425629483657864       4   0 0  0 2  0 0  0 2
   277  -.1400811594132436E-03   4   1 0  0 0  0 3  0 0
   278  -.2226051234574007E-03   4   0 1  0 0  0 3  0 0
   279  -.7279938836000512E-04   4   0 0  1 0  0 3  0 0
   280  -.7656425445252933E-04   4   0 0  0 1  0 3  0 0
   281  -.7345328307878310E-04   4   1 0  0 0  0 2  1 0
   282  -.1115035072468869E-03   4   0 1  0 0  0 2  1 0
   283  -.2131649165703120E-04   4   0 0  1 0  0 2  1 0
   284  -.6605532207046676E-04   4   0 0  0 1  0 2  1 0
   285  -.4624325919510927E-04   4   1 0  0 0  0 1  2 0
   286  -.6962236862935192E-04   4   0 1  0 0  0 1  2 0
   287  -.1137012321015029E-04   4   0 0  1 0  0 1  2 0
   288  -.4387126457467197E-04   4   0 0  0 1  0 1  2 0
   289  -.2451425797612738E-04   4   1 0  0 0  0 0  3 0
   290  -.3722025805507237E-04   4   0 1  0 0  0 0  3 0
   291  -.7137432387325578E-05   4   0 0  1 0  0 0  3 0
   292  -.2201129054543018E-04   4   0 0  0 1  0 0  3 0
   293  0.1216807427705511E-03   4   1 0  0 0  0 2  0 1
   294  0.9844749948030126E-04   4   0 1  0 0  0 2  0 1
   295  0.8111224614862963E-04   4   0 0  1 0  0 2  0 1
   296  0.1313025325531670E-03   4   0 0  0 1  0 2  0 1
   297  0.6557419340588926E-04   4   1 0  0 0  0 1  1 1
   298  0.5319345017143799E-04   4   0 1  0 0  0 1  1 1
   299  0.1694743905075338E-04   4   0 0  1 0  0 1  1 1
   300  0.8592190918103134E-04   4   0 0  0 1  0 1  1 1
   301  0.3280251723026972E-04   4   1 0  0 0  0 0  2 1
   302  0.2660899860990201E-04   4   0 1  0 0  0 0  2 1
   303  0.8511317229329370E-05   4   0 0  1 0  0 0  2 1
   304  0.4296296717718839E-04   4   0 0  0 1  0 0  2 1
   305  -.6477147159963427E-06   4   1 0  0 0  0 1  0 2
   306  0.1934336566299211E-05   4   0 1  0 0  0 1  0 2
   307  -.8344439906241752E-05   4   0 0  1 0  0 1  0 2
   308  -.2240722556256548E-04   4   0 0  0 1  0 1  0 2
   309  -.3847654507779006E-05   4   1 0  0 0  0 0  1 2
   310  -.1035340974696212E-05   4   0 1  0 0  0 0  1 2
   311  0.2327852057216663E-05   4   0 0  1 0  0 0  1 2
   312  -.1082422739771629E-04   4   0 0  0 1  0 0  1 2
   313  -.4415698039268759E-08   4   1 0  0 0  0 0  0 3
   314  0.5042237356054911E-07   4   0 1  0 0  0 0  0 3
   315  -.4190050987198672E-05   4   0 0  1 0  0 0  0 3
   316  -.3809897435462727E-05   4   0 0  0 1  0 0  0 3
   317  -.1565302515178830       4   0 0  0 0  0 4  0 0
   318  0.8947684359205452E-01   4   0 0  0 0  0 3  1 0
   319  0.2686485516406297E-01   4   0 0  0 0  0 2  2 0
   320  0.1798162697392500E-01   4   0 0  0 0  0 1  3 0
   321  0.2220686166674608E-01   4   0 0  0 0  0 0  4 0
   322  0.5740392094358603E-08   4   0 0  0 0  0 3  0 1
   323  0.3102099792111926E-08   4   0 0  0 0  0 2  1 1
   324  0.2491238352455866E-08   4   0 0  0 0  0 1  2 1
   325  0.8509982707197745E-09   4   0 0  0 0  0 0  3 1
   326  -.5751665792169023E-09   4   0 0  0 0  0 2  0 2
   327  0.7337642047823309E-10   4   0 0  0 0  0 1  1 2
   328  0.2113944906733947E-10   4   0 0  0 0  0 0  2 2
   329  -.3465936725262584E-09   4   0 0  0 0  0 1  0 3
   330  -.1603097466442787E-09   4   0 0  0 0  0 0  1 3
   331  -.1923838139630788E-10   4   0 0  0 0  0 0  0 4
   ----------------------------------------------------
     I  COEFFICIENT            ORDER EXPONENTS
     1   1.000000000000000       1   0 0  0 0  0 1  0 0
     --------------------------------------------------
     I  COEFFICIENT            ORDER EXPONENTS
     1   1.000000000000000       1   0 0  0 0  0 0  1 0
     --------------------------------------------------
     I  COEFFICIENT            ORDER EXPONENTS
     1   1.000000000000000       1   0 0  0 0  0 0  0 1
     --------------------------------------------------
