 L    0.1145458000000000E+01
 P (  0.0000000000000000E+00,  0.0000000000000000E+00,  0.9555200000000000E-01)
 A (  0.0000000000000000E+00,  0.0000000000000000E+00,  0.0000000000000000E+00)
     I  COEFFICIENT            ORDER EXPONENTS
     1  0.9519597276015496E-04   0   0 0  0 0  0 0  0 0
     2   1.651739812531878       1   1 0  0 0  0 0  0 0
     3   1.723389940704200       1   0 1  0 0  0 0  0 0
     4  0.1956244880634685E-04   1   0 0  1 0  0 0  0 0
     5  0.1722858001935617E-04   1   0 0  0 1  0 0  0 0
     6  -.9202307900585670E-06   1   0 0  0 0  0 1  0 0
     7  -.9189923868301172E-06   1   0 0  0 0  0 0  1 0
     8  0.1839223178726505E-05   1   0 0  0 0  0 0  0 1
     9  -.1657917758014923       2   2 0  0 0  0 0  0 0
    10  -.2962117427877342       2   1 1  0 0  0 0  0 0
    11  -.1329690706965988       2   0 2  0 0  0 0  0 0
    12  0.6661571670007105E-03   2   1 0  1 0  0 0  0 0
    13  0.2000610743256987E-03   2   0 1  1 0  0 0  0 0
    14  0.1182684911437962       2   0 0  2 0  0 0  0 0
    15  0.6780585372686013E-03   2   1 0  0 1  0 0  0 0
    16  0.3053442217820068E-03   2   0 1  0 1  0 0  0 0
    17  0.2108231950527064       2   0 0  1 1  0 0  0 0
    18  0.9473775145074695E-01   2   0 0  0 2  0 0  0 0
    19  -.3538804234586436       2   1 0  0 0  0 1  0 0
    20  -1.174613780746878       2   0 1  0 0  0 1  0 0
    21  -.1070565662635114E-04   2   0 0  1 0  0 1  0 0
    22  -.1810916383247400E-04   2   0 0  0 1  0 1  0 0
    23  -.3534041878625590       2   1 0  0 0  0 0  1 0
    24  -1.173033040878377       2   0 1  0 0  0 0  1 0
    25  -.1069124945820353E-04   2   0 0  1 0  0 0  1 0
    26  -.1808479337324357E-04   2   0 0  0 1  0 0  1 0
    27  0.7072846113537365       2   1 0  0 0  0 0  0 1
    28  0.6242568809535733       2   0 1  0 0  0 0  0 1
    29  0.2139688395446928E-04   2   0 0  1 0  0 0  0 1
    30  0.1896535584332516E-04   2   0 0  0 1  0 0  0 1
    31  0.4640916154637352E-06   2   0 0  0 0  0 2  0 0
    32  0.9195066450638944E-08   2   0 0  0 0  0 1  1 0
    33  0.4634608755999966E-06   2   0 0  0 0  0 0  2 0
    34  -.1721100079896500E-07   2   0 0  0 0  0 1  0 1
    35  -.1718783904507704E-07   2   0 0  0 0  0 0  1 1
    36  -.9024066746946171E-06   2   0 0  0 0  0 0  0 2
    37   2.140028584742891       3   3 0  0 0  0 0  0 0
    38   9.783014008713847       3   2 1  0 0  0 0  0 0
    39   13.15849178365658       3   1 2  0 0  0 0  0 0
    40   6.340280104541210       3   0 3  0 0  0 0  0 0
    41  -.1269127064230759E-01   3   2 0  1 0  0 0  0 0
    42  -.2231743443048508E-01   3   1 1  1 0  0 0  0 0
    43  -.9827576959928312E-02   3   0 2  1 0  0 0  0 0
    44  -1.708084720648250       3   1 0  2 0  0 0  0 0
    45  0.3836184076610213       3   0 1  2 0  0 0  0 0
    46  0.3045081848682821E-02   3   0 0  3 0  0 0  0 0
    47  -.1149924123914702E-01   3   2 0  0 1  0 0  0 0
    48  -.2037422105309230E-01   3   1 1  0 1  0 0  0 0
    49  -.9032653321569637E-02   3   0 2  0 1  0 0  0 0
    50  -4.937680843412301       3   1 0  1 1  0 0  0 0
    51  -1.604198401152989       3   0 1  1 1  0 0  0 0
    52  0.8097603298693036E-02   3   0 0  2 1  0 0  0 0
    53  -2.342280050464065       3   1 0  0 2  0 0  0 0
    54  -.2413613288301591       3   0 1  0 2  0 0  0 0
    55  0.7249204789456823E-02   3   0 0  1 2  0 0  0 0
    56  0.2194352770232440E-02   3   0 0  0 3  0 0  0 0
    57  0.1038520064540485       3   2 0  0 0  0 1  0 0
    58  0.3331388072376609       3   1 1  0 0  0 1  0 0
    59  0.2157182458112725       3   0 2  0 0  0 1  0 0
    60  -.3747505240789756E-03   3   1 0  1 0  0 1  0 0
    61  -.1881803103392349E-03   3   0 1  1 0  0 1  0 0
    62  -.5515712343117957E-01   3   0 0  2 0  0 1  0 0
    63  -.7945571324935099E-03   3   1 0  0 1  0 1  0 0
    64  -.5217184364099603E-03   3   0 1  0 1  0 1  0 0
    65  -.2030138631331257       3   0 0  1 1  0 1  0 0
    66  -.1383566949164945       3   0 0  0 2  0 1  0 0
    67  0.1037122473181373       3   2 0  0 0  0 0  1 0
    68  0.3326904847311671       3   1 1  0 0  0 0  1 0
    69  0.2154279423625078       3   0 2  0 0  0 0  1 0
    70  -.3742462024850490E-03   3   1 0  1 0  0 0  1 0
    71  -.1879270661462105E-03   3   0 1  1 0  0 0  1 0
    72  -.5508289557393090E-01   3   0 0  2 0  0 0  1 0
    73  -.7934878549507788E-03   3   1 0  0 1  0 0  1 0
    74  -.5210163323259769E-03   3   0 1  0 1  0 0  1 0
    75  -.2027406566438327       3   0 0  1 1  0 0  1 0
    76  -.1381705009970009       3   0 0  0 2  0 0  1 0
    77  -.2075645773886239       3   2 0  0 0  0 0  0 1
    78  -.3696180837226103       3   1 1  0 0  0 0  0 1
    79  -.1652082668813181       3   0 2  0 0  0 0  0 1
    80  0.7481707402808000E-03   3   1 0  1 0  0 0  0 1
    81  0.1752101596945684E-03   3   0 1  1 0  0 0  0 1
    82  0.1102401899217487       3   0 0  2 0  0 0  0 1
    83  0.9091245834840114E-03   3   1 0  0 1  0 0  0 1
    84  0.4311697354466960E-03   3   0 1  0 1  0 0  0 1
    85  0.1949315925032626       3   0 0  1 1  0 0  0 1
    86  0.8705179636863536E-01   3   0 0  0 2  0 0  0 1
    87  0.2797218281649901       3   1 0  0 0  0 2  0 0
    88   1.049009755597321       3   0 1  0 0  0 2  0 0
    89  0.8496062599510526E-05   3   0 0  1 0  0 2  0 0
    90  0.1877852795627562E-04   3   0 0  0 1  0 2  0 0
    91  0.2057622945647383       3   1 0  0 0  0 1  1 0
    92  0.9237418729110487       3   0 1  0 0  0 1  1 0
    93  0.6217404455460676E-05   3   0 0  1 0  0 1  1 0
    94  0.1937076755286262E-04   3   0 0  0 1  0 1  1 0
    95  0.2792069391120877       3   1 0  0 0  0 0  2 0
    96   1.046976483567298       3   0 1  0 0  0 0  2 0
    97  0.8480445453919797E-05   3   0 0  1 0  0 0  2 0
    98  0.1874022256536007E-04   3   0 0  0 1  0 0  2 0
    99  -.4113259888147863       3   1 0  0 0  0 1  0 1
   100  -.6725346935605596       3   0 1  0 0  0 1  0 1
   101  -.1237855376008491E-04   3   0 0  1 0  0 1  0 1
   102  -.2054026182553244E-04   3   0 0  0 1  0 1  0 1
   103  -.4107724456841610       3   1 0  0 0  0 0  1 1
   104  -.6716296280654268       3   0 1  0 0  0 0  1 1
   105  -.1236189528581560E-04   3   0 0  1 0  0 0  1 1
   106  -.2051261970919663E-04   3   0 0  0 1  0 0  1 1
   107  0.5740703810731540E-01   3   1 0  0 0  0 0  0 2
   108  0.4782542350895488E-01   3   0 1  0 0  0 0  0 2
   109  0.1602629973763230E-05   3   0 0  1 0  0 0  0 2
   110  0.1512246443496671E-05   3   0 0  0 1  0 0  0 2
   111  -.2300595173672340E-06   3   0 0  0 0  0 3  0 0
   112  0.2375717680453260E-06   3   0 0  0 0  0 2  1 0
   113  0.2366284188018057E-06   3   0 0  0 0  0 1  2 0
   114  -.2297547540808405E-06   3   0 0  0 0  0 0  3 0
   115  -.4758622254821512E-06   3   0 0  0 0  0 2  0 1
   116  -.9674891296257936E-06   3   0 0  0 0  0 1  1 1
   117  -.4745708319850657E-06   3   0 0  0 0  0 0  2 1
   118  0.9768370218364794E-06   3   0 0  0 0  0 1  0 2
   119  0.9755224406092106E-06   3   0 0  0 0  0 0  1 2
   120  -.4922043688311505E-07   3   0 0  0 0  0 0  0 3
   121  -19.72622909576099       4   4 0  0 0  0 0  0 0
   122  -73.17927960209514       4   3 1  0 0  0 0  0 0
   123  -102.3623454560750       4   2 2  0 0  0 0  0 0
   124  -64.10560839140850       4   1 3  0 0  0 0  0 0
   125  -15.18805797581179       4   0 4  0 0  0 0  0 0
   126  -.9018993020278719E-02   4   3 0  1 0  0 0  0 0
   127  -.2468014311225069E-01   4   2 1  1 0  0 0  0 0
   128  -.2408457181093305E-01   4   1 2  1 0  0 0  0 0
   129  -.8332845866983629E-02   4   0 3  1 0  0 0  0 0
   130   75.07294554401516       4   2 0  2 0  0 0  0 0
   131   132.6755080899518       4   1 1  2 0  0 0  0 0
   132   59.08954991993455       4   0 2  2 0  0 0  0 0
   133  0.6404712599591951E-02   4   1 0  3 0  0 0  0 0
   134  0.5372812063263631E-02   4   0 1  3 0  0 0  0 0
   135  -9.057348295436157       4   0 0  4 0  0 0  0 0
   136  -.7695175679480921E-02   4   3 0  0 1  0 0  0 0
   137  -.2000375598649717E-01   4   2 1  0 1  0 0  0 0
   138  -.1788723088459710E-01   4   1 2  0 1  0 0  0 0
   139  -.5594318594091167E-02   4   0 3  0 1  0 0  0 0
   140   137.4223672799495       4   2 0  1 1  0 0  0 0
   141   244.6807734655092       4   1 1  1 1  0 0  0 0
   142   109.8686179065017       4   0 2  1 1  0 0  0 0
   143  0.1692769665768136E-01   4   1 0  2 1  0 0  0 0
   144  0.1444846984288464E-01   4   0 1  2 1  0 0  0 0
   145  -31.92799118794113       4   0 0  3 1  0 0  0 0
   146   63.20336787972190       4   2 0  0 2  0 0  0 0
   147   113.2312614828284       4   1 1  0 2  0 0  0 0
   148   51.19296299995774       4   0 2  0 2  0 0  0 0
   149  0.1454053108430531E-01   4   1 0  1 2  0 0  0 0
   150  0.1257304666892342E-01   4   0 1  1 2  0 0  0 0
   151  -42.48148326022335       4   0 0  2 2  0 0  0 0
   152  0.4542743530828252E-02   4   1 0  0 3  0 0  0 0
   153  0.3926746521735571E-02   4   0 1  0 3  0 0  0 0
   154  -25.18656200368570       4   0 0  1 3  0 0  0 0
   155  -5.591548793724819       4   0 0  0 4  0 0  0 0
   156  -3.504437688882369       4   3 0  0 0  0 1  0 0
   157  -17.95043545354959       4   2 1  0 0  0 1  0 0
   158  -28.55445678495309       4   1 2  0 0  0 1  0 0
   159  -15.49815356594324       4   0 3  0 0  0 1  0 0
   160  0.1350150253068942E-02   4   2 0  1 0  0 1  0 0
   161  0.1213167114963489E-01   4   1 1  1 0  0 1  0 0
   162  0.9537248553180663E-02   4   0 2  1 0  0 1  0 0
   163  0.8647912459517652       4   1 0  2 0  0 1  0 0
   164  -.6701260804489667       4   0 1  2 0  0 1  0 0
   165  -.4354788028247908E-03   4   0 0  3 0  0 1  0 0
   166  0.6132661562931272E-02   4   2 0  0 1  0 1  0 0
   167  0.1962641962721607E-01   4   1 1  0 1  0 1  0 0
   168  0.1248517505645065E-01   4   0 2  0 1  0 1  0 0
   169   5.972526001317908       4   1 0  1 1  0 1  0 0
   170   2.837501509189380       4   0 1  1 1  0 1  0 0
   171  -.4791985978445900E-02   4   0 0  2 1  0 1  0 0
   172   4.377234850752860       4   1 0  0 2  0 1  0 0
   173   1.326899998633615       4   0 1  0 2  0 1  0 0
   174  -.7515973244173607E-02   4   0 0  1 2  0 1  0 0
   175  -.3252007512687688E-02   4   0 0  0 3  0 1  0 0
   176  -3.499721581798992       4   3 0  0 0  0 0  1 0
   177  -17.92627860349045       4   2 1  0 0  0 0  1 0
   178  -28.51602954273618       4   1 2  0 0  0 0  1 0
   179  -15.47729688127660       4   0 3  0 0  0 0  1 0
   180  0.1348333284488749E-02   4   2 0  1 0  0 0  1 0
   181  0.1211534491834760E-01   4   1 1  1 0  0 0  1 0
   182  0.9524413773552769E-02   4   0 2  1 0  0 0  1 0
   183  0.8636274506491574       4   1 0  2 0  0 0  1 0
   184  -.6692242563518506       4   0 1  2 0  0 0  1 0
   185  -.4348927559753542E-03   4   0 0  3 0  0 0  1 0
   186  0.6124408516022224E-02   4   2 0  0 1  0 0  1 0
   187  0.1960000731664291E-01   4   1 1  0 1  0 0  1 0
   188  0.1246837309626561E-01   4   0 2  0 1  0 0  1 0
   189   5.964488457300722       4   1 0  1 1  0 0  1 0
   190   2.833682933385121       4   0 1  1 1  0 0  1 0
   191  -.4785537149554583E-02   4   0 0  2 1  0 0  1 0
   192   4.371344174382639       4   1 0  0 2  0 0  1 0
   193   1.325114319150082       4   0 1  0 2  0 0  1 0
   194  -.7505858601597148E-02   4   0 0  1 2  0 0  1 0
   195  -.3247631114238918E-02   4   0 0  0 3  0 0  1 0
   196   7.001550885549767       4   3 0  0 0  0 0  0 1
   197   26.08558152701961       4   2 1  0 0  0 0  0 1
   198   30.74505893772718       4   1 2  0 0  0 0  0 1
   199   11.95167481111388       4   0 3  0 0  0 0  0 1
   200  0.1330967863817153E-02   4   2 0  1 0  0 0  0 1
   201  0.2894187585148898E-02   4   1 1  1 0  0 0  0 1
   202  0.1575324582050529E-02   4   0 2  1 0  0 0  0 1
   203  -1.724404229693213       4   1 0  2 0  0 0  0 1
   204  0.9597677674777889       4   0 1  2 0  0 0  0 1
   205  -.8465705970649615E-04   4   0 0  3 0  0 0  0 1
   206  0.1485085623384566E-02   4   2 0  0 1  0 0  0 1
   207  0.3120258606958900E-02   4   1 1  0 1  0 0  0 1
   208  0.1659465022429659E-02   4   0 2  0 1  0 0  0 1
   209  -6.991013765528141       4   1 0  1 1  0 0  0 1
   210  -2.454376539519838       4   0 1  1 1  0 0  0 1
   211  -.2969039350358410E-03   4   0 0  2 1  0 0  0 1
   212  -4.059684010390115       4   1 0  0 2  0 0  0 1
   213  -1.923526384130511       4   0 1  0 2  0 0  0 1
   214  -.3076492639772451E-03   4   0 0  1 2  0 0  0 1
   215  -.8700034906409925E-04   4   0 0  0 3  0 0  0 1
   216  -.9120274481700774E-01   4   2 0  0 0  0 2  0 0
   217  -.3666888677900513       4   1 1  0 0  0 2  0 0
   218  -.2892504381360390       4   0 2  0 0  0 2  0 0
   219  -.1760641573455077E-03   4   1 0  1 0  0 2  0 0
   220  -.4443565811365269E-04   4   0 1  1 0  0 2  0 0
   221  0.3924043342722584E-01   4   0 0  2 0  0 2  0 0
   222  0.4878795219800144E-03   4   1 0  0 1  0 2  0 0
   223  0.5771241062736936E-03   4   0 1  0 1  0 2  0 0
   224  0.1970756305624082       4   0 0  1 1  0 2  0 0
   225  0.1690975710637861       4   0 0  0 2  0 2  0 0
   226  -.7724480296333783E-01   4   2 0  0 0  0 1  1 0
   227  -.3971420782926744       4   1 1  0 0  0 1  1 0
   228  -.3606993572227962       4   0 2  0 0  0 1  1 0
   229  -.2891924117368901E-03   4   1 0  1 0  0 1  1 0
   230  -.9714801389632655E-04   4   0 1  1 0  0 1  1 0
   231  0.2394813930556777E-01   4   0 0  2 0  0 1  1 0
   232  0.5428767200668957E-03   4   1 0  0 1  0 1  1 0
   233  0.7448706247597008E-03   4   0 1  0 1  0 1  1 0
   234  0.1919928186182747       4   0 0  1 1  0 1  1 0
   235  0.2001451635836717       4   0 0  0 2  0 1  1 0
   236  -.9102803225356543E-01   4   2 0  0 0  0 0  2 0
   237  -.3659281676470703       4   1 1  0 0  0 0  2 0
   238  -.2886184724304052       4   0 2  0 0  0 0  2 0
   239  -.1756326277408968E-03   4   1 0  1 0  0 0  2 0
   240  -.4431049008975975E-04   4   0 1  1 0  0 0  2 0
   241  0.3917151136263685E-01   4   0 0  2 0  0 0  2 0
   242  0.4868576677598225E-03   4   1 0  0 1  0 0  2 0
   243  0.5758462339592498E-03   4   0 1  0 1  0 0  2 0
   244  0.1966812280231560       4   0 0  1 1  0 0  2 0
   245  0.1687353345576230       4   0 0  0 2  0 0  2 0
   246  0.1527261369126353       4   2 0  0 0  0 1  0 1
   247  0.4563245831433254       4   1 1  0 0  0 1  0 1
   248  0.2862708306780130       4   0 2  0 0  0 1  0 1
   249  0.5122559678642461E-03   4   1 0  1 0  0 1  0 1
   250  0.4601883517030289E-03   4   0 1  1 0  0 1  0 1
   251  -.4835681812084966E-01   4   0 0  2 0  0 1  0 1
   252  -.1608886765687358E-03   4   1 0  0 1  0 1  0 1
   253  -.7887620892542334E-04   4   0 1  0 1  0 1  0 1
   254  -.1815639545820239       4   0 0  1 1  0 1  0 1
   255  -.1241035862837231       4   0 0  0 2  0 1  0 1
   256  0.1525206052753122       4   2 0  0 0  0 0  1 1
   257  0.4557104830251644       4   1 1  0 0  0 0  1 1
   258  0.2858855808855633       4   0 2  0 0  0 0  1 1
   259  0.5115665979244823E-03   4   1 0  1 0  0 0  1 1
   260  0.4595690519072325E-03   4   0 1  1 0  0 0  1 1
   261  -.4829174179400048E-01   4   0 0  2 0  0 0  1 1
   262  -.1606721601702300E-03   4   1 0  0 1  0 0  1 1
   263  -.7877006104075804E-04   4   0 1  0 1  0 0  1 1
   264  -.1813196143687601       4   0 0  1 1  0 0  1 1
   265  -.1239365735261017       4   0 0  0 2  0 0  1 1
   266  -.4706921921683184E-01   4   2 0  0 0  0 0  0 2
   267  -.8251598547155732E-01   4   1 1  0 0  0 0  0 2
   268  -.3615089899579383E-01   4   0 2  0 0  0 0  0 2
   269  -.4801481189396306E-03   4   1 0  1 0  0 0  0 2
   270  -.4666045312447877E-03   4   0 1  1 0  0 0  0 2
   271  -.6214740341387757E-02   4   0 0  2 0  0 0  0 2
   272  -.3766068065736921E-03   4   1 0  0 1  0 0  0 2
   273  -.3744149451963524E-03   4   0 1  0 1  0 0  0 2
   274  -.1269801154876320E-01   4   0 0  1 1  0 0  0 2
   275  -.6280818003437780E-02   4   0 0  0 2  0 0  0 2
   276  -.2429114025871353       4   1 0  0 0  0 3  0 0
   277  -.9924383923922711       4   0 1  0 0  0 3  0 0
   278  -.1129966909958645E-04   4   0 0  1 0  0 3  0 0
   279  -.2384998002628298E-04   4   0 0  0 1  0 3  0 0
   280  -.1693272751055093       4   1 0  0 0  0 2  1 0
   281  -.8793424047217562       4   0 1  0 0  0 2  1 0
   282  -.7510302360708198E-05   4   0 0  1 0  0 2  1 0
   283  -.2352480688563325E-04   4   0 0  0 1  0 2  1 0
   284  -.1694751542944761       4   1 0  0 0  0 1  2 0
   285  -.8795680075625196       4   0 1  0 0  0 1  2 0
   286  -.7517920991052119E-05   4   0 0  1 0  0 1  2 0
   287  -.2352539849937715E-04   4   0 0  0 1  0 1  2 0
   288  -.2423072718035632       4   1 0  0 0  0 0  3 0
   289  -.9898441358606782       4   0 1  0 0  0 0  3 0
   290  -.1127181256543282E-04   4   0 0  1 0  0 0  3 0
   291  -.2378602780078338E-04   4   0 0  0 1  0 0  3 0
   292  0.3385991008958349       4   1 0  0 0  0 2  0 1
   293  0.7096069763250219       4   0 1  0 0  0 2  0 1
   294  0.1375041797231580E-04   4   0 0  1 0  0 2  0 1
   295  0.2576595264108409E-04   4   0 0  0 1  0 2  0 1
   296  0.2660602704730071       4   1 0  0 0  0 1  1 1
   297  0.7465713870976852       4   0 1  0 0  0 1  1 1
   298  0.1003248648723532E-04   4   0 0  1 0  0 1  1 1
   299  0.2562960336060786E-04   4   0 0  0 1  0 1  1 1
   300  0.3379644044969641       4   1 0  0 0  0 0  2 1
   301  0.7081496704048695       4   0 1  0 0  0 0  2 1
   302  0.1372516268409351E-04   4   0 0  1 0  0 0  2 1
   303  0.2571403248016635E-04   4   0 0  0 1  0 0  2 1
   304  -.6029219402184513E-01   4   1 0  0 0  0 1  0 2
   305  -.7407911142316709E-01   4   0 1  0 0  0 1  0 2
   306  -.6360499049130268E-06   4   0 0  1 0  0 1  0 2
   307  -.1213987332995797E-05   4   0 0  0 1  0 1  0 2
   308  -.6021105562860210E-01   4   1 0  0 0  0 0  1 2
   309  -.7397941924624046E-01   4   0 1  0 0  0 0  1 2
   310  -.6351939389269444E-06   4   0 0  1 0  0 0  1 2
   311  -.1212353606056255E-05   4   0 0  0 1  0 0  1 2
   312  0.1895547735648442E-02   4   1 0  0 0  0 0  0 3
   313  0.1526689473266470E-02   4   0 1  0 0  0 0  0 3
   314  0.1209926376248218E-06   4   0 0  1 0  0 0  0 3
   315  0.9773231700823950E-07   4   0 0  0 1  0 0  0 3
   316  -.3414657135674141E-04   4   0 0  0 0  0 4  0 0
   317  -.2361829570648415E-04   4   0 0  0 0  0 3  1 0
   318  -.2223070780924104E-04   4   0 0  0 0  0 2  2 0
   319  -.2364835490194424E-04   4   0 0  0 0  0 1  3 0
   320  -.3403883589078327E-04   4   0 0  0 0  0 0  4 0
   321  0.9569344274855463E-05   4   0 0  0 0  0 3  0 1
   322  0.1008672365973965E-04   4   0 0  0 0  0 2  1 1
   323  0.1008565326669758E-04   4   0 0  0 0  0 1  2 1
   324  0.9543249342829754E-05   4   0 0  0 0  0 0  3 1
   325  -.7623868516177289E-06   4   0 0  0 0  0 2  0 2
   326  -.9504290006755604E-06   4   0 0  0 0  0 1  1 2
   327  -.7607213460443963E-06   4   0 0  0 0  0 0  2 2
   328  0.2086252486461292E-07   4   0 0  0 0  0 1  0 3
   329  0.2083444906186685E-07   4   0 0  0 0  0 0  1 3
   330  -.6656559313267086E-14   4   0 0  0 0  0 0  0 4
   ----------------------------------------------------
     I  COEFFICIENT            ORDER EXPONENTS
     1  0.4561489575165547E-04   0   0 0  0 0  0 0  0 0
     2   3.086242727623184       1   1 0  0 0  0 0  0 0
     3   3.825541785243816       1   0 1  0 0  0 0  0 0
     4  0.8821894454338462E-04   1   0 0  1 0  0 0  0 0
     5  0.8123230198672153E-04   1   0 0  0 1  0 0  0 0
     6  0.2122014015128333E-05   1   0 0  0 0  0 1  0 0
     7  0.2119158308673863E-05   1   0 0  0 0  0 0  1 0
     8  0.4137372343664032E-04   1   0 0  0 0  0 0  0 1
     9  -.8345327688708226       2   2 0  0 0  0 0  0 0
    10  -1.526962867105333       2   1 1  0 0  0 0  0 0
    11  -.7020269400655147       2   0 2  0 0  0 0  0 0
    12  0.3742939121400040E-02   2   1 0  1 0  0 0  0 0
    13  0.2735446502777178E-02   2   0 1  1 0  0 0  0 0
    14  0.5252789012749709       2   0 0  2 0  0 0  0 0
    15  0.3440940941236773E-02   2   1 0  0 1  0 0  0 0
    16  0.2589556075917924E-02   2   0 1  0 1  0 0  0 0
    17  0.9613418881918304       2   0 0  1 1  0 0  0 0
    18  0.4444030210213908       2   0 0  0 2  0 0  0 0
    19  -.1958025940966071       2   1 0  0 0  0 1  0 0
    20  -1.579427396939206       2   0 1  0 0  0 1  0 0
    21  -.5189948424516615E-05   2   0 0  1 0  0 1  0 0
    22  -.4570451038512785E-04   2   0 0  0 1  0 1  0 0
    23  -.1955390921933270       2   1 0  0 0  0 0  1 0
    24  -1.577301877984238       2   0 1  0 0  0 0  1 0
    25  -.5182964036520736E-05   2   0 0  1 0  0 0  1 0
    26  -.4564300340903048E-04   2   0 0  0 1  0 0  1 0
    27   3.477584414087957       2   1 0  0 0  0 0  0 1
    28   3.156729275098038       2   0 1  0 0  0 0  0 1
    29  0.9859170460986184E-04   2   0 0  1 0  0 0  0 1
    30  0.9134736297975140E-04   2   0 0  0 1  0 0  0 1
    31  -.1687411674396782E-05   2   0 0  0 0  0 2  0 0
    32  -.1253970927055602E-05   2   0 0  0 0  0 1  1 0
    33  -.1684297067801154E-05   2   0 0  0 0  0 0  2 0
    34  0.4628794338491055E-05   2   0 0  0 0  0 1  0 1
    35  0.4622565125218374E-05   2   0 0  0 0  0 0  1 1
    36  -.4625679520670675E-05   2   0 0  0 0  0 0  0 2
    37  -14.87214020273929       3   3 0  0 0  0 0  0 0
    38  -43.14902170392113       3   2 1  0 0  0 0  0 0
    39  -43.09907730102341       3   1 2  0 0  0 0  0 0
    40  -13.30349973483492       3   0 3  0 0  0 0  0 0
    41  -.6318858328759101E-01   3   2 0  1 0  0 0  0 0
    42  -.1144667466674194       3   1 1  1 0  0 0  0 0
    43  -.5209316216822324E-01   3   0 2  1 0  0 0  0 0
    44  -18.04657893124261       3   1 0  2 0  0 0  0 0
    45  -14.16016822832854       3   0 1  2 0  0 0  0 0
    46  0.1322719457926097E-01   3   0 0  3 0  0 0  0 0
    47  -.5981573299038197E-01   3   2 0  0 1  0 0  0 0
    48  -.1093547858914545       3   1 1  0 1  0 0  0 0
    49  -.5017715974486622E-01   3   0 2  0 1  0 0  0 0
    50  -38.65286239260014       3   1 0  1 1  0 0  0 0
    51  -31.89774407038955       3   0 1  1 1  0 0  0 0
    52  0.3597531493983822E-01   3   0 0  2 1  0 0  0 0
    53  -18.30178829526520       3   1 0  0 2  0 0  0 0
    54  -14.12495847622021       3   0 1  0 2  0 0  0 0
    55  0.3294998430301042E-01   3   0 0  1 2  0 0  0 0
    56  0.1020787152193884E-01   3   0 0  0 3  0 0  0 0
    57  0.1461538724667912       3   2 0  0 0  0 1  0 0
    58   1.024228769745018       3   1 1  0 0  0 1  0 0
    59  0.8182820403012484       3   0 2  0 0  0 1  0 0
    60  -.1457774897364927E-02   3   1 0  1 0  0 1  0 0
    61  -.2466373934975866E-02   3   0 1  1 0  0 1  0 0
    62  0.1945309634187514E-01   3   0 0  2 0  0 1  0 0
    63  -.3290523901772915E-02   3   1 0  0 1  0 1  0 0
    64  -.3846827852401529E-02   3   0 1  0 1  0 1  0 0
    65  -.4395038561012541       3   0 0  1 1  0 1  0 0
    66  -.4235374330722713       3   0 0  0 2  0 1  0 0
    67  0.1459571854732161       3   2 0  0 0  0 0  1 0
    68   1.022850410936921       3   1 1  0 0  0 0  1 0
    69  0.8171808348957057       3   0 2  0 0  0 0  1 0
    70  -.1455813092610601E-02   3   1 0  1 0  0 0  1 0
    71  -.2463054805170351E-02   3   0 1  1 0  0 0  1 0
    72  0.1942691728161129E-01   3   0 0  2 0  0 0  1 0
    73  -.3286095669782929E-02   3   1 0  0 1  0 0  1 0
    74  -.3841650972772482E-02   3   0 1  0 1  0 0  1 0
    75  -.4389123925248115       3   0 0  1 1  0 0  1 0
    76  -.4229674563554703       3   0 0  0 2  0 0  1 0
    77  -1.126646619389861       3   2 0  0 0  0 0  0 1
    78  -2.047083884526500       3   1 1  0 0  0 0  0 1
    79  -.9334379139618422       3   0 2  0 0  0 0  0 1
    80  0.6652340357728247E-02   3   1 0  1 0  0 0  0 1
    81  0.4925225676648450E-02   3   0 1  1 0  0 0  0 1
    82  0.4864005188999123       3   0 0  2 0  0 0  0 1
    83  0.6572077751822268E-02   3   1 0  0 1  0 0  0 1
    84  0.5094306508977858E-02   3   0 1  0 1  0 0  0 1
    85  0.8784189972008324       3   0 0  1 1  0 0  0 1
    86  0.4021030184669684       3   0 0  0 2  0 0  0 1
    87  0.1510617179117641       3   1 0  0 0  0 2  0 0
    88   1.270668370668246       3   0 1  0 0  0 2  0 0
    89  0.3556221175176214E-05   3   0 0  1 0  0 2  0 0
    90  0.3646419322064018E-04   3   0 0  0 1  0 2  0 0
    91  0.1064404912044808       3   1 0  0 0  0 1  1 0
    92  0.9627371817501390       3   0 1  0 0  0 1  1 0
    93  0.1909406351590917E-05   3   0 0  1 0  0 1  1 0
    94  0.2724732506073441E-04   3   0 0  0 1  0 1  1 0
    95  0.1507868048727453       3   1 0  0 0  0 0  2 0
    96   1.268310561896044       3   0 1  0 0  0 0  2 0
    97  0.3550150585779808E-05   3   0 0  1 0  0 0  2 0
    98  0.3639678734492865E-04   3   0 0  0 1  0 0  2 0
    99  -.4085631126051709       3   1 0  0 0  0 1  0 1
   100  -1.924645837935511       3   0 1  0 0  0 1  0 1
   101  -.9119664340470170E-05   3   0 0  1 0  0 1  0 1
   102  -.5456671544292967E-04   3   0 0  0 1  0 1  0 1
   103  -.4080132876231358       3   1 0  0 0  0 0  1 1
   104  -1.922055740272230       3   0 1  0 0  0 0  1 1
   105  -.9107391525995548E-05   3   0 0  1 0  0 0  1 1
   106  -.5449328212892668E-04   3   0 0  0 1  0 0  1 1
   107  0.4082877284029977       3   1 0  0 0  0 0  0 2
   108  0.3449857588271669       3   0 1  0 0  0 0  0 2
   109  0.9146889049784196E-05   3   0 0  1 0  0 0  0 2
   110  0.8919059692139427E-05   3   0 0  0 1  0 0  0 2
   111  0.1470582007327381E-05   3   0 0  0 0  0 3  0 0
   112  0.1038957883860538E-05   3   0 0  0 0  0 2  1 0
   113  0.1039825178017537E-05   3   0 0  0 0  0 1  2 0
   114  0.1466915299706069E-05   3   0 0  0 0  0 0  3 0
   115  -.3766997718497601E-05   3   0 0  0 0  0 2  0 1
   116  -.2908247660184491E-05   3   0 0  0 0  0 1  1 1
   117  -.3759971379179345E-05   3   0 0  0 0  0 0  2 1
   118  0.2908504860239295E-05   3   0 0  0 0  0 1  0 2
   119  0.2904590731471590E-05   3   0 0  0 0  0 0  1 2
   120  -.3959906359220406E-06   3   0 0  0 0  0 0  0 3
   121  -88.85292564551150       4   4 0  0 0  0 0  0 0
   122  -329.4190712176637       4   3 1  0 0  0 0  0 0
   123  -459.8191795369291       4   2 2  0 0  0 0  0 0
   124  -287.0955690891335       4   1 3  0 0  0 0  0 0
   125  -67.79877495934619       4   0 4  0 0  0 0  0 0
   126  -.4334535083857770E-01   4   3 0  1 0  0 0  0 0
   127  -.1141425469615998       4   2 1  1 0  0 0  0 0
   128  -.1006356020135114       4   1 2  1 0  0 0  0 0
   129  -.2825586423478516E-01   4   0 3  1 0  0 0  0 0
   130   350.6910557986457       4   2 0  2 0  0 0  0 0
   131   630.1679782197798       4   1 1  2 0  0 0  0 0
   132   284.5436852745020       4   0 2  2 0  0 0  0 0
   133  0.3319751181106532E-01   4   1 0  3 0  0 0  0 0
   134  0.3204863467280399E-01   4   0 1  3 0  0 0  0 0
   135  -39.70474863596936       4   0 0  4 0  0 0  0 0
   136  -.4085229302153217E-01   4   3 0  0 1  0 0  0 0
   137  -.1090834318076711       4   2 1  0 1  0 0  0 0
   138  -.9597811417113808E-01   4   1 2  0 1  0 0  0 0
   139  -.2669980740384242E-01   4   0 3  0 1  0 0  0 0
   140   658.6176668304633       4   2 0  1 1  0 0  0 0
   141   1192.553817185938       4   1 1  1 1  0 0  0 0
   142   543.0233509620365       4   0 2  1 1  0 0  0 0
   143  0.9632183970610232E-01   4   1 0  2 1  0 0  0 0
   144  0.9318482257996126E-01   4   0 1  2 1  0 0  0 0
   145  -143.0026791661102       4   0 0  3 1  0 0  0 0
   146   311.5201811690996       4   2 0  0 2  0 0  0 0
   147   567.5715780614890       4   1 1  0 2  0 0  0 0
   148   260.2158853441160       4   0 2  0 2  0 0  0 0
   149  0.9318136418796912E-01   4   1 0  1 2  0 0  0 0
   150  0.9144349262320663E-01   4   0 1  1 2  0 0  0 0
   151  -194.9630206163925       4   0 0  2 2  0 0  0 0
   152  0.3167036482731334E-01   4   1 0  0 3  0 0  0 0
   153  0.3147563252056498E-01   4   0 1  0 3  0 0  0 0
   154  -118.8211957678817       4   0 0  1 3  0 0  0 0
   155  -27.21340747631625       4   0 0  0 4  0 0  0 0
   156   11.81501319164574       4   3 0  0 0  0 1  0 0
   157   55.26165220316874       4   2 1  0 0  0 1  0 0
   158   75.13442200195250       4   1 2  0 0  0 1  0 0
   159   30.03015863643900       4   0 3  0 0  0 1  0 0
   160  -.5688120606403142E-02   4   2 0  1 0  0 1  0 0
   161  0.3966651117922525E-01   4   1 1  1 0  0 1  0 0
   162  0.4054553500819661E-01   4   0 2  1 0  0 1  0 0
   163   5.862266477235060       4   1 0  2 0  0 1  0 0
   164   10.98581073106861       4   0 1  2 0  0 1  0 0
   165  0.1163926595101792E-02   4   0 0  3 0  0 1  0 0
   166  0.1948279417982246E-01   4   2 0  0 1  0 1  0 0
   167  0.8270552471740451E-01   4   1 1  0 1  0 1  0 0
   168  0.5932005246543420E-01   4   0 2  0 1  0 1  0 0
   169   33.59279342642701       4   1 0  1 1  0 1  0 0
   170   42.65109909508242       4   0 1  1 1  0 1  0 0
   171  -.1229551030773103E-01   4   0 0  2 1  0 1  0 0
   172   26.13947161434183       4   1 0  0 2  0 1  0 0
   173   27.39880754790571       4   0 1  0 2  0 1  0 0
   174  -.2513430575736398E-01   4   0 0  1 2  0 1  0 0
   175  -.1202020869776850E-01   4   0 0  0 3  0 1  0 0
   176   11.79911310371488       4   3 0  0 0  0 0  1 0
   177   55.18728367602608       4   2 1  0 0  0 0  1 0
   178   75.03330963778616       4   1 2  0 0  0 0  1 0
   179   29.98974546421898       4   0 3  0 0  0 0  1 0
   180  -.5680465801762870E-02   4   2 0  1 0  0 0  1 0
   181  0.3961312985789819E-01   4   1 1  1 0  0 0  1 0
   182  0.4049097073802750E-01   4   0 2  1 0  0 0  1 0
   183   5.854377315289025       4   1 0  2 0  0 0  1 0
   184   10.97102654473004       4   0 1  2 0  0 0  1 0
   185  0.1162360237544066E-02   4   0 0  3 0  0 0  1 0
   186  0.1945657515360758E-01   4   2 0  0 1  0 0  1 0
   187  0.8259422352001616E-01   4   1 1  0 1  0 0  1 0
   188  0.5924022233448345E-01   4   0 2  0 1  0 0  1 0
   189   33.54758582820720       4   1 0  1 1  0 0  1 0
   190   42.59370125599688       4   0 1  1 1  0 0  1 0
   191  -.1227896358942621E-01   4   0 0  2 1  0 0  1 0
   192   26.10429434535386       4   1 0  0 2  0 0  1 0
   193   27.36193552396881       4   0 1  0 2  0 0  1 0
   194  -.2510048119321451E-01   4   0 0  1 2  0 0  1 0
   195  -.1200403246739585E-01   4   0 0  0 3  0 0  1 0
   196  -38.49621894336688       4   3 0  0 0  0 0  0 1
   197  -110.4805261631576       4   2 1  0 0  0 0  0 1
   198  -107.1022440922931       4   1 2  0 0  0 0  0 1
   199  -33.42485905631137       4   0 3  0 0  0 0  0 1
   200  0.7801414025061573E-04   4   2 0  1 0  0 0  0 1
   201  0.2868597701380374E-03   4   1 1  1 0  0 0  0 1
   202  0.2102796263170265E-03   4   0 2  1 0  0 0  0 1
   203  -29.74357885582342       4   1 0  2 0  0 0  0 1
   204  -21.93753091318878       4   0 1  2 0  0 0  0 1
   205  -.8523154822541100E-03   4   0 0  3 0  0 0  0 1
   206  0.3547057477597472E-03   4   2 0  0 1  0 0  0 1
   207  0.5900760232208179E-03   4   1 1  0 1  0 0  0 1
   208  0.3062289489445118E-03   4   0 2  0 1  0 0  0 1
   209  -67.09847823852044       4   1 0  1 1  0 0  0 1
   210  -53.30515424620623       4   0 1  1 1  0 0  0 1
   211  -.2596508318277692E-02   4   0 0  2 1  0 0  0 1
   212  -33.91932106050454       4   1 0  0 2  0 0  0 1
   213  -26.48786549575687       4   0 1  0 2  0 0  0 1
   214  -.2592754794170733E-02   4   0 0  1 2  0 0  0 1
   215  -.8009715321816267E-03   4   0 0  0 3  0 0  0 1
   216  -.1168443163564968       4   2 0  0 0  0 2  0 0
   217  -.9086095365792852       4   1 1  0 0  0 2  0 0
   218  -.9087900398553492       4   0 2  0 0  0 2  0 0
   219  -.7505674950270444E-03   4   1 0  1 0  0 2  0 0
   220  0.7843940621983651E-03   4   0 1  1 0  0 2  0 0
   221  -.1149593786070649E-01   4   0 0  2 0  0 2  0 0
   222  0.1241819567301326E-02   4   1 0  0 1  0 2  0 0
   223  0.2971702560656596E-02   4   0 1  0 1  0 2  0 0
   224  0.3148963631872529       4   0 0  1 1  0 2  0 0
   225  0.4104649188003860       4   0 0  0 2  0 2  0 0
   226  -.8996457204126879E-01   4   2 0  0 0  0 1  1 0
   227  -.7990903581707691       4   1 1  0 0  0 1  1 0
   228  -1.002223716331109       4   0 2  0 0  0 1  1 0
   229  -.8998826552169694E-03   4   1 0  1 0  0 1  1 0
   230  0.8573569507399458E-03   4   0 1  1 0  0 1  1 0
   231  -.3054385018979338E-02   4   0 0  2 0  0 1  1 0
   232  0.1343119494675631E-02   4   1 0  0 1  0 1  1 0
   233  0.3972993710905567E-02   4   0 1  0 1  0 1  1 0
   234  0.1909630064740589       4   0 0  1 1  0 1  1 0
   235  0.3974653052787165       4   0 0  0 2  0 1  1 0
   236  -.1166265377416405       4   2 0  0 0  0 0  2 0
   237  -.9068490836141355       4   1 1  0 0  0 0  2 0
   238  -.9068926603273638       4   0 2  0 0  0 0  2 0
   239  -.7489519068315632E-03   4   1 0  1 0  0 0  2 0
   240  0.7827615663474314E-03   4   0 1  1 0  0 0  2 0
   241  -.1147841194561282E-01   4   0 0  2 0  0 0  2 0
   242  0.1239244631594127E-02   4   1 0  0 1  0 0  2 0
   243  0.2965030049554238E-02   4   0 1  0 1  0 0  2 0
   244  0.3143440959950585       4   0 0  1 1  0 0  2 0
   245  0.4096450894192293       4   0 0  0 2  0 0  2 0
   246  0.3270024818484827       4   2 0  0 0  0 1  0 1
   247   1.602017049293022       4   1 1  0 0  0 1  0 1
   248   1.189270799552182       4   0 2  0 0  0 1  0 1
   249  0.1206864036187481E-02   4   1 0  1 0  0 1  0 1
   250  -.1268131783113127E-02   4   0 1  1 0  0 1  0 1
   251  0.2570353531620673E-01   4   0 0  2 0  0 1  0 1
   252  -.1775252107269997E-02   4   1 0  0 1  0 1  0 1
   253  -.3563990670673043E-02   4   0 1  0 1  0 1  0 1
   254  -.3805859924563407       4   0 0  1 1  0 1  0 1
   255  -.3708656349791324       4   0 0  0 2  0 1  0 1
   256  0.3265624173195025       4   2 0  0 0  0 0  1 1
   257   1.599861130248528       4   1 1  0 0  0 0  1 1
   258   1.187670334958534       4   0 2  0 0  0 0  1 1
   259  0.1205239895445113E-02   4   1 0  1 0  0 0  1 1
   260  -.1266425191124396E-02   4   0 1  1 0  0 0  1 1
   261  0.2566894470974408E-01   4   0 0  2 0  0 0  1 1
   262  -.1772863056648767E-02   4   1 0  0 1  0 0  1 1
   263  -.3559194419993513E-02   4   0 1  0 1  0 0  1 1
   264  -.3800738177640891       4   0 0  1 1  0 0  1 1
   265  -.3703665414858691       4   0 0  0 2  0 0  1 1
   266  -.3301307629324619       4   2 0  0 0  0 0  0 2
   267  -.5853916653913004       4   1 1  0 0  0 0  0 2
   268  -.2593855836591110       4   0 2  0 0  0 0  0 2
   269  -.1398194416079592E-04   4   1 0  1 0  0 0  0 2
   270  -.6141393061321038E-04   4   0 1  1 0  0 0  0 2
   271  -.2534314375524827E-01   4   0 0  2 0  0 0  0 2
   272  -.1274949042247805E-04   4   1 0  0 1  0 0  0 2
   273  -.5044057759355036E-04   4   0 1  0 1  0 0  0 2
   274  -.5901935906767641E-01   4   0 0  1 1  0 0  0 2
   275  -.3175725267228789E-01   4   0 0  0 2  0 0  0 2
   276  -.1287833114558722       4   1 0  0 0  0 3  0 0
   277  -1.118192048505594       4   0 1  0 0  0 3  0 0
   278  -.4758074593460707E-05   4   0 0  1 0  0 3  0 0
   279  -.3775727662893579E-04   4   0 0  0 1  0 3  0 0
   280  -.8419128767107066E-01   4   1 0  0 0  0 2  1 0
   281  -.8133696742022603       4   0 1  0 0  0 2  1 0
   282  -.2419014153750969E-05   4   0 0  1 0  0 2  1 0
   283  -.2630393189464770E-04   4   0 0  0 1  0 2  1 0
   284  -.8428095258748522E-01   4   1 0  0 0  0 1  2 0
   285  -.8139819599267054       4   0 1  0 0  0 1  2 0
   286  -.2423722924034446E-05   4   0 0  1 0  0 1  2 0
   287  -.2632694938147806E-04   4   0 0  0 1  0 1  2 0
   288  -.1284667717497673       4   1 0  0 0  0 0  3 0
   289  -1.115388273867286       4   0 1  0 0  0 0  3 0
   290  -.4746844303294113E-05   4   0 0  1 0  0 0  3 0
   291  -.3766338325271193E-04   4   0 0  0 1  0 0  3 0
   292  0.3194080209773020       4   1 0  0 0  0 2  0 1
   293   1.626520571126514       4   0 1  0 0  0 2  0 1
   294  0.6595269258928167E-05   4   0 0  1 0  0 2  0 1
   295  0.4856662099017069E-04   4   0 0  0 1  0 2  0 1
   296  0.2304438792594412       4   1 0  0 0  0 1  1 1
   297   1.329146395353713       4   0 1  0 0  0 1  1 1
   298  0.4027124899473892E-05   4   0 0  1 0  0 1  1 1
   299  0.3776103072837677E-04   4   0 0  0 1  0 1  1 1
   300  0.3188231164597184       4   1 0  0 0  0 0  2 1
   301   1.623437325107969       4   0 1  0 0  0 0  2 1
   302  0.6583683898934864E-05   4   0 0  1 0  0 0  2 1
   303  0.4847585381273841E-04   4   0 0  0 1  0 0  2 1
   304  -.2302911988718614       4   1 0  0 0  0 1  0 2
   305  -.3663856296710167       4   0 1  0 0  0 1  0 2
   306  -.2009244923885656E-05   4   0 0  1 0  0 1  0 2
   307  -.5226335423596476E-05   4   0 0  0 1  0 1  0 2
   308  -.2299812838296646       4   1 0  0 0  0 0  1 2
   309  -.3658925651577589       4   0 1  0 0  0 0  1 2
   310  -.2006540976759394E-05   4   0 0  1 0  0 0  1 2
   311  -.5219302067691930E-05   4   0 0  0 1  0 0  1 2
   312  0.1732013155575124E-01   4   1 0  0 0  0 0  0 3
   313  0.1409504413828397E-01   4   0 1  0 0  0 0  0 3
   314  0.1093104801487319E-05   4   0 0  1 0  0 0  0 3
   315  0.8951496730261511E-06   4   0 0  0 1  0 0  0 3
   316  -.3918861349063024E-04   4   0 0  0 0  0 4  0 0
   317  -.2533101870280752E-04   4   0 0  0 0  0 3  1 0
   318  -.2349986303117623E-04   4   0 0  0 0  0 2  2 0
   319  -.2537061589875110E-04   4   0 0  0 0  0 1  3 0
   320  -.3906616158626947E-04   4   0 0  0 0  0 0  4 0
   321  0.4852068752018169E-04   4   0 0  0 0  0 3  0 1
   322  0.3464838121280421E-04   4   0 0  0 0  0 2  1 1
   323  0.3467625244673456E-04   4   0 0  0 0  0 1  2 1
   324  0.4839945959319595E-04   4   0 0  0 0  0 0  3 1
   325  -.4324085093788828E-05   4   0 0  0 0  0 2  0 2
   326  -.5240528372064535E-05   4   0 0  0 0  0 1  1 2
   327  -.4314739715803782E-05   4   0 0  0 0  0 0  2 2
   328  0.4453658105943318E-07   4   0 0  0 0  0 1  0 3
   329  0.4447664582757972E-07   4   0 0  0 0  0 0  1 3
   330  0.1924766535383760E-12   4   0 0  0 0  0 0  0 4
   ----------------------------------------------------
     I  COEFFICIENT            ORDER EXPONENTS
     1  0.1645555581705377E-04   0   0 0  0 0  0 0  0 0
     2  0.1921841361261512E-04   1   1 0  0 0  0 0  0 0
     3  0.1701821795917990E-04   1   0 1  0 0  0 0  0 0
     4  0.4521617136025645       1   0 0  1 0  0 0  0 0
     5  0.6543790563643319       1   0 0  0 1  0 0  0 0
     6  -.2160724438484676E-04   1   0 0  0 0  0 1  0 0
     7  -.2157816637366780E-04   1   0 0  0 0  0 0  1 0
     8  0.4318541075864476E-04   1   0 0  0 0  0 0  0 1
     9  0.5386390983707892E-03   2   2 0  0 0  0 0  0 0
    10  0.1045591347010093E-02   2   1 1  0 0  0 0  0 0
    11  0.5475693504125015E-03   2   0 2  0 0  0 0  0 0
    12  0.2340245935394740       2   1 0  1 0  0 0  0 0
    13  0.2081786427511814       2   0 1  1 0  0 0  0 0
    14  0.8804455288028611E-04   2   0 0  2 0  0 0  0 0
    15  0.2139085555219092       2   1 0  0 1  0 0  0 0
    16  0.1915332715077372       2   0 1  0 1  0 0  0 0
    17  0.1611500923659138E-03   2   0 0  1 1  0 0  0 0
    18  0.1219671018154500E-03   2   0 0  0 2  0 0  0 0
    19  -.1052068956153286E-04   2   1 0  0 0  0 1  0 0
    20  -.1789947351812191E-04   2   0 1  0 0  0 1  0 0
    21  0.2498449515452528       2   0 0  1 0  0 1  0 0
    22  -.1020331129917194       2   0 0  0 1  0 1  0 0
    23  -.1050653131334386E-04   2   1 0  0 0  0 0  1 0
    24  -.1787538525023416E-04   2   0 1  0 0  0 0  1 0
    25  0.2495087219842481       2   0 0  1 0  0 0  1 0
    26  -.1018958016369091       2   0 0  0 1  0 0  1 0
    27  0.2102719232245189E-04   2   1 0  0 0  0 0  0 1
    28  0.1875661274245714E-04   2   0 1  0 0  0 0  0 1
    29  -.4993536735506423       2   0 0  1 0  0 0  0 1
    30  -.4504501417571298       2   0 0  0 1  0 0  0 1
    31  0.1527851675663971E-04   2   0 0  0 0  0 2  0 0
    32  0.8966788542145892E-05   2   0 0  0 0  0 1  1 0
    33  0.1525192210812559E-04   2   0 0  0 0  0 0  2 0
    34  -.1791659008277027E-04   2   0 0  0 0  0 1  0 1
    35  -.1789247878021653E-04   2   0 0  0 0  0 0  1 1
    36  -.3688163724356864E-05   2   0 0  0 0  0 0  0 2
    37  -.4593645322479516E-02   3   3 0  0 0  0 0  0 0
    38  -.1241218219195343E-01   3   2 1  0 0  0 0  0 0
    39  -.1122141873335021E-01   3   1 2  0 0  0 0  0 0
    40  -.3385362962833231E-02   3   0 3  0 0  0 0  0 0
    41  -5.061857634877168       3   2 0  1 0  0 0  0 0
    42  -10.56211589595087       3   1 1  1 0  0 0  0 0
    43  -5.882310898232421       3   0 2  1 0  0 0  0 0
    44  0.8910756664952963E-02   3   1 0  2 0  0 0  0 0
    45  0.7857602070871746E-02   3   0 1  2 0  0 0  0 0
    46  -.9487473759246947       3   0 0  3 0  0 0  0 0
    47  -5.500163314051971       3   2 0  0 1  0 0  0 0
    48  -10.80410249574600       3   1 1  0 1  0 0  0 0
    49  -5.385025097246470       3   0 2  0 1  0 0  0 0
    50  0.1615556612036030E-01   3   1 0  1 1  0 0  0 0
    51  0.1434028700533904E-01   3   0 1  1 1  0 0  0 0
    52  -2.248902379046974       3   0 0  2 1  0 0  0 0
    53  0.7422332455748335E-02   3   1 0  0 2  0 0  0 0
    54  0.6641867143696602E-02   3   0 1  0 2  0 0  0 0
    55  -2.286461213668748       3   0 0  1 2  0 0  0 0
    56  -.6111139996158523       3   0 0  0 3  0 0  0 0
    57  -.5401660968025190E-03   3   2 0  0 0  0 1  0 0
    58  -.1594435033874642E-02   3   1 1  0 0  0 1  0 0
    59  -.1090997788530063E-02   3   0 2  0 0  0 1  0 0
    60  -.1047604272274559       3   1 0  1 0  0 1  0 0
    61  -.1964966108222544       3   0 1  1 0  0 1  0 0
    62  -.2597298343854748E-03   3   0 0  2 0  0 1  0 0
    63  -.2050330481349908       3   1 0  0 1  0 1  0 0
    64  -.2786472031100592       3   0 1  0 1  0 1  0 0
    65  -.4341356332750125E-03   3   0 0  1 1  0 1  0 0
    66  -.2488033200019764E-03   3   0 0  0 2  0 1  0 0
    67  -.5394391667265887E-03   3   2 0  0 0  0 0  1 0
    68  -.1592289318349174E-02   3   1 1  0 0  0 0  1 0
    69  -.1089529575123203E-02   3   0 2  0 0  0 0  1 0
    70  -.1046194455816811       3   1 0  1 0  0 0  1 0
    71  -.1962321749439742       3   0 1  1 0  0 0  1 0
    72  -.2593803022150023E-03   3   0 0  2 0  0 0  1 0
    73  -.2047571243216834       3   1 0  0 1  0 0  1 0
    74  -.2782722128363013       3   0 1  0 1  0 0  1 0
    75  -.4335513939998552E-03   3   0 0  1 1  0 0  1 0
    76  -.2484684922196122E-03   3   0 0  0 2  0 0  1 0
    77  0.1079093171213482E-02   3   2 0  0 0  0 0  0 1
    78  0.2140074640698113E-02   3   1 1  0 0  0 0  0 1
    79  0.1084839449069913E-02   3   0 2  0 0  0 0  0 1
    80  0.2093802172222381       3   1 0  1 0  0 0  0 1
    81  0.1845504199112479       3   0 1  1 0  0 0  0 1
    82  0.5193744541997397E-03   3   0 0  2 0  0 0  0 1
    83  0.1958818954673628       3   1 0  0 1  0 0  0 1
    84  0.1738530957283614       3   0 1  0 1  0 0  0 1
    85  0.7070840503204583E-03   3   0 0  1 1  0 0  0 1
    86  0.2536218878666461E-03   3   0 0  0 2  0 0  0 1
    87  0.8358265110391765E-05   3   1 0  0 0  0 2  0 0
    88  0.1853548807518056E-04   3   0 1  0 0  0 2  0 0
    89  -.1756223631667883       3   0 0  1 0  0 2  0 0
    90  -.2642341079933247E-01   3   0 0  0 1  0 2  0 0
    91  0.6248662475891027E-05   3   1 0  0 0  0 1  1 0
    92  0.1923358078189808E-04   3   0 1  0 0  0 1  1 0
    93  -.1015991742776789       3   0 0  1 0  0 1  1 0
    94  -.1545344414861831       3   0 0  0 1  0 1  1 0
    95  0.8342812373382349E-05   3   1 0  0 0  0 0  2 0
    96  0.1849760206559415E-04   3   0 1  0 0  0 0  2 0
    97  -.1753176551769641       3   0 0  1 0  0 0  2 0
    98  -.2628386883417294E-01   3   0 0  0 1  0 0  2 0
    99  -.1254820467071904E-04   3   1 0  0 0  0 1  0 1
   100  -.2065759004272654E-04   3   0 1  0 0  0 1  0 1
   101  0.2029991808252597       3   0 0  1 0  0 1  0 1
   102  0.4114476535525793       3   0 0  0 1  0 1  0 1
   103  -.1253131788824961E-04   3   1 0  0 0  0 0  1 1
   104  -.2062979003160553E-04   3   0 1  0 0  0 0  1 1
   105  0.2027259940947252       3   0 0  1 0  0 0  1 1
   106  0.4108939466912845       3   0 0  0 1  0 0  1 1
   107  0.2096891378917296E-05   3   1 0  0 0  0 0  0 2
   108  0.1985897039959153E-05   3   0 1  0 0  0 0  0 2
   109  0.4681418459532841E-01   3   0 0  1 0  0 0  0 2
   110  0.3927926342712609E-01   3   0 0  0 1  0 0  0 2
   111  -.1213207375844178E-04   3   0 0  0 0  0 3  0 0
   112  -.5842632200600849E-05   3   0 0  0 0  0 2  1 0
   113  -.5855295293954540E-05   3   0 0  0 0  0 1  2 0
   114  -.1210365753469855E-04   3   0 0  0 0  0 0  3 0
   115  0.1168052675195756E-04   3   0 0  0 0  0 2  0 1
   116  0.5460937851647286E-05   3   0 0  0 0  0 1  1 1
   117  0.1166113311314112E-04   3   0 0  0 0  0 0  2 1
   118  0.3506083426382411E-05   3   0 0  0 0  0 1  0 2
   119  0.3501365104543196E-05   3   0 0  0 0  0 0  1 2
   120  0.1230280818998148E-06   3   0 0  0 0  0 0  0 3
   121  -.1416082790095131E-02   4   4 0  0 0  0 0  0 0
   122  -.4147930081792814E-02   4   3 1  0 0  0 0  0 0
   123  -.4042192421897992E-02   4   2 2  0 0  0 0  0 0
   124  -.7931665474515182E-03   4   1 3  0 0  0 0  0 0
   125  0.5158849949217317E-03   4   0 4  0 0  0 0  0 0
   126   53.71609719505565       4   3 0  1 0  0 0  0 0
   127   146.4290560200448       4   2 1  1 0  0 0  0 0
   128   133.7959809468506       4   1 2  1 0  0 0  0 0
   129   41.07064239053001       4   0 3  1 0  0 0  0 0
   130  0.1271951790181652E-01   4   2 0  2 0  0 0  0 0
   131  0.2467767962756187E-01   4   1 1  2 0  0 0  0 0
   132  0.1256003994681332E-01   4   0 2  2 0  0 0  0 0
   133  -35.20238116901911       4   1 0  3 0  0 0  0 0
   134  -30.88778069133100       4   0 1  3 0  0 0  0 0
   135  -.4388361062397563E-04   4   0 0  4 0  0 0  0 0
   136   49.98379868855886       4   3 0  0 1  0 0  0 0
   137   137.0399528081909       4   2 1  0 1  0 0  0 0
   138   126.0324144382073       4   1 2  0 1  0 0  0 0
   139   38.96156105389680       4   0 3  0 1  0 0  0 0
   140  0.2049350786584579E-01   4   2 0  1 1  0 0  0 0
   141  0.3945386550103419E-01   4   1 1  1 1  0 0  0 0
   142  0.1971827972831783E-01   4   0 2  1 1  0 0  0 0
   143  -95.98381839018251       4   1 0  2 1  0 0  0 0
   144  -84.77418178962336       4   0 1  2 1  0 0  0 0
   145  -.1458812999447169E-02   4   0 0  3 1  0 0  0 0
   146  0.8564170484574127E-02   4   2 0  0 2  0 0  0 0
   147  0.1694629021749574E-01   4   1 1  0 2  0 0  0 0
   148  0.8634708399627671E-02   4   0 2  0 2  0 0  0 0
   149  -87.71126517442920       4   1 0  1 2  0 0  0 0
   150  -77.87565653170233       4   0 1  1 2  0 0  0 0
   151  -.3192699731012021E-02   4   0 0  2 2  0 0  0 0
   152  -26.75346652020824       4   1 0  0 3  0 0  0 0
   153  -23.84622565882525       4   0 1  0 3  0 0  0 0
   154  -.2462004536578681E-02   4   0 0  1 3  0 0  0 0
   155  -.6161956939610795E-03   4   0 0  0 4  0 0  0 0
   156  0.5046954478283282E-03   4   3 0  0 0  0 1  0 0
   157  0.6700447842850497E-02   4   2 1  0 0  0 1  0 0
   158  0.1079821140724796E-01   4   1 2  0 0  0 1  0 0
   159  0.4654848714677241E-02   4   0 3  0 0  0 1  0 0
   160   5.868084609964346       4   2 0  1 0  0 1  0 0
   161   17.17555824440683       4   1 1  1 0  0 1  0 0
   162   12.01332814761877       4   0 2  1 0  0 1  0 0
   163  -.7122722008746481E-03   4   1 0  2 0  0 1  0 0
   164  -.4169878126892948E-02   4   0 1  2 0  0 1  0 0
   165   1.287549482478755       4   0 0  3 0  0 1  0 0
   166   8.369372517423781       4   2 0  0 1  0 1  0 0
   167   21.99092020967827       4   1 1  0 1  0 1  0 0
   168   13.87652717912805       4   0 2  0 1  0 1  0 0
   169  -.8294744435543129E-02   4   1 0  1 1  0 1  0 0
   170  -.1373515067564489E-01   4   0 1  1 1  0 1  0 0
   171   3.827837316762780       4   0 0  2 1  0 1  0 0
   172  -.7024716411818495E-02   4   1 0  0 2  0 1  0 0
   173  -.9207195818332181E-02   4   0 1  0 2  0 1  0 0
   174   4.229985765280247       4   0 0  1 2  0 1  0 0
   175   1.534603791082489       4   0 0  0 3  0 1  0 0
   176  0.5040162524801167E-03   4   3 0  0 0  0 0  1 0
   177  0.6691430695924768E-02   4   2 1  0 0  0 0  1 0
   178  0.1078367968323818E-01   4   1 2  0 0  0 0  1 0
   179  0.4648584438652459E-02   4   0 3  0 0  0 0  1 0
   180   5.860187618249506       4   2 0  1 0  0 0  1 0
   181   17.15244418757752       4   1 1  1 0  0 0  1 0
   182   11.99716117676624       4   0 2  1 0  0 0  1 0
   183  -.7113136585149371E-03   4   1 0  2 0  0 0  1 0
   184  -.4164266501429325E-02   4   0 1  2 0  0 0  1 0
   185   1.285816759065342       4   0 0  3 0  0 0  1 0
   186   8.358109410324698       4   2 0  0 1  0 0  1 0
   187   21.96132586565625       4   1 1  0 1  0 0  1 0
   188   13.85785280282845       4   0 2  0 1  0 0  1 0
   189  -.8283581759399535E-02   4   1 0  1 1  0 0  1 0
   190  -.1371666655718083E-01   4   0 1  1 1  0 0  1 0
   191   3.822685993701606       4   0 0  2 1  0 0  1 0
   192  -.7015262879534885E-02   4   1 0  0 2  0 0  1 0
   193  -.9194805208119973E-02   4   0 1  0 2  0 0  1 0
   194   4.224293249789660       4   0 0  1 2  0 0  1 0
   195   1.532538593623821       4   0 0  0 3  0 0  1 0
   196  0.3822614888816908E-03   4   3 0  0 0  0 0  0 1
   197  0.1289958628911749E-02   4   2 1  0 0  0 0  0 1
   198  0.1417931803846149E-02   4   1 2  0 0  0 0  0 1
   199  0.5204051384892052E-03   4   0 3  0 0  0 0  0 1
   200  -11.72350872287327       4   2 0  1 0  0 0  0 1
   201  -23.75613719182857       4   1 1  1 0  0 0  0 1
   202  -12.24085143155273       4   0 2  1 0  0 0  0 1
   203  -.8943916109650868E-03   4   1 0  2 0  0 0  0 1
   204  -.8386419923047499E-03   4   0 1  2 0  0 0  0 1
   205  -2.574233439382708       4   0 0  3 0  0 0  0 1
   206  -11.22220214184206       4   2 0  0 1  0 0  0 1
   207  -22.33348540670147       4   1 1  0 1  0 0  0 1
   208  -11.57383552463357       4   0 2  0 1  0 0  0 1
   209  -.1852189420923531E-02   4   1 0  1 1  0 0  0 1
   210  -.1741897286797102E-02   4   0 1  1 1  0 0  0 1
   211  -5.404289566300569       4   0 0  2 1  0 0  0 1
   212  -.8886224834082557E-03   4   1 0  0 2  0 0  0 1
   213  -.8287216457096971E-03   4   0 1  0 2  0 0  0 1
   214  -3.884113796527152       4   0 0  1 2  0 0  0 1
   215  -1.234754418105238       4   0 0  0 3  0 0  0 1
   216  0.1304414897684590E-03   4   2 0  0 0  0 2  0 0
   217  0.1119687067638013E-02   4   1 1  0 0  0 2  0 0
   218  0.1132694797106120E-02   4   0 2  0 0  0 2  0 0
   219  0.7249880872420726E-01   4   1 0  1 0  0 2  0 0
   220  0.1882109510186966       4   0 1  1 0  0 2  0 0
   221  0.2584271458182798E-03   4   0 0  2 0  0 2  0 0
   222  0.1984819182772869       4   1 0  0 1  0 2  0 0
   223  0.3400546017631195       4   0 1  0 1  0 2  0 0
   224  0.4875780138671636E-03   4   0 0  1 1  0 2  0 0
   225  0.2767715358178549E-03   4   0 0  0 2  0 2  0 0
   226  0.1706885914957811E-03   4   2 0  0 0  0 1  1 0
   227  0.1559357398062144E-02   4   1 1  0 0  0 1  1 0
   228  0.1660298703331283E-02   4   0 2  0 0  0 1  1 0
   229  0.3983410444194638E-01   4   1 0  1 0  0 1  1 0
   230  0.1791498638959636       4   0 1  1 0  0 1  1 0
   231  0.3308807067850946E-03   4   0 0  2 0  0 1  1 0
   232  0.1914681565216323       4   1 0  0 1  0 1  1 0
   233  0.4006190652823916       4   0 1  0 1  0 1  1 0
   234  0.7865800249428603E-03   4   0 0  1 1  0 1  1 0
   235  0.4598056359331735E-03   4   0 0  0 2  0 1  1 0
   236  0.1301510954279449E-03   4   2 0  0 0  0 0  2 0
   237  0.1117130990703284E-02   4   1 1  0 0  0 0  2 0
   238  0.1130053293956348E-02   4   0 2  0 0  0 0  2 0
   239  0.7237443981395610E-01   4   1 0  1 0  0 0  2 0
   240  0.1878371198689954       4   0 1  1 0  0 0  2 0
   241  0.2578567249140287E-03   4   0 0  2 0  0 0  2 0
   242  0.1980859762550656       4   1 0  0 1  0 0  2 0
   243  0.3393274051775178       4   0 1  0 1  0 0  2 0
   244  0.4863925831911770E-03   4   0 0  1 1  0 0  2 0
   245  0.2760896773513586E-03   4   0 0  0 2  0 0  2 0
   246  -.4300097049371239E-03   4   2 0  0 0  0 1  0 1
   247  -.1832980752337433E-02   4   1 1  0 0  0 1  0 1
   248  -.1393356097350536E-02   4   0 2  0 0  0 1  0 1
   249  -.7914627072817915E-01   4   1 0  1 0  0 1  0 1
   250  -.1606523736978771       4   0 1  1 0  0 1  0 1
   251  -.6395564140702492E-03   4   0 0  2 0  0 1  0 1
   252  -.1773379388285640       4   1 0  0 1  0 1  0 1
   253  -.2431691229753156       4   0 1  0 1  0 1  0 1
   254  -.1326644550007673E-02   4   0 0  1 1  0 1  0 1
   255  -.5688431484820595E-03   4   0 0  0 2  0 1  0 1
   256  -.4294310181418746E-03   4   2 0  0 0  0 0  1 1
   257  -.1830514013226327E-02   4   1 1  0 0  0 0  1 1
   258  -.1391480984381319E-02   4   0 2  0 0  0 0  1 1
   259  -.7903975940706726E-01   4   1 0  1 0  0 0  1 1
   260  -.1604361753046381       4   0 1  1 0  0 0  1 1
   261  -.6386957291894431E-03   4   0 0  2 0  0 0  1 1
   262  -.1770992857881357       4   1 0  0 1  0 0  1 1
   263  -.2428418774297788       4   0 1  0 1  0 0  1 1
   264  -.1324859214294865E-02   4   0 0  1 1  0 0  1 1
   265  -.5680776261814815E-03   4   0 0  0 2  0 0  1 1
   266  0.2453152111208026E-03   4   2 0  0 0  0 0  0 2
   267  0.5047552065346807E-03   4   1 1  0 0  0 0  0 2
   268  0.2546698520864501E-03   4   0 2  0 0  0 0  0 2
   269  -.2627584962545299E-01   4   1 0  1 0  0 0  0 2
   270  -.2493220691965958E-01   4   0 1  1 0  0 0  0 2
   271  0.4030793254128039E-03   4   0 0  2 0  0 0  0 2
   272  -.1937390617644883E-01   4   1 0  0 1  0 0  0 2
   273  -.1876273037988608E-01   4   0 1  0 1  0 0  0 2
   274  0.6825687115894967E-03   4   0 0  1 1  0 0  0 2
   275  0.2795630322183254E-03   4   0 0  0 2  0 0  0 2
   276  -.1193384800456552E-04   4   1 0  0 0  0 3  0 0
   277  -.2421157039070109E-04   4   0 1  0 0  0 3  0 0
   278  0.1387443474335474       4   0 0  1 0  0 3  0 0
   279  0.8585851169332069E-01   4   0 0  0 1  0 3  0 0
   280  -.8527126160716847E-05   4   1 0  0 0  0 2  1 0
   281  -.2426922896141089E-04   4   0 1  0 0  0 2  1 0
   282  0.6503131340809049E-01   4   0 0  1 0  0 2  1 0
   283  0.2046537167243766       4   0 0  0 1  0 2  1 0
   284  -.8533970650065964E-05   4   1 0  0 0  0 1  2 0
   285  -.2426904679747599E-04   4   0 1  0 0  0 1  2 0
   286  0.6517973578932479E-01   4   0 0  1 0  0 1  2 0
   287  0.2044136800007283       4   0 0  0 1  0 1  2 0
   288  -.1190402802304628E-04   4   1 0  0 0  0 0  3 0
   289  -.2414638801867667E-04   4   0 1  0 0  0 0  3 0
   290  0.1384205750457745       4   0 0  1 0  0 0  3 0
   291  0.8554767394560298E-01   4   0 0  0 1  0 0  3 0
   292  0.1498229244393264E-04   4   1 0  0 0  0 2  0 1
   293  0.2679914721980938E-04   4   0 1  0 0  0 2  0 1
   294  -.1300100502342408       4   0 0  1 0  0 2  0 1
   295  -.3829466468219323       4   0 0  0 1  0 2  0 1
   296  0.1183890364523325E-04   4   1 0  0 0  0 1  1 1
   297  0.2729625515825807E-04   4   0 1  0 0  0 1  1 1
   298  -.5721472296230644E-01   4   0 0  1 0  0 1  1 1
   299  -.3545188916302534       4   0 0  0 1  0 1  1 1
   300  0.1495416386162546E-04   4   1 0  0 0  0 0  2 1
   301  0.2674471518364733E-04   4   0 1  0 0  0 0  2 1
   302  -.1297965903969340       4   0 0  1 0  0 0  2 1
   303  -.3821927478640602       4   0 0  0 1  0 0  2 1
   304  -.1237465871017310E-05   4   1 0  0 0  0 1  0 2
   305  -.1937059870219622E-05   4   0 1  0 0  0 1  0 2
   306  -.4438528980128001E-01   4   0 0  1 0  0 1  0 2
   307  -.5697004100109587E-01   4   0 0  0 1  0 1  0 2
   308  -.1235800547767797E-05   4   1 0  0 0  0 0  1 2
   309  -.1934453066336712E-05   4   0 1  0 0  0 0  1 2
   310  -.4432555817007194E-01   4   0 0  1 0  0 0  1 2
   311  -.5689337340482186E-01   4   0 0  0 1  0 0  1 2
   312  0.1208935383746896E-06   4   1 0  0 0  0 0  0 3
   313  0.9759134624344426E-07   4   0 1  0 0  0 0  0 3
   314  -.1639952307650675E-02   4   0 0  1 0  0 0  0 3
   315  -.1325503331103323E-02   4   0 0  0 1  0 0  0 3
   316  0.9965630192198512E-05   4   0 0  0 0  0 4  0 0
   317  0.3629333030493885E-05   4   0 0  0 0  0 3  1 0
   318  0.2803217762224933E-05   4   0 0  0 0  0 2  2 0
   319  0.3647459574712052E-05   4   0 0  0 0  0 1  3 0
   320  0.9936379141654061E-05   4   0 0  0 0  0 0  4 0
   321  -.1070136514315245E-05   4   0 0  0 0  0 3  0 1
   322  0.2071116235792968E-05   4   0 0  0 0  0 2  1 1
   323  0.2064778118036881E-05   4   0 0  0 0  0 1  2 1
   324  -.1069368036551100E-05   4   0 0  0 0  0 0  3 1
   325  -.1283601390260139E-05   4   0 0  0 0  0 2  0 2
   326  -.1472305365525862E-05   4   0 0  0 0  0 1  1 2
   327  -.1280883300416376E-05   4   0 0  0 0  0 0  2 2
   328  -.5188369923161180E-07   4   0 0  0 0  0 1  0 3
   329  -.5181387659437994E-07   4   0 0  0 0  0 0  1 3
   330  -.1019569073992993E-12   4   0 0  0 0  0 0  0 4
   ----------------------------------------------------
     I  COEFFICIENT            ORDER EXPONENTS
     1  0.2145508171685789E-03   0   0 0  0 0  0 0  0 0
     2  0.8807219735468513E-04   1   1 0  0 0  0 0  0 0
     3  0.8159088905154934E-04   1   0 1  0 0  0 0  0 0
     4  -2.368426597601185       1   0 0  1 0  0 0  0 0
     5  -1.216044493892609       1   0 0  0 1  0 0  0 0
     6  0.1318900936838123E-04   1   0 0  0 0  0 1  0 0
     7  0.1317126022114971E-04   1   0 0  0 0  0 0  1 0
     8  0.1881905475774828E-03   1   0 0  0 0  0 0  0 1
     9  0.1743709812812692E-02   2   2 0  0 0  0 0  0 0
    10  0.3156588143775566E-02   2   1 1  0 0  0 0  0 0
    11  0.1501280509435301E-02   2   0 2  0 0  0 0  0 0
    12  0.9973589610787614       2   1 0  1 0  0 0  0 0
    13  0.9124673118345802       2   0 1  1 0  0 0  0 0
    14  0.8929026416508282E-03   2   0 0  2 0  0 0  0 0
    15  0.9523327869192812       2   1 0  0 1  0 0  0 0
    16  0.8771673751747145       2   0 1  0 1  0 0  0 0
    17  0.2211003781051466E-02   2   0 0  1 1  0 0  0 0
    18  0.1176376762527525E-02   2   0 0  0 2  0 0  0 0
    19  -.6990040878656280E-05   2   1 0  0 0  0 1  0 0
    20  -.4754617797853871E-04   2   0 1  0 0  0 1  0 0
    21  -.1640581259421615       2   0 0  1 0  0 1  0 0
    22  0.9689549151283359       2   0 0  0 1  0 1  0 0
    23  -.6980634011071061E-05   2   1 0  0 0  0 0  1 0
    24  -.4748219257298901E-04   2   0 1  0 0  0 0  1 0
    25  -.1638373442480608       2   0 0  1 0  0 0  1 0
    26  0.9676509412688191       2   0 0  0 1  0 0  1 0
    27  0.1020426491907200E-03   2   1 0  0 0  0 0  0 1
    28  0.9502815185727397E-04   2   0 1  0 0  0 0  0 1
    29  -2.040531127511917       2   0 0  1 0  0 0  0 1
    30  -1.936605856506418       2   0 0  0 1  0 0  0 1
    31  -.9607334465533663E-05   2   0 0  0 0  0 2  0 0
    32  -.6035256240404023E-05   2   0 0  0 0  0 1  1 0
    33  -.9590344385875325E-05   2   0 0  0 0  0 0  2 0
    34  0.2524987102530795E-04   2   0 0  0 0  0 1  0 1
    35  0.2521589093886727E-04   2   0 0  0 0  0 0  1 1
    36  -.2523286141366424E-04   2   0 0  0 0  0 0  0 2
    37  -.2291767858955891E-01   3   3 0  0 0  0 0  0 0
    38  -.6434664726954090E-01   3   2 1  0 0  0 0  0 0
    39  -.6045087015327311E-01   3   1 2  0 0  0 0  0 0
    40  -.1895679191969885E-01   3   0 3  0 0  0 0  0 0
    41  -27.69909206495223       3   2 0  1 0  0 0  0 0
    42  -53.24106735779966       3   1 1  1 0  0 0  0 0
    43  -26.34582959969880       3   0 2  1 0  0 0  0 0
    44  0.3659843773475230E-01   3   1 0  2 0  0 0  0 0
    45  0.3309429023609678E-01   3   0 1  2 0  0 0  0 0
    46  -3.674419080909123       3   0 0  3 0  0 0  0 0
    47  -24.91131318089394       3   2 0  0 1  0 0  0 0
    48  -48.90382961771469       3   1 1  0 1  0 0  0 0
    49  -25.75873315247623       3   0 2  0 1  0 0  0 0
    50  0.6897710865445122E-01   3   1 0  1 1  0 0  0 0
    51  0.6271856759252063E-01   3   0 1  1 1  0 0  0 0
    52  -11.84111177808627       3   0 0  2 1  0 0  0 0
    53  0.3286241763398751E-01   3   1 0  0 2  0 0  0 0
    54  0.3009148517555650E-01   3   0 1  0 2  0 0  0 0
    55  -11.22080052620985       3   0 0  1 2  0 0  0 0
    56  -4.265575784812612       3   0 0  0 3  0 0  0 0
    57  -.1036736145246484E-02   3   2 0  0 0  0 1  0 0
    58  -.3561924287865309E-02   3   1 1  0 0  0 1  0 0
    59  -.2427892103396706E-02   3   0 2  0 0  0 1  0 0
    60  0.8802196839310808E-01   3   1 0  1 0  0 1  0 0
    61  -.3717389151728104       3   0 1  1 0  0 1  0 0
    62  -.1697675518910685E-04   3   0 0  2 0  0 1  0 0
    63  -.4107826004494224       3   1 0  0 1  0 1  0 0
    64  -.8130889913962366       3   0 1  0 1  0 1  0 0
    65  -.1229446894913095E-02   3   0 0  1 1  0 1  0 0
    66  -.1284382982080029E-02   3   0 0  0 2  0 1  0 0
    67  -.1035340954601895E-02   3   2 0  0 0  0 0  1 0
    68  -.3557130818026384E-02   3   1 1  0 0  0 0  1 0
    69  -.2424624760626546E-02   3   0 2  0 0  0 0  1 0
    70  0.8790351257637694E-01   3   1 0  1 0  0 0  1 0
    71  -.3712386464602183       3   0 1  1 0  0 0  1 0
    72  -.1695390867206117E-04   3   0 0  2 0  0 0  1 0
    73  -.4102297885852494       3   1 0  0 1  0 0  1 0
    74  -.8119947745511711       3   0 1  0 1  0 0  1 0
    75  -.1227792363223747E-02   3   0 0  1 1  0 0  1 0
    76  -.1282654519993619E-02   3   0 0  0 2  0 0  1 0
    77  0.3813284957046591E-02   3   2 0  0 0  0 0  0 1
    78  0.7113694628567960E-02   3   1 1  0 0  0 0  0 1
    79  0.3348359795916061E-02   3   0 2  0 0  0 0  0 1
    80  0.8214371250846945       3   1 0  1 0  0 0  0 1
    81  0.7429806885228183       3   0 1  1 0  0 0  0 1
    82  0.9281065388565017E-03   3   0 0  2 0  0 0  0 1
    83  0.8210156085080575       3   1 0  0 1  0 0  0 1
    84  0.7479191589668217       3   0 1  0 1  0 0  0 1
    85  0.2460017204626976E-02   3   0 0  1 1  0 0  0 1
    86  0.1392195216003407E-02   3   0 0  0 2  0 0  0 1
    87  0.5462667941538984E-05   3   1 0  0 0  0 2  0 0
    88  0.3906010208367766E-04   3   0 1  0 0  0 2  0 0
    89  0.1193076154105375       3   0 0  1 0  0 2  0 0
    90  -.6596298461469473       3   0 0  0 1  0 2  0 0
    91  0.4217433790226093E-05   3   1 0  0 0  0 1  1 0
    92  0.3093890143091499E-04   3   0 1  0 0  0 1  1 0
    93  0.7467708654600963E-01   3   0 0  1 0  0 1  1 0
    94  -.3511357858990544       3   0 0  0 1  0 1  1 0
    95  0.5452478728654650E-05   3   1 0  0 0  0 0  2 0
    96  0.3898671878144794E-04   3   0 1  0 0  0 0  2 0
    97  0.1190968083926586       3   0 0  1 0  0 0  2 0
    98  -.6585058763911779       3   0 0  0 1  0 0  2 0
    99  -.1562016956894650E-04   3   1 0  0 0  0 1  0 1
   100  -.6221824708872984E-04   3   0 1  0 0  0 1  0 1
   101  -.3132919666754874       3   0 0  1 0  0 1  0 1
   102  0.7014410903739858       3   0 0  0 1  0 1  0 1
   103  -.1559914868089371E-04   3   1 0  0 0  0 0  1 1
   104  -.6213451670404219E-04   3   0 1  0 0  0 0  1 1
   105  -.3128703531116749       3   0 0  1 0  0 0  1 1
   106  0.7004971240123334       3   0 0  0 1  0 0  1 1
   107  0.1600008903221780E-04   3   1 0  0 0  0 0  0 2
   108  0.1510177410437043E-04   3   0 1  0 0  0 0  0 2
   109  0.3130810022878208       3   0 0  1 0  0 0  0 2
   110  0.2673336055876336       3   0 0  0 1  0 0  0 2
   111  0.7819343076879174E-05   3   0 0  0 0  0 3  0 0
   112  0.4249098130011235E-05   3   0 0  0 0  0 2  1 0
   113  0.4256283889254259E-05   3   0 0  0 0  0 1  2 0
   114  0.7800703460968113E-05   3   0 0  0 0  0 0  3 0
   115  -.1810406649766498E-04   3   0 0  0 0  0 2  0 1
   116  -.1097890291759143E-04   3   0 0  0 0  0 1  1 1
   117  -.1807231545312317E-04   3   0 0  0 0  0 0  2 1
   118  0.1097036125777602E-04   3   0 0  0 0  0 1  0 2
   119  0.1095559786261057E-04   3   0 0  0 0  0 0  1 2
   120  0.1102765143292359E-05   3   0 0  0 0  0 0  0 3
   121  -.7040492546302245E-02   4   4 0  0 0  0 0  0 0
   122  -.2582990190363939E-01   4   3 1  0 0  0 0  0 0
   123  -.3605782961071108E-01   4   2 2  0 0  0 0  0 0
   124  -.2144912097457199E-01   4   1 3  0 0  0 0  0 0
   125  -.4345663787358205E-02   4   0 4  0 0  0 0  0 0
   126   249.5256369492322       4   3 0  1 0  0 0  0 0
   127   695.1704608914860       4   2 1  1 0  0 0  0 0
   128   648.2396107695972       4   1 2  1 0  0 0  0 0
   129   202.7344778664762       4   0 3  1 0  0 0  0 0
   130  0.4774216198060061E-01   4   2 0  2 0  0 0  0 0
   131  0.9399148848740282E-01   4   1 1  2 0  0 0  0 0
   132  0.4569630285466218E-01   4   0 2  2 0  0 0  0 0
   133  -142.4818283888759       4   1 0  3 0  0 0  0 0
   134  -128.0899442373069       4   0 1  3 0  0 0  0 0
   135  -.7595651018605154E-02   4   0 0  4 0  0 0  0 0
   136   242.0865041267187       4   3 0  0 1  0 0  0 0
   137   679.0570544902713       4   2 1  0 1  0 0  0 0
   138   637.8610645210781       4   1 2  0 1  0 0  0 0
   139   201.0272158615996       4   0 3  0 1  0 0  0 0
   140  0.1003299610263109       4   2 0  1 1  0 0  0 0
   141  0.1982859330436991       4   1 1  1 1  0 0  0 0
   142  0.9829158247376552E-01   4   0 2  1 1  0 0  0 0
   143  -398.7548305060472       4   1 0  2 1  0 0  0 0
   144  -361.4141545704217       4   0 1  2 1  0 0  0 0
   145  -.2586347319372876E-01   4   0 0  3 1  0 0  0 0
   146  0.5061613774996025E-01   4   2 0  0 2  0 0  0 0
   147  0.1014719347139427       4   1 1  0 2  0 0  0 0
   148  0.5167069213844933E-01   4   0 2  0 2  0 0  0 0
   149  -375.9797880406177       4   1 0  1 2  0 0  0 0
   150  -343.0972187860182       4   0 1  1 2  0 0  0 0
   151  -.3295181347885309E-01   4   0 0  2 2  0 0  0 0
   152  -118.9711926057458       4   1 0  0 3  0 0  0 0
   153  -109.1509428948961       4   0 1  0 3  0 0  0 0
   154  -.1789435155918336E-01   4   0 0  1 3  0 0  0 0
   155  -.3047068416562895E-02   4   0 0  0 4  0 0  0 0
   156  -.2944987194599568E-02   4   3 0  0 0  0 1  0 0
   157  0.1886204745941790E-01   4   2 1  0 0  0 1  0 0
   158  0.4299050580031339E-01   4   1 2  0 0  0 1  0 0
   159  0.2131580370785858E-01   4   0 3  0 0  0 1  0 0
   160   15.26232402664261       4   2 0  1 0  0 1  0 0
   161   55.05101398062791       4   1 1  1 0  0 1  0 0
   162   39.33968777530838       4   0 2  1 0  0 1  0 0
   163  0.4663594841358084E-02   4   1 0  2 0  0 1  0 0
   164  -.1014402440316095E-01   4   0 1  2 0  0 1  0 0
   165  0.2166603184358600       4   0 0  3 0  0 1  0 0
   166   26.91688877884153       4   2 0  0 1  0 1  0 0
   167   76.33566977670766       4   1 1  0 1  0 1  0 0
   168   51.33549909805270       4   0 2  0 1  0 1  0 0
   169  -.1966374752981280E-01   4   1 0  1 1  0 1  0 0
   170  -.4457513200417999E-01   4   0 1  1 1  0 1  0 0
   171   7.233648369318805       4   0 0  2 1  0 1  0 0
   172  -.2264095517373799E-01   4   1 0  0 2  0 1  0 0
   173  -.3331661173559358E-01   4   0 1  0 2  0 1  0 0
   174   13.14259216989908       4   0 0  1 2  0 1  0 0
   175   7.156419243023929       4   0 0  0 3  0 1  0 0
   176  -.2941023969625509E-02   4   3 0  0 0  0 0  1 0
   177  0.1883666380488453E-01   4   2 1  0 0  0 0  1 0
   178  0.4293265120367975E-01   4   1 2  0 0  0 0  1 0
   179  0.2128711790380758E-01   4   0 3  0 0  0 0  1 0
   180   15.24178471025597       4   2 0  1 0  0 0  1 0
   181   54.97692892047718       4   1 1  1 0  0 0  1 0
   182   39.28674627751563       4   0 2  1 0  0 0  1 0
   183  0.4657318795208198E-02   4   1 0  2 0  0 0  1 0
   184  -.1013037305319050E-01   4   0 1  2 0  0 0  1 0
   185  0.2163687471901578       4   0 0  3 0  0 0  1 0
   186   26.88066529847200       4   2 0  0 1  0 0  1 0
   187   76.23294082989761       4   1 1  0 1  0 0  1 0
   188   51.26641420272482       4   0 2  0 1  0 0  1 0
   189  -.1963728498510747E-01   4   1 0  1 1  0 0  1 0
   190  -.4451514489228196E-01   4   0 1  1 1  0 0  1 0
   191   7.223913666253415       4   0 0  2 1  0 0  1 0
   192  -.2261048604329643E-01   4   1 0  0 2  0 0  1 0
   193  -.3327177580967731E-01   4   0 1  0 2  0 0  1 0
   194   13.12490548874576       4   0 0  1 2  0 0  1 0
   195   7.146788471277025       4   0 0  0 3  0 0  1 0
   196  0.1432204461322848E-02   4   3 0  0 0  0 0  0 1
   197  0.4039095113325715E-02   4   2 1  0 0  0 0  0 1
   198  0.3828519737303372E-02   4   1 2  0 0  0 0  0 1
   199  0.1270822253847185E-02   4   0 3  0 0  0 0  0 1
   200  -58.18223499720330       4   2 0  1 0  0 0  0 1
   201  -109.9832456933948       4   1 1  1 0  0 0  0 1
   202  -52.25669738771365       4   0 2  1 0  0 0  0 1
   203  -.4351006303193231E-02   4   1 0  2 0  0 0  0 1
   204  -.3977873011235289E-02   4   0 1  2 0  0 0  0 1
   205  -4.111439074463123       4   0 0  3 0  0 0  0 1
   206  -53.77300292461611       4   2 0  0 1  0 0  0 1
   207  -103.6122246425176       4   1 1  0 1  0 0  0 1
   208  -51.05626000827681       4   0 2  0 1  0 0  0 1
   209  -.8475414689764899E-02   4   1 0  1 1  0 0  0 1
   210  -.7952430048822696E-02   4   0 1  1 1  0 0  0 1
   211  -14.47030949960945       4   0 0  2 1  0 0  0 1
   212  -.4119662161651320E-02   4   1 0  0 2  0 0  0 1
   213  -.3901898240484698E-02   4   0 1  0 2  0 0  0 1
   214  -15.06054179446907       4   0 0  1 2  0 0  0 1
   215  -5.777138853923692       4   0 0  0 3  0 0  0 1
   216  -.5792634193236954E-03   4   2 0  0 0  0 2  0 0
   217  0.4034872129601939E-03   4   1 1  0 0  0 2  0 0
   218  0.1153493441666030E-02   4   0 2  0 0  0 2  0 0
   219  -.6691441847308269E-01   4   1 0  1 0  0 2  0 0
   220  0.2365983931446421       4   0 1  1 0  0 2  0 0
   221  -.2615690631203286E-03   4   0 0  2 0  0 2  0 0
   222  0.2753104927413083       4   1 0  0 1  0 2  0 0
   223  0.7660965327668761       4   0 1  0 1  0 2  0 0
   224  0.2987092605420679E-03   4   0 0  1 1  0 2  0 0
   225  0.9729295189475035E-03   4   0 0  0 2  0 2  0 0
   226  -.6248701785353519E-03   4   2 0  0 0  0 1  1 0
   227  0.7474052362722514E-03   4   1 1  0 0  0 1  1 0
   228  0.1874432875925064E-02   4   0 2  0 0  0 1  1 0
   229  -.4813275189040508E-01   4   1 0  1 0  0 1  1 0
   230  0.9913783158629956E-01   4   0 1  1 0  0 1  1 0
   231  -.2101718721884718E-03   4   0 0  2 0  0 1  1 0
   232  0.1374859254664855       4   1 0  0 1  0 1  1 0
   233  0.7159079306659433       4   0 1  0 1  0 1  1 0
   234  0.1313264107183035E-03   4   0 0  1 1  0 1  1 0
   235  0.1054903949855536E-02   4   0 0  0 2  0 1  1 0
   236  -.5780634134951296E-03   4   2 0  0 0  0 0  2 0
   237  0.4024413075131910E-03   4   1 1  0 0  0 0  2 0
   238  0.1150679862841776E-02   4   0 2  0 0  0 0  2 0
   239  -.6679198080773049E-01   4   1 0  1 0  0 0  2 0
   240  0.2362132826668722       4   0 1  1 0  0 0  2 0
   241  -.2610756361022366E-03   4   0 0  2 0  0 0  2 0
   242  0.2748474818156085       4   1 0  0 1  0 0  2 0
   243  0.7645838385811979       4   0 1  0 1  0 0  2 0
   244  0.2982189052497387E-03   4   0 0  1 1  0 0  2 0
   245  0.9709103762435780E-03   4   0 0  0 2  0 0  2 0
   246  0.1340272687665120E-02   4   2 0  0 0  0 1  0 1
   247  -.5685206291585702E-04   4   1 1  0 0  0 1  0 1
   248  -.1181503321937984E-02   4   0 2  0 0  0 1  0 1
   249  0.1850926241059837       4   1 0  1 0  0 1  0 1
   250  -.1961148443850582       4   0 1  1 0  0 1  0 1
   251  0.4523291950038927E-03   4   0 0  2 0  0 1  0 1
   252  -.2728107195460013       4   1 0  0 1  0 1  0 1
   253  -.6152820952133926       4   0 1  0 1  0 1  0 1
   254  -.7800944326266821E-04   4   0 0  1 1  0 1  0 1
   255  -.7312228579226581E-03   4   0 0  0 2  0 1  0 1
   256  0.1338469011846922E-02   4   2 0  0 0  0 0  1 1
   257  -.5677555408893902E-04   4   1 1  0 0  0 0  1 1
   258  -.1179913310449647E-02   4   0 2  0 0  0 0  1 1
   259  0.1848435351755766       4   1 0  1 0  0 0  1 1
   260  -.1958509222700560       4   0 1  1 0  0 0  1 1
   261  0.4517204716907944E-03   4   0 0  2 0  0 0  1 1
   262  -.2724435837367585       4   1 0  0 1  0 0  1 1
   263  -.6144540775668943       4   0 1  0 1  0 0  1 1
   264  -.7790446183038393E-04   4   0 0  1 1  0 0  1 1
   265  -.7302388126618080E-03   4   0 0  0 2  0 0  1 1
   266  -.8974956136020535E-03   4   2 0  0 0  0 0  0 2
   267  -.1671025051552609E-02   4   1 1  0 0  0 0  0 2
   268  -.7730463898207639E-03   4   0 2  0 0  0 0  0 2
   269  -.1880951166852561       4   1 0  1 0  0 0  0 2
   270  -.1788882846559855       4   0 1  1 0  0 0  0 2
   271  -.1708455653493960E-03   4   0 0  2 0  0 0  0 2
   272  -.1416835384175913       4   1 0  0 1  0 0  0 2
   273  -.1373045448055106       4   0 1  0 1  0 0  0 2
   274  -.4097911299703165E-03   4   0 0  1 1  0 0  0 2
   275  -.2245737549701021E-03   4   0 0  0 2  0 0  0 2
   276  -.7399793143097147E-05   4   1 0  0 0  0 3  0 0
   277  -.4121086924287057E-04   4   0 1  0 0  0 3  0 0
   278  -.9698142397193547E-01   4   0 0  1 0  0 3  0 0
   279  0.5065669529320922       4   0 0  0 1  0 3  0 0
   280  -.5499649212011958E-05   4   1 0  0 0  0 2  1 0
   281  -.3155519815053600E-04   4   0 1  0 0  0 2  1 0
   282  -.5238187505212439E-01   4   0 0  1 0  0 2  1 0
   283  0.2006124188588521       4   0 0  0 1  0 2  1 0
   284  -.5503464796137707E-05   4   1 0  0 0  0 1  2 0
   285  -.3157457741879277E-04   4   0 1  0 0  0 1  2 0
   286  -.5247164155124640E-01   4   0 0  1 0  0 1  2 0
   287  0.2012286515203573       4   0 0  0 1  0 1  2 0
   288  -.7381160108519336E-05   4   1 0  0 0  0 0  3 0
   289  -.4110647564949450E-04   4   0 1  0 0  0 0  3 0
   290  -.9675045544914249E-01   4   0 0  1 0  0 0  3 0
   291  0.5054095769422848       4   0 0  0 1  0 0  3 0
   292  0.1122730920755368E-04   4   1 0  0 0  0 2  0 1
   293  0.5602944366653937E-04   4   0 1  0 0  0 2  0 1
   294  0.2240395963526886       4   0 0  1 0  0 2  0 1
   295  -.4010147760687250       4   0 0  0 1  0 2  0 1
   296  0.9570814106891370E-05   4   1 0  0 0  0 1  1 1
   297  0.4831363079735962E-04   4   0 1  0 0  0 1  1 1
   298  0.1350376199288491       4   0 0  1 0  0 1  1 1
   299  -.1013818074147037       4   0 0  0 1  0 1  1 1
   300  0.1120576004859717E-04   4   1 0  0 0  0 0  2 1
   301  0.5592153277820527E-04   4   0 1  0 0  0 0  2 1
   302  0.2236472307901393       4   0 0  1 0  0 0  2 1
   303  -.4004068918530337       4   0 0  0 1  0 0  2 1
   304  -.3682831547129944E-05   4   1 0  0 0  0 1  0 2
   305  -.9348495356399614E-05   4   0 1  0 0  0 1  0 2
   306  -.1349207352548950       4   0 0  1 0  0 1  0 2
   307  -.2497514885957548       4   0 0  0 1  0 1  0 2
   308  -.3677875365999525E-05   4   1 0  0 0  0 0  1 2
   309  -.9335914591928174E-05   4   0 1  0 0  0 0  1 2
   310  -.1347391652879835       4   0 0  1 0  0 0  1 2
   311  -.2494153848127831       4   0 0  0 1  0 0  1 2
   312  0.1054451494867422E-05   4   1 0  0 0  0 0  0 3
   313  0.8601158091109513E-06   4   0 1  0 0  0 0  0 3
   314  -.1447895761391210E-01   4   0 0  1 0  0 0  0 3
   315  -.1183826763606187E-01   4   0 0  0 1  0 0  0 3
   316  -.9805649712220692E-05   4   0 0  0 0  0 4  0 0
   317  -.4725277150942363E-05   4   0 0  0 0  0 3  1 0
   318  -.4053398807692296E-05   4   0 0  0 0  0 2  2 0
   319  -.4739815389163057E-05   4   0 0  0 0  0 1  3 0
   320  -.9776093228795983E-05   4   0 0  0 0  0 0  4 0
   321  0.1008959781456005E-04   4   0 0  0 0  0 3  0 1
   322  0.4432684210599501E-05   4   0 0  0 0  0 2  1 1
   323  0.4444076013029027E-05   4   0 0  0 0  0 1  2 1
   324  0.1006625203416197E-04   4   0 0  0 0  0 0  3 1
   325  0.1267765776459574E-05   4   0 0  0 0  0 2  0 2
   326  0.1502374449685498E-05   4   0 0  0 0  0 1  1 2
   327  0.1265048764660384E-05   4   0 0  0 0  0 0  2 2
   328  0.1567944198389877E-07   4   0 0  0 0  0 1  0 3
   329  0.1565834132982348E-07   4   0 0  0 0  0 0  1 3
   330  -.6355360895896860E-13   4   0 0  0 0  0 0  0 4
   ----------------------------------------------------
     I  COEFFICIENT            ORDER EXPONENTS
     1  0.7467261576019294E-08   0   0 0  0 0  0 0  0 0
     2  -.6347227070586827E-05   1   1 0  0 0  0 0  0 0
     3  -.7179426340657063E-05   1   0 1  0 0  0 0  0 0
     4  0.4521148452638567E-04   1   0 0  1 0  0 0  0 0
     5  0.1764464774385027E-04   1   0 0  0 1  0 0  0 0
     6   1.000000000000000       1   0 0  0 0  1 0  0 0
     7  0.2859789926134007       1   0 0  0 0  0 1  0 0
     8  -.2859789889302590       1   0 0  0 0  0 0  1 0
     9  -.3683148408565181E-08   1   0 0  0 0  0 0  0 1
    10  -.3843718968606363       2   2 0  0 0  0 0  0 0
    11  -1.016338174608244       2   1 1  0 0  0 0  0 0
    12  -.8857815175600965       2   0 2  0 0  0 0  0 0
    13  -.2395213355330331E-04   2   1 0  1 0  0 0  0 0
    14  -.3129816519907730E-04   2   0 1  1 0  0 0  0 0
    15  -.2587800678174139       2   0 0  2 0  0 0  0 0
    16  -.3140857662726846E-04   2   1 0  0 1  0 0  0 0
    17  -.3680793370587323E-04   2   0 1  0 1  0 0  0 0
    18  -.1964677587828571       2   0 0  1 1  0 0  0 0
    19  -.2549941362691268       2   0 0  0 2  0 0  0 0
    20  0.9373469151316567E-05   2   1 0  0 0  0 1  0 0
    21  0.1331707407922365E-04   2   0 1  0 0  0 1  0 0
    22  -.6343415277466747E-04   2   0 0  1 0  0 1  0 0
    23  -.4417556126816130E-04   2   0 0  0 1  0 1  0 0
    24  0.3030718946269255E-05   2   1 0  0 0  0 0  1 0
    25  0.6139068693323467E-05   2   0 1  0 0  0 0  1 0
    26  -.1825892419601690E-04   2   0 0  1 0  0 0  1 0
    27  -.2651893845512412E-04   2   0 0  0 1  0 0  1 0
    28  -.1240425903996713E-04   2   1 0  0 0  0 0  0 1
    29  -.1227683856218890E-04   2   0 1  0 0  0 0  0 1
    30  0.8169310881006784E-04   2   0 0  1 0  0 0  0 1
    31  0.5304988521478963E-04   2   0 0  0 1  0 0  0 1
    32  -.2146286642762193       2   0 0  0 0  0 2  0 0
    33  0.1432783309467861       2   0 0  0 0  0 1  1 0
    34  0.7135032833547160E-01   2   0 0  0 0  0 0  2 0
    35  0.4992485730875132E-08   2   0 0  0 0  0 1  0 1
    36  0.1312592540529712E-08   2   0 0  0 0  0 0  1 1
    37  -.1311033222530220E-08   2   0 0  0 0  0 0  0 2
    38  0.2016192931804381       3   3 0  0 0  0 0  0 0
    39  0.6277935283377324       3   2 1  0 0  0 0  0 0
    40  0.6399297213994615       3   1 2  0 0  0 0  0 0
    41  0.2147362844810909       3   0 3  0 0  0 0  0 0
    42  0.1213613271333870E-02   3   2 0  1 0  0 0  0 0
    43  0.2391904857361713E-02   3   1 1  1 0  0 0  0 0
    44  0.1425176191025101E-02   3   0 2  1 0  0 0  0 0
    45  0.8523890968620293E-01   3   1 0  2 0  0 0  0 0
    46  0.1760955966123937E-01   3   0 1  2 0  0 0  0 0
    47  0.4532431892392006E-03   3   0 0  3 0  0 0  0 0
    48  0.8555612265645063E-03   3   2 0  0 1  0 0  0 0
    49  0.1630308456070600E-02   3   1 1  0 1  0 0  0 0
    50  0.9775694567329440E-03   3   0 2  0 1  0 0  0 0
    51  0.4394718682801475E-01   3   1 0  1 1  0 0  0 0
    52  -.6340861979191277E-01   3   0 1  1 1  0 0  0 0
    53  0.1178538826694589E-02   3   0 0  2 1  0 0  0 0
    54  -.3184464651369184E-01   3   1 0  0 2  0 0  0 0
    55  -.7444332989852781E-01   3   0 1  0 2  0 0  0 0
    56  0.1050476150645434E-02   3   0 0  1 2  0 0  0 0
    57  0.3190388499820532E-03   3   0 0  0 3  0 0  0 0
    58  0.6137737339759827       3   2 0  0 0  0 1  0 0
    59   1.948431893333735       3   1 1  0 0  0 1  0 0
    60   1.823172098168165       3   0 2  0 0  0 1  0 0
    61  0.3614748655218062E-04   3   1 0  1 0  0 1  0 0
    62  0.5832058555862588E-04   3   0 1  1 0  0 1  0 0
    63  0.3620033432951034       3   0 0  2 0  0 1  0 0
    64  0.5888867232788305E-04   3   1 0  0 1  0 1  0 0
    65  0.8466894584344709E-04   3   0 1  0 1  0 1  0 0
    66  0.4963360490783326       3   0 0  1 1  0 1  0 0
    67  0.4637815255019901       3   0 0  0 2  0 1  0 0
    68  0.2296100014628941       3   2 0  0 0  0 0  1 0
    69  0.9322059288108557       3   1 1  0 0  0 0  1 0
    70  0.9373199322398049       3   0 2  0 0  0 0  1 0
    71  0.1215765412978380E-04   3   1 0  1 0  0 0  1 0
    72  0.2689559675638238E-04   3   0 1  1 0  0 0  1 0
    73  0.1034322991414735       3   0 0  2 0  0 0  1 0
    74  0.2742086670799347E-04   3   1 0  0 1  0 0  1 0
    75  0.4771241598956668E-04   3   0 1  0 1  0 0  1 0
    76  0.2997290131204484       3   0 0  1 1  0 0  1 0
    77  0.2088492072906075       3   0 0  0 2  0 0  1 0
    78  -.8433844014459915       3   2 0  0 0  0 0  0 1
    79  -1.864301344095366       3   1 1  0 0  0 0  0 1
    80  -.9889301891902319       3   0 2  0 0  0 0  0 1
    81  -.4820075764527320E-04   3   1 0  1 0  0 0  0 1
    82  -.5365653020741279E-04   3   0 1  1 0  0 0  0 1
    83  -.4654359067703117       3   0 0  2 0  0 0  0 1
    84  -.5474466641343255E-04   3   1 0  0 1  0 0  0 1
    85  -.5844856040143047E-04   3   0 1  0 1  0 0  0 1
    86  -.5995976728018398       3   0 0  1 1  0 0  0 1
    87  -.1626426314947611       3   0 0  0 2  0 0  0 1
    88  -.1153582882025778E-04   3   1 0  0 0  0 2  0 0
    89  -.1908091563012969E-04   3   0 1  0 0  0 2  0 0
    90  0.7511229502831629E-04   3   0 0  1 0  0 2  0 0
    91  0.7114997091292146E-04   3   0 0  0 1  0 2  0 0
    92  -.4327083069416778E-05   3   1 0  0 0  0 1  1 0
    93  -.1152914950120879E-04   3   0 1  0 0  0 1  1 0
    94  0.2337993928457385E-04   3   0 0  1 0  0 1  1 0
    95  0.5395317630242474E-04   3   0 0  0 1  0 1  1 0
    96  -.2166919613246658E-05   3   1 0  0 0  0 0  2 0
    97  -.5765756779977987E-05   3   0 1  0 0  0 0  2 0
    98  0.1171684006692951E-04   3   0 0  1 0  0 0  2 0
    99  0.2696994271614823E-04   3   0 0  0 1  0 0  2 0
   100  0.1802357117924026E-04   3   1 0  0 0  0 1  0 1
   101  0.2305546329163398E-04   3   0 1  0 0  0 1  0 1
   102  -.1101767757722040E-03   3   0 0  1 0  0 1  0 1
   103  -.1079087290170546E-03   3   0 0  0 1  0 1  0 1
   104  0.5628422894666765E-05   3   1 0  0 0  0 0  1 1
   105  0.1078076898836564E-04   3   0 1  0 0  0 0  1 1
   106  -.2855691204124112E-04   3   0 0  1 0  0 0  1 1
   107  -.5485786456758465E-04   3   0 0  0 1  0 0  1 1
   108  -.5623586873504510E-05   3   1 0  0 0  0 0  0 2
   109  -.4641145502925513E-05   3   0 1  0 0  0 0  0 2
   110  0.2852203977117081E-04   3   0 0  1 0  0 0  0 2
   111  0.2833508493908308E-04   3   0 0  0 1  0 0  0 2
   112  0.1788813507522002       3   0 0  0 0  0 3  0 0
   113  -.1073867927822116       3   0 0  0 0  0 2  1 0
   114  -.3589155555427861E-01   3   0 0  0 0  0 1  2 0
   115  -.3560303950587766E-01   3   0 0  0 0  0 0  3 0
   116  -.4546419911310490E-08   3   0 0  0 0  0 2  0 1
   117  0.2310698844672664E-09   3   0 0  0 0  0 1  1 1
   118  0.1122341981210330E-09   3   0 0  0 0  0 0  2 1
   119  0.5306902504903584E-09   3   0 0  0 0  0 1  0 2
   120  -.9410004035013611E-10   3   0 0  0 0  0 0  1 2
   121  0.2225362284812249E-09   3   0 0  0 0  0 0  0 3
   122  -3.357509330947986       4   4 0  0 0  0 0  0 0
   123  -16.71717146005923       4   3 1  0 0  0 0  0 0
   124  -31.24190799543804       4   2 2  0 0  0 0  0 0
   125  -26.13238192436036       4   1 3  0 0  0 0  0 0
   126  -8.556256481690074       4   0 4  0 0  0 0  0 0
   127  0.2210468625134797E-02   4   3 0  1 0  0 0  0 0
   128  0.8254996213115099E-02   4   2 1  1 0  0 0  0 0
   129  0.9325643523581147E-02   4   1 2  1 0  0 0  0 0
   130  0.3295971504214255E-02   4   0 3  1 0  0 0  0 0
   131  -8.233302862144818       4   2 0  2 0  0 0  0 0
   132  -16.74604823156066       4   1 1  2 0  0 0  0 0
   133  -9.676233135678205       4   0 2  2 0  0 0  0 0
   134  0.4491083566639880E-02   4   1 0  3 0  0 0  0 0
   135  0.3298156050968987E-02   4   0 1  3 0  0 0  0 0
   136  -1.609061956919785       4   0 0  4 0  0 0  0 0
   137  0.3161166081184798E-02   4   3 0  0 1  0 0  0 0
   138  0.1076809310285140E-01   4   2 1  0 1  0 0  0 0
   139  0.1159203634131900E-01   4   1 2  0 1  0 0  0 0
   140  0.3986946536943519E-02   4   0 3  0 1  0 0  0 0
   141  -11.55857591870177       4   2 0  1 1  0 0  0 0
   142  -22.38135481037233       4   1 1  1 1  0 0  0 0
   143  -12.77704289167465       4   0 2  1 1  0 0  0 0
   144  0.1099831909626127E-01   4   1 0  2 1  0 0  0 0
   145  0.7944032435019571E-02   4   0 1  2 1  0 0  0 0
   146  -5.096564834833385       4   0 0  3 1  0 0  0 0
   147  -3.948365675952995       4   2 0  0 2  0 0  0 0
   148  -7.884742939367747       4   1 1  0 2  0 0  0 0
   149  -5.112198071772860       4   0 2  0 2  0 0  0 0
   150  0.8816225037370333E-02   4   1 0  1 2  0 0  0 0
   151  0.6169472027009780E-02   4   0 1  1 2  0 0  0 0
   152  -6.263122722111446       4   0 0  2 2  0 0  0 0
   153  0.2244273028527784E-02   4   1 0  0 3  0 0  0 0
   154  0.1460805862548263E-02   4   0 1  0 3  0 0  0 0
   155  -3.558179722458501       4   0 0  1 3  0 0  0 0
   156  -.8784610704642634       4   0 0  0 4  0 0  0 0
   157  -.3443997469879087       4   3 0  0 0  0 1  0 0
   158  -1.340174156547129       4   2 1  0 0  0 1  0 0
   159  -1.651183908112210       4   1 2  0 0  0 1  0 0
   160  -.6525573453249464       4   0 3  0 0  0 1  0 0
   161  -.5181998396755310E-03   4   2 0  1 0  0 1  0 0
   162  -.2426920142275728E-02   4   1 1  1 0  0 1  0 0
   163  -.2171716568596790E-02   4   0 2  1 0  0 1  0 0
   164  -.1027584719745808       4   1 0  2 0  0 1  0 0
   165  -.4517555781067909E-01   4   0 1  2 0  0 1  0 0
   166  -.5186995309175620E-03   4   0 0  3 0  0 1  0 0
   167  -.4869966936930056E-03   4   2 0  0 1  0 1  0 0
   168  -.1712832501283550E-02   4   1 1  0 1  0 1  0 0
   169  -.1523726436426351E-02   4   0 2  0 1  0 1  0 0
   170  -.1104057388151466       4   1 0  1 1  0 1  0 0
   171  0.8075344220106626E-01   4   0 1  1 1  0 1  0 0
   172  -.1670224650561535E-02   4   0 0  2 1  0 1  0 0
   173  0.3904401673783376E-01   4   1 0  0 2  0 1  0 0
   174  0.1607269332732135       4   0 1  0 2  0 1  0 0
   175  -.1909786030474245E-02   4   0 0  1 2  0 1  0 0
   176  -.7540821842928033E-03   4   0 0  0 3  0 1  0 0
   177  -.1413875348531843       4   3 0  0 0  0 0  1 0
   178  -.7069550673413433       4   2 1  0 0  0 0  1 0
   179  -1.004491587855244       4   1 2  0 0  0 0  1 0
   180  -.4350370285967652       4   0 3  0 0  0 0  1 0
   181  -.3545792125845995E-03   4   2 0  1 0  0 0  1 0
   182  -.2016895822424635E-02   4   1 1  1 0  0 0  1 0
   183  -.1792769712768850E-02   4   0 2  1 0  0 0  1 0
   184  -.1719572567350502E-01   4   1 0  2 0  0 0  1 0
   185  -.2654377465005760E-01   4   0 1  2 0  0 0  1 0
   186  -.2942638524802138E-03   4   0 0  3 0  0 0  1 0
   187  -.5203638213507272E-03   4   2 0  0 1  0 0  1 0
   188  -.1812557991044810E-02   4   1 1  0 1  0 0  1 0
   189  -.1483806686514466E-02   4   0 2  0 1  0 0  1 0
   190  -.6582931058077506E-01   4   1 0  1 1  0 0  1 0
   191  0.1888329168110696E-01   4   0 1  1 1  0 0  1 0
   192  -.1147655811107376E-02   4   0 0  2 1  0 0  1 0
   193  0.7554454839658456E-02   4   1 0  0 2  0 0  1 0
   194  0.8695794340688634E-01   4   0 1  0 2  0 0  1 0
   195  -.1429024403179816E-02   4   0 0  1 2  0 0  1 0
   196  -.5886815088123750E-03   4   0 0  0 3  0 0  1 0
   197  0.4838740493557810       4   3 0  0 0  0 0  0 1
   198   1.410742982398470       4   2 1  0 0  0 0  0 1
   199   1.363796702060414       4   1 2  0 0  0 0  0 1
   200  0.4377921272712964       4   0 3  0 0  0 0  0 1
   201  0.1057187257157964E-02   4   2 0  1 0  0 0  0 1
   202  0.2657051881858569E-02   4   1 1  1 0  0 0  0 1
   203  0.1732420804337303E-02   4   0 2  1 0  0 0  0 1
   204  0.1192115492279043       4   1 0  2 0  0 0  0 1
   205  0.5210180764317961E-01   4   0 1  2 0  0 0  0 1
   206  0.8581914717409456E-03   4   0 0  3 0  0 0  0 1
   207  0.2864775322504702E-03   4   2 0  0 1  0 0  0 1
   208  0.9231341319027920E-03   4   1 1  0 1  0 0  0 1
   209  0.7913478687470810E-03   4   0 2  0 1  0 0  0 1
   210  0.1311448253330293       4   1 0  1 1  0 0  0 1
   211  0.2425979455408950E-01   4   0 1  1 1  0 0  0 1
   212  0.1881339739898413E-02   4   0 0  2 1  0 0  0 1
   213  0.1633999783154402E-01   4   1 0  0 2  0 0  0 1
   214  -.2593587243244442E-01   4   0 1  0 2  0 0  0 1
   215  0.1401392434929934E-02   4   0 0  1 2  0 0  0 1
   216  0.3983654336141686E-03   4   0 0  0 3  0 0  0 1
   217  -.8061927788605637       4   2 0  0 0  0 2  0 0
   218  -2.895119067052038       4   1 1  0 0  0 2  0 0
   219  -2.886530356846597       4   0 2  0 0  0 2  0 0
   220  -.4533933989494248E-04   4   1 0  1 0  0 2  0 0
   221  -.9405796421406974E-04   4   0 1  1 0  0 2  0 0
   222  -.4275950905901916       4   0 0  2 0  0 2  0 0
   223  -.9674315807364237E-04   4   1 0  0 1  0 2  0 0
   224  -.1603264402143245E-03   4   0 1  0 1  0 2  0 0
   225  -.8008431468634496       4   0 0  1 1  0 2  0 0
   226  -.7002595785858976       4   0 0  0 2  0 2  0 0
   227  -.3848798221092121       4   2 0  0 0  0 1  1 0
   228  -1.893227714834271       4   1 1  0 0  0 1  1 0
   229  -2.126327002848013       4   0 2  0 0  0 1  1 0
   230  -.1851384002239630E-04   4   1 0  1 0  0 1  1 0
   231  -.5545625835162353E-04   4   0 1  1 0  0 1  1 0
   232  -.1313192323953531       4   0 0  2 0  0 1  1 0
   233  -.5805682339555367E-04   4   1 0  0 1  0 1  1 0
   234  -.1206704608100493E-03   4   0 1  0 1  0 1  1 0
   235  -.6090632271716124       4   0 0  1 1  0 1  1 0
   236  -.4729106484581019       4   0 0  0 2  0 1  1 0
   237  -.1925931793011396       4   2 0  0 0  0 0  2 0
   238  -.9466485395942410       4   1 1  0 0  0 0  2 0
   239  -1.062957156275304       4   0 2  0 0  0 0  2 0
   240  -.9351704653096878E-05   4   1 0  1 0  0 0  2 0
   241  -.2781788450206551E-04   4   0 1  1 0  0 0  2 0
   242  -.6581437566609936E-01   4   0 0  2 0  0 0  2 0
   243  -.2909861565530456E-04   4   1 0  0 1  0 0  2 0
   244  -.6036325556175264E-04   4   0 1  0 1  0 0  2 0
   245  -.3044550341063323       4   0 0  1 1  0 0  2 0
   246  -.2364485923269836       4   0 0  0 2  0 0  2 0
   247   1.383421715658286       4   2 0  0 0  0 1  0 1
   248   3.786462134886637       4   1 1  0 0  0 1  0 1
   249   2.429800531587134       4   0 2  0 0  0 1  0 1
   250  0.6299653710786841E-04   4   1 0  1 0  0 1  0 1
   251  0.1007445936805833E-03   4   0 1  1 0  0 1  0 1
   252  0.6245378914610038       4   0 0  2 0  0 1  0 1
   253  0.1052015926395934E-03   4   1 0  0 1  0 1  0 1
   254  0.1439969110397275E-03   4   0 1  0 1  0 1  0 1
   255   1.218142262154108       4   0 0  1 1  0 1  0 1
   256  0.4821191484508427       4   0 0  0 2  0 1  0 1
   257  0.5404252262762128       4   2 0  0 0  0 0  1 1
   258   1.922046533702426       4   1 1  0 0  0 0  1 1
   259   1.440245712179545       4   0 2  0 0  0 0  1 1
   260  0.2211936931548649E-04   4   1 0  1 0  0 0  1 1
   261  0.4864224608588076E-04   4   0 1  1 0  0 0  1 1
   262  0.1595245450490430       4   0 0  2 0  0 0  1 1
   263  0.5150164761087964E-04   4   1 0  0 1  0 0  1 1
   264  0.8222901970477008E-04   4   0 1  0 1  0 0  1 1
   265  0.6185369584904331       4   0 0  1 1  0 0  1 1
   266  0.3192733515809256       4   0 0  0 2  0 0  1 1
   267  -.5402046357193232       4   2 0  0 0  0 0  0 2
   268  -.9899031378636272       4   1 1  0 0  0 0  0 2
   269  -.4516043195563785       4   0 2  0 0  0 0  0 2
   270  -.1917627655376968E-04   4   1 0  1 0  0 0  0 2
   271  -.1692186164638657E-04   4   0 1  1 0  0 0  0 2
   272  -.1593231509615584       4   0 0  2 0  0 0  0 2
   273  -.1867715407263597E-04   4   1 0  0 1  0 0  0 2
   274  -.1659080378668718E-04   4   0 1  0 1  0 0  0 2
   275  -.3187600795370997       4   0 0  1 1  0 0  0 2
   276  -.1567409003315774       4   0 0  0 2  0 0  0 2
   277  -.1510685371058340E-03   4   1 0  0 0  0 3  0 0
   278  -.2315021035837331E-03   4   0 1  0 0  0 3  0 0
   279  -.7888693055082797E-04   4   0 0  1 0  0 3  0 0
   280  -.8893871743599827E-04   4   0 0  0 1  0 3  0 0
   281  -.8023841973233081E-04   4   1 0  0 0  0 2  1 0
   282  -.1170836508060747E-03   4   0 1  0 0  0 2  1 0
   283  -.2215523796164584E-04   4   0 0  1 0  0 2  1 0
   284  -.7460570300006343E-04   4   0 0  0 1  0 2  1 0
   285  -.5065599194850460E-04   4   1 0  0 0  0 1  2 0
   286  -.7328825937983646E-04   4   0 1  0 0  0 1  2 0
   287  -.1163004795994957E-04   4   0 0  1 0  0 1  2 0
   288  -.4931901655007680E-04   4   0 0  0 1  0 1  2 0
   289  -.2677730612334956E-04   4   1 0  0 0  0 0  3 0
   290  -.3908128150299752E-04   4   0 1  0 0  0 0  3 0
   291  -.7420578361742894E-05   4   0 0  1 0  0 0  3 0
   292  -.2486227639091703E-04   4   0 0  0 1  0 0  3 0
   293  0.1314090945054819E-03   4   1 0  0 0  0 2  0 1
   294  0.1056410941533023E-03   4   0 1  0 0  0 2  0 1
   295  0.8729378469651113E-04   4   0 0  1 0  0 2  0 1
   296  0.1449745221120163E-03   4   0 0  0 1  0 2  0 1
   297  0.7212055754491553E-04   4   1 0  0 0  0 1  1 1
   298  0.5788720053732154E-04   4   0 1  0 0  0 1  1 1
   299  0.1661801450370808E-04   4   0 0  1 0  0 1  1 1
   300  0.9409185285210318E-04   4   0 0  0 1  0 1  1 1
   301  0.3607560807746130E-04   4   1 0  0 0  0 0  2 1
   302  0.2895595376759787E-04   4   0 1  0 0  0 0  2 1
   303  0.8351107648414058E-05   4   0 0  1 0  0 0  2 1
   304  0.4704891723245581E-04   4   0 0  0 1  0 0  2 1
   305  -.8371440442173776E-06   4   1 0  0 0  0 1  0 2
   306  0.2063918884682425E-05   4   0 1  0 0  0 1  0 2
   307  -.7807284845670539E-05   4   0 0  1 0  0 1  0 2
   308  -.2345543657990494E-04   4   0 0  0 1  0 1  0 2
   309  -.4508329504993338E-05   4   1 0  0 0  0 0  1 2
   310  -.1329732907219627E-05   4   0 1  0 0  0 0  1 2
   311  0.3430180056470156E-05   4   0 0  1 0  0 0  1 2
   312  -.1108214943787107E-04   4   0 0  0 1  0 0  1 2
   313  0.2661087230630406E-07   4   1 0  0 0  0 0  0 3
   314  0.9066198841432156E-07   4   0 1  0 0  0 0  0 3
   315  -.4989302918313403E-05   4   0 0  1 0  0 0  0 3
   316  -.4543983451925765E-05   4   0 0  0 1  0 0  0 3
   317  -.1565302519662273       4   0 0  0 0  0 4  0 0
   318  0.8947684327861398E-01   4   0 0  0 0  0 3  1 0
   319  0.2686485487523839E-01   4   0 0  0 0  0 2  2 0
   320  0.1798162679195471E-01   4   0 0  0 0  0 1  3 0
   321  0.2220686161074778E-01   4   0 0  0 0  0 0  4 0
   322  0.6204868479706205E-08   4   0 0  0 0  0 3  0 1
   323  0.3288961200869398E-08   4   0 0  0 0  0 2  1 1
   324  0.2640013765202426E-08   4   0 0  0 0  0 1  2 1
   325  0.8959609351081718E-09   4   0 0  0 0  0 0  3 1
   326  -.5528963592682378E-09   4   0 0  0 0  0 2  0 2
   327  0.1450549831021862E-09   4   0 0  0 0  0 1  1 2
   328  0.5094312704367688E-10   4   0 0  0 0  0 0  2 2
   329  -.4111918051711824E-09   4   0 0  0 0  0 1  0 3
   330  -.1887007686499862E-09   4   0 0  0 0  0 0  1 3
   331  -.2486948237486636E-10   4   0 0  0 0  0 0  0 4
   ----------------------------------------------------
     I  COEFFICIENT            ORDER EXPONENTS
     1   1.000000000000000       1   0 0  0 0  0 1  0 0
     --------------------------------------------------
     I  COEFFICIENT            ORDER EXPONENTS
     1   1.000000000000000       1   0 0  0 0  0 0  1 0
     --------------------------------------------------
     I  COEFFICIENT            ORDER EXPONENTS
     1   1.000000000000000       1   0 0  0 0  0 0  0 1
     --------------------------------------------------
