 L    0.1145458000000000E+01
 P (  0.0000000000000000E+00,  0.0000000000000000E+00,  0.9555200000000000E-01)
 A (  0.0000000000000000E+00,  0.0000000000000000E+00,  0.0000000000000000E+00)
     I  COEFFICIENT            ORDER EXPONENTS
     1  0.9525627576781285E-04   0   0 0  0 0  0 0  0 0
     2   1.675379820631828       1   1 0  0 0  0 0  0 0
     3   1.744251698242263       1   0 1  0 0  0 0  0 0
     4  0.2027742784217682E-04   1   0 0  1 0  0 0  0 0
     5  0.1786241572971480E-04   1   0 0  0 1  0 0  0 0
     6  -.9197164957109959E-06   1   0 0  0 0  0 1  0 0
     7  -.9184787845958535E-06   1   0 0  0 0  0 0  1 0
     8  0.1838195282195441E-05   1   0 0  0 0  0 0  0 1
     9  -.1727623868391745       2   2 0  0 0  0 0  0 0
    10  -.3086231128534399       2   1 1  0 0  0 0  0 0
    11  -.1385157689658763       2   0 2  0 0  0 0  0 0
    12  0.6908686569714236E-03   2   1 0  1 0  0 0  0 0
    13  0.2055829306873439E-03   2   0 1  1 0  0 0  0 0
    14  0.1219365002638457       2   0 0  2 0  0 0  0 0
    15  0.7083437606279015E-03   2   1 0  0 1  0 0  0 0
    16  0.3196025874344968E-03   2   0 1  0 1  0 0  0 0
    17  0.2173071800899736       2   0 0  1 1  0 0  0 0
    18  0.9763264013209619E-01   2   0 0  0 2  0 0  0 0
    19  -.3676583906431680       2   1 0  0 0  0 1  0 0
    20  -1.197114031311072       2   0 1  0 0  0 1  0 0
    21  -.1111666807877217E-04   2   0 0  1 0  0 1  0 0
    22  -.1879389879365360E-04   2   0 0  0 1  0 1  0 0
    23  -.3671636133081793       2   1 0  0 0  0 0  1 0
    24  -1.195503011665763       2   0 1  0 0  0 0  1 0
    25  -.1110170779078215E-04   2   0 0  1 0  0 0  1 0
    26  -.1876860685038282E-04   2   0 0  0 1  0 0  1 0
    27  0.7348220039849549       2   1 0  0 0  0 0  0 1
    28  0.6483653447681033       2   0 1  0 0  0 0  0 1
    29  0.2221835324268844E-04   2   0 0  1 0  0 0  0 1
    30  0.1970006807439004E-04   2   0 0  0 1  0 0  0 1
    31  0.4470770116484381E-06   2   0 0  0 0  0 2  0 0
    32  -.2427523232916438E-07   2   0 0  0 0  0 1  1 0
    33  0.4464916907087111E-06   2   0 0  0 0  0 0  2 0
    34  0.4977354101289373E-07   2   0 0  0 0  0 1  0 1
    35  0.4970655812708776E-07   2   0 0  0 0  0 0  1 1
    36  -.9688320219717941E-06   2   0 0  0 0  0 0  0 2
    37   2.382785164749881       3   3 0  0 0  0 0  0 0
    38   10.68195954920574       3   2 1  0 0  0 0  0 0
    39   14.21354334277168       3   1 2  0 0  0 0  0 0
    40   6.748880291291795       3   0 3  0 0  0 0  0 0
    41  -.1312275096997882E-01   3   2 0  1 0  0 0  0 0
    42  -.2305554576002677E-01   3   1 1  1 0  0 0  0 0
    43  -.1014269031270481E-01   3   0 2  1 0  0 0  0 0
    44  -1.763682612276419       3   1 0  2 0  0 0  0 0
    45  0.4179745160384137       3   0 1  2 0  0 0  0 0
    46  0.3124821495161614E-02   3   0 0  3 0  0 0  0 0
    47  -.1189345876362100E-01   3   2 0  0 1  0 0  0 0
    48  -.2105440363265669E-01   3   1 1  0 1  0 0  0 0
    49  -.9325369916757927E-02   3   0 2  0 1  0 0  0 0
    50  -5.169702877348266       3   1 0  1 1  0 0  0 0
    51  -1.683943242855624       3   0 1  1 1  0 0  0 0
    52  0.8303424711739999E-02   3   0 0  2 1  0 0  0 0
    53  -2.478089843387598       3   1 0  0 2  0 0  0 0
    54  -.3053993596209467       3   0 1  0 2  0 0  0 0
    55  0.7428136552913010E-02   3   0 0  1 2  0 0  0 0
    56  0.2247148604398142E-02   3   0 0  0 3  0 0  0 0
    57  0.1089238321086051       3   2 0  0 0  0 1  0 0
    58  0.3483347349581192       3   1 1  0 0  0 1  0 0
    59  0.2252598149968359       3   0 2  0 0  0 1  0 0
    60  -.3800366612185502E-03   3   1 0  1 0  0 1  0 0
    61  -.1839072125742080E-03   3   0 1  1 0  0 1  0 0
    62  -.5679031858266315E-01   3   0 0  2 0  0 1  0 0
    63  -.8242453042015762E-03   3   1 0  0 1  0 1  0 0
    64  -.5396432279089043E-03   3   0 1  0 1  0 1  0 0
    65  -.2090853623611475       3   0 0  1 1  0 1  0 0
    66  -.1424942758221046       3   0 0  0 2  0 1  0 0
    67  0.1087772475487542       3   2 0  0 0  0 0  1 0
    68  0.3478659624882574       3   1 1  0 0  0 0  1 0
    69  0.2249566709539394       3   0 2  0 0  0 0  1 0
    70  -.3795252257903935E-03   3   1 0  1 0  0 0  1 0
    71  -.1836597189147749E-03   3   0 1  1 0  0 0  1 0
    72  -.5671389284834956E-01   3   0 0  2 0  0 0  1 0
    73  -.8231360737165217E-03   3   1 0  0 1  0 0  1 0
    74  -.5389170014852920E-03   3   0 1  0 1  0 0  1 0
    75  -.2088039851343336       3   0 0  1 1  0 0  1 0
    76  -.1423025137412258       3   0 0  0 2  0 0  1 0
    77  -.2177014178809082       3   2 0  0 0  0 0  0 1
    78  -.3875781441287997       3   1 1  0 0  0 0  0 1
    79  -.1731851788985770       3   0 2  0 0  0 0  0 1
    80  0.7587073322964168E-03   3   1 0  1 0  0 0  0 1
    81  0.1611204131698294E-03   3   0 1  1 0  0 0  0 1
    82  0.1135043864527408       3   0 0  2 0  0 0  0 1
    83  0.9381455870607213E-03   3   1 0  0 1  0 0  0 1
    84  0.4384492810912220E-03   3   0 1  0 1  0 0  0 1
    85  0.2005824416140185       3   0 0  1 1  0 0  0 1
    86  0.8953161518110320E-01   3   0 0  0 2  0 0  0 1
    87  0.2910777551939712       3   1 0  0 0  0 2  0 0
    88   1.072768718519826       3   0 1  0 0  0 2  0 0
    89  0.8829264773518219E-05   3   0 0  1 0  0 2  0 0
    90  0.1949886298740466E-04   3   0 0  0 1  0 2  0 0
    91  0.2147026791217162       3   1 0  0 0  0 1  1 0
    92  0.9487561239779494       3   0 1  0 0  0 1  1 0
    93  0.6469937220738128E-05   3   0 0  1 0  0 1  1 0
    94  0.2012444765344831E-04   3   0 0  0 1  0 1  1 0
    95  0.2905415680955613       3   1 0  0 0  0 0  2 0
    96   1.070686641297117       3   0 1  0 0  0 0  2 0
    97  0.8813029296797905E-05   3   0 0  1 0  0 0  2 0
    98  0.1945908106997401E-04   3   0 0  0 1  0 0  2 0
    99  -.4292002797095541       3   1 0  0 0  0 1  0 1
   100  -.7000663912056273       3   0 1  0 0  0 1  0 1
   101  -.1288204375153129E-04   3   0 0  1 0  0 1  0 1
   102  -.2136242506172278E-04   3   0 0  0 1  0 1  0 1
   103  -.4286226822006303       3   1 0  0 0  0 0  1 1
   104  -.6991242748493297       3   0 1  0 0  0 0  1 1
   105  -.1286470770416014E-04   3   0 0  1 0  0 0  1 1
   106  -.2133367651685092E-04   3   0 0  0 1  0 0  1 1
   107  0.6150061058969183E-01   3   1 0  0 0  0 0  0 2
   108  0.5123013737551552E-01   3   0 1  0 0  0 0  0 2
   109  0.1692077810970638E-05   3   0 0  1 0  0 0  0 2
   110  0.1597348723846811E-05   3   0 0  0 1  0 0  0 2
   111  -.2041455014750759E-06   3   0 0  0 0  0 3  0 0
   112  0.2812708287536067E-06   3   0 0  0 0  0 2  1 0
   113  0.2802915076999825E-06   3   0 0  0 0  0 1  2 0
   114  -.2039224134464170E-06   3   0 0  0 0  0 0  3 0
   115  -.5632877908062290E-06   3   0 0  0 0  0 2  0 1
   116  -.1075299204494374E-05   3   0 0  0 0  0 1  1 1
   117  -.5618062011479125E-06   3   0 0  0 0  0 0  2 1
   118  0.1051187874242086E-05   3   0 0  0 0  0 1  0 2
   119  0.1049773235141755E-05   3   0 0  0 0  0 0  1 2
   120  -.5447260584087141E-07   3   0 0  0 0  0 0  0 3
   121  -20.83476519976338       4   4 0  0 0  0 0  0 0
   122  -77.33535869867865       4   3 1  0 0  0 0  0 0
   123  -108.2234864589406       4   2 2  0 0  0 0  0 0
   124  -67.79537490899466       4   1 3  0 0  0 0  0 0
   125  -16.06379788534168       4   0 4  0 0  0 0  0 0
   126  -.9409150863056361E-02   4   3 0  1 0  0 0  0 0
   127  -.2592870790651615E-01   4   2 1  1 0  0 0  0 0
   128  -.2553512716554929E-01   4   1 2  1 0  0 0  0 0
   129  -.8918649057172139E-02   4   0 3  1 0  0 0  0 0
   130   77.73298422094793       4   2 0  2 0  0 0  0 0
   131   137.3157680235525       4   1 1  2 0  0 0  0 0
   132   61.12568557295745       4   0 2  2 0  0 0  0 0
   133  0.6569098582753782E-02   4   1 0  3 0  0 0  0 0
   134  0.5444071739396879E-02   4   0 1  3 0  0 0  0 0
   135  -9.296853583614723       4   0 0  4 0  0 0  0 0
   136  -.7915469180144040E-02   4   3 0  0 1  0 0  0 0
   137  -.2063751119527739E-01   4   2 1  0 1  0 0  0 0
   138  -.1858362710418959E-01   4   1 2  0 1  0 0  0 0
   139  -.5876338859015800E-02   4   0 3  0 1  0 0  0 0
   140   142.3701089363314       4   2 0  1 1  0 0  0 0
   141   253.3809089291490       4   1 1  1 1  0 0  0 0
   142   113.7188993245176       4   0 2  1 1  0 0  0 0
   143  0.1744290164828663E-01   4   1 0  2 1  0 0  0 0
   144  0.1475945267459371E-01   4   0 1  2 1  0 0  0 0
   145  -32.75956501329777       4   0 0  3 1  0 0  0 0
   146   65.51926993361258       4   2 0  0 2  0 0  0 0
   147   117.3303464423724       4   1 1  0 2  0 0  0 0
   148   53.01975180751921       4   0 2  0 2  0 0  0 0
   149  0.1500892988027926E-01   4   1 0  1 2  0 0  0 0
   150  0.1289982559019060E-01   4   0 1  1 2  0 0  0 0
   151  -43.57174952603838       4   0 0  2 2  0 0  0 0
   152  0.4686809778531915E-02   4   1 0  0 3  0 0  0 0
   153  0.4036205425964357E-02   4   0 1  0 3  0 0  0 0
   154  -25.82351214238677       4   0 0  1 3  0 0  0 0
   155  -5.730807719815173       4   0 0  0 4  0 0  0 0
   156  -3.916695473863724       4   3 0  0 0  0 1  0 0
   157  -19.76178405690863       4   2 1  0 0  0 1  0 0
   158  -31.07337904111262       4   1 2  0 0  0 1  0 0
   159  -16.63169479672077       4   0 3  0 0  0 1  0 0
   160  0.1359977091703244E-02   4   2 0  1 0  0 1  0 0
   161  0.1245978706718384E-01   4   1 1  1 0  0 1  0 0
   162  0.9806114961789247E-02   4   0 2  1 0  0 1  0 0
   163  0.8337917262458380       4   1 0  2 0  0 1  0 0
   164  -.7776275453707675       4   0 1  2 0  0 1  0 0
   165  -.4473786979453437E-03   4   0 0  3 0  0 1  0 0
   166  0.6301317099596845E-02   4   2 0  0 1  0 1  0 0
   167  0.2019780496825443E-01   4   1 1  0 1  0 1  0 0
   168  0.1284761621977803E-01   4   0 2  0 1  0 1  0 0
   169   6.172222708341808       4   1 0  1 1  0 1  0 0
   170   2.893085977622721       4   0 1  1 1  0 1  0 0
   171  -.4913271757224805E-02   4   0 0  2 1  0 1  0 0
   172   4.595643431956915       4   1 0  0 2  0 1  0 0
   173   1.452549432640249       4   0 1  0 2  0 1  0 0
   174  -.7698856546364952E-02   4   0 0  1 2  0 1  0 0
   175  -.3328730840640876E-02   4   0 0  0 3  0 1  0 0
   176  -3.911424569682707       4   3 0  0 0  0 0  1 0
   177  -19.73518957926647       4   2 1  0 0  0 0  1 0
   178  -31.03156195203793       4   1 2  0 0  0 0  1 0
   179  -16.60931264568841       4   0 3  0 0  0 0  1 0
   180  0.1358146898626704E-02   4   2 0  1 0  0 0  1 0
   181  0.1244301927295818E-01   4   1 1  1 0  0 0  1 0
   182  0.9792918354419807E-02   4   0 2  1 0  0 0  1 0
   183  0.8326696486359100       4   1 0  2 0  0 0  1 0
   184  -.7765810508685209       4   0 1  2 0  0 0  1 0
   185  -.4467766367778758E-03   4   0 0  3 0  0 0  1 0
   186  0.6292837084014959E-02   4   2 0  0 1  0 0  1 0
   187  0.2017062371421766E-01   4   1 1  0 1  0 0  1 0
   188  0.1283032650335658E-01   4   0 2  0 1  0 0  1 0
   189   6.163916421907737       4   1 0  1 1  0 0  1 0
   190   2.889192598860478       4   0 1  1 1  0 0  1 0
   191  -.4906659707648404E-02   4   0 0  2 1  0 0  1 0
   192   4.589458831611383       4   1 0  0 2  0 0  1 0
   193   1.450594660070101       4   0 1  0 2  0 0  1 0
   194  -.7688495788059390E-02   4   0 0  1 2  0 0  1 0
   195  -.3324251191553191E-02   4   0 0  0 3  0 0  1 0
   196   7.825367367540034       4   3 0  0 0  0 0  0 1
   197   28.80645192450820       4   2 1  0 0  0 0  0 1
   198   33.66895605349880       4   1 2  0 0  0 0  0 1
   199   12.99127610295786       4   0 3  0 0  0 0  0 1
   200  0.1450099249558616E-02   4   2 0  1 0  0 0  0 1
   201  0.3142305847752983E-02   4   1 1  1 0  0 0  0 1
   202  0.1703674851769668E-02   4   0 2  1 0  0 0  0 1
   203  -1.662308809521698       4   1 0  2 0  0 0  0 1
   204   1.140401350312817       4   0 1  2 0  0 0  0 1
   205  -.8732920550821448E-04   4   0 0  3 0  0 0  0 1
   206  0.1612555032764806E-02   4   2 0  0 1  0 0  0 1
   207  0.3380264689636977E-02   4   1 1  0 1  0 0  0 1
   208  0.1792011186689673E-02   4   0 2  0 1  0 0  0 1
   209  -7.157828937940349       4   1 0  1 1  0 0  0 1
   210  -2.405705313153432       4   0 1  1 1  0 0  0 1
   211  -.3110815760329805E-03   4   0 0  2 1  0 0  0 1
   212  -4.224436311711250       4   1 0  0 2  0 0  0 1
   213  -1.982395872323161       4   0 1  0 2  0 0  0 1
   214  -.3261644046478859E-03   4   0 0  1 2  0 0  0 1
   215  -.9371322970024789E-04   4   0 0  0 3  0 0  0 1
   216  -.9603857232607414E-01   4   2 0  0 0  0 2  0 0
   217  -.3844274443105190       4   1 1  0 0  0 2  0 0
   218  -.3026176821049158       4   0 2  0 0  0 2  0 0
   219  -.2025558948753272E-03   4   1 0  1 0  0 2  0 0
   220  -.7126404474764163E-04   4   0 1  1 0  0 2  0 0
   221  0.4038377053770786E-01   4   0 0  2 0  0 2  0 0
   222  0.4877298208468141E-03   4   1 0  0 1  0 2  0 0
   223  0.5757772382995835E-03   4   0 1  0 1  0 2  0 0
   224  0.2028803603690387       4   0 0  1 1  0 2  0 0
   225  0.1740862854388203       4   0 0  0 2  0 2  0 0
   226  -.8176477268017103E-01   4   2 0  0 0  0 1  1 0
   227  -.4172487397326813       4   1 1  0 0  0 1  1 0
   228  -.3777944905168819       4   0 2  0 0  0 1  1 0
   229  -.3243686279341029E-03   4   1 0  1 0  0 1  1 0
   230  -.1346187081462313E-03   4   0 1  1 0  0 1  1 0
   231  0.2462799249896537E-01   4   0 0  2 0  0 1  1 0
   232  0.5378652454158993E-03   4   1 0  0 1  0 1  1 0
   233  0.7402709445673463E-03   4   0 1  0 1  0 1  1 0
   234  0.1975663405370683       4   0 0  1 1  0 1  1 0
   235  0.2059949304998797       4   0 0  0 2  0 1  1 0
   236  -.9585431055276100E-01   4   2 0  0 0  0 0  2 0
   237  -.3836293431285600       4   1 1  0 0  0 0  2 0
   238  -.3019562244799642       4   0 2  0 0  0 0  2 0
   239  -.2020650446918819E-03   4   1 0  1 0  0 0  2 0
   240  -.7107755919819712E-04   4   0 1  1 0  0 0  2 0
   241  0.4031285236672543E-01   4   0 0  2 0  0 0  2 0
   242  0.4867115401905544E-03   4   1 0  0 1  0 0  2 0
   243  0.5745042735529999E-03   4   0 1  0 1  0 0  2 0
   244  0.2024743958064165       4   0 0  1 1  0 0  2 0
   245  0.1737133991856483       4   0 0  0 2  0 0  2 0
   246  0.1616498566553281       4   2 0  0 0  0 1  0 1
   247  0.4810602995317472       4   1 1  0 0  0 1  0 1
   248  0.3012143946085618       4   0 2  0 0  0 1  0 1
   249  0.5743306135455319E-03   4   1 0  1 0  0 1  0 1
   250  0.5272973986032389E-03   4   0 1  1 0  0 1  0 1
   251  -.4973449438459362E-01   4   0 0  2 0  0 1  0 1
   252  -.1255420711595796E-03   4   1 0  0 1  0 1  0 1
   253  -.3614639041275234E-04   4   0 1  0 1  0 1  0 1
   254  -.1866574834807634       4   0 0  1 1  0 1  0 1
   255  -.1275343656560075       4   0 0  0 2  0 1  0 1
   256  0.1614323158965351       4   2 0  0 0  0 0  1 1
   257  0.4804129112522263       4   1 1  0 0  0 0  1 1
   258  0.3008090344720422       4   0 2  0 0  0 0  1 1
   259  0.5735577064730862E-03   4   1 0  1 0  0 0  1 1
   260  0.5265877866148641E-03   4   0 1  1 0  0 0  1 1
   261  -.4966756404595675E-01   4   0 0  2 0  0 0  1 1
   262  -.1253731225568063E-03   4   1 0  0 1  0 0  1 1
   263  -.3609774630405525E-04   4   0 1  0 1  0 0  1 1
   264  -.1864062886363580       4   0 0  1 1  0 0  1 1
   265  -.1273627359171942       4   0 0  0 2  0 0  1 1
   266  -.5080208865307848E-01   4   2 0  0 0  0 0  0 2
   267  -.8903567861786926E-01   4   1 1  0 0  0 0  0 2
   268  -.3899657358279182E-01   4   0 2  0 0  0 0  0 2
   269  -.5229013439557691E-03   4   1 0  1 0  0 0  0 2
   270  -.5061072156465029E-03   4   0 1  1 0  0 0  0 2
   271  -.6443532210640125E-02   4   0 0  2 0  0 0  0 2
   272  -.4122119130416065E-03   4   1 0  0 1  0 0  0 2
   273  -.4077237990983377E-03   4   0 1  0 1  0 0  0 2
   274  -.1322414099495855E-01   4   0 0  1 1  0 0  0 2
   275  -.6561363746270607E-02   4   0 0  0 2  0 0  0 2
   276  -.2530825786559564       4   1 0  0 0  0 3  0 0
   277  -1.017273292578687       4   0 1  0 0  0 3  0 0
   278  -.1169523573621952E-04   4   0 0  1 0  0 3  0 0
   279  -.2471704965646132E-04   4   0 0  0 1  0 3  0 0
   280  -.1771299554163661       4   1 0  0 0  0 2  1 0
   281  -.9063259899430391       4   0 1  0 0  0 2  1 0
   282  -.7778305626159769E-05   4   0 0  1 0  0 2  1 0
   283  -.2440548009099508E-04   4   0 0  0 1  0 2  1 0
   284  -.1772825880895080       4   1 0  0 0  0 1  2 0
   285  -.9065471879193174       4   0 1  0 0  0 1  2 0
   286  -.7786180685076353E-05   4   0 0  1 0  0 1  2 0
   287  -.2440604188870262E-04   4   0 0  0 1  0 1  2 0
   288  -.2524526728764810       4   1 0  0 0  0 0  3 0
   289  -1.014610771435663       4   0 1  0 0  0 0  3 0
   290  -.1166640060974384E-04   4   0 0  1 0  0 0  3 0
   291  -.2465075535307555E-04   4   0 0  0 1  0 0  3 0
   292  0.3542026391016699       4   1 0  0 0  0 2  0 1
   293  0.7398174954908525       4   0 1  0 0  0 2  0 1
   294  0.1425268119263594E-04   4   0 0  1 0  0 2  0 1
   295  0.2673560660298526E-04   4   0 0  0 1  0 2  0 1
   296  0.2793988249574753       4   1 0  0 0  0 1  1 1
   297  0.7794531705677454       4   0 1  0 0  0 1  1 1
   298  0.1041071887466369E-04   4   0 0  1 0  0 1  1 1
   299  0.2662272909437934E-04   4   0 0  0 1  0 1  1 1
   300  0.3535379689974500       4   1 0  0 0  0 0  2 1
   301  0.7382974083005150       4   0 1  0 0  0 0  2 1
   302  0.1422649547858180E-04   4   0 0  1 0  0 0  2 1
   303  0.2668171327655971E-04   4   0 0  0 1  0 0  2 1
   304  -.6469019074837087E-01   4   1 0  0 0  0 1  0 2
   305  -.7943244895698996E-01   4   0 1  0 0  0 1  0 2
   306  -.6887063944834259E-06   4   0 0  1 0  0 1  0 2
   307  -.1295685637681497E-05   4   0 0  0 1  0 1  0 2
   308  -.6460313373840583E-01   4   1 0  0 0  0 0  1 2
   309  -.7932555251070600E-01   4   0 1  0 0  0 0  1 2
   310  -.6877795658753647E-06   4   0 0  1 0  0 0  1 2
   311  -.1293941965013875E-05   4   0 0  0 1  0 0  1 2
   312  0.2096463761188545E-02   4   1 0  0 0  0 0  0 3
   313  0.1688413901157107E-02   4   0 1  0 0  0 0  0 3
   314  0.1335249546334877E-06   4   0 0  1 0  0 0  0 3
   315  0.1078608229058119E-06   4   0 0  0 1  0 0  0 3
   316  -.3447260323521889E-04   4   0 0  0 0  0 4  0 0
   317  -.2396255389270900E-04   4   0 0  0 0  0 3  1 0
   318  -.2257835273331282E-04   4   0 0  0 0  0 2  2 0
   319  -.2399255798158970E-04   4   0 0  0 0  0 1  3 0
   320  -.3436375937423331E-04   4   0 0  0 0  0 0  4 0
   321  0.9948979824077973E-05   4   0 0  0 0  0 3  0 1
   322  0.1049961639937599E-04   4   0 0  0 0  0 2  1 1
   323  0.1049847784108571E-04   4   0 0  0 0  0 1  2 1
   324  0.9921841097158937E-05   4   0 0  0 0  0 0  3 1
   325  -.8179423397868463E-06   4   0 0  0 0  0 2  0 2
   326  -.1020376956644472E-05   4   0 0  0 0  0 1  1 2
   327  -.8161550039244668E-06   4   0 0  0 0  0 0  2 2
   328  0.2308799882141618E-07   4   0 0  0 0  0 1  0 3
   329  0.2305692808070201E-07   4   0 0  0 0  0 0  1 3
   330  -.7148295122384532E-14   4   0 0  0 0  0 0  0 4
   ----------------------------------------------------
     I  COEFFICIENT            ORDER EXPONENTS
     1  0.4698886577457465E-04   0   0 0  0 0  0 0  0 0
     2   3.202616498700867       1   1 0  0 0  0 0  0 0
     3   3.931149931121205       1   0 1  0 0  0 0  0 0
     4  0.9151527506462739E-04   1   0 0  1 0  0 0  0 0
     5  0.8428695299355687E-04   1   0 0  0 1  0 0  0 0
     6  0.2279554296478142E-05   1   0 0  0 0  0 1  0 0
     7  0.2276486579737578E-05   1   0 0  0 0  0 0  1 0
     8  0.4243282490734997E-04   1   0 0  0 0  0 0  0 1
     9  -.8724587018283763       2   2 0  0 0  0 0  0 0
    10  -1.595857184652148       2   1 1  0 0  0 0  0 0
    11  -.7334332820973369       2   0 2  0 0  0 0  0 0
    12  0.3966686587077559E-02   2   1 0  1 0  0 0  0 0
    13  0.2900825157840377E-02   2   0 1  1 0  0 0  0 0
    14  0.5414658455381459       2   0 0  2 0  0 0  0 0
    15  0.3662477998630478E-02   2   1 0  0 1  0 0  0 0
    16  0.2761119971977541E-02   2   0 1  0 1  0 0  0 0
    17  0.9905597248260449       2   0 0  1 1  0 0  0 0
    18  0.4577722502465409       2   0 0  0 2  0 0  0 0
    19  -.2096778792067311       2   1 0  0 0  0 1  0 0
    20  -1.643990128811998       2   0 1  0 0  0 1  0 0
    21  -.5492583807778765E-05   2   0 0  1 0  0 1  0 0
    22  -.4752941220121577E-04   2   0 0  0 1  0 1  0 0
    23  -.2093957045986687       2   1 0  0 0  0 0  1 0
    24  -1.641777724375212       2   0 1  0 0  0 0  1 0
    25  -.5485192147346667E-05   2   0 0  1 0  0 0  1 0
    26  -.4746544935825890E-04   2   0 0  0 1  0 0  1 0
    27   3.621690082686951       2   1 0  0 0  0 0  0 1
    28   3.285767853367133       2   0 1  0 0  0 0  0 1
    29  0.1024928957704349E-03   2   0 0  1 0  0 0  0 1
    30  0.9499470769701612E-04   2   0 0  0 1  0 0  0 1
    31  -.1815805339568373E-05   2   0 0  0 0  0 2  0 0
    32  -.1353295946221146E-05   2   0 0  0 0  0 1  1 0
    33  -.1812451113364800E-05   2   0 0  0 0  0 0  2 0
    34  0.4984907058175787E-05   2   0 0  0 0  0 1  0 1
    35  0.4978198605187103E-05   2   0 0  0 0  0 0  1 1
    36  -.4981552635678059E-05   2   0 0  0 0  0 0  0 2
    37  -16.19448054894020       3   3 0  0 0  0 0  0 0
    38  -46.94199495141435       3   2 1  0 0  0 0  0 0
    39  -46.77281300408051       3   1 2  0 0  0 0  0 0
    40  -14.44995768997147       3   0 3  0 0  0 0  0 0
    41  -.6549530359229805E-01   3   2 0  1 0  0 0  0 0
    42  -.1185397224758242       3   1 1  1 0  0 0  0 0
    43  -.5389535246380271E-01   3   0 2  1 0  0 0  0 0
    44  -19.04313993173323       3   1 0  2 0  0 0  0 0
    45  -14.89235872125379       3   0 1  2 0  0 0  0 0
    46  0.1355792915398441E-01   3   0 0  3 0  0 0  0 0
    47  -.6203473646112198E-01   3   2 0  0 1  0 0  0 0
    48  -.1133152297283661       3   1 1  0 1  0 0  0 0
    49  -.5194718862987578E-01   3   0 2  0 1  0 0  0 0
    50  -40.90798457102727       3   1 0  1 1  0 0  0 0
    51  -33.68536705091876       3   0 1  1 1  0 0  0 0
    52  0.3683726683797460E-01   3   0 0  2 1  0 0  0 0
    53  -19.44438775108026       3   1 0  0 2  0 0  0 0
    54  -15.01616025601440       3   0 1  0 2  0 0  0 0
    55  0.3370666171505838E-01   3   0 0  1 2  0 0  0 0
    56  0.1043359298270477E-01   3   0 0  0 3  0 0  0 0
    57  0.1575064459249531       3   2 0  0 0  0 1  0 0
    58   1.078835863152694       3   1 1  0 0  0 1  0 0
    59  0.8586346657266568       3   0 2  0 0  0 1  0 0
    60  -.1518774872622391E-02   3   1 0  1 0  0 1  0 0
    61  -.2585840414819699E-02   3   0 1  1 0  0 1  0 0
    62  0.2024991238112984E-01   3   0 0  2 0  0 1  0 0
    63  -.3477107923753150E-02   3   1 0  0 1  0 1  0 0
    64  -.4072488641258857E-02   3   0 1  0 1  0 1  0 0
    65  -.4522220055877480       3   0 0  1 1  0 1  0 0
    66  -.4358787133978146       3   0 0  0 2  0 1  0 0
    67  0.1572944811730442       3   2 0  0 0  0 0  1 0
    68   1.077384016691828       3   1 1  0 0  0 0  1 0
    69  0.8574791556595684       3   0 2  0 0  0 0  1 0
    70  -.1516730976976202E-02   3   1 0  1 0  0 0  1 0
    71  -.2582360512655876E-02   3   0 1  1 0  0 0  1 0
    72  0.2022266100339284E-01   3   0 0  2 0  0 0  1 0
    73  -.3472428595779789E-02   3   1 0  0 1  0 0  1 0
    74  -.4067008077975195E-02   3   0 1  0 1  0 0  1 0
    75  -.4516134265251127       3   0 0  1 1  0 0  1 0
    76  -.4352921283675757       3   0 0  0 2  0 0  1 0
    77  -1.187262533052479       3   2 0  0 0  0 0  0 1
    78  -2.156224775005160       3   1 1  0 0  0 0  0 1
    79  -.9826826008329681       3   0 2  0 0  0 0  0 1
    80  0.6997859257328925E-02   3   1 0  1 0  0 0  0 1
    81  0.5163862634034755E-02   3   0 1  1 0  0 0  0 1
    82  0.5009949405948004       3   0 0  2 0  0 0  0 1
    83  0.6944834898895633E-02   3   1 0  0 1  0 0  0 1
    84  0.5373609834839565E-02   3   0 1  0 1  0 0  0 1
    85  0.9038382439621340       3   0 0  1 1  0 0  0 1
    86  0.4133997688595495       3   0 0  0 2  0 0  0 1
    87  0.1619147540509034       3   1 0  0 0  0 2  0 0
    88   1.325310383002076       3   0 1  0 0  0 2  0 0
    89  0.3757128940864205E-05   3   0 0  1 0  0 2  0 0
    90  0.3795403950316641E-04   3   0 0  0 1  0 2  0 0
    91  0.1142793656769763       3   1 0  0 0  0 1  1 0
    92   1.007485041251477       3   0 1  0 0  0 1  1 0
    93  0.2004368992771853E-05   3   0 0  1 0  0 1  1 0
    94  0.2840102124382581E-04   3   0 0  0 1  0 1  1 0
    95  0.1616199609134108       3   1 0  0 0  0 0  2 0
    96   1.322848929804645       3   0 1  0 0  0 0  2 0
    97  0.3750724081141625E-05   3   0 0  1 0  0 0  2 0
    98  0.3788385236756585E-04   3   0 0  0 1  0 0  2 0
    99  -.4381080117212131       3   1 0  0 0  0 1  0 1
   100  -2.014114947207194       3   0 1  0 0  0 1  0 1
   101  -.9617960407634190E-05   3   0 0  1 0  0 1  0 1
   102  -.5688058790977487E-04   3   0 0  0 1  0 1  0 1
   103  -.4375184266063517       3   1 0  0 0  0 0  1 1
   104  -2.011404446233191       3   0 1  0 0  0 0  1 1
   105  -.9605017009796138E-05   3   0 0  1 0  0 0  1 1
   106  -.5680404069525496E-04   3   0 0  0 1  0 0  1 1
   107  0.4378127192049230       3   1 0  0 0  0 0  0 2
   108  0.3698753529211282       3   0 1  0 0  0 0  0 2
   109  0.9642399144473312E-05   3   0 0  1 0  0 0  0 2
   110  0.9408644909973127E-05   3   0 0  0 1  0 0  0 2
   111  0.1584568221991330E-05   3   0 0  0 0  0 3  0 0
   112  0.1124224391413968E-05   3   0 0  0 0  0 2  1 0
   113  0.1125149350361147E-05   3   0 0  0 0  0 1  2 0
   114  0.1580614121983223E-05   3   0 0  0 0  0 0  3 0
   115  -.4065988385523074E-05   3   0 0  0 0  0 2  0 1
   116  -.3150302497308782E-05   3   0 0  0 0  0 1  1 1
   117  -.4058396805660981E-05   3   0 0  0 0  0 0  2 1
   118  0.3150547905710248E-05   3   0 0  0 0  0 1  0 2
   119  0.3146308046819088E-05   3   0 0  0 0  0 0  1 2
   120  -.4386273371519247E-06   3   0 0  0 0  0 0  0 3
   121  -93.42315765358789       4   4 0  0 0  0 0  0 0
   122  -346.3792300344177       4   3 1  0 0  0 0  0 0
   123  -483.4932508659913       4   2 2  0 0  0 0  0 0
   124  -301.8574946118080       4   1 3  0 0  0 0  0 0
   125  -71.27435110718913       4   0 4  0 0  0 0  0 0
   126  -.4510327545402761E-01   4   3 0  1 0  0 0  0 0
   127  -.1184837997825112       4   2 1  1 0  0 0  0 0
   128  -.1041850116920736       4   1 2  1 0  0 0  0 0
   129  -.2912727508008970E-01   4   0 3  1 0  0 0  0 0
   130   363.1128761538429       4   2 0  2 0  0 0  0 0
   131   651.8648663290487       4   1 1  2 0  0 0  0 0
   132   294.0414538892508       4   0 2  2 0  0 0  0 0
   133  0.3426018471045132E-01   4   1 0  3 0  0 0  0 0
   134  0.3309719444462081E-01   4   0 1  3 0  0 0  0 0
   135  -40.79128284842572       4   0 0  4 0  0 0  0 0
   136  -.4253706796715304E-01   4   3 0  0 1  0 0  0 0
   137  -.1133530447599735       4   2 1  0 1  0 0  0 0
   138  -.9948665083066294E-01   4   1 2  0 1  0 0  0 0
   139  -.2755398268423088E-01   4   0 3  0 1  0 0  0 0
   140   682.3237110470143       4   2 0  1 1  0 0  0 0
   141   1234.358301714068       4   1 1  1 1  0 0  0 0
   142   561.5158933034135       4   0 2  1 1  0 0  0 0
   143  0.9950195421728086E-01   4   1 0  2 1  0 0  0 0
   144  0.9631703410485218E-01   4   0 1  2 1  0 0  0 0
   145  -146.7873365170837       4   0 0  3 1  0 0  0 0
   146   322.9428835517108       4   2 0  0 2  0 0  0 0
   147   587.8725317334428       4   1 1  0 2  0 0  0 0
   148   269.2723604331762       4   0 2  0 2  0 0  0 0
   149  0.9634358346759077E-01   4   1 0  1 2  0 0  0 0
   150  0.9462872005788012E-01   4   0 1  1 2  0 0  0 0
   151  -199.9493371428376       4   0 0  2 2  0 0  0 0
   152  0.3280664540088053E-01   4   1 0  0 3  0 0  0 0
   153  0.3264720209937749E-01   4   0 1  0 3  0 0  0 0
   154  -121.7557457165715       4   0 0  1 3  0 0  0 0
   155  -27.86179732928473       4   0 0  0 4  0 0  0 0
   156   13.00620705665080       4   3 0  0 0  0 1  0 0
   157   60.51471221456443       4   2 1  0 0  0 1  0 0
   158   81.96246736694917       4   1 2  0 0  0 1  0 0
   159   32.73235107523399       4   0 3  0 0  0 1  0 0
   160  -.5850066479256780E-02   4   2 0  1 0  0 1  0 0
   161  0.4121119959844562E-01   4   1 1  1 0  0 1  0 0
   162  0.4203423829151327E-01   4   0 2  1 0  0 1  0 0
   163   6.013607464943900       4   1 0  2 0  0 1  0 0
   164   11.37712340425847       4   0 1  2 0  0 1  0 0
   165  0.1190146742293774E-02   4   0 0  3 0  0 1  0 0
   166  0.2022021958637564E-01   4   2 0  0 1  0 1  0 0
   167  0.8576924073512672E-01   4   1 1  0 1  0 1  0 0
   168  0.6146517042947191E-01   4   0 2  0 1  0 1  0 0
   169   35.28313531626486       4   1 0  1 1  0 1  0 0
   170   44.76733128329247       4   0 1  1 1  0 1  0 0
   171  -.1260437644966619E-01   4   0 0  2 1  0 1  0 0
   172   27.64918640266719       4   1 0  0 2  0 1  0 0
   173   28.99071314847585       4   0 1  0 2  0 1  0 0
   174  -.2572777600590482E-01   4   0 0  1 2  0 1  0 0
   175  -.1229120381211444E-01   4   0 0  0 3  0 1  0 0
   176   12.98870391615477       4   3 0  0 0  0 0  1 0
   177   60.43327436682370       4   2 1  0 0  0 0  1 0
   178   81.85216614112157       4   1 2  0 0  0 0  1 0
   179   32.68830141977833       4   0 3  0 0  0 0  1 0
   180  -.5842193735493147E-02   4   2 0  1 0  0 0  1 0
   181  0.4115573950824243E-01   4   1 1  1 0  0 0  1 0
   182  0.4197767059462541E-01   4   0 2  1 0  0 0  1 0
   183   6.005514635429089       4   1 0  2 0  0 0  1 0
   184   11.36181260776627       4   0 1  2 0  0 0  1 0
   185  0.1188545098897671E-02   4   0 0  3 0  0 0  1 0
   186  0.2019300816780217E-01   4   2 0  0 1  0 0  1 0
   187  0.8565381653310951E-01   4   1 1  0 1  0 0  1 0
   188  0.6138245349986095E-01   4   0 2  0 1  0 0  1 0
   189   35.23565293559282       4   1 0  1 1  0 0  1 0
   190   44.70708551866268       4   0 1  1 1  0 0  1 0
   191  -.1258741407386390E-01   4   0 0  2 1  0 0  1 0
   192   27.61197743066753       4   1 0  0 2  0 0  1 0
   193   28.95169881300566       4   0 1  0 2  0 0  1 0
   194  -.2569315277746413E-01   4   0 0  1 2  0 0  1 0
   195  -.1227466288928846E-01   4   0 0  0 3  0 0  1 0
   196  -42.19985574732458       4   3 0  0 0  0 0  0 1
   197  -120.9811894453113       4   2 1  0 0  0 0  0 1
   198  -117.0771048364413       4   1 2  0 0  0 0  0 1
   199  -36.53328523581222       4   0 3  0 0  0 0  0 1
   200  -.6690513367172222E-04   4   2 0  1 0  0 0  0 1
   201  0.2267855624994585E-04   4   1 1  1 0  0 0  0 1
   202  0.9025540672519882E-04   4   0 2  1 0  0 0  0 1
   203  -31.04192243443720       4   1 0  2 0  0 0  0 1
   204  -22.71900637517520       4   0 1  2 0  0 0  0 1
   205  -.8956898961077738E-03   4   0 0  3 0  0 0  0 1
   206  0.2513671421749248E-03   4   2 0  0 1  0 0  0 1
   207  0.3953125516370412E-03   4   1 1  0 1  0 0  0 1
   208  0.2169364571487922E-03   4   0 2  0 1  0 0  0 1
   209  -70.47541843598091       4   1 0  1 1  0 0  0 1
   210  -55.74579873745570       4   0 1  1 1  0 0  0 1
   211  -.2732731012463022E-02   4   0 0  2 1  0 0  0 1
   212  -35.79332285716493       4   1 0  0 2  0 0  0 1
   213  -27.88638321749681       4   0 1  0 2  0 0  0 1
   214  -.2732231335213979E-02   4   0 0  1 2  0 0  0 1
   215  -.8458933000444966E-03   4   0 0  0 3  0 0  0 1
   216  -.1262330991174563       4   2 0  0 0  0 2  0 0
   217  -.9610203878030696       4   1 1  0 0  0 2  0 0
   218  -.9563859635175731       4   0 2  0 0  0 2  0 0
   219  -.8008359451552390E-03   4   1 0  1 0  0 2  0 0
   220  0.8194081478565221E-03   4   0 1  1 0  0 2  0 0
   221  -.1180439246457255E-01   4   0 0  2 0  0 2  0 0
   222  0.1294838140130586E-02   4   1 0  0 1  0 2  0 0
   223  0.3131142416738806E-02   4   0 1  0 1  0 2  0 0
   224  0.3240303155198149       4   0 0  1 1  0 2  0 0
   225  0.4222823111708772       4   0 0  0 2  0 2  0 0
   226  -.9759279315509220E-01   4   2 0  0 0  0 1  1 0
   227  -.8497408382745157       4   1 1  0 0  0 1  1 0
   228  -1.057265428030734       4   0 2  0 0  0 1  1 0
   229  -.9595918983631327E-03   4   1 0  1 0  0 1  1 0
   230  0.8849053472177020E-03   4   0 1  1 0  0 1  1 0
   231  -.2824107921279522E-02   4   0 0  2 0  0 1  1 0
   232  0.1389690762516950E-02   4   1 0  0 1  0 1  1 0
   233  0.4171991950405232E-02   4   0 1  0 1  0 1  1 0
   234  0.1965792199233249       4   0 0  1 1  0 1  1 0
   235  0.4087738746517549       4   0 0  0 2  0 1  1 0
   236  -.1259975526710008       4   2 0  0 0  0 0  2 0
   237  -.9591553212698497       4   1 1  0 0  0 0  2 0
   238  -.9543874953678485       4   0 2  0 0  0 0  2 0
   239  -.7991125311059320E-03   4   1 0  1 0  0 0  2 0
   240  0.8177099950324362E-03   4   0 1  1 0  0 0  2 0
   241  -.1178660639384312E-01   4   0 0  2 0  0 0  2 0
   242  0.1292160517818037E-02   4   1 0  0 1  0 0  2 0
   243  0.3124121437766149E-02   4   0 1  0 1  0 0  2 0
   244  0.3234619772673505       4   0 0  1 1  0 0  2 0
   245  0.4214389692301487       4   0 0  0 2  0 0  2 0
   246  0.3537067889497308       4   2 0  0 0  0 1  0 1
   247   1.703632282542036       4   1 1  0 0  0 1  0 1
   248   1.259228350713146       4   0 2  0 0  0 1  0 1
   249  0.1287619214590111E-02   4   1 0  1 0  0 1  0 1
   250  -.1319888025285376E-02   4   0 1  1 0  0 1  0 1
   251  0.2604258568396184E-01   4   0 0  2 0  0 1  0 1
   252  -.1848046298881815E-02   4   1 0  0 1  0 1  0 1
   253  -.3738526473767087E-02   4   0 1  0 1  0 1  0 1
   254  -.3917580544738978       4   0 0  1 1  0 1  0 1
   255  -.3811050021768760       4   0 0  0 2  0 1  0 1
   256  0.3532307870227838       4   2 0  0 0  0 0  1 1
   257   1.701339614505603       4   1 1  0 0  0 0  1 1
   258   1.257533740544137       4   0 2  0 0  0 0  1 1
   259  0.1285886397334505E-02   4   1 0  1 0  0 0  1 1
   260  -.1318111782185116E-02   4   0 1  1 0  0 0  1 1
   261  0.2600753879949192E-01   4   0 0  2 0  0 0  1 1
   262  -.1845559285268187E-02   4   1 0  0 1  0 0  1 1
   263  -.3733495341029340E-02   4   0 1  0 1  0 0  1 1
   264  -.3912308449471060       4   0 0  1 1  0 0  1 1
   265  -.3805921290258035       4   0 0  0 2  0 0  1 1
   266  -.3571154859235732       4   2 0  0 0  0 0  0 2
   267  -.6330112381132666       4   1 1  0 0  0 0  0 2
   268  -.2803841924730346       4   0 2  0 0  0 0  0 2
   269  -.1528878456073939E-04   4   1 0  1 0  0 0  0 2
   270  -.6611859353715751E-04   4   0 1  1 0  0 0  0 2
   271  -.2563440504676829E-01   4   0 0  2 0  0 0  0 2
   272  -.1392290278070377E-04   4   1 0  0 1  0 0  0 2
   273  -.5431175035900700E-04   4   0 1  0 1  0 0  0 2
   274  -.6052590473189726E-01   4   0 0  1 1  0 0  0 2
   275  -.3282163827064335E-01   4   0 0  0 2  0 0  0 2
   276  -.1381344431498608       4   1 0  0 0  0 3  0 0
   277  -1.168066722397928       4   0 1  0 0  0 3  0 0
   278  -.4940263800568559E-05   4   0 0  1 0  0 3  0 0
   279  -.3918936865983330E-04   4   0 0  0 1  0 3  0 0
   280  -.9053749880869520E-01   4   1 0  0 0  0 2  1 0
   281  -.8537123673768240       4   0 1  0 0  0 2  1 0
   282  -.2522250525081040E-05   4   0 0  1 0  0 2  1 0
   283  -.2735454441414074E-04   4   0 0  0 1  0 2  1 0
   284  -.9063320414274760E-01   4   1 0  0 0  0 1  2 0
   285  -.8543437591485461       4   0 1  0 0  0 1  2 0
   286  -.2527118176941773E-05   4   0 0  1 0  0 1  2 0
   287  -.2737832807630575E-04   4   0 0  0 1  0 1  2 0
   288  -.1377947625173773       4   1 0  0 0  0 0  3 0
   289  -1.165135160225712       4   0 1  0 0  0 0  3 0
   290  -.4928596366312493E-05   4   0 0  1 0  0 0  3 0
   291  -.3909187844135864E-04   4   0 0  0 1  0 0  3 0
   292  0.3429509547541379       4   1 0  0 0  0 2  0 1
   293   1.707199078056944       4   0 1  0 0  0 2  0 1
   294  0.6954538782905182E-05   4   0 0  1 0  0 2  0 1
   295  0.5055380841097446E-04   4   0 0  0 1  0 2  0 1
   296  0.2479985455607994       4   1 0  0 0  0 1  1 1
   297   1.401055503636836       4   0 1  0 0  0 1  1 1
   298  0.4294080823447132E-05   4   0 0  1 0  0 1  1 1
   299  0.3939740201630879E-04   4   0 0  0 1  0 1  1 1
   300  0.3423225551445217       4   1 0  0 0  0 0  2 1
   301   1.703958872761532       4   0 1  0 0  0 0  2 1
   302  0.6942290306567545E-05   4   0 0  1 0  0 0  2 1
   303  0.5045926589468408E-04   4   0 0  0 1  0 0  2 1
   304  -.2478358776554103       4   1 0  0 0  0 1  0 2
   305  -.3935463551937096       4   0 1  0 0  0 1  0 2
   306  -.2274805126612733E-05   4   0 0  1 0  0 1  0 2
   307  -.5638268708572279E-05   4   0 0  0 1  0 1  0 2
   308  -.2475023518113654       4   1 0  0 0  0 0  1 2
   309  -.3930167390560894       4   0 1  0 0  0 0  1 2
   310  -.2271743801081294E-05   4   0 0  1 0  0 0  1 2
   311  -.5630680992266763E-05   4   0 0  0 1  0 0  1 2
   312  0.1916644406486405E-01   4   1 0  0 0  0 0  0 3
   313  0.1559641708146838E-01   4   0 1  0 0  0 0  0 3
   314  0.1205643906531628E-05   4   0 0  1 0  0 0  0 3
   315  0.9872672962513371E-06   4   0 0  0 1  0 0  0 3
   316  -.4066778243552167E-04   4   0 0  0 0  0 4  0 0
   317  -.2637977327500364E-04   4   0 0  0 0  0 3  1 0
   318  -.2449253235837501E-04   4   0 0  0 0  0 2  2 0
   319  -.2642059810320824E-04   4   0 0  0 0  0 1  3 0
   320  -.4054064639787604E-04   4   0 0  0 0  0 0  4 0
   321  0.5047016450705474E-04   4   0 0  0 0  0 3  0 1
   322  0.3620336165637419E-04   4   0 0  0 0  0 2  1 1
   323  0.3623202393668515E-04   4   0 0  0 0  0 1  2 1
   324  0.5034395640944024E-04   4   0 0  0 0  0 0  3 1
   325  -.4625380148073510E-05   4   0 0  0 0  0 2  0 2
   326  -.5607392383953332E-05   4   0 0  0 0  0 1  1 2
   327  -.4615382447255274E-05   4   0 0  0 0  0 0  2 2
   328  0.4907162642881628E-07   4   0 0  0 0  0 1  0 3
   329  0.4900558814663401E-07   4   0 0  0 0  0 0  1 3
   330  0.2173493005112336E-12   4   0 0  0 0  0 0  0 4
   ----------------------------------------------------
     I  COEFFICIENT            ORDER EXPONENTS
     1  0.1789097602380328E-04   0   0 0  0 0  0 0  0 0
     2  0.1992168432113174E-04   1   1 0  0 0  0 0  0 0
     3  0.1764566777110383E-04   1   0 1  0 0  0 0  0 0
     4  0.4355685473061170       1   0 0  1 0  0 0  0 0
     5  0.6394076470663510       1   0 0  0 1  0 0  0 0
     6  -.2220057534983435E-04   1   0 0  0 0  0 1  0 0
     7  -.2217069886180540E-04   1   0 0  0 0  0 0  1 0
     8  0.4437127421177984E-04   1   0 0  0 0  0 0  0 1
     9  0.5753751923761193E-03   2   2 0  0 0  0 0  0 0
    10  0.1118416216615401E-02   2   1 1  0 0  0 0  0 0
    11  0.5844390484735908E-03   2   0 2  0 0  0 0  0 0
    12  0.2409744795245871       2   1 0  1 0  0 0  0 0
    13  0.2143024787159077       2   0 1  1 0  0 0  0 0
    14  0.1059590650221067E-03   2   0 0  2 0  0 0  0 0
    15  0.2204161181705548       2   1 0  0 1  0 0  0 0
    16  0.1973073319888887       2   0 1  0 1  0 0  0 0
    17  0.1856265747650709E-03   2   0 0  1 1  0 0  0 0
    18  0.1307375984544944E-03   2   0 0  0 2  0 0  0 0
    19  -.1094486067426705E-04   2   1 0  0 0  0 1  0 0
    20  -.1859549730199804E-04   2   0 1  0 0  0 1  0 0
    21  0.2565623653805021       2   0 0  1 0  0 1  0 0
    22  -.8838139236399514E-01   2   0 0  0 1  0 1  0 0
    23  -.1093013159658502E-04   2   1 0  0 0  0 0  1 0
    24  -.1857047235810441E-04   2   0 1  0 0  0 0  1 0
    25  0.2562170958405386       2   0 0  1 0  0 0  1 0
    26  -.8826245285142251E-01   2   0 0  0 1  0 0  1 0
    27  0.2187496279927775E-04   2   1 0  0 0  0 0  0 1
    28  0.1952027293183197E-04   2   0 1  0 0  0 0  0 1
    29  -.5127794612426333       2   0 0  1 0  0 0  0 1
    30  -.4627638018728085       2   0 0  0 1  0 0  0 1
    31  0.1566412158801280E-04   2   0 0  0 0  0 2  0 0
    32  0.9145225461220839E-05   2   0 0  0 0  0 1  1 0
    33  0.1563688794469146E-04   2   0 0  0 0  0 0  2 0
    34  -.1827290640337923E-04   2   0 0  0 0  0 1  0 1
    35  -.1824831558711380E-04   2   0 0  0 0  0 0  1 1
    36  -.3925018748033869E-05   2   0 0  0 0  0 0  0 2
    37  -.4771015051125680E-02   3   3 0  0 0  0 0  0 0
    38  -.1289091508065340E-01   3   2 1  0 0  0 0  0 0
    39  -.1165291440664710E-01   3   1 2  0 0  0 0  0 0
    40  -.3514901740662584E-02   3   0 3  0 0  0 0  0 0
    41  -5.461712253394504       3   2 0  1 0  0 0  0 0
    42  -11.37133206776014       3   1 1  1 0  0 0  0 0
    43  -6.298471411115247       3   0 2  1 0  0 0  0 0
    44  0.9109534771952400E-02   3   1 0  2 0  0 0  0 0
    45  0.8026463331158230E-02   3   0 1  2 0  0 0  0 0
    46  -1.036768132797564       3   0 0  3 0  0 0  0 0
    47  -5.882276836297692       3   2 0  0 1  0 0  0 0
    48  -11.56411962365233       3   1 1  0 1  0 0  0 0
    49  -5.778180364321262       3   0 2  0 1  0 0  0 0
    50  0.1651687622453106E-01   3   1 0  1 1  0 0  0 0
    51  0.1464893762221068E-01   3   0 1  1 1  0 0  0 0
    52  -2.434115199743380       3   0 0  2 1  0 0  0 0
    53  0.7590072007357145E-02   3   1 0  0 2  0 0  0 0
    54  0.6786481197084895E-02   3   0 1  0 2  0 0  0 0
    55  -2.419525615867444       3   0 0  1 2  0 0  0 0
    56  -.6529960228281464       3   0 0  0 3  0 0  0 0
    57  -.5822855213797073E-03   3   2 0  0 0  0 1  0 0
    58  -.1713414195272761E-02   3   1 1  0 0  0 1  0 0
    59  -.1168269870406455E-02   3   0 2  0 0  0 1  0 0
    60  -.1073383333220730       3   1 0  1 0  0 1  0 0
    61  -.2017744794903915       3   0 1  1 0  0 1  0 0
    62  -.2871281870450501E-03   3   0 0  2 0  0 1  0 0
    63  -.2108782781916818       3   1 0  0 1  0 1  0 0
    64  -.2866716824259330       3   0 1  0 1  0 1  0 0
    65  -.4864275995801717E-03   3   0 0  1 1  0 1  0 0
    66  -.2716801671516944E-03   3   0 0  0 2  0 1  0 0
    67  -.5815019089672000E-03   3   2 0  0 0  0 0  1 0
    68  -.1711108363199176E-02   3   1 1  0 0  0 0  1 0
    69  -.1166697667873513E-02   3   0 2  0 0  0 0  1 0
    70  -.1071938824517685       3   1 0  1 0  0 0  1 0
    71  -.2015029409051950       3   0 1  1 0  0 0  1 0
    72  -.2867417834628069E-03   3   0 0  2 0  0 0  1 0
    73  -.2105944881432404       3   1 0  0 1  0 0  1 0
    74  -.2862858931860927       3   0 1  0 1  0 0  1 0
    75  -.4857729882411940E-03   3   0 0  1 1  0 0  1 0
    76  -.2713145527865838E-03   3   0 0  0 2  0 0  1 0
    77  0.1163254133594829E-02   3   2 0  0 0  0 0  0 1
    78  0.2305005285218411E-02   3   1 1  0 0  0 0  0 1
    79  0.1165518722254616E-02   3   0 2  0 0  0 0  0 1
    80  0.2145325685121785       3   1 0  1 0  0 0  0 1
    81  0.1889752253733565       3   0 1  1 0  0 0  0 1
    82  0.5741399327676058E-03   3   0 0  2 0  0 0  0 1
    83  0.2010569340446836       3   1 0  0 1  0 0  0 1
    84  0.1783431405644560       3   0 1  0 1  0 0  0 1
    85  0.7871328818096024E-03   3   0 0  1 1  0 0  0 1
    86  0.2818099882649735E-03   3   0 0  0 2  0 0  0 1
    87  0.8715350517277115E-05   3   1 0  0 0  0 2  0 0
    88  0.1928327721412974E-04   3   0 1  0 0  0 2  0 0
    89  -.1799087657953831       3   0 0  1 0  0 2  0 0
    90  -.3911139428305457E-01   3   0 0  0 1  0 2  0 0
    91  0.6541960484251822E-05   3   1 0  0 0  0 1  1 0
    92  0.2003674975211071E-04   3   0 1  0 0  0 1  1 0
    93  -.1034610984839007       3   0 0  1 0  0 1  1 0
    94  -.1662612591720007       3   0 0  0 1  0 1  1 0
    95  0.8699219878237436E-05   3   1 0  0 0  0 0  2 0
    96  0.1924384443169260E-04   3   0 1  0 0  0 0  2 0
    97  -.1795970365219889       3   0 0  1 0  0 0  2 0
    98  -.3894688672839880E-01   3   0 0  0 1  0 0  2 0
    99  -.1313869226819024E-04   3   1 0  0 0  0 1  0 1
   100  -.2157430083618499E-04   3   0 1  0 0  0 1  0 1
   101  0.2067165017805223       3   0 0  1 0  0 1  0 1
   102  0.4212470040120426       3   0 0  0 1  0 1  0 1
   103  -.1312101083534085E-04   3   1 0  0 0  0 0  1 1
   104  -.2154526715888125E-04   3   0 1  0 0  0 0  1 1
   105  0.2064383124546373       3   0 0  1 0  0 0  1 1
   106  0.4206801096467266       3   0 0  0 1  0 0  1 1
   107  0.2267776371007122E-05   3   1 0  0 0  0 0  0 2
   108  0.2143231695147673E-05   3   0 1  0 0  0 0  0 2
   109  0.4981225775403676E-01   3   0 0  1 0  0 0  0 2
   110  0.4180016565148499E-01   3   0 0  0 1  0 0  0 2
   111  -.1241544634593971E-04   3   0 0  0 0  0 3  0 0
   112  -.5921656768940090E-05   3   0 0  0 0  0 2  1 0
   113  -.5934731595390952E-05   3   0 0  0 0  0 1  2 0
   114  -.1238640499612063E-04   3   0 0  0 0  0 0  3 0
   115  0.1183842718532130E-04   3   0 0  0 0  0 2  0 1
   116  0.5420953014497538E-05   3   0 0  0 0  0 1  1 1
   117  0.1181884795639792E-04   3   0 0  0 0  0 0  2 1
   118  0.3724498510074681E-05   3   0 0  0 0  0 1  0 2
   119  0.3719486255509368E-05   3   0 0  0 0  0 0  1 2
   120  0.1354237058715125E-06   3   0 0  0 0  0 0  0 3
   121  -.1361709425095042E-02   4   4 0  0 0  0 0  0 0
   122  -.3811461124522389E-02   4   3 1  0 0  0 0  0 0
   123  -.3357104057082299E-02   4   2 2  0 0  0 0  0 0
   124  -.1825791400652771E-03   4   1 3  0 0  0 0  0 0
   125  0.7231225879970200E-03   4   0 4  0 0  0 0  0 0
   126   55.84026516842811       4   3 0  1 0  0 0  0 0
   127   152.2435499122957       4   2 1  1 0  0 0  0 0
   128   139.1187288672301       4   1 2  1 0  0 0  0 0
   129   42.70275479112007       4   0 3  1 0  0 0  0 0
   130  0.1360039715269572E-01   4   2 0  2 0  0 0  0 0
   131  0.2654543408285674E-01   4   1 1  2 0  0 0  0 0
   132  0.1359163724625015E-01   4   0 2  2 0  0 0  0 0
   133  -36.03592974311829       4   1 0  3 0  0 0  0 0
   134  -31.60472179328822       4   0 1  3 0  0 0  0 0
   135  0.1685310111432421E-03   4   0 0  4 0  0 0  0 0
   136   52.02236041630017       4   3 0  0 1  0 0  0 0
   137   142.6544770500945       4   2 1  0 1  0 0  0 0
   138   131.2063193457622       4   1 2  0 1  0 0  0 0
   139   40.55915098602723       4   0 3  0 1  0 0  0 0
   140  0.2170340675244694E-01   4   2 0  1 1  0 0  0 0
   141  0.4201343207277056E-01   4   1 1  1 1  0 0  0 0
   142  0.2115151457883216E-01   4   0 2  1 1  0 0  0 0
   143  -98.29423063813866       4   1 0  2 1  0 0  0 0
   144  -86.77423457230032       4   0 1  2 1  0 0  0 0
   145  -.8605771436863150E-03   4   0 0  3 1  0 0  0 0
   146  0.8991174624589050E-02   4   2 0  0 2  0 0  0 0
   147  0.1787409890492131E-01   4   1 1  0 2  0 0  0 0
   148  0.9170266494829646E-02   4   0 2  0 2  0 0  0 0
   149  -89.86452602237831       4   1 0  1 2  0 0  0 0
   150  -79.74909915536722       4   0 1  1 2  0 0  0 0
   151  -.2565563696845436E-02   4   0 0  2 2  0 0  0 0
   152  -27.42467256333975       4   1 0  0 3  0 0  0 0
   153  -24.43224920184126       4   0 1  0 3  0 0  0 0
   154  -.2157732781963790E-02   4   0 0  1 3  0 0  0 0
   155  -.5575929515329904E-03   4   0 0  0 4  0 0  0 0
   156  0.5162581502665699E-03   4   3 0  0 0  0 1  0 0
   157  0.6933035367606672E-02   4   2 1  0 0  0 1  0 0
   158  0.1118661193806618E-01   4   1 2  0 0  0 1  0 0
   159  0.4823995465795476E-02   4   0 3  0 0  0 1  0 0
   160   6.348067512658403       4   2 0  1 0  0 1  0 0
   161   18.52043392312583       4   1 1  1 0  0 1  0 0
   162   12.88887283978187       4   0 2  1 0  0 1  0 0
   163  -.7004016136314397E-03   4   1 0  2 0  0 1  0 0
   164  -.4234461695010645E-02   4   0 1  2 0  0 1  0 0
   165   1.399411281004467       4   0 0  3 0  0 1  0 0
   166   9.000596296412834       4   2 0  0 1  0 1  0 0
   167   23.61335061642763       4   1 1  0 1  0 1  0 0
   168   14.89108086202714       4   0 2  0 1  0 1  0 0
   169  -.8417269093944996E-02   4   1 0  1 1  0 1  0 0
   170  -.1397288504373951E-01   4   0 1  1 1  0 1  0 0
   171   4.168715495960522       4   0 0  2 1  0 1  0 0
   172  -.7148944431238381E-02   4   1 0  0 2  0 1  0 0
   173  -.9375674915611778E-02   4   0 1  0 2  0 1  0 0
   174   4.540168757609027       4   0 0  1 2  0 1  0 0
   175   1.640744089000627       4   0 0  0 3  0 1  0 0
   176  0.5155633943783368E-03   4   3 0  0 0  0 0  1 0
   177  0.6923705215351551E-02   4   2 1  0 0  0 0  1 0
   178  0.1117155752292665E-01   4   1 2  0 0  0 0  1 0
   179  0.4817503560044624E-02   4   0 3  0 0  0 0  1 0
   180   6.339524582573918       4   2 0  1 0  0 0  1 0
   181   18.49550999598988       4   1 1  1 0  0 0  1 0
   182   12.87152760214561       4   0 2  1 0  0 0  1 0
   183  -.6994590461485990E-03   4   1 0  2 0  0 0  1 0
   184  -.4228763156024766E-02   4   0 1  2 0  0 0  1 0
   185   1.397528019254456       4   0 0  3 0  0 0  1 0
   186   8.988483718100522       4   2 0  0 1  0 0  1 0
   187   23.58157288202671       4   1 1  0 1  0 0  1 0
   188   14.87104114719535       4   0 2  0 1  0 0  1 0
   189  -.8405941529890507E-02   4   1 0  1 1  0 0  1 0
   190  -.1395408099356690E-01   4   0 1  1 1  0 0  1 0
   191   4.163105435110803       4   0 0  2 1  0 0  1 0
   192  -.7139323718740898E-02   4   1 0  0 2  0 0  1 0
   193  -.9363057574170601E-02   4   0 1  0 2  0 0  1 0
   194   4.534058812465768       4   0 0  1 2  0 0  1 0
   195   1.638536052931238       4   0 0  0 3  0 0  1 0
   196  0.4121623148386221E-03   4   3 0  0 0  0 0  0 1
   197  0.1385763254001912E-02   4   2 1  0 0  0 0  0 1
   198  0.1518689524350142E-02   4   1 2  0 0  0 0  0 1
   199  0.5556794290851252E-03   4   0 3  0 0  0 0  0 1
   200  -12.68264407619546       4   2 0  1 0  0 0  0 1
   201  -25.63449504991555       4   1 1  1 0  0 0  0 1
   202  -13.15825830398837       4   0 2  1 0  0 0  0 1
   203  -.9577983727857590E-03   4   1 0  2 0  0 0  0 1
   204  -.8979108615589911E-03   4   0 1  2 0  0 0  0 1
   205  -2.797825111371879       4   0 0  3 0  0 0  0 1
   206  -12.10147732093544       4   2 0  0 1  0 0  0 1
   207  -24.05570779660482       4   1 1  0 1  0 0  0 1
   208  -12.42190016044805       4   0 2  0 1  0 0  0 1
   209  -.1986005987125009E-02   4   1 0  1 1  0 0  0 1
   210  -.1867508720636831E-02   4   0 1  1 1  0 0  0 1
   211  -5.900431409970982       4   0 0  2 1  0 0  0 1
   212  -.9557008388332694E-03   4   1 0  0 2  0 0  0 1
   213  -.8915023867309883E-03   4   0 1  0 2  0 0  0 1
   214  -4.237992721660911       4   0 0  1 2  0 0  0 1
   215  -1.321266811675865       4   0 0  0 3  0 0  0 1
   216  0.1504621626390003E-03   4   2 0  0 0  0 2  0 0
   217  0.1221216614596071E-02   4   1 1  0 0  0 2  0 0
   218  0.1221884534521799E-02   4   0 2  0 0  0 2  0 0
   219  0.7396771075162052E-01   4   1 0  1 0  0 2  0 0
   220  0.1928532315324797       4   0 1  1 0  0 2  0 0
   221  0.2819357828152857E-03   4   0 0  2 0  0 2  0 0
   222  0.2038254848785035       4   1 0  0 1  0 2  0 0
   223  0.3494591084967550       4   0 1  0 1  0 2  0 0
   224  0.5567086401355183E-03   4   0 0  1 1  0 2  0 0
   225  0.3145358290782251E-03   4   0 0  0 2  0 2  0 0
   226  0.1957875852147156E-03   4   2 0  0 0  0 1  1 0
   227  0.1699400654567965E-02   4   1 1  0 0  0 1  1 0
   228  0.1790928414707979E-02   4   0 2  0 0  0 1  1 0
   229  0.4016894877169736E-01   4   1 0  1 0  0 1  1 0
   230  0.1831251066663848       4   0 1  1 0  0 1  1 0
   231  0.3561428410712564E-03   4   0 0  2 0  0 1  1 0
   232  0.1962804339332024       4   1 0  0 1  0 1  1 0
   233  0.4113627015355051       4   0 1  0 1  0 1  1 0
   234  0.8792304973525040E-03   4   0 0  1 1  0 1  1 0
   235  0.5155708493195013E-03   4   0 0  0 2  0 1  1 0
   236  0.1501279368990426E-03   4   2 0  0 0  0 0  2 0
   237  0.1218429672174671E-02   4   1 1  0 0  0 0  2 0
   238  0.1219035106372177E-02   4   0 2  0 0  0 0  2 0
   239  0.7384113975338799E-01   4   1 0  1 0  0 0  2 0
   240  0.1924704781732587       4   0 1  1 0  0 0  2 0
   241  0.2813167268004085E-03   4   0 0  2 0  0 0  2 0
   242  0.2034191136681104       4   1 0  0 1  0 0  2 0
   243  0.3487120266295396       4   0 1  0 1  0 0  2 0
   244  0.5553678344010604E-03   4   0 0  1 1  0 0  2 0
   245  0.3137656261076051E-03   4   0 0  0 2  0 0  2 0
   246  -.4807969935560485E-03   4   2 0  0 0  0 1  0 1
   247  -.2006166483900155E-02   4   1 1  0 0  0 1  0 1
   248  -.1513858134471060E-02   4   0 2  0 0  0 1  0 1
   249  -.7978569346051648E-01   4   1 0  1 0  0 1  0 1
   250  -.1632789122656215       4   0 1  1 0  0 1  0 1
   251  -.6876834232948582E-03   4   0 0  2 0  0 1  0 1
   252  -.1810773147955465       4   1 0  0 1  0 1  0 1
   253  -.2485513557249844       4   0 1  0 1  0 1  0 1
   254  -.1453328035461917E-02   4   0 0  1 1  0 1  0 1
   255  -.6347329672684506E-03   4   0 0  0 2  0 1  0 1
   256  -.4801499596212978E-03   4   2 0  0 0  0 0  1 1
   257  -.2003466679593472E-02   4   1 1  0 0  0 0  1 1
   258  -.1511820855539351E-02   4   0 2  0 0  0 0  1 1
   259  -.7967832163442666E-01   4   1 0  1 0  0 0  1 1
   260  -.1630591792005629       4   0 1  1 0  0 0  1 1
   261  -.6867579713531849E-03   4   0 0  2 0  0 0  1 1
   262  -.1808336294791729       4   1 0  0 1  0 0  1 1
   263  -.2482168670242694       4   0 1  0 1  0 0  1 1
   264  -.1451372215084771E-02   4   0 0  1 1  0 0  1 1
   265  -.6338787735550295E-03   4   0 0  0 2  0 0  1 1
   266  0.2747190463231496E-03   4   2 0  0 0  0 0  0 2
   267  0.5618469532457733E-03   4   1 1  0 0  0 0  0 2
   268  0.2821264610152340E-03   4   0 2  0 0  0 0  0 2
   269  -.2825282950202877E-01   4   1 0  1 0  0 0  0 2
   270  -.2677277067283234E-01   4   0 1  1 0  0 0  0 2
   271  0.4292019712956373E-03   4   0 0  2 0  0 0  0 2
   272  -.2085811448756603E-01   4   1 0  0 1  0 0  0 2
   273  -.2016716626913317E-01   4   0 1  0 1  0 0  0 2
   274  0.7308598751956417E-03   4   0 0  1 1  0 0  0 2
   275  0.3013595488607750E-03   4   0 0  0 2  0 0  0 2
   276  -.1238556732452702E-04   4   1 0  0 0  0 3  0 0
   277  -.2513906899751400E-04   4   0 1  0 0  0 3  0 0
   278  0.1418367842635244       4   0 0  1 0  0 3  0 0
   279  0.9776599998603269E-01   4   0 0  0 1  0 3  0 0
   280  -.8881894627209436E-05   4   1 0  0 0  0 2  1 0
   281  -.2525928671160402E-04   4   0 1  0 0  0 2  1 0
   282  0.6573725956141031E-01   4   0 0  1 0  0 2  1 0
   283  0.2150019075862767       4   0 0  0 1  0 2  1 0
   284  -.8888933597262751E-05   4   1 0  0 0  0 1  2 0
   285  -.2525897574433110E-04   4   0 1  0 0  0 1  2 0
   286  0.6589049098182642E-01   4   0 0  1 0  0 1  2 0
   287  0.2147649861585222       4   0 0  0 1  0 1  2 0
   288  -.1235459709561076E-04   4   1 0  0 0  0 0  3 0
   289  -.2507134906074458E-04   4   0 1  0 0  0 0  3 0
   290  0.1415062950206242       4   0 0  1 0  0 0  3 0
   291  0.9742417176474531E-01   4   0 0  0 1  0 0  3 0
   292  0.1559540022900754E-04   4   1 0  0 0  0 2  0 1
   293  0.2790892604892676E-04   4   0 1  0 0  0 2  0 1
   294  -.1314203116912140       4   0 0  1 0  0 2  0 1
   295  -.3909530545902977       4   0 0  0 1  0 2  0 1
   296  0.1237640643288008E-04   4   1 0  0 0  0 1  1 1
   297  0.2850512813380573E-04   4   0 1  0 0  0 1  1 1
   298  -.5632412425512903E-01   4   0 0  1 0  0 1  1 1
   299  -.3607371413061213       4   0 0  0 1  0 1  1 1
   300  0.1556608488217678E-04   4   1 0  0 0  0 0  2 1
   301  0.2785218710258049E-04   4   0 1  0 0  0 0  2 1
   302  -.1312055532533854       4   0 0  1 0  0 0  2 1
   303  -.3901841968725007       4   0 0  0 1  0 0  2 1
   304  -.1345471404659048E-05   4   1 0  0 0  0 1  0 2
   305  -.2099114319100765E-05   4   0 1  0 0  0 1  0 2
   306  -.4713765930173934E-01   4   0 0  1 0  0 1  0 2
   307  -.6055359073648770E-01   4   0 0  0 1  0 1  0 2
   308  -.1343660732652555E-05   4   1 0  0 0  0 0  1 2
   309  -.2096289429977970E-05   4   0 1  0 0  0 0  1 2
   310  -.4707422366137222E-01   4   0 0  1 0  0 0  1 2
   311  -.6047210056786657E-01   4   0 0  0 1  0 0  1 2
   312  0.1333592661431770E-06   4   1 0  0 0  0 0  0 3
   313  0.1076466390811712E-06   4   0 1  0 0  0 0  0 3
   314  -.1805038282033028E-02   4   0 0  1 0  0 0  0 3
   315  -.1459025040329867E-02   4   0 0  0 1  0 0  0 3
   316  0.9968014236895798E-05   4   0 0  0 0  0 4  0 0
   317  0.3536322454744621E-05   4   0 0  0 0  0 3  1 0
   318  0.2699064813300517E-05   4   0 0  0 0  0 2  2 0
   319  0.3554720824600486E-05   4   0 0  0 0  0 1  3 0
   320  0.9938819225059438E-05   4   0 0  0 0  0 0  4 0
   321  -.1014099066062245E-05   4   0 0  0 0  0 3  0 1
   322  0.2239038383129038E-05   4   0 0  0 0  0 2  1 1
   323  0.2232474259410319E-05   4   0 0  0 0  0 1  2 1
   324  -.1013556545863408E-05   4   0 0  0 0  0 0  3 1
   325  -.1361140163700687E-05   4   0 0  0 0  0 2  0 2
   326  -.1558715231769762E-05   4   0 0  0 0  0 1  1 2
   327  -.1358259582667089E-05   4   0 0  0 0  0 0  2 2
   328  -.5707263872436251E-07   4   0 0  0 0  0 1  0 3
   329  -.5699583305690755E-07   4   0 0  0 0  0 0  1 3
   330  -.1122120939006187E-12   4   0 0  0 0  0 0  0 4
   ----------------------------------------------------
     I  COEFFICIENT            ORDER EXPONENTS
     1  0.2207958395503976E-03   0   0 0  0 0  0 0  0 0
     2  0.9149160613237158E-04   1   1 0  0 0  0 0  0 0
     3  0.8477542241446501E-04   1   0 1  0 0  0 0  0 0
     4  -2.436096967494431       1   0 0  1 0  0 0  0 0
     5  -1.280301421355632       1   0 0  0 1  0 0  0 0
     6  0.1404282079521557E-04   1   0 0  0 0  0 1  0 0
     7  0.1402392262880456E-04   1   0 0  0 0  0 0  1 0
     8  0.1927290961247944E-03   1   0 0  0 0  0 0  0 1
     9  0.1873234871982623E-02   2   2 0  0 0  0 0  0 0
    10  0.3398167058421593E-02   2   1 1  0 0  0 0  0 0
    11  0.1614906171541673E-02   2   0 2  0 0  0 0  0 0
    12   1.024529903432700       2   1 0  1 0  0 0  0 0
    13  0.9370338246341893       2   0 1  1 0  0 0  0 0
    14  0.9232138841698537E-03   2   0 0  2 0  0 0  0 0
    15  0.9795408609347072       2   1 0  0 1  0 0  0 0
    16  0.9019443170602812       2   0 1  0 1  0 0  0 0
    17  0.2292002651949212E-02   2   0 0  1 1  0 0  0 0
    18  0.1222408771605840E-02   2   0 0  0 2  0 0  0 0
    19  -.7540204946324360E-05   2   1 0  0 0  0 1  0 0
    20  -.4965711476265094E-04   2   0 1  0 0  0 1  0 0
    21  -.1746505811922035       2   0 0  1 0  0 1  0 0
    22  0.9920594328584766       2   0 0  0 1  0 1  0 0
    23  -.7530057693865144E-05   2   1 0  0 0  0 0  1 0
    24  -.4959028855786208E-04   2   0 1  0 0  0 0  1 0
    25  -.1744155446710317       2   0 0  1 0  0 0  1 0
    26  0.9907243660278772       2   0 0  0 1  0 0  1 0
    27  0.1065616384611736E-03   2   1 0  0 0  0 0  0 1
    28  0.9924717758438739E-04   2   0 1  0 0  0 0  0 1
    29  -2.087030841733855       2   0 0  1 0  0 0  0 1
    30  -1.982783798997307       2   0 0  0 1  0 0  0 1
    31  -.1021905716333294E-04   2   0 0  0 0  0 2  0 0
    32  -.6405539761663076E-05   2   0 0  0 0  0 1  1 0
    33  -.1020099470104124E-04   2   0 0  0 0  0 0  2 0
    34  0.2684359819698440E-04   2   0 0  0 0  0 1  0 1
    35  0.2680747334762595E-04   2   0 0  0 0  0 0  1 1
    36  -.2682551574278356E-04   2   0 0  0 0  0 0  0 2
    37  -.2386275923841628E-01   3   3 0  0 0  0 0  0 0
    38  -.6699745845185918E-01   3   2 1  0 0  0 0  0 0
    39  -.6293242400475196E-01   3   1 2  0 0  0 0  0 0
    40  -.1973043939775949E-01   3   0 3  0 0  0 0  0 0
    41  -29.67338986788232       3   2 0  1 0  0 0  0 0
    42  -56.97022611475597       3   1 1  1 0  0 0  0 0
    43  -28.11572096707128       3   0 2  1 0  0 0  0 0
    44  0.3725042448713482E-01   3   1 0  2 0  0 0  0 0
    45  0.3365604270197570E-01   3   0 1  2 0  0 0  0 0
    46  -3.809227885953687       3   0 0  3 0  0 0  0 0
    47  -26.73851157836349       3   2 0  0 1  0 0  0 0
    48  -52.42158059599941       3   1 1  0 1  0 0  0 0
    49  -27.48946298072019       3   0 2  0 1  0 0  0 0
    50  0.7022732626401818E-01   3   1 0  1 1  0 0  0 0
    51  0.6379944025773049E-01   3   0 1  1 1  0 0  0 0
    52  -12.31856109547570       3   0 0  2 1  0 0  0 0
    53  0.3347372798457336E-01   3   1 0  0 2  0 0  0 0
    54  0.3062424791002601E-01   3   0 1  0 2  0 0  0 0
    55  -11.71961110399891       3   0 0  1 2  0 0  0 0
    56  -4.457453167570656       3   0 0  0 3  0 0  0 0
    57  -.1112505220678431E-02   3   2 0  0 0  0 1  0 0
    58  -.3822631512134756E-02   3   1 1  0 0  0 1  0 0
    59  -.2604867050663751E-02   3   0 2  0 0  0 1  0 0
    60  0.9444537200949991E-01   3   1 0  1 0  0 1  0 0
    61  -.3779377035460559       3   0 1  1 0  0 1  0 0
    62  0.2319443224428001E-05   3   0 0  2 0  0 1  0 0
    63  -.4195351059753768       3   1 0  0 1  0 1  0 0
    64  -.8331885064242861       3   0 1  0 1  0 1  0 0
    65  -.1238869607085528E-02   3   0 0  1 1  0 1  0 0
    66  -.1318686438071727E-02   3   0 0  0 2  0 1  0 0
    67  -.1111008063583000E-02   3   2 0  0 0  0 0  1 0
    68  -.3817487194800112E-02   3   1 1  0 0  0 0  1 0
    69  -.2601361543350104E-02   3   0 2  0 0  0 0  1 0
    70  0.9431827187890629E-01   3   1 0  1 0  0 0  1 0
    71  -.3774290927962100       3   0 1  1 0  0 0  1 0
    72  0.2316321827048955E-05   3   0 0  2 0  0 0  1 0
    73  -.4189705154017590       3   1 0  0 1  0 0  1 0
    74  -.8320672405991537       3   0 1  0 1  0 0  1 0
    75  -.1237202394754211E-02   3   0 0  1 1  0 0  1 0
    76  -.1316911812010907E-02   3   0 0  0 2  0 0  1 0
    77  0.4094138499086040E-02   3   2 0  0 0  0 0  0 1
    78  0.7634534423903660E-02   3   1 1  0 0  0 0  0 1
    79  0.3588329928513247E-02   3   0 2  0 0  0 0  0 1
    80  0.8357699959053269       3   1 0  1 0  0 0  0 1
    81  0.7553700031186241       3   0 1  1 0  0 0  0 1
    82  0.9198754493524176E-03   3   0 0  2 0  0 0  0 1
    83  0.8385089301931946       3   1 0  0 1  0 0  0 1
    84  0.7633142778237347       3   0 1  0 1  0 0  0 1
    85  0.2478900747394419E-02   3   0 0  1 1  0 0  0 1
    86  0.1414751802478835E-02   3   0 0  0 2  0 0  0 1
    87  0.5910679728089232E-05   3   1 0  0 0  0 2  0 0
    88  0.4092534768976845E-04   3   0 1  0 0  0 2  0 0
    89  0.1268760956000151       3   0 0  1 0  0 2  0 0
    90  -.6727343866067105       3   0 0  0 1  0 2  0 0
    91  0.4580628455517618E-05   3   1 0  0 0  0 1  1 0
    92  0.3257643234959838E-04   3   0 1  0 0  0 1  1 0
    93  0.7922970896226272E-01   3   0 0  1 0  0 1  1 0
    94  -.3542672274262160       3   0 0  0 1  0 1  1 0
    95  0.5899643216924704E-05   3   1 0  0 0  0 0  2 0
    96  0.4084835237194214E-04   3   0 1  0 0  0 0  2 0
    97  0.1266520399258430       3   0 0  1 0  0 0  2 0
    98  -.6715906743047716       3   0 0  0 1  0 0  2 0
    99  -.1691092633168672E-04   3   1 0  0 0  0 1  0 1
   100  -.6551188603134750E-04   3   0 1  0 0  0 1  0 1
   101  -.3329815400900148       3   0 0  1 0  0 1  0 1
   102  0.7076771126855281       3   0 0  0 1  0 1  0 1
   103  -.1688816840401384E-04   3   1 0  0 0  0 0  1 1
   104  -.6542372322259479E-04   3   0 1  0 0  0 0  1 1
   105  -.3325334292262394       3   0 0  1 0  0 0  1 1
   106  0.7067247541789419       3   0 0  0 1  0 0  1 1
   107  0.1731523761713518E-04   3   1 0  0 0  0 0  0 2
   108  0.1630783291989163E-04   3   0 1  0 0  0 0  0 2
   109  0.3327573244549473       3   0 0  1 0  0 0  0 2
   110  0.2841907449202339       3   0 0  0 1  0 0  0 2
   111  0.8310507285394655E-05   3   0 0  0 0  0 3  0 0
   112  0.4499368025109118E-05   3   0 0  0 0  0 2  1 0
   113  0.4507038726388179E-05   3   0 0  0 0  0 1  2 0
   114  0.8290708017526742E-05   3   0 0  0 0  0 0  3 0
   115  -.1921618937866647E-04   3   0 0  0 0  0 2  0 1
   116  -.1161072016615960E-04   3   0 0  0 0  0 1  1 1
   117  -.1918251655662561E-04   3   0 0  0 0  0 0  2 1
   118  0.1160153402348063E-04   3   0 0  0 0  0 1  0 2
   119  0.1158592122575320E-04   3   0 0  0 0  0 0  1 2
   120  0.1213180581333820E-05   3   0 0  0 0  0 0  0 3
   121  -.7013944116774931E-02   4   4 0  0 0  0 0  0 0
   122  -.2574033213977672E-01   4   3 1  0 0  0 0  0 0
   123  -.3597600524808848E-01   4   2 2  0 0  0 0  0 0
   124  -.2134962053022995E-01   4   1 3  0 0  0 0  0 0
   125  -.4272501550463018E-02   4   0 4  0 0  0 0  0 0
   126   259.3502493190381       4   3 0  1 0  0 0  0 0
   127   722.4905094208178       4   2 1  1 0  0 0  0 0
   128   673.6070763784766       4   1 2  1 0  0 0  0 0
   129   210.6103565508543       4   0 3  1 0  0 0  0 0
   130  0.4902371966350095E-01   4   2 0  2 0  0 0  0 0
   131  0.9665900293956761E-01   4   1 1  2 0  0 0  0 0
   132  0.4703200988267782E-01   4   0 2  2 0  0 0  0 0
   133  -145.3996930470502       4   1 0  3 0  0 0  0 0
   134  -130.6078265983901       4   0 1  3 0  0 0  0 0
   135  -.7857184712291049E-02   4   0 0  4 0  0 0  0 0
   136   252.1247052400578       4   3 0  0 1  0 0  0 0
   137   707.1714752762423       4   2 1  0 1  0 0  0 0
   138   664.1627961558904       4   1 2  0 1  0 0  0 0
   139   209.2568525266029       4   0 3  0 1  0 0  0 0
   140  0.1036852682314687       4   2 0  1 1  0 0  0 0
   141  0.2051440527733716       4   1 1  1 1  0 0  0 0
   142  0.1017461738911415       4   0 2  1 1  0 0  0 0
   143  -407.0017421526410       4   1 0  2 1  0 0  0 0
   144  -368.5838575067543       4   0 1  2 1  0 0  0 0
   145  -.2673360417677025E-01   4   0 0  3 1  0 0  0 0
   146  0.5250924225755720E-01   4   2 0  0 2  0 0  0 0
   147  0.1054081025404609       4   1 1  0 2  0 0  0 0
   148  0.5371303393208297E-01   4   0 2  0 2  0 0  0 0
   149  -383.8766421612810       4   1 0  1 2  0 0  0 0
   150  -350.0061004990616       4   0 1  1 2  0 0  0 0
   151  -.3401474207568025E-01   4   0 0  2 2  0 0  0 0
   152  -121.5213335890440       4   1 0  0 3  0 0  0 0
   153  -111.3927634585193       4   0 1  0 3  0 0  0 0
   154  -.1843566831331637E-01   4   0 0  1 3  0 0  0 0
   155  -.3125637790278900E-02   4   0 0  0 4  0 0  0 0
   156  -.3096909888385713E-02   4   3 0  0 0  0 1  0 0
   157  0.1955239639989026E-01   4   2 1  0 0  0 1  0 0
   158  0.4467763189821911E-01   4   1 2  0 0  0 1  0 0
   159  0.2216396678820342E-01   4   0 3  0 0  0 1  0 0
   160   16.34431717328127       4   2 0  1 0  0 1  0 0
   161   58.87297981059499       4   1 1  1 0  0 1  0 0
   162   41.98021364271838       4   0 2  1 0  0 1  0 0
   163  0.4827187374070317E-02   4   1 0  2 0  0 1  0 0
   164  -.1025428707329647E-01   4   0 1  2 0  0 1  0 0
   165  0.1477688014463407       4   0 0  3 0  0 1  0 0
   166   28.91306592606787       4   2 0  0 1  0 1  0 0
   167   81.84855666521507       4   1 1  0 1  0 1  0 0
   168   54.83239148027180       4   0 2  0 1  0 1  0 0
   169  -.1983157946400222E-01   4   1 0  1 1  0 1  0 0
   170  -.4519019536327393E-01   4   0 1  1 1  0 1  0 0
   171   7.320845048721429       4   0 0  2 1  0 1  0 0
   172  -.2295066939139846E-01   4   1 0  0 2  0 1  0 0
   173  -.3381250568692408E-01   4   0 1  0 2  0 1  0 0
   174   13.54090269404520       4   0 0  1 2  0 1  0 0
   175   7.422066601331766       4   0 0  0 3  0 1  0 0
   176  -.3092742213010248E-02   4   3 0  0 0  0 0  1 0
   177  0.1952608370628774E-01   4   2 1  0 0  0 0  1 0
   178  0.4461750684679425E-01   4   1 2  0 0  0 0  1 0
   179  0.2213413956625139E-01   4   0 3  0 0  0 0  1 0
   180   16.32232176151049       4   2 0  1 0  0 0  1 0
   181   58.79375132895335       4   1 1  1 0  0 0  1 0
   182   41.92371864965695       4   0 2  1 0  0 0  1 0
   183  0.4820691172799755E-02   4   1 0  2 0  0 0  1 0
   184  -.1024048733702104E-01   4   0 1  2 0  0 0  1 0
   185  0.1475699411574507       4   0 0  3 0  0 0  1 0
   186   28.87415608457017       4   2 0  0 1  0 0  1 0
   187   81.73840873504396       4   1 1  0 1  0 0  1 0
   188   54.75860063197879       4   0 2  0 1  0 0  1 0
   189  -.1980489105898950E-01   4   1 0  1 1  0 0  1 0
   190  -.4512938052809416E-01   4   0 1  1 1  0 0  1 0
   191   7.310993000474308       4   0 0  2 1  0 0  1 0
   192  -.2291978346215907E-01   4   1 0  0 2  0 0  1 0
   193  -.3376700241029881E-01   4   0 1  0 2  0 0  1 0
   194   13.52267998536018       4   0 0  1 2  0 0  1 0
   195   7.412078333889564       4   0 0  0 3  0 0  1 0
   196  0.1517741716127920E-02   4   3 0  0 0  0 0  0 1
   197  0.4277816170339215E-02   4   2 1  0 0  0 0  0 1
   198  0.4052760269546107E-02   4   1 2  0 0  0 0  0 1
   199  0.1343809071824923E-02   4   0 3  0 0  0 0  0 1
   200  -62.31823755456198       4   2 0  1 0  0 0  0 1
   201  -117.6203289921983       4   1 1  1 0  0 0  0 1
   202  -55.76342612534739       4   0 2  1 0  0 0  0 1
   203  -.4673664587945028E-02   4   1 0  2 0  0 0  0 1
   204  -.4259467894183960E-02   4   0 1  2 0  0 0  0 1
   205  -4.108639288793985       4   0 0  3 0  0 0  0 1
   206  -57.76162899786364       4   2 0  0 1  0 0  0 1
   207  -111.1106655171435       4   1 1  0 1  0 0  0 1
   208  -54.58275972691414       4   0 2  0 1  0 0  0 1
   209  -.9101722899106435E-02   4   1 0  1 1  0 0  0 1
   210  -.8508793416961449E-02   4   0 1  1 1  0 0  0 1
   211  -14.64483038306867       4   0 0  2 1  0 0  0 1
   212  -.4424053400921208E-02   4   1 0  0 2  0 0  0 1
   213  -.4174297537985653E-02   4   0 1  0 2  0 0  0 1
   214  -15.35807169181148       4   0 0  1 2  0 0  0 1
   215  -5.924413820332740       4   0 0  0 3  0 0  0 1
   216  -.6316119239219597E-03   4   2 0  0 0  0 2  0 0
   217  0.4224962056765640E-03   4   1 1  0 0  0 2  0 0
   218  0.1241927954854239E-02   4   0 2  0 0  0 2  0 0
   219  -.7192857584558218E-01   4   1 0  1 0  0 2  0 0
   220  0.2380741431722930       4   0 1  1 0  0 2  0 0
   221  -.2718138210294595E-03   4   0 0  2 0  0 2  0 0
   222  0.2793358260748287       4   1 0  0 1  0 2  0 0
   223  0.7826393865117084       4   0 1  0 1  0 2  0 0
   224  0.2838096730574498E-03   4   0 0  1 1  0 2  0 0
   225  0.9876247948334854E-03   4   0 0  0 2  0 2  0 0
   226  -.6837204504059127E-03   4   2 0  0 0  0 1  1 0
   227  0.7838430595442625E-03   4   1 1  0 0  0 1  1 0
   228  0.2011128163579875E-02   4   0 2  0 0  0 1  1 0
   229  -.5186941326836419E-01   4   1 0  1 0  0 1  1 0
   230  0.9578028619037288E-01   4   0 1  1 0  0 1  1 0
   231  -.2155872210664231E-03   4   0 0  2 0  0 1  1 0
   232  0.1366323047142719       4   1 0  0 1  0 1  1 0
   233  0.7287380349010854       4   0 1  0 1  0 1  1 0
   234  0.9965269812158150E-04   4   0 0  1 1  0 1  1 0
   235  0.1060497969797589E-02   4   0 0  0 2  0 1  1 0
   236  -.6303018709818168E-03   4   2 0  0 0  0 0  2 0
   237  0.4214002006703876E-03   4   1 1  0 0  0 0  2 0
   238  0.1238903385991965E-02   4   0 2  0 0  0 0  2 0
   239  -.7179687605215855E-01   4   1 0  1 0  0 0  2 0
   240  0.2376893059128631       4   0 1  1 0  0 0  2 0
   241  -.2713029632383408E-03   4   0 0  2 0  0 0  2 0
   242  0.2788679724265234       4   1 0  0 1  0 0  2 0
   243  0.7810957966582871       4   0 1  0 1  0 0  2 0
   244  0.2833606814226039E-03   4   0 0  1 1  0 0  2 0
   245  0.9855821118356350E-03   4   0 0  0 2  0 0  2 0
   246  0.1462192608142768E-02   4   2 0  0 0  0 1  0 1
   247  -.2865545959208557E-04   4   1 1  0 0  0 1  0 1
   248  -.1259665244322512E-02   4   0 2  0 0  0 1  0 1
   249  0.1990465406944633       4   1 0  1 0  0 1  0 1
   250  -.1893033050072721       4   0 1  1 0  0 1  0 1
   251  0.4671648408426356E-03   4   0 0  2 0  0 1  0 1
   252  -.2709604834198103       4   1 0  0 1  0 1  0 1
   253  -.6206596107308370       4   0 1  0 1  0 1  0 1
   254  -.3988275605187902E-04   4   0 0  1 1  0 1  0 1
   255  -.7218469589917215E-03   4   0 0  0 2  0 1  0 1
   256  0.1460224858241477E-02   4   2 0  0 0  0 0  1 1
   257  -.2861689642505005E-04   4   1 1  0 0  0 0  1 1
   258  -.1257970046202668E-02   4   0 2  0 0  0 0  1 1
   259  0.1987786732407358       4   1 0  1 0  0 0  1 1
   260  -.1890485495409486       4   0 1  1 0  0 0  1 1
   261  0.4665361524165440E-03   4   0 0  2 0  0 0  1 1
   262  -.2705958375711485       4   1 0  0 1  0 0  1 1
   263  -.6198243562773893       4   0 1  0 1  0 0  1 1
   264  -.3982908371840214E-04   4   0 0  1 1  0 0  1 1
   265  -.7208755313737805E-03   4   0 0  0 2  0 0  1 1
   266  -.9777807883517404E-03   4   2 0  0 0  0 0  0 2
   267  -.1818585930838132E-02   4   1 1  0 0  0 0  0 2
   268  -.8405287252658865E-03   4   0 2  0 0  0 0  0 2
   269  -.2022283907770458       4   1 0  1 0  0 0  0 2
   270  -.1920593002079292       4   0 1  1 0  0 0  0 2
   271  -.1746034966182000E-03   4   0 0  2 0  0 0  0 2
   272  -.1525225965231971       4   1 0  0 1  0 0  0 2
   273  -.1475563161793630       4   0 1  0 1  0 0  0 2
   274  -.4230550610338547E-03   4   0 0  1 1  0 0  0 2
   275  -.2331247163939651E-03   4   0 0  0 2  0 0  0 2
   276  -.7742433412246987E-05   4   1 0  0 0  0 3  0 0
   277  -.4298033116376468E-04   4   0 1  0 0  0 3  0 0
   278  -.1030447585218651       4   0 0  1 0  0 3  0 0
   279  0.5148234489068612       4   0 0  0 1  0 3  0 0
   280  -.5786610549577239E-05   4   1 0  0 0  0 2  1 0
   281  -.3311073227922468E-04   4   0 1  0 0  0 2  1 0
   282  -.5543714071743151E-01   4   0 0  1 0  0 2  1 0
   283  0.1991784414629000       4   0 0  0 1  0 2  1 0
   284  -.5790537598017564E-05   4   1 0  0 0  0 1  2 0
   285  -.3313053858151843E-04   4   0 1  0 0  0 1  2 0
   286  -.5553296292105214E-01   4   0 0  1 0  0 1  2 0
   287  0.1998142131685544       4   0 0  0 1  0 1  2 0
   288  -.7722915884726201E-05   4   1 0  0 0  0 0  3 0
   289  -.4287132041117236E-04   4   0 1  0 0  0 0  3 0
   290  -.1027994973319863       4   0 0  1 0  0 0  3 0
   291  0.5136503697134613       4   0 0  0 1  0 0  3 0
   292  0.1185926167048937E-04   4   1 0  0 0  0 2  0 1
   293  0.5874400935477863E-04   4   0 1  0 0  0 2  0 1
   294  0.2377164526131276       4   0 0  1 0  0 2  0 1
   295  -.3981405205522889       4   0 0  0 1  0 2  0 1
   296  0.1016037587956299E-04   4   1 0  0 0  0 1  1 1
   297  0.5097450302596659E-04   4   0 1  0 0  0 1  1 1
   298  0.1427177840878234       4   0 0  1 0  0 1  1 1
   299  -.8942176353799360E-01   4   0 0  0 1  0 1  1 1
   300  0.1183646535747109E-04   4   1 0  0 0  0 0  2 1
   301  0.5863065489365663E-04   4   0 1  0 0  0 0  2 1
   302  0.2373005135805048       4   0 0  1 0  0 0  2 1
   303  -.3975445520059091       4   0 0  0 1  0 0  2 1
   304  -.4037732033800377E-05   4   1 0  0 0  0 1  0 2
   305  -.1016097973611071E-04   4   0 1  0 0  0 1  0 2
   306  -.1425925704122450       4   0 0  1 0  0 1  0 2
   307  -.2648417646667499       4   0 0  0 1  0 1  0 2
   308  -.4032298244321111E-05   4   1 0  0 0  0 0  1 2
   309  -.1014730556845231E-04   4   0 1  0 0  0 0  1 2
   310  -.1424006760511395       4   0 0  1 0  0 0  1 2
   311  -.2644853531014219       4   0 0  0 1  0 0  1 2
   312  0.1163736378935634E-05   4   1 0  0 0  0 0  0 3
   313  0.9492541894988188E-06   4   0 1  0 0  0 0  0 3
   314  -.1592694465779141E-01   4   0 0  1 0  0 0  0 3
   315  -.1302324988669516E-01   4   0 0  0 1  0 0  0 3
   316  -.1008165981645292E-04   4   0 0  0 0  0 4  0 0
   317  -.4825018819361143E-05   4   0 0  0 0  0 3  1 0
   318  -.4130102335404808E-05   4   0 0  0 0  0 2  2 0
   319  -.4840061398678036E-05   4   0 0  0 0  0 1  3 0
   320  -.1005129371177712E-04   4   0 0  0 0  0 0  4 0
   321  0.1033145144013887E-04   4   0 0  0 0  0 3  0 1
   322  0.4471495968642764E-05   4   0 0  0 0  0 2  1 1
   323  0.4483296980322933E-05   4   0 0  0 0  0 1  2 1
   324  0.1030759136684635E-04   4   0 0  0 0  0 0  3 1
   325  0.1350740797378180E-05   4   0 0  0 0  0 2  0 2
   326  0.1599976910562797E-05   4   0 0  0 0  0 1  1 2
   327  0.1347846447310311E-05   4   0 0  0 0  0 0  2 2
   328  0.1731357508323186E-07   4   0 0  0 0  0 1  0 3
   329  0.1729027528984546E-07   4   0 0  0 0  0 0  1 3
   330  -.7176627501704904E-13   4   0 0  0 0  0 0  0 4
   ----------------------------------------------------
     I  COEFFICIENT            ORDER EXPONENTS
     1  0.7343044833481970E-08   0   0 0  0 0  0 0  0 0
     2  -.6766929399193708E-05   1   1 0  0 0  0 0  0 0
     3  -.7593789734235335E-05   1   0 1  0 0  0 0  0 0
     4  0.4796601283789188E-04   1   0 0  1 0  0 0  0 0
     5  0.1944422293482541E-04   1   0 0  0 1  0 0  0 0
     6   1.000000000000000       1   0 0  0 0  1 0  0 0
     7  0.2859789927814597       1   0 0  0 0  0 1  0 0
     8  -.2859789888863087       1   0 0  0 0  0 0  1 0
     9  -.3895157876855936E-08   1   0 0  0 0  0 0  0 1
    10  -.4130882237347601       2   2 0  0 0  0 0  0 0
    11  -1.079587180575871       2   1 1  0 0  0 0  0 0
    12  -.9192501377996461       2   0 2  0 0  0 0  0 0
    13  -.2558202809396451E-04   2   1 0  1 0  0 0  0 0
    14  -.3310413682638792E-04   2   0 1  1 0  0 0  0 0
    15  -.2744700485973955       2   0 0  2 0  0 0  0 0
    16  -.3325617201334922E-04   2   1 0  0 1  0 0  0 0
    17  -.3877427209494775E-04   2   0 1  0 1  0 0  0 0
    18  -.2168057047177921       2   0 0  1 1  0 0  0 0
    19  -.2605884556866135       2   0 0  0 2  0 0  0 0
    20  0.9982566556165149E-05   2   1 0  0 0  0 1  0 0
    21  0.1409483685397896E-04   2   0 1  0 0  0 1  0 0
    22  -.6714178015555480E-04   2   0 0  1 0  0 1  0 0
    23  -.4782425712135991E-04   2   0 0  0 1  0 1  0 0
    24  0.3220424041182987E-05   2   1 0  0 0  0 0  1 0
    25  0.6502536829730934E-05   2   0 1  0 0  0 0  1 0
    26  -.1921444331065618E-04   2   0 0  1 0  0 0  1 0
    27  -.2836798976753656E-04   2   0 0  0 1  0 0  1 0
    28  -.1320306487639456E-04   2   1 0  0 0  0 0  0 1
    29  -.1300370970273395E-04   2   0 1  0 0  0 0  0 1
    30  0.8635625674162945E-04   2   0 0  1 0  0 0  0 1
    31  0.5674805826933599E-04   2   0 0  0 1  0 0  0 1
    32  -.2146286644691064       2   0 0  0 0  0 2  0 0
    33  0.1432783308970724       2   0 0  0 0  0 1  1 0
    34  0.7135032831053532E-01   2   0 0  0 0  0 0  2 0
    35  0.5259920235411939E-08   2   0 0  0 0  0 1  0 1
    36  0.1368229595976352E-08   2   0 0  0 0  0 0  1 1
    37  -.1366565603193332E-08   2   0 0  0 0  0 0  0 2
    38  0.2180242157840417       3   3 0  0 0  0 0  0 0
    39  0.6755040346581870       3   2 1  0 0  0 0  0 0
    40  0.6859434266437960       3   1 2  0 0  0 0  0 0
    41  0.2294732188784822       3   0 3  0 0  0 0  0 0
    42  0.1319191390151930E-02   3   2 0  1 0  0 0  0 0
    43  0.2615455911672287E-02   3   1 1  1 0  0 0  0 0
    44  0.1552039917548543E-02   3   0 2  1 0  0 0  0 0
    45  0.8915942696506554E-01   3   1 0  2 0  0 0  0 0
    46  0.1927594193623496E-01   3   0 1  2 0  0 0  0 0
    47  0.4972243641952957E-03   3   0 0  3 0  0 0  0 0
    48  0.9292335815681558E-03   3   2 0  0 1  0 0  0 0
    49  0.1784457535090329E-02   3   1 1  0 1  0 0  0 0
    50  0.1066490533559776E-02   3   0 2  0 1  0 0  0 0
    51  0.4827062806924619E-01   3   1 0  1 1  0 0  0 0
    52  -.6267517498869332E-01   3   0 1  1 1  0 0  0 0
    53  0.1280538709561372E-02   3   0 0  2 1  0 0  0 0
    54  -.3130821019345864E-01   3   1 0  0 2  0 0  0 0
    55  -.7532583287927819E-01   3   0 1  0 2  0 0  0 0
    56  0.1132462693679034E-02   3   0 0  1 2  0 0  0 0
    57  0.3429944524746337E-03   3   0 0  0 3  0 0  0 0
    58  0.6609405823562098       3   2 0  0 0  0 1  0 0
    59   2.077115994444373       3   1 1  0 0  0 1  0 0
    60   1.905538234814830       3   0 2  0 0  0 1  0 0
    61  0.3861183489242313E-04   3   1 0  1 0  0 1  0 0
    62  0.6178717378032717E-04   3   0 1  1 0  0 1  0 0
    63  0.3830130160288725       3   0 0  2 0  0 1  0 0
    64  0.6247767787661005E-04   3   1 0  0 1  0 1  0 0
    65  0.8934689539033978E-04   3   0 1  0 1  0 1  0 0
    66  0.5375156987205080       3   0 0  1 1  0 1  0 0
    67  0.4802274894523411       3   0 0  0 2  0 1  0 0
    68  0.2480743056799332       3   2 0  0 0  0 0  1 0
    69  0.9976380074241982       3   1 1  0 0  0 0  1 0
    70  0.9861966450180654       3   0 2  0 0  0 0  1 0
    71  0.1298926504227355E-04   3   1 0  1 0  0 0  1 0
    72  0.2854945423816772E-04   3   0 1  1 0  0 0  1 0
    73  0.1087659248983417       3   0 0  2 0  0 0  1 0
    74  0.2915866475534058E-04   3   1 0  0 1  0 0  1 0
    75  0.5041708153546305E-04   3   0 1  0 1  0 0  1 0
    76  0.3205700123982147       3   0 0  1 1  0 0  1 0
    77  0.2196937708015937       3   0 0  0 2  0 0  1 0
    78  -.9090155999623466       3   2 0  0 0  0 0  0 1
    79  -1.995168622995359       3   1 1  0 0  0 0  0 1
    80  -1.053235857166418       3   0 2  0 0  0 0  0 1
    81  -.5148954330592189E-04   3   1 0  1 0  0 0  0 1
    82  -.5695724018585928E-04   3   0 1  1 0  0 0  0 1
    83  -.4917792157084434       3   0 0  2 0  0 0  0 1
    84  -.5821545333898774E-04   3   1 0  0 1  0 0  0 1
    85  -.6188560522312172E-04   3   0 1  0 1  0 0  0 1
    86  -.6412803924443822       3   0 0  1 1  0 0  0 1
    87  -.1787445266393238       3   0 0  0 2  0 0  0 1
    88  -.1227153208271108E-04   3   1 0  0 0  0 2  0 0
    89  -.2019380769034681E-04   3   0 1  0 0  0 2  0 0
    90  0.7934936492213728E-04   3   0 0  1 0  0 2  0 0
    91  0.7649424820378327E-04   3   0 0  0 1  0 2  0 0
    92  -.4580428101050882E-05   3   1 0  0 0  0 1  1 0
    93  -.1219946364474964E-04   3   0 1  0 0  0 1  1 0
    94  0.2444013458147045E-04   3   0 0  1 0  0 1  1 0
    95  0.5734490274140182E-04   3   0 0  0 1  0 1  1 0
    96  -.2293830334668835E-05   3   1 0  0 0  0 0  2 0
    97  -.6100984810741097E-05   3   0 1  0 0  0 0  2 0
    98  0.1224871456506513E-04   3   0 0  1 0  0 0  2 0
    99  0.2866597371711016E-04   3   0 0  0 1  0 0  2 0
   100  0.1913911716179625E-04   3   1 0  0 0  0 1  0 1
   101  0.2439594283271048E-04   3   0 1  0 0  0 1  0 1
   102  -.1160036471122019E-03   3   0 0  1 0  0 1  0 1
   103  -.1146917893253183E-03   3   0 0  0 1  0 1  0 1
   104  0.5945793668850344E-05   3   1 0  0 0  0 0  1 1
   105  0.1139451744139726E-04   3   0 1  0 0  0 0  1 1
   106  -.2972538441739182E-04   3   0 0  1 0  0 0  1 1
   107  -.5794361030504182E-04   3   0 0  0 1  0 0  1 1
   108  -.5940616279928039E-05   3   1 0  0 0  0 0  0 2
   109  -.4891367104494735E-05   3   0 1  0 0  0 0  0 2
   110  0.2968817766876995E-04   3   0 0  1 0  0 0  0 2
   111  0.2957135080105702E-04   3   0 0  0 1  0 0  0 2
   112  0.1788813508857261       3   0 0  0 0  0 3  0 0
   113  -.1073867928371099       3   0 0  0 0  0 2  1 0
   114  -.3589155560499060E-01   3   0 0  0 0  0 1  2 0
   115  -.3560303952402774E-01   3   0 0  0 0  0 0  3 0
   116  -.4715867616489317E-08   3   0 0  0 0  0 2  0 1
   117  0.2734671177597241E-09   3   0 0  0 0  0 1  1 1
   118  0.1332756216738653E-09   3   0 0  0 0  0 0  2 1
   119  0.5265607510421755E-09   3   0 0  0 0  0 1  0 2
   120  -.1169984556295638E-09   3   0 0  0 0  0 0  1 2
   121  0.2419382594776718E-09   3   0 0  0 0  0 0  0 3
   122  -3.782535332156085       4   4 0  0 0  0 0  0 0
   123  -18.72993445197113       4   3 1  0 0  0 0  0 0
   124  -34.76415718721455       4   2 2  0 0  0 0  0 0
   125  -28.86035524842303       4   1 3  0 0  0 0  0 0
   126  -9.351869001956922       4   0 4  0 0  0 0  0 0
   127  0.2429041203268544E-02   4   3 0  1 0  0 0  0 0
   128  0.8862844982835429E-02   4   2 1  1 0  0 0  0 0
   129  0.9872893813267478E-02   4   1 2  1 0  0 0  0 0
   130  0.3454206088385874E-02   4   0 3  1 0  0 0  0 0
   131  -8.954678264391461       4   2 0  2 0  0 0  0 0
   132  -18.25324056872905       4   1 1  2 0  0 0  0 0
   133  -10.50642817202666       4   0 2  2 0  0 0  0 0
   134  0.4627403642543075E-02   4   1 0  3 0  0 0  0 0
   135  0.3395045270382235E-02   4   0 1  3 0  0 0  0 0
   136  -1.755085389299339       4   0 0  4 0  0 0  0 0
   137  0.3406219620165315E-02   4   3 0  0 1  0 0  0 0
   138  0.1145482585561540E-01   4   2 1  0 1  0 0  0 0
   139  0.1221909979822677E-01   4   1 2  0 1  0 0  0 0
   140  0.4172201183200009E-02   4   0 3  0 1  0 0  0 0
   141  -12.53187359278105       4   2 0  1 1  0 0  0 0
   142  -24.38317487441771       4   1 1  1 1  0 0  0 0
   143  -13.89283382125280       4   0 2  1 1  0 0  0 0
   144  0.1138048175274294E-01   4   1 0  2 1  0 0  0 0
   145  0.8225394799412759E-02   4   0 1  2 1  0 0  0 0
   146  -5.537030174750831       4   0 0  3 1  0 0  0 0
   147  -4.283609104761620       4   2 0  0 2  0 0  0 0
   148  -8.588725963417968       4   1 1  0 2  0 0  0 0
   149  -5.520780528537367       4   0 2  0 2  0 0  0 0
   150  0.9174717469989414E-02   4   1 0  1 2  0 0  0 0
   151  0.6440999173074629E-02   4   0 1  1 2  0 0  0 0
   152  -6.775604984500667       4   0 0  2 2  0 0  0 0
   153  0.2354517847994680E-02   4   1 0  0 3  0 0  0 0
   154  0.1545513004835343E-02   4   0 1  0 3  0 0  0 0
   155  -3.844580372697772       4   0 0  1 3  0 0  0 0
   156  -.9426353460925468       4   0 0  0 4  0 0  0 0
   157  -.3738310921027864       4   3 0  0 0  0 1  0 0
   158  -1.447724879858761       4   2 1  0 0  0 1  0 0
   159  -1.776369444541307       4   1 2  0 0  0 1  0 0
   160  -.6995912222929567       4   0 3  0 0  0 1  0 0
   161  -.6218894332560099E-03   4   2 0  1 0  0 1  0 0
   162  -.2775980364747364E-02   4   1 1  1 0  0 1  0 0
   163  -.2431326328806439E-02   4   0 2  1 0  0 1  0 0
   164  -.1060022939768490       4   1 0  2 0  0 1  0 0
   165  -.4717768777523437E-01   4   0 1  2 0  0 1  0 0
   166  -.5806027963444766E-03   4   0 0  3 0  0 1  0 0
   167  -.5655004037950803E-03   4   2 0  0 1  0 1  0 0
   168  -.1971955302036418E-02   4   1 1  0 1  0 1  0 0
   169  -.1722596897929766E-02   4   0 2  0 1  0 1  0 0
   170  -.1167946806935482       4   1 0  1 1  0 1  0 0
   171  0.7912195821070492E-01   4   0 1  1 1  0 1  0 0
   172  -.1860015122325118E-02   4   0 0  2 1  0 1  0 0
   173  0.3760247398150847E-01   4   1 0  0 2  0 1  0 0
   174  0.1624634253897204       4   0 1  0 2  0 1  0 0
   175  -.2092755660911897E-02   4   0 0  1 2  0 1  0 0
   176  -.8160563003302083E-03   4   0 0  0 3  0 1  0 0
   177  -.1542772807583152       4   3 0  0 0  0 0  1 0
   178  -.7663190506943964       4   2 1  0 0  0 0  1 0
   179  -1.083123775394203       4   1 2  0 0  0 0  1 0
   180  -.4671342374667592       4   0 3  0 0  0 0  1 0
   181  -.4207324233400409E-03   4   2 0  1 0  0 0  1 0
   182  -.2272001945842571E-02   4   1 1  1 0  0 0  1 0
   183  -.1991578699028557E-02   4   0 2  1 0  0 0  1 0
   184  -.1649504802431274E-01   4   1 0  2 0  0 0  1 0
   185  -.2682982418705064E-01   4   0 1  2 0  0 0  1 0
   186  -.3265065611330406E-03   4   0 0  3 0  0 0  1 0
   187  -.5879902130218999E-03   4   2 0  0 1  0 0  1 0
   188  -.2037537166375622E-02   4   1 1  0 1  0 0  1 0
   189  -.1654260401482339E-02   4   0 2  0 1  0 0  1 0
   190  -.6785411681227489E-01   4   1 0  1 1  0 0  1 0
   191  0.1806237527456984E-01   4   0 1  1 1  0 0  1 0
   192  -.1272159885909468E-02   4   0 0  2 1  0 0  1 0
   193  0.6669446827948079E-02   4   1 0  0 2  0 0  1 0
   194  0.8784374460090721E-01   4   0 1  0 2  0 0  1 0
   195  -.1563243092560049E-02   4   0 0  1 2  0 0  1 0
   196  -.6368371960279978E-03   4   0 0  0 3  0 0  1 0
   197  0.5260032849984730       4   3 0  0 0  0 0  0 1
   198   1.529200584072189       4   2 1  0 0  0 0  0 1
   199   1.474657149969175       4   1 2  0 0  0 0  0 1
   200  0.4723385182665080       4   0 3  0 0  0 0  0 1
   201  0.1237586505275614E-02   4   2 0  1 0  0 0  0 1
   202  0.3075539872484015E-02   4   1 1  1 0  0 0  0 1
   203  0.1972289603877640E-02   4   0 2  1 0  0 0  0 1
   204  0.1217027205026035       4   1 0  2 0  0 0  0 1
   205  0.5262322846304028E-01   4   0 1  2 0  0 0  0 1
   206  0.9516614727455592E-03   4   0 0  3 0  0 0  0 1
   207  0.3777983348989391E-03   4   2 0  0 1  0 0  0 1
   208  0.1154729120344595E-02   4   1 1  0 1  0 0  0 1
   209  0.9357547371252438E-03   4   0 2  0 1  0 0  0 1
   210  0.1351562154705163       4   1 0  1 1  0 0  0 1
   211  0.2509363273873555E-01   4   0 1  1 1  0 0  0 1
   212  0.2098105367999745E-02   4   0 0  2 1  0 0  0 1
   213  0.1755153858655968E-01   4   1 0  0 2  0 0  0 1
   214  -.2597816682456159E-01   4   0 1  0 2  0 0  0 1
   215  0.1566791392942862E-02   4   0 0  1 2  0 0  0 1
   216  0.4420824818580271E-03   4   0 0  0 3  0 0  0 1
   217  -.8694902305112390       4   2 0  0 0  0 2  0 0
   218  -3.093783245521085       4   1 1  0 0  0 2  0 0
   219  -3.031103027981489       4   0 2  0 0  0 2  0 0
   220  -.4806431397638971E-04   4   1 0  1 0  0 2  0 0
   221  -.9907151635788485E-04   4   0 1  1 0  0 2  0 0
   222  -.4514973796736710       4   0 0  2 0  0 2  0 0
   223  -.1020358136045418E-03   4   1 0  0 1  0 2  0 0
   224  -.1684991403420318E-03   4   0 1  0 1  0 2  0 0
   225  -.8610193398108976       4   0 0  1 1  0 2  0 0
   226  -.7306204064406984       4   0 0  0 2  0 2  0 0
   227  -.4171447142051598       4   2 0  0 0  0 1  1 0
   228  -2.033170883081028       4   1 1  0 0  0 1  1 0
   229  -2.250702008400268       4   0 2  0 0  0 1  1 0
   230  -.1969654031614528E-04   4   1 0  1 0  0 1  1 0
   231  -.5868392825720436E-04   4   0 1  1 0  0 1  1 0
   232  -.1371120062757900       4   0 0  2 0  0 1  1 0
   233  -.6153704477001960E-04   4   1 0  0 1  0 1  1 0
   234  -.1273119231137954E-03   4   0 1  0 1  0 1  1 0
   235  -.6470629979510691       4   0 0  1 1  0 1  1 0
   236  -.5007328974742675       4   0 0  0 2  0 1  1 0
   237  -.2087355935022650       4   2 0  0 0  0 0  2 0
   238  -1.016612379904312       4   1 1  0 0  0 0  2 0
   239  -1.125116281089752       4   0 2  0 0  0 0  2 0
   240  -.9949862185350532E-05   4   1 0  1 0  0 0  2 0
   241  -.2943752912099836E-04   4   0 1  1 0  0 0  2 0
   242  -.6872097606793040E-01   4   0 0  2 0  0 0  2 0
   243  -.3084374614271500E-04   4   1 0  0 1  0 0  2 0
   244  -.6368665111447950E-04   4   0 1  0 1  0 0  2 0
   245  -.3234570021813669       4   0 0  1 1  0 0  2 0
   246  -.2503520378118752       4   0 0  0 2  0 0  2 0
   247   1.495111165881466       4   2 0  0 0  0 1  0 1
   248   4.066358624431713       4   1 1  0 0  0 1  0 1
   249   2.596219115454457       4   0 2  0 0  0 1  0 1
   250  0.6726932491990157E-04   4   1 0  1 0  0 1  0 1
   251  0.1067101652223077E-03   4   0 1  1 0  0 1  0 1
   252  0.6571264308342819       4   0 0  2 0  0 1  0 1
   253  0.1116219128610557E-03   4   1 0  0 1  0 1  0 1
   254  0.1520716705318432E-03   4   0 1  0 1  0 1  0 1
   255   1.294136798106980       4   0 0  1 1  0 1  0 1
   256  0.5213260258642554       4   0 0  0 2  0 1  0 1
   257  0.5865089082601888       4   2 0  0 0  0 0  1 1
   258   2.071049680581993       4   1 1  0 0  0 0  1 1
   259   1.542307021987773       4   0 2  0 0  0 0  1 1
   260  0.2370596436990039E-04   4   1 0  1 0  0 0  1 1
   261  0.5170299914880411E-04   4   0 1  1 0  0 0  1 1
   262  0.1657970927313933       4   0 0  2 0  0 0  1 1
   263  0.5484185829752995E-04   4   1 0  0 1  0 0  1 1
   264  0.8709887320007082E-04   4   0 1  0 1  0 0  1 1
   265  0.6528591355329842       4   0 0  1 1  0 0  1 1
   266  0.3423690935400118       4   0 0  0 2  0 0  1 1
   267  -.5862741915759483       4   2 0  0 0  0 0  0 2
   268  -1.073483077475278       4   1 1  0 0  0 0  0 2
   269  -.4893845615616847       4   0 2  0 0  0 0  0 2
   270  -.2071579731862690E-04   4   1 0  1 0  0 0  0 2
   271  -.1824819310469233E-04   4   0 1  1 0  0 0  0 2
   272  -.1655822926704824       4   0 0  2 0  0 0  0 2
   273  -.2017521098289957E-04   4   1 0  0 1  0 0  0 2
   274  -.1788758069162051E-04   4   0 1  0 1  0 0  0 2
   275  -.3322361420041131       4   0 0  1 1  0 0  0 2
   276  -.1637395553903764       4   0 0  0 2  0 0  0 2
   277  -.1566169443967557E-03   4   1 0  0 0  0 3  0 0
   278  -.2359720526610683E-03   4   0 1  0 0  0 3  0 0
   279  -.8191506372480276E-04   4   0 0  1 0  0 3  0 0
   280  -.9524057869304500E-04   4   0 0  0 1  0 3  0 0
   281  -.8371649824862764E-04   4   1 0  0 0  0 2  1 0
   282  -.1199245325969912E-03   4   0 1  0 0  0 2  1 0
   283  -.2250639179264566E-04   4   0 0  1 0  0 2  1 0
   284  -.7891549218598512E-04   4   0 0  0 1  0 2  1 0
   285  -.5292438711628950E-04   4   1 0  0 0  0 1  2 0
   286  -.7516051834939697E-04   4   0 1  0 0  0 1  2 0
   287  -.1171168970321066E-04   4   0 0  1 0  0 1  2 0
   288  -.5205384796149174E-04   4   0 0  0 1  0 1  2 0
   289  -.2793728938914767E-04   4   1 0  0 0  0 0  3 0
   290  -.4002869442010484E-04   4   0 1  0 0  0 0  3 0
   291  -.7539464139365862E-05   4   0 0  1 0  0 0  3 0
   292  -.2629935630109524E-04   4   0 0  0 1  0 0  3 0
   293  0.1363387002749655E-03   4   1 0  0 0  0 2  0 1
   294  0.1092683506646602E-03   4   0 1  0 0  0 2  0 1
   295  0.9028445436048906E-04   4   0 0  1 0  0 2  0 1
   296  0.1518302328541134E-03   4   0 0  0 1  0 2  0 1
   297  0.7550376928347903E-04   4   1 0  0 0  0 1  1 1
   298  0.6030668635131933E-04   4   0 1  0 0  0 1  1 1
   299  0.1631774338708876E-04   4   0 0  1 0  0 1  1 1
   300  0.9812002899099265E-04   4   0 0  0 1  0 1  1 1
   301  0.3776710103229632E-04   4   1 0  0 0  0 0  2 1
   302  0.3016568385984027E-04   4   0 1  0 0  0 0  2 1
   303  0.8203292548303608E-05   4   0 0  1 0  0 0  2 1
   304  0.4906356459160067E-04   4   0 0  0 1  0 0  2 1
   305  -.9507109556892410E-06   4   1 0  0 0  0 1  0 2
   306  0.2112543838682300E-05   4   0 1  0 0  0 1  0 2
   307  -.7421107859889788E-05   4   0 0  1 0  0 1  0 2
   308  -.2386766933952241E-04   4   0 0  0 1  0 1  0 2
   309  -.4866940548906790E-05   4   1 0  0 0  0 0  1 2
   310  -.1500567836409440E-05   4   0 1  0 0  0 0  1 2
   311  0.4049770711723230E-05   4   0 0  1 0  0 0  1 2
   312  -.1113749740151066E-04   4   0 0  0 1  0 0  1 2
   313  0.4750522762255221E-07   4   1 0  0 0  0 0  0 3
   314  0.1162327122521124E-06   4   0 1  0 0  0 0  0 3
   315  -.5415867624561023E-05   4   0 0  1 0  0 0  0 3
   316  -.4936559395399707E-05   4   0 0  0 1  0 0  0 3
   317  -.1565302521909844       4   0 0  0 0  0 4  0 0
   318  0.8947684312308603E-01   4   0 0  0 0  0 3  1 0
   319  0.2686485473171218E-01   4   0 0  0 0  0 2  2 0
   320  0.1798162670172683E-01   4   0 0  0 0  0 1  3 0
   321  0.2220686158326486E-01   4   0 0  0 0  0 0  4 0
   322  0.6433373815176693E-08   4   0 0  0 0  0 3  0 1
   323  0.3376763347450028E-08   4   0 0  0 0  0 2  1 1
   324  0.2710652203621889E-08   4   0 0  0 0  0 1  2 1
   325  0.9167429873451319E-09   4   0 0  0 0  0 0  3 1
   326  -.5349813321849944E-09   4   0 0  0 0  0 2  0 2
   327  0.1858350102789804E-09   4   0 0  0 0  0 1  1 2
   328  0.6794245807581114E-10   4   0 0  0 0  0 0  2 2
   329  -.4455117716871169E-09   4   0 0  0 0  0 1  0 3
   330  -.2036247035157749E-09   4   0 0  0 0  0 0  1 3
   331  -.2808322123152908E-10   4   0 0  0 0  0 0  0 4
   ----------------------------------------------------
     I  COEFFICIENT            ORDER EXPONENTS
     1   1.000000000000000       1   0 0  0 0  0 1  0 0
     --------------------------------------------------
     I  COEFFICIENT            ORDER EXPONENTS
     1   1.000000000000000       1   0 0  0 0  0 0  1 0
     --------------------------------------------------
     I  COEFFICIENT            ORDER EXPONENTS
     1   1.000000000000000       1   0 0  0 0  0 0  0 1
     --------------------------------------------------
