 L    0.1145458000000000E+01
 P (  0.0000000000000000E+00,  0.0000000000000000E+00,  0.9555200000000000E-01)
 A (  0.0000000000000000E+00,  0.0000000000000000E+00,  0.0000000000000000E+00)
     I  COEFFICIENT            ORDER EXPONENTS
     1  0.9539818793726060E-04   0   0 0  0 0  0 0  0 0
     2   1.735040735466604       1   1 0  0 0  0 0  0 0
     3   1.796873292870757       1   0 1  0 0  0 0  0 0
     4  0.2207997292886876E-04   1   0 0  1 0  0 0  0 0
     5  0.1946131335800007E-04   1   0 0  0 1  0 0  0 0
     6  -.9088219875568483E-06   1   0 0  0 0  0 1  0 0
     7  -.9075989377571838E-06   1   0 0  0 0  0 0  1 0
     8  0.1816420927325140E-05   1   0 0  0 0  0 0  0 1
     9  -.1906479780936043       2   2 0  0 0  0 0  0 0
    10  -.3404558182453436       2   1 1  0 0  0 0  0 0
    11  -.1527346807459798       2   0 2  0 0  0 0  0 0
    12  0.7503506510538235E-03   2   1 0  1 0  0 0  0 0
    13  0.2163384089665147E-03   2   0 1  1 0  0 0  0 0
    14  0.1310503628861575       2   0 0  2 0  0 0  0 0
    15  0.7836470674449637E-03   2   1 0  0 1  0 0  0 0
    16  0.3540411841695788E-03   2   0 1  0 1  0 0  0 0
    17  0.2334007085135522       2   0 0  1 1  0 0  0 0
    18  0.1048116595095185       2   0 0  0 2  0 0  0 0
    19  -.4026937319075278       2   1 0  0 0  0 1  0 0
    20  -1.254089407354659       2   0 1  0 0  0 1  0 0
    21  -.1215650739364195E-04   2   0 0  1 0  0 1  0 0
    22  -.2052466869255774E-04   2   0 0  0 1  0 1  0 0
    23  -.4021518056614251       2   1 0  0 0  0 0  1 0
    24  -1.252401712933427       2   0 1  0 0  0 0  1 0
    25  -.1214014773890795E-04   2   0 0  1 0  0 0  1 0
    26  -.2049704756072541E-04   2   0 0  0 1  0 0  1 0
    27  0.8048455376052336       2   1 0  0 0  0 0  0 1
    28  0.7096178274533602       2   0 1  0 0  0 0  0 1
    29  0.2429663132459951E-04   2   0 0  1 0  0 0  0 1
    30  0.2156037986924126E-04   2   0 0  0 1  0 0  0 1
    31  0.3943452004789650E-06   2   0 0  0 0  0 2  0 0
    32  -.1187312092585139E-06   2   0 0  0 0  0 1  1 0
    33  0.3938944007266727E-06   2   0 0  0 0  0 0  2 0
    34  0.2387969575306213E-06   2   0 0  0 0  0 1  0 1
    35  0.2384755958390927E-06   2   0 0  0 0  0 0  1 1
    36  -.1146840629945796E-05   2   0 0  0 0  0 0  0 2
    37   3.077401948715634       3   3 0  0 0  0 0  0 0
    38   13.20298645311090       3   2 1  0 0  0 0  0 0
    39   17.13074915122260       3   1 2  0 0  0 0  0 0
    40   7.864458371638516       3   0 3  0 0  0 0  0 0
    41  -.1419733021654235E-01   3   2 0  1 0  0 0  0 0
    42  -.2488710184919549E-01   3   1 1  1 0  0 0  0 0
    43  -.1092141713870844E-01   3   0 2  1 0  0 0  0 0
    44  -1.884227175894831       3   1 0  2 0  0 0  0 0
    45  0.5262431623119836       3   0 1  2 0  0 0  0 0
    46  0.3320441276926997E-02   3   0 0  3 0  0 0  0 0
    47  -.1287607354265970E-01   3   2 0  0 1  0 0  0 0
    48  -.2274392654862779E-01   3   1 1  0 1  0 0  0 0
    49  -.1004962594376023E-01   3   0 2  0 1  0 0  0 0
    50  -5.737678704737265       3   1 0  1 1  0 0  0 0
    51  -1.862438537186244       3   0 1  1 1  0 0  0 0
    52  0.8806661423543319E-02   3   0 0  2 1  0 0  0 0
    53  -2.820586932053073       3   1 0  0 2  0 0  0 0
    54  -.4636855062486624       3   0 1  0 2  0 0  0 0
    55  0.7864082705858227E-02   3   0 0  1 2  0 0  0 0
    56  0.2375349084437340E-02   3   0 0  0 3  0 0  0 0
    57  0.1221402987502842       3   2 0  0 0  0 1  0 0
    58  0.3876643112218954       3   1 1  0 0  0 1  0 0
    59  0.2498751207501077       3   0 2  0 0  0 1  0 0
    60  -.3867770731558964E-03   3   1 0  1 0  0 1  0 0
    61  -.1649096462274552E-03   3   0 1  1 0  0 1  0 0
    62  -.6084491373767636E-01   3   0 0  2 0  0 1  0 0
    63  -.8942352045157427E-03   3   1 0  0 1  0 1  0 0
    64  -.5787774090642899E-03   3   0 1  0 1  0 1  0 0
    65  -.2241377914645054       3   0 0  1 1  0 1  0 0
    66  -.1527428165234507       3   0 0  0 2  0 1  0 0
    67  0.1219759280924974       3   2 0  0 0  0 0  1 0
    68  0.3871426108618355       3   1 1  0 0  0 0  1 0
    69  0.2495388505888070       3   0 2  0 0  0 0  1 0
    70  -.3862565667990141E-03   3   1 0  1 0  0 0  1 0
    71  -.1646877185974837E-03   3   0 1  1 0  0 0  1 0
    72  -.6076303152028971E-01   3   0 0  2 0  0 0  1 0
    73  -.8930317849213500E-03   3   1 0  0 1  0 0  1 0
    74  -.5779985177040051E-03   3   0 1  0 1  0 0  1 0
    75  -.2238361573880006       3   0 0  1 1  0 0  1 0
    76  -.1525372624394930       3   0 0  0 2  0 0  1 0
    77  -.2441166027679832       3   2 0  0 0  0 0  0 1
    78  -.4343517281031852       3   1 1  0 0  0 0  0 1
    79  -.1939448687521693       3   0 2  0 0  0 0  0 1
    80  0.7721076353635016E-03   3   1 0  1 0  0 0  0 1
    81  0.1123270886022565E-03   3   0 1  1 0  0 0  0 1
    82  0.1216081302151003       3   0 0  2 0  0 0  0 1
    83  0.1002652346432353E-02   3   1 0  0 1  0 0  0 1
    84  0.4477150583353232E-03   3   0 1  0 1  0 0  0 1
    85  0.2145735300852991       3   0 0  1 1  0 0  0 1
    86  0.9565687193122988E-01   3   0 0  0 2  0 0  0 1
    87  0.3200804196656128       3   1 0  0 0  0 2  0 0
    88   1.133096106338894       3   0 1  0 0  0 2  0 0
    89  0.9673212485287265E-05   3   0 0  1 0  0 2  0 0
    90  0.2132135465320453E-04   3   0 0  0 1  0 2  0 0
    91  0.2376888497121383       3   1 0  0 0  0 1  1 0
    92   1.012426409458400       3   0 1  0 0  0 1  1 0
    93  0.7110548727522776E-05   3   0 0  1 0  0 1  1 0
    94  0.2203282449941548E-04   3   0 0  0 1  0 1  1 0
    95  0.3194897352956667       3   1 0  0 0  0 0  2 0
    96   1.130890001126030       3   0 1  0 0  0 0  2 0
    97  0.9655410211122969E-05   3   0 0  1 0  0 0  2 0
    98  0.2127783601057458E-04   3   0 0  0 1  0 0  2 0
    99  -.4751564878969549       3   1 0  0 0  0 1  0 1
   100  -.7704407559804346       3   0 1  0 0  0 1  0 1
   101  -.1415925367736333E-04   3   0 0  1 0  0 1  0 1
   102  -.2344734903476382E-04   3   0 0  0 1  0 1  0 1
   103  -.4745170446888951       3   1 0  0 0  0 0  1 1
   104  -.7694039331206537       3   0 1  0 0  0 0  1 1
   105  -.1414019882106687E-04   3   0 0  1 0  0 0  1 1
   106  -.2341579469746816E-04   3   0 0  0 1  0 0  1 1
   107  0.7241414211283975E-01   3   1 0  0 0  0 0  0 2
   108  0.6030468010527225E-01   3   0 1  0 0  0 0  0 2
   109  0.1921450700998112E-05   3   0 0  1 0  0 0  0 2
   110  0.1815801769182823E-05   3   0 0  0 1  0 0  0 2
   111  -.1286646011746031E-06   3   0 0  0 0  0 3  0 0
   112  0.4022149187528167E-06   3   0 0  0 0  0 2  1 0
   113  0.4011436193223914E-06   3   0 0  0 0  0 1  2 0
   114  -.1286751519218258E-06   3   0 0  0 0  0 0  3 0
   115  -.8052465195817132E-06   3   0 0  0 0  0 2  0 1
   116  -.1370047234061668E-05   3   0 0  0 0  0 1  1 1
   117  -.8032409842660360E-06   3   0 0  0 0  0 0  2 1
   118  0.1251509909491576E-05   3   0 0  0 0  0 1  0 2
   119  0.1249825686436987E-05   3   0 0  0 0  0 0  1 2
   120  -.6926294589310208E-07   3   0 0  0 0  0 0  0 3
   121  -23.80287831676790       4   4 0  0 0  0 0  0 0
   122  -88.46858887803600       4   3 1  0 0  0 0  0 0
   123  -123.9276150552963       4   2 2  0 0  0 0  0 0
   124  -77.68069128803141       4   1 3  0 0  0 0  0 0
   125  -18.40898124337353       4   0 4  0 0  0 0  0 0
   126  -.1048602082132233E-01   4   3 0  1 0  0 0  0 0
   127  -.2947669160069100E-01   4   2 1  1 0  0 0  0 0
   128  -.2972533800836629E-01   4   1 2  1 0  0 0  0 0
   129  -.1062130949009184E-01   4   0 3  1 0  0 0  0 0
   130   84.40967175338830       4   2 0  2 0  0 0  0 0
   131   148.9461476556808       4   1 1  2 0  0 0  0 0
   132   66.22102936902020       4   0 2  2 0  0 0  0 0
   133  0.6930579068492076E-02   4   1 0  3 0  0 0  0 0
   134  0.5544176444075077E-02   4   0 1  3 0  0 0  0 0
   135  -9.882481251645427       4   0 0  4 0  0 0  0 0
   136  -.8469962454113829E-02   4   3 0  0 1  0 0  0 0
   137  -.2232239989492449E-01   4   2 1  0 1  0 0  0 0
   138  -.2053097234160151E-01   4   1 2  0 1  0 0  0 0
   139  -.6690246692729791E-02   4   0 3  0 1  0 0  0 0
   140   154.8104899212569       4   2 0  1 1  0 0  0 0
   141   275.2259315009169       4   1 1  1 1  0 0  0 0
   142   123.3715988869641       4   0 2  1 1  0 0  0 0
   143  0.1866037902913667E-01   4   1 0  2 1  0 0  0 0
   144  0.1539777495324899E-01   4   0 1  2 1  0 0  0 0
   145  -34.78964564112263       4   0 0  3 1  0 0  0 0
   146   71.35401212898620       4   2 0  0 2  0 0  0 0
   147   127.6437633205762       4   1 1  0 2  0 0  0 0
   148   57.60897638250221       4   0 2  0 2  0 0  0 0
   149  0.1615607659098744E-01   4   1 0  1 2  0 0  0 0
   150  0.1363858714370426E-01   4   0 1  1 2  0 0  0 0
   151  -46.22901595451744       4   0 0  2 2  0 0  0 0
   152  0.5045917430781335E-02   4   1 0  0 3  0 0  0 0
   153  0.4294885487972775E-02   4   0 1  0 3  0 0  0 0
   154  -27.37325693157086       4   0 0  1 3  0 0  0 0
   155  -6.069001154581107       4   0 0  0 4  0 0  0 0
   156  -5.105239591196406       4   3 0  0 0  0 1  0 0
   157  -24.89825626582198       4   2 1  0 0  0 1  0 0
   158  -38.11441954338191       4   1 2  0 0  0 1  0 0
   159  -19.75797146052928       4   0 3  0 0  0 1  0 0
   160  0.1368176366301709E-02   4   2 0  1 0  0 1  0 0
   161  0.1324118188976044E-01   4   1 1  1 0  0 1  0 0
   162  0.1045393530779208E-01   4   0 2  1 0  0 1  0 0
   163  0.7129249415807832       4   1 0  2 0  0 1  0 0
   164  -1.102121484231920       4   0 1  2 0  0 1  0 0
   165  -.4777355842763993E-03   4   0 0  3 0  0 1  0 0
   166  0.6703463015151121E-02   4   2 0  0 1  0 1  0 0
   167  0.2158043838698889E-01   4   1 1  0 1  0 1  0 0
   168  0.1372588343311875E-01   4   0 2  0 1  0 1  0 0
   169   6.610095071821889       4   1 0  1 1  0 1  0 0
   170   2.951519863035407       4   0 1  1 1  0 1  0 0
   171  -.5212465939151806E-02   4   0 0  2 1  0 1  0 0
   172   5.128941340331000       4   1 0  0 2  0 1  0 0
   173   1.745257774311971       4   0 1  0 2  0 1  0 0
   174  -.8146202849856191E-02   4   0 0  1 2  0 1  0 0
   175  -.3515343941990909E-02   4   0 0  0 3  0 1  0 0
   176  -5.098369200356392       4   3 0  0 0  0 0  1 0
   177  -24.86474936595445       4   2 1  0 0  0 0  1 0
   178  -38.06312695383173       4   1 2  0 0  0 0  1 0
   179  -19.73138211369898       4   0 3  0 0  0 0  1 0
   180  0.1366335139027837E-02   4   2 0  1 0  0 0  1 0
   181  0.1322336253120843E-01   4   1 1  1 0  0 0  1 0
   182  0.1043986689433173E-01   4   0 2  1 0  0 0  1 0
   183  0.7119655207933844       4   1 0  2 0  0 0  1 0
   184  -1.100638301079632       4   0 1  2 0  0 0  1 0
   185  -.4770926702419782E-03   4   0 0  3 0  0 0  1 0
   186  0.6694441810548570E-02   4   2 0  0 1  0 0  1 0
   187  0.2155139645005844E-01   4   1 1  0 1  0 0  1 0
   188  0.1370741178607290E-01   4   0 2  0 1  0 0  1 0
   189   6.601199517397207       4   1 0  1 1  0 0  1 0
   190   2.947547846704035       4   0 1  1 1  0 0  1 0
   191  -.5205451248145904E-02   4   0 0  2 1  0 0  1 0
   192   5.122039052793808       4   1 0  0 2  0 0  1 0
   193   1.742909088650450       4   0 1  0 2  0 0  1 0
   194  -.8135240073978096E-02   4   0 0  1 2  0 0  1 0
   195  -.3510613157786197E-02   4   0 0  0 3  0 0  1 0
   196   10.20047331553706       4   3 0  0 0  0 0  0 1
   197   36.55028236148897       4   2 1  0 0  0 0  0 1
   198   41.90594931841526       4   1 2  0 0  0 0  0 1
   199   15.89247906306324       4   0 3  0 0  0 0  0 1
   200  0.1778839574109545E-02   4   2 0  1 0  0 0  0 1
   201  0.3823383600025192E-02   4   1 1  1 0  0 0  0 1
   202  0.2054130810640433E-02   4   0 2  1 0  0 0  0 1
   203  -1.420392656612408       4   1 0  2 0  0 0  0 1
   204   1.681010659807198       4   0 1  2 0  0 0  0 1
   205  -.9227714104634703E-04   4   0 0  3 0  0 0  0 1
   206  0.1963355118687244E-02   4   2 0  0 1  0 0  0 1
   207  0.4092805319038802E-02   4   1 1  0 1  0 0  0 1
   208  0.2153563808791987E-02   4   0 2  0 1  0 0  0 1
   209  -7.464289673597676       4   1 0  1 1  0 0  0 1
   210  -2.164818098228931       4   0 1  1 1  0 0  0 1
   211  -.3430581527619496E-03   4   0 0  2 1  0 0  0 1
   212  -4.604941305074563       4   1 0  0 2  0 0  0 1
   213  -2.092196002399801       4   0 1  0 2  0 0  0 1
   214  -.3704803074701879E-03   4   0 0  1 2  0 0  0 1
   215  -.1102580284337788E-03   4   0 0  0 3  0 0  0 1
   216  -.1087476336634522       4   2 0  0 0  0 2  0 0
   217  -.4306266892335639       4   1 1  0 0  0 2  0 0
   218  -.3372697673505066       4   0 2  0 0  0 2  0 0
   219  -.2771783906057852E-03   4   1 0  1 0  0 2  0 0
   220  -.1502859736319795E-03   4   0 1  1 0  0 2  0 0
   221  0.4322941732898196E-01   4   0 0  2 0  0 2  0 0
   222  0.4773624095788862E-03   4   1 0  0 1  0 2  0 0
   223  0.5595762472591819E-03   4   0 1  0 1  0 2  0 0
   224  0.2172747730215089       4   0 0  1 1  0 2  0 0
   225  0.1864383355373516       4   0 0  0 2  0 2  0 0
   226  -.9375435538443069E-01   4   2 0  0 0  0 1  1 0
   227  -.4698572353398983       4   1 1  0 0  0 1  1 0
   228  -.4222272116314107       4   0 2  0 0  0 1  1 0
   229  -.4225910672372617E-03   4   1 0  1 0  0 1  1 0
   230  -.2446566632339170E-03   4   0 1  1 0  0 1  1 0
   231  0.2633289819512937E-01   4   0 0  2 0  0 1  1 0
   232  0.5113658443765534E-03   4   1 0  0 1  0 1  1 0
   233  0.7098324181698571E-03   4   0 1  0 1  0 1  1 0
   234  0.2113949543502649       4   0 0  1 1  0 1  1 0
   235  0.2204764620965490       4   0 0  0 2  0 1  1 0
   236  -.1085382011266696       4   2 0  0 0  0 0  2 0
   237  -.4297310162680600       4   1 1  0 0  0 0  2 0
   238  -.3365317788513075       4   0 2  0 0  0 0  2 0
   239  -.2765210254195468E-03   4   1 0  1 0  0 0  2 0
   240  -.1499191021477895E-03   4   0 1  1 0  0 0  2 0
   241  0.4315352242979018E-01   4   0 0  2 0  0 0  2 0
   242  0.4763759117186342E-03   4   1 0  0 1  0 0  2 0
   243  0.5583455664099645E-03   4   0 1  0 1  0 0  2 0
   244  0.2168401321883491       4   0 0  1 1  0 0  2 0
   245  0.1860390821959230       4   0 0  0 2  0 0  2 0
   246  0.1853168648425974       4   2 0  0 0  0 1  0 1
   247  0.5461995654269921       4   1 1  0 0  0 1  0 1
   248  0.3404186251408654       4   0 2  0 0  0 1  0 1
   249  0.7471542241902972E-03   4   1 0  1 0  0 1  0 1
   250  0.7171108304911208E-03   4   0 1  1 0  0 1  0 1
   251  -.5319074264707632E-01   4   0 0  2 0  0 1  0 1
   252  -.1701051379167200E-04   4   1 0  0 1  0 1  0 1
   253  0.9386462358047505E-04   4   0 1  0 1  0 1  0 1
   254  -.1993084152511311       4   0 0  1 1  0 1  0 1
   255  -.1360160524233463       4   0 0  0 2  0 1  0 1
   256  0.1850674741395708       4   2 0  0 0  0 0  1 1
   257  0.5454645157933293       4   1 1  0 0  0 0  1 1
   258  0.3399605057985228       4   0 2  0 0  0 0  1 1
   259  0.7461487392475403E-03   4   1 0  1 0  0 0  1 1
   260  0.7161457765317081E-03   4   0 1  1 0  0 0  1 1
   261  -.5311916105241489E-01   4   0 0  2 0  0 0  1 1
   262  -.1698762184388950E-04   4   1 0  0 1  0 0  1 1
   263  0.9373830499374624E-04   4   0 1  0 1  0 0  1 1
   264  -.1990401953789667       4   0 0  1 1  0 0  1 1
   265  -.1358330084302097       4   0 0  0 2  0 0  1 1
   266  -.6093382471817976E-01   4   2 0  0 0  0 0  0 2
   267  -.1067204612946356       4   1 1  0 0  0 0  0 2
   268  -.4671073913161915E-01   4   0 2  0 0  0 0  0 2
   269  -.6390278288398177E-03   4   1 0  1 0  0 0  0 2
   270  -.6127739842137888E-03   4   0 1  1 0  0 0  0 2
   271  -.6971862417192440E-02   4   0 0  2 0  0 0  0 2
   272  -.5096008714484137E-03   4   1 0  0 1  0 0  0 2
   273  -.4982244687347969E-03   4   0 1  0 1  0 0  0 2
   274  -.1448160039460685E-01   4   0 0  1 1  0 0  0 2
   275  -.7244942611277371E-02   4   0 0  0 2  0 0  0 2
   276  -.2791424405163351       4   1 0  0 0  0 3  0 0
   277  -1.080469886683579       4   0 1  0 0  0 3  0 0
   278  -.1269020272792632E-04   4   0 0  1 0  0 3  0 0
   279  -.2690257045935292E-04   4   0 0  0 1  0 3  0 0
   280  -.1973066469230784       4   1 0  0 0  0 2  1 0
   281  -.9752525445772433       4   0 1  0 0  0 2  1 0
   282  -.8453870509823315E-05   4   0 0  1 0  0 2  1 0
   283  -.2662973872437004E-04   4   0 0  0 1  0 2  1 0
   284  -.1974710847427156       4   1 0  0 0  0 1  2 0
   285  -.9754620042089035       4   0 1  0 0  0 1  2 0
   286  -.8462387620292409E-05   4   0 0  1 0  0 1  2 0
   287  -.2663021638762387E-04   4   0 0  0 1  0 1  2 0
   288  -.2784463714179564       4   1 0  0 0  0 0  3 0
   289  -1.077633478480907       4   0 1  0 0  0 0  3 0
   290  -.1265890517318382E-04   4   0 0  1 0  0 0  3 0
   291  -.2683036976518685E-04   4   0 0  0 1  0 0  3 0
   292  0.3945514872710247       4   1 0  0 0  0 2  0 1
   293  0.8173494202427991       4   0 1  0 0  0 2  0 1
   294  0.1552351546340311E-04   4   0 0  1 0  0 2  0 1
   295  0.2918819706514420E-04   4   0 0  0 1  0 2  0 1
   296  0.3141545241986053       4   1 0  0 0  0 1  1 1
   297  0.8641225013611940       4   0 1  0 0  0 1  1 1
   298  0.1137114841375376E-04   4   0 0  1 0  0 1  1 1
   299  0.2913917174189826E-04   4   0 0  0 1  0 1  1 1
   300  0.3938091312974889       4   1 0  0 0  0 0  2 1
   301  0.8156680222445600       4   0 1  0 0  0 0  2 1
   302  0.1549497327007477E-04   4   0 0  1 0  0 0  2 1
   303  0.2912930990310182E-04   4   0 0  0 1  0 0  2 1
   304  -.7645931105759926E-01   4   1 0  0 0  0 1  0 2
   305  -.9373613064925303E-01   4   0 1  0 0  0 1  0 2
   306  -.8326605825854386E-06   4   0 0  1 0  0 1  0 2
   307  -.1512414626801769E-05   4   0 0  0 1  0 1  0 2
   308  -.7635641572018331E-01   4   1 0  0 0  0 0  1 2
   309  -.9360998498225859E-01   4   0 1  0 0  0 0  1 2
   310  -.8315400272154203E-06   4   0 0  1 0  0 0  1 2
   311  -.1510379290474733E-05   4   0 0  0 1  0 0  1 2
   312  0.2661415201289066E-02   4   1 0  0 0  0 0  0 3
   313  0.2143104164431246E-02   4   0 1  0 0  0 0  0 3
   314  0.1685804313572775E-06   4   0 0  1 0  0 0  0 3
   315  0.1361950759704739E-06   4   0 0  0 1  0 0  0 3
   316  -.3529713526111264E-04   4   0 0  0 0  0 4  0 0
   317  -.2483518226032596E-04   4   0 0  0 0  0 3  1 0
   318  -.2345999079601309E-04   4   0 0  0 0  0 2  2 0
   319  -.2486504099607786E-04   4   0 0  0 0  0 1  3 0
   320  -.3518548693364339E-04   4   0 0  0 0  0 0  4 0
   321  0.1091679581428008E-04   4   0 0  0 0  0 3  0 1
   322  0.1155592810433968E-04   4   0 0  0 0  0 2  1 1
   323  0.1155460827686003E-04   4   0 0  0 0  0 1  2 1
   324  0.1088699361608033E-04   4   0 0  0 0  0 0  3 1
   325  -.9666000463631613E-06   4   0 0  0 0  0 2  0 2
   326  -.1207853930570175E-05   4   0 0  0 0  0 1  1 2
   327  -.9644865051272926E-06   4   0 0  0 0  0 0  2 2
   328  0.2935470592101279E-07   4   0 0  0 0  0 1  0 3
   329  0.2931520174122366E-07   4   0 0  0 0  0 0  1 3
   330  -.8274407073779918E-14   4   0 0  0 0  0 0  0 4
   ----------------------------------------------------
     I  COEFFICIENT            ORDER EXPONENTS
     1  0.5037823925738934E-04   0   0 0  0 0  0 0  0 0
     2   3.497545711759591       1   1 0  0 0  0 0  0 0
     3   4.198544927994581       1   0 1  0 0  0 0  0 0
     4  0.9984171299856860E-04   1   0 0  1 0  0 0  0 0
     5  0.9200753221199384E-04   1   0 0  0 1  0 0  0 0
     6  0.2702298068906680E-05   1   0 0  0 0  0 1  0 0
     7  0.2698661443520466E-05   1   0 0  0 0  0 0  1 0
     8  0.4497727975443456E-04   1   0 0  0 0  0 0  0 1
     9  -.9705709137647553       2   2 0  0 0  0 0  0 0
    10  -1.773939610799919       2   1 1  0 0  0 0  0 0
    11  -.8145395805879725       2   0 2  0 0  0 0  0 0
    12  0.4542418712546972E-02   2   1 0  1 0  0 0  0 0
    13  0.3323714555444841E-02   2   0 1  1 0  0 0  0 0
    14  0.5817178139743345       2   0 0  2 0  0 0  0 0
    15  0.4237100331082704E-02   2   1 0  0 1  0 0  0 0
    16  0.3204590435512264E-02   2   0 1  0 1  0 0  0 0
    17   1.063082284900146       2   0 0  1 1  0 0  0 0
    18  0.4909080306402595       2   0 0  0 2  0 0  0 0
    19  -.2466314102254829       2   1 0  0 0  0 1  0 0
    20  -1.808990782157468       2   0 1  0 0  0 1  0 0
    21  -.6273907955028539E-05   2   0 0  1 0  0 1  0 0
    22  -.5215891034947093E-04   2   0 0  0 1  0 1  0 0
    23  -.2462995052969370       2   1 0  0 0  0 0  1 0
    24  -1.806556327617622       2   0 1  0 0  0 0  1 0
    25  -.6265464825381675E-05   2   0 0  1 0  0 0  1 0
    26  -.5208871734608683E-04   2   0 0  0 1  0 0  1 0
    27   3.990476627477198       2   1 0  0 0  0 0  0 1
    28   3.615547109968083       2   0 1  0 0  0 0  0 1
    29  0.1123809239624302E-03   2   0 0  1 0  0 0  0 1
    30  0.1042474667400009E-03   2   0 0  0 1  0 0  0 1
    31  -.2161694705372346E-05   2   0 0  0 0  0 2  0 0
    32  -.1622536457695768E-05   2   0 0  0 0  0 1  1 0
    33  -.2157693831965883E-05   2   0 0  0 0  0 0  2 0
    34  0.5945927262694245E-05   2   0 0  0 0  0 1  0 1
    35  0.5937925514005722E-05   2   0 0  0 0  0 0  1 1
    36  -.5941926173780141E-05   2   0 0  0 0  0 0  0 2
    37  -19.85525377127753       3   3 0  0 0  0 0  0 0
    38  -57.42310534591133       3   2 1  0 0  0 0  0 0
    39  -56.89428006339807       3   1 2  0 0  0 0  0 0
    40  -17.60762930721232       3   0 3  0 0  0 0  0 0
    41  -.7129909874386385E-01   3   2 0  1 0  0 0  0 0
    42  -.1287579507334948       3   1 1  1 0  0 0  0 0
    43  -.5840255179190577E-01   3   0 2  1 0  0 0  0 0
    44  -21.57081165075893       3   1 0  2 0  0 0  0 0
    45  -16.72325597032896       3   0 1  2 0  0 0  0 0
    46  0.1436959222820020E-01   3   0 0  3 0  0 0  0 0
    47  -.6762842141358728E-01   3   2 0  0 1  0 0  0 0
    48  -.1232720686221987       3   1 1  0 1  0 0  0 0
    49  -.5638434601650305E-01   3   0 2  0 1  0 0  0 0
    50  -46.69497284947217       3   1 0  1 1  0 0  0 0
    51  -38.23683178354590       3   0 1  1 1  0 0  0 0
    52  0.3894286093034911E-01   3   0 0  2 1  0 0  0 0
    53  -22.40094166559456       3   1 0  0 2  0 0  0 0
    54  -17.31219436725872       3   0 1  0 2  0 0  0 0
    55  0.3554590861683139E-01   3   0 0  1 2  0 0  0 0
    56  0.1097957529778604E-01   3   0 0  0 3  0 0  0 0
    57  0.1882140396226053       3   2 0  0 0  0 1  0 0
    58   1.222370040848103       3   1 1  0 0  0 1  0 0
    59  0.9639063294632865       3   0 2  0 0  0 1  0 0
    60  -.1661831156174961E-02   3   1 0  1 0  0 1  0 0
    61  -.2876955150049122E-02   3   0 1  1 0  0 1  0 0
    62  0.2214411466584237E-01   3   0 0  2 0  0 1  0 0
    63  -.3949812130996029E-02   3   1 0  0 1  0 1  0 0
    64  -.4644250621491540E-02   3   0 1  0 1  0 1  0 0
    65  -.4838551899204905       3   0 0  1 1  0 1  0 0
    66  -.4664581737172665       3   0 0  0 2  0 1  0 0
    67  0.1879607500382969       3   2 0  0 0  0 0  1 0
    68   1.220725032855424       3   1 1  0 0  0 0  1 0
    69  0.9626091497524214       3   0 2  0 0  0 0  1 0
    70  -.1659594742124369E-02   3   1 0  1 0  0 0  1 0
    71  -.2873083479394380E-02   3   0 1  1 0  0 0  1 0
    72  0.2211431415994111E-01   3   0 0  2 0  0 0  1 0
    73  -.3944496659978334E-02   3   1 0  0 1  0 0  1 0
    74  -.4638000607881087E-02   3   0 1  0 1  0 0  1 0
    75  -.4832040404092009       3   0 0  1 1  0 0  1 0
    76  -.4658304362904900       3   0 0  0 2  0 0  1 0
    77  -1.346748891262973       3   2 0  0 0  0 0  0 1
    78  -2.443100456565167       3   1 1  0 0  0 0  0 1
    79  -1.111978171662467       3   0 2  0 0  0 0  0 1
    80  0.7859145920642109E-02   3   1 0  1 0  0 0  0 1
    81  0.5745365740445653E-02   3   0 1  1 0  0 0  0 1
    82  0.5374611429474812       3   0 0  2 0  0 0  0 1
    83  0.7889207834333814E-02   3   1 0  0 1  0 0  0 1
    84  0.6072520281694572E-02   3   0 1  0 1  0 0  0 1
    85  0.9670621940392440       3   0 0  1 1  0 0  0 1
    86  0.4413818222677920       3   0 0  0 2  0 0  0 1
    87  0.1908854745261926       3   1 0  0 0  0 2  0 0
    88   1.465676909950502       3   0 1  0 0  0 2  0 0
    89  0.4273894031791074E-05   3   0 0  1 0  0 2  0 0
    90  0.4173722168669623E-04   3   0 0  0 1  0 2  0 0
    91  0.1352886375241626       3   1 0  0 0  0 1  1 0
    92   1.123283399116768       3   0 1  0 0  0 1  1 0
    93  0.2244142064769786E-05   3   0 0  1 0  0 1  1 0
    94  0.3133382992290399E-04   3   0 0  0 1  0 1  1 0
    95  0.1905375573144705       3   1 0  0 0  0 0  2 0
    96   1.462948640110039       3   0 1  0 0  0 0  2 0
    97  0.4266632396313720E-05   3   0 0  1 0  0 0  2 0
    98  0.4165996990495737E-04   3   0 0  0 1  0 0  2 0
    99  -.5170585984195729       3   1 0  0 0  0 1  0 1
   100  -2.245645591484289       3   0 1  0 0  0 1  0 1
   101  -.1089318351816303E-04   3   0 0  1 0  0 1  0 1
   102  -.6276291965655564E-04   3   0 0  0 1  0 1  0 1
   103  -.5163627653259555       3   1 0  0 0  0 0  1 1
   104  -2.242623507480887       3   0 1  0 0  0 0  1 1
   105  -.1087852398516233E-04   3   0 0  1 0  0 0  1 1
   106  -.6267845627719593E-04   3   0 0  0 1  0 0  1 1
   107  0.5167101071817940       3   1 0  0 0  0 0  0 2
   108  0.4363605128993758       3   0 1  0 0  0 0  0 2
   109  0.1090836617894075E-04   3   0 0  1 0  0 0  0 2
   110  0.1066142862342419E-04   3   0 0  0 1  0 0  0 2
   111  0.1892540826176426E-05   3   0 0  0 0  0 3  0 0
   112  0.1356606347920664E-05   3   0 0  0 0  0 2  1 0
   113  0.1357683059733371E-05   3   0 0  0 0  0 1  2 0
   114  0.1887808890103659E-05   3   0 0  0 0  0 0  3 0
   115  -.4876805121579636E-05   3   0 0  0 0  0 2  0 1
   116  -.3811400164308545E-05   3   0 0  0 0  0 1  1 1
   117  -.4867677545725160E-05   3   0 0  0 0  0 0  2 1
   118  0.3811610461223210E-05   3   0 0  0 0  0 1  0 2
   119  0.3806480975499197E-05   3   0 0  0 0  0 0  1 2
   120  -.5589327366628831E-06   3   0 0  0 0  0 0  0 3
   121  -105.4198174513615       4   4 0  0 0  0 0  0 0
   122  -390.9012035225907       4   3 1  0 0  0 0  0 0
   123  -545.6359376328506       4   2 2  0 0  0 0  0 0
   124  -340.5981541014247       4   1 3  0 0  0 0  0 0
   125  -80.39186644282825       4   0 4  0 0  0 0  0 0
   126  -.4958693643263949E-01   4   3 0  1 0  0 0  0 0
   127  -.1294440913264192       4   2 1  1 0  0 0  0 0
   128  -.1130309782639066       4   1 2  1 0  0 0  0 0
   129  -.3125233645360519E-01   4   0 3  1 0  0 0  0 0
   130   394.1645613712902       4   2 0  2 0  0 0  0 0
   131   705.9154615819083       4   1 1  2 0  0 0  0 0
   132   317.6138205322255       4   0 2  2 0  0 0  0 0
   133  0.3689950214412745E-01   4   1 0  3 0  0 0  0 0
   134  0.3570006541452849E-01   4   0 1  3 0  0 0  0 0
   135  -43.47762902748300       4   0 0  4 0  0 0  0 0
   136  -.4684335191371984E-01   4   3 0  0 1  0 0  0 0
   137  -.1241780556380419       4   2 1  0 1  0 0  0 0
   138  -.1082907799955854       4   1 2  0 1  0 0  0 0
   139  -.2965918809896523E-01   4   0 3  0 1  0 0  0 0
   140   741.7056021168678       4   2 0  1 1  0 0  0 0
   141   1338.745406594258       4   1 1  1 1  0 0  0 0
   142   607.5356049694590       4   0 2  1 1  0 0  0 0
   143  0.1074124154456106       4   1 0  2 1  0 0  0 0
   144  0.1041051109014868       4   0 1  2 1  0 0  0 0
   145  -156.1170969214078       4   0 0  3 1  0 0  0 0
   146   351.6270953006289       4   2 0  0 2  0 0  0 0
   147   638.7028686689985       4   1 1  0 2  0 0  0 0
   148   291.8771758817775       4   0 2  0 2  0 0  0 0
   149  0.1042244412638669       4   1 0  1 2  0 0  0 0
   150  0.1025708354816429       4   0 1  1 2  0 0  0 0
   151  -212.2015782605318       4   0 0  2 2  0 0  0 0
   152  0.3565038116017653E-01   4   1 0  0 3  0 0  0 0
   153  0.3558349859204796E-01   4   0 1  0 3  0 0  0 0
   154  -128.9407900848797       4   0 0  1 3  0 0  0 0
   155  -29.44314739089654       4   0 0  0 4  0 0  0 0
   156   16.37249457444978       4   3 0  0 0  0 1  0 0
   157   75.22285344573527       4   2 1  0 0  0 1  0 0
   158   100.9639560461200       4   1 2  0 0  0 1  0 0
   159   40.23035170554132       4   0 3  0 0  0 1  0 0
   160  -.6222404208275524E-02   4   2 0  1 0  0 1  0 0
   161  0.4516775874299439E-01   4   1 1  1 0  0 1  0 0
   162  0.4580293471283874E-01   4   0 2  1 0  0 1  0 0
   163   6.297898531415560       4   1 0  2 0  0 1  0 0
   164   12.24967830988881       4   0 1  2 0  0 1  0 0
   165  0.1251533971848039E-02   4   0 0  3 0  0 1  0 0
   166  0.2210199995852630E-01   4   2 0  0 1  0 1  0 0
   167  0.9352762443513994E-01   4   1 1  0 1  0 1  0 0
   168  0.6687517268923322E-01   4   0 2  0 1  0 1  0 0
   169   39.47080673055902       4   1 0  1 1  0 1  0 0
   170   50.00186750975979       4   0 1  1 1  0 1  0 0
   171  -.1336822017369909E-01   4   0 0  2 1  0 1  0 0
   172   31.49609296507072       4   1 0  0 2  0 1  0 0
   173   33.03103476486505       4   0 1  0 2  0 1  0 0
   174  -.2717967362205574E-01   4   0 0  1 2  0 1  0 0
   175  -.1294966963578835E-01   4   0 0  0 3  0 1  0 0
   176   16.35046124285981       4   3 0  0 0  0 0  1 0
   177   75.12162207469579       4   2 1  0 0  0 0  1 0
   178   100.8280835123369       4   1 2  0 0  0 0  1 0
   179   40.17621159420579       4   0 3  0 0  0 0  1 0
   180  -.6214030389943847E-02   4   2 0  1 0  0 0  1 0
   181  0.4510697410196064E-01   4   1 1  1 0  0 0  1 0
   182  0.4574129528191963E-01   4   0 2  1 0  0 0  1 0
   183   6.289423116381633       4   1 0  2 0  0 0  1 0
   184   12.23319327012666       4   0 1  2 0  0 0  1 0
   185  0.1249849716411480E-02   4   0 0  3 0  0 0  1 0
   186  0.2207225612861323E-01   4   2 0  0 1  0 0  1 0
   187  0.9340175936597915E-01   4   1 1  0 1  0 0  1 0
   188  0.6678517523354571E-01   4   0 2  0 1  0 0  1 0
   189   39.41768877905569       4   1 0  1 1  0 0  1 0
   190   49.93457735297145       4   0 1  1 1  0 0  1 0
   191  -.1335022985301171E-01   4   0 0  2 1  0 0  1 0
   192   31.45370700751774       4   1 0  0 2  0 0  1 0
   193   32.98658315497723       4   0 1  0 2  0 0  1 0
   194  -.2714309649822884E-01   4   0 0  1 2  0 0  1 0
   195  -.1293224258068929E-01   4   0 0  0 3  0 0  1 0
   196  -52.59001715949319       4   3 0  0 0  0 0  0 1
   197  -150.3819065508887       4   2 1  0 0  0 0  0 1
   198  -144.9374802891152       4   1 2  0 0  0 0  0 1
   199  -45.20540422573850       4   0 3  0 0  0 0  0 1
   200  -.5317203682332869E-03   4   2 0  1 0  0 0  0 1
   201  -.8267258621497645E-03   4   1 1  1 0  0 0  0 1
   202  -.2969319095244823E-03   4   0 2  1 0  0 0  0 1
   203  -34.13605457156061       4   1 0  2 0  0 0  0 1
   204  -24.46139918815305       4   0 1  2 0  0 0  0 1
   205  -.1002120734145334E-02   4   0 0  3 0  0 0  0 1
   206  -.9164751145031079E-04   4   2 0  0 1  0 0  0 1
   207  -.2479823196747435E-03   4   1 1  0 1  0 0  0 1
   208  -.7846892172804736E-04   4   0 2  0 1  0 0  0 1
   209  -78.84145830246793       4   1 0  1 1  0 0  0 1
   210  -61.65302409060489       4   0 1  1 1  0 0  0 1
   211  -.3071647077388140E-02   4   0 0  2 1  0 0  0 1
   212  -40.52341465855977       4   1 0  0 2  0 0  0 1
   213  -31.36766788821988       4   0 1  0 2  0 0  0 1
   214  -.3082753586643711E-02   4   0 0  1 2  0 0  0 1
   215  -.9596754437077052E-03   4   0 0  0 3  0 0  0 1
   216  -.1517718684448113       4   2 0  0 0  0 2  0 0
   217  -1.099891653707089       4   1 1  0 0  0 2  0 0
   218  -1.081336625162757       4   0 2  0 0  0 2  0 0
   219  -.9331059488581169E-03   4   1 0  1 0  0 2  0 0
   220  0.9015131523227428E-03   4   0 1  1 0  0 2  0 0
   221  -.1243248074367269E-01   4   0 0  2 0  0 2  0 0
   222  0.1422302410424318E-02   4   1 0  0 1  0 2  0 0
   223  0.3529453087184964E-02   4   0 1  0 1  0 2  0 0
   224  0.3469197114709273       4   0 0  1 1  0 2  0 0
   225  0.4516200645582220       4   0 0  0 2  0 2  0 0
   226  -.1185192466492764       4   2 0  0 0  0 1  1 0
   227  -.9851293586975624       4   1 1  0 0  0 1  1 0
   228  -1.202441781312460       4   0 2  0 0  0 1  1 0
   229  -.1116361551605895E-02   4   1 0  1 0  0 1  1 0
   230  0.9420113339600794E-03   4   0 1  1 0  0 1  1 0
   231  -.2046300565322283E-02   4   0 0  2 0  0 1  1 0
   232  0.1494480800558397E-02   4   1 0  0 1  0 1  1 0
   233  0.4661837628607046E-02   4   0 1  0 1  0 1  1 0
   234  0.2109115074007904       4   0 0  1 1  0 1  1 0
   235  0.4369149532523231       4   0 0  0 2  0 1  1 0
   236  -.1514878722087486       4   2 0  0 0  0 0  2 0
   237  -1.097748601023908       4   1 1  0 0  0 0  2 0
   238  -1.079072318554143       4   0 2  0 0  0 0  2 0
   239  -.9310990454659779E-03   4   1 0  1 0  0 0  2 0
   240  0.8996660811802980E-03   4   0 1  1 0  0 0  2 0
   241  -.1241437278957954E-01   4   0 0  2 0  0 0  2 0
   242  0.1419382741956684E-02   4   1 0  0 1  0 0  2 0
   243  0.3521566474869697E-02   4   0 1  0 1  0 0  2 0
   244  0.3463109258896163       4   0 0  1 1  0 0  2 0
   245  0.4507183057829565       4   0 0  0 2  0 0  2 0
   246  0.4265375659686127       4   2 0  0 0  0 1  0 1
   247   1.975278248938712       4   1 1  0 0  0 1  0 1
   248   1.444927603338290       4   0 2  0 0  0 1  0 1
   249  0.1500033939889380E-02   4   1 0  1 0  0 1  0 1
   250  -.1438039611860177E-02   4   0 1  1 0  0 1  0 1
   251  0.2638534958845995E-01   4   0 0  2 0  0 1  0 1
   252  -.2019453588597942E-02   4   1 0  0 1  0 1  0 1
   253  -.4164532188976625E-02   4   0 1  0 1  0 1  0 1
   254  -.4202729916679247       4   0 0  1 1  0 1  0 1
   255  -.4067145195212333       4   0 0  0 2  0 1  0 1
   256  0.4259635518143440       4   2 0  0 0  0 0  1 1
   257   1.972620012562914       4   1 1  0 0  0 0  1 1
   258   1.442983087866791       4   0 2  0 0  0 0  1 1
   259  0.1498015264907229E-02   4   1 0  1 0  0 0  1 1
   260  -.1436104365922994E-02   4   0 1  1 0  0 0  1 1
   261  0.2634984142848165E-01   4   0 0  2 0  0 0  1 1
   262  -.2016735903131958E-02   4   1 0  0 1  0 0  1 1
   263  -.4158927757824305E-02   4   0 1  0 1  0 0  1 1
   264  -.4197074080825189       4   0 0  1 1  0 0  1 1
   265  -.4061671822886534       4   0 0  0 2  0 0  1 1
   266  -.4307236553857566       4   2 0  0 0  0 0  0 2
   267  -.7628027705512435       4   1 1  0 0  0 0  0 2
   268  -.3375721633207981       4   0 2  0 0  0 0  0 2
   269  -.1891437550169459E-04   4   1 0  1 0  0 0  0 2
   270  -.7880884427081856E-04   4   0 1  1 0  0 0  0 2
   271  -.2584139887717051E-01   4   0 0  2 0  0 0  0 2
   272  -.1717165326785453E-04   4   1 0  0 1  0 0  0 2
   273  -.6475654562220593E-04   4   0 1  0 1  0 0  0 2
   274  -.6352074453526360E-01   4   0 0  1 1  0 0  0 2
   275  -.3520284810694896E-01   4   0 0  0 2  0 0  0 2
   276  -.1631402634043909       4   1 0  0 0  0 3  0 0
   277  -1.296658070832732       4   0 1  0 0  0 3  0 0
   278  -.5417434488382338E-05   4   0 0  1 0  0 3  0 0
   279  -.4282063038271007E-04   4   0 0  0 1  0 3  0 0
   280  -.1076107220571334       4   1 0  0 0  0 2  1 0
   281  -.9587594807224415       4   0 1  0 0  0 2  1 0
   282  -.2802622030547596E-05   4   0 0  1 0  0 2  1 0
   283  -.3002967789006889E-04   4   0 0  0 1  0 2  1 0
   284  -.1077223724337669       4   1 0  0 0  0 1  2 0
   285  -.9594380502489400       4   0 1  0 0  0 1  2 0
   286  -.2807885650734876E-05   4   0 0  1 0  0 1  2 0
   287  -.3005538175613567E-04   4   0 0  0 1  0 1  2 0
   288  -.1627386326113877       4   1 0  0 0  0 0  3 0
   289  -1.293396341948192       4   0 1  0 0  0 0  3 0
   290  -.5404615422476897E-05   4   0 0  1 0  0 0  3 0
   291  -.4271401238544651E-04   4   0 0  0 1  0 0  3 0
   292  0.4060614202573422       4   1 0  0 0  0 2  0 1
   293   1.917276330617144       4   0 1  0 0  0 2  0 1
   294  0.7934230700988594E-05   4   0 0  1 0  0 2  0 1
   295  0.5563951801019634E-04   4   0 0  0 1  0 2  0 1
   296  0.2953051366409645       4   1 0  0 0  0 1  1 1
   297   1.589730745477387       4   0 1  0 0  0 1  1 1
   298  0.5042564142066366E-05   4   0 0  1 0  0 1  1 1
   299  0.4360401606149401E-04   4   0 0  0 1  0 1  1 1
   300  0.4053162580671566       4   1 0  0 0  0 0  2 1
   301   1.913626458131587       4   0 1  0 0  0 0  2 1
   302  0.7920160164651478E-05   4   0 0  1 0  0 0  2 1
   303  0.5553530085414335E-04   4   0 0  0 1  0 0  2 1
   304  -.2951160935773209       4   1 0  0 0  0 1  0 2
   305  -.4664221463434895       4   0 1  0 0  0 1  0 2
   306  -.3033574356194035E-05   4   0 0  1 0  0 1  0 2
   307  -.6756768275385539E-05   4   0 0  0 1  0 1  0 2
   308  -.2947189402469335       4   1 0  0 0  0 0  1 2
   309  -.4657944574006633       4   0 1  0 0  0 0  1 2
   310  -.3029491914793175E-05   4   0 0  1 0  0 0  1 2
   311  -.6747675335076275E-05   4   0 0  0 1  0 0  1 2
   312  0.2436462208030785E-01   4   1 0  0 0  0 0  0 3
   313  0.1982272413478027E-01   4   0 1  0 0  0 0  0 3
   314  0.1520134272326988E-05   4   0 0  1 0  0 0  0 3
   315  0.1244663265361374E-05   4   0 0  0 1  0 0  0 3
   316  -.4441589311911462E-04   4   0 0  0 0  0 4  0 0
   317  -.2906149629192716E-04   4   0 0  0 0  0 3  1 0
   318  -.2703565072143356E-04   4   0 0  0 0  0 2  2 0
   319  -.2910536183186665E-04   4   0 0  0 0  0 1  3 0
   320  -.4427687153100375E-04   4   0 0  0 0  0 0  4 0
   321  0.5544095762215043E-04   4   0 0  0 0  0 3  0 1
   322  0.4020879036852762E-04   4   0 0  0 0  0 2  1 1
   323  0.4023938785817637E-04   4   0 0  0 0  0 1  2 1
   324  0.5530202381035163E-04   4   0 0  0 0  0 0  3 1
   325  -.5425402818308876E-05   4   0 0  0 0  0 2  0 2
   326  -.6582229390442589E-05   4   0 0  0 0  0 1  1 2
   327  -.5413672539834673E-05   4   0 0  0 0  0 0  2 2
   328  0.6170736562299439E-07   4   0 0  0 0  0 1  0 3
   329  0.6162432275850637E-07   4   0 0  0 0  0 0  1 3
   330  0.2893512745650609E-12   4   0 0  0 0  0 0  0 4
   ----------------------------------------------------
     I  COEFFICIENT            ORDER EXPONENTS
     1  0.2144384843993497E-04   0   0 0  0 0  0 0  0 0
     2  0.2170084215801347E-04   1   1 0  0 0  0 0  0 0
     3  0.1923403059482738E-04   1   0 1  0 0  0 0  0 0
     4  0.3945383829984877       1   0 0  1 0  0 0  0 0
     5  0.6023590765515945       1   0 0  0 1  0 0  0 0
     6  -.2365007890083106E-04   1   0 0  0 0  0 1  0 0
     7  -.2361825173923595E-04   1   0 0  0 0  0 0  1 0
     8  0.4726833064023303E-04   1   0 0  0 0  0 0  0 1
     9  0.6741595461170326E-03   2   2 0  0 0  0 0  0 0
    10  0.1313922424739843E-02   2   1 1  0 0  0 0  0 0
    11  0.6829920537291133E-03   2   0 2  0 0  0 0  0 0
    12  0.2580896652303015       2   1 0  1 0  0 0  0 0
    13  0.2293670673077847       2   0 1  1 0  0 0  0 0
    14  0.1560640807235224E-03   2   0 0  2 0  0 0  0 0
    15  0.2364924100553893       2   1 0  0 1  0 0  0 0
    16  0.2115571640469618       2   0 1  0 1  0 0  0 0
    17  0.2549083416020096E-03   2   0 0  1 1  0 0  0 0
    18  0.1555294837088979E-03   2   0 0  0 2  0 0  0 0
    19  -.1203028968073463E-04   2   1 0  0 0  0 1  0 0
    20  -.2036834144509178E-04   2   0 1  0 0  0 1  0 0
    21  0.2729278777529605       2   0 0  1 0  0 1  0 0
    22  -.5480216779366373E-01   2   0 0  0 1  0 1  0 0
    23  -.1201409988385022E-04   2   1 0  0 0  0 0  1 0
    24  -.2034093069110164E-04   2   0 1  0 0  0 0  1 0
    25  0.2725605842777260       2   0 0  1 0  0 0  1 0
    26  -.5472841761898353E-01   2   0 0  0 1  0 0  1 0
    27  0.2404435781228297E-04   2   1 0  0 0  0 0  0 1
    28  0.2147521037914734E-04   2   0 1  0 0  0 0  0 1
    29  -.5454884620533421       2   0 0  1 0  0 0  0 1
    30  -.4928284911618769       2   0 0  0 1  0 0  0 1
    31  0.1659568429071133E-04   2   0 0  0 0  0 2  0 0
    32  0.9560239214361396E-05   2   0 0  0 0  0 1  1 0
    33  0.1656691774123271E-04   2   0 0  0 0  0 0  2 0
    34  -.1910154372769242E-04   2   0 0  0 0  0 1  0 1
    35  -.1907583777036826E-04   2   0 0  0 0  0 0  1 1
    36  -.4545466883812341E-05   2   0 0  0 0  0 0  0 2
    37  -.5221711656603189E-02   3   3 0  0 0  0 0  0 0
    38  -.1410666336426956E-01   3   2 1  0 0  0 0  0 0
    39  -.1274784163373837E-01   3   1 2  0 0  0 0  0 0
    40  -.3843285560638222E-02   3   0 3  0 0  0 0  0 0
    41  -6.542925489847263       3   2 0  1 0  0 0  0 0
    42  -13.54988962697167       3   1 1  1 0  0 0  0 0
    43  -7.411622393723229       3   0 2  1 0  0 0  0 0
    44  0.9581185030323312E-02   3   1 0  2 0  0 0  0 0
    45  0.8425280285312094E-02   3   0 1  2 0  0 0  0 0
    46  -1.276342708509247       3   0 0  3 0  0 0  0 0
    47  -6.910295363570617       3   2 0  0 1  0 0  0 0
    48  -13.60450409191391       3   1 1  0 1  0 0  0 0
    49  -6.827262515569300       3   0 2  0 1  0 0  0 0
    50  0.1737354179399521E-01   3   1 0  1 1  0 0  0 0
    51  0.1537717545980719E-01   3   0 1  1 1  0 0  0 0
    52  -2.942302720204768       3   0 0  2 1  0 0  0 0
    53  0.7988030713199283E-02   3   1 0  0 2  0 0  0 0
    54  0.7127943686772451E-02   3   0 1  0 2  0 0  0 0
    55  -2.784672424765883       3   0 0  1 2  0 0  0 0
    56  -.7644393899201862       3   0 0  0 3  0 0  0 0
    57  -.6967847623366458E-03   3   2 0  0 0  0 1  0 0
    58  -.2034741716994814E-02   3   1 1  0 0  0 1  0 0
    59  -.1375725082233679E-02   3   0 2  0 0  0 1  0 0
    60  -.1134967920766745       3   1 0  1 0  0 1  0 0
    61  -.2145810870334803       3   0 1  1 0  0 1  0 0
    62  -.3614409676779521E-03   3   0 0  2 0  0 1  0 0
    63  -.2251789779838363       3   1 0  0 1  0 1  0 0
    64  -.3063440613172955       3   0 1  0 1  0 1  0 0
    65  -.6311387894699285E-03   3   0 0  1 1  0 1  0 0
    66  -.3358547919353595E-03   3   0 0  0 2  0 1  0 0
    67  -.6958470622418214E-03   3   2 0  0 0  0 0  1 0
    68  -.2032003457486137E-02   3   1 1  0 0  0 0  1 0
    69  -.1373873696253685E-02   3   0 2  0 0  0 0  1 0
    70  -.1133440534428163       3   1 0  1 0  0 0  1 0
    71  -.2142923139194070       3   0 1  1 0  0 0  1 0
    72  -.3609545574577738E-03   3   0 0  2 0  0 0  1 0
    73  -.2248759427275833       3   1 0  0 1  0 0  1 0
    74  -.3059317979170701       3   0 1  0 1  0 0  1 0
    75  -.6302894326316004E-03   3   0 0  1 1  0 0  1 0
    76  -.3354028143846608E-03   3   0 0  0 2  0 0  1 0
    77  0.1392044310099014E-02   3   2 0  0 0  0 0  0 1
    78  0.2751612885220264E-02   3   1 1  0 0  0 0  0 1
    79  0.1382989330606141E-02   3   0 2  0 0  0 0  0 1
    80  0.2268412182412516       3   1 0  1 0  0 0  0 1
    81  0.1995066336690579       3   0 1  1 0  0 0  0 1
    82  0.7226788061377220E-03   3   0 0  2 0  0 0  0 1
    83  0.2135628144307641       3   1 0  0 1  0 0  0 1
    84  0.1891617750682172       3   0 1  0 1  0 0  0 1
    85  0.1007106509270579E-02   3   0 0  1 1  0 0  0 1
    86  0.3605037438429482E-03   3   0 0  0 2  0 0  0 1
    87  0.9635675334380034E-05   3   1 0  0 0  0 2  0 0
    88  0.2119666385281369E-04   3   0 1  0 0  0 2  0 0
    89  -.1902150535052160       3   0 0  1 0  0 2  0 0
    90  -.7016353154065909E-01   3   0 0  0 1  0 2  0 0
    91  0.7305727333315175E-05   3   1 0  0 0  0 1  1 0
    92  0.2209986711780220E-04   3   0 1  0 0  0 1  1 0
    93  -.1077244449061203       3   0 0  1 0  0 1  1 0
    94  -.1947930552316766       3   0 0  0 1  0 1  1 0
    95  0.9617792244859732E-05   3   1 0  0 0  0 0  2 0
    96  0.2115326790176441E-04   3   0 1  0 0  0 0  2 0
    97  -.1898865858101952       3   0 0  1 0  0 0  2 0
    98  -.6993803710987853E-01   3   0 0  0 1  0 0  2 0
    99  -.1467652812531264E-04   3   1 0  0 0  0 1  0 1
   100  -.2394410100949449E-04   3   0 1  0 0  0 1  0 1
   101  0.2152269241390527       3   0 0  1 0  0 1  0 1
   102  0.4447246425595347       3   0 0  0 1  0 1  0 1
   103  -.1465677714544244E-04   3   1 0  0 0  0 0  1 1
   104  -.2391187816680232E-04   3   0 1  0 0  0 0  1 1
   105  0.2149372818878399       3   0 0  1 0  0 0  1 1
   106  0.4441261530947244       3   0 0  0 1  0 0  1 1
   107  0.2732073523164312E-05   3   1 0  0 0  0 0  0 2
   108  0.2569049263228794E-05   3   0 1  0 0  0 0  0 2
   109  0.5766205980998528E-01   3   0 0  1 0  0 0  0 2
   110  0.4840301116678401E-01   3   0 0  0 1  0 0  0 2
   111  -.1309254936296124E-04   3   0 0  0 0  0 3  0 0
   112  -.6090131048578758E-05   3   0 0  0 0  0 2  1 0
   113  -.6104230768503591E-05   3   0 0  0 0  0 1  2 0
   114  -.1306202798415792E-04   3   0 0  0 0  0 0  3 0
   115  0.1217500765844229E-04   3   0 0  0 0  0 2  0 1
   116  0.5266794177300856E-05   3   0 0  0 0  0 1  1 1
   117  0.1215507920522962E-04   3   0 0  0 0  0 0  2 1
   118  0.4293649211582888E-05   3   0 0  0 0  0 1  0 2
   119  0.4287871020826627E-05   3   0 0  0 0  0 0  1 2
   120  0.1698886835328713E-06   3   0 0  0 0  0 0  0 3
   121  -.1139460885466295E-02   4   4 0  0 0  0 0  0 0
   122  -.2590260080002296E-02   4   3 1  0 0  0 0  0 0
   123  -.1023562273461124E-02   4   2 2  0 0  0 0  0 0
   124  0.1796151318544413E-02   4   1 3  0 0  0 0  0 0
   125  0.1366179509664044E-02   4   0 4  0 0  0 0  0 0
   126   61.25903139748539       4   3 0  1 0  0 0  0 0
   127   167.0758036957981       4   2 1  1 0  0 0  0 0
   128   152.6930843720951       4   1 2  1 0  0 0  0 0
   129   46.86282974201671       4   0 3  1 0  0 0  0 0
   130  0.1615922294692464E-01   4   2 0  2 0  0 0  0 0
   131  0.3198517554313871E-01   4   1 1  2 0  0 0  0 0
   132  0.1658740871132690E-01   4   0 2  2 0  0 0  0 0
   133  -38.03566611596612       4   1 0  3 0  0 0  0 0
   134  -33.32122691854051       4   0 1  3 0  0 0  0 0
   135  0.8120830464556886E-03   4   0 0  4 0  0 0  0 0
   136   57.24525007401411       4   3 0  0 1  0 0  0 0
   137   157.0392452205436       4   2 1  0 1  0 0  0 0
   138   144.4590689181638       4   1 2  0 1  0 0  0 0
   139   44.64913912845634       4   0 3  0 1  0 0  0 0
   140  0.2520356898344479E-01   4   2 0  1 1  0 0  0 0
   141  0.4945973130965428E-01   4   1 1  1 1  0 0  0 0
   142  0.2531826815022373E-01   4   0 2  1 1  0 0  0 0
   143  -103.8443831790236       4   1 0  2 1  0 0  0 0
   144  -91.56885059315900       4   0 1  2 1  0 0  0 0
   145  0.9934496978292358E-03   4   0 0  3 1  0 0  0 0
   146  0.1021188210868205E-01   4   2 0  0 2  0 0  0 0
   147  0.2054446004180388E-01   4   1 1  0 2  0 0  0 0
   148  0.1071396974269310E-01   4   0 2  0 2  0 0  0 0
   149  -95.04674239181213       4   1 0  1 2  0 0  0 0
   150  -84.24830148422551       4   0 1  1 2  0 0  0 0
   151  -.5730534036043327E-03   4   0 0  2 2  0 0  0 0
   152  -29.04362799879100       4   1 0  0 3  0 0  0 0
   153  -25.84265118062851       4   0 1  0 3  0 0  0 0
   154  -.1169809865233963E-02   4   0 0  1 3  0 0  0 0
   155  -.3637865405500693E-03   4   0 0  0 4  0 0  0 0
   156  0.5427672077008049E-03   4   3 0  0 0  0 1  0 0
   157  0.7514682485345420E-02   4   2 1  0 0  0 1  0 0
   158  0.1216301097745866E-01   4   1 2  0 0  0 1  0 0
   159  0.5249731690182372E-02   4   0 3  0 0  0 1  0 0
   160   7.651076449907107       4   2 0  1 0  0 1  0 0
   161   22.15021506892056       4   1 1  1 0  0 1  0 0
   162   15.23678345928016       4   0 2  1 0  0 1  0 0
   163  -.6634700185745896E-03   4   1 0  2 0  0 1  0 0
   164  -.4379049430639740E-02   4   0 1  2 0  0 1  0 0
   165   1.699720218189742       4   0 0  3 0  0 1  0 0
   166   10.71043645740563       4   2 0  0 1  0 1  0 0
   167   27.98724094232391       4   1 1  0 1  0 1  0 0
   168   17.60804453803521       4   0 2  0 1  0 1  0 0
   169  -.8686368176201296E-02   4   1 0  1 1  0 1  0 0
   170  -.1451380855596310E-01   4   0 1  1 1  0 1  0 0
   171   5.097211464410691       4   0 0  2 1  0 1  0 0
   172  -.7431425550077138E-02   4   1 0  0 2  0 1  0 0
   173  -.9761926990824657E-02   4   0 1  0 2  0 1  0 0
   174   5.393221756092801       4   0 0  1 2  0 1  0 0
   175   1.928188522603095       4   0 0  0 3  0 1  0 0
   176  0.5420367771724062E-03   4   3 0  0 0  0 0  1 0
   177  0.7504569579811327E-02   4   2 1  0 0  0 0  1 0
   178  0.1214664257050801E-01   4   1 2  0 0  0 0  1 0
   179  0.5242666848684996E-02   4   0 3  0 0  0 0  1 0
   180   7.640779991803559       4   2 0  1 0  0 0  1 0
   181   22.12040635338426       4   1 1  1 0  0 0  1 0
   182   15.21627851418538       4   0 2  1 0  0 0  1 0
   183  -.6625771518918510E-03   4   1 0  2 0  0 0  1 0
   184  -.4373156312293435E-02   4   0 1  2 0  0 0  1 0
   185   1.697432814825141       4   0 0  3 0  0 0  1 0
   186   10.69602285678664       4   2 0  0 1  0 0  1 0
   187   27.94957703245671       4   1 1  0 1  0 0  1 0
   188   17.58434846153431       4   0 2  0 1  0 0  1 0
   189  -.8674678471284116E-02   4   1 0  1 1  0 0  1 0
   190  -.1449427655642059E-01   4   0 1  1 1  0 0  1 0
   191   5.090351877445139       4   0 0  2 1  0 0  1 0
   192  -.7421424687802797E-02   4   1 0  0 2  0 0  1 0
   193  -.9748789849544090E-02   4   0 1  0 2  0 0  1 0
   194   5.385963812427187       4   0 0  1 2  0 0  1 0
   195   1.925593657361752       4   0 0  0 3  0 0  1 0
   196  0.4930633882555821E-03   4   3 0  0 0  0 0  0 1
   197  0.1644137095318685E-02   4   2 1  0 0  0 0  0 1
   198  0.1789628886667876E-02   4   1 2  0 0  0 0  0 1
   199  0.6502256936402882E-03   4   0 3  0 0  0 0  0 1
   200  -15.28644074597284       4   2 0  1 0  0 0  0 1
   201  -30.70968691577315       4   1 1  1 0  0 0  0 1
   202  -15.62415687814551       4   0 2  1 0  0 0  0 1
   203  -.1123046051306053E-02   4   1 0  2 0  0 0  0 1
   204  -.1051806509299778E-02   4   0 1  2 0  0 0  0 1
   205  -3.398082784100101       4   0 0  3 0  0 0  0 1
   206  -14.49030351296402       4   2 0  0 1  0 0  0 1
   207  -28.71576255748206       4   1 1  0 1  0 0  0 1
   208  -14.70438812757352       4   0 2  0 1  0 0  0 1
   209  -.2337040758185669E-02   4   1 0  1 1  0 0  0 1
   210  -.2196030765473517E-02   4   0 1  1 1  0 0  0 1
   211  -7.248120908904899       4   0 0  2 1  0 0  0 1
   212  -.1132731645212889E-02   4   1 0  0 2  0 0  0 1
   213  -.1056786897436836E-02   4   0 1  0 2  0 0  0 1
   214  -5.212796841453658       4   0 0  1 2  0 0  0 1
   215  -1.561487731412090       4   0 0  0 3  0 0  0 1
   216  0.2074810536231611E-03   4   2 0  0 0  0 2  0 0
   217  0.1500749659734616E-02   4   1 1  0 0  0 2  0 0
   218  0.1464458984226481E-02   4   0 2  0 0  0 2  0 0
   219  0.7733543005519487E-01   4   1 0  1 0  0 2  0 0
   220  0.2039535260087031       4   0 1  1 0  0 2  0 0
   221  0.3432630838264051E-03   4   0 0  2 0  0 2  0 0
   222  0.2167742043300362       4   1 0  0 1  0 2  0 0
   223  0.3723665109760497       4   0 1  0 1  0 2  0 0
   224  0.7435969373047852E-03   4   0 0  1 1  0 2  0 0
   225  0.4194432944591275E-03   4   0 0  0 2  0 2  0 0
   226  0.2671262370613536E-03   4   2 0  0 0  0 1  1 0
   227  0.2084618229446332E-02   4   1 1  0 0  0 1  1 0
   228  0.2145976131229433E-02   4   0 2  0 0  0 1  1 0
   229  0.4068173398828699E-01   4   1 0  1 0  0 1  1 0
   230  0.1924404367776943       4   0 1  1 0  0 1  1 0
   231  0.4207505505721412E-03   4   0 0  2 0  0 1  1 0
   232  0.2078005431138671       4   1 0  0 1  0 1  1 0
   233  0.4374019057754700       4   0 1  0 1  0 1  1 0
   234  0.1127469126314451E-02   4   0 0  1 1  0 1  1 0
   235  0.6693383737122183E-03   4   0 0  0 2  0 1  1 0
   236  0.2070220924491336E-03   4   2 0  0 0  0 0  2 0
   237  0.1497327331086211E-02   4   1 1  0 0  0 0  2 0
   238  0.1461044207572546E-02   4   0 2  0 0  0 0  2 0
   239  0.7720398189795025E-01   4   1 0  1 0  0 0  2 0
   240  0.2035495663301914       4   0 1  1 0  0 0  2 0
   241  0.3425180234147879E-03   4   0 0  2 0  0 0  2 0
   242  0.2163426557332520       4   1 0  0 1  0 0  2 0
   243  0.3715710802392264       4   0 1  0 1  0 0  2 0
   244  0.7418375921838484E-03   4   0 0  1 1  0 0  2 0
   245  0.4184284454218649E-03   4   0 0  0 2  0 0  2 0
   246  -.6245605482923240E-03   4   2 0  0 0  0 1  0 1
   247  -.2486337135527998E-02   4   1 1  0 0  0 1  0 1
   248  -.1844425841515751E-02   4   0 2  0 0  0 1  0 1
   249  -.8073287613918032E-01   4   1 0  1 0  0 1  0 1
   250  -.1689866317614721       4   0 1  1 0  0 1  0 1
   251  -.8114438527399284E-03   4   0 0  2 0  0 1  0 1
   252  -.1897115447238504       4   1 0  0 1  0 1  0 1
   253  -.2611408893232005       4   0 1  0 1  0 1  0 1
   254  -.1788671647841456E-02   4   0 0  1 1  0 1  0 1
   255  -.8127880193252660E-03   4   0 0  0 2  0 1  0 1
   256  -.6237200441409514E-03   4   2 0  0 0  0 0  1 1
   257  -.2482991140188015E-02   4   1 1  0 0  0 0  1 1
   258  -.1841943700143018E-02   4   0 2  0 0  0 0  1 1
   259  -.8062422963928122E-01   4   1 0  1 0  0 0  1 1
   260  -.1687592175165120       4   0 1  1 0  0 0  1 1
   261  -.8103518498449347E-03   4   0 0  2 0  0 0  1 1
   262  -.1894562398677568       4   1 0  0 1  0 0  1 1
   263  -.2607894582214935       4   0 1  0 1  0 0  1 1
   264  -.1786264537834965E-02   4   0 0  1 1  0 0  1 1
   265  -.8116942075142306E-03   4   0 0  0 2  0 0  1 1
   266  0.3589338060885613E-03   4   2 0  0 0  0 0  0 2
   267  0.7242591389716727E-03   4   1 1  0 0  0 0  0 2
   268  0.3597761781905631E-03   4   0 2  0 0  0 0  0 2
   269  -.3356272027016648E-01   4   1 0  1 0  0 0  0 2
   270  -.3170226405019072E-01   4   0 1  1 0  0 0  0 2
   271  0.4952848869652354E-03   4   0 0  2 0  0 0  0 2
   272  -.2485519768530573E-01   4   1 0  0 1  0 0  0 2
   273  -.2393656177308295E-01   4   0 1  0 1  0 0  0 2
   274  0.8546126565343040E-03   4   0 0  1 1  0 0  0 2
   275  0.3579070423380877E-03   4   0 0  0 2  0 0  0 2
   276  -.1353407728903774E-04   4   1 0  0 0  0 3  0 0
   277  -.2749932471719680E-04   4   0 1  0 0  0 3  0 0
   278  0.1491730765240311       4   0 0  1 0  0 3  0 0
   279  0.1267750917669624       4   0 0  0 1  0 3  0 0
   280  -.9794049738373615E-05   4   1 0  0 0  0 2  1 0
   281  -.2779700660251925E-04   4   0 1  0 0  0 2  1 0
   282  0.6713715129310946E-01   4   0 0  1 0  0 2  1 0
   283  0.2399293755391348       4   0 0  0 1  0 2  1 0
   284  -.9801562701246016E-05   4   1 0  0 0  0 1  2 0
   285  -.2779633098906199E-04   4   0 1  0 0  0 1  2 0
   286  0.6730234617601688E-01   4   0 0  1 0  0 1  2 0
   287  0.2397006145914536       4   0 0  0 1  0 1  2 0
   288  -.1350017570394626E-04   4   1 0  0 0  0 0  3 0
   289  -.2742513502799653E-04   4   0 1  0 0  0 0  3 0
   290  0.1488268373489845       4   0 0  1 0  0 0  3 0
   291  0.1263579544448395       4   0 0  0 1  0 0  3 0
   292  0.1717005564952760E-04   4   1 0  0 0  0 2  0 1
   293  0.3075998433878095E-04   4   0 1  0 0  0 2  0 1
   294  -.1342160644200060       4   0 0  1 0  0 2  0 1
   295  -.4097506745811271       4   0 0  0 1  0 2  0 1
   296  0.1377268061917930E-04   4   1 0  0 0  0 1  1 1
   297  0.3163339320443314E-04   4   0 1  0 0  0 1  1 1
   298  -.5342058204034299E-01   4   0 0  1 0  0 1  1 1
   299  -.3748672546444277       4   0 0  0 1  0 1  1 1
   300  0.1713768168564142E-04   4   1 0  0 0  0 0  2 1
   301  0.3069730363670566E-04   4   0 1  0 0  0 0  2 1
   302  -.1339994973150511       4   0 0  1 0  0 0  2 1
   303  -.4089470120919469       4   0 0  0 1  0 0  2 1
   304  -.1641539458048605E-05   4   1 0  0 0  0 1  0 2
   305  -.2540935821603984E-05   4   0 1  0 0  0 1  0 2
   306  -.5430409909121885E-01   4   0 0  1 0  0 1  0 2
   307  -.6990748763506732E-01   4   0 0  0 1  0 1  0 2
   308  -.1639330351609129E-05   4   1 0  0 0  0 0  1 2
   309  -.2537516349925505E-05   4   0 1  0 0  0 0  1 2
   310  -.5423101919392553E-01   4   0 0  1 0  0 0  1 2
   311  -.6981340943283391E-01   4   0 0  0 1  0 0  1 2
   312  0.1681957959894469E-06   4   1 0  0 0  0 0  0 3
   313  0.1357421746782181E-06   4   0 1  0 0  0 0  0 3
   314  -.2263955278186800E-02   4   0 0  1 0  0 0  0 3
   315  -.1830253150118535E-02   4   0 0  0 1  0 0  0 3
   316  0.9961099114162856E-05   4   0 0  0 0  0 4  0 0
   317  0.3290780100004212E-05   4   0 0  0 0  0 3  1 0
   318  0.2426049393116390E-05   4   0 0  0 0  0 2  2 0
   319  0.3309857955774351E-05   4   0 0  0 0  0 1  3 0
   320  0.9932087581782468E-05   4   0 0  0 0  0 0  4 0
   321  -.8519418899092527E-06   4   0 0  0 0  0 3  0 1
   322  0.2681039861402603E-05   4   0 0  0 0  0 2  1 1
   323  0.2673910395261784E-05   4   0 0  0 0  0 1  2 1
   324  -.8520237168767571E-06   4   0 0  0 0  0 0  3 1
   325  -.1562101296383268E-05   4   0 0  0 0  0 2  0 2
   326  -.1781491923666030E-05   4   0 0  0 0  0 1  1 2
   327  -.1558800370141848E-05   4   0 0  0 0  0 0  2 2
   328  -.7147630023521364E-07   4   0 0  0 0  0 1  0 3
   329  -.7138011079891842E-07   4   0 0  0 0  0 0  1 3
   330  -.1397834648870207E-12   4   0 0  0 0  0 0  0 4
   ----------------------------------------------------
     I  COEFFICIENT            ORDER EXPONENTS
     1  0.2361646796948685E-03   0   0 0  0 0  0 0  0 0
     2  0.1001999025345900E-03   1   1 0  0 0  0 0  0 0
     3  0.9288676146972242E-04   1   0 1  0 0  0 0  0 0
     4  -2.602250103737447       1   0 0  1 0  0 0  0 0
     5  -1.438361878594790       1   0 0  0 1  0 0  0 0
     6  0.1628246776412861E-04   1   0 0  0 0  0 1  0 0
     7  0.1626055558637783E-04   1   0 0  0 0  0 0  1 0
     8  0.2036216563427440E-03   1   0 0  0 0  0 0  0 1
     9  0.2218765295035794E-02   2   2 0  0 0  0 0  0 0
    10  0.4042068985464733E-02   2   1 1  0 0  0 0  0 0
    11  0.1916994525745451E-02   2   0 2  0 0  0 0  0 0
    12   1.090603764736047       2   1 0  1 0  0 0  0 0
    13  0.9966944056454756       2   0 1  1 0  0 0  0 0
    14  0.9930936171278920E-03   2   0 0  2 0  0 0  0 0
    15   1.046156814821896       2   1 0  0 1  0 0  0 0
    16  0.9625327764180830       2   0 1  0 1  0 0  0 0
    17  0.2484861062694850E-02   2   0 0  1 1  0 0  0 0
    18  0.1333762442265165E-02   2   0 0  0 2  0 0  0 0
    19  -.9027910438603843E-05   2   1 0  0 0  0 1  0 0
    20  -.5511008725460012E-04   2   0 1  0 0  0 1  0 0
    21  -.2024233069864106       2   0 0  1 0  0 1  0 0
    22   1.047417700382859       2   0 0  0 1  0 1  0 0
    23  -.9015761102206219E-05   2   1 0  0 0  0 0  1 0
    24  -.5503592269642123E-04   2   0 1  0 0  0 0  1 0
    25  -.2021508952397490       2   0 0  1 0  0 0  1 0
    26   1.046008135004769       2   0 0  0 1  0 0  1 0
    27  0.1182433257337927E-03   2   1 0  0 0  0 0  0 1
    28  0.1101457667562783E-03   2   0 1  0 0  0 0  0 1
    29  -2.197675901617883       2   0 0  1 0  0 0  0 1
    30  -2.093425835502413       2   0 0  0 1  0 0  0 1
    31  -.1181915943603079E-04   2   0 0  0 0  0 2  0 0
    32  -.7367813483362804E-05   2   0 0  0 0  0 1  1 0
    33  -.1179829614019831E-04   2   0 0  0 0  0 0  2 0
    34  0.3100607217366203E-04   2   0 0  0 0  0 1  0 1
    35  0.3096434566299630E-04   2   0 0  0 0  0 0  1 1
    36  -.3098518782922083E-04   2   0 0  0 0  0 0  0 2
    37  -.2628367543399508E-01   3   3 0  0 0  0 0  0 0
    38  -.7378312504150170E-01   3   2 1  0 0  0 0  0 0
    39  -.6927911551588091E-01   3   1 2  0 0  0 0  0 0
    40  -.2170691968731940E-01   3   0 3  0 0  0 0  0 0
    41  -34.91880934074275       3   2 0  1 0  0 0  0 0
    42  -66.85145140548936       3   1 1  1 0  0 0  0 0
    43  -32.78794116721623       3   0 2  1 0  0 0  0 0
    44  0.3874693082109772E-01   3   1 0  2 0  0 0  0 0
    45  0.3493752098840660E-01   3   0 1  2 0  0 0  0 0
    46  -4.124974808615890       3   0 0  3 0  0 0  0 0
    47  -31.61801820122144       3   2 0  0 1  0 0  0 0
    48  -61.78825278255432       3   1 1  0 1  0 0  0 0
    49  -32.07388498390535       3   0 2  0 1  0 0  0 0
    50  0.7310169449371161E-01   3   1 0  1 1  0 0  0 0
    51  0.6626798037147104E-01   3   0 1  1 1  0 0  0 0
    52  -13.46423584681098       3   0 0  2 1  0 0  0 0
    53  0.3488381818286640E-01   3   1 0  0 2  0 0  0 0
    54  0.3184522340014866E-01   3   0 1  0 2  0 0  0 0
    55  -12.93337662992226       3   0 0  1 2  0 0  0 0
    56  -4.929327358588039       3   0 0  0 3  0 0  0 0
    57  -.1313091266402101E-02   3   2 0  0 0  0 1  0 0
    58  -.4512988331454801E-02   3   1 1  0 0  0 1  0 0
    59  -.3072908435993176E-02   3   0 2  0 0  0 1  0 0
    60  0.1116201582699243       3   1 0  1 0  0 1  0 0
    61  -.3915361864665899       3   0 1  1 0  0 1  0 0
    62  0.5923040407008715E-04   3   0 0  2 0  0 1  0 0
    63  -.4398418968892088       3   1 0  0 1  0 1  0 0
    64  -.8812765139272727       3   0 1  0 1  0 1  0 0
    65  -.1241500684152562E-02   3   0 0  1 1  0 1  0 0
    66  -.1393291576089512E-02   3   0 0  0 2  0 1  0 0
    67  -.1311324170059621E-02   3   2 0  0 0  0 0  1 0
    68  -.4506914964448095E-02   3   1 1  0 0  0 0  1 0
    69  -.3068773060641171E-02   3   0 2  0 0  0 0  1 0
    70  0.1114699451214001       3   1 0  1 0  0 0  1 0
    71  -.3910092755193043       3   0 1  1 0  0 0  1 0
    72  0.5915069458372449E-04   3   0 0  2 0  0 0  1 0
    73  -.4392499783934057       3   1 0  0 1  0 0  1 0
    74  -.8800905335279520       3   0 1  0 1  0 0  1 0
    75  -.1239829931041725E-02   3   0 0  1 1  0 0  1 0
    76  -.1391416549949966E-02   3   0 0  0 2  0 0  1 0
    77  0.4840294320418910E-02   3   2 0  0 0  0 0  0 1
    78  0.9013746247987627E-02   3   1 1  0 0  0 0  0 1
    79  0.4221399036041448E-02   3   0 2  0 0  0 0  0 1
    80  0.8675176181400508       3   1 0  1 0  0 0  0 1
    81  0.7825488615807380       3   0 1  1 0  0 0  0 1
    82  0.8760661644767185E-03   3   0 0  2 0  0 0  0 1
    83  0.8790954027421413       3   1 0  0 1  0 0  0 1
    84  0.7988373143385735       3   0 1  0 1  0 0  0 1
    85  0.2484277418909472E-02   3   0 0  1 1  0 0  0 1
    86  0.1452572612973349E-02   3   0 0  0 2  0 0  0 1
    87  0.7129008848810669E-05   3   1 0  0 0  0 2  0 0
    88  0.4578176944357382E-04   3   0 1  0 0  0 2  0 0
    89  0.1466606026925065       3   0 0  1 0  0 2  0 0
    90  -.7032239994625561       3   0 0  0 1  0 2  0 0
    91  0.5574503511173825E-05   3   1 0  0 0  0 1  1 0
    92  0.3688224761388756E-04   3   0 1  0 0  0 1  1 0
    93  0.9104744239036237E-01   3   0 0  1 0  0 1  1 0
    94  -.3599550312684185       3   0 0  0 1  0 1  1 0
    95  0.7115664012628353E-05   3   1 0  0 0  0 0  2 0
    96  0.4569534130060406E-04   3   0 1  0 0  0 0  2 0
    97  0.1464019700867514       3   0 0  1 0  0 0  2 0
    98  -.7020354284873845       3   0 0  0 1  0 0  2 0
    99  -.2042423923902251E-04   3   1 0  0 0  0 1  0 1
   100  -.7417201311869608E-04   3   0 1  0 0  0 1  0 1
   101  -.3843682656698092       3   0 0  1 0  0 1  0 1
   102  0.7189859178156687       3   0 0  0 1  0 1  0 1
   103  -.2039675326041575E-04   3   1 0  0 0  0 0  1 1
   104  -.7407219591904681E-04   3   0 1  0 0  0 0  1 1
   105  -.3838510009725200       3   0 0  1 0  0 0  1 1
   106  0.7180183404521048       3   0 0  0 1  0 0  1 1
   107  0.2089219991757757E-04   3   1 0  0 0  0 0  0 2
   108  0.1957524063171621E-04   3   0 1  0 0  0 0  0 2
   109  0.3841094679474681       3   0 0  1 0  0 0  0 2
   110  0.3282105543885324       3   0 0  0 1  0 0  0 2
   111  0.9592261096974567E-05   3   0 0  0 0  0 3  0 0
   112  0.5144991035804236E-05   3   0 0  0 0  0 2  1 0
   113  0.5153942367379453E-05   3   0 0  0 0  0 1  2 0
   114  0.9569440604977268E-05   3   0 0  0 0  0 0  3 0
   115  -.2210716325076794E-04   3   0 0  0 0  0 2  0 1
   116  -.1323361141235531E-04   3   0 0  0 0  0 1  1 1
   117  -.2206850788705941E-04   3   0 0  0 0  0 0  2 1
   118  0.1322271444171636E-04   3   0 0  0 0  0 1  0 2
   119  0.1320491993578567E-04   3   0 0  0 0  0 0  1 2
   120  0.1519754914005476E-05   3   0 0  0 0  0 0  0 3
   121  -.6780805007104349E-02   4   4 0  0 0  0 0  0 0
   122  -.2491742697606477E-01   4   3 1  0 0  0 0  0 0
   123  -.3497022833161519E-01   4   2 2  0 0  0 0  0 0
   124  -.2061199160866092E-01   4   1 3  0 0  0 0  0 0
   125  -.3970962353608755E-02   4   0 4  0 0  0 0  0 0
   126   284.3007623817230       4   3 0  1 0  0 0  0 0
   127   791.8186754569026       4   2 1  1 0  0 0  0 0
   128   737.9173594685972       4   1 2  1 0  0 0  0 0
   129   230.5521633393384       4   0 3  1 0  0 0  0 0
   130  0.5204554356167756E-01   4   2 0  2 0  0 0  0 0
   131  0.1029947604677331       4   1 1  2 0  0 0  0 0
   132  0.5021365772968360E-01   4   0 2  2 0  0 0  0 0
   133  -152.2929124640149       4   1 0  3 0  0 0  0 0
   134  -136.5302760206580       4   0 1  3 0  0 0  0 0
   135  -.8517461069936564E-02   4   0 0  4 0  0 0  0 0
   136   277.8138212384072       4   3 0  0 1  0 0  0 0
   137   779.0700462477195       4   2 1  0 1  0 0  0 0
   138   731.3646347215199       4   1 2  0 1  0 0  0 0
   139   230.2592448929969       4   0 3  0 1  0 0  0 0
   140  0.1119563856072141       4   2 0  1 1  0 0  0 0
   141  0.2220878566541261       4   1 1  1 1  0 0  0 0
   142  0.1102816284267221       4   0 2  1 1  0 0  0 0
   143  -426.4978833360682       4   1 0  2 1  0 0  0 0
   144  -385.4569410047532       4   0 1  2 1  0 0  0 0
   145  -.2894004681224363E-01   4   0 0  3 1  0 0  0 0
   146  0.5726588215668909E-01   4   2 0  0 2  0 0  0 0
   147  0.1153199478195209       4   1 1  0 2  0 0  0 0
   148  0.5885576263053278E-01   4   0 2  0 2  0 0  0 0
   149  -402.5720786514709       4   1 0  1 2  0 0  0 0
   150  -366.2869807753599       4   0 1  1 2  0 0  0 0
   151  -.3671923362193679E-01   4   0 0  2 2  0 0  0 0
   152  -127.5718080387266       4   1 0  0 3  0 0  0 0
   153  -116.6866360249029       4   0 1  0 3  0 0  0 0
   154  -.1982271314616325E-01   4   0 0  1 3  0 0  0 0
   155  -.3332319047687886E-02   4   0 0  0 4  0 0  0 0
   156  -.3492775563667298E-02   4   3 0  0 0  0 1  0 0
   157  0.2130212428504922E-01   4   2 1  0 0  0 1  0 0
   158  0.4897834070021480E-01   4   1 2  0 0  0 1  0 0
   159  0.2432730358028395E-01   4   0 3  0 0  0 1  0 0
   160   19.19817050920712       4   2 0  1 0  0 1  0 0
   161   68.95191362154260       4   1 1  1 0  0 1  0 0
   162   48.92731775148336       4   0 2  1 0  0 1  0 0
   163  0.5238851777842964E-02   4   1 0  2 0  0 1  0 0
   164  -.1047618331496318E-01   4   0 1  2 0  0 1  0 0
   165  -.5891311426161491E-01   4   0 0  3 0  0 1  0 0
   166   34.23964199182974       4   2 0  0 1  0 1  0 0
   167   96.51247470359304       4   1 1  0 1  0 1  0 0
   168   64.09133414429523       4   0 2  0 1  0 1  0 0
   169  -.2013257712445250E-01   4   1 0  1 1  0 1  0 0
   170  -.4652199102081292E-01   4   0 1  1 1  0 1  0 0
   171   7.421142230952866       4   0 0  2 1  0 1  0 0
   172  -.2361533783954816E-01   4   1 0  0 2  0 1  0 0
   173  -.3490498211671896E-01   4   0 1  0 2  0 1  0 0
   174   14.41866449074934       4   0 0  1 2  0 1  0 0
   175   8.048474276741327       4   0 0  0 3  0 1  0 0
   176  -.3488075150922542E-02   4   3 0  0 0  0 0  1 0
   177  0.2127345689012066E-01   4   2 1  0 0  0 0  1 0
   178  0.4891242795756960E-01   4   1 2  0 0  0 0  1 0
   179  0.2429456504163167E-01   4   0 3  0 0  0 0  1 0
   180   19.17233451611422       4   2 0  1 0  0 0  1 0
   181   68.85912138578169       4   1 1  1 0  0 0  1 0
   182   48.86147367311798       4   0 2  1 0  0 0  1 0
   183  0.5231801578018872E-02   4   1 0  2 0  0 0  1 0
   184  -.1046208496118333E-01   4   0 1  2 0  0 0  1 0
   185  -.5883383176893310E-01   4   0 0  3 0  0 0  1 0
   186   34.19356389529552       4   2 0  0 1  0 0  1 0
   187   96.38259276361229       4   1 1  0 1  0 0  1 0
   188   64.00508304732372       4   0 2  0 1  0 0  1 0
   189  -.2010548365097392E-01   4   1 0  1 1  0 0  1 0
   190  -.4645938391780260E-01   4   0 1  1 1  0 0  1 0
   191   7.411155207484728       4   0 0  2 1  0 0  1 0
   192  -.2358355743083601E-01   4   1 0  0 2  0 0  1 0
   193  -.3485800863680112E-01   4   0 1  0 2  0 0  1 0
   194   14.39926053160578       4   0 0  1 2  0 0  1 0
   195   8.037643019371135       4   0 0  0 3  0 0  1 0
   196  0.1734248025039112E-02   4   3 0  0 0  0 0  0 1
   197  0.4882269000601193E-02   4   2 1  0 0  0 0  0 1
   198  0.4621030063943292E-02   4   1 2  0 0  0 0  0 1
   199  0.1529063498015561E-02   4   0 3  0 0  0 0  0 1
   200  -73.26542683787460       4   2 0  1 0  0 0  0 1
   201  -137.7603229624843       4   1 1  1 0  0 0  0 1
   202  -64.97385608545419       4   0 2  1 0  0 0  0 1
   203  -.5530012156184704E-02   4   1 0  2 0  0 0  0 1
   204  -.5003482775696206E-02   4   0 1  2 0  0 0  0 1
   205  -4.011493609964487       4   0 0  3 0  0 0  0 1
   206  -68.40494049596508       4   2 0  0 1  0 0  0 1
   207  -131.0465703649666       4   1 1  0 1  0 0  0 1
   208  -63.91649370777977       4   0 2  0 1  0 0  0 1
   209  -.1076770294959238E-01   4   1 0  1 1  0 0  0 1
   210  -.9981894504237917E-02   4   0 1  1 1  0 0  0 1
   211  -14.84586325648198       4   0 0  2 1  0 0  0 1
   212  -.5235466444098599E-02   4   1 0  0 2  0 0  0 1
   213  -.4897115446519469E-02   4   0 1  0 2  0 0  0 1
   214  -15.89924304541804       4   0 0  1 2  0 0  0 1
   215  -6.232852543129864       4   0 0  0 3  0 0  0 1
   216  -.7763483350671035E-03   4   2 0  0 0  0 2  0 0
   217  0.4638929125770066E-03   4   1 1  0 0  0 2  0 0
   218  0.1472982288424067E-02   4   0 2  0 0  0 2  0 0
   219  -.8538749578859506E-01   4   1 0  1 0  0 2  0 0
   220  0.2397607061864898       4   0 1  1 0  0 2  0 0
   221  -.2962486035193383E-03   4   0 0  2 0  0 2  0 0
   222  0.2877165664587252       4   1 0  0 1  0 2  0 0
   223  0.8211792209425947       4   0 1  0 1  0 2  0 0
   224  0.2368576823895043E-03   4   0 0  1 1  0 2  0 0
   225  0.1013755702580331E-02   4   0 0  0 2  0 2  0 0
   226  -.8473446552395569E-03   4   2 0  0 0  0 1  1 0
   227  0.8674981631888071E-03   4   1 1  0 0  0 1  1 0
   228  0.2367608523418778E-02   4   0 2  0 0  0 1  1 0
   229  -.6194805844706260E-01   4   1 0  1 0  0 1  1 0
   230  0.8527850640102437E-01   4   0 1  1 0  0 1  1 0
   231  -.2269122278037697E-03   4   0 0  2 0  0 1  1 0
   232  0.1326940666889116       4   1 0  0 1  0 1  1 0
   233  0.7573324395166509       4   0 1  0 1  0 1  1 0
   234  0.6907479651296010E-05   4   0 0  1 1  0 1  1 0
   235  0.1058235571250740E-02   4   0 0  0 2  0 1  1 0
   236  -.7747334038142761E-03   4   2 0  0 0  0 0  2 0
   237  0.4626849082856482E-03   4   1 1  0 0  0 0  2 0
   238  0.1469406910294910E-02   4   0 2  0 0  0 0  2 0
   239  -.8523090193216369E-01   4   1 0  1 0  0 0  2 0
   240  0.2393806656301948       4   0 1  1 0  0 0  2 0
   241  -.2956972422193477E-03   4   0 0  2 0  0 0  2 0
   242  0.2872400843525487       4   1 0  0 1  0 0  2 0
   243  0.8195645254952558       4   0 1  0 1  0 0  2 0
   244  0.2365342826029704E-03   4   0 0  1 1  0 0  2 0
   245  0.1011679376153010E-02   4   0 0  0 2  0 0  2 0
   246  0.1799844060491447E-02   4   2 0  0 0  0 1  0 1
   247  0.6956785829073837E-04   4   1 1  0 0  0 1  0 1
   248  -.1456041999548117E-02   4   0 2  0 0  0 1  0 1
   249  0.2365294274733871       4   1 0  1 0  0 1  0 1
   250  -.1680541069222389       4   0 1  1 0  0 1  0 1
   251  0.5008429553337943E-03   4   0 0  2 0  0 1  0 1
   252  -.2627050694706534       4   1 0  0 1  0 1  0 1
   253  -.6292834526937292       4   0 1  0 1  0 1  0 1
   254  0.6992239581400452E-04   4   0 0  1 1  0 1  0 1
   255  -.6826125137240773E-03   4   0 0  0 2  0 1  0 1
   256  0.1797421915178551E-02   4   2 0  0 0  0 0  1 1
   257  0.6947423714567542E-04   4   1 1  0 0  0 0  1 1
   258  -.1454082526846006E-02   4   0 2  0 0  0 0  1 1
   259  0.2362111173171373       4   1 0  1 0  0 0  1 1
   260  -.1678279476252607       4   0 1  1 0  0 0  1 1
   261  0.5001689444884175E-03   4   0 0  2 0  0 0  1 1
   262  -.2623515333690226       4   1 0  0 1  0 0  1 1
   263  -.6284365926801971       4   0 1  0 1  0 0  1 1
   264  0.6982829754904749E-04   4   0 0  1 1  0 0  1 1
   265  -.6816938859735242E-03   4   0 0  0 2  0 0  1 1
   266  -.1199958839742167E-02   4   2 0  0 0  0 0  0 2
   267  -.2226119797978994E-02   4   1 1  0 0  0 0  0 2
   268  -.1026564236418418E-02   4   0 2  0 0  0 0  0 2
   269  -.2401719647332601       4   1 0  1 0  0 0  0 2
   270  -.2273131480177482       4   0 1  1 0  0 0  0 2
   271  -.1817468619704395E-03   4   0 0  2 0  0 0  0 2
   272  -.1817003631953699       4   1 0  0 1  0 0  0 2
   273  -.1750554701725145       4   0 1  0 1  0 0  0 2
   274  -.4528616324250578E-03   4   0 0  1 1  0 0  0 2
   275  -.2532819805165037E-03   4   0 0  0 2  0 0  0 2
   276  -.8635879726989135E-05   4   1 0  0 0  0 3  0 0
   277  -.4754573875298863E-04   4   0 1  0 0  0 3  0 0
   278  -.1188550743435104       4   0 0  1 0  0 3  0 0
   279  0.5332995013823292       4   0 0  0 1  0 3  0 0
   280  -.6541951192854511E-05   4   1 0  0 0  0 2  1 0
   281  -.3718234210583906E-04   4   0 1  0 0  0 2  1 0
   282  -.6330476797528302E-01   4   0 0  1 0  0 2  1 0
   283  0.1936412906094489       4   0 0  0 1  0 2  1 0
   284  -.6546154598335916E-05   4   1 0  0 0  0 1  2 0
   285  -.3720313280050158E-04   4   0 1  0 0  0 1  2 0
   286  -.6341658057289125E-01   4   0 0  1 0  0 1  2 0
   287  0.1943254858795049       4   0 0  0 1  0 1  2 0
   288  -.8614051096701214E-05   4   1 0  0 0  0 0  3 0
   289  -.4742477613704840E-04   4   0 1  0 0  0 0  3 0
   290  -.1185726111893697       4   0 0  1 0  0 0  3 0
   291  0.5320928467147311       4   0 0  0 1  0 0  3 0
   292  0.1354247269972203E-04   4   1 0  0 0  0 2  0 1
   293  0.6584302894071986E-04   4   0 1  0 0  0 2  0 1
   294  0.2732305208465237       4   0 0  1 0  0 2  0 1
   295  -.3870507511016174       4   0 0  0 1  0 2  0 1
   296  0.1173910664306476E-04   4   1 0  0 0  0 1  1 1
   297  0.5801571682507905E-04   4   0 1  0 0  0 1  1 1
   298  0.1624014033647035       4   0 0  1 0  0 1  1 1
   299  -.5599374382869344E-01   4   0 0  0 1  0 1  1 1
   300  0.1351634890990964E-04   4   1 0  0 0  0 0  2 1
   301  0.6571538308676921E-04   4   0 1  0 0  0 0  2 1
   302  0.2727535440110092       4   0 0  1 0  0 0  2 1
   303  -.3864921995710791       4   0 0  0 1  0 0  2 1
   304  -.5022790673635641E-05   4   1 0  0 0  0 1  0 2
   305  -.1238748177419357E-04   4   0 1  0 0  0 1  0 2
   306  -.1622541428700072       4   0 0  1 0  0 1  0 2
   307  -.3039541447206616       4   0 0  0 1  0 1  0 2
   308  -.5016031238663284E-05   4   1 0  0 0  0 0  1 2
   309  -.1237081128502394E-04   4   0 1  0 0  0 0  1 2
   310  -.1620357888913059       4   0 0  1 0  0 0  1 2
   311  -.3035450975575594       4   0 0  0 1  0 0  1 2
   312  0.1469551073901504E-05   4   1 0  0 0  0 0  0 3
   313  0.1198687688789377E-05   4   0 1  0 0  0 0  0 3
   314  -.1994628586271409E-01   4   0 0  1 0  0 0  0 3
   315  -.1631320836228405E-01   4   0 0  0 1  0 0  0 3
   316  -.1075783529635202E-04   4   0 0  0 0  0 4  0 0
   317  -.5058855220759798E-05   4   0 0  0 0  0 3  1 0
   318  -.4306244332086595E-05   4   0 0  0 0  0 2  2 0
   319  -.5075163339736907E-05   4   0 0  0 0  0 1  3 0
   320  -.1072549282316890E-04   4   0 0  0 0  0 0  4 0
   321  0.1091065099617538E-04   4   0 0  0 0  0 3  0 1
   322  0.4539660528806478E-05   4   0 0  0 0  0 2  1 1
   323  0.4552491557266733E-05   4   0 0  0 0  0 1  2 1
   324  0.1088557592978848E-04   4   0 0  0 0  0 0  3 1
   325  0.1568756988120725E-05   4   0 0  0 0  0 2  0 2
   326  0.1856087449192574E-05   4   0 0  0 0  0 1  1 2
   327  0.1565396911391696E-05   4   0 0  0 0  0 0  2 2
   328  0.2189055254055109E-07   4   0 0  0 0  0 1  0 3
   329  0.2186109326660783E-07   4   0 0  0 0  0 0  1 3
   330  -.9554051058883708E-13   4   0 0  0 0  0 0  0 4
   ----------------------------------------------------
     I  COEFFICIENT            ORDER EXPONENTS
     1  0.7020209720093495E-08   0   0 0  0 0  0 0  0 0
     2  -.7869966734828508E-05   1   1 0  0 0  0 0  0 0
     3  -.8673927114743517E-05   1   0 1  0 0  0 0  0 0
     4  0.5511921137094815E-04   1   0 0  1 0  0 0  0 0
     5  0.2420934347272736E-04   1   0 0  0 1  0 0  0 0
     6   1.000000000000000       1   0 0  0 0  1 0  0 0
     7  0.2859789932153183       1   0 0  0 0  0 1  0 0
     8  -.2859789887750007       1   0 0  0 0  0 0  1 0
     9  -.4440324925706781E-08   1   0 0  0 0  0 0  0 1
    10  -.4902607624723714       2   2 0  0 0  0 0  0 0
    11  -1.247559917005038       2   1 1  0 0  0 0  0 0
    12  -1.007410652285518       2   0 2  0 0  0 0  0 0
    13  -.2989377925952758E-04   2   1 0  1 0  0 0  0 0
    14  -.3783166164328511E-04   2   0 1  1 0  0 0  0 0
    15  -.3151823264669140       2   0 0  2 0  0 0  0 0
    16  -.3810756630103195E-04   2   1 0  0 1  0 0  0 0
    17  -.4389984534359204E-04   2   0 1  0 1  0 0  0 0
    18  -.2706391997294409       2   0 0  1 1  0 0  0 0
    19  -.2760488688636885       2   0 0  0 2  0 0  0 0
    20  0.1157640850859132E-04   2   1 0  0 0  0 1  0 0
    21  0.1611815938042586E-04   2   0 1  0 0  0 1  0 0
    22  -.7670242957103014E-04   2   0 0  1 0  0 1  0 0
    23  -.5738139098928524E-04   2   0 0  0 1  0 1  0 0
    24  0.3712052737539501E-05   2   1 0  0 0  0 0  1 0
    25  0.7445906679685484E-05   2   0 1  0 0  0 0  1 0
    26  -.2162826976127812E-04   2   0 0  1 0  0 0  1 0
    27  -.3315995976821092E-04   2   0 0  0 1  0 0  1 0
    28  -.1528854416018337E-04   2   1 0  0 0  0 0  0 1
    29  -.1489027403345871E-04   2   0 1  0 0  0 0  0 1
    30  0.9833073625405684E-04   2   0 0  1 0  0 0  0 1
    31  0.6633204436236038E-04   2   0 0  0 1  0 0  0 1
    32  -.2146286649641856       2   0 0  0 0  0 2  0 0
    33  0.1432783307744814       2   0 0  0 0  0 1  1 0
    34  0.7135032824903086E-01   2   0 0  0 0  0 0  2 0
    35  0.5938824873277457E-08   2   0 0  0 0  0 1  0 1
    36  0.1502523967178096E-08   2   0 0  0 0  0 0  1 1
    37  -.1500584748259888E-08   2   0 0  0 0  0 0  0 2
    38  0.2627697428392418       3   3 0  0 0  0 0  0 0
    39  0.8050200456577518       3   2 1  0 0  0 0  0 0
    40  0.8103374666333212       3   1 2  0 0  0 0  0 0
    41  0.2691666089971514       3   0 3  0 0  0 0  0 0
    42  0.1613274462618274E-02   3   2 0  1 0  0 0  0 0
    43  0.3239976971248937E-02   3   1 1  1 0  0 0  0 0
    44  0.1904371356297818E-02   3   0 2  1 0  0 0  0 0
    45  0.9869502846346351E-01   3   1 0  2 0  0 0  0 0
    46  0.2321812929581835E-01   3   0 1  2 0  0 0  0 0
    47  0.6199542821832750E-03   3   0 0  3 0  0 0  0 0
    48  0.1134217896045211E-02   3   2 0  0 1  0 0  0 0
    49  0.2216080008154340E-02   3   1 1  0 1  0 0  0 0
    50  0.1314184092067330E-02   3   0 2  0 1  0 0  0 0
    51  0.5893502890483314E-01   3   1 0  1 1  0 0  0 0
    52  -.6092517677129011E-01   3   0 1  1 1  0 0  0 0
    53  0.1564134847129268E-02   3   0 0  2 1  0 0  0 0
    54  -.2991166901476347E-01   3   1 0  0 2  0 0  0 0
    55  -.7745247127866953E-01   3   0 1  0 2  0 0  0 0
    56  0.1358465093271250E-02   3   0 0  1 2  0 0  0 0
    57  0.4081572553174371E-03   3   0 0  0 3  0 0  0 0
    58  0.7883005589054909       3   2 0  0 0  0 1  0 0
    59   2.420918186744394       3   1 1  0 0  0 1  0 0
    60   2.123717447324411       3   0 2  0 0  0 1  0 0
    61  0.4513440275230172E-04   3   1 0  1 0  0 1  0 0
    62  0.7087905750551604E-04   3   0 1  1 0  0 1  0 0
    63  0.4371250878671499       3   0 0  2 0  0 1  0 0
    64  0.7192592259786287E-04   3   1 0  0 1  0 1  0 0
    65  0.1015704829306711E-03   3   0 1  0 1  0 1  0 0
    66  0.6452906936576166       3   0 0  1 1  0 1  0 0
    67  0.5245157106929699       3   0 0  0 2  0 1  0 0
    68  0.2982979707161205       3   2 0  0 0  0 0  1 0
    69   1.173456691385710       3   1 1  0 0  0 0  1 0
    70   1.116158906383517       3   0 2  0 0  0 0  1 0
    71  0.1519245455336473E-04   3   1 0  1 0  0 0  1 0
    72  0.3289620401065520E-04   3   0 1  1 0  0 0  1 0
    73  0.1222024173021163       3   0 0  2 0  0 0  1 0
    74  0.3374596898701932E-04   3   1 0  0 1  0 0  1 0
    75  0.5749702529685385E-04   3   0 1  0 1  0 0  1 0
    76  0.3745112958662520       3   0 0  1 1  0 0  1 0
    77  0.2485035722994830       3   0 0  0 2  0 0  1 0
    78  -1.086599365324099       3   2 0  0 0  0 0  0 1
    79  -2.346817043570426       3   1 1  0 0  0 0  0 1
    80  -1.225056458455006       3   0 2  0 0  0 0  0 1
    81  -.6019633744820290E-04   3   1 0  1 0  0 0  0 1
    82  -.6563265885934795E-04   3   0 1  1 0  0 0  0 1
    83  -.5593278062092022       3   0 0  2 0  0 0  0 1
    84  -.6737769121997003E-04   3   1 0  0 1  0 0  0 1
    85  -.7090463280053891E-04   3   0 1  0 1  0 0  0 1
    86  -.7491632177703320       3   0 0  1 1  0 0  0 1
    87  -.2209217395589021       3   0 0  0 2  0 0  0 1
    88  -.1418735292293058E-04   3   1 0  0 0  0 2  0 0
    89  -.2308008218291639E-04   3   0 1  0 0  0 2  0 0
    90  0.9020890571085321E-04   3   0 0  1 0  0 2  0 0
    91  0.9039624083560913E-04   3   0 0  0 1  0 2  0 0
    92  -.5224744405608389E-05   3   1 0  0 0  0 1  1 0
    93  -.1392552546708389E-04   3   0 1  0 0  0 1  1 0
    94  0.2704131962821931E-04   3   0 0  1 0  0 1  1 0
    95  0.6603619203298389E-04   3   0 0  0 1  0 1  1 0
    96  -.2616624313969056E-05   3   1 0  0 0  0 0  2 0
    97  -.6964212226922091E-05   3   0 1  0 0  0 0  2 0
    98  0.1355397829819725E-04   3   0 0  1 0  0 0  2 0
    99  0.3301218760148166E-04   3   0 0  0 1  0 0  2 0
   100  0.2202095058762161E-04   3   1 0  0 0  0 1  0 1
   101  0.2784766374102224E-04   3   0 1  0 0  0 1  0 1
   102  -.1307636632964198E-03   3   0 0  1 0  0 1  0 1
   103  -.1320732116467550E-03   3   0 0  0 1  0 1  0 1
   104  0.6743835108095906E-05   3   1 0  0 0  0 0  1 1
   105  0.1296007340121065E-04   3   0 1  0 0  0 0  1 1
   106  -.3252338339840210E-04   3   0 0  1 0  0 0  1 1
   107  -.6574353069112291E-04   3   0 0  0 1  0 0  1 1
   108  -.6737746112825392E-05   3   1 0  0 0  0 0  0 2
   109  -.5513385256922199E-05   3   0 1  0 0  0 0  0 2
   110  0.3248004236918105E-04   3   0 0  1 0  0 0  0 2
   111  0.3257812200775878E-04   3   0 0  0 1  0 0  0 2
   112  0.1788813512185116       3   0 0  0 0  0 3  0 0
   113  -.1073867929836390       3   0 0  0 0  0 2  1 0
   114  -.3589155573850266E-01   3   0 0  0 0  0 1  2 0
   115  -.3560303957248932E-01   3   0 0  0 0  0 0  3 0
   116  -.5129228292835374E-08   3   0 0  0 0  0 2  0 1
   117  0.3959146241780577E-09   3   0 0  0 0  0 1  1 1
   118  0.1940967231619751E-09   3   0 0  0 0  0 0  2 1
   119  0.5019957884665988E-09   3   0 0  0 0  0 1  0 2
   120  -.1824770190035206E-09   3   0 0  0 0  0 0  1 2
   121  0.2941541875242742E-09   3   0 0  0 0  0 0  0 3
   122  -5.047267800116396       4   4 0  0 0  0 0  0 0
   123  -24.64915236796267       4   3 1  0 0  0 0  0 0
   124  -45.00683327182904       4   2 2  0 0  0 0  0 0
   125  -36.70515775773329       4   1 3  0 0  0 0  0 0
   126  -11.61351220286796       4   0 4  0 0  0 0  0 0
   127  0.3009634071723460E-02   4   3 0  1 0  0 0  0 0
   128  0.1044418179702396E-01   4   2 1  1 0  0 0  0 0
   129  0.1126621063562772E-01   4   1 2  1 0  0 0  0 0
   130  0.3847264126326741E-02   4   0 3  1 0  0 0  0 0
   131  -10.96094915841971       4   2 0  2 0  0 0  0 0
   132  -22.44824322318362       4   1 1  2 0  0 0  0 0
   133  -12.80489310135639       4   0 2  2 0  0 0  0 0
   134  0.4938414218719989E-02   4   1 0  3 0  0 0  0 0
   135  0.3608944466727619E-02   4   0 1  3 0  0 0  0 0
   136  -2.158631488435700       4   0 0  4 0  0 0  0 0
   137  0.4051500161192543E-02   4   3 0  0 1  0 0  0 0
   138  0.1323296230405072E-01   4   2 1  0 1  0 0  0 0
   139  0.1381493307734298E-01   4   1 2  0 1  0 0  0 0
   140  0.4634717175109809E-02   4   0 3  0 1  0 0  0 0
   141  -15.23582629888751       4   2 0  1 1  0 0  0 0
   142  -29.96985106123627       4   1 1  1 1  0 0  0 0
   143  -16.99414722689275       4   0 2  1 1  0 0  0 0
   144  0.1226664207487660E-01   4   1 0  2 1  0 0  0 0
   145  0.8862805789963193E-02   4   0 1  2 1  0 0  0 0
   146  -6.754332032501196       4   0 0  3 1  0 0  0 0
   147  -5.213155412946699       4   2 0  0 2  0 0  0 0
   148  -10.55306479963523       4   1 1  0 2  0 0  0 0
   149  -6.656366162337967       4   0 2  0 2  0 0  0 0
   150  0.1001992017810795E-01   4   1 0  1 2  0 0  0 0
   151  0.7071103147632048E-02   4   0 1  1 2  0 0  0 0
   152  -8.186175234057623       4   0 0  2 2  0 0  0 0
   153  0.2618489297070507E-02   4   1 0  0 3  0 0  0 0
   154  0.1746164036728908E-02   4   0 1  0 3  0 0  0 0
   155  -4.625617485417981       4   0 0  1 3  0 0  0 0
   156  -1.116355854529309       4   0 0  0 4  0 0  0 0
   157  -.4547837274031929       4   3 0  0 0  0 1  0 0
   158  -1.741868195994570       4   2 1  0 0  0 1  0 0
   159  -2.117037609937765       4   1 2  0 0  0 1  0 0
   160  -.8270194309017346       4   0 3  0 0  0 1  0 0
   161  -.9386802418985373E-03   4   2 0  1 0  0 1  0 0
   162  -.3803193855466234E-02   4   1 1  1 0  0 1  0 0
   163  -.3178581095750825E-02   4   0 2  1 0  0 1  0 0
   164  -.1129171618733395       4   1 0  2 0  0 1  0 0
   165  -.5100620683235547E-01   4   0 1  2 0  0 1  0 0
   166  -.7520766711542549E-03   4   0 0  3 0  0 1  0 0
   167  -.8086464289398912E-03   4   2 0  0 1  0 1  0 0
   168  -.2746646175362531E-02   4   1 1  0 1  0 1  0 0
   169  -.2301141426162816E-02   4   0 2  0 1  0 1  0 0
   170  -.1311421352985865       4   1 0  1 1  0 1  0 0
   171  0.7648354051886150E-01   4   0 1  1 1  0 1  0 0
   172  -.2391950561344602E-02   4   0 0  2 1  0 1  0 0
   173  0.3441919682259338E-01   4   1 0  0 2  0 1  0 0
   174  0.1670840713606740       4   0 1  0 2  0 1  0 0
   175  -.2607100277366284E-02   4   0 0  1 2  0 1  0 0
   176  -.9885102454570403E-03   4   0 0  0 3  0 1  0 0
   177  -.1901007452966756       4   3 0  0 0  0 0  1 0
   178  -.9296246806104208       4   2 1  0 0  0 0  1 0
   179  -1.297914418104121       4   1 2  0 0  0 0  1 0
   180  -.5543244125725065       4   0 3  0 0  0 0  1 0
   181  -.6216259271677939E-03   4   2 0  1 0  0 0  1 0
   182  -.3014613137618623E-02   4   1 1  1 0  0 0  1 0
   183  -.2559568136826736E-02   4   0 2  1 0  0 0  1 0
   184  -.1381006833795750E-01   4   1 0  2 0  0 0  1 0
   185  -.2658771786895141E-01   4   0 1  2 0  0 0  1 0
   186  -.4145320045796243E-03   4   0 0  3 0  0 0  1 0
   187  -.7911833359065673E-03   4   2 0  0 1  0 0  1 0
   188  -.2696024457981662E-02   4   1 1  0 1  0 0  1 0
   189  -.2143850883346246E-02   4   0 2  0 1  0 0  1 0
   190  -.7142972939857967E-01   4   1 0  1 1  0 0  1 0
   191  0.1737287688581460E-01   4   0 1  1 1  0 0  1 0
   192  -.1618633404193306E-02   4   0 0  2 1  0 0  1 0
   193  0.4935020367557687E-02   4   1 0  0 2  0 0  1 0
   194  0.9041974062723138E-01   4   0 1  0 2  0 0  1 0
   195  -.1938429023035488E-02   4   0 0  1 2  0 0  1 0
   196  -.7702784707285517E-03   4   0 0  0 3  0 0  1 0
   197  0.6422372641073065       4   3 0  0 0  0 0  0 1
   198   1.855055419523126       4   2 1  0 0  0 0  0 1
   199   1.778770824639066       4   1 2  0 0  0 0  0 1
   200  0.5668587907596032       4   0 3  0 0  0 0  0 1
   201  0.1782117151233070E-02   4   2 0  1 0  0 0  0 1
   202  0.4319101949086677E-02   4   1 1  1 0  0 0  0 1
   203  0.2674108776990313E-02   4   0 2  1 0  0 0  0 1
   204  0.1257945861325133       4   1 0  2 0  0 0  0 1
   205  0.5200736731113770E-01   4   0 1  2 0  0 0  0 1
   206  0.1208392093279430E-02   4   0 0  3 0  0 0  0 1
   207  0.6695836772188215E-03   4   2 0  0 1  0 0  0 1
   208  0.1872203475655719E-02   4   1 1  0 1  0 0  0 1
   209  0.1370470979083271E-02   4   0 2  0 1  0 0  0 1
   210  0.1422060182559145       4   1 0  1 1  0 0  0 1
   211  0.2452833895474607E-01   4   0 1  1 1  0 0  0 1
   212  0.2699512699911625E-02   4   0 0  2 1  0 0  0 1
   213  0.1956615620920666E-01   4   1 0  0 2  0 0  0 1
   214  -.2696963140404393E-01   4   0 1  0 2  0 0  0 1
   215  0.2030342929324727E-02   4   0 0  1 2  0 0  0 1
   216  0.5652451756290465E-03   4   0 0  0 3  0 0  0 1
   217  -1.041026483356284       4   2 0  0 0  0 2  0 0
   218  -3.626770231596917       4   1 1  0 0  0 2  0 0
   219  -3.415641981646902       4   0 2  0 0  0 2  0 0
   220  -.5529629783246788E-04   4   1 0  1 0  0 2  0 0
   221  -.1121958161216605E-03   4   0 1  1 0  0 2  0 0
   222  -.5126637217149106       4   0 0  2 0  0 2  0 0
   223  -.1159333328314641E-03   4   1 0  0 1  0 2  0 0
   224  -.1897925362174855E-03   4   0 1  0 1  0 2  0 0
   225  -1.017376361586640       4   0 0  1 1  0 2  0 0
   226  -.8113554005902348       4   0 0  0 2  0 2  0 0
   227  -.5055068670087860       4   2 0  0 0  0 1  1 0
   228  -2.411492302801071       4   1 1  0 0  0 1  1 0
   229  -2.583317917488239       4   0 2  0 0  0 1  1 0
   230  -.2286971484255658E-04   4   1 0  1 0  0 1  1 0
   231  -.6719058212351913E-04   4   0 1  1 0  0 1  1 0
   232  -.1512401218068595       4   0 0  2 0  0 1  1 0
   233  -.7073790972349464E-04   4   1 0  0 1  0 1  1 0
   234  -.1447073928892235E-03   4   0 1  0 1  0 1  1 0
   235  -.7442457047402207       4   0 0  1 1  0 1  1 0
   236  -.5736078117332467       4   0 0  0 2  0 1  1 0
   237  -.2529427507469314       4   2 0  0 0  0 0  2 0
   238  -1.205749412748231       4   1 1  0 0  0 0  2 0
   239  -1.291346938672273       4   0 2  0 0  0 0  2 0
   240  -.1155460284236834E-04   4   1 0  1 0  0 0  2 0
   241  -.3370620040543684E-04   4   0 1  1 0  0 0  2 0
   242  -.7581187255347420E-01   4   0 0  2 0  0 0  2 0
   243  -.3545758579378962E-04   4   1 0  0 1  0 0  2 0
   244  -.7239157815804682E-04   4   0 1  0 1  0 0  2 0
   245  -.3720553345625827       4   0 0  1 1  0 0  2 0
   246  -.2867701948108183       4   0 0  0 2  0 0  2 0
   247   1.799176730020808       4   2 0  0 0  0 1  0 1
   248   4.823031860526689       4   1 1  0 0  0 1  0 1
   249   3.043366597001554       4   0 2  0 0  0 1  0 1
   250  0.7872661876140975E-04   4   1 0  1 0  0 1  0 1
   251  0.1224897986490261E-03   4   0 1  1 0  0 1  0 1
   252  0.7394772743843631       4   0 0  2 0  0 1  0 1
   253  0.1286578085758676E-03   4   1 0  0 1  0 1  0 1
   254  0.1733108282567146E-03   4   0 1  0 1  0 1  0 1
   255   1.488487659389229       4   0 0  1 1  0 1  0 1
   256  0.6228083678644073       4   0 0  0 2  0 1  0 1
   257  0.7130571426283718       4   2 0  0 0  0 0  1 1
   258   2.475998505306488       4   1 1  0 0  0 0  1 1
   259   1.817492746560307       4   0 2  0 0  0 0  1 1
   260  0.2800000675771109E-04   4   1 0  1 0  0 0  1 1
   261  0.5983503424865750E-04   4   0 1  1 0  0 0  1 1
   262  0.1806709923271890       4   0 0  2 0  0 0  1 1
   263  0.6374188248822255E-04   4   1 0  0 1  0 0  1 1
   264  0.9994898490988776E-04   4   0 1  0 1  0 0  1 1
   265  0.7393570656264221       4   0 0  1 1  0 0  1 1
   266  0.4016516177156406       4   0 0  0 2  0 0  1 1
   267  -.7127855127847534       4   2 0  0 0  0 0  0 2
   268  -1.302638891887088       4   1 1  0 0  0 0  0 2
   269  -.5928171254112764       4   0 2  0 0  0 0  0 2
   270  -.2490616855619499E-04   4   1 0  1 0  0 0  0 2
   271  -.2185027809252082E-04   4   0 1  1 0  0 0  0 2
   272  -.1804209906350985       4   0 0  2 0  0 0  0 2
   273  -.2424846037721240E-04   4   1 0  0 1  0 0  0 2
   274  -.2140433821803913E-04   4   0 1  0 1  0 0  0 2
   275  -.3647787471517547       4   0 0  1 1  0 0  0 2
   276  -.1808566211216293       4   0 0  0 2  0 0  0 2
   277  -.1706520819214233E-03   4   1 0  0 0  0 3  0 0
   278  -.2472172033972365E-03   4   0 1  0 0  0 3  0 0
   279  -.8941608927455854E-04   4   0 0  1 0  0 3  0 0
   280  -.1112823688080889E-03   4   0 0  0 1  0 3  0 0
   281  -.9266723050775142E-04   4   1 0  0 0  0 2  1 0
   282  -.1271858838873771E-03   4   0 1  0 0  0 2  1 0
   283  -.2317443979144119E-04   4   0 0  1 0  0 2  1 0
   284  -.8974813995281627E-04   4   0 0  0 1  0 2  1 0
   285  -.5878090199267007E-04   4   1 0  0 0  0 1  2 0
   286  -.7996427579543211E-04   4   0 1  0 0  0 1  2 0
   287  -.1176883061848366E-04   4   0 0  1 0  0 1  2 0
   288  -.5889348310529685E-04   4   0 0  0 1  0 1  2 0
   289  -.3092229449878256E-04   4   1 0  0 0  0 0  3 0
   290  -.4245016676016857E-04   4   0 1  0 0  0 0  3 0
   291  -.7766879182962740E-05   4   0 0  1 0  0 0  3 0
   292  -.2991161249891633E-04   4   0 0  0 1  0 0  3 0
   293  0.1488653545797838E-03   4   1 0  0 0  0 2  0 1
   294  0.1184431388604506E-03   4   0 1  0 0  0 2  0 1
   295  0.9742591836880923E-04   4   0 0  1 0  0 2  0 1
   296  0.1689496021973010E-03   4   0 0  0 1  0 2  0 1
   297  0.8429579622413006E-04   4   1 0  0 0  0 1  1 1
   298  0.6658827277558450E-04   4   0 1  0 0  0 1  1 1
   299  0.1515600877743430E-04   4   0 0  1 0  0 1  1 1
   300  0.1079655232687732E-03   4   0 0  0 1  0 1  1 1
   301  0.4216263085057901E-04   4   1 0  0 0  0 0  2 1
   302  0.3330628183501365E-04   4   0 1  0 0  0 0  2 1
   303  0.7628414492995266E-05   4   0 0  1 0  0 0  2 1
   304  0.5398792228228869E-04   4   0 0  0 1  0 0  2 1
   305  -.1300368576325781E-05   4   1 0  0 0  0 1  0 2
   306  0.2173676414427180E-05   4   0 1  0 0  0 1  0 2
   307  -.6095742937970143E-05   4   0 0  1 0  0 1  0 2
   308  -.2454429306956242E-04   4   0 0  0 1  0 1  0 2
   309  -.5853545491186083E-05   4   1 0  0 0  0 0  1 2
   310  -.2006724496676073E-05   4   0 1  0 0  0 0  1 2
   311  0.5801343001600675E-05   4   0 0  1 0  0 0  1 2
   312  -.1104674512230849E-04   4   0 0  0 1  0 0  1 2
   313  0.1189417320862514E-06   4   1 0  0 0  0 0  0 3
   314  0.1992739864556722E-06   4   0 1  0 0  0 0  0 3
   315  -.6558555520398990E-05   4   0 0  1 0  0 0  0 3
   316  -.5990839137320690E-05   4   0 0  0 1  0 0  0 3
   317  -.1565302527533731       4   0 0  0 0  0 4  0 0
   318  0.8947684273847492E-01   4   0 0  0 0  0 3  1 0
   319  0.2686485437593954E-01   4   0 0  0 0  0 2  2 0
   320  0.1798162647864466E-01   4   0 0  0 0  0 1  3 0
   321  0.2220686151615170E-01   4   0 0  0 0  0 0  4 0
   322  0.6991411151263114E-08   4   0 0  0 0  0 3  0 1
   323  0.3578737642783354E-08   4   0 0  0 0  0 2  1 1
   324  0.2875730496173193E-08   4   0 0  0 0  0 1  2 1
   325  0.9635180035356348E-09   4   0 0  0 0  0 0  3 1
   326  -.4694665918322018E-09   4   0 0  0 0  0 2  0 2
   327  0.3023376490707517E-09   4   0 0  0 0  0 1  1 2
   328  0.1165944962162255E-09   4   0 0  0 0  0 0  2 2
   329  -.5369305432215992E-09   4   0 0  0 0  0 1  0 3
   330  -.2428449648338696E-09   4   0 0  0 0  0 0  1 3
   331  -.3738643423436733E-10   4   0 0  0 0  0 0  0 4
   ----------------------------------------------------
     I  COEFFICIENT            ORDER EXPONENTS
     1   1.000000000000000       1   0 0  0 0  0 1  0 0
     --------------------------------------------------
     I  COEFFICIENT            ORDER EXPONENTS
     1   1.000000000000000       1   0 0  0 0  0 0  1 0
     --------------------------------------------------
     I  COEFFICIENT            ORDER EXPONENTS
     1   1.000000000000000       1   0 0  0 0  0 0  0 1
     --------------------------------------------------
