 L    0.1145458000000000E+01
 P (  0.0000000000000000E+00,  0.0000000000000000E+00,  0.9555200000000000E-01)
 A (  0.0000000000000000E+00,  0.0000000000000000E+00,  0.0000000000000000E+00)
     I  COEFFICIENT            ORDER EXPONENTS
     1  0.9555160563326813E-04   0   0 0  0 0  0 0  0 0
     2   1.807699097991651       1   1 0  0 0  0 0  0 0
     3   1.860906315792112       1   0 1  0 0  0 0  0 0
     4  0.2427078490448399E-04   1   0 0  1 0  0 0  0 0
     5  0.2140632367945371E-04   1   0 0  0 1  0 0  0 0
     6  -.8773235925998959E-06   1   0 0  0 0  0 1  0 0
     7  -.8761429318559913E-06   1   0 0  0 0  0 0  1 0
     8  0.1753466526607153E-05   1   0 0  0 0  0 0  0 1
     9  -.2129966614309851       2   2 0  0 0  0 0  0 0
    10  -.3802064185559533       2   1 1  0 0  0 0  0 0
    11  -.1704762752613574       2   0 2  0 0  0 0  0 0
    12  0.8163206952187730E-03   2   1 0  1 0  0 0  0 0
    13  0.2225328665022494E-03   2   0 1  1 0  0 0  0 0
    14  0.1418882204759916       2   0 0  2 0  0 0  0 0
    15  0.8723045934703058E-03   2   1 0  0 1  0 0  0 0
    16  0.3922502593109365E-03   2   0 1  0 1  0 0  0 0
    17  0.2525057990107883       2   0 0  1 1  0 0  0 0
    18  0.1133221321359489       2   0 0  0 2  0 0  0 0
    19  -.4458611814446073       2   1 0  0 0  0 1  0 0
    20  -1.323838974821570       2   0 1  0 0  0 1  0 0
    21  -.1342663945821716E-04   2   0 0  1 0  0 1  0 0
    22  -.2263614746783481E-04   2   0 0  0 1  0 1  0 0
    23  -.4452611624793286       2   1 0  0 0  0 0  1 0
    24  -1.322057414719624       2   0 1  0 0  0 0  1 0
    25  -.1340857051960983E-04   2   0 0  1 0  0 0  1 0
    26  -.2260568480737724E-04   2   0 0  0 1  0 0  1 0
    27  0.8911223439633806       2   1 0  0 0  0 0  0 1
    28  0.7849900737880432       2   0 1  0 0  0 0  0 1
    29  0.2683518486524995E-04   2   0 0  1 0  0 0  0 1
    30  0.2383548425092916E-04   2   0 0  0 1  0 0  0 1
    31  0.3114496448212391E-06   2   0 0  0 0  0 2  0 0
    32  -.2528849052816195E-06   2   0 0  0 0  0 1  1 0
    33  0.3112006708619862E-06   2   0 0  0 0  0 0  2 0
    34  0.5072413568215634E-06   2   0 0  0 0  0 1  0 1
    35  0.5065587353090712E-06   2   0 0  0 0  0 0  1 1
    36  -.1383626653031472E-05   2   0 0  0 0  0 0  0 2
    37   4.095219090459431       3   3 0  0 0  0 0  0 0
    38   16.79723433939957       3   2 1  0 0  0 0  0 0
    39   21.20796394648777       3   1 2  0 0  0 0  0 0
    40   9.395828679310206       3   0 3  0 0  0 0  0 0
    41  -.1547639680537327E-01   3   2 0  1 0  0 0  0 0
    42  -.2705423831246691E-01   3   1 1  1 0  0 0  0 0
    43  -.1183661843502673E-01   3   0 2  1 0  0 0  0 0
    44  -1.987672552785218       3   1 0  2 0  0 0  0 0
    45  0.7040600263349710       3   0 1  2 0  0 0  0 0
    46  0.3548819140768470E-02   3   0 0  3 0  0 0  0 0
    47  -.1404718927796189E-01   3   2 0  0 1  0 0  0 0
    48  -.2474614759186006E-01   3   1 1  0 1  0 0  0 0
    49  -.1090244012293487E-01   3   0 2  0 1  0 0  0 0
    50  -6.385318995808321       3   1 0  1 1  0 0  0 0
    51  -2.027305448496926       3   0 1  1 1  0 0  0 0
    52  0.9391104443202672E-02   3   0 0  2 1  0 0  0 0
    53  -3.232366776553922       3   1 0  0 2  0 0  0 0
    54  -.6458652525326625       3   0 1  0 2  0 0  0 0
    55  0.8367547603400426E-02   3   0 0  1 2  0 0  0 0
    56  0.2522607072018605E-02   3   0 0  0 3  0 0  0 0
    57  0.1390458169471787       3   2 0  0 0  0 1  0 0
    58  0.4374604095506359       3   1 1  0 0  0 1  0 0
    59  0.2808882874527368       3   0 2  0 0  0 1  0 0
    60  -.3810943086207755E-03   3   1 0  1 0  0 1  0 0
    61  -.1245819568937073E-03   3   0 1  1 0  0 1  0 0
    62  -.6566646890569808E-01   3   0 0  2 0  0 1  0 0
    63  -.9684083748119459E-03   3   1 0  0 1  0 1  0 0
    64  -.6129796078948952E-03   3   0 1  0 1  0 1  0 0
    65  -.2419854718493434       3   0 0  1 1  0 1  0 0
    66  -.1648738635199389       3   0 0  0 2  0 1  0 0
    67  0.1388586956397299       3   2 0  0 0  0 0  1 0
    68  0.4368716959482501       3   1 1  0 0  0 0  1 0
    69  0.2805102812332855       3   0 2  0 0  0 0  1 0
    70  -.3805814498605863E-03   3   1 0  1 0  0 0  1 0
    71  -.1244143003674620E-03   3   0 1  1 0  0 0  1 0
    72  -.6557809806659858E-01   3   0 0  2 0  0 0  1 0
    73  -.9671051364606290E-03   3   1 0  0 1  0 0  1 0
    74  -.6121546888273171E-03   3   0 1  0 1  0 0  1 0
    75  -.2416598192057094       3   0 0  1 1  0 0  1 0
    76  -.1646519840446500       3   0 0  0 2  0 0  1 0
    77  -.2779049360272048       3   2 0  0 0  0 0  0 1
    78  -.4941263931936259       3   1 1  0 0  0 0  0 1
    79  -.2204463127723372       3   0 2  0 0  0 0  0 1
    80  0.7606640574767128E-03   3   1 0  1 0  0 0  0 1
    81  0.2545029348113061E-04   3   0 1  1 0  0 0  0 1
    82  0.1312447632630423       3   0 0  2 0  0 0  0 1
    83  0.1062150531351938E-02   3   1 0  0 1  0 0  0 1
    84  0.4395685264236718E-03   3   0 1  0 1  0 0  0 1
    85  0.2311397994621376       3   0 0  1 1  0 0  0 1
    86  0.1028817022238274       3   0 0  0 2  0 0  0 1
    87  0.3560541607751991       3   1 0  0 0  0 2  0 0
    88   1.207261615524759       3   0 1  0 0  0 2  0 0
    89  0.1070569491929679E-04   3   0 0  1 0  0 2  0 0
    90  0.2354769404177781E-04   3   0 0  0 1  0 2  0 0
    91  0.2664881776384289       3   1 0  0 0  0 1  1 0
    92   1.090995861986729       3   0 1  0 0  0 1  1 0
    93  0.7895853168065468E-05   3   0 0  1 0  0 1  1 0
    94  0.2436660674164921E-04   3   0 0  0 1  0 1  1 0
    95  0.3553956862507249       3   1 0  0 0  0 0  2 0
    96   1.204902834331753       3   0 1  0 0  0 0  2 0
    97  0.1068597476607905E-04   3   0 0  1 0  0 0  2 0
    98  0.2349960894944978E-04   3   0 0  0 1  0 0  2 0
    99  -.5327359108131854       3   1 0  0 0  0 1  0 1
   100  -.8578421609286401       3   0 1  0 0  0 1  0 1
   101  -.1572485017491791E-04   3   0 0  1 0  0 1  0 1
   102  -.2600228433022565E-04   3   0 0  0 1  0 1  0 1
   103  -.5320189799313890       3   1 0  0 0  0 0  1 1
   104  -.8566877173771645       3   0 1  0 0  0 0  1 1
   105  -.1570368841263901E-04   3   0 0  1 0  0 0  1 1
   106  -.2596729168141923E-04   3   0 0  0 1  0 0  1 1
   107  0.8681643411142789E-01   3   1 0  0 0  0 0  0 2
   108  0.7227504547825395E-01   3   0 1  0 0  0 0  0 2
   109  0.2206451732334889E-05   3   0 0  1 0  0 0  0 2
   110  0.2087630588072413E-05   3   0 0  0 1  0 0  0 2
   111  -.1745073989596749E-07   3   0 0  0 0  0 3  0 0
   112  0.5700220682954016E-06   3   0 0  0 0  0 2  1 0
   113  0.5688362258733360E-06   3   0 0  0 0  0 1  2 0
   114  -.1779855159092512E-07   3   0 0  0 0  0 0  3 0
   115  -.1140949330073994E-05   3   0 0  0 0  0 2  0 1
   116  -.1772823416902372E-05   3   0 0  0 0  0 1  1 1
   117  -.1138221003134245E-05   3   0 0  0 0  0 0  2 1
   118  0.1520172888689533E-05   3   0 0  0 0  0 1  0 2
   119  0.1518127111659286E-05   3   0 0  0 0  0 0  1 2
   120  -.9039907828036882E-07   3   0 0  0 0  0 0  0 3
   121  -27.77059869652958       4   4 0  0 0  0 0  0 0
   122  -103.3585730202427       4   3 1  0 0  0 0  0 0
   123  -144.9333046294730       4   2 2  0 0  0 0  0 0
   124  -90.89881652416440       4   1 3  0 0  0 0  0 0
   125  -21.54223762188225       4   0 4  0 0  0 0  0 0
   126  -.1204351181699673E-01   4   3 0  1 0  0 0  0 0
   127  -.3479545355649248E-01   4   2 1  1 0  0 0  0 0
   128  -.3610440913832879E-01   4   1 2  1 0  0 0  0 0
   129  -.1321859414935199E-01   4   0 3  1 0  0 0  0 0
   130   92.46671393984255       4   2 0  2 0  0 0  0 0
   131   162.9499732300284       4   1 1  2 0  0 0  0 0
   132   72.34130284470231       4   0 2  2 0  0 0  0 0
   133  0.7244061438906410E-02   4   1 0  3 0  0 0  0 0
   134  0.5487798160575453E-02   4   0 1  3 0  0 0  0 0
   135  -10.56161269454519       4   0 0  4 0  0 0  0 0
   136  -.9177893294218097E-02   4   3 0  0 1  0 0  0 0
   137  -.2467376084169183E-01   4   2 1  0 1  0 0  0 0
   138  -.2342768273835259E-01   4   1 2  0 1  0 0  0 0
   139  -.7938615523456913E-02   4   0 3  0 1  0 0  0 0
   140   169.8628170806257       4   2 0  1 1  0 0  0 0
   141   301.6009271075193       4   1 1  1 1  0 0  0 0
   142   134.9982596785771       4   0 2  1 1  0 0  0 0
   143  0.1993165226146437E-01   4   1 0  2 1  0 0  0 0
   144  0.1583679204297067E-01   4   0 1  2 1  0 0  0 0
   145  -37.13803635873761       4   0 0  3 1  0 0  0 0
   146   78.43595928095459       4   2 0  0 2  0 0  0 0
   147   140.1355643346824       4   1 1  0 2  0 0  0 0
   148   63.15442160740821       4   0 2  0 2  0 0  0 0
   149  0.1745078745097143E-01   4   1 0  1 2  0 0  0 0
   150  0.1433209037752378E-01   4   0 1  1 2  0 0  0 0
   151  -49.29507377469685       4   0 0  2 2  0 0  0 0
   152  0.5467304424135063E-02   4   1 0  0 3  0 0  0 0
   153  0.4566479970916313E-02   4   0 1  0 3  0 0  0 0
   154  -29.15654046737253       4   0 0  1 3  0 0  0 0
   155  -6.456993293271610       4   0 0  0 4  0 0  0 0
   156  -6.866732676099693       4   3 0  0 0  0 1  0 0
   157  -32.33936157611527       4   2 1  0 0  0 1  0 0
   158  -48.11159946668389       4   1 2  0 0  0 1  0 0
   159  -24.11329507166612       4   0 3  0 0  0 1  0 0
   160  0.1344359921315670E-02   4   2 0  1 0  0 1  0 0
   161  0.1409818809502038E-01   4   1 1  1 0  0 1  0 0
   162  0.1118107446606303E-01   4   0 2  1 0  0 1  0 0
   163  0.4769265247795619       4   1 0  2 0  0 1  0 0
   164  -1.607475140840370       4   0 1  2 0  0 1  0 0
   165  -.5156999650300512E-03   4   0 0  3 0  0 1  0 0
   166  0.7145260638128047E-02   4   2 0  0 1  0 1  0 0
   167  0.2314373923136188E-01   4   1 1  0 1  0 1  0 0
   168  0.1472207219401873E-01   4   0 2  0 1  0 1  0 0
   169   6.998085645979987       4   1 0  1 1  0 1  0 0
   170   2.845613718012823       4   0 1  1 1  0 1  0 0
   171  -.5565885575121485E-02   4   0 0  2 1  0 1  0 0
   172   5.733012328144088       4   1 0  0 2  0 1  0 0
   173   2.043328663682443       4   0 1  0 2  0 1  0 0
   174  -.8667095225603820E-02   4   0 0  1 2  0 1  0 0
   175  -.3730577535050916E-02   4   0 0  0 3  0 1  0 0
   176  -6.857491750881498       4   3 0  0 0  0 0  1 0
   177  -32.29584078740555       4   2 1  0 0  0 0  1 0
   178  -48.04685314354069       4   1 2  0 0  0 0  1 0
   179  -24.08084453557814       4   0 3  0 0  0 0  1 0
   180  0.1342550745091110E-02   4   2 0  1 0  0 0  1 0
   181  0.1407921541790682E-01   4   1 1  1 0  0 0  1 0
   182  0.1116602750299246E-01   4   0 2  1 0  0 0  1 0
   183  0.4762846995392827       4   1 0  2 0  0 0  1 0
   184  -1.605311876553519       4   0 1  2 0  0 0  1 0
   185  -.5150059603212105E-03   4   0 0  3 0  0 0  1 0
   186  0.7135644883105783E-02   4   2 0  0 1  0 0  1 0
   187  0.2311259347783110E-01   4   1 1  0 1  0 0  1 0
   188  0.1470225992308732E-01   4   0 2  0 1  0 0  1 0
   189   6.988667952125979       4   1 0  1 1  0 0  1 0
   190   2.841784225180223       4   0 1  1 1  0 0  1 0
   191  -.5558395268625584E-02   4   0 0  2 1  0 0  1 0
   192   5.725297110340381       4   1 0  0 2  0 0  1 0
   193   2.040578848265594       4   0 1  0 2  0 0  1 0
   194  -.8655431457315250E-02   4   0 0  1 2  0 0  1 0
   195  -.3725557099620273E-02   4   0 0  0 3  0 0  1 0
   196   13.72058533074308       4   3 0  0 0  0 0  0 1
   197   47.82669060564454       4   2 1  0 0  0 0  0 1
   198   53.73085649283084       4   1 2  0 0  0 0  0 1
   199   20.00262159226568       4   0 3  0 0  0 0  0 1
   200  0.2236027360422370E-02   4   2 0  1 0  0 0  0 1
   201  0.4763292988959304E-02   4   1 1  1 0  0 0  0 1
   202  0.2534062661349954E-02   4   0 2  1 0  0 0  0 1
   203  -.9482995824357974       4   1 0  2 0  0 0  0 1
   204   2.513609399749694       4   0 1  2 0  0 0  0 1
   205  -.9436669151530056E-04   4   0 0  3 0  0 0  0 1
   206  0.2449426662739832E-02   4   2 0  0 1  0 0  0 1
   207  0.5073955924166871E-02   4   1 1  0 1  0 0  0 1
   208  0.2648037397917617E-02   4   0 2  0 1  0 0  0 1
   209  -7.591246249201837       4   1 0  1 1  0 0  0 1
   210  -1.622598829325123       4   0 1  1 1  0 0  0 1
   211  -.3732670761739991E-03   4   0 0  2 1  0 0  0 1
   212  -4.988255322990351       4   1 0  0 2  0 0  0 1
   213  -2.140963204806652       4   0 1  0 2  0 0  0 1
   214  -.4184278538152563E-03   4   0 0  1 2  0 0  0 1
   215  -.1291957901754577E-03   4   0 0  0 3  0 0  0 1
   216  -.1252129088727995       4   2 0  0 0  0 2  0 0
   217  -.4896798797779559       4   1 1  0 0  0 2  0 0
   218  -.3812517916520661       4   0 2  0 0  0 2  0 0
   219  -.3832260844589599E-03   4   1 0  1 0  0 2  0 0
   220  -.2691155629375694E-03   4   0 1  1 0  0 2  0 0
   221  0.4663092677590933E-01   4   0 0  2 0  0 2  0 0
   222  0.4443742712052084E-03   4   1 0  0 1  0 2  0 0
   223  0.5134543985662800E-03   4   0 1  0 1  0 2  0 0
   224  0.2343583263109772       4   0 0  1 1  0 2  0 0
   225  0.2010558380616946       4   0 0  0 2  0 2  0 0
   226  -.1095006508751993       4   2 0  0 0  0 1  1 0
   227  -.5375683082967019       4   1 1  0 0  0 1  1 0
   228  -.4788480631819774       4   0 2  0 0  0 1  1 0
   229  -.5606161138288388E-03   4   1 0  1 0  0 1  1 0
   230  -.4096059372409047E-03   4   0 1  1 0  0 1  1 0
   231  0.2840069051743838E-01   4   0 0  2 0  0 1  1 0
   232  0.4508527554027663E-03   4   1 0  0 1  0 1  1 0
   233  0.6338791680623519E-03   4   0 1  0 1  0 1  1 0
   234  0.2278316708854342       4   0 0  1 1  0 1  1 0
   235  0.2376139796536734       4   0 0  0 2  0 1  1 0
   236  -.1249707228334312       4   2 0  0 0  0 0  2 0
   237  -.4886591746262527       4   1 1  0 0  0 0  2 0
   238  -.3804165153805736       4   0 2  0 0  0 0  2 0
   239  -.3823331314827849E-03   4   1 0  1 0  0 0  2 0
   240  -.2684777857127458E-03   4   0 1  1 0  0 0  2 0
   241  0.4654906291688417E-01   4   0 0  2 0  0 0  2 0
   242  0.4434728850585332E-03   4   1 0  0 1  0 0  2 0
   243  0.5123368934796064E-03   4   0 1  0 1  0 0  2 0
   244  0.2338896353576829       4   0 0  1 1  0 0  2 0
   245  0.2006253817425357       4   0 0  0 2  0 0  2 0
   246  0.2163918692956051       4   2 0  0 0  0 1  0 1
   247  0.6308409199559009       4   1 1  0 0  0 1  0 1
   248  0.3910745971776523       4   0 2  0 0  0 1  0 1
   249  0.9888930700715321E-03   4   1 0  1 0  0 1  0 1
   250  0.9884638528183806E-03   4   0 1  1 0  0 1  0 1
   251  -.5738517771136847E-01   4   0 0  2 0  0 1  0 1
   252  0.1537673685708201E-03   4   1 0  0 1  0 1  0 1
   253  0.2967401229736113E-03   4   0 1  0 1  0 1  0 1
   254  -.2143923318333129       4   0 0  1 1  0 1  0 1
   255  -.1460475598673657       4   0 0  0 2  0 1  0 1
   256  0.2161006593160982       4   2 0  0 0  0 0  1 1
   257  0.6299919639763094       4   1 1  0 0  0 0  1 1
   258  0.3905483074154667       4   0 2  0 0  0 0  1 1
   259  0.9875622643827451E-03   4   1 0  1 0  0 0  1 1
   260  0.9871336247499441E-03   4   0 1  1 0  0 0  1 1
   261  -.5730795144367476E-01   4   0 0  2 0  0 0  1 1
   262  0.1535604356930018E-03   4   1 0  0 1  0 0  1 1
   263  0.2963407841009899E-03   4   0 1  0 1  0 0  1 1
   264  -.2141038127370931       4   0 0  1 1  0 0  1 1
   265  -.1458510159442796       4   0 0  0 2  0 0  1 1
   266  -.7467886087251074E-01   4   2 0  0 0  0 0  0 2
   267  -.1306895898824348       4   1 1  0 0  0 0  0 2
   268  -.5715629266754969E-01   4   0 2  0 0  0 0  0 2
   269  -.7958867100155390E-03   4   1 0  1 0  0 0  0 2
   270  -.7556403962993213E-03   4   0 1  1 0  0 0  0 2
   271  -.7508567261793472E-02   4   0 0  2 0  0 0  0 2
   272  -.6424812644857666E-03   4   1 0  0 1  0 0  0 2
   273  -.6205436608861465E-03   4   0 1  0 1  0 0  0 2
   274  -.1585511275818727E-01   4   0 0  1 1  0 0  0 2
   275  -.8020157209719856E-02   4   0 0  0 2  0 0  0 2
   276  -.3116235744479123       4   1 0  0 0  0 3  0 0
   277  -1.158423342358436       4   0 1  0 0  0 3  0 0
   278  -.1389595063167085E-04   4   0 0  1 0  0 3  0 0
   279  -.2955827778614780E-04   4   0 0  0 1  0 3  0 0
   280  -.2228053291710500       4   1 0  0 0  0 2  1 0
   281  -1.060770830430467       4   0 1  0 0  0 2  1 0
   282  -.9275435189542148E-05   4   0 0  1 0  0 2  1 0
   283  -.2934033985576575E-04   4   0 0  0 1  0 2  1 0
   284  -.2229837737348215       4   1 0  0 0  0 1  2 0
   285  -1.060964807707727       4   0 1  0 0  0 1  2 0
   286  -.9284724548020742E-05   4   0 0  1 0  0 1  2 0
   287  -.2934069949434565E-04   4   0 0  0 1  0 1  2 0
   288  -.3108448036475022       4   1 0  0 0  0 0  3 0
   289  -1.155372109320122       4   0 1  0 0  0 0  3 0
   290  -.1386166705277618E-04   4   0 0  1 0  0 0  3 0
   291  -.2947889476146626E-04   4   0 0  0 1  0 0  3 0
   292  0.4455434553125486       4   1 0  0 0  0 2  0 1
   293  0.9142287435015217       4   0 1  0 0  0 2  0 1
   294  0.1707843708460155E-04   4   0 0  1 0  0 2  0 1
   295  0.3218458605837132E-04   4   0 0  0 1  0 2  0 1
   296  0.3585756648243269       4   1 0  0 0  0 1  1 1
   297  0.9704531258120939       4   0 1  0 0  0 1  1 1
   298  0.1255300502099356E-04   4   0 0  1 0  0 1  1 1
   299  0.3222131016877095E-04   4   0 0  0 1  0 1  1 1
   300  0.4447025868128140       4   1 0  0 0  0 0  2 1
   301  0.9123454225042101       4   0 1  0 0  0 0  2 1
   302  0.1704700710757487E-04   4   0 0  1 0  0 0  2 1
   303  0.3211959259891747E-04   4   0 0  0 1  0 0  2 1
   304  -.9208068783718168E-01   4   1 0  0 0  0 1  0 2
   305  -.1126769407646796       4   0 1  0 0  0 1  0 2
   306  -.1030065949169854E-05   4   0 0  1 0  0 1  0 2
   307  -.1796705554669830E-05   4   0 0  0 1  0 1  0 2
   308  -.9195676998710509E-01   4   1 0  0 0  0 0  1 2
   309  -.1125253054480805       4   0 1  0 0  0 0  1 2
   310  -.1028679734960858E-05   4   0 0  1 0  0 0  1 2
   311  -.1794287633010207E-05   4   0 0  0 1  0 0  1 2
   312  0.3466917461057768E-02   4   1 0  0 0  0 0  0 3
   313  0.2791266739980635E-02   4   0 1  0 0  0 0  0 3
   314  0.2181563904747253E-06   4   0 0  1 0  0 0  0 3
   315  0.1762713485580773E-06   4   0 0  0 1  0 0  0 3
   316  -.3630463942435888E-04   4   0 0  0 0  0 4  0 0
   317  -.2590530728436810E-04   4   0 0  0 0  0 3  1 0
   318  -.2454198862388029E-04   4   0 0  0 0  0 2  2 0
   319  -.2593497687954635E-04   4   0 0  0 0  0 1  3 0
   320  -.3618956170452425E-04   4   0 0  0 0  0 0  4 0
   321  0.1211410942747364E-04   4   0 0  0 0  0 3  0 1
   322  0.1286986012550378E-04   4   0 0  0 0  0 2  1 1
   323  0.1286830163609464E-04   4   0 0  0 0  0 1  2 1
   324  0.1208100737428680E-04   4   0 0  0 0  0 0  3 1
   325  -.1163903898710503E-05   4   0 0  0 0  0 2  0 2
   326  -.1457309754961787E-05   4   0 0  0 0  0 1  1 2
   327  -.1161356982302712E-05   4   0 0  0 0  0 0  2 2
   328  0.3830950160195642E-07   4   0 0  0 0  0 1  0 3
   329  0.3825794648016475E-07   4   0 0  0 0  0 0  1 3
   330  -.9247059417760431E-14   4   0 0  0 0  0 0  0 4
   ----------------------------------------------------
     I  COEFFICIENT            ORDER EXPONENTS
     1  0.5435800193987283E-04   0   0 0  0 0  0 0  0 0
     2   3.859063163240203       1   1 0  0 0  0 0  0 0
     3   4.525838964093459       1   0 1  0 0  0 0  0 0
     4  0.1099902922340241E-03   1   0 0  1 0  0 0  0 0
     5  0.1014262806785814E-03   1   0 0  0 1  0 0  0 0
     6  0.3265766326670012E-05   1   0 0  0 0  0 1  0 0
     7  0.3261371412257400E-05   1   0 0  0 0  0 0  1 0
     8  0.4783086421094184E-04   1   0 0  0 0  0 0  0 1
     9  -1.094700921834777       2   2 0  0 0  0 0  0 0
    10  -1.998969364696707       2   1 1  0 0  0 0  0 0
    11  -.9168835430674802       2   0 2  0 0  0 0  0 0
    12  0.5259551535447802E-02   2   1 0  1 0  0 0  0 0
    13  0.3844567263717664E-02   2   0 1  1 0  0 0  0 0
    14  0.6296666543466337       2   0 0  2 0  0 0  0 0
    15  0.4962022981057254E-02   2   1 0  0 1  0 0  0 0
    16  0.3760499273678202E-02   2   0 1  0 1  0 0  0 0
    17   1.149217217146342       2   0 0  1 1  0 0  0 0
    18  0.5301695699306515       2   0 0  0 2  0 0  0 0
    19  -.2953201149855550       2   1 0  0 0  0 1  0 0
    20  -2.013855837487863       2   0 1  0 0  0 1  0 0
    21  -.7254961744710995E-05   2   0 0  1 0  0 1  0 0
    22  -.5783591693832398E-04   2   0 0  0 1  0 1  0 0
    23  -.2949226870927622       2   1 0  0 0  0 0  1 0
    24  -2.011145685211510       2   0 1  0 0  0 0  1 0
    25  -.7245198359109338E-05   2   0 0  1 0  0 0  1 0
    26  -.5775808408702066E-04   2   0 0  0 1  0 0  1 0
    27   4.449305965530814       2   1 0  0 0  0 0  0 1
    28   4.025001522907528       2   0 1  0 0  0 0  0 1
    29  0.1244902836973022E-03   2   0 0  1 0  0 0  0 1
    30  0.1155938325418527E-03   2   0 0  0 1  0 0  0 1
    31  -.2625495815595157E-05   2   0 0  0 0  0 2  0 0
    32  -.1986936897203557E-05   2   0 0  0 0  0 1  1 0
    33  -.2620625584043319E-05   2   0 0  0 0  0 0  2 0
    34  0.7237931121754176E-05   2   0 0  0 0  0 1  0 1
    35  0.7228190655162250E-05   2   0 0  0 0  0 0  1 1
    36  -.7233060524578428E-05   2   0 0  0 0  0 0  0 2
    37  -24.97392031622922       3   3 0  0 0  0 0  0 0
    38  -72.03788168205672       3   2 1  0 0  0 0  0 0
    39  -70.94753350626878       3   1 2  0 0  0 0  0 0
    40  -21.98907638860723       3   0 3  0 0  0 0  0 0
    41  -.7832667317827553E-01   3   2 0  1 0  0 0  0 0
    42  -.1410750224002957       3   1 1  1 0  0 0  0 0
    43  -.6380900245213486E-01   3   0 2  1 0  0 0  0 0
    44  -24.64320617034787       3   1 0  2 0  0 0  0 0
    45  -18.89359290072655       3   0 1  2 0  0 0  0 0
    46  0.1531891832542834E-01   3   0 0  3 0  0 0  0 0
    47  -.7442165064713607E-01   3   2 0  0 1  0 0  0 0
    48  -.1353137447367654       3   1 1  0 1  0 0  0 0
    49  -.6172649128782345E-01   3   0 2  0 1  0 0  0 0
    50  -53.87177076797452       3   1 0  1 1  0 0  0 0
    51  -43.80727348562634       3   0 1  1 1  0 0  0 0
    52  0.4138818480240843E-01   3   0 0  2 1  0 0  0 0
    53  -26.11719398720695       3   1 0  0 2  0 0  0 0
    54  -20.17603004264173       3   0 1  0 2  0 0  0 0
    55  0.3766534354208881E-01   3   0 0  1 2  0 0  0 0
    56  0.1160383532907749E-01   3   0 0  0 3  0 0  0 0
    57  0.2296552719465597       3   2 0  0 0  0 1  0 0
    58   1.408348226246210       3   1 1  0 0  0 1  0 0
    59   1.098793926339128       3   0 2  0 0  0 1  0 0
    60  -.1810594150378915E-02   3   1 0  1 0  0 1  0 0
    61  -.3205171166239578E-02   3   0 1  1 0  0 1  0 0
    62  0.2418867264777451E-01   3   0 0  2 0  0 1  0 0
    63  -.4522584917503914E-02   3   1 0  0 1  0 1  0 0
    64  -.5336981158504808E-02   3   0 1  0 1  0 1  0 0
    65  -.5216328681017066       3   0 0  1 1  0 1  0 0
    66  -.5027118163111618       3   0 0  0 2  0 1  0 0
    67  0.2293462127048424       3   2 0  0 0  0 0  1 0
    68   1.406452937576461       3   1 1  0 0  0 0  1 0
    69   1.097315221257414       3   0 2  0 0  0 0  1 0
    70  -.1808157538101683E-02   3   1 0  1 0  0 0  1 0
    71  -.3200857797938535E-02   3   0 1  1 0  0 0  1 0
    72  0.2415612067209709E-01   3   0 0  2 0  0 0  1 0
    73  -.4516498635863979E-02   3   1 0  0 1  0 0  1 0
    74  -.5329798900784901E-02   3   0 1  0 1  0 0  1 0
    75  -.5209308791715221       3   0 0  1 1  0 0  1 0
    76  -.5020352904407579       3   0 0  0 2  0 0  1 0
    77  -1.553705943770775       3   2 0  0 0  0 0  0 1
    78  -2.814807149537530       3   1 1  0 0  0 0  0 1
    79  -1.279228140211404       3   0 2  0 0  0 0  0 1
    80  0.8873167921433589E-02   3   1 0  1 0  0 0  0 1
    81  0.6400961908626138E-02   3   0 1  1 0  0 0  0 1
    82  0.5813237195119503       3   0 0  2 0  0 0  0 1
    83  0.9033504684689280E-02   3   1 0  0 1  0 0  0 1
    84  0.6900698580403320E-02   3   0 1  0 1  0 0  0 1
    85   1.042566881675568       3   0 0  1 1  0 0  0 1
    86  0.4745788535165319       3   0 0  0 2  0 0  0 1
    87  0.2291918009538649       3   1 0  0 0  0 2  0 0
    88   1.641321723141402       3   0 1  0 0  0 2  0 0
    89  0.4919411159591565E-05   3   0 0  1 0  0 2  0 0
    90  0.4638239837244882E-04   3   0 0  0 1  0 2  0 0
    91  0.1632403696578196       3   1 0  0 0  0 1  1 0
    92   1.269786186522509       3   0 1  0 0  0 1  1 0
    93  0.2535412149960915E-05   3   0 0  1 0  0 1  1 0
    94  0.3493958937381141E-04   3   0 0  0 1  0 1  1 0
    95  0.2287735248314648       3   1 0  0 0  0 0  2 0
    96   1.638258500515781       3   0 1  0 0  0 0  2 0
    97  0.4911084828809488E-05   3   0 0  1 0  0 0  2 0
    98  0.4629646910027811E-04   3   0 0  0 1  0 0  2 0
    99  -.6216228183949473       3   1 0  0 0  0 1  0 1
   100  -2.538572800215891       3   0 1  0 0  0 1  0 1
   101  -.1247382068164876E-04   3   0 0  1 0  0 1  0 1
   102  -.6999523338163185E-04   3   0 0  0 1  0 1  0 1
   103  -.6207862677020239       3   1 0  0 0  0 0  1 1
   104  -2.535156508580155       3   0 1  0 0  0 0  1 1
   105  -.1245703400164597E-04   3   0 0  1 0  0 0  1 1
   106  -.6990103709530772E-04   3   0 0  0 1  0 0  1 1
   107  0.6212038707261046       3   1 0  0 0  0 0  0 2
   108  0.5243633272271424       3   0 1  0 0  0 0  0 2
   109  0.1247318544644442E-04   3   0 0  1 0  0 0  0 2
   110  0.1221329681062463E-04   3   0 0  0 1  0 0  0 2
   111  0.2307329445504163E-05   3   0 0  0 0  0 3  0 0
   112  0.1673669673617748E-05   3   0 0  0 0  0 2  1 0
   113  0.1674942529767001E-05   3   0 0  0 0  0 1  2 0
   114  0.2301547148141116E-05   3   0 0  0 0  0 0  3 0
   115  -.5974936021427112E-05   3   0 0  0 0  0 2  0 1
   116  -.4716272969807584E-05   3   0 0  0 0  0 1  1 1
   117  -.5963721765171538E-05   3   0 0  0 0  0 0  2 1
   118  0.4716430666187655E-05   3   0 0  0 0  0 1  0 2
   119  0.4710083516075068E-05   3   0 0  0 0  0 0  1 2
   120  -.7313816297247258E-06   3   0 0  0 0  0 0  0 3
   121  -120.9420434763603       4   4 0  0 0  0 0  0 0
   122  -448.5106429643523       4   3 1  0 0  0 0  0 0
   123  -626.0364124773866       4   2 2  0 0  0 0  0 0
   124  -390.7036488471526       4   1 3  0 0  0 0  0 0
   125  -92.17666550259763       4   0 4  0 0  0 0  0 0
   126  -.5513475560722744E-01   4   3 0  1 0  0 0  0 0
   127  -.1427771598558269       4   2 1  1 0  0 0  0 0
   128  -.1235554077221247       4   1 2  1 0  0 0  0 0
   129  -.3368572394999583E-01   4   0 3  1 0  0 0  0 0
   130   431.3406035071350       4   2 0  2 0  0 0  0 0
   131   770.2690550543805       4   1 1  2 0  0 0  0 0
   132   345.5111560361121       4   0 2  2 0  0 0  0 0
   133  0.4003094981120440E-01   4   1 0  3 0  0 0  0 0
   134  0.3878257137562337E-01   4   0 1  3 0  0 0  0 0
   135  -46.65250164214795       4   0 0  4 0  0 0  0 0
   136  -.5218978617649381E-01   4   3 0  0 1  0 0  0 0
   137  -.1374386186852863       4   2 1  0 1  0 0  0 0
   138  -.1188910493779927       4   1 2  0 1  0 0  0 0
   139  -.3211834918105375E-01   4   0 3  0 1  0 0  0 0
   140   813.0351501415300       4   2 0  1 1  0 0  0 0
   141   1463.504287963833       4   1 1  1 1  0 0  0 0
   142   662.2379811606721       4   0 2  1 1  0 0  0 0
   143  0.1168147532076931       4   1 0  2 1  0 0  0 0
   144  0.1133487448700694       4   0 1  2 1  0 0  0 0
   145  -167.0961175438616       4   0 0  3 1  0 0  0 0
   146   386.2215985505478       4   2 0  0 2  0 0  0 0
   147   699.7230690296766       4   1 1  0 2  0 0  0 0
   148   318.8784420084700       4   0 2  0 2  0 0  0 0
   149  0.1136162842468168       4   1 0  1 2  0 0  0 0
   150  0.1120361567237241       4   0 1  1 2  0 0  0 0
   151  -226.5501724134840       4   0 0  2 2  0 0  0 0
   152  0.3905996959284045E-01   4   1 0  0 3  0 0  0 0
   153  0.3910957398248136E-01   4   0 1  0 3  0 0  0 0
   154  -137.3099051699755       4   0 0  1 3  0 0  0 0
   155  -31.27407354166419       4   0 0  0 4  0 0  0 0
   156   21.22547874319975       4   3 0  0 0  0 1  0 0
   157   96.14101981095318       4   2 1  0 0  0 1  0 0
   158   127.7472674076174       4   1 2  0 0  0 1  0 0
   159   50.75181562670396       4   0 3  0 0  0 1  0 0
   160  -.6595894364999801E-02   4   2 0  1 0  0 1  0 0
   161  0.5011181527410335E-01   4   1 1  1 0  0 1  0 0
   162  0.5041974260253133E-01   4   0 2  1 0  0 1  0 0
   163   6.430447652559036       4   1 0  2 0  0 1  0 0
   164   13.05539015077350       4   0 1  2 0  0 1  0 0
   165  0.1316773798929007E-02   4   0 0  3 0  0 1  0 0
   166  0.2443991693942006E-01   4   2 0  0 1  0 1  0 0
   167  0.1030344366234838       4   1 1  0 1  0 1  0 0
   168  0.7345879066254693E-01   4   0 2  0 1  0 1  0 0
   169   44.34581995738963       4   1 0  1 1  0 1  0 0
   170   56.08188526420450       4   0 1  1 1  0 1  0 0
   171  -.1427526342916990E-01   4   0 0  2 1  0 1  0 0
   172   36.20608834593897       4   1 0  0 2  0 1  0 0
   173   37.94290275281437       4   0 1  0 2  0 1  0 0
   174  -.2887238161230495E-01   4   0 0  1 2  0 1  0 0
   175  -.1370874523891843E-01   4   0 0  0 3  0 1  0 0
   176   21.19691449423080       4   3 0  0 0  0 0  1 0
   177   96.01163775746561       4   2 1  0 0  0 0  1 0
   178   127.5753511556654       4   1 2  0 0  0 0  1 0
   179   50.68351622508559       4   0 3  0 0  0 0  1 0
   180  -.6587017921216983E-02   4   2 0  1 0  0 0  1 0
   181  0.5004437715479578E-01   4   1 1  1 0  0 0  1 0
   182  0.5035189008913718E-01   4   0 2  1 0  0 0  1 0
   183   6.421793859164728       4   1 0  2 0  0 0  1 0
   184   13.03782082198779       4   0 1  2 0  0 0  1 0
   185  0.1315001746807816E-02   4   0 0  3 0  0 0  1 0
   186  0.2440702685101651E-01   4   2 0  0 1  0 0  1 0
   187  0.1028957777345210       4   1 1  0 1  0 0  1 0
   188  0.7335993328406631E-01   4   0 2  0 1  0 0  1 0
   189   44.28614144283708       4   1 0  1 1  0 0  1 0
   190   56.00641290606359       4   0 1  1 1  0 0  1 0
   191  -.1425605245241676E-01   4   0 0  2 1  0 0  1 0
   192   36.15736389857684       4   1 0  0 2  0 0  1 0
   193   37.89184098247670       4   0 1  0 2  0 0  1 0
   194  -.2883352652183932E-01   4   0 0  1 2  0 0  1 0
   195  -.1369029665564667E-01   4   0 0  0 3  0 0  1 0
   196  -67.40985913496854       4   3 0  0 0  0 0  0 1
   197  -192.1955495101975       4   2 1  0 0  0 0  0 1
   198  -184.4205223486909       4   1 2  0 0  0 0  0 1
   199  -57.47327194166029       4   0 3  0 0  0 0  0 1
   200  -.1311963870378603E-02   4   2 0  1 0  0 0  0 1
   201  -.2255326085597451E-02   4   1 1  1 0  0 0  0 1
   202  -.9499666716610622E-03   4   0 2  1 0  0 0  0 1
   203  -37.47128688825246       4   1 0  2 0  0 0  0 1
   204  -26.06991999936321       4   0 1  2 0  0 0  0 1
   205  -.1123274606810199E-02   4   0 0  3 0  0 0  0 1
   206  -.6880661219413755E-03   4   2 0  0 1  0 0  0 1
   207  -.1360604933437262E-02   4   1 1  0 1  0 0  0 1
   208  -.5899008037714667E-03   4   0 2  0 1  0 0  0 1
   209  -88.58054160405612       4   1 0  1 1  0 0  0 1
   210  -68.23050298354909       4   0 1  1 1  0 0  0 1
   211  -.3468120458887662E-02   4   0 0  2 1  0 0  0 1
   212  -46.21843316337466       4   1 0  0 2  0 0  0 1
   213  -35.45493287058386       4   0 1  0 2  0 0  0 1
   214  -.3500727565633955E-02   4   0 0  1 2  0 0  0 1
   215  -.1097259987759817E-02   4   0 0  0 3  0 0  0 1
   216  -.1865340902155800       4   2 0  0 0  0 2  0 0
   217  -1.281992909967683       4   1 1  0 0  0 2  0 0
   218  -1.242959852709789       4   0 2  0 0  0 2  0 0
   219  -.1103959172887464E-02   4   1 0  1 0  0 2  0 0
   220  0.9867338410856157E-03   4   0 1  1 0  0 2  0 0
   221  -.1287961132239607E-01   4   0 0  2 0  0 2  0 0
   222  0.1562475536438333E-02   4   1 0  0 1  0 2  0 0
   223  0.4000163555891318E-02   4   0 1  0 1  0 2  0 0
   224  0.3746278925847744       4   0 0  1 1  0 2  0 0
   225  0.4865402885633388       4   0 0  0 2  0 2  0 0
   226  -.1473676086139996       4   2 0  0 0  0 1  1 0
   227  -1.164951126593989       4   1 1  0 0  0 1  1 0
   228  -1.391537571920332       4   0 2  0 0  0 1  1 0
   229  -.1318111362370764E-02   4   1 0  1 0  0 1  1 0
   230  0.9839319200607437E-03   4   0 1  1 0  0 1  1 0
   231  -.7010285616365626E-03   4   0 0  2 0  0 1  1 0
   232  0.1593652041223459E-02   4   1 0  0 1  0 1  1 0
   233  0.5224998220712820E-02   4   0 1  0 1  0 1  1 0
   234  0.2288151546643095       4   0 0  1 1  0 1  1 0
   235  0.4705707656657581       4   0 0  0 2  0 1  1 0
   236  -.1861839012367616       4   2 0  0 0  0 0  2 0
   237  -1.279483796165682       4   1 1  0 0  0 0  2 0
   238  -1.240350803076959       4   0 2  0 0  0 0  2 0
   239  -.1101586590584864E-02   4   1 0  1 0  0 0  2 0
   240  0.9847438765819829E-03   4   0 1  1 0  0 0  2 0
   241  -.1286180684287265E-01   4   0 0  2 0  0 0  2 0
   242  0.1559300499592886E-02   4   1 0  0 1  0 0  2 0
   243  0.3991264546119073E-02   4   0 1  0 1  0 0  2 0
   244  0.3739697716968052       4   0 0  1 1  0 0  2 0
   245  0.4855688895932405       4   0 0  0 2  0 0  2 0
   246  0.5260671589079650       4   2 0  0 0  0 1  0 1
   247   2.336136158952388       4   1 1  0 0  0 1  0 1
   248   1.689077926579685       4   0 2  0 0  0 1  0 1
   249  0.1774237703462206E-02   4   1 0  1 0  0 1  0 1
   250  -.1553260301946803E-02   4   0 1  1 0  0 1  0 1
   251  0.2573824647825551E-01   4   0 0  2 0  0 1  0 1
   252  -.2199675648222889E-02   4   1 0  0 1  0 1  0 1
   253  -.4646173917624244E-02   4   0 1  0 1  0 1  0 1
   254  -.4559052271836825       4   0 0  1 1  0 1  0 1
   255  -.4376582338921478       4   0 0  0 2  0 1  0 1
   256  0.5253592025181791       4   2 0  0 0  0 0  1 1
   257   2.332992297007896       4   1 1  0 0  0 0  1 1
   258   1.686804845109543       4   0 2  0 0  0 0  1 1
   259  0.1771850017977813E-02   4   1 0  1 0  0 0  1 1
   260  -.1551169997435068E-02   4   0 1  1 0  0 0  1 1
   261  0.2570360915914495E-01   4   0 0  2 0  0 0  1 1
   262  -.2196715428402633E-02   4   1 0  0 1  0 0  1 1
   263  -.4639921315732497E-02   4   0 1  0 1  0 0  1 1
   264  -.4552916914150109       4   0 0  1 1  0 0  1 1
   265  -.4370692540670951       4   0 0  0 2  0 0  1 1
   266  -.5313425050173184       4   2 0  0 0  0 0  0 2
   267  -.9400062616762352       4   1 1  0 0  0 0  0 2
   268  -.4155558602007009       4   0 2  0 0  0 0  0 2
   269  -.2399083770146429E-04   4   1 0  1 0  0 0  0 2
   270  -.9585941709558983E-04   4   0 1  1 0  0 0  0 2
   271  -.2499874542391241E-01   4   0 0  2 0  0 0  0 2
   272  -.2170708870359176E-04   4   1 0  0 1  0 0  0 2
   273  -.7879566918863481E-04   4   0 1  0 1  0 0  0 2
   274  -.6546793984017091E-01   4   0 0  1 1  0 0  0 2
   275  -.3744805832807430E-01   4   0 0  0 2  0 0  0 2
   276  -.1962946193034186       4   1 0  0 0  0 3  0 0
   277  -1.458464019145222       4   0 1  0 0  0 3  0 0
   278  -.6036331049690497E-05   4   0 0  1 0  0 3  0 0
   279  -.4727607703983535E-04   4   0 0  0 1  0 3  0 0
   280  -.1304577344633245       4   1 0  0 0  0 2  1 0
   281  -1.092893819481575       4   0 1  0 0  0 2  1 0
   282  -.3186728833781748E-05   4   0 0  1 0  0 2  1 0
   283  -.3333295557272782E-04   4   0 0  0 1  0 2  1 0
   284  -.1305901014792866       4   1 0  0 0  0 1  2 0
   285  -1.093627808171927       4   0 1  0 0  0 1  2 0
   286  -.3192464726176279E-05   4   0 0  1 0  0 1  2 0
   287  -.3336097313729357E-04   4   0 0  0 1  0 1  2 0
   288  -.1958107096686121       4   1 0  0 0  0 0  3 0
   289  -1.454785529854762       4   0 1  0 0  0 0  3 0
   290  -.6022004553204323E-05   4   0 0  1 0  0 0  3 0
   291  -.4715824544629007E-04   4   0 0  0 1  0 0  3 0
   292  0.4900529876793616       4   1 0  0 0  0 2  0 1
   293   2.185525104610912       4   0 1  0 0  0 2  0 1
   294  0.9278708604646766E-05   4   0 0  1 0  0 2  0 1
   295  0.6197173766786115E-04   4   0 0  0 1  0 2  0 1
   296  0.3587712916694653       4   1 0  0 0  0 1  1 1
   297   1.833359456402800       4   0 1  0 0  0 1  1 1
   298  0.6109265011343351E-05   4   0 0  1 0  0 1  1 1
   299  0.4887696941331583E-04   4   0 0  0 1  0 1  1 1
   300  0.4891520887159451       4   1 0  0 0  0 0  2 1
   301   2.181350303548781       4   0 1  0 0  0 0  2 1
   302  0.9262110975431476E-05   4   0 0  1 0  0 0  2 1
   303  0.6185545086296272E-04   4   0 0  0 1  0 0  2 1
   304  -.3585479400029304       4   1 0  0 0  0 1  0 2
   305  -.5635472210545033       4   0 1  0 0  0 1  0 2
   306  -.4137017560983829E-05   4   0 0  1 0  0 1  0 2
   307  -.8275542558600045E-05   4   0 0  0 1  0 1  0 2
   308  -.3580654230830598       4   1 0  0 0  0 0  1 2
   309  -.5627888257634733       4   0 1  0 0  0 0  1 2
   310  -.4131450157721344E-05   4   0 0  1 0  0 0  1 2
   311  -.8264405723437642E-05   4   0 0  0 1  0 0  1 2
   312  0.3179063991419511E-01   4   1 0  0 0  0 0  0 3
   313  0.2585876935331189E-01   4   0 1  0 0  0 0  0 3
   314  0.1964295623253348E-05   4   0 0  1 0  0 0  0 3
   315  0.1608129968097651E-05   4   0 0  0 1  0 0  0 3
   316  -.4900876400509464E-04   4   0 0  0 0  0 4  0 0
   317  -.3239316072476444E-04   4   0 0  0 0  0 3  1 0
   318  -.3020409542789262E-04   4   0 0  0 0  0 2  2 0
   319  -.3244062080978088E-04   4   0 0  0 0  0 1  3 0
   320  -.4885514749716173E-04   4   0 0  0 0  0 0  4 0
   321  0.6159020607299241E-04   4   0 0  0 0  0 3  0 1
   322  0.4523956463400872E-04   4   0 0  0 0  0 2  1 1
   323  0.4527240320352642E-04   4   0 0  0 0  0 1  2 1
   324  0.6143547868158275E-04   4   0 0  0 0  0 0  3 1
   325  -.6474505310919995E-05   4   0 0  0 0  0 2  0 2
   326  -.7861995909110130E-05   4   0 0  0 0  0 1  1 2
   327  -.6460502075019642E-05   4   0 0  0 0  0 0  2 2
   328  0.7946668031096289E-07   4   0 0  0 0  0 1  0 3
   329  0.7935973779773513E-07   4   0 0  0 0  0 0  1 3
   330  0.3961322713532949E-12   4   0 0  0 0  0 0  0 4
   ----------------------------------------------------
     I  COEFFICIENT            ORDER EXPONENTS
     1  0.2564050202665234E-04   0   0 0  0 0  0 0  0 0
     2  0.2387643238769871E-04   1   1 0  0 0  0 0  0 0
     3  0.2117810347805808E-04   1   0 1  0 0  0 0  0 0
     4  0.3461494766601853       1   0 0  1 0  0 0  0 0
     5  0.5586120448453312       1   0 0  0 1  0 0  0 0
     6  -.2532641080248842E-04   1   0 0  0 0  0 1  0 0
     7  -.2529232771242280E-04   1   0 0  0 0  0 0  1 0
     8  0.5061873851511122E-04   1   0 0  0 0  0 0  0 1
     9  0.8063745462324301E-03   2   2 0  0 0  0 0  0 0
    10  0.1574831340364778E-02   2   1 1  0 0  0 0  0 0
    11  0.8136707642644335E-03   2   0 2  0 0  0 0  0 0
    12  0.2781316237205257       2   1 0  1 0  0 0  0 0
    13  0.2469773311869065       2   0 1  1 0  0 0  0 0
    14  0.2263141365806349E-03   2   0 0  2 0  0 0  0 0
    15  0.2554147366608176       2   1 0  0 1  0 0  0 0
    16  0.2283028748023434       2   0 1  0 1  0 0  0 0
    17  0.3537145043693285E-03   2   0 0  1 1  0 0  0 0
    18  0.1909761706260872E-03   2   0 0  0 2  0 0  0 0
    19  -.1338148056466682E-04   2   1 0  0 0  0 1  0 0
    20  -.2255918904831064E-04   2   0 1  0 0  0 1  0 0
    21  0.2917688156701106       2   0 0  1 0  0 1  0 0
    22  -.1553412482002900E-01   2   0 0  0 1  0 1  0 0
    23  -.1336347239877022E-04   2   1 0  0 0  0 0  1 0
    24  -.2252882995486719E-04   2   0 1  0 0  0 0  1 0
    25  0.2913761669485694       2   0 0  1 0  0 0  1 0
    26  -.1551321972694431E-01   2   0 0  0 1  0 0  1 0
    27  0.2674491851040288E-04   2   1 0  0 0  0 0  0 1
    28  0.2390988176036389E-04   2   0 1  0 0  0 0  0 1
    29  -.5831449826425016       2   0 0  1 0  0 0  0 1
    30  -.5275647003224380       2   0 0  0 1  0 0  0 1
    31  0.1765323801896411E-04   2   0 0  0 0  0 2  0 0
    32  0.1000067772830432E-04   2   0 0  0 0  0 1  1 0
    33  0.1762275190282131E-04   2   0 0  0 0  0 0  2 0
    34  -.1998075977739238E-04   2   0 0  0 0  0 1  0 1
    35  -.1995387061254456E-04   2   0 0  0 0  0 0  1 1
    36  -.5342046028257143E-05   2   0 0  0 0  0 0  0 2
    37  -.5776212418411137E-02   3   3 0  0 0  0 0  0 0
    38  -.1560084857830687E-01   3   2 1  0 0  0 0  0 0
    39  -.1409170680910164E-01   3   1 2  0 0  0 0  0 0
    40  -.4245660215879414E-02   3   0 3  0 0  0 0  0 0
    41  -7.999675441882342       3   2 0  1 0  0 0  0 0
    42  -16.46610523788377       3   1 1  1 0  0 0  0 0
    43  -8.887996075083489       3   0 2  1 0  0 0  0 0
    44  0.1010068875558464E-01   3   1 0  2 0  0 0  0 0
    45  0.8861181249817310E-02   3   0 1  2 0  0 0  0 0
    46  -1.600809599496592       3   0 0  3 0  0 0  0 0
    47  -8.286879533298604       3   2 0  0 1  0 0  0 0
    48  -16.32707735599070       3   1 1  0 1  0 0  0 0
    49  -8.214815289229794       3   0 2  0 1  0 0  0 0
    50  0.1831551426869316E-01   3   1 0  1 1  0 0  0 0
    51  0.1617134075186287E-01   3   0 1  1 1  0 0  0 0
    52  -3.639120598427516       3   0 0  2 1  0 0  0 0
    53  0.8425932891376432E-02   3   1 0  0 2  0 0  0 0
    54  0.7500659360530243E-02   3   0 1  0 2  0 0  0 0
    55  -3.287018852830642       3   0 0  1 2  0 0  0 0
    56  -.9121250462073800       3   0 0  0 3  0 0  0 0
    57  -.8523503841146114E-03   3   2 0  0 0  0 1  0 0
    58  -.2467157934502467E-02   3   1 1  0 0  0 1  0 0
    59  -.1652503336187658E-02   3   0 2  0 0  0 1  0 0
    60  -.1203371345530686       3   1 0  1 0  0 1  0 0
    61  -.2292070940256838       3   0 1  1 0  0 1  0 0
    62  -.4612875489052114E-03   3   0 0  2 0  0 1  0 0
    63  -.2417390343941065       3   1 0  0 1  0 1  0 0
    64  -.3292063921575898       3   0 1  0 1  0 1  0 0
    65  -.8311385601399433E-03   3   0 0  1 1  0 1  0 0
    66  -.4263638849129189E-03   3   0 0  0 2  0 1  0 0
    67  -.8512033311375501E-03   3   2 0  0 0  0 0  1 0
    68  -.2463837749627336E-02   3   1 1  0 0  0 0  1 0
    69  -.1650279475077599E-02   3   0 2  0 0  0 0  1 0
    70  -.1201751905086798       3   1 0  1 0  0 0  1 0
    71  -.2288986379207001       3   0 1  1 0  0 0  1 0
    72  -.4606667698616244E-03   3   0 0  2 0  0 0  1 0
    73  -.2414137133943849       3   1 0  0 1  0 0  1 0
    74  -.3287633617099840       3   0 1  0 1  0 0  1 0
    75  -.8300200530359113E-03   3   0 0  1 1  0 0  1 0
    76  -.4257901044904376E-03   3   0 0  0 2  0 0  1 0
    77  0.1702898870031400E-02   3   2 0  0 0  0 0  0 1
    78  0.3354820036330703E-02   3   1 1  0 0  0 0  0 1
    79  0.1674748813178149E-02   3   0 2  0 0  0 0  0 1
    80  0.2405127202056302       3   1 0  1 0  0 0  0 1
    81  0.2111287191231670       3   0 1  1 0  0 0  0 1
    82  0.9222521294074461E-03   3   0 0  2 0  0 0  0 1
    83  0.2277383354907197       3   1 0  0 1  0 0  0 1
    84  0.2013642655546877       3   0 1  0 1  0 0  0 1
    85  0.1308061073411313E-02   3   0 0  1 1  0 0  0 1
    86  0.4705228064672595E-03   3   0 0  0 2  0 0  0 1
    87  0.1079409577903630E-04   3   1 0  0 0  0 2  0 0
    88  0.2357799576678510E-04   3   0 1  0 0  0 2  0 0
    89  -.2018215445310321       3   0 0  1 0  0 2  0 0
    90  -.1061819183260236       3   0 0  0 1  0 2  0 0
    91  0.8282146165453465E-05   3   1 0  0 0  0 1  1 0
    92  0.2468294714078599E-04   3   0 1  0 0  0 1  1 0
    93  -.1121159318138635       3   0 0  1 0  0 1  1 0
    94  -.2275704672325626       3   0 0  0 1  0 1  1 0
    95  0.1077399673265243E-04   3   1 0  0 0  0 0  2 0
    96  0.2352965703780832E-04   3   0 1  0 0  0 0  2 0
    97  -.2014745024393251       3   0 0  1 0  0 0  2 0
    98  -.1058858968996321       3   0 0  0 1  0 0  2 0
    99  -.1664278241406510E-04   3   1 0  0 0  0 1  0 1
   100  -.2693986174266356E-04   3   0 1  0 0  0 1  0 1
   101  0.2239904698947475       3   0 0  1 0  0 1  0 1
   102  0.4710027617723075       3   0 0  0 1  0 1  0 1
   103  -.1662038534183953E-04   3   1 0  0 0  0 0  1 1
   104  -.2690360734636208E-04   3   0 1  0 0  0 0  1 1
   105  0.2236890340766684       3   0 0  1 0  0 0  1 1
   106  0.4703689084531056       3   0 0  0 1  0 0  1 1
   107  0.3362216377358320E-05   3   1 0  0 0  0 0  0 2
   108  0.3143675749779469E-05   3   0 1  0 0  0 0  0 2
   109  0.6773266837408715E-01   3   0 0  1 0  0 0  0 2
   110  0.5687878000656450E-01   3   0 0  0 1  0 0  0 2
   111  -.1384699171033490E-04   3   0 0  0 0  0 3  0 0
   112  -.6238698021079815E-05   3   0 0  0 0  0 2  1 0
   113  -.6254018729292942E-05   3   0 0  0 0  0 1  2 0
   114  -.1381484756033403E-04   3   0 0  0 0  0 0  3 0
   115  0.1247170713437537E-04   3   0 0  0 0  0 2  0 1
   116  0.4982539881352557E-05   3   0 0  0 0  0 1  1 1
   117  0.1245157066500052E-04   3   0 0  0 0  0 0  2 1
   118  0.5018305580133664E-05   3   0 0  0 0  0 1  0 2
   119  0.5011552180988487E-05   3   0 0  0 0  0 0  1 2
   120  0.2181768170071278E-06   3   0 0  0 0  0 0  0 3
   121  -.6689642554070843E-03   4   4 0  0 0  0 0  0 0
   122  -.2394601298063275E-03   4   3 1  0 0  0 0  0 0
   123  0.3205325584772109E-02   4   2 2  0 0  0 0  0 0
   124  0.5197808060666126E-02   4   1 3  0 0  0 0  0 0
   125  0.2417508171680846E-02   4   0 4  0 0  0 0  0 0
   126   67.96901037006626       4   3 0  1 0  0 0  0 0
   127   185.4387604671528       4   2 1  1 0  0 0  0 0
   128   169.4899109748020       4   1 2  1 0  0 0  0 0
   129   52.00566892723340       4   0 3  1 0  0 0  0 0
   130  0.2003161647311726E-01   4   2 0  2 0  0 0  0 0
   131  0.4022537230033431E-01   4   1 1  2 0  0 0  0 0
   132  0.2109680820888205E-01   4   0 2  2 0  0 0  0 0
   133  -40.28251932486394       4   1 0  3 0  0 0  0 0
   134  -35.24374631559158       4   0 1  3 0  0 0  0 0
   135  0.1812581950084290E-02   4   0 0  4 0  0 0  0 0
   136   63.75804413833195       4   3 0  0 1  0 0  0 0
   137   174.9744003356682       4   2 1  0 1  0 0  0 0
   138   160.9748135016487       4   1 2  0 1  0 0  0 0
   139   49.74144043080329       4   0 3  0 1  0 0  0 0
   140  0.3049840521036426E-01   4   2 0  1 1  0 0  0 0
   141  0.6077444608294812E-01   4   1 1  1 1  0 0  0 0
   142  0.3162163849756097E-01   4   0 2  1 1  0 0  0 0
   143  -110.0921522547963       4   1 0  2 1  0 0  0 0
   144  -96.94845899465085       4   0 1  2 1  0 0  0 0
   145  0.3952937688976983E-02   4   0 0  3 1  0 0  0 0
   146  0.1203998021530854E-01   4   2 0  0 2  0 0  0 0
   147  0.2456519716088825E-01   4   1 1  0 2  0 0  0 0
   148  0.1303166995923405E-01   4   0 2  0 2  0 0  0 0
   149  -100.8966728147879       4   1 0  1 2  0 0  0 0
   150  -89.31013688998337       4   0 1  1 2  0 0  0 0
   151  0.2697179017092771E-02   4   0 0  2 2  0 0  0 0
   152  -30.87746410576807       4   1 0  0 3  0 0  0 0
   153  -27.43470638405958       4   0 1  0 3  0 0  0 0
   154  0.4897353205313105E-03   4   0 0  1 3  0 0  0 0
   155  -.3217432876537977E-04   4   0 0  0 4  0 0  0 0
   156  0.5695740021094719E-03   4   3 0  0 0  0 1  0 0
   157  0.8211410641309086E-02   4   2 1  0 0  0 1  0 0
   158  0.1334298487851180E-01   4   1 2  0 0  0 1  0 0
   159  0.5765260861450508E-02   4   0 3  0 0  0 1  0 0
   160   9.416102125289207       4   2 0  1 0  0 1  0 0
   161   27.02581668225173       4   1 1  1 0  0 1  0 0
   162   18.36172327065107       4   0 2  1 0  0 1  0 0
   163  -.6067973509056027E-03   4   1 0  2 0  0 1  0 0
   164  -.4522639836347138E-02   4   0 1  2 0  0 1  0 0
   165   2.097635182023898       4   0 0  3 0  0 1  0 0
   166   13.02171735795516       4   2 0  0 1  0 1  0 0
   167   33.85760741737914       4   1 1  0 1  0 1  0 0
   168   21.21979090677499       4   0 2  0 1  0 1  0 0
   169  -.8942242521633201E-02   4   1 0  1 1  0 1  0 0
   170  -.1506633511879860E-01   4   0 1  1 1  0 1  0 0
   171   6.354203317847515       4   0 0  2 1  0 1  0 0
   172  -.7719028938963835E-02   4   1 0  0 2  0 1  0 0
   173  -.1016158971101802E-01   4   0 1  0 2  0 1  0 0
   174   6.565935682406146       4   0 0  1 2  0 1  0 0
   175   2.317090638365308       4   0 0  0 3  0 1  0 0
   176  0.5688074962605456E-03   4   3 0  0 0  0 0  1 0
   177  0.8200360111858452E-02   4   2 1  0 0  0 0  1 0
   178  0.1332502851829546E-01   4   1 2  0 0  0 0  1 0
   179  0.5757502245090527E-02   4   0 3  0 0  0 0  1 0
   180   9.403430378814488       4   2 0  1 0  0 0  1 0
   181   26.98944661184334       4   1 1  1 0  0 0  1 0
   182   18.33701292883145       4   0 2  1 0  0 0  1 0
   183  -.6059807516281245E-03   4   1 0  2 0  0 0  1 0
   184  -.4516553480800016E-02   4   0 1  2 0  0 0  1 0
   185   2.094812283454054       4   0 0  3 0  0 0  1 0
   186   13.00419334442709       4   2 0  0 1  0 0  1 0
   187   33.81204344497053       4   1 1  0 1  0 0  1 0
   188   21.19123431222674       4   0 2  0 1  0 0  1 0
   189  -.8930208473080880E-02   4   1 0  1 1  0 0  1 0
   190  -.1504605955504751E-01   4   0 1  1 1  0 0  1 0
   191   6.345652130485594       4   0 0  2 1  0 0  1 0
   192  -.7708641033603011E-02   4   1 0  0 2  0 0  1 0
   193  -.1014791472248406E-01   4   0 1  0 2  0 0  1 0
   194   6.557099555606602       4   0 0  1 2  0 0  1 0
   195   2.313972406984897       4   0 0  0 3  0 0  1 0
   196  0.6023192825403868E-03   4   3 0  0 0  0 0  0 1
   197  0.1991542215808034E-02   4   2 1  0 0  0 0  0 1
   198  0.2152474395843156E-02   4   1 2  0 0  0 0  0 1
   199  0.7762748310751455E-03   4   0 3  0 0  0 0  0 1
   200  -18.81354415263974       4   2 0  1 0  0 0  0 1
   201  -37.53698316695827       4   1 1  1 0  0 0  0 1
   202  -18.91652582366718       4   0 2  1 0  0 0  0 1
   203  -.1332314492969918E-02   4   1 0  2 0  0 0  0 1
   204  -.1245503671609143E-02   4   0 1  2 0  0 0  0 1
   205  -4.193425191997333       4   0 0  3 0  0 0  0 1
   206  -17.73250843880314       4   2 0  0 1  0 0  0 1
   207  -35.00212911295442       4   1 1  0 1  0 0  0 1
   208  -17.75970426520850       4   0 2  0 1  0 0  0 1
   209  -.2786698314306507E-02   4   1 0  1 1  0 0  0 1
   210  -.2614770661289993E-02   4   0 1  1 1  0 0  0 1
   211  -9.063742007088454       4   0 0  2 1  0 0  0 1
   212  -.1361752118509026E-02   4   1 0  0 2  0 0  0 1
   213  -.1269743907019977E-02   4   0 1  0 2  0 0  0 1
   214  -6.552106314907451       4   0 0  1 2  0 0  0 1
   215  -1.895765303462655       4   0 0  0 3  0 0  0 1
   216  0.2900692689391903E-03   4   2 0  0 0  0 2  0 0
   217  0.1887532862014212E-02   4   1 1  0 0  0 2  0 0
   218  0.1794255454522526E-02   4   0 2  0 0  0 2  0 0
   219  0.8078946248791183E-01   4   1 0  1 0  0 2  0 0
   220  0.2163051751615395       4   0 1  1 0  0 2  0 0
   221  0.4208198124208623E-03   4   0 0  2 0  0 2  0 0
   222  0.2315211174374007       4   1 0  0 1  0 2  0 0
   223  0.3986965210168221       4   0 1  0 1  0 2  0 0
   224  0.9928782721484767E-03   4   0 0  1 1  0 2  0 0
   225  0.5647629416902818E-03   4   0 0  0 2  0 2  0 0
   226  0.3701829454065784E-03   4   2 0  0 0  0 1  1 0
   227  0.2616897441031524E-02   4   1 1  0 0  0 1  1 0
   228  0.2628189389478138E-02   4   0 2  0 0  0 1  1 0
   229  0.4067014948720644E-01   4   1 0  1 0  0 1  1 0
   230  0.2024238915380096       4   0 1  1 0  0 1  1 0
   231  0.4998341754562571E-03   4   0 0  2 0  0 1  1 0
   232  0.2206380903469830       4   1 0  0 1  0 1  1 0
   233  0.4670744036929676       4   0 1  0 1  0 1  1 0
   234  0.1454326898405065E-02   4   0 0  1 1  0 1  1 0
   235  0.8802463615135293E-03   4   0 0  0 2  0 1  1 0
   236  0.2894298200066410E-03   4   2 0  0 0  0 0  2 0
   237  0.1883231860621896E-02   4   1 1  0 0  0 0  2 0
   238  0.1790072383383123E-02   4   0 2  0 0  0 0  2 0
   239  0.8065337385154059E-01   4   1 0  1 0  0 0  2 0
   240  0.2158778755842555       4   0 1  1 0  0 0  2 0
   241  0.4199171663113821E-03   4   0 0  2 0  0 0  2 0
   242  0.2310610850569281       4   1 0  0 1  0 0  2 0
   243  0.3978456906687363       4   0 1  0 1  0 0  2 0
   244  0.9905635210626254E-03   4   0 0  1 1  0 0  2 0
   245  0.5634106133053370E-03   4   0 0  0 2  0 0  2 0
   246  -.8314381905232249E-03   4   2 0  0 0  0 1  0 1
   247  -.3157649738798546E-02   4   1 1  0 0  0 1  0 1
   248  -.2299551080807037E-02   4   0 2  0 0  0 1  0 1
   249  -.8061095198598078E-01   4   1 0  1 0  0 1  0 1
   250  -.1741862653118992       4   0 1  1 0  0 1  0 1
   251  -.9643012942799102E-03   4   0 0  2 0  0 1  0 1
   252  -.1986903226852783       4   1 0  0 1  0 1  0 1
   253  -.2745812491157580       4   0 1  0 1  0 1  0 1
   254  -.2222269029301451E-02   4   0 0  1 1  0 1  0 1
   255  -.1050064896385343E-02   4   0 0  0 2  0 1  0 1
   256  -.8303192801907438E-03   4   2 0  0 0  0 0  1 1
   257  -.3153400322594948E-02   4   1 1  0 0  0 0  1 1
   258  -.2296456453336575E-02   4   0 2  0 0  0 0  1 1
   259  -.8050246956586009E-01   4   1 0  1 0  0 0  1 1
   260  -.1739518536451563       4   0 1  1 0  0 0  1 1
   261  -.9630035830440135E-03   4   0 0  2 0  0 0  1 1
   262  -.1984229346129585       4   1 0  0 1  0 0  1 1
   263  -.2742117306112636       4   0 1  0 1  0 0  1 1
   264  -.2219278404373728E-02   4   0 0  1 1  0 0  1 1
   265  -.1048651768535631E-02   4   0 0  0 2  0 0  1 1
   266  0.4822191147162182E-03   4   2 0  0 0  0 0  0 2
   267  0.9598245358624490E-03   4   1 1  0 0  0 0  0 2
   268  0.4714851410072676E-03   4   0 2  0 0  0 0  0 2
   269  -.4064683722529866E-01   4   1 0  1 0  0 0  0 2
   270  -.3825090974994950E-01   4   0 1  1 0  0 0  0 2
   271  0.5745256754311228E-03   4   0 0  2 0  0 0  0 2
   272  -.3020934053691566E-01   4   1 0  0 1  0 0  0 2
   273  -.2896009389378962E-01   4   0 1  0 1  0 0  0 2
   274  0.1006237696024093E-02   4   0 0  1 1  0 0  0 2
   275  0.4285640549790952E-03   4   0 0  0 2  0 0  0 2
   276  -.1494994683583626E-04   4   1 0  0 0  0 3  0 0
   277  -.3041253292248626E-04   4   0 1  0 0  0 3  0 0
   278  0.1572453805363652       4   0 0  1 0  0 3  0 0
   279  0.1601734588209949       4   0 0  0 1  0 3  0 0
   280  -.1093811168517158E-04   4   1 0  0 0  0 2  1 0
   281  -.3096438097437079E-04   4   0 1  0 0  0 2  1 0
   282  0.6814536242461854E-01   4   0 0  1 0  0 2  1 0
   283  0.2680934930106255       4   0 0  0 1  0 2  1 0
   284  -.1094616948051392E-04   4   1 0  0 0  0 1  2 0
   285  -.3096318437968752E-04   4   0 1  0 0  0 1  2 0
   286  0.6832479516341691E-01   4   0 0  1 0  0 1  2 0
   287  0.2678752073433455       4   0 0  0 1  0 1  2 0
   288  -.1491241836035967E-04   4   1 0  0 0  0 0  3 0
   289  -.3033033416593278E-04   4   0 1  0 0  0 0  3 0
   290  0.1568821688931456       4   0 0  1 0  0 0  3 0
   291  0.1596699771493567       4   0 0  0 1  0 0  3 0
   292  0.1914212907691041E-04   4   1 0  0 0  0 2  0 1
   293  0.3433126419861399E-04   4   0 1  0 0  0 2  0 1
   294  -.1362277413021541       4   0 0  1 0  0 2  0 1
   295  -.4300539393064233       4   0 0  0 1  0 2  0 1
   296  0.1555156954797356E-04   4   1 0  0 0  0 1  1 1
   297  0.3559507525910318E-04   4   0 1  0 0  0 1  1 1
   298  -.4869858966012381E-01   4   0 0  1 0  0 1  1 1
   299  -.3892116787158321       4   0 0  0 1  0 1  1 1
   300  0.1910590421709872E-04   4   1 0  0 0  0 0  2 1
   301  0.3426111171391427E-04   4   0 1  0 0  0 0  2 1
   302  -.1360116442946605       4   0 0  1 0  0 0  2 1
   303  -.4292133016154923       4   0 0  0 1  0 0  2 1
   304  -.2048526800462391E-05   4   1 0  0 0  0 1  0 2
   305  -.3143563004702252E-05   4   0 1  0 0  0 1  0 2
   306  -.6341691199324935E-01   4   0 0  1 0  0 1  0 2
   307  -.8184928048585238E-01   4   0 0  0 1  0 1  0 2
   308  -.2045769989638123E-05   4   1 0  0 0  0 0  1 2
   309  -.3139332545761569E-05   4   0 1  0 0  0 0  1 2
   310  -.6333156850182446E-01   4   0 0  1 0  0 0  1 2
   311  -.8173913158159765E-01   4   0 0  0 1  0 0  1 2
   312  0.2173914578981967E-06   4   1 0  0 0  0 0  0 3
   313  0.1754076676658739E-06   4   0 1  0 0  0 0  0 3
   314  -.2906735869288888E-02   4   0 0  1 0  0 0  0 3
   315  -.2350334230723261E-02   4   0 0  0 1  0 0  0 3
   316  0.9929081277198997E-05   4   0 0  0 0  0 4  0 0
   317  0.2972431905735838E-05   4   0 0  0 0  0 3  1 0
   318  0.2075532547915150E-05   4   0 0  0 0  0 2  2 0
   319  0.2992324116605715E-05   4   0 0  0 0  0 1  3 0
   320  0.9900369653906717E-05   4   0 0  0 0  0 0  4 0
   321  -.6170656096018949E-06   4   0 0  0 0  0 3  0 1
   322  0.3251346410431112E-05   4   0 0  0 0  0 2  1 1
   323  0.3243539196863882E-05   4   0 0  0 0  0 1  2 1
   324  -.6180047938332502E-06   4   0 0  0 0  0 0  3 1
   325  -.1815757558335943E-05   4   0 0  0 0  0 2  0 2
   326  -.2060284943272320E-05   4   0 0  0 0  0 1  1 2
   327  -.1811927680198225E-05   4   0 0  0 0  0 0  2 2
   328  -.9160506334792569E-07   4   0 0  0 0  0 1  0 3
   329  -.9148178557086912E-07   4   0 0  0 0  0 0  1 3
   330  -.1758959407555017E-12   4   0 0  0 0  0 0  0 4
   ----------------------------------------------------
     I  COEFFICIENT            ORDER EXPONENTS
     1  0.2541520547581579E-03   0   0 0  0 0  0 0  0 0
     2  0.1109595169128637E-03   1   1 0  0 0  0 0  0 0
     3  0.1029098376522637E-03   1   0 1  0 0  0 0  0 0
     4  -2.795990782044381       1   0 0  1 0  0 0  0 0
     5  -1.623212416857608       1   0 0  0 1  0 0  0 0
     6  0.1916412981211816E-04   1   0 0  0 0  0 1  0 0
     7  0.1913833962939117E-04   1   0 0  0 0  0 0  1 0
     8  0.2158495853150094E-03   1   0 0  0 0  0 0  0 1
     9  0.2674346173146982E-02   2   2 0  0 0  0 0  0 0
    10  0.4889580084643281E-02   2   1 1  0 0  0 0  0 0
    11  0.2313045442031690E-02   2   0 2  0 0  0 0  0 0
    12   1.166348556794605       2   1 0  1 0  0 0  0 0
    13   1.064939892801745       2   0 1  1 0  0 0  0 0
    14  0.1064434316829805E-02   2   0 0  2 0  0 0  0 0
    15   1.123404310099303       2   1 0  0 1  0 0  0 0
    16   1.032652725444340       2   0 1  0 1  0 0  0 0
    17  0.2695359425611351E-02   2   0 0  1 1  0 0  0 0
    18  0.1458997028055430E-02   2   0 0  0 2  0 0  0 0
    19  -.1103303188498343E-04   2   1 0  0 0  0 1  0 0
    20  -.6199452587645011E-04   2   0 1  0 0  0 1  0 0
    21  -.2381319359049480       2   0 0  1 0  0 1  0 0
    22   1.109383930852883       2   0 0  0 1  0 1  0 0
    23  -.1101818415064139E-04   2   1 0  0 0  0 0  1 0
    24  -.6191109656522641E-04   2   0 1  0 0  0 0  1 0
    25  -.2378114691683767       2   0 0  1 0  0 0  1 0
    26   1.107890974242194       2   0 0  0 1  0 0  1 0
    27  0.1330104632171705E-03   2   1 0  0 0  0 0  0 1
    28  0.1239053586059080E-03   2   0 1  0 0  0 0  0 1
    29  -2.320047377081836       2   0 0  1 0  0 0  0 1
    30  -2.217274905213790       2   0 0  0 1  0 0  0 1
    31  -.1386879836066162E-04   2   0 0  0 0  0 2  0 0
    32  -.8587662242072138E-05   2   0 0  0 0  0 1  1 0
    33  -.1384435594987529E-04   2   0 0  0 0  0 0  2 0
    34  0.3632519378845485E-04   2   0 0  0 0  0 1  0 1
    35  0.3627630905460144E-04   2   0 0  0 0  0 0  1 1
    36  -.3630072924839085E-04   2   0 0  0 0  0 0  0 2
    37  -.2930006135052299E-01   3   3 0  0 0  0 0  0 0
    38  -.8222769855044661E-01   3   2 1  0 0  0 0  0 0
    39  -.7716545242075161E-01   3   1 2  0 0  0 0  0 0
    40  -.2415846535093221E-01   3   0 3  0 0  0 0  0 0
    41  -41.79459349702911       3   2 0  1 0  0 0  0 0
    42  -79.75081636649415       3   1 1  1 0  0 0  0 0
    43  -38.85377613248681       3   0 2  1 0  0 0  0 0
    44  0.4030104350841029E-01   3   1 0  2 0  0 0  0 0
    45  0.3625406968934768E-01   3   0 1  2 0  0 0  0 0
    46  -4.457936521761693       3   0 0  3 0  0 0  0 0
    47  -38.06635255242711       3   2 0  0 1  0 0  0 0
    48  -74.11185476970977       3   1 1  0 1  0 0  0 0
    49  -38.06059912527400       3   0 2  0 1  0 0  0 0
    50  0.7609434649861882E-01   3   1 0  1 1  0 0  0 0
    51  0.6880801350272832E-01   3   0 1  1 1  0 0  0 0
    52  -14.73155223828765       3   0 0  2 1  0 0  0 0
    53  0.3636024714158896E-01   3   1 0  0 2  0 0  0 0
    54  0.3310913121550593E-01   3   0 1  0 2  0 0  0 0
    55  -14.31044967854906       3   0 0  1 2  0 0  0 0
    56  -5.475398614916778       3   0 0  0 3  0 0  0 0
    57  -.1573653028564198E-02   3   2 0  0 0  0 1  0 0
    58  -.5411285758906853E-02   3   1 1  0 0  0 1  0 0
    59  -.3681001340188265E-02   3   0 2  0 0  0 1  0 0
    60  0.1343796080595309       3   1 0  1 0  0 1  0 0
    61  -.4042230676973557       3   0 1  1 0  0 1  0 0
    62  0.1440625054807548E-03   3   0 0  2 0  0 1  0 0
    63  -.4611785163236775       3   1 0  0 1  0 1  0 0
    64  -.9348438130558875       3   0 1  0 1  0 1  0 0
    65  -.1203312486960590E-02   3   0 0  1 1  0 1  0 0
    66  -.1460105458782763E-02   3   0 0  0 2  0 1  0 0
    67  -.1571535280482041E-02   3   2 0  0 0  0 0  1 0
    68  -.5404003505557566E-02   3   1 1  0 0  0 0  1 0
    69  -.3676047622064215E-02   3   0 2  0 0  0 0  1 0
    70  0.1341987663160967       3   1 0  1 0  0 0  1 0
    71  -.4036790833432211       3   0 1  1 0  0 0  1 0
    72  0.1438686329503143E-03   3   0 0  2 0  0 0  1 0
    73  -.4605578840109991       3   1 0  0 1  0 0  1 0
    74  -.9335857443099397       3   0 1  0 1  0 0  1 0
    75  -.1201693125725785E-02   3   0 0  1 1  0 0  1 0
    76  -.1458140517668718E-02   3   0 0  0 2  0 0  1 0
    77  0.5816301734799365E-02   3   2 0  0 0  0 0  0 1
    78  0.1080842001228840E-01   3   1 1  0 0  0 0  0 1
    79  0.5040350651703676E-02   3   0 2  0 0  0 0  0 1
    80  0.8977743886329600       3   1 0  1 0  0 0  0 1
    81  0.8079057689073020       3   0 1  1 0  0 0  0 1
    82  0.7779174067334982E-03   3   0 0  2 0  0 0  0 1
    83  0.9217401812859518       3   1 0  0 1  0 0  0 1
    84  0.8357801025805563       3   0 1  0 1  0 0  0 1
    85  0.2408078155452483E-02   3   0 0  1 1  0 0  0 1
    86  0.1460944455608046E-02   3   0 0  0 2  0 0  0 1
    87  0.8784673033343689E-05   3   1 0  0 0  0 2  0 0
    88  0.5198624113049778E-04   3   0 1  0 0  0 2  0 0
    89  0.1719778436143347       3   0 0  1 0  0 2  0 0
    90  -.7356101275071973       3   0 0  0 1  0 2  0 0
    91  0.6937325624397632E-05   3   1 0  0 0  0 1  1 0
    92  0.4246351169904043E-04   3   0 1  0 0  0 1  1 0
    93  0.1060011959390463       3   0 0  1 0  0 1  1 0
    94  -.3628405714741916       3   0 0  0 1  0 1  1 0
    95  0.8768183071444546E-05   3   1 0  0 0  0 0  2 0
    96  0.5188770780086113E-04   3   0 1  0 0  0 0  2 0
    97  0.1716750782305183       3   0 0  1 0  0 0  2 0
    98  -.7343760311951989       3   0 0  0 1  0 0  2 0
    99  -.2520487142451753E-04   3   1 0  0 0  0 1  0 1
   100  -.8539656241673755E-04   3   0 1  0 0  0 1  0 1
   101  -.4499564775265116       3   0 0  1 0  0 1  0 1
   102  0.7246775334261327       3   0 0  0 1  0 1  0 1
   103  -.2517095189641911E-04   3   1 0  0 0  0 0  1 1
   104  -.8528163974763791E-04   3   0 1  0 0  0 0  1 1
   105  -.4493509473047709       3   0 0  1 0  0 0  1 1
   106  0.7237022965545165       3   0 0  0 1  0 0  1 1
   107  0.2575391639456704E-04   3   1 0  0 0  0 0  0 2
   108  0.2399083300622845E-04   3   0 1  0 0  0 0  0 2
   109  0.4496535434873375       3   0 0  1 0  0 0  0 2
   110  0.3844472899496301       3   0 0  0 1  0 0  0 2
   111  0.1122804007409866E-04   3   0 0  0 0  0 3  0 0
   112  0.5953747453114768E-05   3   0 0  0 0  0 2  1 0
   113  0.5964363792948859E-05   3   0 0  0 0  0 1  2 0
   114  0.1120137409192481E-04   3   0 0  0 0  0 0  3 0
   115  -.2577381796574219E-04   3   0 0  0 0  0 2  0 1
   116  -.1525222138167513E-04   3   0 0  0 0  0 1  1 1
   117  -.2572886991592301E-04   3   0 0  0 0  0 0  2 1
   118  0.1523908449445137E-04   3   0 0  0 0  0 1  0 2
   119  0.1521857645273195E-04   3   0 0  0 0  0 0  1 2
   120  0.1948357756796462E-05   3   0 0  0 0  0 0  0 3
   121  -.6138072226223604E-02   4   4 0  0 0  0 0  0 0
   122  -.2262916215407733E-01   4   3 1  0 0  0 0  0 0
   123  -.3202630075411184E-01   4   2 2  0 0  0 0  0 0
   124  -.1867270444817449E-01   4   1 3  0 0  0 0  0 0
   125  -.3356701617498910E-02   4   0 4  0 0  0 0  0 0
   126   314.9349220851926       4   3 0  1 0  0 0  0 0
   127   876.8250370233376       4   2 1  1 0  0 0  0 0
   128   816.6411146080246       4   1 2  1 0  0 0  0 0
   129   254.9137889490356       4   0 3  1 0  0 0  0 0
   130  0.5527762450066316E-01   4   2 0  2 0  0 0  0 0
   131  0.1098659625978182       4   1 1  2 0  0 0  0 0
   132  0.5368217105003782E-01   4   0 2  2 0  0 0  0 0
   133  -159.8461002829026       4   1 0  3 0  0 0  0 0
   134  -142.9743939486466       4   0 1  3 0  0 0  0 0
   135  -.9320826096954830E-02   4   0 0  4 0  0 0  0 0
   136   309.7561725581693       4   3 0  0 1  0 0  0 0
   137   868.3628982587063       4   2 1  0 1  0 0  0 0
   138   814.6986037442372       4   1 2  0 1  0 0  0 0
   139   256.2540624535183       4   0 3  0 1  0 0  0 0
   140  0.1215876964383332       4   2 0  1 1  0 0  0 0
   141  0.2418874357564684       4   1 1  1 1  0 0  0 0
   142  0.1202541428899918       4   0 2  1 1  0 0  0 0
   143  -447.8816933422660       4   1 0  2 1  0 0  0 0
   144  -403.8286003287074       4   0 1  2 1  0 0  0 0
   145  -.3164633749802489E-01   4   0 0  3 1  0 0  0 0
   146  0.6299324997056230E-01   4   2 0  0 2  0 0  0 0
   147  0.1272933235026524       4   1 1  0 2  0 0  0 0
   148  0.6506614630259541E-01   4   0 2  0 2  0 0  0 0
   149  -423.1233103770798       4   1 0  1 2  0 0  0 0
   150  -384.0497466127546       4   0 1  1 2  0 0  0 0
   151  -.4005852799330584E-01   4   0 0  2 2  0 0  0 0
   152  -134.2460813531717       4   1 0  0 3  0 0  0 0
   153  -122.4815658310560       4   0 1  0 3  0 0  0 0
   154  -.2155779593970701E-01   4   0 0  1 3  0 0  0 0
   155  -.3602696097218313E-02   4   0 0  0 4  0 0  0 0
   156  -.3997797997134213E-02   4   3 0  0 0  0 1  0 0
   157  0.2344955044709277E-01   4   2 1  0 0  0 1  0 0
   158  0.5429860113928245E-01   4   1 2  0 0  0 1  0 0
   159  0.2700499766070397E-01   4   0 3  0 0  0 1  0 0
   160   22.88590910156739       4   2 0  1 0  0 1  0 0
   161   81.99163823705379       4   1 1  1 0  0 1  0 0
   162   57.88895006385976       4   0 2  1 0  0 1  0 0
   163  0.5736859767277886E-02   4   1 0  2 0  0 1  0 0
   164  -.1064613866806551E-01   4   0 1  2 0  0 1  0 0
   165  -.3729847042347507       4   0 0  3 0  0 1  0 0
   166   41.26236383897149       4   2 0  0 1  0 1  0 0
   167   115.7602650453536       4   1 1  0 1  0 1  0 0
   168   76.16641718213968       4   0 2  0 1  0 1  0 0
   169  -.2027937054791996E-01   4   1 0  1 1  0 1  0 0
   170  -.4774849264230702E-01   4   0 1  1 1  0 1  0 0
   171   7.307201184332033       4   0 0  2 1  0 1  0 0
   172  -.2421327631726400E-01   4   1 0  0 2  0 1  0 0
   173  -.3594876806397989E-01   4   0 1  0 2  0 1  0 0
   174   15.22832395780209       4   0 0  1 2  0 1  0 0
   175   8.719283316236035       4   0 0  0 3  0 1  0 0
   176  -.3992417948999308E-02   4   3 0  0 0  0 0  1 0
   177  0.2341799314724028E-01   4   2 1  0 0  0 0  1 0
   178  0.5422552864087381E-01   4   1 2  0 0  0 0  1 0
   179  0.2696865560755371E-01   4   0 3  0 0  0 0  1 0
   180   22.85511032367391       4   2 0  1 0  0 0  1 0
   181   81.88129775444639       4   1 1  1 0  0 0  1 0
   182   57.81104584307548       4   0 2  1 0  0 0  1 0
   183  0.5729139371771911E-02   4   1 0  2 0  0 0  1 0
   184  -.1063181159638116E-01   4   0 1  2 0  0 0  1 0
   185  -.3724827589979695       4   0 0  3 0  0 0  1 0
   186   41.20683489434473       4   2 0  0 1  0 0  1 0
   187   115.6044803362475       4   1 1  0 1  0 0  1 0
   188   76.06391600749478       4   0 2  0 1  0 0  1 0
   189  -.2025207952677022E-01   4   1 0  1 1  0 0  1 0
   190  -.4768423497121753E-01   4   0 1  1 1  0 0  1 0
   191   7.297367497354602       4   0 0  2 1  0 0  1 0
   192  -.2418069123112841E-01   4   1 0  0 2  0 0  1 0
   193  -.3590038990612617E-01   4   0 1  0 2  0 0  1 0
   194   15.20783039710571       4   0 0  1 2  0 0  1 0
   195   8.707549315674624       4   0 0  0 3  0 0  1 0
   196  0.1994012156705590E-02   4   3 0  0 0  0 0  0 1
   197  0.5608498053186117E-02   4   2 1  0 0  0 0  0 1
   198  0.5305363921124666E-02   4   1 2  0 0  0 0  0 1
   199  0.1753062713482610E-02   4   0 3  0 0  0 0  0 1
   200  -87.50915160622964       4   2 0  1 0  0 0  0 1
   201  -163.8169714819322       4   1 1  1 0  0 0  0 1
   202  -76.81655452325482       4   0 2  1 0  0 0  0 1
   203  -.6647792491860630E-02   4   1 0  2 0  0 0  0 1
   204  -.5968024109259201E-02   4   0 1  2 0  0 0  0 1
   205  -3.716946381802545       4   0 0  3 0  0 0  0 1
   206  -82.43759869892234       4   2 0  0 1  0 0  0 1
   207  -157.1857969263600       4   1 1  0 1  0 0  0 1
   208  -76.07347581510653       4   0 2  0 1  0 0  0 1
   209  -.1295106920733138E-01   4   1 0  1 1  0 0  0 1
   210  -.1189933405776265E-01   4   0 1  1 1  0 0  0 1
   211  -14.61875368366722       4   0 0  2 1  0 0  0 1
   212  -.6302869682938955E-02   4   1 0  0 2  0 0  0 1
   213  -.5841653491018580E-02   4   0 1  0 2  0 0  0 1
   214  -16.14103417636188       4   0 0  1 2  0 0  0 1
   215  -6.481653557650250       4   0 0  0 3  0 0  0 1
   216  -.9780725010745000E-03   4   2 0  0 0  0 2  0 0
   217  0.4976372009885682E-03   4   1 1  0 0  0 2  0 0
   218  0.1766195447730577E-02   4   0 2  0 0  0 2  0 0
   219  -.1033266564169735       4   1 0  1 0  0 2  0 0
   220  0.2379422826023722       4   0 1  1 0  0 2  0 0
   221  -.3229864768915418E-03   4   0 0  2 0  0 2  0 0
   222  0.2945213476352987       4   1 0  0 1  0 2  0 0
   223  0.8620182314795910       4   0 1  0 1  0 2  0 0
   224  0.1620561545117780E-03   4   0 0  1 1  0 2  0 0
   225  0.1024197862818781E-02   4   0 0  0 2  0 2  0 0
   226  -.1077221073096050E-02   4   2 0  0 0  0 1  1 0
   227  0.9475577180959715E-03   4   1 1  0 0  0 1  1 0
   228  0.2818786504513557E-02   4   0 2  0 0  0 1  1 0
   229  -.7547760626600361E-01   4   1 0  1 0  0 1  1 0
   230  0.6862504567935977E-01   4   0 1  1 0  0 1  1 0
   231  -.2359902347795580E-03   4   0 0  2 0  0 1  1 0
   232  0.1244731446888130       4   1 0  0 1  0 1  1 0
   233  0.7849560483832884       4   0 1  0 1  0 1  1 0
   234  -.1299605948820129E-03   4   0 0  1 1  0 1  1 0
   235  0.1023767540792770E-02   4   0 0  0 2  0 1  1 0
   236  -.9760314205212612E-03   4   2 0  0 0  0 0  2 0
   237  0.4963299150362145E-03   4   1 1  0 0  0 0  2 0
   238  0.1761921890118435E-02   4   0 2  0 0  0 0  2 0
   239  -.1031368171696948       4   1 0  1 0  0 0  2 0
   240  0.2375758949161339       4   0 1  1 0  0 0  2 0
   241  -.3223930246446992E-03   4   0 0  2 0  0 0  2 0
   242  0.2940412396400090       4   1 0  0 1  0 0  2 0
   243  0.8603299895410695       4   0 1  0 1  0 0  2 0
   244  0.1619255143983580E-03   4   0 0  1 1  0 0  2 0
   245  0.1022130676549818E-02   4   0 0  0 2  0 0  2 0
   246  0.2271697172410911E-02   4   2 0  0 0  0 1  0 1
   247  0.2500260225192993E-03   4   1 1  0 0  0 1  0 1
   248  -.1687501962917678E-02   4   0 2  0 0  0 1  0 1
   249  0.2865427280042482       4   1 0  1 0  0 1  0 1
   250  -.1344454310227061       4   0 1  1 0  0 1  0 1
   251  0.5340967542814771E-03   4   0 0  2 0  0 1  0 1
   252  -.2457681328922830       4   1 0  0 1  0 1  0 1
   253  -.6303558261666777       4   0 1  0 1  0 1  0 1
   254  0.2288541011416711E-03   4   0 0  1 1  0 1  0 1
   255  -.6050562633049824E-03   4   0 0  0 2  0 1  0 1
   256  0.2268640029417652E-02   4   2 0  0 0  0 0  1 1
   257  0.2496895492815135E-03   4   1 1  0 0  0 0  1 1
   258  -.1685231002305202E-02   4   0 2  0 0  0 0  1 1
   259  0.2861571123051935       4   1 0  1 0  0 0  1 1
   260  -.1342645006978273       4   0 1  1 0  0 0  1 1
   261  0.5333779920406736E-03   4   0 0  2 0  0 0  1 1
   262  -.2454373897216856       4   1 0  0 1  0 0  1 1
   263  -.6295075230034622       4   0 1  0 1  0 0  1 1
   264  0.2285461200778766E-03   4   0 0  1 1  0 0  1 1
   265  -.6042420071011382E-03   4   0 0  0 2  0 0  1 1
   266  -.1510287423630099E-02   4   2 0  0 0  0 0  0 2
   267  -.2793653187350627E-02   4   1 1  0 0  0 0  0 2
   268  -.1284941501608669E-02   4   0 2  0 0  0 0  0 2
   269  -.2907564391554883       4   1 0  1 0  0 0  0 2
   270  -.2740998075577923       4   0 1  1 0  0 0  0 2
   271  -.1856844062477055E-03   4   0 0  2 0  0 0  0 2
   272  -.2207557379841568       4   1 0  0 1  0 0  0 2
   273  -.2116696179913001       4   0 1  0 1  0 0  0 2
   274  -.4815307857568907E-03   4   0 0  1 1  0 0  0 2
   275  -.2747923286425117E-03   4   0 0  0 2  0 0  0 2
   276  -.9781082581239317E-05   4   1 0  0 0  0 3  0 0
   277  -.5330236420077825E-04   4   0 1  0 0  0 3  0 0
   278  -.1390064864298021       4   0 0  1 0  0 3  0 0
   279  0.5514818311064708       4   0 0  0 1  0 3  0 0
   280  -.7523058401354301E-05   4   1 0  0 0  0 2  1 0
   281  -.4242748063114681E-04   4   0 1  0 0  0 2  1 0
   282  -.7313161730225826E-01   4   0 0  1 0  0 2  1 0
   283  0.1834324635832807       4   0 0  0 1  0 2  1 0
   284  -.7527589944084792E-05   4   1 0  0 0  0 1  2 0
   285  -.4244928818990233E-04   4   0 1  0 0  0 1  2 0
   286  -.7326421662199215E-01   4   0 0  1 0  0 1  2 0
   287  0.1841739206807409       4   0 0  0 1  0 1  2 0
   288  -.9756282936798581E-05   4   1 0  0 0  0 0  3 0
   289  -.5316625651841495E-04   4   0 1  0 0  0 0  3 0
   290  -.1386767417123057       4   0 0  1 0  0 0  3 0
   291  0.5502453331121619       4   0 0  0 1  0 0  3 0
   292  0.1576844132130844E-04   4   1 0  0 0  0 2  0 1
   293  0.7497785457385187E-04   4   0 1  0 0  0 2  0 1
   294  0.3181940554924054       4   0 0  1 0  0 2  0 1
   295  -.3666150996135968       4   0 0  0 1  0 2  0 1
   296  0.1384167259833013E-04   4   1 0  0 0  0 1  1 1
   297  0.6723195473846048E-04   4   0 1  0 0  0 1  1 1
   298  0.1867949436590728       4   0 0  1 0  0 1  1 1
   299  -.9501404103611673E-02   4   0 0  0 1  0 1  1 1
   300  0.1573790716075898E-04   4   1 0  0 0  0 0  2 1
   301  0.7483171411276709E-04   4   0 1  0 0  0 0  2 1
   302  0.3176401550125728       4   0 0  1 0  0 0  2 1
   303  -.3661153330195792       4   0 0  0 1  0 0  2 1
   304  -.6401221907790852E-05   4   1 0  0 0  0 1  0 2
   305  -.1544703952407468E-04   4   0 1  0 0  0 1  0 2
   306  -.1866189311672092       4   0 0  1 0  0 1  0 2
   307  -.3533270676670134       4   0 0  0 1  0 1  0 2
   308  -.6392607445026693E-05   4   1 0  0 0  0 0  1 2
   309  -.1542625162627709E-04   4   0 1  0 0  0 0  1 2
   310  -.1863677882046900       4   0 0  1 0  0 0  1 2
   311  -.3528515767510751       4   0 0  0 1  0 0  1 2
   312  0.1902357807194124E-05   4   1 0  0 0  0 0  0 3
   313  0.1551689145871035E-05   4   0 1  0 0  0 0  0 3
   314  -.2556313624212880E-01   4   0 0  1 0  0 0  0 3
   315  -.2091224381327059E-01   4   0 0  0 1  0 0  0 3
   316  -.1154331469845924E-04   4   0 0  0 0  0 4  0 0
   317  -.5310488428582988E-05   4   0 0  0 0  0 3  1 0
   318  -.4488488010549019E-05   4   0 0  0 0  0 2  2 0
   319  -.5328323705870257E-05   4   0 0  0 0  0 1  3 0
   320  -.1150868980757694E-04   4   0 0  0 0  0 0  4 0
   321  0.1155818338106834E-04   4   0 0  0 0  0 3  0 1
   322  0.4567725856464983E-05   4   0 0  0 0  0 2  1 1
   323  0.4581805600210902E-05   4   0 0  0 0  0 1  2 1
   324  0.1153178232853708E-04   4   0 0  0 0  0 0  3 1
   325  0.1849985894014849E-05   4   0 0  0 0  0 2  0 2
   326  0.2185759696760646E-05   4   0 0  0 0  0 1  1 2
   327  0.1846025523991196E-05   4   0 0  0 0  0 0  2 2
   328  0.2837624954521862E-07   4   0 0  0 0  0 1  0 3
   329  0.2833806212590707E-07   4   0 0  0 0  0 0  1 3
   330  -.1307983851901074E-12   4   0 0  0 0  0 0  0 4
   ----------------------------------------------------
     I  COEFFICIENT            ORDER EXPONENTS
     1  0.6610832903734256E-08   0   0 0  0 0  0 0  0 0
     2  -.9292437759326945E-05   1   1 0  0 0  0 0  0 0
     3  -.1005092266181697E-04   1   0 1  0 0  0 0  0 0
     4  0.6417858190552036E-04   1   0 0  1 0  0 0  0 0
     5  0.3040467188790812E-04   1   0 0  0 1  0 0  0 0
     6   1.000000000000000       1   0 0  0 0  1 0  0 0
     7  0.2859789937596279       1   0 0  0 0  0 1  0 0
     8  -.2859789886396992       1   0 0  0 0  0 0  1 0
     9  -.5119936148790006E-08   1   0 0  0 0  0 0  0 1
    10  -.5933767057066945       2   2 0  0 0  0 0  0 0
    11  -1.468330000363489       2   1 1  0 0  0 0  0 0
    12  -1.121941197293409       2   0 2  0 0  0 0  0 0
    13  -.3551612147908743E-04   2   1 0  1 0  0 0  0 0
    14  -.4390532467945608E-04   2   0 1  1 0  0 0  0 0
    15  -.3666778850243793       2   0 0  2 0  0 0  0 0
    16  -.4437005983445966E-04   2   1 0  0 1  0 0  0 0
    17  -.5044687113267358E-04   2   0 1  0 1  0 0  0 0
    18  -.3405813064266338       2   0 0  1 1  0 0  0 0
    19  -.2972508974854481       2   0 0  0 2  0 0  0 0
    20  0.1361639835631577E-04   2   1 0  0 0  0 1  0 0
    21  0.1868720925652085E-04   2   0 1  0 0  0 1  0 0
    22  -.8867546097103703E-04   2   0 0  1 0  0 1  0 0
    23  -.6961408037933894E-04   2   0 0  0 1  0 1  0 0
    24  0.4330654955943187E-05   2   1 0  0 0  0 0  1 0
    25  0.8638210328949938E-05   2   0 1  0 0  0 0  1 0
    26  -.2455018718865229E-04   2   0 0  1 0  0 0  1 0
    27  -.3919752394978191E-04   2   0 0  0 1  0 0  1 0
    28  -.1794714714682704E-04   2   1 0  0 0  0 0  0 1
    29  -.1727464373753800E-04   2   0 1  0 0  0 0  0 1
    30  0.1132256895520957E-03   2   0 0  1 0  0 0  0 1
    31  0.7840697293756230E-04   2   0 0  0 1  0 0  0 1
    32  -.2146286655795517       2   0 0  0 0  0 2  0 0
    33  0.1432783306321781       2   0 0  0 0  0 1  1 0
    34  0.7135032817760936E-01   2   0 0  0 0  0 0  2 0
    35  0.6767565935685690E-08   2   0 0  0 0  0 1  0 1
    36  0.1652371182727112E-08   2   0 0  0 0  0 0  1 1
    37  -.1650076780878798E-08   2   0 0  0 0  0 0  0 2
    38  0.3239438089874015       3   3 0  0 0  0 0  0 0
    39  0.9809223674958085       3   2 1  0 0  0 0  0 0
    40  0.9783043983099536       3   1 2  0 0  0 0  0 0
    41  0.3224844015628198       3   0 3  0 0  0 0  0 0
    42  0.2029130797751810E-02   3   2 0  1 0  0 0  0 0
    43  0.4125446996859890E-02   3   1 1  1 0  0 0  0 0
    44  0.2399478328303398E-02   3   0 2  1 0  0 0  0 0
    45  0.1094269248732705       3   1 0  2 0  0 0  0 0
    46  0.2733464693322539E-01   3   0 1  2 0  0 0  0 0
    47  0.7928008444734228E-03   3   0 0  3 0  0 0  0 0
    48  0.1423990124852098E-02   3   2 0  0 1  0 0  0 0
    49  0.2830601453017820E-02   3   1 1  0 1  0 0  0 0
    50  0.1663936957558440E-02   3   0 2  0 1  0 0  0 0
    51  0.7110881640121519E-01   3   1 0  1 1  0 0  0 0
    52  -.5930678918962870E-01   3   0 1  1 1  0 0  0 0
    53  0.1962339575960582E-02   3   0 0  2 1  0 0  0 0
    54  -.2827826401465033E-01   3   1 0  0 2  0 0  0 0
    55  -.7999062213627200E-01   3   0 1  0 2  0 0  0 0
    56  0.1672693710400502E-02   3   0 0  1 2  0 0  0 0
    57  0.4971721954663000E-03   3   0 0  0 3  0 0  0 0
    58  0.9597242630469928       3   2 0  0 0  0 1  0 0
    59   2.876818825072107       3   1 1  0 0  0 1  0 0
    60   2.409523680051450       3   0 2  0 0  0 1  0 0
    61  0.5364748437136010E-04   3   1 0  1 0  0 1  0 0
    62  0.8259253284795320E-04   3   0 1  1 0  0 1  0 0
    63  0.5047624750581539       3   0 0  2 0  0 1  0 0
    64  0.8416816347603018E-04   3   1 0  0 1  0 1  0 0
    65  0.1172394918863267E-03   3   0 1  0 1  0 1  0 0
    66  0.7830485114659897       3   0 0  1 1  0 1  0 0
    67  0.5832785285511923       3   0 0  0 2  0 1  0 0
    68  0.3666524559632417       3   2 0  0 0  0 0  1 0
    69   1.408567658329709       3   1 1  0 0  0 0  1 0
    70   1.287358091302765       3   0 2  0 0  0 0  1 0
    71  0.1807303539931465E-04   3   1 0  1 0  0 0  1 0
    72  0.3851354103214142E-04   3   0 1  1 0  0 0  1 0
    73  0.1383917504353661       3   0 0  2 0  0 0  1 0
    74  0.3971327171373764E-04   3   1 0  0 1  0 0  1 0
    75  0.6659599565513657E-04   3   0 1  0 1  0 0  1 0
    76  0.4423297746921008       3   0 0  1 1  0 0  1 0
    77  0.2860423214888875       3   0 0  0 2  0 0  1 0
    78  -1.326377721136752       3   2 0  0 0  0 0  0 1
    79  -2.817058937830070       3   1 1  0 0  0 0  0 1
    80  -1.453000991131224       3   0 2  0 0  0 0  0 1
    81  -.7156531788063376E-04   3   1 0  1 0  0 0  0 1
    82  -.7684461957310117E-04   3   0 1  1 0  0 0  0 1
    83  -.6431545582565624       3   0 0  2 0  0 0  0 1
    84  -.7929684514534090E-04   3   1 0  0 1  0 0  0 1
    85  -.8253648297604659E-04   3   0 1  0 1  0 0  0 1
    86  -.8847974584010154       3   0 0  1 1  0 0  0 1
    87  -.2748192695316148       3   0 0  0 2  0 0  0 1
    88  -.1661862735323695E-04   3   1 0  0 0  0 2  0 0
    89  -.2672413672020051E-04   3   0 1  0 0  0 2  0 0
    90  0.1036761006942533E-03   3   0 0  1 0  0 2  0 0
    91  0.1080069420158229E-03   3   0 0  0 1  0 2  0 0
    92  -.6007796359232609E-05   3   1 0  0 0  0 1  1 0
    93  -.1607576881529480E-04   3   0 1  0 0  0 1  1 0
    94  0.3003395844891016E-04   3   0 0  1 0  0 1  1 0
    95  0.7679441870782409E-04   3   0 0  0 1  0 1  1 0
    96  -.3008992062330691E-05   3   1 0  0 0  0 0  2 0
    97  -.8039611191219079E-05   3   0 1  0 0  0 0  2 0
    98  0.1505632595351388E-04   3   0 0  1 0  0 0  2 0
    99  0.3839227607967309E-04   3   0 0  0 1  0 0  2 0
   100  0.2562620047380937E-04   3   1 0  0 0  0 1  0 1
   101  0.3214760125139165E-04   3   0 1  0 0  0 1  0 1
   102  -.1487181217140814E-03   3   0 0  1 0  0 1  0 1
   103  -.1535879391188383E-03   3   0 0  0 1  0 1  0 1
   104  0.7692725585225506E-05   3   1 0  0 0  0 0  1 1
   105  0.1487622906568938E-04   3   0 1  0 0  0 0  1 1
   106  -.3559892686807199E-04   3   0 0  1 0  0 0  1 1
   107  -.7518696650199799E-04   3   0 0  0 1  0 0  1 1
   108  -.7685428714762282E-05   3   1 0  0 0  0 0  0 2
   109  -.6236990479904694E-05   3   0 1  0 0  0 0  0 2
   110  0.3554767767334338E-04   3   0 0  1 0  0 0  0 2
   111  0.3598237168273041E-04   3   0 0  0 1  0 0  0 2
   112  0.1788813516138829       3   0 0  0 0  0 3  0 0
   113  -.1073867931776560       3   0 0  0 0  0 2  1 0
   114  -.3589155591170751E-01   3   0 0  0 0  0 1  2 0
   115  -.3560303963668966E-01   3   0 0  0 0  0 0  3 0
   116  -.5602113899423325E-08   3   0 0  0 0  0 2  0 1
   117  0.5748896919072706E-09   3   0 0  0 0  0 1  1 1
   118  0.2830844016299019E-09   3   0 0  0 0  0 0  2 1
   119  0.4441144889343862E-09   3   0 0  0 0  0 1  0 2
   120  -.2767559751241253E-09   3   0 0  0 0  0 0  1 2
   121  0.3636131784701385E-09   3   0 0  0 0  0 0  0 3
   122  -7.017788206418103       4   4 0  0 0  0 0  0 0
   123  -33.71438469290047       4   3 1  0 0  0 0  0 0
   124  -60.44099129774175       4   2 2  0 0  0 0  0 0
   125  -48.33791767365871       4   1 3  0 0  0 0  0 0
   126  -14.91216476081921       4   0 4  0 0  0 0  0 0
   127  0.3763128296639802E-02   4   3 0  1 0  0 0  0 0
   128  0.1243198624339714E-01   4   2 1  1 0  0 0  0 0
   129  0.1295723024564389E-01   4   1 2  1 0  0 0  0 0
   130  0.4304196442950131E-02   4   0 3  1 0  0 0  0 0
   131  -13.78950917026390       4   2 0  2 0  0 0  0 0
   132  -28.36345817348133       4   1 1  2 0  0 0  0 0
   133  -16.02016535893758       4   0 2  2 0  0 0  0 0
   134  0.5249204248946257E-02   4   1 0  3 0  0 0  0 0
   135  0.3806565651812617E-02   4   0 1  3 0  0 0  0 0
   136  -2.719219974873522       4   0 0  4 0  0 0  0 0
   137  0.4879826744162604E-02   4   3 0  0 1  0 0  0 0
   138  0.1545670104155081E-01   4   2 1  0 1  0 0  0 0
   139  0.1575539990873912E-01   4   1 2  0 1  0 0  0 0
   140  0.5178919516342742E-02   4   0 3  0 1  0 0  0 0
   141  -19.04775574228201       4   2 0  1 1  0 0  0 0
   142  -37.88604906890593       4   1 1  1 1  0 0  0 0
   143  -21.35981444622613       4   0 2  1 1  0 0  0 0
   144  0.1318111906517509E-01   4   1 0  2 1  0 0  0 0
   145  0.9486388399686421E-02   4   0 1  2 1  0 0  0 0
   146  -8.447919370681426       4   0 0  3 1  0 0  0 0
   147  -6.521544048116461       4   2 0  0 2  0 0  0 0
   148  -13.33866261778626       4   1 1  0 2  0 0  0 0
   149  -8.255838404372287       4   0 2  0 2  0 0  0 0
   150  0.1092008939890250E-01   4   1 0  1 2  0 0  0 0
   151  0.7718694371901423E-02   4   0 1  1 2  0 0  0 0
   152  -10.14077921647312       4   0 0  2 2  0 0  0 0
   153  0.2907544653332766E-02   4   1 0  0 3  0 0  0 0
   154  0.1960525350898990E-02   4   0 1  0 3  0 0  0 0
   155  -5.695070056338571       4   0 0  1 3  0 0  0 0
   156  -1.351538042808676       4   0 0  0 4  0 0  0 0
   157  -.5668837568979542       4   3 0  0 0  0 1  0 0
   158  -2.145874660906050       4   2 1  0 0  0 1  0 0
   159  -2.581614844879071       4   1 2  0 0  0 1  0 0
   160  -.9996959155079126       4   0 3  0 0  0 1  0 0
   161  -.1444186064147795E-02   4   2 0  1 0  0 1  0 0
   162  -.5365617806495945E-02   4   1 1  1 0  0 1  0 0
   163  -.4281760330897954E-02   4   0 2  1 0  0 1  0 0
   164  -.1185416884015184       4   1 0  2 0  0 1  0 0
   165  -.5290359736923141E-01   4   0 1  2 0  0 1  0 0
   166  -.9892048660315451E-03   4   0 0  3 0  0 1  0 0
   167  -.1204668912387369E-02   4   2 0  0 1  0 1  0 0
   168  -.3951191765693722E-02   4   1 1  0 1  0 1  0 0
   169  -.3168377901560278E-02   4   0 2  0 1  0 1  0 0
   170  -.1444112765382242       4   1 0  1 1  0 1  0 0
   171  0.7700354501434781E-01   4   0 1  1 1  0 1  0 0
   172  -.3141408525011275E-02   4   0 0  2 1  0 1  0 0
   173  0.3183688929415335E-01   4   1 0  0 2  0 1  0 0
   174  0.1736334190769599       4   0 1  0 2  0 1  0 0
   175  -.3336867274274818E-02   4   0 0  1 2  0 1  0 0
   176  -.1230687005165652E-02   4   0 0  0 3  0 1  0 0
   177  -.2404795990680661       4   3 0  0 0  0 0  1 0
   178  -1.155873815933106       4   2 1  0 0  0 0  1 0
   179  -1.592470527872922       4   1 2  0 0  0 0  1 0
   180  -.6729376269603665       4   0 3  0 0  0 0  1 0
   181  -.9397970086249832E-03   4   2 0  1 0  0 0  1 0
   182  -.4128611431399570E-02   4   1 1  1 0  0 0  1 0
   183  -.3389840151503267E-02   4   0 2  1 0  0 0  1 0
   184  -.8617298504691999E-02   4   1 0  2 0  0 0  1 0
   185  -.2420660544211417E-01   4   0 1  2 0  0 0  1 0
   186  -.5334998721076763E-03   4   0 0  3 0  0 0  1 0
   187  -.1110035483930964E-02   4   2 0  0 1  0 0  1 0
   188  -.3692572573048983E-02   4   1 1  0 1  0 0  1 0
   189  -.2865461241918802E-02   4   0 2  0 1  0 0  1 0
   190  -.7238536157936974E-01   4   1 0  1 1  0 0  1 0
   191  0.1976110761115560E-01   4   0 1  1 1  0 0  1 0
   192  -.2101850395458591E-02   4   0 0  2 1  0 0  1 0
   193  0.4052659639889149E-02   4   1 0  0 2  0 0  1 0
   194  0.9453365918035193E-01   4   0 1  0 2  0 0  1 0
   195  -.2466768857553612E-02   4   0 0  1 2  0 0  1 0
   196  -.9566163165876356E-03   4   0 0  0 3  0 0  1 0
   197  0.8039345674174967       4   3 0  0 0  0 0  0 1
   198   2.306475944724772       4   2 1  0 0  0 0  0 1
   199   2.198423797942704       4   1 2  0 0  0 0  0 1
   200  0.6968036156884578       4   0 3  0 0  0 0  0 1
   201  0.2638492328661111E-02   4   2 0  1 0  0 0  0 1
   202  0.6234010881902922E-02   4   1 1  1 0  0 0  0 1
   203  0.3732666292383884E-02   4   0 2  1 0  0 0  0 1
   204  0.1260453040101808       4   1 0  2 0  0 0  0 1
   205  0.4707782813307065E-01   4   0 1  2 0  0 0  0 1
   206  0.1559156923149586E-02   4   0 0  3 0  0 0  0 1
   207  0.1160964411925951E-02   4   2 0  0 1  0 0  0 1
   208  0.3035702642199364E-02   4   1 1  0 1  0 0  0 1
   209  0.2050723766918353E-02   4   0 2  0 1  0 0  0 1
   210  0.1439846054613196       4   1 0  1 1  0 0  0 1
   211  0.1788546189523777E-01   4   0 1  1 1  0 0  0 1
   212  0.3532995563351469E-02   4   0 0  2 1  0 0  0 1
   213  0.1962336032119152E-01   4   1 0  0 2  0 0  0 1
   214  -.3023904583938780E-01   4   0 1  0 2  0 0  0 1
   215  0.2682028048498054E-02   4   0 0  1 2  0 0  0 1
   216  0.7398337414775002E-03   4   0 0  0 3  0 0  0 1
   217  -1.273198432242041       4   2 0  0 0  0 2  0 0
   218  -4.337964225398403       4   1 1  0 0  0 2  0 0
   219  -3.922475730120983       4   0 2  0 0  0 2  0 0
   220  -.6479895688596321E-04   4   1 0  1 0  0 2  0 0
   221  -.1290871038855999E-03   4   0 1  1 0  0 2  0 0
   222  -.5883288402649186       4   0 0  2 0  0 2  0 0
   223  -.1339004096918746E-03   4   1 0  0 1  0 2  0 0
   224  -.2169987398246168E-03   4   0 1  0 1  0 2  0 0
   225  -1.215073618670835       4   0 0  1 1  0 2  0 0
   226  -.9166614369007755       4   0 0  0 2  0 2  0 0
   227  -.6270154648126586       4   2 0  0 0  0 1  1 0
   228  -2.922009444094988       4   1 1  0 0  0 1  1 0
   229  -3.025231835689512       4   0 2  0 0  0 1  1 0
   230  -.2711149145915468E-04   4   1 0  1 0  0 1  1 0
   231  -.7824837383946600E-04   4   0 1  1 0  0 1  1 0
   232  -.1673203749448616       4   0 0  2 0  0 1  1 0
   233  -.8275080264060196E-04   4   1 0  0 1  0 1  1 0
   234  -.1671016569322257E-03   4   0 1  0 1  0 1  1 0
   235  -.8641507388226543       4   0 0  1 1  0 1  1 0
   236  -.6666722515355612       4   0 0  0 2  0 1  1 0
   237  -.3137304201384147       4   2 0  0 0  0 0  2 0
   238  -1.460970633968217       4   1 1  0 0  0 0  2 0
   239  -1.512198468513509       4   0 2  0 0  0 0  2 0
   240  -.1369943168016236E-04   4   1 0  1 0  0 0  2 0
   241  -.3925504720336067E-04   4   0 1  1 0  0 0  2 0
   242  -.8388660973082052E-01   4   0 0  2 0  0 0  2 0
   243  -.4148175417269504E-04   4   1 0  0 1  0 0  2 0
   244  -.8359833990021040E-04   4   0 1  0 1  0 0  2 0
   245  -.4320196763871865       4   0 0  1 1  0 0  2 0
   246  -.3332792486019187       4   0 0  0 2  0 0  2 0
   247   2.213593854858646       4   2 0  0 0  0 1  0 1
   248   5.844113064803663       4   1 1  0 0  0 1  0 1
   249   3.641518278454390       4   0 2  0 0  0 1  0 1
   250  0.9400906327744874E-04   4   1 0  1 0  0 1  0 1
   251  0.1431201584090217E-03   4   0 1  1 0  0 1  0 1
   252  0.8392528589936239       4   0 0  2 0  0 1  0 1
   253  0.1510282818170671E-03   4   1 0  0 1  0 1  0 1
   254  0.2008416454654636E-03   4   0 1  0 1  0 1  0 1
   255   1.728276326557680       4   0 0  1 1  0 1  0 1
   256  0.7501988470767995       4   0 0  0 2  0 1  0 1
   257  0.8877806625307839       4   2 0  0 0  0 0  1 1
   258   3.026724172056044       4   1 1  0 0  0 0  1 1
   259   2.187506130250996       4   0 2  0 0  0 0  1 1
   260  0.3381100161923716E-04   4   1 0  1 0  0 0  1 1
   261  0.7053625357514144E-04   4   0 1  1 0  0 0  1 1
   262  0.1967119462197128       4   0 0  2 0  0 0  1 1
   263  0.7549883517310506E-04   4   1 0  0 1  0 0  1 1
   264  0.1166794891954934E-03   4   0 1  0 1  0 0  1 1
   265  0.8435550977799002       4   0 0  1 1  0 0  1 1
   266  0.4751187037919611       4   0 0  0 2  0 0  1 1
   267  -.8874618996634032       4   2 0  0 0  0 0  0 2
   268  -1.618291710445140       4   1 1  0 0  0 0  0 2
   269  -.7349788454737278       4   0 2  0 0  0 0  0 2
   270  -.3061894502978964E-04   4   1 0  1 0  0 0  0 2
   271  -.2674701009320893E-04   4   0 1  1 0  0 0  0 2
   272  -.1964166148354671       4   0 0  2 0  0 0  0 2
   273  -.2979096767823929E-04   4   1 0  0 1  0 0  0 2
   274  -.2617297882516620E-04   4   0 1  0 1  0 0  0 2
   275  -.4011390498296333       4   0 0  1 1  0 0  0 2
   276  -.2004396201217810       4   0 0  0 2  0 0  0 2
   277  -.1878148869573791E-03   4   1 0  0 0  0 3  0 0
   278  -.2608626323774158E-03   4   0 1  0 0  0 3  0 0
   279  -.9823747222058706E-04   4   0 0  1 0  0 3  0 0
   280  -.1309740518378136E-03   4   0 0  0 1  0 3  0 0
   281  -.1039048012846827E-03   4   1 0  0 0  0 2  1 0
   282  -.1362260879932528E-03   4   0 1  0 0  0 2  1 0
   283  -.2355942693429894E-04   4   0 0  1 0  0 2  1 0
   284  -.1027677725418648E-03   4   0 0  0 1  0 2  1 0
   285  -.6616968953673330E-04   4   1 0  0 0  0 1  2 0
   286  -.8598134724408584E-04   4   0 1  0 0  0 1  2 0
   287  -.1154905461932313E-04   4   0 0  1 0  0 1  2 0
   288  -.6704477584166087E-04   4   0 0  0 1  0 1  2 0
   289  -.3466960973332612E-04   4   1 0  0 0  0 0  3 0
   290  -.4546457609372154E-04   4   0 1  0 0  0 0  3 0
   291  -.7901146152498488E-05   4   0 0  1 0  0 0  3 0
   292  -.3425346284614612E-04   4   0 0  0 1  0 0  3 0
   293  0.1643090076752546E-03   4   1 0  0 0  0 2  0 1
   294  0.1296978071377750E-03   4   0 1  0 0  0 2  0 1
   295  0.1052762085119230E-03   4   0 0  1 0  0 2  0 1
   296  0.1892944347845298E-03   4   0 0  0 1  0 2  0 1
   297  0.9550820089437805E-04   4   1 0  0 0  0 1  1 1
   298  0.7461676076390140E-04   4   0 1  0 0  0 1  1 1
   299  0.1295871137150064E-04   4   0 0  1 0  0 1  1 1
   300  0.1192348784899016E-03   4   0 0  0 1  0 1  1 1
   301  0.4776786098231413E-04   4   1 0  0 0  0 0  2 1
   302  0.3731996161557212E-04   4   0 1  0 0  0 0  2 1
   303  0.6537276758429664E-05   4   0 0  1 0  0 0  2 1
   304  0.5962494662730197E-04   4   0 0  0 1  0 0  2 1
   305  -.1871144490089814E-05   4   1 0  0 0  0 1  0 2
   306  0.2100004030493994E-05   4   0 1  0 0  0 1  0 2
   307  -.3795731540182952E-05   4   0 0  1 0  0 1  0 2
   308  -.2463475680032058E-04   4   0 0  0 1  0 1  0 2
   309  -.7226374654847009E-05   4   1 0  0 0  0 0  1 2
   310  -.2788225346833674E-05   4   0 1  0 0  0 0  1 2
   311  0.8288283780506532E-05   4   0 0  1 0  0 0  1 2
   312  -.1047853476616398E-04   4   0 0  0 1  0 0  1 2
   313  0.2497691702999735E-06   4   1 0  0 0  0 0  0 3
   314  0.3430780463296368E-06   4   0 1  0 0  0 0  0 3
   315  -.8067075767964422E-05   4   0 0  1 0  0 0  0 3
   316  -.7388431291521386E-05   4   0 0  0 1  0 0  0 3
   317  -.1565302534266567       4   0 0  0 0  0 4  0 0
   318  0.8947684228633680E-01   4   0 0  0 0  0 3  1 0
   319  0.2686485395564059E-01   4   0 0  0 0  0 2  2 0
   320  0.1798162621617425E-01   4   0 0  0 0  0 1  3 0
   321  0.2220686143878751E-01   4   0 0  0 0  0 0  4 0
   322  0.7631391273331703E-08   4   0 0  0 0  0 3  0 1
   323  0.3785983851898934E-08   4   0 0  0 0  0 2  1 1
   324  0.3051084407444824E-08   4   0 0  0 0  0 1  2 1
   325  0.1009495455950775E-08   4   0 0  0 0  0 0  3 1
   326  -.3500688972938196E-09   4   0 0  0 0  0 2  0 2
   327  0.4695897752517638E-09   4   0 0  0 0  0 1  1 2
   328  0.1865202026915054E-09   4   0 0  0 0  0 0  2 2
   329  -.6564920514129940E-09   4   0 0  0 0  0 1  0 3
   330  -.2929734053157077E-09   4   0 0  0 0  0 0  1 3
   331  -.5118336582403404E-10   4   0 0  0 0  0 0  0 4
   ----------------------------------------------------
     I  COEFFICIENT            ORDER EXPONENTS
     1   1.000000000000000       1   0 0  0 0  0 1  0 0
     --------------------------------------------------
     I  COEFFICIENT            ORDER EXPONENTS
     1   1.000000000000000       1   0 0  0 0  0 0  1 0
     --------------------------------------------------
     I  COEFFICIENT            ORDER EXPONENTS
     1   1.000000000000000       1   0 0  0 0  0 0  0 1
     --------------------------------------------------
