 L    0.1145458000000000E+01
 P (  0.0000000000000000E+00,  0.0000000000000000E+00,  0.9555200000000000E-01)
 A (  0.0000000000000000E+00,  0.0000000000000000E+00,  0.0000000000000000E+00)
     I  COEFFICIENT            ORDER EXPONENTS
     1  0.9557536588241099E-04   0   0 0  0 0  0 0  0 0
     2   1.819922552819765       1   1 0  0 0  0 0  0 0
     3   1.871673173629659       1   0 1  0 0  0 0  0 0
     4  0.2463879642938421E-04   1   0 0  1 0  0 0  0 0
     5  0.2173322307749737E-04   1   0 0  0 1  0 0  0 0
     6  -.8700895729816919E-06   1   0 0  0 0  0 1  0 0
     7  -.8689186474402198E-06   1   0 0  0 0  0 0  1 0
     8  0.1739008222596008E-05   1   0 0  0 0  0 0  0 1
     9  -.2168174271232151       2   2 0  0 0  0 0  0 0
    10  -.3869995042577684       2   1 1  0 0  0 0  0 0
    11  -.1735066836223946       2   0 2  0 0  0 0  0 0
    12  0.8266372035034650E-03   2   1 0  1 0  0 0  0 0
    13  0.2227599534061882E-03   2   0 1  1 0  0 0  0 0
    14  0.1436847396587050       2   0 0  2 0  0 0  0 0
    15  0.8868087627166624E-03   2   1 0  0 1  0 0  0 0
    16  0.3982060358665352E-03   2   0 1  0 1  0 0  0 0
    17  0.2556692072220348       2   0 0  1 1  0 0  0 0
    18  0.1147299974005900       2   0 0  0 2  0 0  0 0
    19  -.4531762277160316       2   1 0  0 0  0 1  0 0
    20  -1.335611397386725       2   0 1  0 0  0 1  0 0
    21  -.1364061232366096E-04   2   0 0  1 0  0 1  0 0
    22  -.2299161701416681E-04   2   0 0  0 1  0 1  0 0
    23  -.4525663645062248       2   1 0  0 0  0 0  1 0
    24  -1.333813994513304       2   0 1  0 0  0 0  1 0
    25  -.1362225543045553E-04   2   0 0  1 0  0 0  1 0
    26  -.2296067597954648E-04   2   0 0  0 1  0 0  1 0
    27  0.9057425922622224       2   1 0  0 0  0 0  0 1
    28  0.7977522183098111       2   0 1  0 0  0 0  0 1
    29  0.2726284243585148E-04   2   0 0  1 0  0 0  0 1
    30  0.2421904536255272E-04   2   0 0  0 1  0 0  0 1
    31  0.2955144000123462E-06   2   0 0  0 0  0 2  0 0
    32  -.2774978366568599E-06   2   0 0  0 0  0 1  1 0
    33  0.2953034324160104E-06   2   0 0  0 0  0 0  2 0
    34  0.5564904219479128E-06   2   0 0  0 0  0 1  0 1
    35  0.5557415233649270E-06   2   0 0  0 0  0 0  1 1
    36  -.1425613334656850E-05   2   0 0  0 0  0 0  0 2
    37   4.286343619137552       3   3 0  0 0  0 0  0 0
    38   17.46207435039143       3   2 1  0 0  0 0  0 0
    39   21.95371857155495       3   1 2  0 0  0 0  0 0
    40   9.673057369239139       3   0 3  0 0  0 0  0 0
    41  -.1568820354919182E-01   3   2 0  1 0  0 0  0 0
    42  -.2741168549235298E-01   3   1 1  1 0  0 0  0 0
    43  -.1198689049506515E-01   3   0 2  1 0  0 0  0 0
    44  -1.999919625523308       3   1 0  2 0  0 0  0 0
    45  0.7393276264128695       3   0 1  2 0  0 0  0 0
    46  0.3586268697364029E-02   3   0 0  3 0  0 0  0 0
    47  -.1424127432305767E-01   3   2 0  0 1  0 0  0 0
    48  -.2507671969640106E-01   3   1 1  0 1  0 0  0 0
    49  -.1104264035357970E-01   3   0 2  0 1  0 0  0 0
    50  -6.488574755942619       3   1 0  1 1  0 0  0 0
    51  -2.048582898082125       3   0 1  1 1  0 0  0 0
    52  0.9486626183169892E-02   3   0 0  2 1  0 0  0 0
    53  -3.300609475034864       3   1 0  0 2  0 0  0 0
    54  -.6749817471098057       3   0 1  0 2  0 0  0 0
    55  0.8449539464680356E-02   3   0 0  1 2  0 0  0 0
    56  0.2546504493241197E-02   3   0 0  0 3  0 0  0 0
    57  0.1419776419889058       3   2 0  0 0  0 1  0 0
    58  0.4460429775999633       3   1 1  0 0  0 1  0 0
    59  0.2862174551563340       3   0 2  0 0  0 1  0 0
    60  -.3785354583746045E-03   3   1 0  1 0  0 1  0 0
    61  -.1158225022222146E-03   3   0 1  1 0  0 1  0 0
    62  -.6646631559160388E-01   3   0 0  2 0  0 1  0 0
    63  -.9795510655945465E-03   3   1 0  0 1  0 1  0 0
    64  -.6171278009104777E-03   3   0 1  0 1  0 1  0 0
    65  -.2449394594446509       3   0 0  1 1  0 1  0 0
    66  -.1668791923992128       3   0 0  0 2  0 1  0 0
    67  0.1417865751694903       3   2 0  0 0  0 0  1 0
    68  0.4454427139819832       3   1 1  0 0  0 0  1 0
    69  0.2858322771941443       3   0 2  0 0  0 0  1 0
    70  -.3780260431944818E-03   3   1 0  1 0  0 0  1 0
    71  -.1156666337572505E-03   3   0 1  1 0  0 0  1 0
    72  -.6637686835652948E-01   3   0 0  2 0  0 0  1 0
    73  -.9782328319351094E-03   3   1 0  0 1  0 0  1 0
    74  -.6162972994002374E-03   3   0 1  0 1  0 0  1 0
    75  -.2446098314637268       3   0 0  1 1  0 0  1 0
    76  -.1666546142468256       3   0 0  0 2  0 0  1 0
    77  -.2837646487629721       3   2 0  0 0  0 0  0 1
    78  -.5044869077044107       3   1 1  0 0  0 0  0 1
    79  -.2250366658890292       3   0 2  0 0  0 0  0 1
    80  0.7555355319654633E-03   3   1 0  1 0  0 0  0 1
    81  0.7702629254075063E-05   3   0 1  1 0  0 0  0 1
    82  0.1328433820679116       3   0 0  2 0  0 0  0 1
    83  0.1069901606483324E-02   3   1 0  0 1  0 0  0 1
    84  0.4359333814597344E-03   3   0 1  0 1  0 0  0 1
    85  0.2338803939494429       3   0 0  1 1  0 0  0 1
    86  0.1040739318935318       3   0 0  0 2  0 0  0 1
    87  0.3621754002103318       3   1 0  0 0  0 2  0 0
    88   1.219812409287270       3   0 1  0 0  0 2  0 0
    89  0.1087978716636916E-04   3   0 0  1 0  0 2  0 0
    90  0.2392278476371107E-04   3   0 0  0 1  0 2  0 0
    91  0.2714188120767371       3   1 0  0 0  0 1  1 0
    92   1.104322912909602       3   0 1  0 0  0 1  1 0
    93  0.8028409918571658E-05   3   0 0  1 0  0 1  1 0
    94  0.2476003483878491E-04   3   0 0  0 1  0 1  1 0
    95  0.3615053703025769       3   1 0  0 0  0 0  2 0
    96   1.217427770368985       3   0 1  0 0  0 0  2 0
    97  0.1085974353369612E-04   3   0 0  1 0  0 0  2 0
    98  0.2387393016347183E-04   3   0 0  0 1  0 0  2 0
    99  -.5425939884936375       3   1 0  0 0  0 1  0 1
   100  -.8727259659683044       3   0 1  0 0  0 1  0 1
   101  -.1598910190910933E-04   3   0 0  1 0  0 1  0 1
   102  -.2643348645189605E-04   3   0 0  0 1  0 1  0 1
   103  -.5418637910754890       3   1 0  0 0  0 0  1 1
   104  -.8715514924934510       3   0 1  0 0  0 0  1 1
   105  -.1596758452930027E-04   3   0 0  1 0  0 0  1 1
   106  -.2639791351159608E-04   3   0 0  0 1  0 0  1 1
   107  0.8935775711119730E-01   3   1 0  0 0  0 0  0 2
   108  0.7438669393238323E-01   3   0 1  0 0  0 0  0 2
   109  0.2254887967238332E-05   3   0 0  1 0  0 0  0 2
   110  0.2133866486514628E-05   3   0 0  0 1  0 0  0 2
   111  0.3319842438939688E-08   3   0 0  0 0  0 3  0 0
   112  0.6004559320658657E-06   3   0 0  0 0  0 2  1 0
   113  0.5992505266360740E-06   3   0 0  0 0  0 1  2 0
   114  0.2909651992792040E-08   3   0 0  0 0  0 0  3 0
   115  -.1201832237533867E-05   3   0 0  0 0  0 2  0 1
   116  -.1845308194804470E-05   3   0 0  0 0  0 1  1 1
   117  -.1198973203948071E-05   3   0 0  0 0  0 0  2 1
   118  0.1568051981858725E-05   3   0 0  0 0  0 1  0 2
   119  0.1565941771401406E-05   3   0 0  0 0  0 0  1 2
   120  -.9430674311968292E-07   3   0 0  0 0  0 0  0 3
   121  -28.47858485927759       4   4 0  0 0  0 0  0 0
   122  -106.0159429507218       4   3 1  0 0  0 0  0 0
   123  -148.6819550582319       4   2 2  0 0  0 0  0 0
   124  -93.25699048355716       4   1 3  0 0  0 0  0 0
   125  -22.10089381031830       4   0 4  0 0  0 0  0 0
   126  -.1233976694184474E-01   4   3 0  1 0  0 0  0 0
   127  -.3582353239548072E-01   4   2 1  1 0  0 0  0 0
   128  -.3734289676025722E-01   4   1 2  1 0  0 0  0 0
   129  -.1372178647333551E-01   4   0 3  1 0  0 0  0 0
   130   93.81386497291487       4   2 0  2 0  0 0  0 0
   131   165.2881915048440       4   1 1  2 0  0 0  0 0
   132   73.36165565183880       4   0 2  2 0  0 0  0 0
   133  0.7280667462518195E-02   4   1 0  3 0  0 0  0 0
   134  0.5456613430659512E-02   4   0 1  3 0  0 0  0 0
   135  -10.67240039677405       4   0 0  4 0  0 0  0 0
   136  -.9304800913620197E-02   4   3 0  0 1  0 0  0 0
   137  -.2511718953771342E-01   4   2 1  0 1  0 0  0 0
   138  -.2398947447801735E-01   4   1 2  0 1  0 0  0 0
   139  -.8182952912550341E-02   4   0 3  0 1  0 0  0 0
   140   172.3837437952828       4   2 0  1 1  0 0  0 0
   141   306.0122180822252       4   1 1  1 1  0 0  0 0
   142   136.9399614466721       4   0 2  1 1  0 0  0 0
   143  0.2011719612324147E-01   4   1 0  2 1  0 0  0 0
   144  0.1586840332079700E-01   4   0 1  2 1  0 0  0 0
   145  -37.52053697218548       4   0 0  3 1  0 0  0 0
   146   79.62436608112290       4   2 0  0 2  0 0  0 0
   147   142.2290375045951       4   1 1  0 2  0 0  0 0
   148   64.08240052617523       4   0 2  0 2  0 0  0 0
   149  0.1765368528810887E-01   4   1 0  1 2  0 0  0 0
   150  0.1442223666873729E-01   4   0 1  1 2  0 0  0 0
   151  -49.79365491526335       4   0 0  2 2  0 0  0 0
   152  0.5535614023898645E-02   4   1 0  0 3  0 0  0 0
   153  0.4606442828696163E-02   4   0 1  0 3  0 0  0 0
   154  -29.44601768341807       4   0 0  1 3  0 0  0 0
   155  -6.519852734751498       4   0 0  0 4  0 0  0 0
   156  -7.199771309707135       4   3 0  0 0  0 1  0 0
   157  -33.72855772613608       4   2 1  0 0  0 1  0 0
   158  -49.95699286662563       4   1 2  0 0  0 1  0 0
   159  -24.90861340255562       4   0 3  0 0  0 1  0 0
   160  0.1336538351490706E-02   4   2 0  1 0  0 1  0 0
   161  0.1423172962900578E-01   4   1 1  1 0  0 1  0 0
   162  0.1129650063246863E-01   4   0 2  1 0  0 1  0 0
   163  0.4270605637206073       4   1 0  2 0  0 1  0 0
   164  -1.705045060780788       4   0 1  2 0  0 1  0 0
   165  -.5222268066101840E-03   4   0 0  3 0  0 1  0 0
   166  0.7214163174630271E-02   4   2 0  0 1  0 1  0 0
   167  0.2339317375504919E-01   4   1 1  0 1  0 1  0 0
   168  0.1488145522630858E-01   4   0 2  0 1  0 1  0 0
   169   7.046065889675006       4   1 0  1 1  0 1  0 0
   170   2.806955549076321       4   0 1  1 1  0 1  0 0
   171  -.5624377024113051E-02   4   0 0  2 1  0 1  0 0
   172   5.828728141523033       4   1 0  0 2  0 1  0 0
   173   2.086125874220571       4   0 1  0 2  0 1  0 0
   174  -.8752471576795109E-02   4   0 0  1 2  0 1  0 0
   175  -.3765629324966707E-02   4   0 0  0 3  0 1  0 0
   176  -7.190082196792950       4   3 0  0 0  0 0  1 0
   177  -33.68316742272302       4   2 1  0 0  0 0  1 0
   178  -49.88976310002025       4   1 2  0 0  0 0  1 0
   179  -24.87509256454177       4   0 3  0 0  0 0  1 0
   180  0.1334739701166047E-02   4   2 0  1 0  0 0  1 0
   181  0.1421257723798906E-01   4   1 1  1 0  0 0  1 0
   182  0.1128129833430299E-01   4   0 2  1 0  0 0  1 0
   183  0.4264858457406315       4   1 0  2 0  0 0  1 0
   184  -1.702750491493961       4   0 1  2 0  0 0  1 0
   185  -.5215240183855447E-03   4   0 0  3 0  0 0  1 0
   186  0.7204454693821489E-02   4   2 0  0 1  0 0  1 0
   187  0.2336169232429153E-01   4   1 1  0 1  0 0  1 0
   188  0.1486142846520360E-01   4   0 2  0 1  0 0  1 0
   189   7.036583626270263       4   1 0  1 1  0 0  1 0
   190   2.803178080585616       4   0 1  1 1  0 0  1 0
   191  -.5616808002581708E-02   4   0 0  2 1  0 0  1 0
   192   5.820884113888605       4   1 0  0 2  0 0  1 0
   193   2.083318464334752       4   0 1  0 2  0 0  1 0
   194  -.8740692913036755E-02   4   0 0  1 2  0 0  1 0
   195  -.3760561718489128E-02   4   0 0  0 3  0 0  1 0
   196   14.38612551082006       4   3 0  0 0  0 0  0 1
   197   49.93810196542177       4   2 1  0 0  0 0  0 1
   198   55.92737470300108       4   1 2  0 0  0 0  0 1
   199   20.76040846357044       4   0 3  0 0  0 0  0 1
   200  0.2319325332688943E-02   4   2 0  1 0  0 0  0 1
   201  0.4933764462101404E-02   4   1 1  1 0  0 0  0 1
   202  0.2620716529929430E-02   4   0 2  1 0  0 0  0 1
   203  -.8485658856481585       4   1 0  2 0  0 0  0 1
   204   2.673414633973123       4   0 1  2 0  0 0  0 1
   205  -.9425114158307816E-04   4   0 0  3 0  0 0  0 1
   206  0.2537806175945449E-02   4   2 0  0 1  0 0  0 1
   207  0.5251689721155122E-02   4   1 1  0 1  0 0  0 1
   208  0.2737252656166294E-02   4   0 2  0 1  0 0  0 1
   209  -7.583742867675229       4   1 0  1 1  0 0  0 1
   210  -1.502644510429617       4   0 1  1 1  0 0  0 1
   211  -.3772802549450676E-03   4   0 0  2 1  0 0  0 1
   212  -5.042996840442534       4   1 0  0 2  0 0  0 1
   213  -2.139078519870483       4   0 1  0 2  0 0  0 1
   214  -.4257187915419272E-03   4   0 0  1 2  0 0  0 1
   215  -.1322098116320809E-03   4   0 0  0 3  0 0  0 1
   216  -.1280905479470265       4   2 0  0 0  0 2  0 0
   217  -.4999174049891763       4   1 1  0 0  0 2  0 0
   218  -.3888438676081191       4   0 2  0 0  0 2  0 0
   219  -.4027116957832380E-03   4   1 0  1 0  0 2  0 0
   220  -.2916043701165851E-03   4   0 1  1 0  0 2  0 0
   221  0.4719745411875000E-01   4   0 0  2 0  0 2  0 0
   222  0.4365354684628023E-03   4   1 0  0 1  0 2  0 0
   223  0.5027007041127368E-03   4   0 1  0 1  0 2  0 0
   224  0.2371884862677577       4   0 0  1 1  0 2  0 0
   225  0.2034723452512984       4   0 0  0 2  0 2  0 0
   226  -.1122749954615510       4   2 0  0 0  0 1  1 0
   227  -.5493558276197904       4   1 1  0 0  0 1  1 0
   228  -.4886455771608144       4   0 2  0 0  0 1  1 0
   229  -.5858269018024418E-03   4   1 0  1 0  0 1  1 0
   230  -.4407802593397991E-03   4   0 1  1 0  0 1  1 0
   231  0.2874877980562435E-01   4   0 0  2 0  0 1  1 0
   232  0.4374971908442467E-03   4   1 0  0 1  0 1  1 0
   233  0.6166836791325599E-03   4   0 1  0 1  0 1  1 0
   234  0.2305582900749252       4   0 0  1 1  0 1  1 0
   235  0.2404475288982083       4   0 0  0 2  0 1  1 0
   236  -.1278426225255203       4   2 0  0 0  0 0  2 0
   237  -.4988749911145485       4   1 1  0 0  0 0  2 0
   238  -.3879917817623302       4   0 2  0 0  0 0  2 0
   239  -.4017755562445119E-03   4   1 0  1 0  0 0  2 0
   240  -.2909153520481761E-03   4   0 1  1 0  0 0  2 0
   241  0.4711459363284608E-01   4   0 0  2 0  0 0  2 0
   242  0.4356536180521058E-03   4   1 0  0 1  0 0  2 0
   243  0.5016092412805583E-03   4   0 1  0 1  0 0  2 0
   244  0.2367141519407705       4   0 0  1 1  0 0  2 0
   245  0.2030367302821323       4   0 0  0 2  0 0  2 0
   246  0.2218661741545148       4   2 0  0 0  0 1  0 1
   247  0.6456596525349416       4   1 1  0 0  0 1  0 1
   248  0.3999133525116400       4   0 2  0 0  0 1  0 1
   249  0.1032919936367336E-02   4   1 0  1 0  0 1  0 1
   250  0.1038495221497609E-02   4   0 1  1 0  0 1  0 1
   251  -.5809152286934376E-01   4   0 0  2 0  0 1  0 1
   252  0.1867635132056024E-03   4   1 0  0 1  0 1  0 1
   253  0.3358175209413204E-03   4   0 1  0 1  0 1  0 1
   254  -.2169016315719861       4   0 0  1 1  0 1  0 1
   255  -.1477070956221217       4   0 0  0 2  0 1  0 1
   256  0.2215675971135330       4   2 0  0 0  0 0  1 1
   257  0.6447907542034530       4   1 1  0 0  0 0  1 1
   258  0.3993751679690963       4   0 2  0 0  0 0  1 1
   259  0.1031529881396802E-02   4   1 0  1 0  0 0  1 1
   260  0.1037097663571101E-02   4   0 1  1 0  0 0  1 1
   261  -.5801334603562465E-01   4   0 0  2 0  0 0  1 1
   262  0.1865121756713900E-03   4   1 0  0 1  0 0  1 1
   263  0.3353655935481684E-03   4   0 1  0 1  0 0  1 1
   264  -.2166097355784358       4   0 0  1 1  0 0  1 1
   265  -.1475083183740274       4   0 0  0 2  0 0  1 1
   266  -.7714597587887724E-01   4   2 0  0 0  0 0  0 2
   267  -.1349893634285926       4   1 1  0 0  0 0  0 2
   268  -.5902901894270136E-01   4   0 2  0 0  0 0  0 2
   269  -.8238845641764164E-03   4   1 0  1 0  0 0  0 2
   270  -.7810151247592225E-03   4   0 1  1 0  0 0  0 2
   271  -.7586287056804003E-02   4   0 0  2 0  0 0  0 2
   272  -.6663394697400223E-03   4   1 0  0 1  0 0  0 2
   273  -.6423865768289061E-03   4   0 1  0 1  0 0  0 2
   274  -.1606718225130348E-01   4   0 0  1 1  0 0  0 2
   275  -.8143487801124602E-02   4   0 0  0 2  0 0  0 2
   276  -.3171670992706126       4   1 0  0 0  0 3  0 0
   277  -1.171642699462880       4   0 1  0 0  0 3  0 0
   278  -.1409819783139120E-04   4   0 0  1 0  0 3  0 0
   279  -.3000435361304443E-04   4   0 0  0 1  0 3  0 0
   280  -.2271938676114800       4   1 0  0 0  0 2  1 0
   281  -1.075325370991529       4   0 1  0 0  0 2  1 0
   282  -.9413560639648607E-05   4   0 0  1 0  0 2  1 0
   283  -.2979641077442350E-04   4   0 0  0 1  0 2  1 0
   284  -.2273746286052039       4   1 0  0 0  0 1  2 0
   285  -1.075516617116937       4   0 1  0 0  0 1  2 0
   286  -.9422978886750257E-05   4   0 0  1 0  0 1  2 0
   287  -.2979674902481920E-04   4   0 0  0 1  0 1  2 0
   288  -.3163741891851055       4   1 0  0 0  0 0  3 0
   289  -1.168555001231115       4   0 1  0 0  0 0  3 0
   290  -.1406341317433357E-04   4   0 0  1 0  0 0  3 0
   291  -.2992376366077821E-04   4   0 0  0 1  0 0  3 0
   292  0.4543196381285033       4   1 0  0 0  0 2  0 1
   293  0.9307884959443871       4   0 1  0 0  0 2  0 1
   294  0.1734089639475816E-04   4   0 0  1 0  0 2  0 1
   295  0.3268960925185688E-04   4   0 0  0 1  0 2  0 1
   296  0.3662726761453970       4   1 0  0 0  0 1  1 1
   297  0.9886841260866666       4   0 1  0 0  0 1  1 1
   298  0.1275323162182912E-04   4   0 0  1 0  0 1  1 1
   299  0.3274153780970387E-04   4   0 0  0 1  0 1  1 1
   300  0.4534617799179834       4   1 0  0 0  0 0  2 1
   301  0.9288706224021690       4   0 1  0 0  0 0  2 1
   302  0.1730897848459916E-04   4   0 0  1 0  0 0  2 1
   303  0.3262358610706883E-04   4   0 0  0 1  0 0  2 1
   304  -.9484699855736532E-01   4   1 0  0 0  0 1  0 2
   305  -.1160261903797460       4   0 1  0 0  0 1  0 2
   306  -.1065726545239296E-05   4   0 0  1 0  0 1  0 2
   307  -.1846728150734097E-05   4   0 0  0 1  0 1  0 2
   308  -.9471935793668897E-01   4   1 0  0 0  0 0  1 2
   309  -.1158700478008557       4   0 1  0 0  0 0  1 2
   310  -.1064292340680596E-05   4   0 0  1 0  0 0  1 2
   311  -.1844242911022049E-05   4   0 0  0 1  0 0  1 2
   312  0.3615630686631799E-02   4   1 0  0 0  0 0  0 3
   313  0.2910916833001489E-02   4   0 1  0 0  0 0  0 3
   314  0.2272630518432497E-06   4   0 0  1 0  0 0  0 3
   315  0.1836335900835494E-06   4   0 0  0 1  0 0  0 3
   316  -.3647449671717819E-04   4   0 0  0 0  0 4  0 0
   317  -.2608613488664987E-04   4   0 0  0 0  0 3  1 0
   318  -.2472491131410568E-04   4   0 0  0 0  0 2  2 0
   319  -.2611577135672167E-04   4   0 0  0 0  0 1  3 0
   320  -.3635884055146799E-04   4   0 0  0 0  0 0  4 0
   321  0.1231753432986142E-04   4   0 0  0 0  0 3  0 1
   322  0.1309385974317428E-04   4   0 0  0 0  0 2  1 1
   323  0.1309225916842230E-04   4   0 0  0 0  0 1  2 1
   324  0.1228387111622513E-04   4   0 0  0 0  0 0  3 1
   325  -.1198842862308924E-05   4   0 0  0 0  0 2  0 2
   326  -.1501552941910003E-05   4   0 0  0 0  0 1  1 2
   327  -.1196219156492525E-05   4   0 0  0 0  0 0  2 2
   328  0.3996500639364129E-07   4   0 0  0 0  0 1  0 3
   329  0.3991122337152224E-07   4   0 0  0 0  0 0  1 3
   330  -.9348203931214261E-14   4   0 0  0 0  0 0  0 4
   ----------------------------------------------------
     I  COEFFICIENT            ORDER EXPONENTS
     1  0.5501186023790974E-04   0   0 0  0 0  0 0  0 0
     2   3.920129210547400       1   1 0  0 0  0 0  0 0
     3   4.581074434800919       1   0 1  0 0  0 0  0 0
     4  0.1116979237593545E-03   1   0 0  1 0  0 0  0 0
     5  0.1030120067970850E-03   1   0 0  0 1  0 0  0 0
     6  0.3365802993515677E-05   1   0 0  0 0  0 1  0 0
     7  0.3361273454471863E-05   1   0 0  0 0  0 0  1 0
     8  0.4828478380000112E-04   1   0 0  0 0  0 0  0 1
     9  -1.116085219587685       2   2 0  0 0  0 0  0 0
    10  -2.037706513254889       2   1 1  0 0  0 0  0 0
    11  -.9344860032773394       2   0 2  0 0  0 0  0 0
    12  0.5381402683564491E-02   2   1 0  1 0  0 0  0 0
    13  0.3932360477186257E-02   2   0 1  1 0  0 0  0 0
    14  0.6376256969268739       2   0 0  2 0  0 0  0 0
    15  0.5086217281715133E-02   2   1 0  0 1  0 0  0 0
    16  0.3855302661597519E-02   2   0 1  0 1  0 0  0 0
    17   1.163487297295764       2   0 0  1 1  0 0  0 0
    18  0.5366638668317495       2   0 0  0 2  0 0  0 0
    19  -.3039028486297943       2   1 0  0 0  0 1  0 0
    20  -2.048736647865082       2   0 1  0 0  0 1  0 0
    21  -.7422789433397490E-05   2   0 0  1 0  0 1  0 0
    22  -.5879449741795177E-04   2   0 0  0 1  0 1  0 0
    23  -.3034938704985469       2   1 0  0 0  0 0  1 0
    24  -2.045979554637992       2   0 1  0 0  0 0  1 0
    25  -.7412800193201868E-05   2   0 0  1 0  0 0  1 0
    26  -.5871537455421530E-04   2   0 0  0 1  0 0  1 0
    27   4.527525929890851       2   1 0  0 0  0 0  0 1
    28   4.094716202713700       2   0 1  0 0  0 0  0 1
    29  0.1265333437184793E-03   2   0 0  1 0  0 0  0 1
    30  0.1175097023373871E-03   2   0 0  0 1  0 0  0 1
    31  -.2708140106804675E-05   2   0 0  0 0  0 2  0 0
    32  -.2052235303854382E-05   2   0 0  0 0  0 1  1 0
    33  -.2703114718701944E-05   2   0 0  0 0  0 0  2 0
    34  0.7468518313349159E-05   2   0 0  0 0  0 1  0 1
    35  0.7458467533383317E-05   2   0 0  0 0  0 0  1 1
    36  -.7463492519178590E-05   2   0 0  0 0  0 0  0 2
    37  -25.90979897161595       3   3 0  0 0  0 0  0 0
    38  -74.70558709433921       3   2 1  0 0  0 0  0 0
    39  -73.50643234977453       3   1 2  0 0  0 0  0 0
    40  -22.78648287257638       3   0 3  0 0  0 0  0 0
    41  -.7950397771460109E-01   3   2 0  1 0  0 0  0 0
    42  -.1431325589839182       3   1 1  1 0  0 0  0 0
    43  -.6470933416072198E-01   3   0 2  1 0  0 0  0 0
    44  -25.15654903191212       3   1 0  2 0  0 0  0 0
    45  -19.24977779410737       3   0 1  2 0  0 0  0 0
    46  0.1547488147105172E-01   3   0 0  3 0  0 0  0 0
    47  -.7556182247816504E-01   3   2 0  0 1  0 0  0 0
    48  -.1373294917114921       3   1 1  0 1  0 0  0 0
    49  -.6261821274214591E-01   3   0 2  0 1  0 0  0 0
    50  -55.08771764294072       3   1 0  1 1  0 0  0 0
    51  -44.74261214848577       3   0 1  1 1  0 0  0 0
    52  0.4178816044730980E-01   3   0 0  2 1  0 0  0 0
    53  -26.75241634769027       3   1 0  0 2  0 0  0 0
    54  -20.66291197244020       3   0 1  0 2  0 0  0 0
    55  0.3801031380708488E-01   3   0 0  1 2  0 0  0 0
    56  0.1170493256508833E-01   3   0 0  0 3  0 0  0 0
    57  0.2370698009964314       3   2 0  0 0  0 1  0 0
    58   1.440852173676094       3   1 1  0 0  0 1  0 0
    59   1.122211507102505       3   0 2  0 0  0 1  0 0
    60  -.1832456576353884E-02   3   1 0  1 0  0 1  0 0
    61  -.3256958408991117E-02   3   0 1  1 0  0 1  0 0
    62  0.2450101526083020E-01   3   0 0  2 0  0 1  0 0
    63  -.4618014617104356E-02   3   1 0  0 1  0 1  0 0
    64  -.5452376117627029E-02   3   0 1  0 1  0 1  0 0
    65  -.5279216533847878       3   0 0  1 1  0 1  0 0
    66  -.5087143798186939       3   0 0  0 2  0 1  0 0
    67  0.2367507636309586       3   2 0  0 0  0 0  1 0
    68   1.438913142725760       3   1 1  0 0  0 0  1 0
    69   1.120701287744237       3   0 2  0 0  0 0  1 0
    70  -.1829990542654109E-02   3   1 0  1 0  0 0  1 0
    71  -.3252575347859430E-02   3   0 1  1 0  0 0  1 0
    72  0.2446804294918549E-01   3   0 0  2 0  0 0  1 0
    73  -.4611799910672141E-02   3   1 0  0 1  0 0  1 0
    74  -.5445038566809508E-02   3   0 1  0 1  0 0  1 0
    75  -.5272112013037467       3   0 0  1 1  0 0  1 0
    76  -.5080297759812119       3   0 0  0 2  0 0  1 0
    77  -1.589909380681141       3   2 0  0 0  0 0  0 1
    78  -2.879771404447031       3   1 1  0 0  0 0  0 1
    79  -1.308429371964250       3   0 2  0 0  0 0  0 1
    80  0.9038642037775314E-02   3   1 0  1 0  0 0  0 1
    81  0.6504401863353624E-02   3   0 1  1 0  0 0  0 1
    82  0.5886585133154092       3   0 0  2 0  0 0  0 1
    83  0.9224156240376504E-02   3   1 0  0 1  0 0  0 1
    84  0.7036456985189488E-02   3   0 1  0 1  0 0  0 1
    85   1.055136016350836       3   0 0  1 1  0 0  0 1
    86  0.4800816174544854       3   0 0  0 2  0 0  0 1
    87  0.2359592353309518       3   1 0  0 0  0 2  0 0
    88   1.671371059808810       3   0 1  0 0  0 2  0 0
    89  0.5029523287061045E-05   3   0 0  1 0  0 2  0 0
    90  0.4716730280693632E-04   3   0 0  0 1  0 2  0 0
    91  0.1681973627316594       3   1 0  0 0  0 1  1 0
    92   1.295016980102285       3   0 1  0 0  0 1  1 0
    93  0.2584267147568044E-05   3   0 0  1 0  0 1  1 0
    94  0.3554924377559413E-04   3   0 0  0 1  0 1  1 0
    95  0.2355285164704598       3   1 0  0 0  0 0  2 0
    96   1.668250420995604       3   0 1  0 0  0 0  2 0
    97  0.5021015899190438E-05   3   0 0  1 0  0 0  2 0
    98  0.4707990702528778E-04   3   0 0  0 1  0 0  2 0
    99  -.6401146512213972       3   1 0  0 0  0 1  0 1
   100  -2.589021430410416       3   0 1  0 0  0 1  0 1
   101  -.1274215957241879E-04   3   0 0  1 0  0 1  0 1
   102  -.7121806364392244E-04   3   0 0  0 1  0 1  0 1
   103  -.6392532150913320       3   1 0  0 0  0 0  1 1
   104  -2.585537247385712       3   0 1  0 0  0 0  1 1
   105  -.1272501177458328E-04   3   0 0  1 0  0 0  1 1
   106  -.7112222173026134E-04   3   0 0  0 1  0 0  1 1
   107  0.6396832436993832       3   1 0  0 0  0 0  0 2
   108  0.5399206570789606       3   0 1  0 0  0 0  0 2
   109  0.1273835143958986E-04   3   0 0  1 0  0 0  0 2
   110  0.1247657820482671E-04   3   0 0  0 1  0 0  0 2
   111  0.2381439415561057E-05   3   0 0  0 0  0 3  0 0
   112  0.1730761727314534E-05   3   0 0  0 0  0 2  1 0
   113  0.1732068735003311E-05   3   0 0  0 0  0 1  2 0
   114  0.2375469153533022E-05   3   0 0  0 0  0 0  3 0
   115  -.6171799057497357E-05   3   0 0  0 0  0 2  0 1
   116  -.4879517697049221E-05   3   0 0  0 0  0 1  1 1
   117  -.6160210028716376E-05   3   0 0  0 0  0 0  2 1
   118  0.4879665533829830E-05   3   0 0  0 0  0 1  0 2
   119  0.4873098709925674E-05   3   0 0  0 0  0 0  1 2
   120  -.7633239385522822E-06   3   0 0  0 0  0 0  0 3
   121  -123.6534861096532       4   4 0  0 0  0 0  0 0
   122  -458.5741854493111       4   3 1  0 0  0 0  0 0
   123  -640.0800548410916       4   2 2  0 0  0 0  0 0
   124  -399.4536804706403       4   1 3  0 0  0 0  0 0
   125  -94.23385950405388       4   0 4  0 0  0 0  0 0
   126  -.5607713155539676E-01   4   3 0  1 0  0 0  0 0
   127  -.1450162995095398       4   2 1  1 0  0 0  0 0
   128  -.1252958698191007       4   1 2  1 0  0 0  0 0
   129  -.3407727798485315E-01   4   0 3  1 0  0 0  0 0
   130   437.5195691702596       4   2 0  2 0  0 0  0 0
   131   780.9265842912561       4   1 1  2 0  0 0  0 0
   132   350.1130452105995       4   0 2  2 0  0 0  0 0
   133  0.4054875874414621E-01   4   1 0  3 0  0 0  0 0
   134  0.3929137567307826E-01   4   0 1  3 0  0 0  0 0
   135  -47.17716010599253       4   0 0  4 0  0 0  0 0
   136  -.5309992448553034E-01   4   3 0  0 1  0 0  0 0
   137  -.1396759326576008       4   2 1  0 1  0 0  0 0
   138  -.1206587619541632       4   1 2  0 1  0 0  0 0
   139  -.3252004478708387E-01   4   0 3  0 1  0 0  0 0
   140   824.9162499087354       4   2 0  1 1  0 0  0 0
   141   1484.217055904404       4   1 1  1 1  0 0  0 0
   142   671.2877604698127       4   0 2  1 1  0 0  0 0
   143  0.1183707082394972       4   1 0  2 1  0 0  0 0
   144  0.1148763193162696       4   0 1  2 1  0 0  0 0
   145  -168.9057983008418       4   0 0  3 1  0 0  0 0
   146   391.9991036858542       4   2 0  0 2  0 0  0 0
   147   709.8834383687866       4   1 1  0 2  0 0  0 0
   148   323.3599317112768       4   0 2  0 2  0 0  0 0
   149  0.1151727993485925       4   1 0  1 2  0 0  0 0
   150  0.1136042223501934       4   0 1  1 2  0 0  0 0
   151  -228.9083773237051       4   0 0  2 2  0 0  0 0
   152  0.3962706345754417E-01   4   1 0  0 3  0 0  0 0
   153  0.3969638582993813E-01   4   0 1  0 3  0 0  0 0
   154  -138.6808385652035       4   0 0  1 3  0 0  0 0
   155  -31.57287808282331       4   0 0  0 4  0 0  0 0
   156   22.12902708807117       4   3 0  0 0  0 1  0 0
   157   100.0048227860115       4   2 1  0 0  0 1  0 0
   158   132.6684764366649       4   1 2  0 0  0 1  0 0
   159   52.67975223136769       4   0 3  0 0  0 1  0 0
   160  -.6649130510922532E-02   4   2 0  1 0  0 1  0 0
   161  0.5095845980742868E-01   4   1 1  1 0  0 1  0 0
   162  0.5119986109811540E-01   4   0 2  1 0  0 1  0 0
   163   6.427354510764017       4   1 0  2 0  0 1  0 0
   164   13.15997583102000       4   0 1  2 0  0 1  0 0
   165  0.1326692888372268E-02   4   0 0  3 0  0 1  0 0
   166  0.2483885146192429E-01   4   2 0  0 1  0 1  0 0
   167  0.1046408691882675       4   1 1  0 1  0 1  0 0
   168  0.7456609646626733E-01   4   0 2  0 1  0 1  0 0
   169   45.13468665716832       4   1 0  1 1  0 1  0 0
   170   57.06446513655139       4   0 1  1 1  0 1  0 0
   171  -.1442600201400232E-01   4   0 0  2 1  0 1  0 0
   172   36.99674669825833       4   1 0  0 2  0 1  0 0
   173   38.76328767868745       4   0 1  0 2  0 1  0 0
   174  -.2915020723763840E-01   4   0 0  1 2  0 1  0 0
   175  -.1383240513059632E-01   4   0 0  0 3  0 1  0 0
   176   22.09924688631849       4   3 0  0 0  0 0  1 0
   177   99.87024100856253       4   2 1  0 0  0 0  1 0
   178   132.4899374535171       4   1 2  0 0  0 0  1 0
   179   52.60885830352281       4   0 3  0 0  0 0  1 0
   180  -.6640182424443821E-02   4   2 0  1 0  0 0  1 0
   181  0.5088988231380841E-01   4   1 1  1 0  0 0  1 0
   182  0.5113095873801521E-01   4   0 2  1 0  0 0  1 0
   183   6.418704879974152       4   1 0  2 0  0 0  1 0
   184   13.14226575575481       4   0 1  2 0  0 0  1 0
   185  0.1324907487607963E-02   4   0 0  3 0  0 0  1 0
   186  0.2480542450624109E-01   4   2 0  0 1  0 0  1 0
   187  0.1045000484380668       4   1 1  0 1  0 0  1 0
   188  0.7446574892782115E-01   4   0 2  0 1  0 0  1 0
   189   45.07394652298912       4   1 0  1 1  0 0  1 0
   190   56.98767046872566       4   0 1  1 1  0 0  1 0
   191  -.1440658818036582E-01   4   0 0  2 1  0 0  1 0
   192   36.94695822014805       4   1 0  0 2  0 0  1 0
   193   38.71112187297991       4   0 1  0 2  0 0  1 0
   194  -.2911097826253967E-01   4   0 0  1 2  0 0  1 0
   195  -.1381379013167023E-01   4   0 0  0 3  0 0  1 0
   196  -70.15192211221597       4   3 0  0 0  0 0  0 1
   197  -199.9189085652051       4   2 1  0 0  0 0  0 1
   198  -191.6984147942819       4   1 2  0 0  0 0  0 1
   199  -59.73208433113155       4   0 3  0 0  0 0  0 1
   200  -.1468603202038510E-02   4   2 0  1 0  0 0  0 1
   201  -.2542293441704645E-02   4   1 1  1 0  0 0  0 1
   202  -.1081266655745372E-02   4   0 2  1 0  0 0  0 1
   203  -37.97810158066981       4   1 0  2 0  0 0  0 1
   204  -26.27865134206455       4   0 1  2 0  0 0  0 1
   205  -.1142492806945560E-02   4   0 0  3 0  0 0  0 1
   206  -.8096633528311702E-03   4   2 0  0 1  0 0  0 1
   207  -.1586888847006460E-02   4   1 1  0 1  0 0  0 1
   208  -.6939293861211009E-03   4   0 2  0 1  0 0  0 1
   209  -90.15648583514756       4   1 0  1 1  0 0  0 1
   210  -69.25835480012162       4   0 1  1 1  0 0  0 1
   211  -.3532400014197365E-02   4   0 0  2 1  0 0  0 1
   212  -47.16306780419831       4   1 0  0 2  0 0  0 1
   213  -36.12047394355432       4   0 1  0 2  0 0  0 1
   214  -.3569494962262238E-02   4   0 0  1 2  0 0  0 1
   215  -.1120126230300531E-02   4   0 0  0 3  0 0  0 1
   216  -.1927862763641721       4   2 0  0 0  0 2  0 0
   217  -1.314048954737991       4   1 1  0 0  0 2  0 0
   218  -1.271180337060579       4   0 2  0 0  0 2  0 0
   219  -.1133688322667005E-02   4   1 0  1 0  0 2  0 0
   220  0.9992247589497702E-03   4   0 1  1 0  0 2  0 0
   221  -.1291814369782107E-01   4   0 0  2 0  0 2  0 0
   222  0.1584167624132711E-02   4   1 0  0 1  0 2  0 0
   223  0.4077183824610668E-02   4   0 1  0 1  0 2  0 0
   224  0.3792846075327099       4   0 0  1 1  0 2  0 0
   225  0.4923399108264230       4   0 0  0 2  0 2  0 0
   226  -.1525959082985142       4   2 0  0 0  0 1  1 0
   227  -1.196845802939645       4   1 1  0 0  0 1  1 0
   228  -1.424692825336418       4   0 2  0 0  0 1  1 0
   229  -.1353128470482185E-02   4   1 0  1 0  0 1  1 0
   230  0.9876627129370235E-03   4   0 1  1 0  0 1  1 0
   231  -.4302646971704504E-03   4   0 0  2 0  0 1  1 0
   232  0.1606907864735995E-02   4   1 0  0 1  0 1  1 0
   233  0.5315237383195846E-02   4   0 1  0 1  0 1  1 0
   234  0.2318885078755923       4   0 0  1 1  0 1  1 0
   235  0.4761806346977301       4   0 0  0 2  0 1  1 0
   236  -.1924241554882470       4   2 0  0 0  0 0  2 0
   237  -1.311475240245579       4   1 1  0 0  0 0  2 0
   238  -1.268511000241167       4   0 2  0 0  0 0  2 0
   239  -.1131252170088818E-02   4   1 0  1 0  0 0  2 0
   240  0.9972154743949381E-03   4   0 1  1 0  0 0  2 0
   241  -.1290046955386809E-01   4   0 0  2 0  0 0  2 0
   242  0.1580954475566679E-02   4   1 0  0 1  0 0  2 0
   243  0.4068120444784599E-02   4   0 1  0 1  0 0  2 0
   244  0.3786181518702694       4   0 0  1 1  0 0  2 0
   245  0.4913569322493277       4   0 0  0 2  0 0  2 0
   246  0.5440114131096643       4   2 0  0 0  0 1  0 1
   247   2.400147632458295       4   1 1  0 0  0 1  0 1
   248   1.732123783114587       4   0 2  0 0  0 1  0 1
   249  0.1821929102870548E-02   4   1 0  1 0  0 1  0 1
   250  -.1569119281230124E-02   4   0 1  1 0  0 1  0 1
   251  0.2550814110846474E-01   4   0 0  2 0  0 1  0 1
   252  -.2226470000409132E-02   4   1 0  0 1  0 1  0 1
   253  -.4722320659142864E-02   4   0 1  0 1  0 1  0 1
   254  -.4620234401909031       4   0 0  1 1  0 1  0 1
   255  -.4428562230968692       4   0 0  0 2  0 1  0 1
   256  0.5432793081882821       4   2 0  0 0  0 0  1 1
   257   2.396917626889585       4   1 1  0 0  0 0  1 1
   258   1.729792772559441       4   0 2  0 0  0 0  1 1
   259  0.1819477236548446E-02   4   1 0  1 0  0 0  1 1
   260  -.1567007634451478E-02   4   0 1  1 0  0 0  1 1
   261  0.2547381345431880E-01   4   0 0  2 0  0 0  1 1
   262  -.2223473722012473E-02   4   1 0  0 1  0 0  1 1
   263  -.4715965582555054E-02   4   0 1  0 1  0 0  1 1
   264  -.4614016708195024       4   0 0  1 1  0 0  1 1
   265  -.4422602480629151       4   0 0  0 2  0 0  1 1
   266  -.5494861628792038       4   2 0  0 0  0 0  0 2
   267  -.9719361171280275       4   1 1  0 0  0 0  0 2
   268  -.4295971810995144       4   0 2  0 0  0 0  0 2
   269  -.2491887524104915E-04   4   1 0  1 0  0 0  0 2
   270  -.9890154599733256E-04   4   0 1  1 0  0 0  0 2
   271  -.2473240942073571E-01   4   0 0  2 0  0 0  0 2
   272  -.2253480779826058E-04   4   1 0  0 1  0 0  0 2
   273  -.8130108931837389E-04   4   0 1  0 1  0 0  0 2
   274  -.6559978595387156E-01   4   0 0  1 1  0 0  0 2
   275  -.3774934177534898E-01   4   0 0  0 2  0 0  0 2
   276  -.2021618198888442       4   1 0  0 0  0 3  0 0
   277  -1.486239901883005       4   0 1  0 0  0 3  0 0
   278  -.6144914508584514E-05   4   0 0  1 0  0 3  0 0
   279  -.4802922135658753E-04   4   0 0  0 1  0 3  0 0
   280  -.1345238940923307       4   1 0  0 0  0 2  1 0
   281  -1.116123678423726       4   0 1  0 0  0 2  1 0
   282  -.3256351694139856E-05   4   0 0  1 0  0 2  1 0
   283  -.3389354984921248E-04   4   0 0  0 1  0 2  1 0
   284  -.1346598808036535       4   1 0  0 0  0 1  2 0
   285  -1.116866768395632       4   0 1  0 0  0 1  2 0
   286  -.3262165938565165E-05   4   0 0  1 0  0 1  2 0
   287  -.3392195405495861E-04   4   0 0  0 1  0 1  2 0
   288  -.2016633342171325       4   1 0  0 0  0 0  3 0
   289  -1.482489733625967       4   0 1  0 0  0 0  3 0
   290  -.6130322037940867E-05   4   0 0  1 0  0 0  3 0
   291  -.4790949274172243E-04   4   0 0  0 1  0 0  3 0
   292  0.5049511979679743       4   1 0  0 0  0 2  0 1
   293   2.231981558795278       4   0 1  0 0  0 2  0 1
   294  0.9522172948659952E-05   4   0 0  1 0  0 2  0 1
   295  0.6305219331087964E-04   4   0 0  0 1  0 2  0 1
   296  0.3700841466751614       4   1 0  0 0  0 1  1 1
   297   1.875833093369106       4   0 1  0 0  0 1  1 1
   298  0.6306444177426146E-05   4   0 0  1 0  0 1  1 1
   299  0.4978039378508895E-04   4   0 0  0 1  0 1  1 1
   300  0.5040226375416876       4   1 0  0 0  0 0  2 1
   301   2.227715659317021       4   0 1  0 0  0 0  2 1
   302  0.9505114999388697E-05   4   0 0  1 0  0 0  2 1
   303  0.6293384458672436E-04   4   0 0  0 1  0 0  2 1
   304  -.3698547943736674       4   1 0  0 0  0 1  0 2
   305  -.5807899776664539       4   0 1  0 0  0 1  0 2
   306  -.4342757141687421E-05   4   0 0  1 0  0 1  0 2
   307  -.8548343230756085E-05   4   0 0  0 1  0 1  0 2
   308  -.3693570612220429       4   1 0  0 0  0 0  1 2
   309  -.5800083778861842       4   0 1  0 0  0 0  1 2
   310  -.4336912863792886E-05   4   0 0  1 0  0 0  1 2
   311  -.8536839273305266E-05   4   0 0  0 1  0 0  1 2
   312  0.3316329423736341E-01   4   1 0  0 0  0 0  0 3
   313  0.2697431671320772E-01   4   0 1  0 0  0 0  0 3
   314  0.2045823843676422E-05   4   0 0  1 0  0 0  0 3
   315  0.1674839474419163E-05   4   0 0  0 1  0 0  0 3
   316  -.4978438122982327E-04   4   0 0  0 0  0 4  0 0
   317  -.3296056033064629E-04   4   0 0  0 0  0 3  1 0
   318  -.3074462819377805E-04   4   0 0  0 0  0 2  2 0
   319  -.3300861366754639E-04   4   0 0  0 0  0 1  3 0
   320  -.4962829681583631E-04   4   0 0  0 0  0 0  4 0
   321  0.6263474332451159E-04   4   0 0  0 0  0 3  0 1
   322  0.4610198569011362E-04   4   0 0  0 0  0 2  1 1
   323  0.4613518904715496E-04   4   0 0  0 0  0 1  2 1
   324  0.6247732787900230E-04   4   0 0  0 0  0 0  3 1
   325  -.6658885757156329E-05   4   0 0  0 0  0 2  0 2
   326  -.8087069231547152E-05   4   0 0  0 0  0 1  1 2
   327  -.6644482944205608E-05   4   0 0  0 0  0 0  2 2
   328  0.8271624663901622E-07   4   0 0  0 0  0 1  0 3
   329  0.8260493101257121E-07   4   0 0  0 0  0 0  1 3
   330  0.4162724366937439E-12   4   0 0  0 0  0 0  0 4
   ----------------------------------------------------
     I  COEFFICIENT            ORDER EXPONENTS
     1  0.2633290748387247E-04   0   0 0  0 0  0 0  0 0
     2  0.2424343813530933E-04   1   1 0  0 0  0 0  0 0
     3  0.2150622963909764E-04   1   0 1  0 0  0 0  0 0
     4  0.3381738924342052       1   0 0  1 0  0 0  0 0
     5  0.5513957989020074       1   0 0  0 1  0 0  0 0
     6  -.2559917906291300E-04   1   0 0  0 0  0 1  0 0
     7  -.2556472889417765E-04   1   0 0  0 0  0 0  1 0
     8  0.5116390795729658E-04   1   0 0  0 0  0 0  0 1
     9  0.8299168133739845E-03   2   2 0  0 0  0 0  0 0
    10  0.1621197653647283E-02   2   1 1  0 0  0 0  0 0
    11  0.8368046332784599E-03   2   0 2  0 0  0 0  0 0
    12  0.2814186478611333       2   1 0  1 0  0 0  0 0
    13  0.2498623096941113       2   0 1  1 0  0 0  0 0
    14  0.2391010116391861E-03   2   0 0  2 0  0 0  0 0
    15  0.2585287125495924       2   1 0  0 1  0 0  0 0
    16  0.2310558213332094       2   0 1  0 1  0 0  0 0
    17  0.3718756723759884E-03   2   0 0  1 1  0 0  0 0
    18  0.1975126936632123E-03   2   0 0  0 2  0 0  0 0
    19  -.1361199100586885E-04   2   1 0  0 0  0 1  0 0
    20  -.2293121547090530E-04   2   0 1  0 0  0 1  0 0
    21  0.2948252897930028       2   0 0  1 0  0 1  0 0
    22  -.9097378646307441E-02   2   0 0  0 1  0 1  0 0
    23  -.1359367262988404E-04   2   1 0  0 0  0 0  1 0
    24  -.2290035572183525E-04   2   0 1  0 0  0 0  1 0
    25  0.2944285278126341       2   0 0  1 0  0 0  1 0
    26  -.9085135822869794E-02   2   0 0  0 1  0 0  1 0
    27  0.2720562873681919E-04   2   1 0  0 0  0 0  0 1
    28  0.2432530736013240E-04   2   0 1  0 0  0 0  0 1
    29  -.5892538176296407       2   0 0  1 0  0 0  0 1
    30  -.5332132844570893       2   0 0  0 1  0 0  0 1
    31  0.1782318371393862E-04   2   0 0  0 0  0 2  0 0
    32  0.1006807719997689E-04   2   0 0  0 0  0 1  1 0
    33  0.1779242354137256E-04   2   0 0  0 0  0 0  2 0
    34  -.2011528270045021E-04   2   0 0  0 0  0 1  0 1
    35  -.2008821250099237E-04   2   0 0  0 0  0 0  1 1
    36  -.5480198290163994E-05   2   0 0  0 0  0 0  0 2
    37  -.5870068614184565E-02   3   3 0  0 0  0 0  0 0
    38  -.1585356998726034E-01   3   2 1  0 0  0 0  0 0
    39  -.1431879133533943E-01   3   1 2  0 0  0 0  0 0
    40  -.4313576611201257E-02   3   0 3  0 0  0 0  0 0
    41  -8.259885373033036       3   2 0  1 0  0 0  0 0
    42  -16.98499445914934       3   1 1  1 0  0 0  0 0
    43  -9.149293146273283       3   0 2  1 0  0 0  0 0
    44  0.1018246791435553E-01   3   1 0  2 0  0 0  0 0
    45  0.8929438171744044E-02   3   0 1  2 0  0 0  0 0
    46  -1.658808468890115       3   0 0  3 0  0 0  0 0
    47  -8.532034747449121       3   2 0  0 1  0 0  0 0
    48  -16.81082616361431       3   1 1  0 1  0 0  0 0
    49  -8.460088121288500       3   0 2  0 1  0 0  0 0
    50  0.1846357771850636E-01   3   1 0  1 1  0 0  0 0
    51  0.1629545892207178E-01   3   0 1  1 1  0 0  0 0
    52  -3.764615213535922       3   0 0  2 1  0 0  0 0
    53  0.8494783173096508E-02   3   1 0  0 2  0 0  0 0
    54  0.7558933101137295E-02   3   0 1  0 2  0 0  0 0
    55  -3.377787763505851       3   0 0  1 2  0 0  0 0
    56  -.9383266772426830       3   0 0  0 3  0 0  0 0
    57  -.8802831740655477E-03   3   2 0  0 0  0 1  0 0
    58  -.2544365452207042E-02   3   1 1  0 0  0 1  0 0
    59  -.1701672411994659E-02   3   0 2  0 0  0 1  0 0
    60  -.1214179162873381       3   1 0  1 0  0 1  0 0
    61  -.2315650891274195       3   0 1  1 0  0 1  0 0
    62  -.4790248305844752E-03   3   0 0  2 0  0 1  0 0
    63  -.2444341834730148       3   1 0  0 1  0 1  0 0
    64  -.3329367157757408       3   0 1  0 1  0 1  0 0
    65  -.8672473452310376E-03   3   0 0  1 1  0 1  0 0
    66  -.4429028001339440E-03   3   0 0  0 2  0 1  0 0
    67  -.8790985304561983E-03   3   2 0  0 0  0 0  1 0
    68  -.2540941365093249E-02   3   1 1  0 0  0 0  1 0
    69  -.1699382381459637E-02   3   0 2  0 0  0 0  1 0
    70  -.1212545177778260       3   1 0  1 0  0 0  1 0
    71  -.2312534597437556       3   0 1  1 0  0 0  1 0
    72  -.4783801815431330E-03   3   0 0  2 0  0 0  1 0
    73  -.2441052354686803       3   1 0  0 1  0 0  1 0
    74  -.3324886652344133       3   0 1  0 1  0 0  1 0
    75  -.8660802446257778E-03   3   0 0  1 1  0 0  1 0
    76  -.4423067624188099E-03   3   0 0  0 2  0 0  1 0
    77  0.1758715397858748E-02   3   2 0  0 0  0 0  0 1
    78  0.3462742043455326E-02   3   1 1  0 0  0 0  0 1
    79  0.1726741704980644E-02   3   0 2  0 0  0 0  0 1
    80  0.2426728327811481       3   1 0  1 0  0 0  0 1
    81  0.2129565604632828       3   0 1  1 0  0 0  0 1
    82  0.9577050944943482E-03   3   0 0  2 0  0 0  0 1
    83  0.2300110340933862       3   1 0  0 1  0 0  0 1
    84  0.2033140024618619       3   0 1  0 1  0 0  0 1
    85  0.1362073630829066E-02   3   0 0  1 1  0 0  0 1
    86  0.4905078526411244E-03   3   0 0  0 2  0 0  0 1
    87  0.1099308791902502E-04   3   1 0  0 0  0 2  0 0
    88  0.2398416776890330E-04   3   0 1  0 0  0 2  0 0
    89  -.2036763655046296       3   0 0  1 0  0 2  0 0
    90  -.1120544978973378       3   0 0  0 1  0 2  0 0
    91  0.8451463992595968E-05   3   1 0  0 0  0 1  1 0
    92  0.2512516244663107E-04   3   0 1  0 0  0 1  1 0
    93  -.1127723292358796       3   0 0  1 0  0 1  1 0
    94  -.2328803879864432       3   0 0  0 1  0 1  1 0
    95  0.1097260714842120E-04   3   1 0  0 0  0 0  2 0
    96  0.2393498487653157E-04   3   0 1  0 0  0 0  2 0
    97  -.2033263856079132       3   0 0  1 0  0 0  2 0
    98  -.1117470005095734       3   0 0  0 1  0 0  2 0
    99  -.1698376316525550E-04   3   1 0  0 0  0 1  0 1
   100  -.2745575103728659E-04   3   0 1  0 0  0 1  0 1
   101  0.2253000375182366       3   0 0  1 0  0 1  0 1
   102  0.4751843524921643       3   0 0  0 1  0 1  0 1
   103  -.1696090721720467E-04   3   1 0  0 0  0 0  1 1
   104  -.2741880238148526E-04   3   0 1  0 0  0 0  1 1
   105  0.2249968393457674       3   0 0  1 0  0 0  1 1
   106  0.4745448717852430       3   0 0  0 1  0 0  1 1
   107  0.3475278558282540E-05   3   1 0  0 0  0 0  0 2
   108  0.3246430108400573E-05   3   0 1  0 0  0 0  0 2
   109  0.6947839897777949E-01   3   0 0  1 0  0 0  0 2
   110  0.5834858663627930E-01   3   0 0  0 1  0 0  0 2
   111  -.1396666864389814E-04   3   0 0  0 0  0 3  0 0
   112  -.6257895149103289E-05   3   0 0  0 0  0 2  1 0
   113  -.6273418363685177E-05   3   0 0  0 0  0 1  2 0
   114  -.1393427001076601E-04   3   0 0  0 0  0 0  3 0
   115  0.1251002977599846E-04   3   0 0  0 0  0 2  0 1
   116  0.4924920650429296E-05   3   0 0  0 0  0 1  1 1
   117  0.1248988050444183E-04   3   0 0  0 0  0 0  2 1
   118  0.5143317096061876E-05   3   0 0  0 0  0 1  0 2
   119  0.5136395462310136E-05   3   0 0  0 0  0 0  1 2
   120  0.2269959085081884E-06   3   0 0  0 0  0 0  0 3
   121  -.5643701607336445E-03   4   4 0  0 0  0 0  0 0
   122  0.2648667897625651E-03   4   3 1  0 0  0 0  0 0
   123  0.4089942745618622E-02   4   2 2  0 0  0 0  0 0
   124  0.5892684155468598E-02   4   1 3  0 0  0 0  0 0
   125  0.2627154400498429E-02   4   0 4  0 0  0 0  0 0
   126   69.10960051800015       4   3 0  1 0  0 0  0 0
   127   188.5595455661146       4   2 1  1 0  0 0  0 0
   128   172.3433968670553       4   1 2  1 0  0 0  0 0
   129   52.87878319664460       4   0 3  1 0  0 0  0 0
   130  0.2077560982521265E-01   4   2 0  2 0  0 0  0 0
   131  0.4180741370558264E-01   4   1 1  2 0  0 0  0 0
   132  0.2195866019772635E-01   4   0 2  2 0  0 0  0 0
   133  -40.64137611676860       4   1 0  3 0  0 0  0 0
   134  -35.55018299891124       4   0 1  3 0  0 0  0 0
   135  0.2004974878435576E-02   4   0 0  4 0  0 0  0 0
   136   64.87016763449364       4   3 0  0 1  0 0  0 0
   137   178.0365341458049       4   2 1  0 1  0 0  0 0
   138   163.7935679416929       4   1 2  0 1  0 0  0 0
   139   50.60999978476541       4   0 3  0 1  0 0  0 0
   140  0.3151796668059483E-01   4   2 0  1 1  0 0  0 0
   141  0.6295502581492965E-01   4   1 1  1 1  0 0  0 0
   142  0.3283155925204195E-01   4   0 2  1 1  0 0  0 0
   143  -111.0910919452612       4   1 0  2 1  0 0  0 0
   144  -97.80678192916508       4   0 1  2 1  0 0  0 0
   145  0.4529459701062267E-02   4   0 0  3 1  0 0  0 0
   146  0.1239116570097732E-01   4   2 0  0 2  0 0  0 0
   147  0.2533833069781846E-01   4   1 1  0 2  0 0  0 0
   148  0.1347561793311338E-01   4   0 2  0 2  0 0  0 0
   149  -101.8336101900443       4   1 0  1 2  0 0  0 0
   150  -90.11909033989306       4   0 1  1 2  0 0  0 0
   151  0.3342735369436854E-02   4   0 0  2 2  0 0  0 0
   152  -31.17181240132919       4   1 0  0 3  0 0  0 0
   153  -27.68967168562788       4   0 1  0 3  0 0  0 0
   154  0.8208788071905841E-03   4   0 0  1 3  0 0  0 0
   155  0.3453400516356133E-04   4   0 0  0 4  0 0  0 0
   156  0.5734597448306965E-03   4   3 0  0 0  0 1  0 0
   157  0.8327226328245228E-02   4   2 1  0 0  0 1  0 0
   158  0.1354031932360300E-01   4   1 2  0 0  0 1  0 0
   159  0.5851591039205811E-02   4   0 3  0 0  0 1  0 0
   160   9.732299997203098       4   2 0  1 0  0 1  0 0
   161   27.89498294237318       4   1 1  1 0  0 1  0 0
   162   18.91585621094669       4   0 2  1 0  0 1  0 0
   163  -.5961756648288248E-03   4   1 0  2 0  0 1  0 0
   164  -.4543589971147247E-02   4   0 1  2 0  0 1  0 0
   165   2.167775137949208       4   0 0  3 0  0 1  0 0
   166   13.43550350463655       4   2 0  0 1  0 1  0 0
   167   34.90408401761291       4   1 1  0 1  0 1  0 0
   168   21.86005555361666       4   0 2  0 1  0 1  0 0
   169  -.8978095943465263E-02   4   1 0  1 1  0 1  0 0
   170  -.1514859791794432E-01   4   0 1  1 1  0 1  0 0
   171   6.578645802752106       4   0 0  2 1  0 1  0 0
   172  -.7761677889970345E-02   4   1 0  0 2  0 1  0 0
   173  -.1022163868768572E-01   4   0 1  0 2  0 1  0 0
   174   6.777347542412366       4   0 0  1 2  0 1  0 0
   175   2.386752441454004       4   0 0  0 3  0 1  0 0
   176  0.5726880097322932E-03   4   3 0  0 0  0 0  1 0
   177  0.8316019939501158E-02   4   2 1  0 0  0 0  1 0
   178  0.1352209739999034E-01   4   1 2  0 0  0 0  1 0
   179  0.5843716243761147E-02   4   0 3  0 0  0 0  1 0
   180   9.719202726534268       4   2 0  1 0  0 0  1 0
   181   27.85744318897429       4   1 1  1 0  0 0  1 0
   182   18.89040014313138       4   0 2  1 0  0 0  1 0
   183  -.5953733597158837E-03   4   1 0  2 0  0 0  1 0
   184  -.4537475421896054E-02   4   0 1  2 0  0 0  1 0
   185   2.164857848332258       4   0 0  3 0  0 0  1 0
   186   13.41742263721335       4   2 0  0 1  0 0  1 0
   187   34.85711174631447       4   1 1  0 1  0 0  1 0
   188   21.83063732108132       4   0 2  0 1  0 0  1 0
   189  -.8966013645067550E-02   4   1 0  1 1  0 0  1 0
   190  -.1512821164879504E-01   4   0 1  1 1  0 0  1 0
   191   6.569792571271600       4   0 0  2 1  0 0  1 0
   192  -.7751232589661230E-02   4   1 0  0 2  0 0  1 0
   193  -.1020788288806898E-01   4   0 1  0 2  0 0  1 0
   194   6.768226907495118       4   0 0  1 2  0 0  1 0
   195   2.383540462502042       4   0 0  0 3  0 0  1 0
   196  0.6218802083139728E-03   4   3 0  0 0  0 0  0 1
   197  0.2053591337822836E-02   4   2 1  0 0  0 0  0 1
   198  0.2217136966989660E-02   4   1 2  0 0  0 0  0 1
   199  0.7986810706443108E-03   4   0 3  0 0  0 0  0 1
   200  -19.44541778232056       4   2 0  1 0  0 0  0 1
   201  -38.75506687403216       4   1 1  1 0  0 0  0 1
   202  -19.50135843430605       4   0 2  1 0  0 0  0 1
   203  -.1368176695669232E-02   4   1 0  2 0  0 0  0 1
   204  -.1278560850709910E-02   4   0 1  2 0  0 0  0 1
   205  -4.333618218385147       4   0 0  3 0  0 0  0 1
   206  -18.31425609784904       4   2 0  0 1  0 0  0 1
   207  -36.12595280675682       4   1 1  0 1  0 0  0 1
   208  -18.30344237373705       4   0 2  0 1  0 0  0 1
   209  -.2864372139634574E-02   4   1 0  1 1  0 0  0 1
   210  -.2686867653331713E-02   4   0 1  1 1  0 0  0 1
   211  -9.386853283567852       4   0 0  2 1  0 0  0 1
   212  -.1401572257513747E-02   4   1 0  0 2  0 0  0 1
   213  -.1306671608147496E-02   4   0 1  0 2  0 0  0 1
   214  -6.793131597780969       4   0 0  1 2  0 0  0 1
   215  -1.956398687610377       4   0 0  0 3  0 0  0 1
   216  0.3054384552367258E-03   4   2 0  0 0  0 2  0 0
   217  0.1957723211025891E-02   4   1 1  0 0  0 2  0 0
   218  0.1853496955107568E-02   4   0 2  0 0  0 2  0 0
   219  0.8130159521575250E-01   4   1 0  1 0  0 2  0 0
   220  0.2182595252141784       4   0 1  1 0  0 2  0 0
   221  0.4340808922757471E-03   4   0 0  2 0  0 2  0 0
   222  0.2338932310349342       4   1 0  0 1  0 2  0 0
   223  0.4029599877313205       4   0 1  0 1  0 2  0 0
   224  0.1036917872225701E-02   4   0 0  1 1  0 2  0 0
   225  0.5909957882576407E-03   4   0 0  0 2  0 2  0 0
   226  0.3893337988385205E-03   4   2 0  0 0  0 1  1 0
   227  0.2713409448857963E-02   4   1 1  0 0  0 1  1 0
   228  0.2714753128409801E-02   4   0 2  0 0  0 1  1 0
   229  0.4060024028239920E-01   4   1 0  1 0  0 1  1 0
   230  0.2039590735456899       4   0 1  1 0  0 1  1 0
   231  0.5130630375423855E-03   4   0 0  2 0  0 1  1 0
   232  0.2226707353039530       4   1 0  0 1  0 1  1 0
   233  0.4718500586975025       4   0 1  0 1  0 1  1 0
   234  0.1511628530649778E-02   4   0 0  1 1  0 1  1 0
   235  0.9181119002798406E-03   4   0 0  0 2  0 1  1 0
   236  0.3047654370195812E-03   4   2 0  0 0  0 0  2 0
   237  0.1953262810113991E-02   4   1 1  0 0  0 0  2 0
   238  0.1849175912848508E-02   4   0 2  0 0  0 0  2 0
   239  0.8116486441554729E-01   4   1 0  1 0  0 0  2 0
   240  0.2178285625768993       4   0 1  1 0  0 0  2 0
   241  0.4331514986404012E-03   4   0 0  2 0  0 0  2 0
   242  0.2334286386568807       4   1 0  0 1  0 0  2 0
   243  0.4021002063849408       4   0 1  0 1  0 0  2 0
   244  0.1034505297803509E-02   4   0 0  1 1  0 0  2 0
   245  0.5895826781153319E-03   4   0 0  0 2  0 0  2 0
   246  -.8698306777352695E-03   4   2 0  0 0  0 1  0 1
   247  -.3280223991858095E-02   4   1 1  0 0  0 1  0 1
   248  -.2381914653776184E-02   4   0 2  0 0  0 1  0 1
   249  -.8045422263775676E-01   4   1 0  1 0  0 1  0 1
   250  -.1748749606022509       4   0 1  1 0  0 1  0 1
   251  -.9900246985579397E-03   4   0 0  2 0  0 1  0 1
   252  -.2000367332617287       4   1 0  0 1  0 1  0 1
   253  -.2766412055672118       4   0 1  0 1  0 1  0 1
   254  -.2297433739332441E-02   4   0 0  1 1  0 1  0 1
   255  -.1091948008445494E-02   4   0 0  0 2  0 1  0 1
   256  -.8686601006028712E-03   4   2 0  0 0  0 0  1 1
   257  -.3275809621001451E-02   4   1 1  0 0  0 0  1 1
   258  -.2378709185290878E-02   4   0 2  0 0  0 0  1 1
   259  -.8034595113660634E-01   4   1 0  1 0  0 0  1 1
   260  -.1746396221218429       4   0 1  1 0  0 0  1 1
   261  -.9886923699768679E-03   4   0 0  2 0  0 0  1 1
   262  -.1997675332535092       4   1 0  0 1  0 0  1 1
   263  -.2762689148704072       4   0 1  0 1  0 0  1 1
   264  -.2294341961280348E-02   4   0 0  1 1  0 0  1 1
   265  -.1090478516277455E-02   4   0 0  0 2  0 0  1 1
   266  0.5053295579279773E-03   4   2 0  0 0  0 0  0 2
   267  0.1003755981722152E-02   4   1 1  0 0  0 0  0 2
   268  0.4922230801434926E-03   4   0 2  0 0  0 0  0 2
   269  -.4190493261802979E-01   4   1 0  1 0  0 0  0 2
   270  -.3941091739691484E-01   4   0 1  1 0  0 0  0 2
   271  0.5875749195848995E-03   4   0 0  2 0  0 0  0 2
   272  -.3116251192606338E-01   4   1 0  0 1  0 0  0 2
   273  -.2985167791293807E-01   4   0 1  0 1  0 0  0 2
   274  0.1031579991308162E-02   4   0 0  1 1  0 0  0 2
   275  0.4405274495120960E-03   4   0 0  0 2  0 0  0 2
   276  -.1519005847238185E-04   4   1 0  0 0  0 3  0 0
   277  -.3090690418799209E-04   4   0 1  0 0  0 3  0 0
   278  0.1585144931523281       4   0 0  1 0  0 3  0 0
   279  0.1655919728363468       4   0 0  0 1  0 3  0 0
   280  -.1113422021813837E-04   4   1 0  0 0  0 2  1 0
   281  -.3150562831419175E-04   4   0 1  0 0  0 2  1 0
   282  0.6824376849126057E-01   4   0 0  1 0  0 2  1 0
   283  0.2726048851358376       4   0 0  0 1  0 2  1 0
   284  -.1114236618715364E-04   4   1 0  0 0  0 1  2 0
   285  -.3150433575109490E-04   4   0 1  0 0  0 1  2 0
   286  0.6842556100496874E-01   4   0 0  1 0  0 1  2 0
   287  0.2723884158915843       4   0 0  0 1  0 1  2 0
   288  -.1515191352158161E-04   4   1 0  0 0  0 0  3 0
   289  -.3082334377724887E-04   4   0 1  0 0  0 0  3 0
   290  0.1581486535167198       4   0 0  1 0  0 0  3 0
   291  0.1650745216758441       4   0 0  0 1  0 0  3 0
   292  0.1947989783852648E-04   4   1 0  0 0  0 2  0 1
   293  0.3494292773234554E-04   4   0 1  0 0  0 2  0 1
   294  -.1364237726301609       4   0 0  1 0  0 2  0 1
   295  -.4332030088431379       4   0 0  0 1  0 2  0 1
   296  0.1585943449922099E-04   4   1 0  0 0  0 1  1 1
   297  0.3627814300920643E-04   4   0 1  0 0  0 1  1 1
   298  -.4778408982223632E-01   4   0 0  1 0  0 1  1 1
   299  -.3913309983390301       4   0 0  0 1  0 1  1 1
   300  0.1944301127036127E-04   4   1 0  0 0  0 0  2 1
   301  0.3487149247949566E-04   4   0 1  0 0  0 0  2 1
   302  -.1362080271583366       4   0 0  1 0  0 0  2 1
   303  -.4323567072426007       4   0 0  0 1  0 0  2 1
   304  -.2122092775379486E-05   4   1 0  0 0  0 1  0 2
   305  -.3252001696496829E-05   4   0 1  0 0  0 1  0 2
   306  -.6498768419720387E-01   4   0 0  1 0  0 1  0 2
   307  -.8391294732157371E-01   4   0 0  0 1  0 1  0 2
   308  -.2119236962933078E-05   4   1 0  0 0  0 0  1 2
   309  -.3247625305875140E-05   4   0 1  0 0  0 0  1 2
   310  -.6490022683457475E-01   4   0 0  1 0  0 0  1 2
   311  -.8380002123174858E-01   4   0 0  0 1  0 0  1 2
   312  0.2264203386365255E-06   4   1 0  0 0  0 0  0 3
   313  0.1826862659420793E-06   4   0 1  0 0  0 0  0 3
   314  -.3024107425365345E-02   4   0 0  1 0  0 0  0 3
   315  -.2445314728005340E-02   4   0 0  0 1  0 0  0 3
   316  0.9921283481058752E-05   4   0 0  0 0  0 4  0 0
   317  0.2916942474173547E-05   4   0 0  0 0  0 3  1 0
   318  0.2014773813666377E-05   4   0 0  0 0  0 2  2 0
   319  0.2936970217024782E-05   4   0 0  0 0  0 1  3 0
   320  0.9892630098266616E-05   4   0 0  0 0  0 0  4 0
   321  -.5737741891647299E-06   4   0 0  0 0  0 3  0 1
   322  0.3350441386536975E-05   4   0 0  0 0  0 2  1 1
   323  0.3342521408672140E-05   4   0 0  0 0  0 1  2 1
   324  -.5748673516149252E-06   4   0 0  0 0  0 0  3 1
   325  -.1859271665767600E-05   4   0 0  0 0  0 2  0 2
   326  -.2107843583483500E-05   4   0 0  0 0  0 1  1 2
   327  -.1855351227306538E-05   4   0 0  0 0  0 0  2 2
   328  -.9527538075980303E-07   4   0 0  0 0  0 1  0 3
   329  -.9514716364254965E-07   4   0 0  0 0  0 0  1 3
   330  -.1821623799527866E-12   4   0 0  0 0  0 0  0 4
   ----------------------------------------------------
     I  COEFFICIENT            ORDER EXPONENTS
     1  0.2571020914606606E-03   0   0 0  0 0  0 0  0 0
     2  0.1127864450935153E-03   1   1 0  0 0  0 0  0 0
     3  0.1046116953693890E-03   1   0 1  0 0  0 0  0 0
     4  -2.827687939438936       1   0 0  1 0  0 0  0 0
     5  -1.653513956685806       1   0 0  0 1  0 0  0 0
     6  0.1966458975573877E-04   1   0 0  0 0  0 1  0 0
     7  0.1963812607760550E-04   1   0 0  0 0  0 0  1 0
     8  0.2177993756256755E-03   1   0 0  0 0  0 0  0 1
     9  0.2754605128336385E-02   2   2 0  0 0  0 0  0 0
    10  0.5038694718801407E-02   2   1 1  0 0  0 0  0 0
    11  0.2382557826260790E-02   2   0 2  0 0  0 0  0 0
    12   1.178592103463009       2   1 0  1 0  0 0  0 0
    13   1.075955600773774       2   0 1  1 0  0 0  0 0
    14  0.1074873095562636E-02   2   0 0  2 0  0 0  0 0
    15   1.135989171999563       2   1 0  0 1  0 0  0 0
    16   1.044061873365685       2   0 1  0 1  0 0  0 0
    17  0.2727975713921652E-02   2   0 0  1 1  0 0  0 0
    18  0.1478856924823139E-02   2   0 0  0 2  0 0  0 0
    19  -.1139132951847309E-04   2   1 0  0 0  0 1  0 0
    20  -.6317902845955521E-04   2   0 1  0 0  0 1  0 0
    21  -.2443306785002578       2   0 0  1 0  0 1  0 0
    22   1.119244798787321       2   0 0  0 1  0 1  0 0
    23  -.1137599960406185E-04   2   1 0  0 0  0 0  1 0
    24  -.6309400510057875E-04   2   0 1  0 0  0 0  1 0
    25  -.2440018697880383       2   0 0  1 0  0 0  1 0
    26   1.117738571885293       2   0 0  0 1  0 0  1 0
    27  0.1355535009491632E-03   2   1 0  0 0  0 0  0 1
    28  0.1262727663204203E-03   2   0 1  0 0  0 0  0 1
    29  -2.339355391262056       2   0 0  1 0  0 0  0 1
    30  -2.236983370791913       2   0 0  0 1  0 0  0 1
    31  -.1422375527981604E-04   2   0 0  0 0  0 2  0 0
    32  -.8797506665488065E-05   2   0 0  0 0  0 1  1 0
    33  -.1419869398536861E-04   2   0 0  0 0  0 0  2 0
    34  0.3724495123620152E-04   2   0 0  0 0  0 1  0 1
    35  0.3719482873612166E-04   2   0 0  0 0  0 0  1 1
    36  -.3721986765334943E-04   2   0 0  0 0  0 0  0 2
    37  -.2981471629072745E-01   3   3 0  0 0  0 0  0 0
    38  -.8366731397982101E-01   3   2 1  0 0  0 0  0 0
    39  -.7850853786347824E-01   3   1 2  0 0  0 0  0 0
    40  -.2457548322401983E-01   3   0 3  0 0  0 0  0 0
    41  -43.00178771239671       3   2 0  1 0  0 0  0 0
    42  -82.00985823244136       3   1 1  1 0  0 0  0 0
    43  -39.91258499955205       3   0 2  1 0  0 0  0 0
    44  0.4053540157014524E-01   3   1 0  2 0  0 0  0 0
    45  0.3645105134824563E-01   3   0 1  2 0  0 0  0 0
    46  -4.508037283805567       3   0 0  3 0  0 0  0 0
    47  -39.20437760981346       3   2 0  0 1  0 0  0 0
    48  -76.28092488554449       3   1 1  0 1  0 0  0 0
    49  -39.10973312317075       3   0 2  0 1  0 0  0 0
    50  0.7654636664530322E-01   3   1 0  1 1  0 0  0 0
    51  0.6918835536033796E-01   3   0 1  1 1  0 0  0 0
    52  -14.92983487214155       3   0 0  2 1  0 0  0 0
    53  0.3658415030619677E-01   3   1 0  0 2  0 0  0 0
    54  0.3329920783241883E-01   3   0 1  0 2  0 0  0 0
    55  -14.53002503758751       3   0 0  1 2  0 0  0 0
    56  -5.563777717096813       3   0 0  0 3  0 0  0 0
    57  -.1619047108226288E-02   3   2 0  0 0  0 1  0 0
    58  -.5568077375357889E-02   3   1 1  0 0  0 1  0 0
    59  -.3787067988123033E-02   3   0 2  0 0  0 1  0 0
    60  0.1384051633668426       3   1 0  1 0  0 1  0 0
    61  -.4059474618046865       3   0 1  1 0  0 1  0 0
    62  0.1599617397734710E-03   3   0 0  2 0  0 1  0 0
    63  -.4644070379924214       3   1 0  0 1  0 1  0 0
    64  -.9433266195445486       3   0 1  0 1  0 1  0 0
    65  -.1192412738329937E-02   3   0 0  1 1  0 1  0 0
    66  -.1468689532001802E-02   3   0 0  0 2  0 1  0 0
    67  -.1616868270931077E-02   3   2 0  0 0  0 0  1 0
    68  -.5560584119240513E-02   3   1 1  0 0  0 0  1 0
    69  -.3781971530502939E-02   3   0 2  0 0  0 0  1 0
    70  0.1382189042207951       3   1 0  1 0  0 0  1 0
    71  -.4054011568422289       3   0 1  1 0  0 0  1 0
    72  0.1597464708028214E-03   3   0 0  2 0  0 0  1 0
    73  -.4637820608874351       3   1 0  0 1  0 0  1 0
    74  -.9420571350374072       3   0 1  0 1  0 0  1 0
    75  -.1190808045463152E-02   3   0 0  1 1  0 0  1 0
    76  -.1466713038846571E-02   3   0 0  0 2  0 0  1 0
    77  0.5987228522760118E-02   3   2 0  0 0  0 0  0 1
    78  0.1112167091870810E-01   3   1 1  0 0  0 0  0 1
    79  0.5182766916864438E-02   3   0 2  0 0  0 0  0 1
    80  0.9019722820585816       3   1 0  1 0  0 0  0 1
    81  0.8113522714899377       3   0 1  1 0  0 0  0 1
    82  0.7565885071763554E-03   3   0 0  2 0  0 0  0 1
    83  0.9281929211362214       3   1 0  0 1  0 0  0 1
    84  0.8413251889917093       3   0 1  0 1  0 0  0 1
    85  0.2386312681790497E-02   3   0 0  1 1  0 0  0 1
    86  0.1458251682121140E-02   3   0 0  0 2  0 0  0 1
    87  0.9081966901485981E-05   3   1 0  0 0  0 2  0 0
    88  0.5306147216065619E-04   3   0 1  0 0  0 2  0 0
    89  0.1763594682254170       3   0 0  1 0  0 2  0 0
    90  -.7405702144183700       3   0 0  0 1  0 2  0 0
    91  0.7183310751697120E-05   3   1 0  0 0  0 1  1 0
    92  0.4343907697300775E-04   3   0 1  0 0  0 1  1 0
    93  0.1085705818992490       3   0 0  1 0  0 1  1 0
    94  -.3629130516899811       3   0 0  0 1  0 1  1 0
    95  0.9064911337914221E-05   3   1 0  0 0  0 0  2 0
    96  0.5296083540088965E-04   3   0 1  0 0  0 0  2 0
    97  0.1760490773784301       3   0 0  1 0  0 0  2 0
    98  -.7393293942849392       3   0 0  0 1  0 0  2 0
    99  -.2606392057501669E-04   3   1 0  0 0  0 1  0 1
   100  -.8735842962543358E-04   3   0 1  0 0  0 1  0 1
   101  -.4612891091159426       3   0 0  1 0  0 1  0 1
   102  0.7248093275973220       3   0 0  0 1  0 1  0 1
   103  -.2602884497905672E-04   3   1 0  0 0  0 0  1 1
   104  -.8724086676790368E-04   3   0 1  0 0  0 0  1 1
   105  -.4606683279726982       3   0 0  1 0  0 0  1 1
   106  0.7238339133633204       3   0 0  0 1  0 0  1 1
   107  0.2662694438337959E-04   3   1 0  0 0  0 0  0 2
   108  0.2478108078730637E-04   3   0 1  0 0  0 0  0 2
   109  0.4609785493189077       3   0 0  1 0  0 0  0 2
   110  0.3941698152657089       3   0 0  0 1  0 0  0 2
   111  0.1151065602125972E-04   3   0 0  0 0  0 3  0 0
   112  0.6091799600691648E-05   3   0 0  0 0  0 2  1 0
   113  0.6102706993500619E-05   3   0 0  0 0  0 1  2 0
   114  0.1148332677556926E-04   3   0 0  0 0  0 0  3 0
   115  -.2640479129420829E-04   3   0 0  0 0  0 2  0 1
   116  -.1559518157947861E-04   3   0 0  0 0  0 1  1 1
   117  -.2635876334038007E-04   3   0 0  0 0  0 0  2 1
   118  0.1558165164312086E-04   3   0 0  0 0  0 1  0 2
   119  0.1556068259067738E-04   3   0 0  0 0  0 0  1 2
   120  0.2026529709946844E-05   3   0 0  0 0  0 0  0 3
   121  -.5987376051611287E-02   4   4 0  0 0  0 0  0 0
   122  -.2209190588278068E-01   4   3 1  0 0  0 0  0 0
   123  -.3132778145923389E-01   4   2 2  0 0  0 0  0 0
   124  -.1822388166312974E-01   4   1 3  0 0  0 0  0 0
   125  -.3224563647953675E-02   4   0 4  0 0  0 0  0 0
   126   320.1096446328373       4   3 0  1 0  0 0  0 0
   127   891.1709793843639       4   2 1  1 0  0 0  0 0
   128   829.9120301505591       4   1 2  1 0  0 0  0 0
   129   259.0150539846747       4   0 3  1 0  0 0  0 0
   130  0.5576922764464060E-01   4   2 0  2 0  0 0  0 0
   131  0.1109228338231703       4   1 1  2 0  0 0  0 0
   132  0.5421781204604708E-01   4   0 2  2 0  0 0  0 0
   133  -161.0324012212811       4   1 0  3 0  0 0  0 0
   134  -143.9818316734521       4   0 1  3 0  0 0  0 0
   135  -.9455747137354651E-02   4   0 0  4 0  0 0  0 0
   136   315.1973841250905       4   3 0  0 1  0 0  0 0
   137   883.5610219966565       4   2 1  0 1  0 0  0 0
   138   828.8682979888083       4   1 2  0 1  0 0  0 0
   139   260.6686567802710       4   0 3  0 1  0 0  0 0
   140  0.1231540160906988       4   2 0  1 1  0 0  0 0
   141  0.2451148297313449       4   1 1  1 1  0 0  0 0
   142  0.1218793373914571       4   0 2  1 1  0 0  0 0
   143  -451.2421493216169       4   1 0  2 1  0 0  0 0
   144  -406.7016888962587       4   0 1  2 1  0 0  0 0
   145  -.3210344166536085E-01   4   0 0  3 1  0 0  0 0
   146  0.6394710867544465E-01   4   2 0  0 2  0 0  0 0
   147  0.1292913745107679       4   1 1  0 2  0 0  0 0
   148  0.6610216692730711E-01   4   0 2  0 2  0 0  0 0
   149  -426.3574803973447       4   1 0  1 2  0 0  0 0
   150  -386.8311162053836       4   0 1  1 2  0 0  0 0
   151  -.4062530183281279E-01   4   0 0  2 2  0 0  0 0
   152  -135.2988206430964       4   1 0  0 3  0 0  0 0
   153  -123.3909344038383       4   0 1  0 3  0 0  0 0
   154  -.2185499513407954E-01   4   0 0  1 3  0 0  0 0
   155  -.3650380948726298E-02   4   0 0  0 4  0 0  0 0
   156  -.4085104523203549E-02   4   3 0  0 0  0 1  0 0
   157  0.2381279806260623E-01   4   2 1  0 0  0 1  0 0
   158  0.5520249633105170E-01   4   1 2  0 0  0 1  0 0
   159  0.2745999850218416E-01   4   0 3  0 0  0 1  0 0
   160   23.52643717942527       4   2 0  1 0  0 1  0 0
   161   84.26029855585782       4   1 1  1 0  0 1  0 0
   162   59.44587463265631       4   0 2  1 0  0 1  0 0
   163  0.5820161530578032E-02   4   1 0  2 0  0 1  0 0
   164  -.1066476372370976E-01   4   0 1  2 0  0 1  0 0
   165  -.4323946822774504       4   0 0  3 0  0 1  0 0
   166   42.49915278711804       4   2 0  0 1  0 1  0 0
   167   119.1416122015621       4   1 1  0 1  0 1  0 0
   168   78.27991085414604       4   0 2  0 1  0 1  0 0
   169  -.2028203507990824E-01   4   1 0  1 1  0 1  0 0
   170  -.4791514052198174E-01   4   0 1  1 1  0 1  0 0
   171   7.262354409611006       4   0 0  2 1  0 1  0 0
   172  -.2429246394745616E-01   4   1 0  0 2  0 1  0 0
   173  -.3609543481432428E-01   4   0 1  0 2  0 1  0 0
   174   15.33561353247799       4   0 0  1 2  0 1  0 0
   175   8.821649768181272       4   0 0  0 3  0 1  0 0
   176  -.4079606982060602E-02   4   3 0  0 0  0 0  1 0
   177  0.2378075192123162E-01   4   2 1  0 0  0 0  1 0
   178  0.5512820741309262E-01   4   1 2  0 0  0 0  1 0
   179  0.2742304413034474E-01   4   0 3  0 0  0 0  1 0
   180   23.49477640903180       4   2 0  1 0  0 0  1 0
   181   84.14690501711154       4   1 1  1 0  0 0  1 0
   182   59.36587517616260       4   0 2  1 0  0 0  1 0
   183  0.5812329031484897E-02   4   1 0  2 0  0 0  1 0
   184  -.1065041158730328E-01   4   0 1  2 0  0 0  1 0
   185  -.4318127858921084       4   0 0  3 0  0 0  1 0
   186   42.44195943021275       4   2 0  0 1  0 0  1 0
   187   118.9812770348106       4   1 1  0 1  0 0  1 0
   188   78.17456543932289       4   0 2  0 1  0 0  1 0
   189  -.2025474047295689E-01   4   1 0  1 1  0 0  1 0
   190  -.4785065858402959E-01   4   0 1  1 1  0 0  1 0
   191   7.252581075309442       4   0 0  2 1  0 0  1 0
   192  -.2425977229433983E-01   4   1 0  0 2  0 0  1 0
   193  -.3604685927927009E-01   4   0 1  0 2  0 0  1 0
   194   15.31497558652839       4   0 0  1 2  0 0  1 0
   195   8.809778007673193       4   0 0  0 3  0 0  1 0
   196  0.2036757756785839E-02   4   3 0  0 0  0 0  0 1
   197  0.5728179060107097E-02   4   2 1  0 0  0 0  0 1
   198  0.5418385744536957E-02   4   1 2  0 0  0 0  0 1
   199  0.1790194812974122E-02   4   0 3  0 0  0 0  0 1
   200  -89.99610522236139       4   2 0  1 0  0 0  0 1
   201  -168.3503560899795       4   1 1  1 0  0 0  0 1
   202  -78.86905279651468       4   0 2  1 0  0 0  0 1
   203  -.6843241099750508E-02   4   1 0  2 0  0 0  0 1
   204  -.6135965178888323E-02   4   0 1  2 0  0 0  0 1
   205  -3.648340369197465       4   0 0  3 0  0 0  0 1
   206  -84.90894288696173       4   2 0  0 1  0 0  0 1
   207  -161.7737061684124       4   1 1  0 1  0 0  0 1
   208  -78.19875747067282       4   0 2  0 1  0 0  0 1
   209  -.1333392275358175E-01   4   1 0  1 1  0 0  0 1
   210  -.1223417429517318E-01   4   0 1  1 1  0 0  0 1
   211  -14.52921674420217       4   0 0  2 1  0 0  0 1
   212  -.6490524535167654E-02   4   1 0  0 2  0 0  0 1
   213  -.6007050987318989E-02   4   0 1  0 2  0 0  0 1
   214  -16.13599148819716       4   0 0  1 2  0 0  0 1
   215  -6.509525560058750       4   0 0  0 3  0 0  0 1
   216  -.1014857105817384E-02   4   2 0  0 0  0 2  0 0
   217  0.5011096717767128E-03   4   1 1  0 0  0 2  0 0
   218  0.1816448350507216E-02   4   0 2  0 0  0 2  0 0
   219  -.1065107288787472       4   1 0  1 0  0 2  0 0
   220  0.2372253768523670       4   0 1  1 0  0 2  0 0
   221  -.3271365622090511E-03   4   0 0  2 0  0 2  0 0
   222  0.2953028880072016       4   1 0  0 1  0 2  0 0
   223  0.8682417723375119       4   0 1  0 1  0 2  0 0
   224  0.1476260809869221E-03   4   0 0  1 1  0 2  0 0
   225  0.1023646380984371E-02   4   0 0  0 2  0 2  0 0
   226  -.1119332049085286E-02   4   2 0  0 0  0 1  1 0
   227  0.9580780201298962E-03   4   1 1  0 0  0 1  1 0
   228  0.2895988761186616E-02   4   0 2  0 0  0 1  1 0
   229  -.7788911226838917E-01   4   1 0  1 0  0 1  1 0
   230  0.6541243682673968E-01   4   0 1  1 0  0 1  1 0
   231  -.2369962259084627E-03   4   0 0  2 0  0 1  1 0
   232  0.1227233288791166       4   1 0  0 1  0 1  1 0
   233  0.7888383207924180       4   0 1  0 1  0 1  1 0
   234  -.1554692094389306E-03   4   0 0  1 1  0 1  1 0
   235  0.1014570074473866E-02   4   0 0  0 2  0 1  1 0
   236  -.1012738186793239E-02   4   2 0  0 0  0 0  2 0
   237  0.4997906338735092E-03   4   1 1  0 0  0 0  2 0
   238  0.1812055217327566E-02   4   0 2  0 0  0 0  2 0
   239  -.1063149820112497       4   1 0  1 0  0 0  2 0
   240  0.2368621156328898       4   0 1  1 0  0 0  2 0
   241  -.3265368480652508E-03   4   0 0  2 0  0 0  2 0
   242  0.2948229056615332       4   1 0  0 1  0 0  2 0
   243  0.8665425427613830       4   0 1  0 1  0 0  2 0
   244  0.1475320243320339E-03   4   0 0  1 1  0 0  2 0
   245  0.1021586125632028E-02   4   0 0  0 2  0 0  2 0
   246  0.2357886358398832E-02   4   2 0  0 0  0 1  0 1
   247  0.2878175297130400E-03   4   1 1  0 0  0 1  0 1
   248  -.1724993557466836E-02   4   0 2  0 0  0 1  0 1
   249  0.2954251037733882       4   1 0  1 0  0 1  0 1
   250  -.1279693433985226       4   0 1  1 0  0 1  0 1
   251  0.5388160980401593E-03   4   0 0  2 0  0 1  0 1
   252  -.2421817265594480       4   1 0  0 1  0 1  0 1
   253  -.6295326522193765       4   0 1  0 1  0 1  0 1
   254  0.2581935934045607E-03   4   0 0  1 1  0 1  0 1
   255  -.5888517390334269E-03   4   0 0  0 2  0 1  0 1
   256  0.2354713226061029E-02   4   2 0  0 0  0 0  1 1
   257  0.2874301984459020E-03   4   1 1  0 0  0 0  1 1
   258  -.1722672142433334E-02   4   0 2  0 0  0 0  1 1
   259  0.2950275345916350       4   1 0  1 0  0 0  1 1
   260  -.1277971282871605       4   0 1  1 0  0 0  1 1
   261  0.5380909847289404E-03   4   0 0  2 0  0 0  1 1
   262  -.2418558098054714       4   1 0  0 1  0 0  1 1
   263  -.6286854568448628       4   0 1  0 1  0 0  1 1
   264  0.2578461286347985E-03   4   0 0  1 1  0 0  1 1
   265  -.5880592901146563E-03   4   0 0  0 2  0 0  1 1
   266  -.1566974538840573E-02   4   2 0  0 0  0 0  0 2
   267  -.2897140484926637E-02   4   1 1  0 0  0 0  0 2
   268  -.1331980029498469E-02   4   0 2  0 0  0 0  0 2
   269  -.2997354612495224       4   1 0  1 0  0 0  0 2
   270  -.2823820554530925       4   0 1  1 0  0 0  0 2
   271  -.1858148216182206E-03   4   0 0  2 0  0 0  0 2
   272  -.2277051755395015       4   1 0  0 1  0 0  0 2
   273  -.2181639832280957       4   0 1  0 1  0 0  0 2
   274  -.4854867893344682E-03   4   0 0  1 1  0 0  0 2
   275  -.2780592584867053E-03   4   0 0  0 2  0 0  0 2
   276  -.9980050972169933E-05   4   1 0  0 0  0 3  0 0
   277  -.5429235843807696E-04   4   0 1  0 0  0 3  0 0
   278  -.1424852294034017       4   0 0  1 0  0 3  0 0
   279  0.5540982625752502       4   0 0  0 1  0 3  0 0
   280  -.7694807979094107E-05   4   1 0  0 0  0 2  1 0
   281  -.4334118628926857E-04   4   0 1  0 0  0 2  1 0
   282  -.7480580746050360E-01   4   0 0  1 0  0 2  1 0
   283  0.1813642934082611       4   0 0  0 1  0 2  1 0
   284  -.7699393926005815E-05   4   1 0  0 0  0 1  2 0
   285  -.4336314515699096E-04   4   0 1  0 0  0 1  2 0
   286  -.7494204005316735E-01   4   0 0  1 0  0 1  2 0
   287  0.1821151998721569       4   0 0  0 1  0 1  2 0
   288  -.9954734273825844E-05   4   1 0  0 0  0 0  3 0
   289  -.5415363834191483E-04   4   0 1  0 0  0 0  3 0
   290  -.1421473373905396       4   0 0  1 0  0 0  3 0
   291  0.5528578727290819       4   0 0  0 1  0 0  3 0
   292  0.1616240167134600E-04   4   1 0  0 0  0 2  0 1
   293  0.7656824793238657E-04   4   0 1  0 0  0 2  0 1
   294  0.3259227657886475       4   0 0  1 0  0 2  0 1
   295  -.3624758221937239       4   0 0  0 1  0 2  0 1
   296  0.1421519085167932E-04   4   1 0  0 0  0 1  1 1
   297  0.6885255481676427E-04   4   0 1  0 0  0 1  1 1
   298  0.1909292727709082       4   0 0  1 0  0 1  1 1
   299  -.1102615259924396E-02   4   0 0  0 1  0 1  1 1
   300  0.1613108600589397E-04   4   1 0  0 0  0 0  2 1
   301  0.7641887673126867E-04   4   0 1  0 0  0 0  2 1
   302  0.3253556824821024       4   0 0  1 0  0 0  2 1
   303  -.3619872773912828       4   0 0  0 1  0 0  2 1
   304  -.6652956906792735E-05   4   1 0  0 0  0 1  0 2
   305  -.1599999562632898E-04   4   0 1  0 0  0 1  0 2
   306  -.1907482261007749       4   0 0  1 0  0 1  0 2
   307  -.3617974199944299       4   0 0  0 1  0 1  0 2
   308  -.6644003670930264E-05   4   1 0  0 0  0 0  1 2
   309  -.1597846358626840E-04   4   0 1  0 0  0 0  1 2
   310  -.1904915261277411       4   0 0  1 0  0 0  1 2
   311  -.3613105300775236       4   0 0  0 1  0 0  1 2
   312  0.1981901879941152E-05   4   1 0  0 0  0 0  0 3
   313  0.1616564692375283E-05   4   0 1  0 0  0 0  0 3
   314  -.2658731472826113E-01   4   0 0  1 0  0 0  0 3
   315  -.2175100031653743E-01   4   0 0  0 1  0 0  0 3
   316  -.1167149584656609E-04   4   0 0  0 0  0 4  0 0
   317  -.5349383274315073E-05   4   0 0  0 0  0 3  1 0
   318  -.4515804361336168E-05   4   0 0  0 0  0 2  2 0
   319  -.5367473948485455E-05   4   0 0  0 0  0 1  3 0
   320  -.1163649994778974E-04   4   0 0  0 0  0 0  4 0
   321  0.1166111145510886E-04   4   0 0  0 0  0 3  0 1
   322  0.4566773093712903E-05   4   0 0  0 0  0 2  1 1
   323  0.4581062254748484E-05   4   0 0  0 0  0 1  2 1
   324  0.1163450326930508E-04   4   0 0  0 0  0 0  3 1
   325  0.1898903925675815E-05   4   0 0  0 0  0 2  0 2
   326  0.2243026752679239E-05   4   0 0  0 0  0 1  1 2
   327  0.1894839190418109E-05   4   0 0  0 0  0 0  2 2
   328  0.2956904977136680E-07   4   0 0  0 0  0 1  0 3
   329  0.2952925713772555E-07   4   0 0  0 0  0 0  1 3
   330  -.1374484394636275E-12   4   0 0  0 0  0 0  0 4
   ----------------------------------------------------
     I  COEFFICIENT            ORDER EXPONENTS
     1  0.6540388477379147E-08   0   0 0  0 0  0 0  0 0
     2  -.9539728285402838E-05   1   1 0  0 0  0 0  0 0
     3  -.1028872913686651E-04   1   0 1  0 0  0 0  0 0
     4  0.6573625894707802E-04   1   0 0  1 0  0 0  0 0
     5  0.3148546493991443E-04   1   0 0  0 1  0 0  0 0
     6   1.000000000000000       1   0 0  0 0  1 0  0 0
     7  0.2859789938526503       1   0 0  0 0  0 1  0 0
     8  -.2859789886170568       1   0 0  0 0  0 0  1 0
     9  -.5235601050702800E-08   1   0 0  0 0  0 0  0 1
    10  -.6117132465382871       2   2 0  0 0  0 0  0 0
    11  -1.507224308870848       2   1 1  0 0  0 0  0 0
    12  -1.141983582882965       2   0 2  0 0  0 0  0 0
    13  -.3650086054696873E-04   2   1 0  1 0  0 0  0 0
    14  -.4496008561325653E-04   2   0 1  1 0  0 0  0 0
    15  -.3755249013506092       2   0 0  2 0  0 0  0 0
    16  -.4546082306902621E-04   2   1 0  0 1  0 0  0 0
    17  -.5158017415719492E-04   2   0 1  0 1  0 0  0 0
    18  -.3527767736420067       2   0 0  1 1  0 0  0 0
    19  -.3010530143459393       2   0 0  0 2  0 0  0 0
    20  0.1396920816344663E-04   2   1 0  0 0  0 1  0 0
    21  0.1912954218504415E-04   2   0 1  0 0  0 1  0 0
    22  -.9071931157028415E-04   2   0 0  1 0  0 1  0 0
    23  -.7172848368521203E-04   2   0 0  0 1  0 1  0 0
    24  0.4436365040429265E-05   2   1 0  0 0  0 0  1 0
    25  0.8842781637151990E-05   2   0 1  0 0  0 0  1 0
    26  -.2503780030429493E-04   2   0 0  1 0  0 0  1 0
    27  -.4023119605498308E-04   2   0 0  0 1  0 0  1 0
    28  -.1840566891817398E-04   2   1 0  0 0  0 0  0 1
    29  -.1768374350915207E-04   2   0 1  0 0  0 0  0 1
    30  0.1157571540212103E-03   2   0 0  1 0  0 0  0 1
    31  0.8047425587620705E-04   2   0 0  0 1  0 0  0 1
    32  -.2146286656840865       2   0 0  0 0  0 2  0 0
    33  0.1432783306091207       2   0 0  0 0  0 1  1 0
    34  0.7135032816603375E-01   2   0 0  0 0  0 0  2 0
    35  0.6906672779358361E-08   2   0 0  0 0  0 1  0 1
    36  0.1675937790124944E-08   2   0 0  0 0  0 0  1 1
    37  -.1673581611656029E-08   2   0 0  0 0  0 0  0 2
    38  0.3349773637114806       3   3 0  0 0  0 0  0 0
    39   1.012530877555685       3   2 1  0 0  0 0  0 0
    40   1.008387376216816       3   1 2  0 0  0 0  0 0
    41  0.3320050575859580       3   0 3  0 0  0 0  0 0
    42  0.2105750806687661E-02   3   2 0  1 0  0 0  0 0
    43  0.4288711615665028E-02   3   1 1  1 0  0 0  0 0
    44  0.2490275309571470E-02   3   0 2  1 0  0 0  0 0
    45  0.1111196286959313       3   1 0  2 0  0 0  0 0
    46  0.2793681543307709E-01   3   0 1  2 0  0 0  0 0
    47  0.8244555537436048E-03   3   0 0  3 0  0 0  0 0
    48  0.1477406657204297E-02   3   2 0  0 1  0 0  0 0
    49  0.2944231867246504E-02   3   1 1  0 1  0 0  0 0
    50  0.1728275442404988E-02   3   0 2  0 1  0 0  0 0
    51  0.7303717963034195E-01   3   1 0  1 1  0 0  0 0
    52  -.5911983151278525E-01   3   0 1  1 1  0 0  0 0
    53  0.2035216838626231E-02   3   0 0  2 1  0 0  0 0
    54  -.2802496011029497E-01   3   1 0  0 2  0 0  0 0
    55  -.8042553057445564E-01   3   0 1  0 2  0 0  0 0
    56  0.1729948672986833E-02   3   0 0  1 2  0 0  0 0
    57  0.5132411217479352E-03   3   0 0  0 3  0 0  0 0
    58  0.9903453867783886       3   2 0  0 0  0 1  0 0
    59   2.957566670453726       3   1 1  0 0  0 1  0 0
    60   2.459789008610777       3   0 2  0 0  0 1  0 0
    61  0.5513952362534462E-04   3   1 0  1 0  0 1  0 0
    62  0.8463013120133477E-04   3   0 1  1 0  0 1  0 0
    63  0.5162943978882821       3   0 0  2 0  0 1  0 0
    64  0.8630520123741034E-04   3   1 0  0 1  0 1  0 0
    65  0.1199575446813737E-03   3   0 1  0 1  0 1  0 0
    66  0.8068380186305564       3   0 0  1 1  0 1  0 0
    67  0.5936330640373264       3   0 0  0 2  0 1  0 0
    68  0.3789451620394340       3   2 0  0 0  0 0  1 0
    69   1.450417166457018       3   1 1  0 0  0 0  1 0
    70   1.317567309597245       3   0 2  0 0  0 0  1 0
    71  0.1857853319878039E-04   3   1 0  1 0  0 0  1 0
    72  0.3949248951043517E-04   3   0 1  1 0  0 0  1 0
    73  0.1410849370835919       3   0 0  2 0  0 0  1 0
    74  0.4075736555764949E-04   3   1 0  0 1  0 0  1 0
    75  0.6817676934034586E-04   3   0 1  0 1  0 0  1 0
    76  0.4539246075199718       3   0 0  1 1  0 0  1 0
    77  0.2925910342499463       3   0 0  0 2  0 0  1 0
    78  -1.369291580676109       3   2 0  0 0  0 0  0 1
    79  -2.900762048823681       3   1 1  0 0  0 0  0 1
    80  -1.493390802901251       3   0 2  0 0  0 0  0 1
    81  -.7355853837481187E-04   3   1 0  1 0  0 0  0 1
    82  -.7879862860052782E-04   3   0 1  1 0  0 0  0 1
    83  -.6573796730405712       3   0 0  2 0  0 0  0 1
    84  -.8138239815669601E-04   3   1 0  0 1  0 0  0 1
    85  -.8456147990126953E-04   3   0 1  0 1  0 0  0 1
    86  -.9079863396526497       3   0 0  1 1  0 0  0 1
    87  -.2841182874430918       3   0 0  0 2  0 0  0 1
    88  -.1703660605245322E-04   3   1 0  0 0  0 2  0 0
    89  -.2734899695344928E-04   3   0 1  0 0  0 2  0 0
    90  0.1059604784570580E-03   3   0 0  1 0  0 2  0 0
    91  0.1110317513048182E-03   3   0 0  0 1  0 2  0 0
    92  -.6138220698070927E-05   3   1 0  0 0  0 1  1 0
    93  -.1644086806987540E-04   3   0 1  0 0  0 1  1 0
    94  0.3051575466005359E-04   3   0 0  1 0  0 1  1 0
    95  0.7861563233554935E-04   3   0 0  0 1  0 1  1 0
    96  -.3074353174485372E-05   3   1 0  0 0  0 0  2 0
    97  -.8222212004319118E-05   3   0 1  0 0  0 0  2 0
    98  0.1529827267741429E-04   3   0 0  1 0  0 0  2 0
    99  0.3930307724993215E-04   3   0 0  0 1  0 0  2 0
   100  0.2623970999904058E-04   3   1 0  0 0  0 1  0 1
   101  0.3287770043688270E-04   3   0 1  0 0  0 1  0 1
   102  -.1517248979371046E-03   3   0 0  1 0  0 1  0 1
   103  -.1572300420978843E-03   3   0 0  0 1  0 1  0 1
   104  0.7848111530873440E-05   3   1 0  0 0  0 0  1 1
   105  0.1519733961729310E-04   3   0 1  0 0  0 0  1 1
   106  -.3607702369272953E-04   3   0 0  1 0  0 0  1 1
   107  -.7676246387629116E-04   3   0 0  0 1  0 0  1 1
   108  -.7840600814340814E-05   3   1 0  0 0  0 0  0 2
   109  -.6353483232413516E-05   3   0 1  0 0  0 0  0 2
   110  0.3602439997384334E-04   3   0 0  1 0  0 0  0 2
   111  0.3652390438937319E-04   3   0 0  0 1  0 0  0 2
   112  0.1788813516791699       3   0 0  0 0  0 3  0 0
   113  -.1073867932119762       3   0 0  0 0  0 2  1 0
   114  -.3589155594197433E-01   3   0 0  0 0  0 1  2 0
   115  -.3560303964804962E-01   3   0 0  0 0  0 0  3 0
   116  -.5678130206816167E-08   3   0 0  0 0  0 2  0 1
   117  0.6081931965165762E-09   3   0 0  0 0  0 1  1 1
   118  0.2996512319224560E-09   3   0 0  0 0  0 0  2 1
   119  0.4313257853511829E-09   3   0 0  0 0  0 1  0 2
   120  -.2941403179547047E-09   3   0 0  0 0  0 0  1 2
   121  0.3758868314839034E-09   3   0 0  0 0  0 0  0 3
   122  -7.402013573983499       4   4 0  0 0  0 0  0 0
   123  -35.46454792565959       4   3 1  0 0  0 0  0 0
   124  -63.39317357276842       4   2 2  0 0  0 0  0 0
   125  -50.54264645920772       4   1 3  0 0  0 0  0 0
   126  -15.53146029401894       4   0 4  0 0  0 0  0 0
   127  0.3893873010857338E-02   4   3 0  1 0  0 0  0 0
   128  0.1276998082390269E-01   4   2 1  1 0  0 0  0 0
   129  0.1323801620989305E-01   4   1 2  1 0  0 0  0 0
   130  0.4377726925604472E-02   4   0 3  1 0  0 0  0 0
   131  -14.30955761672376       4   2 0  2 0  0 0  0 0
   132  -29.45055066441936       4   1 1  2 0  0 0  0 0
   133  -16.60824942315426       4   0 2  2 0  0 0  0 0
   134  0.5293826006200751E-02   4   1 0  3 0  0 0  0 0
   135  0.3832741291449371E-02   4   0 1  3 0  0 0  0 0
   136  -2.821085272445726       4   0 0  4 0  0 0  0 0
   137  0.5022753429172048E-02   4   3 0  0 1  0 0  0 0
   138  0.1583404715151902E-01   4   2 1  0 1  0 0  0 0
   139  0.1607851953799156E-01   4   1 2  0 1  0 0  0 0
   140  0.5267441968846855E-02   4   0 3  0 1  0 0  0 0
   141  -19.74912426388935       4   2 0  1 1  0 0  0 0
   142  -39.34575945068626       4   1 1  1 1  0 0  0 0
   143  -22.16146830365069       4   0 2  1 1  0 0  0 0
   144  0.1331609226277075E-01   4   1 0  2 1  0 0  0 0
   145  0.9573830958559208E-02   4   0 1  2 1  0 0  0 0
   146  -8.756152469512191       4   0 0  3 1  0 0  0 0
   147  -6.762229248512986       4   2 0  0 2  0 0  0 0
   148  -13.85282768388815       4   1 1  0 2  0 0  0 0
   149  -8.549747559984430       4   0 2  0 2  0 0  0 0
   150  0.1105640432389393E-01   4   1 0  1 2  0 0  0 0
   151  0.7813618253120446E-02   4   0 1  1 2  0 0  0 0
   152  -10.49602322032750       4   0 0  2 2  0 0  0 0
   153  0.2952256769192935E-02   4   1 0  0 3  0 0  0 0
   154  0.1992956247415972E-02   4   0 1  0 3  0 0  0 0
   155  -5.888261588560513       4   0 0  1 3  0 0  0 0
   156  -1.393736525151209       4   0 0  0 4  0 0  0 0
   157  -.5872607949032683       4   3 0  0 0  0 1  0 0
   158  -2.218967305246808       4   2 1  0 0  0 1  0 0
   159  -2.665319530759715       4   1 2  0 0  0 1  0 0
   160  -1.030693385014576       4   0 3  0 0  0 1  0 0
   161  -.1543459093371906E-02   4   2 0  1 0  0 1  0 0
   162  -.5664912285244164E-02   4   1 1  1 0  0 1  0 0
   163  -.4489682093050279E-02   4   0 2  1 0  0 1  0 0
   164  -.1191543912176708       4   1 0  2 0  0 1  0 0
   165  -.5288712157811060E-01   4   0 1  2 0  0 1  0 0
   166  -.1032007460845145E-02   4   0 0  3 0  0 1  0 0
   167  -.1283370997063489E-02   4   2 0  0 1  0 1  0 0
   168  -.4184777698311623E-02   4   1 1  0 1  0 1  0 0
   169  -.3333264098285433E-02   4   0 2  0 1  0 1  0 0
   170  -.1461174470686286       4   1 0  1 1  0 1  0 0
   171  0.7757604666379946E-01   4   0 1  1 1  0 1  0 0
   172  -.3278290114510052E-02   4   0 0  2 1  0 1  0 0
   173  0.3158140071001202E-01   4   1 0  0 2  0 1  0 0
   174  0.1748782863360828       4   0 1  0 2  0 1  0 0
   175  -.3470864177994742E-02   4   0 0  1 2  0 1  0 0
   176  -.1274980521004677E-02   4   0 0  0 3  0 1  0 0
   177  -.2497219174546282       4   3 0  0 0  0 0  1 0
   178  -1.197018026536950       4   2 1  0 0  0 0  1 0
   179  -1.645718706456762       4   1 2  0 0  0 0  1 0
   180  -.6942797889214805       4   0 3  0 0  0 0  1 0
   181  -.1002042510558491E-02   4   2 0  1 0  0 0  1 0
   182  -.4340484986268755E-02   4   1 1  1 0  0 0  1 0
   183  -.3545499698411776E-02   4   0 2  1 0  0 0  1 0
   184  -.7522161592563942E-02   4   1 0  2 0  0 0  1 0
   185  -.2356013337611815E-01   4   0 1  2 0  0 0  1 0
   186  -.5546613724031653E-03   4   0 0  3 0  0 0  1 0
   187  -.1172238766695029E-02   4   2 0  0 1  0 0  1 0
   188  -.3883150870585259E-02   4   1 1  0 1  0 0  1 0
   189  -.3001430373003909E-02   4   0 2  0 1  0 0  1 0
   190  -.7213873303824582E-01   4   1 0  1 1  0 0  1 0
   191  0.2056335052773092E-01   4   0 1  1 1  0 0  1 0
   192  -.2189584289360387E-02   4   0 0  2 1  0 0  1 0
   193  0.4061953552305068E-02   4   1 0  0 2  0 0  1 0
   194  0.9536116936896404E-01   4   0 1  0 2  0 0  1 0
   195  -.2563384849981111E-02   4   0 0  1 2  0 0  1 0
   196  -.9905935978770514E-03   4   0 0  0 3  0 0  1 0
   197  0.8334083874641242       4   3 0  0 0  0 0  0 1
   198   2.388564786066136       4   2 1  0 0  0 0  0 1
   199   2.274564807623664       4   1 2  0 0  0 0  0 1
   200  0.7203299922832976       4   0 3  0 0  0 0  0 1
   201  0.2805473307351447E-02   4   2 0  1 0  0 0  0 1
   202  0.6603143885262110E-02   4   1 1  1 0  0 0  0 1
   203  0.3934454682028828E-02   4   0 2  1 0  0 0  0 1
   204  0.1255310456666142       4   1 0  2 0  0 0  0 1
   205  0.4575600752846533E-01   4   0 1  2 0  0 0  0 1
   206  0.1622024366455303E-02   4   0 0  3 0  0 0  0 1
   207  0.1260068151731185E-02   4   2 0  0 1  0 0  0 1
   208  0.3265957839720682E-02   4   1 1  0 1  0 0  0 1
   209  0.2182924103796249E-02   4   0 2  0 1  0 0  0 1
   210  0.1434680812525856       4   1 0  1 1  0 0  0 1
   211  0.1605110688818594E-01   4   0 1  1 1  0 0  0 1
   212  0.3683613601790692E-02   4   0 0  2 1  0 0  0 1
   213  0.1933860125430964E-01   4   1 0  0 2  0 0  0 1
   214  -.3104459093980112E-01   4   0 1  0 2  0 0  0 1
   215  0.2800766626160142E-02   4   0 0  1 2  0 0  0 1
   216  0.7718088979074599E-03   4   0 0  0 3  0 0  0 1
   217  -1.314813019764655       4   2 0  0 0  0 2  0 0
   218  -4.464403247810130       4   1 1  0 0  0 2  0 0
   219  -4.011943387539112       4   0 2  0 0  0 2  0 0
   220  -.6647352175790736E-04   4   1 0  1 0  0 2  0 0
   221  -.1320264249853694E-03   4   0 1  1 0  0 2  0 0
   222  -.6011428109898943       4   0 0  2 0  0 2  0 0
   223  -.1370352285914149E-03   4   1 0  0 1  0 2  0 0
   224  -.2217115646443290E-03   4   0 1  0 1  0 2  0 0
   225  -1.248988056198379       4   0 0  1 1  0 2  0 0
   226  -.9350404055808081       4   0 0  0 2  0 2  0 0
   227  -.6490044581094861       4   2 0  0 0  0 1  1 0
   228  -3.013378851807488       4   1 1  0 0  0 1  1 0
   229  -3.103611093454693       4   0 2  0 0  0 1  1 0
   230  -.2786713470917916E-04   4   1 0  1 0  0 1  1 0
   231  -.8018407025107307E-04   4   0 1  1 0  0 1  1 0
   232  -.1698887341469174       4   0 0  2 0  0 1  1 0
   233  -.8485893798387275E-04   4   1 0  0 1  0 1  1 0
   234  -.1709979918299858E-03   4   0 1  0 1  0 1  1 0
   235  -.8844053681418367       4   0 0  1 1  0 1  1 0
   236  -.6827175120808747       4   0 0  0 2  0 1  1 0
   237  -.3247306864118109       4   2 0  0 0  0 0  2 0
   238  -1.506648084391299       4   1 1  0 0  0 0  2 0
   239  -1.551369111796993       4   0 2  0 0  0 0  2 0
   240  -.1408147334010380E-04   4   1 0  1 0  0 0  2 0
   241  -.4022638246570671E-04   4   0 1  1 0  0 0  2 0
   242  -.8517680700244368E-01   4   0 0  2 0  0 0  2 0
   243  -.4253894990039751E-04   4   1 0  0 1  0 0  2 0
   244  -.8554821766828304E-04   4   0 1  0 1  0 0  2 0
   245  -.4421493373092714       4   0 0  1 1  0 0  2 0
   246  -.3412980347497186       4   0 0  0 2  0 0  2 0
   247   2.288188876516777       4   2 0  0 0  0 1  0 1
   248   6.026860909155965       4   1 1  0 0  0 1  0 1
   249   3.748034961693664       4   0 2  0 0  0 1  0 1
   250  0.9672611821245534E-04   4   1 0  1 0  0 1  0 1
   251  0.1467447467284211E-03   4   0 1  1 0  0 1  0 1
   252  0.8559176450409640       4   0 0  2 0  0 1  0 1
   253  0.1549682130017112E-03   4   1 0  0 1  0 1  0 1
   254  0.2056530203948714E-03   4   0 1  0 1  0 1  0 1
   255   1.768781592703251       4   0 0  1 1  0 1  0 1
   256  0.7719388315548528       4   0 0  0 2  0 1  0 1
   257  0.9194764448137097       4   2 0  0 0  0 0  1 1
   258   3.125747377092141       4   1 1  0 0  0 0  1 1
   259   2.253597972038464       4   0 2  0 0  0 0  1 1
   260  0.3485346752412784E-04   4   1 0  1 0  0 0  1 1
   261  0.7242367605518097E-04   4   0 1  1 0  0 0  1 1
   262  0.1991676048203338       4   0 0  2 0  0 0  1 1
   263  0.7757672331913091E-04   4   1 0  0 1  0 0  1 1
   264  0.1196106929390863E-03   4   0 1  0 1  0 0  1 1
   265  0.8608795878019873       4   0 0  1 1  0 0  1 1
   266  0.4875555240216876       4   0 0  0 2  0 0  1 1
   267  -.9191495440403830       4   2 0  0 0  0 0  0 2
   268  -1.675472609195659       4   1 1  0 0  0 0  0 2
   269  -.7606976947194345       4   0 2  0 0  0 0  0 2
   270  -.3164779338282252E-04   4   1 0  1 0  0 0  0 2
   271  -.2762759809946448E-04   4   0 1  1 0  0 0  0 2
   272  -.1988644003715730       4   0 0  2 0  0 0  0 2
   273  -.3078781789761555E-04   4   1 0  0 1  0 0  0 2
   274  -.2702905003393705E-04   4   0 1  0 1  0 0  0 2
   275  -.4068652411777572       4   0 0  1 1  0 0  0 2
   276  -.2035795778360731       4   0 0  0 2  0 0  0 2
   277  -.1907105454204143E-03   4   1 0  0 0  0 3  0 0
   278  -.2631548786468763E-03   4   0 1  0 0  0 3  0 0
   279  -.9968410117344823E-04   4   0 0  1 0  0 3  0 0
   280  -.1342934589806630E-03   4   0 0  0 1  0 3  0 0
   281  -.1058319593028948E-03   4   1 0  0 0  0 2  1 0
   282  -.1377701926797268E-03   4   0 1  0 0  0 2  1 0
   283  -.2357759526673147E-04   4   0 0  1 0  0 2  1 0
   284  -.1049316123848392E-03   4   0 0  0 1  0 2  1 0
   285  -.6744059944775523E-04   4   1 0  0 0  0 1  2 0
   286  -.8701311168361894E-04   4   0 1  0 0  0 1  2 0
   287  -.1148091658271220E-04   4   0 0  1 0  0 1  2 0
   288  -.6839172097298104E-04   4   0 0  0 1  0 1  2 0
   289  -.3531221108260940E-04   4   1 0  0 0  0 0  3 0
   290  -.4597942114460200E-04   4   0 1  0 0  0 0  3 0
   291  -.7908217746454222E-05   4   0 0  1 0  0 0  3 0
   292  -.3497510718755904E-04   4   0 0  0 1  0 0  3 0
   293  0.1669297790154431E-03   4   1 0  0 0  0 2  0 1
   294  0.1316041991541876E-03   4   0 1  0 0  0 2  0 1
   295  0.1065004325606854E-03   4   0 0  1 0  0 2  0 1
   296  0.1926493565269498E-03   4   0 0  0 1  0 2  0 1
   297  0.9745054693613516E-04   4   1 0  0 0  0 1  1 1
   298  0.7601228623944872E-04   4   0 1  0 0  0 1  1 1
   299  0.1250508383545664E-04   4   0 0  1 0  0 1  1 1
   300  0.1210442863785177E-03   4   0 0  0 1  0 1  1 1
   301  0.4873882915744871E-04   4   1 0  0 0  0 0  2 1
   302  0.3801759301090153E-04   4   0 1  0 0  0 0  2 1
   303  0.6311746090558585E-05   4   0 0  1 0  0 0  2 1
   304  0.6053008669363914E-04   4   0 0  0 1  0 0  2 1
   305  -.1985249216419801E-05   4   1 0  0 0  0 1  0 2
   306  0.2068598419449472E-05   4   0 1  0 0  0 1  0 2
   307  -.3334644274003853E-05   4   0 0  1 0  0 1  0 2
   308  -.2456861412108547E-04   4   0 0  0 1  0 1  0 2
   309  -.7477255683689551E-05   4   1 0  0 0  0 0  1 2
   310  -.2939597786991091E-05   4   0 1  0 0  0 0  1 2
   311  0.8743625520542025E-05   4   0 0  1 0  0 0  1 2
   312  -.1033282704769950E-04   4   0 0  0 1  0 0  1 2
   313  0.2773207018854071E-06   4   1 0  0 0  0 0  0 3
   314  0.3726025677196037E-06   4   0 1  0 0  0 0  0 3
   315  -.8332309954318773E-05   4   0 0  1 0  0 0  0 3
   316  -.7634836838517209E-05   4   0 0  0 1  0 0  0 3
   317  -.1565302535384705       4   0 0  0 0  0 4  0 0
   318  0.8947684221210626E-01   4   0 0  0 0  0 3  1 0
   319  0.2686485388637072E-01   4   0 0  0 0  0 2  2 0
   320  0.1798162617302974E-01   4   0 0  0 0  0 1  3 0
   321  0.2220686142624361E-01   4   0 0  0 0  0 0  4 0
   322  0.7734483751897228E-08   4   0 0  0 0  0 3  0 1
   323  0.3816629920791470E-08   4   0 0  0 0  0 2  1 1
   324  0.3077819597026008E-08   4   0 0  0 0  0 1  2 1
   325  0.1016052776564933E-08   4   0 0  0 0  0 0  3 1
   326  -.3257111808038741E-09   4   0 0  0 0  0 2  0 2
   327  0.5003535134609173E-09   4   0 0  0 0  0 1  1 2
   328  0.1993820750484426E-09   4   0 0  0 0  0 0  2 2
   329  -.6773833024628215E-09   4   0 0  0 0  0 1  0 3
   330  -.3015959012700467E-09   4   0 0  0 0  0 0  1 3
   331  -.5378563107254982E-10   4   0 0  0 0  0 0  0 4
   ----------------------------------------------------
     I  COEFFICIENT            ORDER EXPONENTS
     1   1.000000000000000       1   0 0  0 0  0 1  0 0
     --------------------------------------------------
     I  COEFFICIENT            ORDER EXPONENTS
     1   1.000000000000000       1   0 0  0 0  0 0  1 0
     --------------------------------------------------
     I  COEFFICIENT            ORDER EXPONENTS
     1   1.000000000000000       1   0 0  0 0  0 0  0 1
     --------------------------------------------------
